#OTU ID,B005.0,B005.1,B005.2,B005.3,B005.4,B005.5,B005.6,B014.0,B014.1,B014.2,B014.3,B014.4,B014.5,B014.6,B029.0,B029.1,B029.2,B029.3,B029.4,B029.5,B029.6,B043.0,B043.1,B043.2,B043.3,B043.4,B043.5,B043.6,B044.0,B044.1,B044.2,B044.3,B044.4,B044.5,B044.6,B061.0,B061.1,B061.2,B061.3,B061.4,B061.5,B061.6,B063.0,B063.1,B063.2,B063.3,B063.4,B063.5,B063.6,B069.0,B069.1,B069.2,B069.3,B069.4,B069.5,B069.6,B103.0,B103.1,B103.2,B103.3,B103.4,B103.5,B103.6,B109.0,B109.1,B109.2,B109.3,B109.4,B109.5,B109.6,B122.0,B122.1,B122.2,B122.3,B122.4,B122.5,B122.6,B123.0,B123.1,B123.2,B123.3,B123.4,B123.5,B123.6,B125.0,B125.1,B125.2,B125.3,B125.4,B125.5,B125.6,B148.0,B148.1,B148.2,B148.3,B148.4,B148.5,B148.6,B151.0,B151.1,B151.2,B151.3,B151.4,B151.5,B151.6,B165.0,B165.1,B165.2,B165.3,B165.4,B165.5,B165.6,B168.0,B168.1,B168.2,B168.3,B168.4,B168.5,B168.6,B177.0,B177.1,B177.2,B177.3,B177.4,B177.5,B177.6,B185.0,B185.1,B185.2,B185.3,B185.4,B185.5,B185.6,B193.0,B193.1,B193.2,B193.3,B193.4,B193.5,B193.6,B198.0,B198.1,B198.2,B198.3,B198.4,B198.5,B198.6,B211.0,B211.1,B211.2,B211.3,B211.4,B211.5,B211.6,B221.0,B221.1,B221.2,B221.3,B221.4,B221.5,B221.6,B224.0,B224.1,B224.2,B224.3,B224.4,B224.5,B224.6,B228.0,B228.1,B228.2,B228.3,B228.4,B228.5,B228.6,B236.0,B236.1,B236.2,B236.3,B236.4,B236.5,B236.6,B272.0,B272.1,B272.2,B272.3,B272.4,B272.5,B272.6,B287.0,B287.1,B287.2,B287.3,B287.4,B287.5,B287.6,B291.0,B291.1,B291.2,B291.3,B291.4,B291.5,B291.6,B295.0,B295.1,B295.2,B295.3,B295.4,B295.5,B295.6,B301.0,B301.1,B301.2,B301.3,B301.4,B301.5,B301.6,B325.0,B325.1,B325.2,B325.3,B325.4,B325.5,B325.6,B327.0,B327.1,B327.2,B327.3,B327.4,B327.5,B327.6,B334.0,B334.1,B334.2,B334.3,B334.4,B334.5,B334.6,B336.0,B336.1,B336.2,B336.3,B336.4,B336.5,B336.6,B358.0,B358.1,B358.2,B358.3,B358.4,B358.5,B358.6,B363.0,B363.1,B363.2,B363.3,B363.4,B363.5,B363.6,B364.0,B364.1,B364.2,B364.3,B364.4,B364.5,B364.6,B375.0,B375.1,B375.2,B375.3,B375.4,B375.5,B375.6,B379.0,B379.1,B379.2,B379.3,B379.4,B379.5,B379.6,B400.0,B400.1,B400.2,B400.3,B400.4,B400.5,B400.6,B426.0,B426.1,B426.2,B426.3,B426.4,B426.5,B426.6,B438.0,B438.1,B438.2,B438.3,B438.4,B438.5,B438.6,B440.0,B440.1,B440.2,B440.3,B440.4,B440.5,B440.6,B461.0,B461.1,B461.2,B461.3,B461.4,B461.5,B461.6,B511.0,B511.1,B511.2,B511.3,B511.4,B511.5,B511.6,B522.0,B522.1,B522.2,B522.3,B522.4,B522.5,B522.6,B562.0,B562.1,B562.2,B562.3,B562.4,B562.5,B562.6,B576.0,B576.1,B576.2,B576.3,B576.4,B576.5,B576.6,B634.0,B634.1,B634.2,B634.3,B634.4,B634.5,B634.6,B640.0,B640.1,B640.2,B640.3,B640.4,B640.5,B640.6,B651.0,B651.1,B651.2,B651.3,B651.4,B651.5,B651.6,B688.0,B688.1,B688.2,B688.3,B688.4,B688.5,B688.6,B782.0,B782.1,B782.2,B782.3,B782.4,B782.5,B782.6,B809.0,B809.1,B809.2,B809.3,B809.4,B809.5,B809.6,B819.0,B819.1,B819.2,B819.3,B819.4,B819.5,B819.6,B836.0,B836.1,B836.2,B836.3,B836.4,B836.5,B836.6,B853.0,B853.1,B853.2,B853.3,B853.4,B853.5,B853.6,B900.0,B900.1,B900.2,B900.3,B900.4,B900.5,B900.6,B917.0,B917.1,B917.2,B917.3,B917.4,B917.5,B917.6,B928.0,B928.1,B928.2,B928.3,B928.4,B928.5,B928.6,B941.0,B941.1,B941.2,B941.3,B941.4,B941.5,B941.6,B957.0,B957.1,B957.2,B957.3,B957.4,B957.5,B957.6,B972.0,B972.1,B972.2,B972.3,B972.4,B972.5,B972.6,B991.0,B991.1,B991.2,B991.3,B991.4,B991.5,B991.6
k__Bacteria|p__Firmicutes|c__Tissierellia|o__Tissierellia_unclassified|f__Tissierellia_unclassified|g__Ezakiella|s__Ezakiella_SGB6726,0.0,0.0010614003,0.0010477783,0.0010404171,0.0010514387,0.0010574444,0.001069379,0.0,0.0010614004,0.0010477783,0.0010404171,0.0010514387,0.0010574444,0.0010693787,0.0,0.0,0.001047784,0.0010317607,0.0010222909,0.0010328342,0.0011082565,0.001073052,0.0,0.0010477783,0.0010317566,0.0010222908,0.0010328342,0.0011082558,0.0,0.0,0.0010477783,0.0010317566,0.0010222908,0.0010328342,0.0011082558,0.0010730347,0.0010614003,0.0010477783,0.0010404171,0.0010514387,0.0010574444,0.0010693787,0.0,0.0010614005,0.0010477785,0.0010404171,0.0010514387,0.0010574444,0.00106938,0.001073035,0.0010614003,0.0010477783,0.0010404171,0.0010514387,0.0010574444,0.0010693788,0.0,0.0010614005,0.0010477788,0.0010404171,0.0010514387,0.0010574444,0.0010693793,0.0,0.0010614004,0.0010477783,0.0010404171,0.0010514387,0.0010574444,0.0010693787,0.0,0.0010614004,0.0,0.0010317566,0.0010128316,0.0010687554,0.0010801447,0.0,0.0010614003,0.0010477783,0.001040417,0.0010514387,0.0010574444,0.0010693797,0.0,0.0,0.0,0.0010317566,0.0010128316,0.0010687554,0.0010912493,0.0010730407,0.0010614004,0.0,0.0010317566,0.0010128316,0.0010687554,0.0010801498,0.0010730688,0.0,0.0,0.0010317569,0.0010128316,0.0010687554,0.001091249,0.0010730466,0.0,0.0010477783,0.0,0.0010614003,0.0010477783,0.0010687553,0.0010730363,0.0,0.0,0.0010317566,0.0010128316,0.0010687554,0.0010912472,0.0,0.0010614007,0.0,0.0010317566,0.0010128316,0.0010687554,0.001080143,0.0,0.0,0.0010477791,0.0010614004,0.0,0.0010317566,0.0010614006,0.001073045,0.0010614002,0.0,0.0010317568,0.0010128316,0.0010687554,0.0010801429,0.0,0.0,0.0010477785,0.0010317566,0.0010222908,0.0010328342,0.0011082558,0.0,0.0,0.0010477783,0.0,0.0010614003,0.0010477783,0.0010687553,0.0,0.0010614021,0.0,0.0010614005,0.0,0.0010614003,0.0010477784,0.0,0.0,0.001047782,0.0010317574,0.0010222906,0.0010328342,0.0011082564,0.0,0.0010614108,0.0010614013,0.0010557414,0.0010670224,0.0,0.0009904101,0.0,0.0010614017,0.0010477789,0.0,0.0010614003,0.0010477784,0.0010404197,0.0010730373,0.0010614003,0.0010477783,0.0,0.0010614003,0.0010477783,0.0010404183,0.0,0.0010614003,0.0010477784,0.001040417,0.0010514387,0.0010574444,0.0010693789,0.0010730348,0.0010614003,0.0010477783,0.0010404171,0.0010514387,0.0010574444,0.0010693787,0.0010730507,0.0,0.0,0.0010317566,0.0010128316,0.0010687554,0.0010912468,0.0010730348,0.0,0.0010477783,0.0010317566,0.0010222908,0.0010328342,0.001108256,0.0,0.0010614005,0.0,0.0010317566,0.0010128316,0.0010687554,0.0010801425,0.0010730455,0.0,0.0010477783,0.0010317566,0.0010222908,0.0010328342,0.0011082635,0.0,0.0010614003,0.0010477783,0.0010404171,0.0010514387,0.0010574444,0.001069381,0.0010730346,0.0010614003,0.0010477783,0.0010404171,0.0010514387,0.0010574444,0.0010693787,0.0,0.0010614006,0.0010477784,0.001040417,0.0010514387,0.0010574444,0.0010693787,0.0,0.0,0.0010477783,0.0010317566,0.0010222908,0.0010328342,0.0011082559,0.001073036,0.0010614003,0.0,0.0,0.0010614005,0.0010614004,0.001055742,0.0010730554,0.0,0.0010477785,0.0,0.0010614005,0.0010477783,0.0010687597,0.001073091,0.0,0.0010614005,0.0010477784,0.001040417,0.0,0.0010614011,0.0,0.0010614003,0.0,0.0010317566,0.0010128316,0.0010687553,0.0010801512,0.001073038,0.0,0.0010477783,0.0010317566,0.0010222906,0.0010328346,0.0011083122,0.0010730423,0.0,0.0,0.0010317566,0.0010128316,0.0010687554,0.0010912468,0.0,0.0010614005,0.0010477784,0.0010404171,0.0010514387,0.0010574444,0.0010693787,0.0010730413,0.0010614002,0.0010477784,0.0,0.0010614,0.0010477783,0.0010404177,0.0010730358,0.0,0.0010477784,0.0010317569,0.0010222908,0.0010328342,0.0011082586,0.0010730367,0.0,0.0010477784,0.0010317566,0.0010222907,0.0010328343,0.0011082584,0.0,0.0010614004,0.0010614002,0.0010557412,0.0010670223,0.0,0.0009904518,0.0010730523,0.0,0.0010477784,0.0010317566,0.0010222908,0.0010328342,0.0011082558,0.0010730383,0.0,0.0,0.0010317566,0.0010128316,0.0010687554,0.0010912488,0.0010730617,0.0010614004,0.0,0.0010317571,0.0010128317,0.0010687554,0.0010801513,0.0,0.0010614004,0.0010477784,0.001040417,0.0010514387,0.0010574444,0.0010693787,0.0,0.0010614007,0.0,0.0010317566,0.0010128316,0.0010687554,0.0010801425,0.0,0.0010614004,0.0010477785,0.001040417,0.0010514387,0.0010574444,0.0010693788,0.001073044,0.0010614004,0.0010477785,0.0010404171,0.0010514387,0.0010574444,0.0010693794,0.0,0.0,0.0,0.0010317566,0.0010128316,0.0010687554,0.0010912477,0.0010730344,0.0010614003,0.0,0.0010317566,0.0010128316,0.0010687554,0.0010801436,0.0010730431,0.0010614004,0.0010477783,0.0010687554,0.0,0.0010317566,0.0010128317,0.0,0.0010614003,0.0010477783,0.001040417,0.0010514387,0.0010574444,0.00106938,0.0,0.0010614003,0.0010477783,0.001040417,0.0010514387,0.0010574444,0.001069379,0.0,0.0010614004,0.0010477784,0.001040417,0.0010514387,0.0010574444,0.0010693816,0.0010730376,0.0010614003,0.0010477783,0.001040417,0.0010514387,0.0010574444,0.0010693794,0.0,0.0,0.0010477783,0.0010317566,0.0010222908,0.0010328342,0.0011082564,0.0,0.0010614003,0.0010477783,0.0010404171,0.0010514387,0.0010574444,0.0010693787,0.0010731571,0.0010614012,0.0010477785,0.0010404171,0.0010514387,0.0010574444,0.0010693824
k__Bacteria|p__Firmicutes|c__Bacilli|o__Bacillales|f__Bacillaceae|g__Bacillus|s__Bacillus_sp_AP8,0.0,0.0010606538,0.0010471863,0.0010400674,0.0010515384,0.0010579813,0.0010702319,0.0,0.0010606538,0.0010471863,0.0010400674,0.0010515384,0.0010579813,0.0010702318,0.0,0.0,0.001047204,0.0010313402,0.0010221138,0.0010331142,0.0011081244,0.0010721888,0.0,0.0010471863,0.0010313283,0.0010221134,0.0010331142,0.0011081238,0.0,0.0,0.0010471863,0.0010313283,0.0010221134,0.0010331142,0.0011081237,0.0010721438,0.0010606538,0.0010471863,0.0010400674,0.0010515384,0.0010579813,0.0010702319,0.0,0.0010606546,0.0010471863,0.0010400674,0.0010515384,0.0010579813,0.0010702326,0.0010721436,0.0010606538,0.0010471863,0.0010400674,0.0010515384,0.0010579813,0.0010702319,0.0,0.0010606542,0.0010471873,0.0010400675,0.0010515384,0.0010579813,0.0010702325,0.0,0.0010606538,0.0010471863,0.0010400674,0.0010515384,0.0010579813,0.0010702319,0.0,0.0010606538,0.0,0.0010313283,0.0010125757,0.0010680885,0.0010799092,0.0,0.0010606538,0.0010471863,0.0010400674,0.0010515384,0.0010579813,0.0010702321,0.0,0.0,0.0,0.0010313283,0.0010125757,0.0010680885,0.0010908599,0.0010721552,0.0010606538,0.0,0.0010313283,0.0010125757,0.0010680885,0.0010799142,0.0010722235,0.0,0.0,0.0010313285,0.0010125757,0.0010680885,0.0010908593,0.001072172,0.0,0.0010471863,0.0,0.0010606538,0.0010471863,0.0010680885,0.0010721468,0.0,0.0,0.0010313283,0.0010125757,0.0010680885,0.0010908587,0.0,0.0010606556,0.0,0.0010313283,0.0010125757,0.0010680885,0.0010799081,0.0,0.0,0.0010471881,0.0010606552,0.0,0.0010313283,0.001060654,0.001072172,0.0010606542,0.0,0.0010313282,0.0010125757,0.0010680885,0.0010799081,0.0,0.0,0.0010471863,0.0010313283,0.0010221134,0.0010331142,0.0011081239,0.0,0.0,0.0010471863,0.0,0.0010606538,0.0010471863,0.0010680883,0.0,0.0010606588,0.0,0.001060654,0.0,0.0010606538,0.0010471864,0.0,0.0,0.001047209,0.0010313315,0.0010221134,0.0010331144,0.0011081244,0.0,0.001060696,0.0010606587,0.0010552291,0.0010669504,0.0,0.0009903336,0.0,0.0010606567,0.0010471874,0.0,0.0010606543,0.0010471863,0.0010400702,0.0010721522,0.0010606538,0.0010471863,0.0,0.0010606538,0.0010471863,0.001040068,0.0,0.0010606541,0.0010471864,0.0010400674,0.0010515384,0.0010579813,0.0010702321,0.0010721436,0.0010606538,0.0010471863,0.0010400674,0.0010515384,0.0010579813,0.0010702319,0.0010721764,0.0,0.0,0.0010313283,0.0010125757,0.0010680885,0.0010908587,0.0010721487,0.0,0.0010471863,0.0010313283,0.0010221134,0.0010331142,0.001108124,0.0,0.001060654,0.0,0.0010313283,0.0010125757,0.0010680885,0.0010799078,0.0010721638,0.0,0.0010471863,0.0010313283,0.0010221134,0.0010331144,0.0011081289,0.0,0.0010606538,0.0010471863,0.0010400674,0.0010515384,0.0010579813,0.0010702332,0.0010721446,0.0010606538,0.0010471863,0.0010400674,0.0010515384,0.0010579813,0.0010702319,0.0,0.0010606546,0.0010471863,0.0010400674,0.0010515384,0.0010579813,0.0010702322,0.0,0.0,0.0010471863,0.0010313283,0.0010221134,0.0010331142,0.001108124,0.0010721463,0.0010606538,0.0,0.0,0.001060654,0.0010606538,0.0010552286,0.001072188,0.0,0.0010471867,0.0,0.001060654,0.0010471863,0.001068092,0.0010722714,0.0,0.0010606541,0.0010471863,0.0010400674,0.0,0.0010606544,0.0,0.0010606537,0.0,0.0010313283,0.0010125757,0.0010680883,0.0010799135,0.0010721512,0.0,0.0010471863,0.0010313283,0.0010221134,0.0010331147,0.0011081563,0.0010721651,0.0,0.0,0.0010313283,0.0010125757,0.0010680885,0.0010908587,0.0,0.001060654,0.0010471864,0.0010400674,0.0010515384,0.0010579813,0.0010702318,0.0010721679,0.001060654,0.0010471863,0.0,0.0010606538,0.0010471863,0.0010400686,0.0010721459,0.0,0.0010471863,0.0010313285,0.0010221134,0.0010331142,0.001108125,0.0010721481,0.0,0.0010471864,0.0010313283,0.0010221134,0.0010331145,0.0011081252,0.0,0.001060654,0.001060654,0.0010552284,0.0010669506,0.0,0.0009903696,0.0010721803,0.0,0.0010471863,0.0010313283,0.0010221134,0.0010331142,0.0011081237,0.0010721491,0.0,0.0,0.0010313283,0.0010125757,0.0010680885,0.0010908598,0.0010722252,0.0010606546,0.0,0.0010313294,0.0010125758,0.0010680886,0.0010799138,0.0,0.001060654,0.0010471863,0.0010400674,0.0010515384,0.0010579813,0.0010702319,0.0,0.0010606553,0.0,0.0010313283,0.0010125757,0.0010680885,0.0010799078,0.0,0.0010606538,0.0010471863,0.0010400674,0.0010515384,0.0010579813,0.001070232,0.0010721588,0.001060654,0.0010471866,0.0010400676,0.0010515384,0.0010579813,0.0010702324,0.0,0.0,0.0,0.0010313283,0.0010125757,0.0010680885,0.0010908592,0.0010721431,0.0010606538,0.0,0.0010313283,0.0010125757,0.0010680885,0.0010799086,0.0010721587,0.001060654,0.0010471863,0.0010680885,0.0,0.0010313283,0.0010125757,0.0,0.0010606538,0.0010471863,0.0010400674,0.0010515384,0.0010579813,0.0010702327,0.0,0.0010606538,0.0010471863,0.0010400674,0.0010515384,0.0010579813,0.0010702322,0.0,0.0010606545,0.0010471863,0.0010400674,0.0010515384,0.0010579813,0.0010702333,0.001072153,0.0010606538,0.0010471863,0.0010400674,0.0010515384,0.0010579813,0.0010702325,0.0,0.0,0.0010471863,0.0010313283,0.0010221134,0.0010331142,0.0011081243,0.0,0.0010606538,0.0010471863,0.0010400674,0.0010515384,0.0010579813,0.0010702319,0.0010723837,0.0010606557,0.0010471866,0.0010400674,0.0010515384,0.0010579813,0.0010702339
k__Bacteria|p__Firmicutes|c__Bacilli|o__Lactobacillales|f__Lactobacillaceae|g__Lentilactobacillus|s__Lentilactobacillus_kefiri,0.0,0.001059237,0.0010456131,0.0010382948,0.0010494635,0.001055601,0.001067659,0.0,0.0010592369,0.0010456131,0.0010382948,0.0010494635,0.001055601,0.0010676587,0.0,0.0,0.0010456406,0.0010296114,0.001020172,0.0010308565,0.0011064684,0.0010709191,0.0,0.0010456131,0.0010295926,0.001020171,0.0010308565,0.0011064671,0.0,0.0,0.0010456131,0.0010295926,0.001020171,0.0010308565,0.0011064671,0.001070876,0.0010592368,0.0010456131,0.0010382948,0.0010494635,0.001055601,0.0010676585,0.0,0.0010592378,0.0010456131,0.0010382948,0.0010494635,0.001055601,0.0010676604,0.0010708761,0.0010592368,0.0010456131,0.0010382948,0.0010494635,0.001055601,0.0010676587,0.0,0.0010592372,0.0010456145,0.0010382949,0.0010494635,0.001055601,0.0010676592,0.0,0.0010592369,0.0010456131,0.0010382948,0.0010494635,0.001055601,0.0010676587,0.0,0.0010592369,0.0,0.0010295926,0.0010106735,0.0010666385,0.0010781863,0.0,0.0010592368,0.0010456131,0.0010382948,0.0010494635,0.001055601,0.0010676594,0.0,0.0,0.0,0.0010295926,0.0010106735,0.0010666385,0.0010893004,0.0010708873,0.0010592369,0.0,0.0010295926,0.0010106735,0.0010666385,0.001078196,0.0010709622,0.0,0.0,0.0010295929,0.0010106735,0.0010666385,0.0010893001,0.0010709062,0.0,0.0010456131,0.0,0.0010592368,0.0010456131,0.0010666387,0.00107088,0.0,0.0,0.0010295926,0.0010106735,0.0010666385,0.0010892984,0.0,0.0010592396,0.0,0.0010295926,0.0010106735,0.0010666385,0.001078184,0.0,0.0,0.0010456151,0.0010592388,0.0,0.0010295926,0.0010592372,0.0010709114,0.0010592375,0.0,0.0010295926,0.0010106735,0.0010666385,0.0010781834,0.0,0.0,0.0010456132,0.0010295926,0.001020171,0.0010308565,0.0011064678,0.0,0.0,0.0010456131,0.0,0.0010592368,0.0010456131,0.0010666386,0.0,0.0010592452,0.0,0.0010592369,0.0,0.0010592368,0.0010456132,0.0,0.0,0.0010456434,0.0010295976,0.001020171,0.0010308565,0.0011064683,0.0,0.0010593084,0.0010592453,0.0010536214,0.001065054,0.0,0.0009882712,0.0,0.0010592412,0.001045615,0.0,0.0010592375,0.0010456131,0.0010382998,0.0010708853,0.0010592368,0.0010456131,0.0,0.0010592368,0.0010456131,0.0010382963,0.0,0.0010592373,0.0010456132,0.0010382948,0.0010494635,0.001055601,0.0010676589,0.0010708759,0.0010592368,0.0010456131,0.0010382948,0.0010494635,0.001055601,0.0010676587,0.0010709087,0.0,0.0,0.0010295926,0.0010106735,0.0010666385,0.0010892984,0.0010708825,0.0,0.0010456131,0.0010295926,0.001020171,0.0010308565,0.0011064677,0.0,0.0010592369,0.0,0.0010295926,0.0010106735,0.0010666385,0.001078183,0.001070901,0.0,0.0010456131,0.0010295926,0.001020171,0.0010308565,0.0011064818,0.0,0.0010592368,0.0010456131,0.0010382948,0.0010494635,0.001055601,0.001067661,0.0010708764,0.0010592368,0.0010456131,0.0010382948,0.0010494635,0.001055601,0.0010676585,0.0,0.0010592379,0.0010456131,0.0010382948,0.0010494635,0.001055601,0.001067659,0.0,0.0,0.0010456131,0.0010295926,0.001020171,0.0010308565,0.0011064672,0.0010708785,0.0010592368,0.0,0.0,0.0010592369,0.0010592369,0.0010536208,0.0010709221,0.0,0.0010456135,0.0,0.0010592369,0.0010456131,0.0010666461,0.0010710146,0.0,0.0010592372,0.0010456131,0.0010382948,0.0,0.001059238,0.0,0.0010592367,0.0,0.0010295926,0.0010106735,0.0010666384,0.0010781974,0.0010708842,0.0,0.0010456131,0.0010295926,0.001020171,0.0010308572,0.0011065704,0.0010709013,0.0,0.0,0.0010295926,0.0010106735,0.0010666385,0.001089298,0.0,0.0010592369,0.0010456132,0.0010382948,0.0010494635,0.001055601,0.0010676587,0.0010708729,0.0010592369,0.0010456131,0.0,0.0010592368,0.0010456131,0.0010382965,0.0010708787,0.0,0.0010456131,0.0010295929,0.001020171,0.0010308565,0.0011064706,0.001070881,0.0,0.0010456132,0.0010295926,0.0010201712,0.0010308565,0.0011064709,0.0,0.0010592373,0.0010592373,0.0010536202,0.0010650541,0.0,0.0009883287,0.0010709136,0.0,0.0010456131,0.0010295926,0.001020171,0.0010308565,0.0011064671,0.0010708823,0.0,0.0,0.0010295926,0.0010106735,0.0010666385,0.0010893,0.0010709524,0.0010592386,0.0,0.0010295942,0.0010106737,0.0010666386,0.001078195,0.0,0.0010592369,0.0010456131,0.0010382948,0.0010494635,0.001055601,0.0010676585,0.0,0.0010592395,0.0,0.0010295926,0.0010106735,0.0010666385,0.0010781833,0.0,0.0010592372,0.0010456132,0.0010382948,0.0010494635,0.001055601,0.0010676589,0.0010708955,0.001059237,0.0010456133,0.0010382951,0.0010494635,0.001055601,0.0010676594,0.0,0.0,0.0,0.0010295926,0.0010106735,0.0010666385,0.0010892991,0.0010708756,0.0010592368,0.0,0.0010295926,0.0010106735,0.0010666385,0.0010781846,0.0010708929,0.0010592369,0.0010456131,0.0010666385,0.0,0.0010295926,0.0010106738,0.0,0.0010592368,0.0010456131,0.0010382948,0.0010494635,0.001055601,0.0010676602,0.0,0.0010592368,0.0010456131,0.0010382948,0.0010494635,0.001055601,0.001067659,0.0,0.0010592381,0.0010456131,0.0010382948,0.0010494635,0.001055601,0.001067662,0.0010708871,0.0010592368,0.0010456131,0.0010382948,0.0010494635,0.001055601,0.0010676595,0.0,0.0,0.0010456131,0.0010295926,0.001020171,0.0010308565,0.0011064679,0.0,0.0010592368,0.0010456131,0.0010382948,0.0010494635,0.001055601,0.0010676587,0.0010711513,0.00105924,0.0010456133,0.0010382946,0.0010494635,0.001055601,0.0010676628
k__Bacteria|p__Firmicutes|c__Tissierellia|o__Tissierellales|f__Peptoniphilaceae|g__Peptoniphilus|s__Peptoniphilus_pacaensis,0.0,0.0010595912,0.0010458372,0.0010383205,0.00104913,0.001054917,0.0010667243,0.0,0.0010595912,0.0010458372,0.0010383205,0.00104913,0.001054917,0.0010667243,0.0,0.0,0.0010458602,0.0010296952,0.0010200532,0.0010303713,0.0011063523,0.0010713893,0.0,0.0010458372,0.0010296792,0.0010200522,0.0010303713,0.0011063518,0.0,0.0,0.0010458372,0.0010296792,0.0010200522,0.0010303713,0.001106352,0.0010713526,0.0010595912,0.0010458372,0.0010383205,0.00104913,0.001054917,0.0010667243,0.0,0.0010595919,0.0010458373,0.0010383205,0.00104913,0.001054917,0.0010667247,0.0010713527,0.0010595912,0.0010458372,0.0010383205,0.00104913,0.001054917,0.0010667243,0.0,0.0010595913,0.001045838,0.0010383206,0.00104913,0.001054917,0.0010667249,0.0,0.0010595912,0.0010458372,0.0010383205,0.00104913,0.001054917,0.0010667243,0.0,0.0010595912,0.0,0.0010296792,0.0010106157,0.0010669316,0.0010781343,0.0,0.0010595912,0.0010458372,0.0010383204,0.00104913,0.001054917,0.0010667243,0.0,0.0,0.0,0.0010296792,0.0010106157,0.0010669316,0.0010893787,0.0010713615,0.0010595912,0.0,0.0010296792,0.0010106157,0.0010669316,0.0010781392,0.0010714193,0.0,0.0,0.0010296793,0.0010106157,0.0010669316,0.0010893784,0.0010713782,0.0,0.0010458372,0.0,0.0010595912,0.0010458372,0.0010669316,0.0010713555,0.0,0.0,0.0010296792,0.0010106157,0.0010669316,0.0010893781,0.0,0.0010595932,0.0,0.0010296792,0.0010106157,0.0010669316,0.001078133,0.0,0.0,0.0010458385,0.0010595926,0.0,0.0010296792,0.0010595913,0.0010713789,0.0010595915,0.0,0.0010296793,0.0010106157,0.0010669316,0.0010781329,0.0,0.0,0.0010458373,0.0010296792,0.0010200522,0.0010303713,0.0011063523,0.0,0.0,0.0010458372,0.0,0.0010595912,0.0010458372,0.0010669316,0.0,0.0010595962,0.0,0.0010595913,0.0,0.0010595912,0.0010458372,0.0,0.0,0.0010458619,0.0010296833,0.0010200524,0.0010303713,0.0011063522,0.0,0.0010596559,0.0010595982,0.001053784,0.0010648656,0.0,0.000988055,0.0,0.0010595942,0.0010458385,0.0,0.0010595917,0.0010458372,0.0010383235,0.0010713596,0.0010595912,0.0010458372,0.0,0.0010595912,0.0010458372,0.001038321,0.0,0.0010595914,0.0010458372,0.0010383204,0.00104913,0.001054917,0.0010667244,0.0010713525,0.0010595912,0.0010458372,0.0010383205,0.00104913,0.001054917,0.0010667243,0.0010713787,0.0,0.0,0.0010296792,0.0010106157,0.0010669316,0.0010893781,0.0010713586,0.0,0.0010458372,0.0010296792,0.0010200522,0.0010303713,0.0011063522,0.0,0.0010595913,0.0,0.0010296792,0.0010106157,0.0010669316,0.0010781329,0.0010713711,0.0,0.0010458372,0.0010296792,0.0010200522,0.0010303713,0.0011063588,0.0,0.0010595912,0.0010458372,0.0010383205,0.00104913,0.001054917,0.0010667251,0.0010713532,0.0010595912,0.0010458372,0.0010383205,0.00104913,0.001054917,0.0010667243,0.0,0.0010595918,0.0010458372,0.0010383204,0.00104913,0.001054917,0.0010667243,0.0,0.0,0.0010458372,0.0010296792,0.0010200522,0.0010303713,0.001106352,0.0010713546,0.0010595912,0.0,0.0,0.0010595913,0.0010595912,0.0010537836,0.0010713894,0.0,0.0010458375,0.0,0.0010595913,0.0010458372,0.0010669355,0.0010714631,0.0,0.0010595913,0.0010458372,0.0010383204,0.0,0.0010595915,0.0,0.0010595911,0.0,0.0010296792,0.0010106157,0.0010669316,0.0010781385,0.0010713584,0.0,0.0010458372,0.0010296792,0.0010200524,0.0010303718,0.001106392,0.00107137,0.0,0.0,0.0010296792,0.0010106157,0.0010669316,0.001089378,0.0,0.0010595913,0.0010458372,0.0010383205,0.00104913,0.001054917,0.0010667243,0.0010713645,0.0010595913,0.0010458372,0.0,0.0010595912,0.0010458372,0.0010383215,0.0010713545,0.0,0.0010458372,0.0010296796,0.0010200522,0.0010303713,0.0011063525,0.0010713562,0.0,0.0010458372,0.0010296792,0.0010200524,0.0010303713,0.0011063534,0.0,0.0010595913,0.0010595913,0.0010537836,0.0010648657,0.0,0.0009880923,0.0010713862,0.0,0.0010458372,0.0010296792,0.0010200522,0.0010303713,0.001106352,0.0010713572,0.0,0.0,0.0010296792,0.0010106157,0.0010669316,0.0010893781,0.0010714157,0.0010595921,0.0,0.0010296806,0.0010106164,0.0010669318,0.001078138,0.0,0.0010595913,0.0010458372,0.0010383204,0.00104913,0.001054917,0.0010667243,0.0,0.0010595927,0.0,0.0010296792,0.0010106157,0.0010669316,0.0010781329,0.0,0.0010595913,0.0010458373,0.0010383204,0.00104913,0.001054917,0.0010667244,0.0010713658,0.0010595912,0.0010458372,0.0010383207,0.00104913,0.001054917,0.0010667248,0.0,0.0,0.0,0.0010296792,0.0010106157,0.0010669316,0.0010893784,0.0010713522,0.0010595912,0.0,0.0010296792,0.0010106157,0.0010669316,0.0010781334,0.0010713645,0.0010595913,0.0010458372,0.0010669316,0.0,0.0010296792,0.0010106158,0.0,0.0010595912,0.0010458372,0.0010383204,0.00104913,0.001054917,0.0010667248,0.0,0.0010595912,0.0010458372,0.0010383204,0.00104913,0.001054917,0.0010667244,0.0,0.0010595919,0.0010458372,0.0010383204,0.00104913,0.001054917,0.0010667255,0.001071362,0.0010595912,0.0010458372,0.0010383204,0.00104913,0.001054917,0.0010667247,0.0,0.0,0.0010458372,0.0010296792,0.0010200522,0.0010303713,0.0011063522,0.0,0.0010595912,0.0010458372,0.0010383205,0.00104913,0.001054917,0.0010667243,0.0010715708,0.0010595934,0.0010458372,0.0010383204,0.00104913,0.001054917,0.0010667257
k__Bacteria|p__Firmicutes|c__Bacilli|o__Bacillales|f__Staphylococcaceae|g__Macrococcus|s__Macrococcus_caseolyticus,0.0,0.0010627451,0.0010488934,0.001041166,0.0010515023,0.0010568433,0.0010682945,0.0,0.001062745,0.0010488934,0.001041166,0.0010515023,0.0010568433,0.0010682945,0.0,0.0,0.0010489126,0.0010326401,0.0010227836,0.0010326297,0.0011086459,0.0010746341,0.0,0.0010488934,0.0010326274,0.0010227828,0.0010326297,0.0011086446,0.0,0.0,0.0010488934,0.0010326278,0.0010227828,0.0010326297,0.0011086443,0.0010745954,0.0010627449,0.0010488934,0.001041166,0.0010515023,0.0010568433,0.001068294,0.0,0.0010627457,0.0010488934,0.001041166,0.0010515023,0.0010568433,0.0010682952,0.0010745953,0.0010627449,0.0010488934,0.001041166,0.0010515023,0.0010568433,0.0010682944,0.0,0.0010627453,0.0010488939,0.001041166,0.0010515023,0.0010568433,0.0010682956,0.0,0.001062745,0.0010488934,0.001041166,0.0010515023,0.0010568433,0.0010682944,0.0,0.001062745,0.0,0.0010326274,0.0010134451,0.0010699764,0.0010807056,0.0,0.0010627449,0.0010488934,0.001041166,0.0010515023,0.0010568433,0.0010682956,0.0,0.0,0.0,0.0010326274,0.0010134451,0.0010699766,0.001092038,0.0010746068,0.001062745,0.0,0.0010326278,0.0010134451,0.0010699766,0.0010807158,0.0010746837,0.0,0.0,0.0010326278,0.0010134451,0.0010699764,0.0010920372,0.0010746247,0.0,0.0010488932,0.0,0.0010627449,0.0010488934,0.0010699765,0.0010745996,0.0,0.0,0.0010326274,0.0010134451,0.0010699764,0.0010920346,0.0,0.0010627469,0.0,0.0010326278,0.0010134451,0.0010699764,0.0010807036,0.0,0.0,0.0010488942,0.0010627469,0.0,0.0010326278,0.0010627452,0.0010746267,0.0010627453,0.0,0.0010326277,0.0010134451,0.0010699764,0.0010807031,0.0,0.0,0.0010488934,0.0010326278,0.0010227828,0.0010326297,0.0011086451,0.0,0.0,0.0010488934,0.0,0.0010627449,0.0010488934,0.0010699766,0.0,0.0010627498,0.0,0.0010627452,0.0,0.0010627449,0.0010488936,0.0,0.0,0.0010489149,0.0010326314,0.0010227826,0.0010326297,0.0011086457,0.0,0.0010627976,0.0010627509,0.0010567339,0.0010673415,0.0,0.0009907587,0.0,0.0010627478,0.0010488945,0.0,0.0010627453,0.0010488934,0.0010411695,0.001074603,0.0010627449,0.0010488934,0.0,0.0010627449,0.0010488934,0.0010411674,0.0,0.0010627453,0.0010488936,0.001041166,0.0010515023,0.0010568433,0.0010682944,0.0010745953,0.0010627449,0.0010488934,0.001041166,0.0010515023,0.0010568433,0.0010682944,0.0010746284,0.0,0.0,0.0010326274,0.0010134451,0.0010699764,0.0010920344,0.0010746036,0.0,0.0010488934,0.0010326274,0.0010227828,0.0010326297,0.0011086449,0.0,0.001062745,0.0,0.0010326274,0.0010134451,0.0010699764,0.001080703,0.0010746161,0.0,0.0010488934,0.0010326278,0.0010227828,0.0010326297,0.0011086569,0.0,0.0010627449,0.0010488934,0.001041166,0.0010515023,0.0010568433,0.0010682965,0.0010745963,0.0010627449,0.0010488934,0.001041166,0.0010515023,0.0010568433,0.0010682944,0.0,0.0010627457,0.0010488934,0.001041166,0.0010515023,0.0010568433,0.0010682946,0.0,0.0,0.0010488934,0.0010326274,0.0010227828,0.0010326297,0.0011086448,0.0010745979,0.0010627449,0.0,0.0,0.001062745,0.001062745,0.001056734,0.0010746385,0.0,0.0010488936,0.0,0.001062745,0.0010488934,0.0010699809,0.0010747297,0.0,0.0010627452,0.0010488934,0.001041166,0.0,0.001062746,0.0,0.0010627448,0.0,0.0010326274,0.0010134451,0.0010699766,0.0010807121,0.0010746021,0.0,0.0010488934,0.0010326278,0.0010227826,0.0010326304,0.0011087458,0.0010746139,0.0,0.0,0.0010326274,0.0010134451,0.0010699764,0.0010920345,0.0,0.0010627452,0.0010488936,0.001041166,0.0010515023,0.0010568433,0.0010682945,0.0010746083,0.0010627452,0.0010488934,0.0,0.0010627452,0.0010488934,0.0010411673,0.0010745988,0.0,0.0010488934,0.0010326278,0.0010227828,0.0010326297,0.0011086483,0.0010745999,0.0,0.0010488936,0.0010326278,0.0010227826,0.00103263,0.0011086479,0.0,0.0010627452,0.0010627453,0.0010567334,0.0010673413,0.0,0.0009908107,0.0010746374,0.0,0.0010488934,0.0010326274,0.0010227828,0.0010326297,0.0011086443,0.0010746024,0.0,0.0,0.0010326274,0.0010134451,0.0010699766,0.0010920374,0.001074675,0.0010627463,0.0,0.0010326288,0.0010134452,0.0010699765,0.0010807143,0.0,0.0010627453,0.0010488934,0.001041166,0.0010515023,0.0010568433,0.0010682944,0.0,0.0010627463,0.0,0.0010326278,0.0010134451,0.0010699764,0.001080703,0.0,0.0010627452,0.0010488934,0.001041166,0.0010515023,0.0010568433,0.0010682945,0.0010746147,0.0010627451,0.0010488934,0.001041166,0.0010515023,0.0010568433,0.0010682949,0.0,0.0,0.0,0.0010326274,0.0010134451,0.0010699764,0.001092035,0.0010745948,0.0010627449,0.0,0.0010326274,0.0010134451,0.0010699764,0.0010807045,0.0010746092,0.0010627453,0.0010488934,0.0010699764,0.0,0.0010326274,0.0010134453,0.0,0.0010627449,0.0010488934,0.001041166,0.0010515023,0.0010568433,0.0010682956,0.0,0.0010627449,0.0010488934,0.001041166,0.0010515023,0.0010568433,0.0010682947,0.0,0.0010627459,0.0010488934,0.001041166,0.0010515023,0.0010568433,0.0010682979,0.0010746074,0.0010627449,0.0010488934,0.001041166,0.0010515023,0.0010568433,0.0010682952,0.0,0.0,0.0010488934,0.0010326278,0.0010227828,0.0010326297,0.0011086453,0.0,0.0010627449,0.0010488934,0.001041166,0.0010515023,0.0010568433,0.0010682944,0.0010748077,0.0010627471,0.0010488934,0.001041166,0.0010515023,0.0010568433,0.0010682988
k__Bacteria|p__Firmicutes|c__Bacilli|o__Bacillales|f__Paenibacillaceae|g__Brevibacillus|s__Brevibacillus_parabrevis,0.0,0.0010584522,0.0010448021,0.0010374618,0.0010486183,0.0010547389,0.0010667961,0.0,0.0010584523,0.0010448021,0.0010374618,0.0010486183,0.0010547389,0.0010667961,0.0,0.0,0.0010448201,0.001028766,0.0010193117,0.0010299804,0.0011057385,0.0010701745,0.0,0.0010448021,0.0010287552,0.0010193108,0.0010299804,0.001105738,0.0,0.0,0.0010448021,0.0010287552,0.0010193108,0.0010299804,0.0011057381,0.0010701171,0.0010584523,0.0010448021,0.0010374618,0.0010486183,0.0010547389,0.0010667961,0.0,0.001058453,0.0010448023,0.0010374618,0.0010486183,0.0010547389,0.0010667967,0.0010701171,0.0010584523,0.0010448021,0.0010374618,0.0010486183,0.0010547389,0.001066796,0.0,0.0010584524,0.0010448031,0.0010374619,0.0010486183,0.0010547389,0.001066797,0.0,0.0010584523,0.0010448021,0.0010374618,0.0010486183,0.0010547389,0.0010667961,0.0,0.0010584523,0.0,0.0010287552,0.0010098099,0.0010658603,0.0010774003,0.0,0.0010584523,0.0010448021,0.0010374618,0.0010486183,0.0010547389,0.0010667957,0.0,0.0,0.0,0.0010287552,0.0010098099,0.0010658603,0.0010885444,0.0010701328,0.0010584523,0.0,0.0010287552,0.0010098099,0.0010658603,0.0010774045,0.0010702341,0.0,0.0,0.0010287554,0.0010098099,0.0010658603,0.0010885443,0.0010701586,0.0,0.0010448021,0.0,0.0010584523,0.0010448021,0.0010658603,0.0010701218,0.0,0.0,0.0010287552,0.0010098099,0.0010658603,0.0010885444,0.0,0.001058454,0.0,0.0010287552,0.0010098099,0.0010658603,0.0010773996,0.0,0.0,0.0010448032,0.0010584542,0.0,0.0010287552,0.0010584526,0.001070151,0.0010584524,0.0,0.0010287554,0.0010098099,0.0010658603,0.0010773992,0.0,0.0,0.0010448023,0.0010287552,0.0010193108,0.0010299804,0.001105738,0.0,0.0,0.0010448021,0.0,0.0010584523,0.0010448021,0.0010658602,0.0,0.0010584545,0.0,0.0010584524,0.0,0.0010584523,0.0010448023,0.0,0.0,0.001044822,0.0010287582,0.0010193111,0.0010299804,0.001105738,0.0,0.0010584955,0.0010584574,0.0010528154,0.0010642398,0.0,0.0009873719,0.0,0.0010584544,0.0010448031,0.0,0.0010584526,0.0010448021,0.0010374644,0.001070127,0.0010584523,0.0010448021,0.0,0.0010584523,0.0010448021,0.0010374621,0.0,0.0010584524,0.0010448023,0.0010374618,0.0010486183,0.0010547389,0.0010667961,0.0010701171,0.0010584523,0.0010448021,0.0010374618,0.0010486183,0.0010547389,0.0010667961,0.0010701648,0.0,0.0,0.0010287552,0.0010098099,0.0010658603,0.0010885444,0.0010701274,0.0,0.0010448021,0.0010287552,0.0010193108,0.0010299804,0.001105738,0.0,0.0010584524,0.0,0.0010287552,0.0010098099,0.0010658603,0.0010773995,0.0010701416,0.0,0.0010448021,0.0010287552,0.0010193108,0.0010299804,0.0011057415,0.0,0.0010584523,0.0010448021,0.0010374618,0.0010486183,0.0010547389,0.0010667966,0.001070119,0.0010584523,0.0010448021,0.0010374618,0.0010486183,0.0010547389,0.0010667961,0.0,0.0010584529,0.0010448021,0.0010374618,0.0010486183,0.0010547389,0.0010667961,0.0,0.0,0.0010448021,0.0010287552,0.0010193108,0.0010299804,0.0011057381,0.0010701207,0.0010584523,0.0,0.0,0.0010584524,0.0010584523,0.001052815,0.0010701738,0.0,0.0010448024,0.0,0.0010584524,0.0010448021,0.001065863,0.0010702963,0.0,0.0010584523,0.0010448021,0.0010374618,0.0,0.0010584525,0.0,0.0010584522,0.0,0.0010287552,0.0010098099,0.0010658603,0.0010774046,0.0010701268,0.0,0.0010448021,0.0010287552,0.0010193111,0.001029981,0.0011057599,0.0010701391,0.0,0.0,0.0010287552,0.0010098099,0.0010658603,0.0010885444,0.0,0.0010584524,0.0010448023,0.0010374618,0.0010486183,0.0010547389,0.0010667961,0.0010701569,0.0010584523,0.0010448021,0.0,0.0010584522,0.0010448021,0.0010374632,0.0010701212,0.0,0.0010448021,0.0010287556,0.0010193108,0.0010299804,0.0011057381,0.0010701224,0.0,0.0010448023,0.0010287552,0.0010193108,0.0010299805,0.0011057394,0.0,0.0010584523,0.0010584525,0.001052815,0.0010642397,0.0,0.0009873975,0.0010701738,0.0,0.0010448021,0.0010287552,0.0010193108,0.0010299804,0.0011057381,0.0010701233,0.0,0.0,0.0010287552,0.0010098099,0.0010658603,0.0010885444,0.0010702376,0.0010584533,0.0,0.0010287565,0.0010098105,0.0010658603,0.0010774032,0.0,0.0010584523,0.0010448021,0.0010374618,0.0010486183,0.0010547389,0.0010667961,0.0,0.0010584531,0.0,0.0010287552,0.0010098099,0.0010658603,0.0010773995,0.0,0.0010584523,0.0010448023,0.0010374618,0.0010486183,0.0010547389,0.0010667961,0.0010701373,0.0010584522,0.0010448023,0.001037462,0.0010486183,0.0010547389,0.0010667962,0.0,0.0,0.0,0.0010287552,0.0010098099,0.0010658603,0.0010885444,0.0010701166,0.0010584523,0.0,0.0010287552,0.0010098099,0.0010658603,0.0010774002,0.0010701325,0.0010584523,0.0010448021,0.0010658603,0.0,0.0010287552,0.00100981,0.0,0.0010584523,0.0010448021,0.0010374618,0.0010486183,0.0010547389,0.0010667962,0.0,0.0010584523,0.0010448021,0.0010374618,0.0010486183,0.0010547389,0.0010667961,0.0,0.001058453,0.0010448021,0.0010374618,0.0010486183,0.0010547389,0.0010667965,0.0010701322,0.0010584523,0.0010448021,0.0010374618,0.0010486183,0.0010547389,0.0010667962,0.0,0.0,0.0010448021,0.0010287552,0.0010193108,0.0010299804,0.0011057381,0.0,0.0010584523,0.0010448021,0.0010374618,0.0010486183,0.0010547389,0.0010667961,0.0010703659,0.0010584537,0.0010448023,0.0010374617,0.0010486183,0.0010547389,0.0010667966
k__Bacteria|p__Firmicutes|c__Negativicutes|o__Acidaminococcales|f__Acidaminococcaceae|g__GGB4239|s__GGB4239_SGB5731,0.0,0.0010607525,0.0010471233,0.0010397646,0.0010508129,0.0010568405,0.0010688,0.0,0.0010607528,0.0010471233,0.0010397646,0.0010508129,0.0010568405,0.0010687999,0.0,0.0,0.0010471413,0.0010311079,0.0010216325,0.0010321996,0.0011076996,0.0010724124,0.0,0.0010471233,0.0010310948,0.0010216316,0.0010321996,0.0011076991,0.0,0.0,0.0010471233,0.0010310948,0.0010216316,0.0010321996,0.001107699,0.001072395,0.0010607527,0.0010471233,0.0010397646,0.0010508129,0.0010568405,0.0010687999,0.0,0.0010607535,0.0010471233,0.0010397646,0.0010508129,0.0010568405,0.0010688,0.0010723949,0.0010607527,0.0010471233,0.0010397646,0.0010508129,0.0010568405,0.0010687999,0.0,0.0010607529,0.0010471239,0.001039765,0.0010508129,0.0010568405,0.0010688002,0.0,0.0010607528,0.0010471233,0.0010397646,0.0010508129,0.0010568405,0.0010688,0.0,0.0010607528,0.0,0.0010310948,0.0010121638,0.0010681188,0.0010795381,0.0,0.0010607527,0.0010471233,0.0010397646,0.0010508129,0.0010568405,0.0010688002,0.0,0.0,0.0,0.0010310948,0.0010121638,0.0010681188,0.0010906528,0.0010723993,0.0010607528,0.0,0.0010310948,0.0010121638,0.0010681188,0.0010795428,0.0010724306,0.0,0.0,0.0010310948,0.0010121638,0.0010681188,0.0010906522,0.0010724064,0.0,0.0010471233,0.0,0.0010607527,0.0010471233,0.0010681187,0.001072397,0.0,0.0,0.0010310948,0.0010121638,0.0010681188,0.0010906509,0.0,0.0010607545,0.0,0.0010310948,0.0010121638,0.0010681188,0.0010795366,0.0,0.0,0.0010471246,0.0010607541,0.0,0.0010310948,0.0010607528,0.0010724161,0.0010607531,0.0,0.0010310947,0.0010121638,0.0010681188,0.0010795366,0.0,0.0,0.0010471235,0.0010310948,0.0010216316,0.0010321996,0.0011076991,0.0,0.0,0.0010471233,0.0,0.0010607527,0.0010471233,0.0010681187,0.0,0.0010607577,0.0,0.0010607528,0.0,0.0010607527,0.0010471235,0.0,0.0,0.0010471471,0.0010310981,0.0010216316,0.0010321996,0.0011076997,0.0,0.0010608026,0.0010607577,0.0010550972,0.0010664065,0.0,0.000989737,0.0,0.0010607556,0.0010471245,0.0,0.0010607531,0.0010471235,0.0010397673,0.0010723994,0.0010607527,0.0010471233,0.0,0.0010607527,0.0010471233,0.0010397657,0.0,0.0010607528,0.0010471235,0.0010397646,0.0010508129,0.0010568405,0.0010687999,0.001072395,0.0010607527,0.0010471233,0.0010397646,0.0010508129,0.0010568405,0.0010688,0.0010724111,0.0,0.0,0.0010310948,0.0010121638,0.0010681188,0.0010906509,0.0010723982,0.0,0.0010471233,0.0010310948,0.0010216316,0.0010321996,0.001107699,0.0,0.0010607528,0.0,0.0010310948,0.0010121638,0.0010681188,0.0010795365,0.0010724049,0.0,0.0010471233,0.0010310948,0.0010216316,0.0010321996,0.0011077052,0.0,0.0010607527,0.0010471233,0.0010397646,0.0010508129,0.0010568405,0.0010688009,0.0010723949,0.0010607527,0.0010471233,0.0010397646,0.0010508129,0.0010568405,0.0010687999,0.0,0.0010607535,0.0010471235,0.0010397646,0.0010508129,0.0010568405,0.0010688,0.0,0.0,0.0010471233,0.0010310948,0.0010216316,0.0010321996,0.0011076991,0.0010723956,0.0010607527,0.0,0.0,0.0010607528,0.0010607528,0.0010550971,0.0010724134,0.0,0.0010471237,0.0,0.0010607528,0.0010471233,0.0010681216,0.0010724488,0.0,0.0010607528,0.0010471235,0.0010397646,0.0,0.0010607534,0.0,0.0010607525,0.0,0.0010310948,0.0010121638,0.0010681186,0.0010795415,0.001072399,0.0,0.0010471233,0.0010310948,0.0010216316,0.0010322001,0.0011077473,0.0010724079,0.0,0.0,0.0010310948,0.0010121638,0.0010681188,0.0010906509,0.0,0.0010607528,0.0010471235,0.0010397646,0.0010508129,0.0010568405,0.0010687999,0.0010723817,0.0010607529,0.0010471235,0.0,0.0010607527,0.0010471233,0.0010397658,0.0010723961,0.0,0.0010471235,0.0010310949,0.0010216316,0.0010321996,0.0011077005,0.0010723973,0.0,0.0010471235,0.0010310948,0.0010216316,0.0010321996,0.0011077004,0.0,0.0010607529,0.0010607528,0.0010550965,0.0010664064,0.0,0.000989779,0.0010724125,0.0,0.0010471235,0.0010310948,0.0010216316,0.0010321996,0.001107699,0.0010723982,0.0,0.0,0.0010310948,0.0010121638,0.0010681188,0.0010906524,0.0010724259,0.0010607536,0.0,0.001031096,0.0010121644,0.0010681191,0.0010795431,0.0,0.0010607527,0.0010471235,0.0010397646,0.0010508129,0.0010568405,0.0010687999,0.0,0.0010607543,0.0,0.0010310948,0.0010121638,0.0010681188,0.0010795365,0.0,0.0010607528,0.0010471235,0.0010397646,0.0010508129,0.0010568405,0.0010687999,0.0010724034,0.0010607527,0.0010471233,0.001039765,0.0010508129,0.0010568405,0.0010688001,0.0,0.0,0.0,0.0010310948,0.0010121638,0.0010681188,0.0010906515,0.0010723947,0.0010607527,0.0,0.0010310948,0.0010121638,0.0010681188,0.0010795371,0.0010724036,0.0010607527,0.0010471233,0.0010681188,0.0,0.0010310948,0.0010121639,0.0,0.0010607527,0.0010471233,0.0010397646,0.0010508129,0.0010568405,0.0010688002,0.0,0.0010607527,0.0010471233,0.0010397646,0.0010508129,0.0010568405,0.0010688,0.0,0.0010607535,0.0010471235,0.0010397646,0.0010508129,0.0010568405,0.0010688012,0.0010724007,0.0010607527,0.0010471233,0.0010397646,0.0010508129,0.0010568405,0.0010688002,0.0,0.0,0.0010471233,0.0010310948,0.0010216316,0.0010321996,0.0011076991,0.0,0.0010607527,0.0010471233,0.0010397646,0.0010508129,0.0010568405,0.0010688,0.0010725117,0.0010607549,0.0010471233,0.0010397647,0.0010508129,0.0010568405,0.001068802
k__Bacteria|p__Firmicutes|c__Negativicutes|o__Selenomonadales|f__Selenomonadaceae|g__Selenomonas|s__Selenomonas_flueggei,0.0,0.0010587005,0.0010449903,0.0010375561,0.0010485398,0.0010544927,0.0010664287,0.0,0.0010587008,0.0010449903,0.0010375561,0.0010485398,0.0010544927,0.0010664286,0.0,0.0,0.0010449933,0.0010288833,0.0010193379,0.0010298316,0.0011057535,0.0010703913,0.0,0.0010449903,0.0010288795,0.001019338,0.0010298316,0.001105754,0.0,0.0,0.0010449903,0.0010288795,0.001019338,0.0010298316,0.001105754,0.0010704215,0.0010587008,0.0010449903,0.0010375561,0.0010485398,0.0010544927,0.0010664288,0.0,0.0010587006,0.0010449903,0.0010375561,0.0010485398,0.0010544927,0.0010664292,0.0010704219,0.0010587008,0.0010449903,0.0010375561,0.0010485398,0.0010544927,0.0010664286,0.0,0.0010587006,0.0010449898,0.0010375561,0.0010485398,0.0010544927,0.0010664287,0.0,0.0010587006,0.0010449903,0.0010375561,0.0010485398,0.0010544927,0.0010664286,0.0,0.0010587006,0.0,0.0010288795,0.0010098671,0.0010660785,0.0010774524,0.0,0.0010587008,0.0010449903,0.0010375561,0.0010485398,0.0010544927,0.0010664288,0.0,0.0,0.0,0.0010288795,0.0010098671,0.0010660785,0.0010886571,0.0010704128,0.0010587008,0.0,0.0010288795,0.0010098671,0.0010660785,0.0010774498,0.0010703543,0.0,0.0,0.0010288793,0.0010098671,0.0010660785,0.0010886574,0.0010704028,0.0,0.0010449903,0.0,0.0010587008,0.0010449903,0.0010660783,0.001070419,0.0,0.0,0.0010288795,0.0010098671,0.0010660785,0.001088657,0.0,0.0010587003,0.0,0.0010288795,0.0010098671,0.0010660785,0.0010774517,0.0,0.0,0.0010449903,0.0010587,0.0,0.0010288795,0.0010587006,0.0010704088,0.0010587006,0.0,0.0010288794,0.0010098671,0.0010660785,0.001077452,0.0,0.0,0.0010449903,0.0010288795,0.001019338,0.0010298316,0.0011057539,0.0,0.0,0.0010449903,0.0,0.0010587008,0.0010449903,0.0010660783,0.0,0.0010587011,0.0,0.0010587007,0.0,0.0010587008,0.0010449903,0.0,0.0,0.0010449884,0.0010288797,0.0010193378,0.0010298316,0.0011057536,0.0,0.0010587072,0.0010587007,0.0010529726,0.0010642282,0.0,0.0009873518,0.0,0.0010587003,0.00104499,0.0,0.0010587008,0.00104499,0.0010375564,0.001070418,0.0010587008,0.0010449903,0.0,0.0010587008,0.0010449903,0.0010375562,0.0,0.0010587007,0.0010449903,0.0010375561,0.0010485398,0.0010544927,0.0010664286,0.0010704219,0.0010587008,0.0010449903,0.0010375561,0.0010485398,0.0010544927,0.0010664286,0.001070395,0.0,0.0,0.0010288795,0.0010098671,0.0010660785,0.0010886571,0.0010704153,0.0,0.0010449903,0.0010288795,0.001019338,0.0010298316,0.0011057538,0.0,0.0010587007,0.0,0.0010288795,0.0010098671,0.0010660785,0.001077452,0.0010704102,0.0,0.0010449903,0.0010288795,0.001019338,0.0010298316,0.0011057538,0.0,0.0010587008,0.0010449903,0.0010375561,0.0010485398,0.0010544927,0.0010664286,0.0010704206,0.0010587008,0.0010449903,0.0010375561,0.0010485398,0.0010544927,0.0010664288,0.0,0.0010587008,0.0010449904,0.0010375561,0.0010485398,0.0010544927,0.0010664287,0.0,0.0,0.0010449903,0.0010288795,0.001019338,0.0010298316,0.0011057538,0.0010704197,0.0010587008,0.0,0.0,0.0010587007,0.0010587008,0.0010529729,0.001070393,0.0,0.0010449904,0.0,0.001058701,0.0010449903,0.0010660804,0.0010703341,0.0,0.0010587007,0.00104499,0.0010375561,0.0,0.0010587007,0.0,0.0010587005,0.0,0.0010288795,0.0010098671,0.0010660787,0.0010774531,0.0010704164,0.0,0.0010449903,0.0010288795,0.0010193378,0.0010298315,0.0011057613,0.0010704116,0.0,0.0,0.0010288795,0.0010098671,0.0010660785,0.0010886573,0.0,0.0010587007,0.0010449903,0.0010375561,0.0010485398,0.0010544927,0.0010664286,0.0010704008,0.0010587007,0.0010449904,0.0,0.0010587006,0.0010449903,0.001037556,0.0010704187,0.0,0.0010449904,0.0010288795,0.001019338,0.0010298316,0.001105754,0.0010704187,0.0,0.0010449903,0.0010288795,0.0010193378,0.0010298317,0.0011057531,0.0,0.0010587007,0.0010587007,0.0010529729,0.0010642282,0.0,0.0009873768,0.0010703916,0.0,0.0010449904,0.0010288795,0.001019338,0.0010298316,0.001105754,0.0010704187,0.0,0.0,0.0010288795,0.0010098671,0.0010660785,0.001088657,0.001070349,0.0010586999,0.0,0.0010288793,0.0010098667,0.0010660783,0.0010774523,0.0,0.001058701,0.0010449904,0.0010375561,0.0010485398,0.0010544927,0.0010664286,0.0,0.0010587011,0.0,0.0010288795,0.0010098671,0.0010660785,0.001077452,0.0,0.001058701,0.0010449901,0.0010375561,0.0010485398,0.0010544927,0.0010664287,0.0010704091,0.0010587006,0.0010449901,0.0010375561,0.0010485398,0.0010544927,0.0010664286,0.0,0.0,0.0,0.0010288795,0.0010098671,0.0010660785,0.0010886573,0.0010704215,0.0010587008,0.0,0.0010288795,0.0010098671,0.0010660785,0.0010774515,0.0010704129,0.0010587006,0.0010449903,0.0010660785,0.0,0.0010288795,0.0010098673,0.0,0.0010587008,0.0010449903,0.0010375561,0.0010485398,0.0010544927,0.0010664288,0.0,0.0010587008,0.0010449903,0.0010375561,0.0010485398,0.0010544927,0.0010664287,0.0,0.0010587003,0.0010449904,0.0010375561,0.0010485398,0.0010544927,0.0010664292,0.0010704126,0.0010587008,0.0010449903,0.0010375561,0.0010485398,0.0010544927,0.0010664286,0.0,0.0,0.0010449903,0.0010288795,0.001019338,0.0010298316,0.0011057537,0.0,0.0010587008,0.0010449903,0.0010375561,0.0010485398,0.0010544927,0.0010664286,0.00107036,0.001058701,0.0010449901,0.001037556,0.0010485398,0.0010544925,0.0010664292
k__Bacteria|p__Firmicutes|c__Negativicutes|o__Veillonellales|f__Veillonellaceae|g__Megasphaera|s__Megasphaera_SGB5856,0.0,0.0010590161,0.0010453117,0.0010378801,0.0010488578,0.0010548065,0.0010667354,0.0,0.0010590162,0.0010453117,0.0010378801,0.0010488578,0.0010548065,0.0010667352,0.0,0.0,0.0010453293,0.0010292189,0.001019669,0.001030157,0.0011060343,0.0010707704,0.0,0.0010453117,0.001029207,0.0010196682,0.001030157,0.0011060337,0.0,0.0,0.0010453117,0.001029207,0.0010196682,0.001030157,0.0011060335,0.0010707312,0.0010590159,0.0010453117,0.0010378801,0.0010488578,0.0010548065,0.0010667352,0.0,0.0010590164,0.0010453118,0.0010378801,0.0010488578,0.0010548065,0.0010667355,0.0010707313,0.0010590159,0.0010453117,0.0010378801,0.0010488578,0.0010548065,0.0010667352,0.0,0.001059016,0.0010453122,0.0010378802,0.0010488578,0.0010548065,0.0010667364,0.0,0.0010590162,0.0010453117,0.0010378801,0.0010488578,0.0010548065,0.0010667352,0.0,0.001059016,0.0,0.001029207,0.0010102005,0.0010663894,0.0010777562,0.0,0.0010590159,0.0010453117,0.0010378801,0.0010488578,0.0010548065,0.0010667358,0.0,0.0,0.0,0.001029207,0.0010102005,0.0010663894,0.0010889542,0.0010707414,0.001059016,0.0,0.001029207,0.0010102005,0.0010663894,0.0010777633,0.0010708175,0.0,0.0,0.0010292071,0.0010102005,0.0010663894,0.0010889531,0.0010707582,0.0,0.0010453117,0.0,0.0010590159,0.0010453117,0.0010663895,0.0010707342,0.0,0.0,0.001029207,0.0010102005,0.0010663894,0.0010889523,0.0,0.0010590177,0.0,0.001029207,0.0010102005,0.0010663894,0.0010777549,0.0,0.0,0.0010453125,0.0010590175,0.0,0.001029207,0.001059016,0.0010707598,0.0010590163,0.0,0.0010292069,0.0010102005,0.0010663894,0.0010777548,0.0,0.0,0.0010453118,0.001029207,0.0010196682,0.001030157,0.0011060337,0.0,0.0,0.0010453117,0.0,0.0010590159,0.0010453117,0.0010663895,0.0,0.0010590202,0.0,0.0010590161,0.0,0.0010590159,0.0010453117,0.0,0.0,0.0010453326,0.0010292104,0.0010196684,0.001030157,0.0011060341,0.0,0.0010590628,0.0010590211,0.0010532909,0.0010645388,0.0,0.0009877007,0.0,0.0010590181,0.0010453127,0.0,0.0010590164,0.0010453118,0.0010378822,0.0010707385,0.0010590159,0.0010453117,0.0,0.0010590159,0.0010453117,0.0010378808,0.0,0.0010590163,0.0010453117,0.0010378801,0.0010488578,0.0010548065,0.0010667354,0.0010707311,0.0010590159,0.0010453117,0.0010378801,0.0010488578,0.0010548065,0.0010667352,0.00107076,0.0,0.0,0.001029207,0.0010102005,0.0010663894,0.0010889522,0.0010707381,0.0,0.0010453117,0.001029207,0.0010196682,0.001030157,0.0011060335,0.0,0.0010590161,0.0,0.001029207,0.0010102005,0.0010663894,0.0010777549,0.0010707502,0.0,0.0010453117,0.001029207,0.0010196682,0.001030157,0.0011060396,0.0,0.0010590159,0.0010453117,0.0010378801,0.0010488578,0.0010548065,0.0010667366,0.0010707323,0.0010590159,0.0010453117,0.0010378801,0.0010488578,0.0010548065,0.0010667352,0.0,0.0010590164,0.0010453118,0.0010378801,0.0010488578,0.0010548065,0.0010667356,0.0,0.0,0.0010453117,0.001029207,0.0010196682,0.001030157,0.0011060335,0.0010707338,0.0010590159,0.0,0.0,0.0010590161,0.001059016,0.0010532908,0.0010707722,0.0,0.0010453118,0.0,0.0010590161,0.0010453117,0.0010663909,0.0010708648,0.0,0.0010590163,0.0010453118,0.0010378801,0.0,0.0010590162,0.0,0.0010590159,0.0,0.001029207,0.0010102005,0.0010663895,0.0010777585,0.001070737,0.0,0.0010453117,0.001029207,0.0010196684,0.0010301573,0.0011060913,0.0010707503,0.0,0.0,0.001029207,0.0010102005,0.0010663894,0.0010889521,0.0,0.0010590161,0.0010453117,0.0010378801,0.0010488578,0.0010548065,0.0010667352,0.001070761,0.0010590162,0.0010453118,0.0,0.0010590161,0.0010453117,0.0010378812,0.0010707338,0.0,0.0010453118,0.0010292071,0.0010196682,0.001030157,0.0011060351,0.0010707353,0.0,0.0010453117,0.001029207,0.0010196684,0.0010301571,0.0011060346,0.0,0.0010590162,0.0010590162,0.0010532904,0.0010645388,0.0,0.0009877413,0.00107077,0.0,0.0010453118,0.001029207,0.0010196682,0.001030157,0.0011060335,0.0010707368,0.0,0.0,0.001029207,0.0010102005,0.0010663894,0.0010889536,0.00107081,0.0010590168,0.0,0.0010292082,0.0010102006,0.0010663896,0.0010777608,0.0,0.001059016,0.0010453118,0.0010378801,0.0010488578,0.0010548065,0.0010667352,0.0,0.0010590173,0.0,0.001029207,0.0010102005,0.0010663894,0.0010777549,0.0,0.001059016,0.0010453118,0.0010378801,0.0010488578,0.0010548065,0.0010667354,0.001070745,0.0010590162,0.0010453117,0.0010378803,0.0010488578,0.0010548065,0.0010667357,0.0,0.0,0.0,0.001029207,0.0010102005,0.0010663894,0.0010889525,0.0010707306,0.0010590159,0.0,0.001029207,0.0010102005,0.0010663894,0.0010777556,0.0010707432,0.001059016,0.0010453117,0.0010663894,0.0,0.001029207,0.0010102006,0.0,0.0010590159,0.0010453117,0.0010378801,0.0010488578,0.0010548065,0.0010667361,0.0,0.0010590161,0.0010453117,0.0010378801,0.0010488578,0.0010548065,0.0010667356,0.0,0.0010590167,0.0010453118,0.0010378801,0.0010488578,0.0010548065,0.0010667373,0.0010707411,0.0010590161,0.0010453117,0.0010378801,0.0010488578,0.0010548065,0.0010667358,0.0,0.0,0.0010453117,0.001029207,0.0010196682,0.001030157,0.0011060337,0.0,0.0010590159,0.0010453117,0.0010378801,0.0010488578,0.0010548065,0.0010667352,0.0010709815,0.0010590175,0.0010453117,0.0010378801,0.0010488578,0.0010548065,0.001066738
k__Bacteria|p__Firmicutes|c__Negativicutes|o__Veillonellales|f__Veillonellaceae|g__Dialister|s__Dialister_hominis,0.0,0.0010615997,0.0010479732,0.0010406012,0.0010515971,0.0010575785,0.0010694931,0.0,0.0010615998,0.0010479732,0.0010406012,0.0010515971,0.0010575785,0.0010694932,0.0,0.0,0.0010479896,0.0010319573,0.0010224698,0.0010329874,0.0011084066,0.0010732837,0.0,0.0010479732,0.0010319467,0.001022469,0.0010329874,0.0011084059,0.0,0.0,0.0010479732,0.0010319467,0.001022469,0.0010329874,0.0011084059,0.0010732384,0.0010615997,0.0010479732,0.0010406012,0.0010515971,0.0010575785,0.0010694932,0.0,0.0010616,0.0010479733,0.0010406012,0.0010515971,0.0010575785,0.0010694939,0.0010732386,0.0010615997,0.0010479732,0.0010406012,0.0010515971,0.0010575785,0.0010694932,0.0,0.0010615998,0.0010479742,0.0010406013,0.0010515971,0.0010575785,0.001069494,0.0,0.0010615998,0.0010479732,0.0010406012,0.0010515971,0.0010575785,0.0010694934,0.0,0.0010615998,0.0,0.0010319467,0.0010130161,0.0010689484,0.0010803116,0.0,0.0010615997,0.0010479732,0.0010406012,0.0010515971,0.0010575785,0.0010694937,0.0,0.0,0.0,0.0010319467,0.0010130161,0.0010689484,0.0010914191,0.0010732503,0.0010615998,0.0,0.0010319467,0.0010130161,0.0010689484,0.0010803178,0.0010733276,0.0,0.0,0.0010319467,0.0010130161,0.0010689484,0.0010914187,0.0010732694,0.0,0.0010479732,0.0,0.0010615997,0.0010479732,0.0010689487,0.0010732417,0.0,0.0,0.0010319467,0.0010130161,0.0010689484,0.0010914182,0.0,0.0010616012,0.0,0.0010319467,0.0010130161,0.0010689484,0.0010803102,0.0,0.0,0.001047974,0.0010616012,0.0,0.0010319467,0.0010615998,0.0010732649,0.0010616002,0.0,0.0010319467,0.0010130161,0.0010689484,0.00108031,0.0,0.0,0.0010479734,0.0010319467,0.001022469,0.0010329874,0.0011084063,0.0,0.0,0.0010479732,0.0,0.0010615997,0.0010479732,0.0010689487,0.0,0.0010616035,0.0,0.0010615999,0.0,0.0010615997,0.0010479733,0.0,0.0,0.0010479909,0.0010319495,0.0010224695,0.0010329874,0.0011084066,0.0,0.0010616466,0.0010616047,0.0010559309,0.0010671855,0.0,0.0009905872,0.0,0.0010616019,0.0010479742,0.0,0.0010616003,0.0010479735,0.001040604,0.0010732461,0.0010615997,0.0010479732,0.0,0.0010615997,0.0010479732,0.0010406022,0.0,0.0010615999,0.0010479733,0.0010406012,0.0010515971,0.0010575785,0.0010694932,0.0010732384,0.0010615997,0.0010479732,0.0010406012,0.0010515971,0.0010575785,0.0010694934,0.001073269,0.0,0.0,0.0010319467,0.0010130161,0.0010689484,0.0010914181,0.0010732451,0.0,0.0010479732,0.0010319467,0.001022469,0.0010329874,0.0011084061,0.0,0.0010615999,0.0,0.0010319467,0.0010130161,0.0010689484,0.0010803101,0.00107326,0.0,0.0010479732,0.0010319467,0.001022469,0.0010329874,0.0011084136,0.0,0.0010615997,0.0010479732,0.0010406012,0.0010515971,0.0010575785,0.0010694945,0.0010732396,0.0010615997,0.0010479732,0.0010406012,0.0010515971,0.0010575785,0.0010694932,0.0,0.0010616003,0.0010479735,0.0010406012,0.0010515971,0.0010575785,0.0010694936,0.0,0.0,0.0010479732,0.0010319467,0.001022469,0.0010329874,0.001108406,0.0010732415,0.0010615997,0.0,0.0,0.0010615999,0.0010615998,0.0010559304,0.0010732851,0.0,0.0010479735,0.0,0.0010615999,0.0010479732,0.001068952,0.0010733833,0.0,0.0010615999,0.0010479735,0.0010406012,0.0,0.0010616003,0.0,0.0010615997,0.0,0.0010319467,0.0010130161,0.0010689485,0.0010803166,0.0010732451,0.0,0.0010479732,0.0010319467,0.0010224691,0.0010329876,0.0011084562,0.0010732564,0.0,0.0,0.0010319467,0.0010130161,0.0010689484,0.001091418,0.0,0.0010615999,0.0010479733,0.0010406012,0.0010515971,0.0010575785,0.0010694932,0.0010732714,0.0010615998,0.0010479733,0.0,0.0010615997,0.0010479732,0.0010406023,0.0010732412,0.0,0.0010479733,0.0010319467,0.001022469,0.0010329874,0.0011084072,0.0010732427,0.0,0.0010479733,0.0010319467,0.0010224695,0.0010329874,0.0011084076,0.0,0.0010615998,0.0010615999,0.0010559304,0.0010671858,0.0,0.0009906222,0.0010732776,0.0,0.0010479735,0.0010319467,0.001022469,0.0010329874,0.0011084059,0.0010732443,0.0,0.0,0.0010319467,0.0010130161,0.0010689484,0.001091419,0.0010733233,0.0010616006,0.0,0.0010319477,0.0010130162,0.0010689488,0.0010803161,0.0,0.0010615998,0.0010479735,0.0010406012,0.0010515971,0.0010575785,0.0010694932,0.0,0.0010616009,0.0,0.0010319467,0.0010130161,0.0010689484,0.0010803101,0.0,0.0010615998,0.0010479736,0.0010406012,0.0010515971,0.0010575785,0.0010694932,0.0010732553,0.0010616,0.0010479735,0.0010406013,0.0010515971,0.0010575785,0.0010694936,0.0,0.0,0.0,0.0010319467,0.0010130161,0.0010689484,0.0010914184,0.001073238,0.0010615997,0.0,0.0010319467,0.0010130161,0.0010689484,0.0010803111,0.0010732518,0.0010615998,0.0010479732,0.0010689484,0.0,0.0010319467,0.0010130161,0.0,0.0010615997,0.0010479732,0.0010406012,0.0010515971,0.0010575785,0.001069494,0.0,0.0010615997,0.0010479732,0.0010406012,0.0010515971,0.0010575785,0.0010694936,0.0,0.0010616005,0.0010479733,0.0010406012,0.0010515971,0.0010575785,0.0010694951,0.0010732492,0.0010615997,0.0010479732,0.0010406012,0.0010515971,0.0010575785,0.0010694938,0.0,0.0,0.0010479732,0.0010319467,0.001022469,0.0010329874,0.0011084065,0.0,0.0010615997,0.0010479732,0.0010406012,0.0010515971,0.0010575785,0.0010694934,0.0010735067,0.0010616013,0.0010479735,0.0010406012,0.0010515971,0.0010575785,0.0010694959
k__Bacteria|p__Firmicutes|c__Bacilli|o__Lactobacillales|f__Lactobacillaceae|g__Ligilactobacillus|s__Ligilactobacillus_ruminis,0.0,0.0010616875,0.0010480749,0.0010407213,0.0010517463,0.0010577571,0.0010696913,0.0,0.0010616876,0.0010480749,0.0010407213,0.0010517463,0.0010577571,0.0010696911,0.0,0.0,0.00104807,0.0010320594,0.0010226041,0.0010331526,0.001108521,0.0010732999,0.0,0.0010480749,0.0010320627,0.0010226043,0.0010331526,0.0011085215,0.0,0.0,0.0010480749,0.0010320627,0.0010226043,0.0010331526,0.0011085214,0.0010733124,0.0010616876,0.0010480749,0.0010407213,0.0010517463,0.0010577571,0.001069691,0.0,0.0010616874,0.001048075,0.0010407213,0.0010517463,0.0010577571,0.001069691,0.0010733127,0.0010616876,0.0010480749,0.0010407213,0.0010517463,0.0010577571,0.0010696909,0.0,0.0010616875,0.0010480746,0.0010407212,0.0010517463,0.0010577571,0.0010696913,0.0,0.0010616876,0.0010480749,0.0010407213,0.0010517463,0.0010577571,0.0010696911,0.0,0.0010616876,0.0,0.0010320627,0.0010131466,0.00106904,0.0010804283,0.0,0.0010616876,0.0010480749,0.0010407213,0.0010517463,0.0010577571,0.0010696914,0.0,0.0,0.0,0.0010320627,0.0010131466,0.00106904,0.0010915224,0.0010733102,0.0010616876,0.0,0.0010320627,0.0010131466,0.00106904,0.0010804277,0.0010732966,0.0,0.0,0.0010320626,0.0010131466,0.00106904,0.0010915225,0.0010733048,0.0,0.0010480749,0.0,0.0010616876,0.0010480749,0.00106904,0.0010733113,0.0,0.0,0.0010320627,0.0010131466,0.00106904,0.0010915223,0.0,0.0010616869,0.0,0.0010320627,0.0010131466,0.00106904,0.0010804283,0.0,0.0,0.0010480745,0.0010616871,0.0,0.0010320627,0.0010616877,0.0010733047,0.0010616875,0.0,0.0010320626,0.0010131466,0.00106904,0.0010804285,0.0,0.0,0.001048075,0.0010320627,0.0010226043,0.0010331526,0.001108521,0.0,0.0,0.0010480749,0.0,0.0010616876,0.0010480749,0.0010690398,0.0,0.0010616857,0.0,0.0010616877,0.0,0.0010616876,0.001048075,0.0,0.0,0.0010480694,0.0010320613,0.0010226042,0.0010331526,0.001108521,0.0,0.0010616712,0.0010616849,0.0010560353,0.0010673192,0.0,0.0009907229,0.0,0.0010616863,0.0010480745,0.0,0.0010616875,0.001048075,0.0010407207,0.0010733104,0.0010616876,0.0010480749,0.0,0.0010616876,0.0010480749,0.0010407211,0.0,0.0010616877,0.001048075,0.0010407213,0.0010517463,0.0010577571,0.001069691,0.0010733126,0.0010616876,0.0010480749,0.0010407213,0.0010517463,0.0010577571,0.0010696911,0.0010733036,0.0,0.0,0.0010320627,0.0010131466,0.00106904,0.0010915222,0.0010733096,0.0,0.0010480749,0.0010320627,0.0010226043,0.0010331526,0.0011085212,0.0,0.0010616877,0.0,0.0010320627,0.0010131466,0.00106904,0.0010804284,0.0010733079,0.0,0.0010480749,0.0010320627,0.0010226043,0.0010331526,0.0011085197,0.0,0.0010616876,0.0010480749,0.0010407213,0.0010517463,0.0010577571,0.0010696911,0.0010733124,0.0010616876,0.0010480749,0.0010407213,0.0010517463,0.0010577571,0.001069691,0.0,0.0010616875,0.001048075,0.0010407213,0.0010517463,0.0010577571,0.0010696908,0.0,0.0,0.0010480749,0.0010320627,0.0010226043,0.0010331526,0.0011085215,0.0010733118,0.0010616876,0.0,0.0,0.0010616877,0.0010616876,0.0010560359,0.0010733017,0.0,0.0010480749,0.0,0.0010616877,0.0010480749,0.0010690397,0.0010732906,0.0,0.0010616875,0.001048075,0.0010407213,0.0,0.0010616877,0.0,0.0010616875,0.0,0.0010320627,0.0010131466,0.0010690399,0.0010804284,0.0010733103,0.0,0.0010480749,0.0010320627,0.0010226042,0.0010331527,0.001108521,0.0010733069,0.0,0.0,0.0010320627,0.0010131466,0.00106904,0.0010915222,0.0,0.0010616877,0.001048075,0.0010407213,0.0010517463,0.0010577571,0.0010696911,0.0010733168,0.0010616877,0.001048075,0.0,0.0010616875,0.0010480749,0.0010407211,0.0010733118,0.0,0.001048075,0.0010320623,0.0010226043,0.0010331526,0.0011085215,0.0010733111,0.0,0.001048075,0.0010320626,0.0010226042,0.0010331527,0.0011085207,0.0,0.0010616874,0.0010616875,0.0010560356,0.0010673188,0.0,0.0009907399,0.0010733021,0.0,0.001048075,0.0010320627,0.0010226043,0.0010331526,0.0011085214,0.0010733115,0.0,0.0,0.0010320627,0.0010131466,0.00106904,0.0010915229,0.0010732941,0.001061687,0.0,0.0010320623,0.0010131466,0.00106904,0.0010804284,0.0,0.0010616876,0.001048075,0.0010407213,0.0010517463,0.0010577571,0.001069691,0.0,0.0010616869,0.0,0.0010320627,0.0010131466,0.00106904,0.0010804284,0.0,0.0010616877,0.001048075,0.0010407213,0.0010517463,0.0010577571,0.0010696911,0.0010733076,0.0010616874,0.0010480748,0.0010407211,0.0010517463,0.0010577571,0.001069691,0.0,0.0,0.0,0.0010320627,0.0010131466,0.00106904,0.0010915225,0.0010733126,0.0010616876,0.0,0.0010320627,0.0010131466,0.00106904,0.001080428,0.0010733082,0.0010616876,0.0010480749,0.00106904,0.0,0.0010320627,0.0010131467,0.0,0.0010616876,0.0010480749,0.0010407213,0.0010517463,0.0010577571,0.0010696911,0.0,0.0010616876,0.0010480749,0.0010407213,0.0010517463,0.0010577571,0.001069691,0.0,0.001061687,0.001048075,0.0010407213,0.0010517463,0.0010577571,0.0010696917,0.0010733083,0.0010616876,0.0010480749,0.0010407213,0.0010517463,0.0010577571,0.0010696911,0.0,0.0,0.0010480749,0.0010320627,0.0010226043,0.0010331526,0.0011085214,0.0,0.0010616876,0.0010480749,0.0010407213,0.0010517463,0.0010577571,0.0010696911,0.0010732862,0.0010616869,0.0010480748,0.001040721,0.0010517463,0.0010577571,0.0010696917
k__Bacteria|p__Firmicutes|c__Bacilli|o__Lactobacillales|f__Lactobacillaceae|g__Ligilactobacillus|s__Ligilactobacillus_saerimneri,0.0,0.001058611,0.0010449468,0.001037583,0.0010486927,0.0010547688,0.0010667923,0.0,0.001058611,0.0010449468,0.001037583,0.0010486927,0.0010547688,0.0010667922,0.0,0.0,0.0010449642,0.0010288968,0.0010194173,0.0010300392,0.001105826,0.0010703112,0.0,0.0010449468,0.0010288854,0.0010194166,0.0010300392,0.0011058256,0.0,0.0,0.0010449468,0.0010288854,0.0010194166,0.0010300392,0.0011058258,0.0010702884,0.0010586109,0.0010449468,0.001037583,0.0010486927,0.0010547688,0.0010667922,0.0,0.0010586116,0.001044947,0.001037583,0.0010486927,0.0010547688,0.0010667924,0.0010702884,0.0010586109,0.0010449468,0.001037583,0.0010486927,0.0010547688,0.0010667924,0.0,0.0010586111,0.0010449474,0.0010375833,0.001048693,0.0010547688,0.0010667929,0.0,0.001058611,0.0010449468,0.001037583,0.0010486927,0.0010547688,0.0010667923,0.0,0.001058611,0.0,0.0010288854,0.0010099245,0.0010660097,0.0010775044,0.0,0.0010586109,0.0010449468,0.001037583,0.001048693,0.0010547688,0.0010667924,0.0,0.0,0.0,0.0010288854,0.0010099245,0.0010660097,0.0010886628,0.001070294,0.001058611,0.0,0.0010288854,0.0010099245,0.0010660097,0.0010775086,0.0010703389,0.0,0.0,0.0010288855,0.0010099245,0.0010660097,0.001088662,0.0010703063,0.0,0.0010449468,0.0,0.0010586109,0.0010449468,0.0010660096,0.0010702907,0.0,0.0,0.0010288854,0.0010099245,0.0010660097,0.0010886617,0.0,0.0010586125,0.0,0.0010288854,0.0010099245,0.0010660097,0.0010775037,0.0,0.0,0.0010449478,0.0010586124,0.0,0.0010288854,0.0010586109,0.001070309,0.0010586111,0.0,0.0010288854,0.0010099245,0.0010660097,0.0010775035,0.0,0.0,0.001044947,0.0010288854,0.0010194166,0.0010300392,0.0011058258,0.0,0.0,0.0010449468,0.0,0.0010586109,0.0010449468,0.0010660097,0.0,0.0010586146,0.0,0.0010586111,0.0,0.0010586109,0.001044947,0.0,0.0,0.0010449683,0.0010288885,0.0010194165,0.0010300392,0.0011058258,0.0,0.0010586606,0.0010586159,0.0010529512,0.0010643295,0.0,0.000987469,0.0,0.0010586132,0.0010449479,0.0,0.0010586111,0.001044947,0.001037585,0.0010702931,0.0010586109,0.0010449468,0.0,0.0010586109,0.0010449468,0.0010375836,0.0,0.0010586112,0.001044947,0.001037583,0.0010486927,0.0010547688,0.0010667922,0.0010702884,0.0010586109,0.0010449468,0.001037583,0.0010486927,0.0010547688,0.0010667925,0.0010703069,0.0,0.0,0.0010288854,0.0010099245,0.0010660097,0.0010886616,0.0010702941,0.0,0.0010449468,0.0010288854,0.0010194166,0.0010300392,0.0011058258,0.0,0.0010586111,0.0,0.0010288854,0.0010099245,0.0010660097,0.0010775035,0.0010702993,0.0,0.0010449468,0.0010288854,0.0010194166,0.0010300392,0.0011058307,0.0,0.0010586109,0.0010449468,0.001037583,0.001048693,0.0010547688,0.0010667928,0.0010702889,0.0010586109,0.0010449468,0.001037583,0.0010486927,0.0010547688,0.0010667922,0.0,0.0010586117,0.001044947,0.001037583,0.001048693,0.0010547688,0.0010667925,0.0,0.0,0.0010449468,0.0010288854,0.0010194166,0.0010300392,0.0011058258,0.0010702893,0.0010586109,0.0,0.0,0.0010586111,0.001058611,0.0010529507,0.0010703094,0.0,0.0010449472,0.0,0.0010586111,0.0010449468,0.0010660118,0.0010703672,0.0,0.0010586111,0.001044947,0.001037583,0.0,0.0010586111,0.0,0.0010586109,0.0,0.0010288854,0.0010099245,0.0010660096,0.0010775062,0.0010702924,0.0,0.0010449468,0.0010288854,0.0010194165,0.0010300394,0.0011058658,0.0010702994,0.0,0.0,0.0010288854,0.0010099245,0.0010660097,0.0010886617,0.0,0.0010586111,0.001044947,0.001037583,0.0010486927,0.0010547688,0.0010667922,0.0010702871,0.0010586111,0.001044947,0.0,0.001058611,0.0010449468,0.001037584,0.0010702903,0.0,0.001044947,0.0010288854,0.0010194166,0.0010300392,0.0011058262,0.0010702909,0.0,0.001044947,0.0010288854,0.0010194165,0.0010300393,0.0011058263,0.0,0.0010586111,0.0010586111,0.0010529509,0.0010643294,0.0,0.0009875012,0.0010703114,0.0,0.001044947,0.0010288854,0.0010194166,0.0010300392,0.0011058258,0.0010702916,0.0,0.0,0.0010288854,0.0010099245,0.0010660097,0.0010886624,0.001070336,0.0010586118,0.0,0.0010288865,0.0010099246,0.0010660097,0.0010775075,0.0,0.0010586111,0.001044947,0.001037583,0.0010486927,0.0010547688,0.0010667922,0.0,0.0010586121,0.0,0.0010288854,0.0010099245,0.0010660097,0.0010775035,0.0,0.0010586111,0.001044947,0.001037583,0.0010486927,0.0010547688,0.0010667925,0.001070298,0.001058611,0.001044947,0.0010375833,0.001048693,0.0010547688,0.0010667924,0.0,0.0,0.0,0.0010288854,0.0010099245,0.0010660097,0.0010886617,0.0010702882,0.0010586109,0.0,0.0010288854,0.0010099245,0.0010660097,0.0010775039,0.0010702951,0.0010586111,0.0010449468,0.0010660097,0.0,0.0010288854,0.0010099246,0.0,0.0010586109,0.0010449468,0.001037583,0.001048693,0.0010547688,0.0010667928,0.0,0.0010586109,0.0010449468,0.001037583,0.001048693,0.0010547688,0.0010667925,0.0,0.0010586118,0.001044947,0.001037583,0.001048693,0.0010547688,0.0010667931,0.0010702967,0.0010586109,0.0010449468,0.001037583,0.0010486927,0.0010547688,0.0010667925,0.0,0.0,0.0010449468,0.0010288854,0.0010194166,0.0010300392,0.001105826,0.0,0.0010586109,0.0010449468,0.001037583,0.0010486927,0.0010547688,0.0010667923,0.0010704177,0.0010586124,0.001044947,0.0010375829,0.001048693,0.0010547688,0.0010667937
k__Bacteria|p__Firmicutes|c__Bacilli|o__Lactobacillales|f__Lactobacillaceae|g__Limosilactobacillus|s__Lactobacillus_timonensis,0.0,0.0010612387,0.001047653,0.001040348,0.0010514734,0.0010575807,0.0010695881,0.0,0.0010612387,0.001047653,0.001040348,0.0010514734,0.0010575807,0.0010695881,0.0,0.0,0.0010476667,0.0010316806,0.0010222625,0.0010329112,0.001108236,0.0010728692,0.0,0.001047653,0.0010316694,0.0010222617,0.0010329112,0.0011082356,0.0,0.0,0.001047653,0.0010316694,0.0010222617,0.0010329112,0.0011082356,0.0010728394,0.0010612386,0.001047653,0.001040348,0.0010514734,0.0010575807,0.001069588,0.0,0.0010612396,0.001047653,0.001040348,0.0010514734,0.0010575807,0.0010695882,0.0010728395,0.0010612386,0.001047653,0.001040348,0.0010514734,0.0010575807,0.0010695881,0.0,0.001061239,0.0010476531,0.001040348,0.0010514738,0.0010575807,0.0010695887,0.0,0.0010612387,0.001047653,0.001040348,0.0010514734,0.0010575807,0.0010695881,0.0,0.0010612387,0.0,0.0010316694,0.0010127847,0.0010686122,0.0010801011,0.0,0.0010612386,0.001047653,0.001040348,0.0010514738,0.0010575807,0.0010695884,0.0,0.0,0.0,0.0010316694,0.0010127847,0.0010686122,0.0010911699,0.0010728458,0.0010612387,0.0,0.0010316694,0.0010127847,0.0010686122,0.0010801047,0.0010729044,0.0,0.0,0.0010316696,0.0010127847,0.0010686122,0.0010911691,0.0010728578,0.0,0.001047653,0.0,0.0010612386,0.001047653,0.0010686122,0.001072842,0.0,0.0,0.0010316694,0.0010127847,0.001068612,0.0010911678,0.0,0.0010612401,0.0,0.0010316694,0.0010127847,0.001068612,0.0010800997,0.0,0.0,0.0010476545,0.0010612397,0.0,0.0010316694,0.0010612387,0.0010728682,0.001061239,0.0,0.0010316694,0.0010127847,0.001068612,0.0010800996,0.0,0.0,0.0010476533,0.0010316694,0.0010222617,0.0010329112,0.0011082359,0.0,0.0,0.001047653,0.0,0.0010612386,0.001047653,0.0010686121,0.0,0.0010612431,0.0,0.0010612387,0.0,0.0010612386,0.0010476531,0.0,0.0,0.0010476724,0.0010316725,0.0010222618,0.0010329112,0.0011082361,0.0,0.0010612659,0.0010612421,0.0010556345,0.0010670173,0.0,0.0009904017,0.0,0.0010612413,0.001047654,0.0,0.001061239,0.001047653,0.0010403497,0.0010728446,0.0010612386,0.001047653,0.0,0.0010612386,0.001047653,0.001040349,0.0,0.0010612388,0.0010476531,0.001040348,0.0010514734,0.0010575807,0.001069588,0.0010728393,0.0010612386,0.001047653,0.001040348,0.0010514734,0.0010575807,0.0010695881,0.0010728688,0.0,0.0,0.0010316694,0.0010127847,0.001068612,0.0010911677,0.0010728437,0.0,0.001047653,0.0010316694,0.0010222617,0.0010329112,0.0011082358,0.0,0.0010612387,0.0,0.0010316694,0.0010127847,0.001068612,0.0010800995,0.0010728498,0.0,0.001047653,0.0010316694,0.0010222617,0.0010329112,0.0011082385,0.0,0.0010612386,0.001047653,0.001040348,0.0010514734,0.0010575807,0.0010695896,0.0010728398,0.0010612386,0.001047653,0.001040348,0.0010514734,0.0010575807,0.001069588,0.0,0.0010612394,0.001047653,0.001040348,0.0010514734,0.0010575807,0.0010695881,0.0,0.0,0.001047653,0.0010316694,0.0010222617,0.0010329112,0.0011082358,0.0010728413,0.0010612386,0.0,0.0,0.0010612387,0.0010612387,0.0010556352,0.0010728756,0.0,0.001047653,0.0,0.0010612387,0.001047653,0.0010686127,0.0010729326,0.0,0.001061239,0.001047653,0.001040348,0.0,0.0010612395,0.0,0.0010612388,0.0,0.0010316694,0.0010127847,0.0010686121,0.0010801,0.0010728458,0.0,0.001047653,0.0010316694,0.0010222618,0.0010329118,0.0011082591,0.0010728594,0.0,0.0,0.0010316694,0.0010127847,0.001068612,0.0010911678,0.0,0.0010612387,0.0010476531,0.001040348,0.0010514734,0.0010575807,0.0010695881,0.0010728483,0.0010612389,0.001047653,0.0,0.0010612387,0.0010476527,0.0010403484,0.0010728415,0.0,0.001047653,0.0010316696,0.0010222617,0.0010329112,0.0011082371,0.001072843,0.0,0.0010476531,0.0010316694,0.0010222618,0.0010329114,0.0011082366,0.0,0.0010612389,0.0010612388,0.001055634,0.0010670173,0.0,0.0009904405,0.0010728755,0.0,0.001047653,0.0010316694,0.0010222617,0.0010329112,0.0011082356,0.0010728438,0.0,0.0,0.0010316694,0.0010127847,0.0010686122,0.0010911694,0.0010728964,0.0010612392,0.0,0.0010316704,0.0010127849,0.0010686121,0.0010801053,0.0,0.0010612387,0.0010476529,0.001040348,0.0010514734,0.0010575807,0.001069588,0.0,0.00106124,0.0,0.0010316694,0.0010127847,0.001068612,0.0010800995,0.0,0.0010612387,0.0010476533,0.001040348,0.0010514734,0.0010575807,0.0010695881,0.0010728507,0.0010612389,0.001047653,0.001040348,0.0010514734,0.0010575807,0.0010695882,0.0,0.0,0.0,0.0010316694,0.0010127847,0.001068612,0.0010911683,0.0010728388,0.0010612386,0.0,0.0010316694,0.0010127847,0.001068612,0.0010801,0.0010728539,0.0010612387,0.001047653,0.001068612,0.0,0.0010316694,0.0010127849,0.0,0.0010612386,0.001047653,0.001040348,0.0010514734,0.0010575807,0.0010695888,0.0,0.0010612386,0.001047653,0.001040348,0.0010514734,0.0010575807,0.0010695881,0.0,0.0010612392,0.001047653,0.001040348,0.0010514734,0.0010575807,0.0010695892,0.0010728459,0.0010612386,0.001047653,0.001040348,0.0010514734,0.0010575807,0.0010695884,0.0,0.0,0.001047653,0.0010316694,0.0010222617,0.0010329112,0.0011082358,0.0,0.0010612386,0.001047653,0.001040348,0.0010514734,0.0010575807,0.0010695881,0.0010730253,0.0010612404,0.001047653,0.0010403481,0.0010514738,0.0010575807,0.0010695899
k__Bacteria|p__Firmicutes|c__Bacilli|o__Lactobacillales|f__Lactobacillaceae|g__Lactobacillus|s__Lactobacillus_johnsonii,0.0,0.0010586934,0.0010450109,0.001037618,0.0010486746,0.0010546985,0.0010666845,0.0,0.0010586936,0.0010450109,0.001037618,0.0010486746,0.0010546985,0.0010666844,0.0,0.0,0.0010450219,0.0010289367,0.0010194315,0.0010299989,0.0011058365,0.0010704198,0.0,0.0010450109,0.0010289297,0.0010194309,0.0010299989,0.0011058357,0.0,0.0,0.0010450109,0.0010289297,0.0010194309,0.0010299989,0.0011058358,0.0010703886,0.0010586935,0.0010450109,0.001037618,0.0010486746,0.0010546985,0.0010666841,0.0,0.0010586937,0.001045011,0.001037618,0.0010486746,0.0010546985,0.0010666846,0.0010703887,0.0010586935,0.0010450109,0.001037618,0.0010486746,0.0010546985,0.0010666844,0.0,0.0010586937,0.0010450114,0.0010376183,0.0010486746,0.0010546985,0.0010666851,0.0,0.0010586936,0.0010450109,0.001037618,0.0010486746,0.0010546985,0.0010666845,0.0,0.0010586936,0.0,0.0010289297,0.0010099481,0.001066083,0.0010775268,0.0,0.0010586935,0.0010450109,0.001037618,0.0010486746,0.0010546985,0.001066685,0.0,0.0,0.0,0.0010289297,0.0010099481,0.001066083,0.0010887043,0.0010703979,0.0010586936,0.0,0.0010289297,0.0010099481,0.001066083,0.0010775324,0.0010704605,0.0,0.0,0.0010289298,0.0010099481,0.001066083,0.0010887035,0.0010704111,0.0,0.0010450109,0.0,0.0010586935,0.0010450109,0.0010660831,0.0010703917,0.0,0.0,0.0010289297,0.0010099481,0.001066083,0.0010887022,0.0,0.0010586948,0.0,0.0010289297,0.0010099481,0.001066083,0.0010775256,0.0,0.0,0.0010450117,0.0010586948,0.0,0.0010289297,0.0010586937,0.0010704118,0.0010586937,0.0,0.0010289298,0.0010099481,0.001066083,0.0010775256,0.0,0.0,0.0010450111,0.0010289297,0.0010194309,0.0010299989,0.0011058359,0.0,0.0,0.0010450109,0.0,0.0010586935,0.0010450109,0.0010660832,0.0,0.0010586962,0.0,0.0010586937,0.0,0.0010586935,0.001045011,0.0,0.0,0.0010450253,0.0010289317,0.0010194312,0.0010299989,0.0011058362,0.0,0.0010587221,0.0010586964,0.0010530057,0.0010643316,0.0,0.0009874738,0.0,0.0010586951,0.0010450116,0.0,0.0010586937,0.001045011,0.0010376201,0.0010703945,0.0010586935,0.0010450109,0.0,0.0010586935,0.0010450109,0.0010376191,0.0,0.0010586936,0.001045011,0.001037618,0.0010486746,0.0010546985,0.0010666844,0.0010703887,0.0010586935,0.0010450109,0.001037618,0.0010486746,0.0010546985,0.0010666845,0.0010704143,0.0,0.0,0.0010289297,0.0010099481,0.001066083,0.0010887022,0.0010703941,0.0,0.0010450109,0.0010289297,0.0010194309,0.0010299989,0.0011058357,0.0,0.0010586937,0.0,0.0010289297,0.0010099481,0.001066083,0.0010775254,0.0010704043,0.0,0.0010450109,0.0010289297,0.0010194309,0.0010299989,0.001105842,0.0,0.0010586935,0.0010450109,0.001037618,0.0010486746,0.0010546985,0.0010666857,0.0010703894,0.0010586935,0.0010450109,0.001037618,0.0010486746,0.0010546985,0.0010666841,0.0,0.0010586939,0.001045011,0.001037618,0.0010486746,0.0010546985,0.0010666845,0.0,0.0,0.0010450109,0.0010289297,0.0010194309,0.0010299989,0.0011058358,0.0010703906,0.0010586935,0.0,0.0,0.0010586937,0.0010586936,0.0010530057,0.0010704222,0.0,0.0010450111,0.0,0.0010586937,0.0010450109,0.0010660854,0.0010704977,0.0,0.0010586936,0.001045011,0.001037618,0.0,0.0010586942,0.0,0.0010586935,0.0,0.0010289297,0.0010099481,0.0010660829,0.0010775307,0.0010703941,0.0,0.0010450109,0.0010289297,0.0010194312,0.0010299995,0.001105892,0.0010704024,0.0,0.0,0.0010289297,0.0010099481,0.001066083,0.0010887019,0.0,0.0010586937,0.001045011,0.001037618,0.0010486746,0.0010546985,0.0010666844,0.0010704084,0.0010586936,0.001045011,0.0,0.0010586935,0.0010450109,0.0010376191,0.0010703912,0.0,0.001045011,0.0010289298,0.0010194309,0.0010299989,0.0011058379,0.001070392,0.0,0.001045011,0.0010289297,0.0010194308,0.0010299989,0.0011058374,0.0,0.0010586936,0.0010586936,0.0010530055,0.0010643314,0.0,0.0009875101,0.0010704197,0.0,0.001045011,0.0010289297,0.0010194309,0.0010299989,0.0011058358,0.0010703937,0.0,0.0,0.0010289297,0.0010099481,0.001066083,0.0010887039,0.0010704553,0.0010586941,0.0,0.0010289308,0.0010099482,0.0010660829,0.001077532,0.0,0.0010586936,0.001045011,0.001037618,0.0010486746,0.0010546985,0.0010666841,0.0,0.0010586941,0.0,0.0010289297,0.0010099481,0.001066083,0.0010775254,0.0,0.0010586935,0.0010450113,0.001037618,0.0010486746,0.0010546985,0.0010666844,0.001070402,0.0010586935,0.0010450112,0.0010376181,0.0010486746,0.0010546985,0.0010666846,0.0,0.0,0.0,0.0010289297,0.0010099481,0.001066083,0.0010887025,0.0010703881,0.0010586935,0.0,0.0010289297,0.0010099481,0.001066083,0.0010775261,0.0010703988,0.0010586936,0.0010450109,0.001066083,0.0,0.0010289297,0.0010099481,0.0,0.0010586935,0.0010450109,0.001037618,0.0010486746,0.0010546985,0.0010666851,0.0,0.0010586935,0.0010450109,0.001037618,0.0010486746,0.0010546985,0.0010666845,0.0,0.001058694,0.001045011,0.001037618,0.0010486746,0.0010546985,0.0010666865,0.0010703972,0.0010586935,0.0010450109,0.001037618,0.0010486746,0.0010546985,0.0010666847,0.0,0.0,0.0010450109,0.0010289297,0.0010194309,0.0010299989,0.0011058361,0.0,0.0010586935,0.0010450109,0.001037618,0.0010486746,0.0010546985,0.0010666841,0.0010705689,0.0010586947,0.0010450112,0.0010376181,0.0010486746,0.0010546985,0.001066687
k__Bacteria|p__Firmicutes|c__Bacilli|o__Lactobacillales|f__Lactobacillaceae|g__Leuconostoc|s__Leuconostoc_pseudomesenteroides,0.0,0.0010609395,0.0010473143,0.0010399579,0.0010510033,0.0010570295,0.0010689852,0.0,0.0010609399,0.0010473143,0.0010399579,0.0010510033,0.0010570295,0.0010689849,0.0,0.0,0.0010473239,0.0010312945,0.0010218293,0.0010323947,0.0011078672,0.0010726033,0.0,0.0010473143,0.0010312899,0.0010218286,0.0010323947,0.001107866,0.0,0.0,0.0010473143,0.0010312899,0.0010218286,0.0010323947,0.0011078657,0.0010725779,0.0010609397,0.0010473143,0.0010399579,0.0010510033,0.0010570295,0.0010689849,0.0,0.0010609401,0.0010473144,0.0010399579,0.0010510033,0.0010570295,0.0010689858,0.001072578,0.0010609397,0.0010473143,0.0010399579,0.0010510033,0.0010570295,0.001068985,0.0,0.00106094,0.0010473152,0.0010399582,0.0010510033,0.0010570295,0.0010689858,0.0,0.0010609399,0.0010473143,0.0010399579,0.0010510033,0.0010570295,0.001068985,0.0,0.0010609399,0.0,0.0010312899,0.0010123628,0.0010683034,0.0010797196,0.0,0.0010609397,0.0010473143,0.0010399579,0.0010510033,0.0010570295,0.0010689863,0.0,0.0,0.0,0.0010312899,0.0010123628,0.0010683037,0.0010908297,0.0010725869,0.0010609397,0.0,0.0010312899,0.0010123628,0.0010683034,0.0010797303,0.0010726639,0.0,0.0,0.0010312902,0.0010123628,0.0010683034,0.0010908291,0.0010725983,0.0,0.0010473143,0.0,0.0010609397,0.0010473143,0.0010683036,0.0010725809,0.0,0.0,0.0010312899,0.0010123628,0.0010683034,0.0010908272,0.0,0.0010609411,0.0,0.0010312899,0.0010123628,0.0010683034,0.0010797178,0.0,0.0,0.0010473148,0.0010609413,0.0,0.0010312899,0.00106094,0.0010725968,0.00106094,0.0,0.00103129,0.0010123628,0.0010683034,0.0010797172,0.0,0.0,0.0010473145,0.0010312899,0.0010218286,0.0010323947,0.0011078661,0.0,0.0,0.0010473143,0.0,0.0010609397,0.0010473143,0.0010683036,0.0,0.0010609414,0.0,0.00106094,0.0,0.0010609397,0.0010473147,0.0,0.0,0.001047325,0.0010312913,0.0010218286,0.0010323947,0.0011078668,0.0,0.0010609675,0.0010609425,0.001055286,0.0010665919,0.0,0.0009899456,0.0,0.0010609417,0.0010473151,0.0,0.0010609399,0.0010473146,0.0010399611,0.0010725807,0.0010609397,0.0010473143,0.0,0.0010609397,0.0010473143,0.0010399595,0.0,0.0010609401,0.0010473144,0.0010399579,0.0010510033,0.0010570295,0.001068985,0.0010725777,0.0010609397,0.0010473143,0.0010399579,0.0010510033,0.0010570295,0.001068985,0.0010726075,0.0,0.0,0.0010312899,0.0010123628,0.0010683034,0.0010908268,0.0010725849,0.0,0.0010473143,0.0010312899,0.0010218286,0.0010323947,0.0011078662,0.0,0.00106094,0.0,0.0010312899,0.0010123628,0.0010683034,0.0010797172,0.0010725947,0.0,0.0010473143,0.0010312899,0.0010218286,0.0010323947,0.0011078782,0.0,0.0010609397,0.0010473143,0.0010399579,0.0010510033,0.0010570295,0.0010689877,0.0010725784,0.0010609397,0.0010473143,0.0010399579,0.0010510033,0.0010570295,0.0010689849,0.0,0.0010609401,0.0010473145,0.0010399579,0.0010510033,0.0010570295,0.0010689852,0.0,0.0,0.0010473143,0.0010312899,0.0010218286,0.0010323947,0.0011078661,0.0010725788,0.0010609397,0.0,0.0,0.00106094,0.0010609399,0.0010552863,0.001072606,0.0,0.0010473146,0.0,0.0010609397,0.0010473143,0.0010683071,0.0010727001,0.0,0.00106094,0.0010473146,0.0010399579,0.0,0.0010609407,0.0,0.0010609397,0.0,0.0010312899,0.0010123628,0.0010683034,0.0010797286,0.0010725828,0.0,0.0010473143,0.0010312899,0.0010218286,0.0010323955,0.0011079644,0.0010725898,0.0,0.0,0.0010312899,0.0010123628,0.0010683034,0.0010908267,0.0,0.00106094,0.0010473144,0.0010399579,0.0010510033,0.0010570295,0.0010689849,0.0010725715,0.0010609399,0.0010473145,0.0,0.0010609399,0.0010473143,0.0010399594,0.001072581,0.0,0.0010473145,0.0010312898,0.0010218286,0.0010323947,0.0011078696,0.0010725808,0.0,0.0010473144,0.0010312899,0.0010218286,0.0010323948,0.0011078699,0.0,0.0010609399,0.0010609401,0.0010552856,0.0010665917,0.0,0.0009899924,0.0010726108,0.0,0.0010473145,0.0010312899,0.0010218286,0.0010323947,0.0011078657,0.0010725817,0.0,0.0,0.0010312899,0.0010123628,0.0010683034,0.0010908295,0.0010726525,0.0010609407,0.0,0.0010312909,0.0010123634,0.0010683034,0.0010797284,0.0,0.00106094,0.0010473145,0.0010399579,0.0010510033,0.0010570295,0.0010689849,0.0,0.00106094,0.0,0.0010312899,0.0010123628,0.0010683034,0.0010797172,0.0,0.00106094,0.0010473148,0.0010399579,0.0010510033,0.0010570295,0.001068985,0.0010725954,0.0010609399,0.0010473147,0.001039958,0.0010510033,0.0010570295,0.0010689856,0.0,0.0,0.0,0.0010312899,0.0010123628,0.0010683034,0.0010908276,0.0010725778,0.0010609397,0.0,0.0010312899,0.0010123628,0.0010683034,0.0010797188,0.001072587,0.00106094,0.0010473143,0.0010683034,0.0,0.0010312899,0.0010123629,0.0,0.0010609397,0.0010473143,0.0010399579,0.0010510033,0.0010570295,0.0010689863,0.0,0.0010609397,0.0010473143,0.0010399579,0.0010510033,0.0010570295,0.0010689853,0.0,0.0010609403,0.0010473145,0.0010399579,0.0010510033,0.0010570295,0.001068989,0.0010725873,0.0010609397,0.0010473143,0.0010399579,0.0010510033,0.0010570295,0.0010689857,0.0,0.0,0.0010473143,0.0010312899,0.0010218286,0.0010323947,0.0011078666,0.0,0.0010609397,0.0010473143,0.0010399579,0.0010510033,0.0010570295,0.001068985,0.0010727223,0.0010609407,0.0010473143,0.0010399577,0.0010510033,0.0010570295,0.0010689899
k__Bacteria|p__Firmicutes|c__Bacilli|o__Lactobacillales|f__Lactobacillaceae|g__Limosilactobacillus|s__Limosilactobacillus_coleohominis,0.0,0.0010600394,0.0010465364,0.0010393782,0.0010508011,0.0010571928,0.0010694168,0.0,0.0010600395,0.0010465364,0.0010393782,0.0010508011,0.0010571928,0.0010694168,0.0,0.0,0.001046537,0.001030641,0.0010213862,0.0010323351,0.0011075069,0.0010715673,0.0,0.0010465364,0.0010306418,0.001021386,0.0010323351,0.0011075062,0.0,0.0,0.0010465364,0.0010306418,0.001021386,0.0010323351,0.0011075062,0.0010715631,0.0010600394,0.0010465364,0.0010393782,0.0010508011,0.0010571928,0.0010694166,0.0,0.0010600396,0.0010465364,0.0010393782,0.0010508011,0.0010571928,0.0010694175,0.0010715633,0.0010600394,0.0010465364,0.0010393782,0.0010508011,0.0010571928,0.0010694166,0.0,0.0010600396,0.0010465367,0.0010393783,0.0010508011,0.0010571928,0.0010694171,0.0,0.0010600395,0.0010465364,0.0010393782,0.0010508011,0.0010571928,0.0010694166,0.0,0.0010600395,0.0,0.0010306418,0.0010118522,0.001067473,0.0010792529,0.0,0.0010600394,0.0010465364,0.0010393782,0.0010508011,0.0010571928,0.0010694176,0.0,0.0,0.0,0.0010306418,0.0010118522,0.001067473,0.0010902431,0.001071566,0.0010600395,0.0,0.0010306418,0.0010118522,0.001067473,0.0010792586,0.0010715965,0.0,0.0,0.0010306418,0.0010118522,0.001067473,0.0010902429,0.00107157,0.0,0.0010465364,0.0,0.0010600394,0.0010465364,0.0010674731,0.0010715643,0.0,0.0,0.0010306418,0.0010118522,0.001067473,0.0010902415,0.0,0.0010600397,0.0,0.0010306418,0.0010118522,0.001067473,0.001079252,0.0,0.0,0.0010465361,0.0010600399,0.0,0.0010306418,0.0010600395,0.001071565,0.0010600394,0.0,0.0010306417,0.0010118522,0.001067473,0.0010792516,0.0,0.0,0.0010465365,0.0010306418,0.001021386,0.0010323351,0.0011075067,0.0,0.0,0.0010465364,0.0,0.0010600394,0.0010465364,0.0010674729,0.0,0.0010600392,0.0,0.0010600396,0.0,0.0010600394,0.0010465365,0.0,0.0,0.0010465356,0.0010306415,0.0010213861,0.0010323351,0.0011075065,0.0,0.001060044,0.0010600393,0.0010545764,0.0010662542,0.0,0.0009895712,0.0,0.0010600402,0.0010465363,0.0,0.0010600395,0.0010465364,0.0010393801,0.0010715625,0.0010600394,0.0010465364,0.0,0.0010600394,0.0010465364,0.0010393794,0.0,0.0010600396,0.0010465365,0.0010393782,0.0010508011,0.0010571928,0.0010694168,0.0010715632,0.0010600394,0.0010465364,0.0010393782,0.0010508011,0.0010571928,0.0010694166,0.0010715721,0.0,0.0,0.0010306418,0.0010118522,0.001067473,0.0010902411,0.0010715647,0.0,0.0010465364,0.0010306418,0.001021386,0.0010323351,0.0011075066,0.0,0.0010600396,0.0,0.0010306418,0.0010118522,0.001067473,0.0010792516,0.0010715685,0.0,0.0010465364,0.0010306418,0.001021386,0.0010323351,0.0011075145,0.0,0.0010600394,0.0010465364,0.0010393782,0.0010508011,0.0010571928,0.0010694185,0.001071563,0.0010600394,0.0010465364,0.0010393782,0.0010508011,0.0010571928,0.0010694166,0.0,0.0010600396,0.0010465364,0.0010393782,0.0010508011,0.0010571928,0.0010694168,0.0,0.0,0.0010465364,0.0010306418,0.001021386,0.0010323351,0.0011075062,0.0010715633,0.0010600394,0.0,0.0,0.0010600396,0.0010600395,0.0010545768,0.0010715696,0.0,0.0010465363,0.0,0.0010600396,0.0010465364,0.0010674756,0.0010716137,0.0,0.0010600396,0.0010465364,0.0010393782,0.0,0.0010600402,0.0,0.0010600394,0.0,0.0010306418,0.0010118522,0.0010674729,0.0010792579,0.0010715637,0.0,0.0010465364,0.0010306418,0.0010213861,0.0010323358,0.0011075684,0.0010715636,0.0,0.0,0.0010306418,0.0010118522,0.001067473,0.0010902412,0.0,0.0010600396,0.0010465365,0.0010393782,0.0010508011,0.0010571928,0.0010694168,0.0010715558,0.0010600395,0.0010465364,0.0,0.0010600395,0.0010465364,0.0010393788,0.0010715644,0.0,0.0010465364,0.0010306418,0.001021386,0.0010323351,0.0011075083,0.0010715637,0.0,0.0010465365,0.0010306418,0.0010213861,0.0010323352,0.0011075084,0.0,0.0010600395,0.0010600396,0.0010545765,0.0010662539,0.0,0.0009896038,0.0010715751,0.0,0.0010465364,0.0010306418,0.001021386,0.0010323351,0.0011075062,0.0010715646,0.0,0.0,0.0010306418,0.0010118522,0.001067473,0.0010902426,0.0010715836,0.0010600397,0.0,0.0010306422,0.0010118522,0.0010674729,0.0010792586,0.0,0.0010600396,0.0010465364,0.0010393782,0.0010508011,0.0010571928,0.0010694166,0.0,0.0010600393,0.0,0.0010306415,0.0010118522,0.001067473,0.0010792516,0.0,0.0010600395,0.0010465365,0.0010393782,0.0010508011,0.0010571928,0.0010694168,0.0010715703,0.0010600395,0.0010465364,0.0010393785,0.0010508011,0.0010571928,0.0010694171,0.0,0.0,0.0,0.0010306418,0.0010118522,0.001067473,0.0010902417,0.001071563,0.0010600394,0.0,0.0010306418,0.0010118522,0.001067473,0.0010792525,0.001071565,0.0010600396,0.0010465364,0.001067473,0.0,0.0010306418,0.0010118523,0.0,0.0010600394,0.0010465364,0.0010393782,0.0010508011,0.0010571928,0.0010694177,0.0,0.0010600394,0.0010465364,0.0010393782,0.0010508011,0.0010571928,0.0010694172,0.0,0.0010600394,0.0010465364,0.0010393782,0.0010508011,0.0010571928,0.0010694194,0.001071566,0.0010600394,0.0010465364,0.0010393782,0.0010508011,0.0010571928,0.0010694172,0.0,0.0,0.0010465364,0.0010306418,0.001021386,0.0010323351,0.0011075067,0.0,0.0010600394,0.0010465364,0.0010393782,0.0010508011,0.0010571928,0.0010694166,0.0010716192,0.0010600399,0.001046536,0.0010393782,0.0010508011,0.0010571928,0.0010694196
k__Bacteria|p__Firmicutes|c__Bacilli|o__Lactobacillales|f__Lactobacillaceae|g__Limosilactobacillus|s__Limosilactobacillus_antri,0.0,0.0010617308,0.0010480494,0.0010405938,0.0010514394,0.001057274,0.0010690845,0.0,0.0010617309,0.0010480494,0.0010405938,0.0010514394,0.001057274,0.0010690843,0.0,0.0,0.00104807,0.0010319779,0.001022402,0.0010327655,0.0011083432,0.0010734636,0.0,0.0010480494,0.0010319647,0.0010224009,0.0010327655,0.0011083422,0.0,0.0,0.0010480494,0.0010319647,0.0010224009,0.0010327655,0.0011083421,0.0010734214,0.0010617308,0.0010480494,0.0010405938,0.0010514394,0.001057274,0.0010690843,0.0,0.0010617316,0.0010480497,0.0010405938,0.0010514394,0.001057274,0.0010690854,0.0010734214,0.0010617308,0.0010480494,0.0010405938,0.0010514394,0.001057274,0.0010690846,0.0,0.0010617314,0.0010480506,0.0010405941,0.0010514394,0.001057274,0.0010690852,0.0,0.0010617309,0.0010480494,0.0010405938,0.0010514394,0.001057274,0.0010690844,0.0,0.0010617309,0.0,0.0010319647,0.0010129731,0.0010690544,0.001080275,0.0,0.0010617308,0.0010480494,0.0010405938,0.0010514394,0.001057274,0.0010690852,0.0,0.0,0.0,0.0010319647,0.0010129731,0.0010690544,0.0010914383,0.0010734338,0.0010617309,0.0,0.0010319647,0.0010129731,0.0010690544,0.0010802838,0.0010735157,0.0,0.0,0.001031965,0.0010129731,0.0010690544,0.0010914376,0.0010734529,0.0,0.0010480494,0.0,0.0010617308,0.0010480494,0.0010690545,0.001073426,0.0,0.0,0.0010319647,0.0010129731,0.0010690544,0.0010914356,0.0,0.0010617331,0.0,0.0010319647,0.0010129731,0.0010690544,0.0010802727,0.0,0.0,0.0010480509,0.0010617328,0.0,0.0010319647,0.0010617313,0.0010734558,0.0010617314,0.0,0.0010319646,0.0010129731,0.0010690544,0.001080272,0.0,0.0,0.0010480495,0.0010319647,0.0010224009,0.0010327655,0.0011083428,0.0,0.0,0.0010480494,0.0,0.0010617308,0.0010480494,0.0010690545,0.0,0.0010617367,0.0,0.001061731,0.0,0.0010617308,0.0010480495,0.0,0.0,0.0010480745,0.0010319687,0.0010224011,0.0010327655,0.0011083431,0.0,0.0010617856,0.0010617368,0.0010559818,0.0010670894,0.0,0.0009904866,0.0,0.0010617343,0.0010480509,0.0,0.0010617314,0.0010480497,0.001040598,0.0010734301,0.0010617308,0.0010480494,0.0,0.0010617308,0.0010480494,0.0010405956,0.0,0.001061731,0.0010480495,0.0010405938,0.0010514394,0.001057274,0.0010690846,0.0010734211,0.0010617308,0.0010480494,0.0010405938,0.0010514394,0.001057274,0.0010690844,0.0010734585,0.0,0.0,0.0010319647,0.0010129731,0.0010690544,0.0010914352,0.0010734288,0.0,0.0010480494,0.0010319647,0.0010224009,0.0010327655,0.0011083424,0.0,0.001061731,0.0,0.0010319647,0.0010129731,0.0010690544,0.001080272,0.0010734438,0.0,0.0010480494,0.0010319647,0.0010224009,0.0010327655,0.0011083548,0.0,0.0010617308,0.0010480494,0.0010405938,0.0010514394,0.001057274,0.0010690866,0.0010734223,0.0010617308,0.0010480494,0.0010405938,0.0010514394,0.001057274,0.0010690843,0.0,0.0010617316,0.0010480497,0.001040594,0.0010514394,0.001057274,0.0010690845,0.0,0.0,0.0010480494,0.0010319647,0.0010224009,0.0010327655,0.0011083423,0.001073424,0.0010617308,0.0,0.0,0.001061731,0.0010617309,0.0010559817,0.0010734667,0.0,0.0010480499,0.0,0.001061731,0.0010480494,0.0010690601,0.0010735639,0.0,0.001061731,0.0010480497,0.001040594,0.0,0.0010617321,0.0,0.0010617308,0.0,0.0010319647,0.0010129731,0.0010690541,0.0010802831,0.0010734294,0.0,0.0010480494,0.0010319647,0.0010224011,0.0010327663,0.0011084393,0.0010734436,0.0,0.0,0.0010319647,0.0010129731,0.0010690544,0.0010914349,0.0,0.001061731,0.0010480495,0.0010405938,0.0010514394,0.001057274,0.0010690843,0.0010734266,0.0010617309,0.0010480497,0.0,0.0010617309,0.0010480494,0.0010405956,0.0010734249,0.0,0.0010480497,0.001031965,0.0010224011,0.0010327655,0.0011083456,0.0010734266,0.0,0.0010480495,0.0010319649,0.0010224011,0.0010327658,0.0011083455,0.0,0.0010617309,0.001061731,0.0010559813,0.0010670896,0.0,0.0009905386,0.0010734657,0.0,0.0010480497,0.0010319647,0.0010224009,0.0010327655,0.0011083421,0.0010734285,0.0,0.0,0.0010319647,0.0010129731,0.0010690544,0.0010914378,0.0010735057,0.0010617323,0.0,0.0010319662,0.0010129736,0.0010690546,0.0010802838,0.0,0.0010617309,0.0010480497,0.0010405938,0.0010514394,0.001057274,0.0010690843,0.0,0.0010617328,0.0,0.0010319647,0.0010129731,0.0010690544,0.001080272,0.0,0.001061731,0.0010480495,0.0010405938,0.0010514394,0.001057274,0.0010690846,0.0010734416,0.0010617311,0.0010480498,0.0010405941,0.0010514394,0.001057274,0.001069085,0.0,0.0,0.0,0.0010319647,0.0010129731,0.0010690544,0.001091436,0.0010734206,0.0010617308,0.0,0.0010319647,0.0010129731,0.0010690544,0.0010802737,0.0010734373,0.0010617309,0.0010480494,0.0010690544,0.0,0.0010319647,0.0010129733,0.0,0.0010617308,0.0010480494,0.001040594,0.0010514394,0.001057274,0.0010690858,0.0,0.0010617308,0.0010480494,0.0010405938,0.0010514394,0.001057274,0.0010690846,0.0,0.001061732,0.0010480497,0.0010405938,0.0010514394,0.001057274,0.0010690878,0.0010734339,0.0010617308,0.0010480494,0.0010405938,0.0010514394,0.001057274,0.0010690851,0.0,0.0,0.0010480494,0.0010319647,0.0010224009,0.0010327655,0.0011083429,0.0,0.0010617308,0.0010480494,0.0010405938,0.0010514394,0.001057274,0.0010690844,0.0010736418,0.0010617332,0.0010480498,0.001040594,0.0010514394,0.001057274,0.0010690885
k__Bacteria|p__Firmicutes|c__Erysipelotrichia|o__Erysipelotrichales|f__Erysipelotrichaceae|g__Holdemania|s__Holdemania_massiliensis,0.0,0.0010621542,0.0010485519,0.001041203,0.0010522213,0.0010582281,0.0010701526,0.0,0.0010621542,0.0010485519,0.001041203,0.0010522213,0.0010582281,0.0010701526,0.0,0.0,0.0010485597,0.0010325527,0.0010230967,0.0010336395,0.0011089382,0.0010738067,0.0,0.0010485519,0.0010325494,0.0010230964,0.0010336395,0.0011089374,0.0,0.0,0.0010485519,0.0010325494,0.0010230964,0.0010336395,0.0011089375,0.0010737694,0.0010621541,0.0010485519,0.001041203,0.0010522213,0.0010582281,0.0010701525,0.0,0.0010621548,0.0010485519,0.001041203,0.0010522213,0.0010582281,0.0010701544,0.0010737695,0.0010621541,0.0010485519,0.001041203,0.0010522213,0.0010582281,0.0010701526,0.0,0.0010621543,0.0010485527,0.0010412032,0.0010522213,0.0010582281,0.0010701529,0.0,0.0010621542,0.0010485519,0.001041203,0.0010522213,0.0010582281,0.0010701525,0.0,0.0010621542,0.0,0.0010325494,0.0010136426,0.0010695007,0.0010808806,0.0,0.0010621541,0.0010485519,0.001041203,0.0010522213,0.0010582281,0.0010701531,0.0,0.0,0.0,0.0010325494,0.0010136426,0.0010695007,0.0010919605,0.0010737808,0.0010621542,0.0,0.0010325494,0.0010136426,0.0010695007,0.0010808879,0.001073867,0.0,0.0,0.0010325494,0.0010136426,0.0010695007,0.001091961,0.0010738,0.0,0.0010485519,0.0,0.0010621541,0.0010485519,0.0010695008,0.0010737723,0.0,0.0,0.0010325494,0.0010136426,0.0010695007,0.0010919602,0.0,0.0010621551,0.0,0.0010325494,0.0010136426,0.0010695007,0.0010808795,0.0,0.0,0.0010485521,0.0010621551,0.0,0.0010325494,0.0010621545,0.0010737819,0.0010621543,0.0,0.0010325493,0.0010136426,0.0010695007,0.0010808789,0.0,0.0,0.0010485519,0.0010325494,0.0010230964,0.0010336395,0.0011089381,0.0,0.0,0.0010485519,0.0,0.0010621541,0.0010485519,0.0010695009,0.0,0.0010621547,0.0,0.0010621543,0.0,0.0010621541,0.001048552,0.0,0.0,0.0010485534,0.00103255,0.0010230961,0.0010336395,0.0011089377,0.0,0.0010621798,0.0010621566,0.0010565069,0.0010677818,0.0,0.0009912384,0.0,0.0010621557,0.0010485523,0.0,0.0010621544,0.0010485519,0.0010412065,0.001073773,0.0010621541,0.0010485519,0.0,0.0010621541,0.0010485519,0.0010412043,0.0,0.0010621544,0.001048552,0.001041203,0.0010522213,0.0010582281,0.0010701526,0.0010737695,0.0010621541,0.0010485519,0.001041203,0.0010522213,0.0010582281,0.0010701525,0.0010738001,0.0,0.0,0.0010325494,0.0010136426,0.0010695007,0.0010919601,0.0010737757,0.0,0.0010485519,0.0010325494,0.0010230964,0.0010336395,0.001108938,0.0,0.0010621543,0.0,0.0010325494,0.0010136426,0.0010695007,0.0010808789,0.0010737904,0.0,0.0010485519,0.0010325494,0.0010230964,0.0010336399,0.0011089486,0.0,0.0010621541,0.0010485519,0.001041203,0.0010522213,0.0010582281,0.0010701544,0.0010737701,0.0010621541,0.0010485519,0.001041203,0.0010522213,0.0010582281,0.0010701525,0.0,0.0010621544,0.0010485519,0.001041203,0.0010522213,0.0010582281,0.0010701529,0.0,0.0,0.0010485519,0.0010325494,0.0010230964,0.0010336395,0.0011089375,0.0010737717,0.0010621541,0.0,0.0,0.0010621543,0.0010621542,0.001056507,0.0010738071,0.0,0.001048552,0.0,0.0010621543,0.0010485519,0.0010695065,0.0010739288,0.0,0.0010621543,0.0010485519,0.001041203,0.0,0.0010621549,0.0,0.0010621541,0.0,0.0010325494,0.0010136426,0.0010695007,0.0010808901,0.001073774,0.0,0.0010485519,0.0010325494,0.0010230964,0.0010336402,0.0011090063,0.0010737801,0.0,0.0,0.0010325494,0.0010136426,0.0010695007,0.0010919601,0.0,0.0010621543,0.001048552,0.001041203,0.0010522213,0.0010582281,0.0010701526,0.001073789,0.0010621543,0.0010485519,0.0,0.0010621542,0.0010485519,0.0010412042,0.0010737721,0.0,0.0010485519,0.0010325498,0.0010230964,0.0010336399,0.001108939,0.0010737722,0.0,0.001048552,0.0010325494,0.0010230964,0.0010336398,0.0011089402,0.0,0.0010621543,0.0010621547,0.001056507,0.0010677818,0.0,0.0009912674,0.0010738102,0.0,0.0010485519,0.0010325494,0.0010230964,0.0010336395,0.0011089375,0.001073773,0.0,0.0,0.0010325494,0.0010136426,0.0010695007,0.0010919607,0.0010738513,0.001062155,0.0,0.0010325504,0.0010136433,0.0010695008,0.0010808867,0.0,0.0010621543,0.0010485519,0.001041203,0.0010522213,0.0010582281,0.0010701525,0.0,0.0010621545,0.0,0.0010325494,0.0010136426,0.0010695007,0.0010808789,0.0,0.0010621543,0.0010485519,0.001041203,0.0010522213,0.0010582281,0.0010701526,0.0010737871,0.0010621545,0.0010485519,0.001041203,0.0010522213,0.0010582281,0.0010701532,0.0,0.0,0.0,0.0010325494,0.0010136426,0.0010695007,0.0010919607,0.0010737693,0.0010621541,0.0,0.0010325494,0.0010136426,0.0010695007,0.0010808802,0.0010737786,0.0010621543,0.0010485519,0.0010695007,0.0,0.0010325494,0.0010136435,0.0,0.0010621541,0.0010485519,0.001041203,0.0010522213,0.0010582281,0.0010701538,0.0,0.0010621541,0.0010485519,0.001041203,0.0010522213,0.0010582281,0.0010701527,0.0,0.0010621548,0.0010485519,0.001041203,0.0010522213,0.0010582281,0.001070155,0.0010737792,0.0010621541,0.0010485519,0.001041203,0.0010522213,0.0010582281,0.001070153,0.0,0.0,0.0010485519,0.0010325494,0.0010230964,0.0010336395,0.0011089382,0.0,0.0010621541,0.0010485519,0.001041203,0.0010522213,0.0010582281,0.0010701525,0.0010739928,0.001062155,0.0010485519,0.0010412029,0.0010522213,0.0010582281,0.0010701552
k__Bacteria|p__Firmicutes|c__Clostridia|o__Eubacteriales|f__Lachnospiraceae|g__Dorea|s__Dorea_sp_AF24_7LB,0.0,0.0010588696,0.0010451889,0.0010377946,0.0010488431,0.0010548601,0.0010668389,0.0,0.0010588698,0.0010451889,0.0010377946,0.0010488431,0.0010548601,0.0010668387,0.0,0.0,0.0010452061,0.0010291217,0.0010196097,0.0010301695,0.0011059868,0.001070582,0.0,0.0010451889,0.0010291092,0.001019609,0.0010301695,0.0011059863,0.0,0.0,0.0010451889,0.0010291092,0.001019609,0.0010301695,0.0011059864,0.0010705628,0.0010588696,0.0010451889,0.0010377946,0.0010488431,0.0010548601,0.0010668387,0.0,0.0010588702,0.001045189,0.0010377946,0.0010488431,0.0010548601,0.0010668392,0.0010705628,0.0010588696,0.0010451889,0.0010377946,0.0010488431,0.0010548601,0.0010668389,0.0,0.0010588698,0.0010451893,0.0010377947,0.0010488431,0.0010548601,0.0010668393,0.0,0.0010588698,0.0010451889,0.0010377946,0.0010488431,0.0010548601,0.0010668387,0.0,0.0010588698,0.0,0.0010291092,0.0010101285,0.001066256,0.0010776912,0.0,0.0010588696,0.0010451889,0.0010377946,0.0010488431,0.0010548601,0.001066839,0.0,0.0,0.0,0.0010291092,0.0010101285,0.001066256,0.0010888646,0.0010705672,0.0010588698,0.0,0.0010291092,0.0010101285,0.001066256,0.0010776955,0.0010706006,0.0,0.0,0.0010291091,0.0010101285,0.001066256,0.0010888642,0.0010705754,0.0,0.0010451889,0.0,0.0010588696,0.0010451889,0.0010662561,0.0010705643,0.0,0.0,0.0010291092,0.0010101285,0.001066256,0.0010888638,0.0,0.0010588712,0.0,0.0010291092,0.0010101285,0.001066256,0.0010776895,0.0,0.0,0.0010451904,0.001058871,0.0,0.0010291092,0.0010588698,0.0010705825,0.0010588698,0.0,0.0010291091,0.0010101285,0.001066256,0.0010776893,0.0,0.0,0.001045189,0.0010291092,0.001019609,0.0010301695,0.0011059864,0.0,0.0,0.0010451889,0.0,0.0010588696,0.0010451889,0.001066256,0.0,0.0010588738,0.0,0.0010588699,0.0,0.0010588696,0.001045189,0.0,0.0,0.0010452099,0.001029112,0.001019609,0.0010301695,0.0011059867,0.0,0.0010589081,0.0010588743,0.0010531807,0.001064498,0.0,0.0009876564,0.0,0.0010588719,0.0010451898,0.0,0.00105887,0.0010451889,0.0010377973,0.0010705676,0.0010588696,0.0010451889,0.0,0.0010588696,0.0010451889,0.0010377956,0.0,0.0010588699,0.001045189,0.0010377946,0.0010488431,0.0010548601,0.0010668387,0.0010705628,0.0010588696,0.0010451889,0.0010377946,0.0010488431,0.0010548601,0.0010668387,0.0010705797,0.0,0.0,0.0010291092,0.0010101285,0.001066256,0.0010888637,0.0010705654,0.0,0.0010451889,0.0010291092,0.001019609,0.0010301695,0.0011059863,0.0,0.0010588699,0.0,0.0010291092,0.0010101285,0.001066256,0.0010776893,0.0010705722,0.0,0.0010451889,0.0010291092,0.001019609,0.0010301695,0.0011059926,0.0,0.0010588696,0.0010451889,0.0010377946,0.0010488431,0.0010548601,0.0010668398,0.001070563,0.0010588696,0.0010451889,0.0010377946,0.0010488431,0.0010548601,0.0010668387,0.0,0.0010588702,0.0010451889,0.0010377946,0.0010488431,0.0010548601,0.0010668389,0.0,0.0,0.0010451889,0.0010291092,0.001019609,0.0010301695,0.0011059864,0.0010705633,0.0010588696,0.0,0.0,0.0010588699,0.0010588698,0.0010531807,0.0010705838,0.0,0.0010451892,0.0,0.0010588699,0.0010451889,0.0010662591,0.0010706217,0.0,0.0010588699,0.0010451889,0.0010377946,0.0,0.0010588705,0.0,0.0010588696,0.0,0.0010291092,0.0010101285,0.001066256,0.0010776946,0.0010705669,0.0,0.0010451889,0.0010291092,0.001019609,0.0010301698,0.0011060328,0.0010705771,0.0,0.0,0.0010291092,0.0010101285,0.001066256,0.0010888635,0.0,0.0010588699,0.001045189,0.0010377946,0.0010488431,0.0010548601,0.0010668387,0.0010705624,0.0010588699,0.0010451889,0.0,0.0010588696,0.0010451889,0.0010377959,0.0010705638,0.0,0.0010451889,0.0010291092,0.001019609,0.0010301695,0.0011059878,0.0010705647,0.0,0.001045189,0.0010291092,0.001019609,0.0010301697,0.0011059877,0.0,0.0010588699,0.0010588699,0.0010531802,0.0010644979,0.0,0.0009877002,0.0010705799,0.0,0.0010451889,0.0010291092,0.001019609,0.0010301695,0.0011059864,0.0010705652,0.0,0.0,0.0010291092,0.0010101285,0.001066256,0.0010888646,0.0010706008,0.0010588703,0.0,0.00102911,0.0010101289,0.0010662561,0.0010776955,0.0,0.0010588698,0.0010451889,0.0010377946,0.0010488431,0.0010548601,0.0010668387,0.0,0.0010588712,0.0,0.0010291092,0.0010101285,0.001066256,0.0010776893,0.0,0.0010588698,0.001045189,0.0010377946,0.0010488431,0.0010548601,0.0010668389,0.0010705699,0.0010588698,0.0010451889,0.0010377949,0.0010488431,0.0010548601,0.0010668389,0.0,0.0,0.0,0.0010291092,0.0010101285,0.001066256,0.001088864,0.0010705624,0.0010588696,0.0,0.0010291092,0.0010101285,0.001066256,0.0010776899,0.0010705704,0.0010588698,0.0010451889,0.001066256,0.0,0.0010291092,0.0010101289,0.0,0.0010588696,0.0010451889,0.0010377946,0.0010488431,0.0010548601,0.0010668394,0.0,0.0010588696,0.0010451889,0.0010377946,0.0010488431,0.0010548601,0.0010668389,0.0,0.0010588702,0.0010451889,0.0010377946,0.0010488431,0.0010548601,0.0010668404,0.0010705669,0.0010588696,0.0010451889,0.0010377946,0.0010488431,0.0010548601,0.0010668391,0.0,0.0,0.0010451889,0.0010291092,0.001019609,0.0010301695,0.0011059865,0.0,0.0010588696,0.0010451889,0.0010377946,0.0010488431,0.0010548601,0.0010668387,0.0010706935,0.0010588714,0.0010451889,0.0010377947,0.0010488431,0.0010548601,0.0010668412
k__Bacteria|p__Firmicutes|c__Bacilli|o__Lactobacillales|f__Streptococcaceae|g__Lactococcus|s__Lactococcus_garvieae,0.0,0.0010589805,0.0010452578,0.0010377998,0.0010487325,0.0010546366,0.0010665351,0.0,0.0010589806,0.0010452578,0.0010377998,0.0010487325,0.0010546366,0.0010665349,0.0,0.0,0.0010452674,0.0010291403,0.0010195678,0.0010300102,0.0011059473,0.0010707454,0.0,0.0010452578,0.0010291337,0.0010195674,0.0010300102,0.0011059465,0.0,0.0,0.0010452578,0.0010291337,0.0010195674,0.0010300102,0.0011059463,0.0010707133,0.0010589805,0.0010452578,0.0010377998,0.0010487325,0.0010546366,0.0010665348,0.0,0.0010589812,0.0010452579,0.0010377998,0.0010487325,0.0010546366,0.0010665363,0.0010707134,0.0010589805,0.0010452578,0.0010377998,0.0010487325,0.0010546366,0.0010665349,0.0,0.001058981,0.0010452584,0.0010377998,0.0010487325,0.0010546366,0.0010665352,0.0,0.0010589806,0.0010452578,0.0010377998,0.0010487325,0.0010546366,0.0010665349,0.0,0.0010589806,0.0,0.0010291337,0.001010107,0.0010663474,0.0010776724,0.0,0.0010589805,0.0010452578,0.0010377996,0.0010487325,0.0010546366,0.0010665355,0.0,0.0,0.0,0.0010291337,0.001010107,0.0010663474,0.0010888879,0.0010707228,0.0010589806,0.0,0.0010291337,0.001010107,0.0010663474,0.0010776771,0.0010707751,0.0,0.0,0.001029134,0.001010107,0.0010663474,0.0010888878,0.0010707348,0.0,0.0010452578,0.0,0.0010589805,0.0010452578,0.0010663476,0.0010707155,0.0,0.0,0.0010291337,0.001010107,0.0010663474,0.0010888865,0.0,0.0010589815,0.0,0.0010291337,0.001010107,0.0010663474,0.0010776706,0.0,0.0,0.001045259,0.0010589812,0.0,0.0010291339,0.001058981,0.0010707299,0.0010589807,0.0,0.0010291337,0.001010107,0.0010663474,0.0010776705,0.0,0.0,0.001045258,0.0010291337,0.0010195674,0.0010300102,0.0011059471,0.0,0.0,0.0010452578,0.0,0.0010589805,0.0010452578,0.0010663475,0.0,0.0010589834,0.0,0.0010589807,0.0,0.0010589805,0.0010452579,0.0,0.0,0.0010452658,0.0010291351,0.0010195675,0.0010300102,0.0011059468,0.0,0.001059002,0.001058983,0.0010532299,0.0010644344,0.0,0.0009875866,0.0,0.0010589825,0.0010452585,0.0,0.001058981,0.001045258,0.0010378028,0.0010707189,0.0010589805,0.0010452578,0.0,0.0010589805,0.0010452578,0.001037801,0.0,0.0010589807,0.0010452579,0.0010377996,0.0010487325,0.0010546366,0.0010665349,0.0010707134,0.0010589805,0.0010452578,0.0010377998,0.0010487325,0.0010546366,0.0010665349,0.0010707377,0.0,0.0,0.0010291337,0.001010107,0.0010663474,0.0010888865,0.0010707154,0.0,0.0010452578,0.0010291337,0.0010195674,0.0010300102,0.0011059468,0.0,0.0010589807,0.0,0.0010291337,0.001010107,0.0010663474,0.00107767,0.0010707302,0.0,0.0010452578,0.0010291337,0.0010195674,0.0010300102,0.0011059548,0.0,0.0010589805,0.0010452578,0.0010377998,0.0010487325,0.0010546366,0.0010665368,0.0010707137,0.0010589805,0.0010452578,0.0010377998,0.0010487325,0.0010546366,0.0010665348,0.0,0.0010589812,0.001045258,0.0010377996,0.0010487325,0.0010546366,0.001066535,0.0,0.0,0.0010452578,0.0010291337,0.0010195674,0.0010300102,0.0011059466,0.0010707158,0.0010589805,0.0,0.0,0.0010589807,0.0010589806,0.0010532303,0.0010707501,0.0,0.0010452583,0.0,0.0010589807,0.0010452578,0.0010663526,0.0010708154,0.0,0.0010589807,0.001045258,0.0010377996,0.0,0.0010589818,0.0,0.0010589805,0.0,0.0010291337,0.001010107,0.0010663472,0.0010776797,0.0010707187,0.0,0.0010452578,0.0010291337,0.0010195675,0.0010300104,0.001105999,0.0010707277,0.0,0.0,0.0010291337,0.001010107,0.0010663474,0.0010888865,0.0,0.0010589807,0.0010452579,0.0010377998,0.0010487325,0.0010546366,0.0010665349,0.0010707369,0.0010589806,0.001045258,0.0,0.0010589806,0.0010452578,0.0010378008,0.0010707149,0.0,0.001045258,0.0010291339,0.0010195674,0.0010300102,0.0011059488,0.0010707167,0.0,0.0010452579,0.0010291339,0.0010195675,0.0010300102,0.0011059487,0.0,0.0010589806,0.0010589807,0.0010532297,0.0010644343,0.0,0.000987625,0.0010707413,0.0,0.001045258,0.0010291337,0.0010195674,0.0010300102,0.0011059466,0.0010707179,0.0,0.0,0.0010291339,0.001010107,0.0010663474,0.0010888877,0.001070768,0.0010589808,0.0,0.0010291346,0.0010101071,0.0010663472,0.0010776779,0.0,0.0010589807,0.001045258,0.0010377996,0.0010487325,0.0010546366,0.0010665348,0.0,0.0010589816,0.0,0.0010291339,0.001010107,0.0010663474,0.00107767,0.0,0.0010589806,0.001045258,0.0010377996,0.0010487325,0.0010546366,0.001066535,0.0010707263,0.0010589809,0.0010452579,0.0010378001,0.0010487325,0.0010546366,0.0010665354,0.0,0.0,0.0,0.0010291337,0.001010107,0.0010663474,0.0010888873,0.001070713,0.0010589805,0.0,0.0010291337,0.001010107,0.0010663474,0.0010776711,0.0010707251,0.0010589807,0.0010452578,0.0010663474,0.0,0.0010291337,0.0010101071,0.0,0.0010589805,0.0010452578,0.0010377996,0.0010487325,0.0010546366,0.0010665361,0.0,0.0010589805,0.0010452578,0.0010377996,0.0010487325,0.0010546366,0.001066535,0.0,0.0010589808,0.001045258,0.0010377996,0.0010487325,0.0010546366,0.0010665372,0.0010707186,0.0010589805,0.0010452578,0.0010377996,0.0010487325,0.0010546366,0.0010665354,0.0,0.0,0.0010452578,0.0010291337,0.0010195674,0.0010300102,0.001105947,0.0,0.0010589805,0.0010452578,0.0010377998,0.0010487325,0.0010546366,0.0010665349,0.0010709156,0.001058982,0.0010452579,0.0010377996,0.0010487325,0.0010546366,0.0010665377
k__Bacteria|p__Firmicutes|c__Bacilli|o__Lactobacillales|f__Lactobacillaceae|g__Weissella|s__Weissella_cibaria,0.0,0.0010599811,0.0010462033,0.0010386434,0.0010493646,0.0010550672,0.0010668101,0.0,0.0010599812,0.0010462033,0.0010386434,0.0010493646,0.0010550672,0.00106681,0.0,0.0,0.0010462104,0.0010300245,0.0010203487,0.0010305783,0.0011065995,0.001071788,0.0,0.0010462033,0.0010300198,0.0010203483,0.0010305783,0.0011065991,0.0,0.0,0.0010462033,0.0010300198,0.0010203483,0.0010305783,0.001106599,0.0010717646,0.0010599811,0.0010462033,0.0010386434,0.0010493646,0.0010550672,0.00106681,0.0,0.0010599814,0.0010462034,0.0010386434,0.0010493646,0.0010550672,0.0010668107,0.0010717645,0.0010599811,0.0010462033,0.0010386434,0.0010493646,0.0010550672,0.0010668101,0.0,0.0010599812,0.0010462039,0.0010386436,0.0010493646,0.0010550672,0.0010668107,0.0,0.0010599812,0.0010462033,0.0010386434,0.0010493646,0.0010550672,0.0010668101,0.0,0.0010599812,0.0,0.0010300198,0.001010929,0.0010673034,0.001078419,0.0,0.0010599811,0.0010462033,0.0010386434,0.0010493646,0.0010550672,0.0010668108,0.0,0.0,0.0,0.0010300198,0.001010929,0.0010673034,0.001089687,0.001071771,0.0010599812,0.0,0.0010300198,0.001010929,0.0010673034,0.0010784232,0.0010718092,0.0,0.0,0.00103002,0.001010929,0.0010673034,0.0010896866,0.0010717799,0.0,0.0010462033,0.0,0.0010599811,0.0010462033,0.0010673034,0.001071766,0.0,0.0,0.0010300198,0.001010929,0.0010673034,0.0010896855,0.0,0.0010599818,0.0,0.0010300201,0.001010929,0.0010673034,0.0010784178,0.0,0.0,0.001046204,0.0010599814,0.0,0.0010300198,0.0010599814,0.0010717778,0.0010599812,0.0,0.0010300197,0.001010929,0.0010673034,0.0010784175,0.0,0.0,0.0010462034,0.0010300198,0.0010203483,0.0010305783,0.0011065991,0.0,0.0,0.0010462033,0.0,0.0010599811,0.0010462033,0.0010673034,0.0,0.0010599828,0.0,0.0010599813,0.0,0.0010599811,0.0010462034,0.0,0.0,0.0010462102,0.001030021,0.0010203483,0.0010305783,0.0011065993,0.0,0.0010599954,0.0010599826,0.0010541318,0.001065126,0.0,0.0009883371,0.0,0.0010599823,0.0010462037,0.0,0.0010599813,0.0010462034,0.0010386456,0.0010717683,0.0010599811,0.0010462033,0.0,0.0010599811,0.0010462033,0.0010386445,0.0,0.0010599813,0.0010462034,0.0010386434,0.0010493646,0.0010550672,0.00106681,0.0010717645,0.0010599811,0.0010462033,0.0010386434,0.0010493646,0.0010550672,0.0010668101,0.001071782,0.0,0.0,0.0010300198,0.001010929,0.0010673034,0.0010896854,0.0010717661,0.0,0.0010462033,0.0010300198,0.0010203483,0.0010305783,0.0011065992,0.0,0.0010599813,0.0,0.0010300198,0.001010929,0.0010673034,0.0010784173,0.0010717759,0.0,0.0010462033,0.0010300198,0.0010203483,0.0010305783,0.0011066039,0.0,0.0010599811,0.0010462033,0.0010386434,0.0010493646,0.0010550672,0.0010668115,0.0010717649,0.0010599811,0.0010462033,0.0010386434,0.0010493646,0.0010550672,0.00106681,0.0,0.0010599814,0.0010462034,0.0010386434,0.0010493646,0.0010550672,0.0010668101,0.0,0.0,0.0010462033,0.0010300198,0.0010203483,0.0010305783,0.0011065991,0.0010717659,0.0010599811,0.0,0.0,0.0010599813,0.0010599812,0.0010541324,0.0010717897,0.0,0.0010462035,0.0,0.0010599813,0.0010462033,0.0010673066,0.00107184,0.0,0.0010599813,0.0010462034,0.0010386434,0.0,0.0010599816,0.0,0.0010599811,0.0,0.0010300198,0.001010929,0.0010673035,0.0010784236,0.0010717681,0.0,0.0010462033,0.0010300198,0.0010203483,0.0010305787,0.0011066373,0.001071774,0.0,0.0,0.0010300198,0.001010929,0.0010673034,0.0010896852,0.0,0.0010599813,0.0010462034,0.0010386434,0.0010493646,0.0010550672,0.00106681,0.0010717817,0.0010599812,0.0010462034,0.0,0.0010599812,0.0010462033,0.0010386441,0.0010717658,0.0,0.0010462034,0.0010300201,0.0010203483,0.0010305783,0.0011066007,0.0010717668,0.0,0.0010462034,0.0010300201,0.0010203483,0.0010305784,0.0011066003,0.0,0.0010599812,0.0010599813,0.0010541318,0.001065126,0.0,0.0009883712,0.0010717845,0.0,0.0010462034,0.0010300198,0.0010203483,0.0010305783,0.001106599,0.0010717681,0.0,0.0,0.0010300198,0.001010929,0.0010673034,0.0010896868,0.0010718068,0.0010599814,0.0,0.0010300204,0.0010109292,0.0010673034,0.0010784235,0.0,0.0010599813,0.0010462034,0.0010386434,0.0010493646,0.0010550672,0.00106681,0.0,0.0010599818,0.0,0.0010300198,0.001010929,0.0010673034,0.0010784173,0.0,0.0010599812,0.0010462034,0.0010386434,0.0010493646,0.0010550672,0.0010668101,0.001071774,0.0010599812,0.0010462034,0.0010386435,0.0010493648,0.0010550672,0.0010668106,0.0,0.0,0.0,0.0010300198,0.001010929,0.0010673034,0.001089686,0.001071764,0.0010599811,0.0,0.0010300198,0.001010929,0.0010673034,0.0010784183,0.0010717725,0.0010599813,0.0010462033,0.0010673034,0.0,0.0010300198,0.0010109291,0.0,0.0010599811,0.0010462033,0.0010386434,0.0010493646,0.0010550672,0.001066811,0.0,0.0010599811,0.0010462033,0.0010386434,0.0010493646,0.0010550672,0.0010668102,0.0,0.0010599814,0.0010462034,0.0010386434,0.0010493648,0.0010550672,0.0010668121,0.0010717686,0.0010599811,0.0010462033,0.0010386434,0.0010493646,0.0010550672,0.0010668107,0.0,0.0,0.0010462033,0.0010300198,0.0010203483,0.0010305783,0.0011065996,0.0,0.0010599811,0.0010462033,0.0010386434,0.0010493646,0.0010550672,0.0010668101,0.0010719158,0.001059982,0.0010462034,0.0010386435,0.0010493646,0.0010550672,0.0010668127
k__Bacteria|p__Firmicutes|c__Clostridia|o__Eubacteriales|f__Oscillospiraceae|g__Oscillospiraceae_unclassified|s__Ruminococcaceae_bacterium_D5,0.0,0.0010608659,0.0010471432,0.0010396452,0.0010504453,0.0010562302,0.0010680179,0.0,0.001060866,0.0010471432,0.0010396452,0.0010504453,0.0010562302,0.0010680179,0.0,0.0,0.0010471425,0.001031015,0.0010214085,0.001031723,0.0011075002,0.0010726058,0.0,0.0010471432,0.001031016,0.0010214086,0.001031723,0.0011075002,0.0,0.0,0.0010471432,0.001031016,0.0010214086,0.001031723,0.0011074999,0.0010725962,0.0010608659,0.0010471432,0.0010396452,0.0010504453,0.0010562302,0.0010680179,0.0,0.001060866,0.0010471431,0.0010396452,0.0010504453,0.0010562302,0.0010680188,0.0010725962,0.0010608659,0.0010471432,0.0010396452,0.0010504453,0.0010562302,0.0010680179,0.0,0.0010608659,0.0010471434,0.0010396452,0.0010504453,0.0010562302,0.0010680185,0.0,0.001060866,0.0010471432,0.0010396452,0.0010504453,0.0010562302,0.0010680179,0.0,0.001060866,0.0,0.001031016,0.0010119823,0.0010681914,0.0010793736,0.0,0.0010608659,0.0010471432,0.0010396452,0.0010504453,0.0010562302,0.0010680181,0.0,0.0,0.0,0.001031016,0.0010119823,0.0010681914,0.0010905821,0.0010726006,0.001060866,0.0,0.001031016,0.0010119823,0.0010681914,0.0010793754,0.0010726319,0.0,0.0,0.0010310162,0.0010119823,0.0010681914,0.0010905822,0.0010726067,0.0,0.0010471432,0.0,0.0010608659,0.0010471432,0.0010681916,0.0010725969,0.0,0.0,0.001031016,0.0010119823,0.0010681914,0.0010905816,0.0,0.0010608657,0.0,0.001031016,0.0010119823,0.0010681914,0.0010793731,0.0,0.0,0.0010471429,0.001060866,0.0,0.001031016,0.001060866,0.0010725963,0.0010608659,0.0,0.001031016,0.0010119823,0.0010681914,0.0010793732,0.0,0.0,0.0010471432,0.001031016,0.0010214086,0.001031723,0.0011074999,0.0,0.0,0.0010471432,0.0,0.0010608659,0.0010471432,0.0010681914,0.0,0.0010608637,0.0,0.001060866,0.0,0.0010608659,0.0010471434,0.0,0.0,0.0010471379,0.0010310151,0.0010214086,0.001031723,0.0011074996,0.0,0.0010608588,0.0010608649,0.0010550754,0.0010661432,0.0,0.0009894425,0.0,0.0010608654,0.0010471428,0.0,0.0010608659,0.0010471431,0.0010396462,0.0010725969,0.0010608659,0.0010471432,0.0,0.0010608659,0.0010471432,0.0010396459,0.0,0.0010608662,0.0010471434,0.0010396452,0.0010504453,0.0010562302,0.0010680179,0.0010725963,0.0010608659,0.0010471432,0.0010396452,0.0010504453,0.0010562302,0.0010680179,0.001072607,0.0,0.0,0.001031016,0.0010119823,0.0010681914,0.0010905816,0.0010725979,0.0,0.0010471432,0.001031016,0.0010214086,0.001031723,0.0011074998,0.0,0.001060866,0.0,0.001031016,0.0010119823,0.0010681914,0.0010793731,0.0010726013,0.0,0.0010471432,0.001031016,0.0010214086,0.0010317226,0.0011075034,0.0,0.0010608659,0.0010471432,0.0010396452,0.0010504453,0.0010562302,0.0010680186,0.0010725966,0.0010608659,0.0010471432,0.0010396452,0.0010504453,0.0010562302,0.0010680179,0.0,0.0010608657,0.0010471431,0.0010396452,0.0010504453,0.0010562302,0.0010680179,0.0,0.0,0.0010471432,0.001031016,0.0010214086,0.001031723,0.0011074999,0.0010725971,0.0010608659,0.0,0.0,0.001060866,0.001060866,0.0010550758,0.001072609,0.0,0.0010471432,0.0,0.001060866,0.0010471431,0.001068194,0.0010726548,0.0,0.001060866,0.0010471431,0.0010396452,0.0,0.0010608663,0.0,0.0010608658,0.0,0.001031016,0.0010119823,0.0010681913,0.0010793766,0.0010725976,0.0,0.0010471432,0.001031016,0.0010214086,0.001031723,0.001107529,0.0010725977,0.0,0.0,0.001031016,0.0010119823,0.0010681914,0.0010905815,0.0,0.001060866,0.0010471432,0.0010396452,0.0010504453,0.0010562302,0.0010680179,0.0010726171,0.0010608659,0.0010471435,0.0,0.0010608659,0.0010471432,0.0010396455,0.0010725971,0.0,0.0010471435,0.0010310162,0.0010214086,0.001031723,0.0011075006,0.0010725965,0.0,0.0010471434,0.001031016,0.0010214086,0.001031723,0.0011075004,0.0,0.0010608659,0.0010608662,0.0010550757,0.001066143,0.0,0.0009894624,0.0010726089,0.0,0.0010471431,0.001031016,0.0010214086,0.001031723,0.0011074999,0.0010725972,0.0,0.0,0.001031016,0.0010119823,0.0010681914,0.001090582,0.0010726266,0.0010608658,0.0,0.0010310162,0.0010119821,0.0010681914,0.001079376,0.0,0.001060866,0.0010471435,0.0010396452,0.0010504453,0.0010562302,0.0010680179,0.0,0.0010608654,0.0,0.001031016,0.0010119823,0.0010681914,0.0010793731,0.0,0.001060866,0.0010471432,0.0010396452,0.0010504453,0.0010562302,0.0010680179,0.001072601,0.0010608657,0.0010471431,0.0010396449,0.0010504453,0.0010562302,0.001068018,0.0,0.0,0.0,0.001031016,0.0010119823,0.0010681914,0.0010905818,0.0010725962,0.0010608659,0.0,0.001031016,0.0010119823,0.0010681914,0.0010793734,0.0010725965,0.001060866,0.0010471432,0.0010681914,0.0,0.001031016,0.0010119824,0.0,0.0010608659,0.0010471432,0.0010396452,0.0010504453,0.0010562302,0.0010680183,0.0,0.0010608659,0.0010471432,0.0010396452,0.0010504453,0.0010562302,0.0010680179,0.0,0.0010608658,0.0010471431,0.0010396452,0.0010504453,0.0010562302,0.0010680191,0.0010725986,0.0010608659,0.0010471431,0.0010396452,0.0010504453,0.0010562302,0.0010680184,0.0,0.0,0.0010471432,0.001031016,0.0010214086,0.001031723,0.0011075,0.0,0.0010608659,0.0010471432,0.0010396452,0.0010504453,0.0010562302,0.0010680179,0.001072678,0.0010608656,0.0010471431,0.0010396452,0.0010504453,0.0010562302,0.001068019
k__Bacteria|p__Firmicutes|c__Clostridia|o__Eubacteriales|f__Oscillospiraceae|g__GGB9453|s__GGB9453_SGB14845,0.0,0.0010606141,0.0010470045,0.0010396779,0.0010507862,0.0010568728,0.0010688754,0.0,0.0010606142,0.0010470045,0.0010396779,0.0010507862,0.0010568728,0.0010688751,0.0,0.0,0.0010470117,0.0010310004,0.0010215674,0.0010321963,0.0011076475,0.0010722878,0.0,0.0010470045,0.0010309969,0.0010215668,0.0010321961,0.0011076466,0.0,0.0,0.0010470045,0.0010309969,0.0010215668,0.0010321961,0.0011076467,0.0010722384,0.0010606141,0.0010470045,0.0010396779,0.0010507862,0.0010568728,0.001068875,0.0,0.0010606151,0.0010470046,0.0010396779,0.0010507862,0.0010568728,0.0010688765,0.0010722382,0.0010606141,0.0010470045,0.0010396779,0.0010507862,0.0010568728,0.0010688751,0.0,0.0010606145,0.0010470053,0.001039678,0.0010507862,0.0010568728,0.001068876,0.0,0.0010606142,0.0010470045,0.0010396779,0.0010507862,0.0010568728,0.0010688751,0.0,0.0010606142,0.0,0.0010309969,0.0010120886,0.0010679915,0.0010794705,0.0,0.0010606141,0.0010470045,0.0010396779,0.0010507862,0.0010568728,0.0010688761,0.0,0.0,0.0,0.0010309969,0.0010120886,0.0010679915,0.0010905663,0.0010722546,0.0010606142,0.0,0.0010309969,0.0010120886,0.0010679915,0.0010794797,0.0010723592,0.0,0.0,0.001030997,0.0010120886,0.0010679915,0.0010905656,0.0010722763,0.0,0.0010470045,0.0,0.0010606141,0.0010470045,0.0010679917,0.0010722433,0.0,0.0,0.0010309969,0.0010120886,0.0010679915,0.0010905631,0.0,0.0010606154,0.0,0.0010309969,0.0010120886,0.0010679915,0.0010794686,0.0,0.0,0.0010470053,0.0010606155,0.0,0.0010309969,0.0010606148,0.0010722644,0.0010606142,0.0,0.0010309969,0.0010120886,0.0010679915,0.0010794678,0.0,0.0,0.0010470047,0.0010309969,0.0010215668,0.0010321961,0.0011076471,0.0,0.0,0.0010470045,0.0,0.0010606141,0.0010470045,0.0010679916,0.0,0.0010606153,0.0,0.0010606144,0.0,0.0010606141,0.0010470048,0.0,0.0,0.0010470105,0.0010309981,0.0010215669,0.0010321961,0.0011076477,0.0,0.0010606337,0.001060616,0.0010549892,0.0010663582,0.0,0.0009896888,0.0,0.0010606162,0.0010470052,0.0,0.0010606144,0.0010470046,0.0010396813,0.001072245,0.0010606141,0.0010470045,0.0,0.0010606141,0.0010470045,0.0010396797,0.0,0.0010606144,0.0010470046,0.0010396779,0.0010507862,0.0010568728,0.001068875,0.0010722382,0.0010606141,0.0010470045,0.0010396779,0.0010507862,0.0010568728,0.0010688751,0.0010722862,0.0,0.0,0.0010309969,0.0010120886,0.0010679915,0.0010905628,0.0010722463,0.0,0.0010470045,0.0010309969,0.0010215668,0.0010321961,0.0011076473,0.0,0.0010606144,0.0,0.0010309969,0.0010120886,0.0010679915,0.0010794677,0.0010722626,0.0,0.0010470045,0.0010309969,0.0010215668,0.0010321963,0.0011076593,0.0,0.0010606141,0.0010470045,0.0010396779,0.0010507862,0.0010568728,0.0010688782,0.0010722392,0.0010606141,0.0010470045,0.0010396779,0.0010507862,0.0010568728,0.001068875,0.0,0.0010606144,0.0010470046,0.0010396779,0.0010507862,0.0010568728,0.0010688751,0.0,0.0,0.0010470045,0.0010309969,0.0010215668,0.0010321961,0.0011076467,0.0010722422,0.0010606141,0.0,0.0,0.0010606144,0.0010606142,0.00105499,0.0010722942,0.0,0.0010470047,0.0,0.0010606144,0.0010470045,0.0010679967,0.0010724183,0.0,0.0010606141,0.0010470046,0.0010396779,0.0,0.0010606154,0.0,0.0010606141,0.0,0.0010309969,0.0010120886,0.0010679914,0.0010794771,0.0010722465,0.0,0.0010470045,0.0010309969,0.0010215669,0.0010321969,0.0011077366,0.0010722564,0.0,0.0,0.0010309969,0.0010120886,0.0010679915,0.0010905626,0.0,0.0010606144,0.0010470046,0.0010396779,0.0010507862,0.0010568728,0.0010688751,0.0010722708,0.0010606142,0.0010470046,0.0,0.0010606141,0.0010470045,0.0010396793,0.0010722429,0.0,0.0010470046,0.0010309973,0.0010215668,0.0010321961,0.0011076503,0.0010722438,0.0,0.0010470046,0.0010309969,0.0010215669,0.0010321965,0.0011076505,0.0,0.0010606142,0.0010606145,0.0010549889,0.0010663581,0.0,0.0009897319,0.0010722984,0.0,0.0010470046,0.0010309969,0.0010215668,0.0010321961,0.0011076465,0.0010722463,0.0,0.0,0.0010309969,0.0010120886,0.0010679915,0.0010905653,0.0010723438,0.0010606153,0.0,0.0010309981,0.0010120886,0.0010679914,0.0010794803,0.0,0.0010606142,0.0010470046,0.0010396779,0.0010507862,0.0010568728,0.001068875,0.0,0.0010606145,0.0,0.0010309969,0.0010120886,0.0010679915,0.0010794677,0.0,0.0010606141,0.0010470047,0.0010396779,0.0010507862,0.0010568728,0.0010688752,0.0010722626,0.001060614,0.0010470046,0.001039678,0.0010507862,0.0010568728,0.0010688758,0.0,0.0,0.0,0.0010309969,0.0010120886,0.0010679915,0.0010905637,0.0010722376,0.0010606141,0.0,0.0010309969,0.0010120886,0.0010679915,0.0010794693,0.0010722555,0.0010606142,0.0010470045,0.0010679915,0.0,0.0010309969,0.0010120887,0.0,0.0010606141,0.0010470045,0.0010396779,0.0010507862,0.0010568728,0.0010688765,0.0,0.0010606141,0.0010470045,0.0010396779,0.0010507862,0.0010568728,0.0010688754,0.0,0.0010606146,0.0010470046,0.0010396779,0.0010507862,0.001056873,0.0010688782,0.001072252,0.0010606141,0.0010470045,0.0010396779,0.0010507862,0.0010568728,0.0010688758,0.0,0.0,0.0010470045,0.0010309969,0.0010215668,0.0010321961,0.0011076473,0.0,0.0010606141,0.0010470045,0.0010396779,0.0010507862,0.0010568728,0.0010688751,0.0010724753,0.0010606154,0.0010470046,0.0010396779,0.0010507862,0.001056873,0.0010688793
k__Bacteria|p__Firmicutes|c__Bacilli|o__Lactobacillales|f__Streptococcaceae|g__Lactococcus|s__Lactococcus_petauri,0.0,0.0010606747,0.0010470477,0.001039694,0.0010507535,0.0010567917,0.0010687596,0.0,0.0010606749,0.0010470477,0.001039694,0.0010507535,0.0010567917,0.0010687596,0.0,0.0,0.0010470604,0.0010310294,0.0010215644,0.0010321429,0.0011076424,0.0010723572,0.0,0.0010470477,0.0010310215,0.0010215637,0.0010321429,0.001107642,0.0,0.0,0.0010470477,0.0010310215,0.0010215637,0.0010321429,0.0011076416,0.001072315,0.0010606748,0.0010470477,0.001039694,0.0010507535,0.0010567917,0.0010687596,0.0,0.0010606752,0.0010470478,0.001039694,0.0010507535,0.0010567917,0.0010687598,0.0010723151,0.0010606748,0.0010470477,0.001039694,0.0010507535,0.0010567917,0.0010687596,0.0,0.0010606749,0.0010470481,0.0010396943,0.0010507535,0.0010567917,0.0010687605,0.0,0.0010606749,0.0010470477,0.001039694,0.0010507535,0.0010567917,0.0010687597,0.0,0.0010606749,0.0,0.0010310215,0.0010120934,0.0010680436,0.001079474,0.0,0.0010606748,0.0010470477,0.001039694,0.0010507535,0.0010567917,0.0010687604,0.0,0.0,0.0,0.0010310215,0.0010120934,0.0010680436,0.0010905875,0.0010723274,0.0010606749,0.0,0.0010310215,0.0010120934,0.0010680436,0.00107948,0.0010724054,0.0,0.0,0.0010310218,0.0010120934,0.0010680436,0.0010905865,0.0010723455,0.0,0.0010470477,0.0,0.0010606748,0.0010470477,0.0010680436,0.001072319,0.0,0.0,0.0010310215,0.0010120934,0.0010680436,0.0010905855,0.0,0.0010606761,0.0,0.0010310215,0.0010120934,0.0010680436,0.0010794727,0.0,0.0,0.0010470483,0.0010606762,0.0,0.0010310215,0.0010606749,0.0010723432,0.0010606749,0.0,0.0010310217,0.0010120934,0.0010680436,0.0010794727,0.0,0.0,0.0010470478,0.0010310215,0.0010215637,0.0010321429,0.0011076418,0.0,0.0,0.0010470477,0.0,0.0010606748,0.0010470477,0.0010680436,0.0,0.0010606776,0.0,0.0010606749,0.0,0.0010606748,0.0010470478,0.0,0.0,0.001047064,0.0010310239,0.0010215637,0.0010321429,0.0011076425,0.0,0.0010607082,0.0010606783,0.0010550241,0.0010663448,0.0,0.000989669,0.0,0.0010606768,0.0010470484,0.0,0.001060675,0.0010470477,0.001039696,0.001072323,0.0010606748,0.0010470477,0.0,0.0010606748,0.0010470477,0.001039695,0.0,0.0010606749,0.0010470478,0.001039694,0.0010507535,0.0010567917,0.0010687597,0.0010723151,0.0010606748,0.0010470477,0.001039694,0.0010507535,0.0010567917,0.0010687597,0.0010723488,0.0,0.0,0.0010310215,0.0010120934,0.0010680436,0.0010905851,0.0010723224,0.0,0.0010470477,0.0010310215,0.0010215637,0.0010321429,0.001107642,0.0,0.0010606749,0.0,0.0010310215,0.0010120934,0.0010680436,0.0010794726,0.0010723341,0.0,0.0010470477,0.0010310215,0.0010215637,0.0010321429,0.0011076471,0.0,0.0010606748,0.0010470477,0.001039694,0.0010507535,0.0010567917,0.0010687609,0.0010723163,0.0010606748,0.0010470477,0.001039694,0.0010507535,0.0010567917,0.0010687596,0.0,0.0010606751,0.0010470477,0.001039694,0.0010507535,0.0010567917,0.0010687598,0.0,0.0,0.0010470477,0.0010310215,0.0010215637,0.0010321429,0.001107642,0.0010723181,0.0010606748,0.0,0.0,0.0010606749,0.0010606749,0.0010550239,0.001072358,0.0,0.0010470479,0.0,0.0010606749,0.0010470477,0.0010680456,0.0010724524,0.0,0.0010606749,0.0010470477,0.001039694,0.0,0.0010606754,0.0,0.0010606747,0.0,0.0010310215,0.0010120934,0.0010680436,0.0010794763,0.001072322,0.0,0.0010470477,0.0010310215,0.0010215637,0.0010321432,0.0011076956,0.0010723323,0.0,0.0,0.0010310215,0.0010120934,0.0010680436,0.0010905851,0.0,0.0010606749,0.0010470478,0.001039694,0.0010507535,0.0010567917,0.0010687596,0.0010723483,0.0010606749,0.0010470477,0.0,0.0010606748,0.0010470477,0.0010396951,0.0010723186,0.0,0.0010470477,0.0010310215,0.0010215637,0.0010321429,0.0011076438,0.0010723196,0.0,0.0010470478,0.0010310218,0.0010215637,0.001032143,0.0011076431,0.0,0.0010606749,0.001060675,0.0010550236,0.0010663446,0.0,0.0009897049,0.0010723582,0.0,0.0010470477,0.0010310215,0.0010215637,0.0010321429,0.0011076416,0.001072322,0.0,0.0,0.0010310215,0.0010120934,0.0010680436,0.0010905869,0.0010724006,0.0010606757,0.0,0.0010310226,0.0010120939,0.0010680436,0.0010794789,0.0,0.0010606748,0.0010470477,0.001039694,0.0010507535,0.0010567917,0.0010687596,0.0,0.0010606755,0.0,0.0010310215,0.0010120934,0.0010680436,0.0010794726,0.0,0.0010606749,0.0010470478,0.001039694,0.0010507535,0.0010567917,0.0010687596,0.0010723314,0.0010606748,0.0010470478,0.0010396942,0.0010507535,0.0010567917,0.0010687602,0.0,0.0,0.0,0.0010310215,0.0010120934,0.0010680436,0.0010905854,0.0010723148,0.0010606748,0.0,0.0010310215,0.0010120934,0.0010680436,0.0010794733,0.001072328,0.0010606748,0.0010470477,0.0010680436,0.0,0.0010310215,0.0010120935,0.0,0.0010606748,0.0010470477,0.001039694,0.0010507535,0.0010567917,0.0010687603,0.0,0.0010606748,0.0010470477,0.001039694,0.0010507535,0.0010567917,0.0010687601,0.0,0.0010606754,0.0010470477,0.001039694,0.0010507535,0.0010567917,0.0010687615,0.0010723266,0.0010606748,0.0010470477,0.001039694,0.0010507535,0.0010567917,0.0010687602,0.0,0.0,0.0010470477,0.0010310215,0.0010215637,0.0010321429,0.0011076422,0.0,0.0010606748,0.0010470477,0.001039694,0.0010507535,0.0010567917,0.0010687597,0.0010725338,0.0010606761,0.0010470478,0.001039694,0.0010507535,0.0010567917,0.0010687625
k__Bacteria|p__Firmicutes|c__Bacilli|o__Lactobacillales|f__Streptococcaceae|g__Streptococcus|s__Streptococcus_mutans,0.0,0.0010593785,0.0010456154,0.00103809,0.0010488916,0.0010546695,0.0010664739,0.0,0.0010593784,0.0010456154,0.00103809,0.0010488916,0.0010546695,0.0010664738,0.0,0.0,0.0010456338,0.0010294626,0.0010198132,0.0010301226,0.0011061497,0.0010711887,0.0,0.0010456154,0.0010294485,0.0010198127,0.0010301223,0.0011061488,0.0,0.0,0.0010456154,0.0010294485,0.0010198127,0.0010301223,0.0011061485,0.0010711487,0.0010593783,0.0010456154,0.00103809,0.0010488916,0.0010546695,0.0010664738,0.0,0.0010593793,0.0010456156,0.00103809,0.0010488916,0.0010546695,0.0010664747,0.0010711488,0.0010593783,0.0010456154,0.00103809,0.0010488916,0.0010546695,0.0010664739,0.0,0.0010593786,0.0010456163,0.00103809,0.0010488919,0.0010546695,0.0010664745,0.0,0.0010593784,0.0010456154,0.00103809,0.0010488916,0.0010546695,0.0010664739,0.0,0.0010593784,0.0,0.0010294485,0.0010103763,0.0010667201,0.001077918,0.0,0.0010593783,0.0010456154,0.0010380899,0.0010488916,0.0010546695,0.0010664745,0.0,0.0,0.0,0.0010294485,0.0010103763,0.0010667201,0.0010891737,0.0010711583,0.0010593784,0.0,0.0010294485,0.0010103763,0.0010667201,0.0010779243,0.0010712144,0.0,0.0,0.0010294486,0.0010103763,0.0010667201,0.0010891727,0.0010711726,0.0,0.0010456154,0.0,0.0010593783,0.0010456154,0.0010667201,0.0010711519,0.0,0.0,0.0010294485,0.0010103763,0.0010667201,0.0010891708,0.0,0.0010593802,0.0,0.0010294485,0.0010103763,0.0010667201,0.0010779159,0.0,0.0,0.0010456176,0.0010593794,0.0,0.0010294485,0.0010593786,0.001071179,0.0010593786,0.0,0.0010294485,0.0010103763,0.0010667201,0.0010779154,0.0,0.0,0.0010456156,0.0010294485,0.0010198127,0.0010301223,0.0011061492,0.0,0.0,0.0010456154,0.0,0.0010593783,0.0010456154,0.0010667201,0.0,0.0010593849,0.0,0.0010593786,0.0,0.0010593783,0.0010456155,0.0,0.0,0.001045637,0.0010294522,0.0010198129,0.0010301223,0.0011061499,0.0,0.001059419,0.0010593833,0.0010535632,0.0010646378,0.0,0.0009878109,0.0,0.0010593818,0.0010456169,0.0,0.001059379,0.0010456156,0.0010380937,0.001071157,0.0010593783,0.0010456154,0.0,0.0010593783,0.0010456154,0.0010380916,0.0,0.0010593787,0.0010456155,0.0010380899,0.0010488916,0.0010546695,0.0010664738,0.0010711486,0.0010593783,0.0010456154,0.00103809,0.0010488916,0.0010546695,0.0010664739,0.0010711782,0.0,0.0,0.0010294485,0.0010103763,0.0010667201,0.0010891705,0.0010711517,0.0,0.0010456154,0.0010294485,0.0010198127,0.0010301223,0.0011061492,0.0,0.0010593784,0.0,0.0010294485,0.0010103763,0.0010667201,0.0010779151,0.0010711672,0.0,0.0010456154,0.0010294485,0.0010198127,0.0010301226,0.0011061575,0.0,0.0010593783,0.0010456154,0.00103809,0.0010488916,0.0010546695,0.0010664762,0.0010711491,0.0010593783,0.0010456154,0.00103809,0.0010488916,0.0010546695,0.0010664738,0.0,0.0010593793,0.0010456156,0.0010380899,0.0010488916,0.0010546695,0.0010664739,0.0,0.0,0.0010456154,0.0010294485,0.0010198127,0.0010301223,0.0011061488,0.0010711516,0.0010593783,0.0,0.0,0.0010593784,0.0010593784,0.0010535634,0.0010711938,0.0,0.001045616,0.0,0.0010593786,0.0010456154,0.001066725,0.0010712554,0.0,0.0010593786,0.0010456156,0.0010380899,0.0,0.0010593797,0.0,0.0010593784,0.0,0.0010294485,0.0010103763,0.00106672,0.0010779228,0.0010711561,0.0,0.0010456154,0.0010294485,0.0010198129,0.001030123,0.0011062134,0.0010711717,0.0,0.0,0.0010294485,0.0010103763,0.0010667201,0.0010891706,0.0,0.0010593786,0.0010456155,0.00103809,0.0010488916,0.0010546695,0.0010664738,0.001071166,0.0010593787,0.0010456156,0.0,0.0010593785,0.0010456154,0.0010380911,0.0010711506,0.0,0.0010456156,0.0010294488,0.0010198127,0.0010301223,0.0011061521,0.0010711534,0.0,0.0010456155,0.0010294485,0.0010198129,0.0010301227,0.0011061511,0.0,0.0010593787,0.0010593787,0.0010535625,0.001064638,0.0,0.0009878627,0.0010711817,0.0,0.0010456156,0.0010294485,0.0010198127,0.0010301223,0.0011061488,0.0010711553,0.0,0.0,0.0010294485,0.0010103763,0.0010667201,0.0010891731,0.0010712092,0.0010593791,0.0,0.0010294496,0.0010103764,0.00106672,0.0010779256,0.0,0.0010593786,0.0010456156,0.0010380899,0.0010488916,0.0010546695,0.0010664738,0.0,0.0010593804,0.0,0.0010294485,0.0010103763,0.0010667201,0.0010779151,0.0,0.0010593786,0.0010456156,0.0010380899,0.0010488916,0.0010546695,0.0010664739,0.0010711642,0.0010593785,0.0010456156,0.0010380903,0.0010488919,0.0010546695,0.0010664742,0.0,0.0,0.0,0.0010294485,0.0010103763,0.0010667201,0.0010891714,0.0010711482,0.0010593783,0.0,0.0010294485,0.0010103763,0.0010667201,0.0010779162,0.0010711664,0.0010593786,0.0010456154,0.0010667201,0.0,0.0010294485,0.0010103764,0.0,0.0010593783,0.0010456154,0.0010380899,0.0010488916,0.0010546695,0.0010664752,0.0,0.0010593783,0.0010456154,0.0010380899,0.0010488916,0.0010546695,0.0010664741,0.0,0.0010593791,0.0010456156,0.0010380899,0.0010488919,0.0010546695,0.0010664765,0.0010711564,0.0010593783,0.0010456154,0.0010380899,0.0010488916,0.0010546695,0.0010664745,0.0,0.0,0.0010456154,0.0010294485,0.0010198127,0.0010301223,0.001106149,0.0,0.0010593783,0.0010456154,0.00103809,0.0010488916,0.0010546695,0.0010664739,0.0010714094,0.0010593808,0.0010456158,0.0010380902,0.0010488919,0.0010546695,0.0010664775
k__Bacteria|p__Firmicutes|c__Bacilli|o__Lactobacillales|f__Streptococcaceae|g__Streptococcus|s__Streptococcus_canis,0.0,0.0010587896,0.0010451435,0.0010378016,0.0010489443,0.0010550538,0.0010670981,0.0,0.0010587898,0.0010451435,0.0010378016,0.0010489443,0.0010550538,0.001067098,0.0,0.0,0.0010451549,0.0010291082,0.0010196548,0.0010303113,0.001106029,0.0010704922,0.0,0.0010451435,0.0010291,0.0010196542,0.0010303113,0.0011060286,0.0,0.0,0.0010451435,0.0010291,0.0010196542,0.0010303113,0.0011060284,0.0010704504,0.0010587898,0.0010451435,0.0010378016,0.0010489443,0.0010550538,0.0010670979,0.0,0.0010587903,0.0010451436,0.0010378016,0.0010489443,0.0010550538,0.0010670989,0.0010704504,0.0010587898,0.0010451435,0.0010378016,0.0010489443,0.0010550538,0.001067098,0.0,0.0010587899,0.0010451439,0.0010378018,0.0010489443,0.0010550538,0.0010670986,0.0,0.0010587898,0.0010451435,0.0010378016,0.0010489443,0.0010550538,0.001067098,0.0,0.0010587898,0.0,0.0010291,0.0010101581,0.001066192,0.0010777172,0.0,0.0010587898,0.0010451435,0.0010378016,0.0010489443,0.0010550538,0.0010670982,0.0,0.0,0.0,0.0010291,0.0010101581,0.001066192,0.001088856,0.0010704619,0.0010587898,0.0,0.0010291,0.0010101581,0.001066192,0.001077721,0.0010705325,0.0,0.0,0.0010291004,0.0010101581,0.001066192,0.0010888563,0.0010704801,0.0,0.0010451435,0.0,0.0010587898,0.0010451435,0.0010661919,0.0010704537,0.0,0.0,0.0010291,0.0010101581,0.001066192,0.0010888551,0.0,0.0010587906,0.0,0.0010291,0.0010101581,0.001066192,0.0010777159,0.0,0.0,0.0010451443,0.0010587904,0.0,0.0010291,0.00105879,0.0010704742,0.0010587899,0.0,0.0010291002,0.0010101581,0.001066192,0.0010777157,0.0,0.0,0.0010451436,0.0010291,0.0010196542,0.0010303113,0.0011060289,0.0,0.0,0.0010451435,0.0,0.0010587898,0.0010451435,0.0010661919,0.0,0.001058792,0.0,0.0010587899,0.0,0.0010587898,0.0010451435,0.0,0.0,0.0010451522,0.0010291022,0.0010196542,0.0010303113,0.0011060284,0.0,0.0010588176,0.0010587929,0.0010531511,0.0010645607,0.0,0.0009877229,0.0,0.0010587913,0.0010451442,0.0,0.00105879,0.0010451436,0.0010378043,0.0010704573,0.0010587898,0.0010451435,0.0,0.0010587898,0.0010451435,0.0010378029,0.0,0.0010587898,0.0010451435,0.0010378016,0.0010489443,0.0010550538,0.001067098,0.0010704505,0.0010587898,0.0010451435,0.0010378016,0.0010489443,0.0010550538,0.001067098,0.0010704825,0.0,0.0,0.0010291,0.0010101581,0.001066192,0.0010888551,0.0010704559,0.0,0.0010451435,0.0010291,0.0010196542,0.0010303113,0.0011060286,0.0,0.0010587899,0.0,0.0010291,0.0010101581,0.001066192,0.0010777154,0.0010704696,0.0,0.0010451435,0.0010291,0.0010196542,0.0010303113,0.0011060338,0.0,0.0010587898,0.0010451435,0.0010378016,0.0010489443,0.0010550538,0.0010670995,0.0010704516,0.0010587898,0.0010451435,0.0010378016,0.0010489443,0.0010550538,0.0010670979,0.0,0.0010587903,0.0010451436,0.0010378016,0.0010489443,0.0010550538,0.0010670981,0.0,0.0,0.0010451435,0.0010291,0.0010196542,0.0010303113,0.0011060286,0.0010704537,0.0010587898,0.0,0.0,0.0010587899,0.0010587898,0.0010531511,0.0010704963,0.0,0.0010451436,0.0,0.0010587899,0.0010451435,0.0010661952,0.0010705824,0.0,0.0010587897,0.0010451436,0.0010378016,0.0,0.0010587904,0.0,0.0010587897,0.0,0.0010291,0.0010101581,0.0010661919,0.0010777211,0.0010704568,0.0,0.0010451435,0.0010291,0.0010196542,0.0010303118,0.0011060664,0.0010704664,0.0,0.0,0.0010291,0.0010101581,0.001066192,0.0010888551,0.0,0.0010587899,0.0010451435,0.0010378016,0.0010489443,0.0010550538,0.001067098,0.0010704874,0.0010587898,0.0010451436,0.0,0.0010587897,0.0010451435,0.0010378025,0.0010704529,0.0,0.0010451436,0.0010291004,0.0010196544,0.0010303113,0.0011060298,0.0010704545,0.0,0.0010451435,0.0010291003,0.0010196546,0.0010303113,0.00110603,0.0,0.0010587898,0.0010587898,0.0010531509,0.0010645607,0.0,0.0009877555,0.001070493,0.0,0.0010451436,0.0010291,0.0010196542,0.0010303113,0.0011060284,0.0010704563,0.0,0.0,0.0010291,0.0010101581,0.001066192,0.001088856,0.0010705242,0.0010587903,0.0,0.001029101,0.0010101582,0.001066192,0.0010777212,0.0,0.0010587898,0.0010451436,0.0010378016,0.0010489443,0.0010550538,0.0010670979,0.0,0.0010587906,0.0,0.0010291,0.0010101581,0.001066192,0.0010777154,0.0,0.0010587897,0.0010451436,0.0010378016,0.0010489443,0.0010550538,0.0010670981,0.0010704657,0.0010587896,0.0010451435,0.0010378017,0.0010489443,0.0010550538,0.0010670985,0.0,0.0,0.0,0.0010291,0.0010101581,0.001066192,0.0010888557,0.0010704502,0.0010587898,0.0,0.0010291,0.0010101581,0.001066192,0.0010777161,0.001070464,0.0010587898,0.0010451435,0.001066192,0.0,0.0010291,0.0010101582,0.0,0.0010587898,0.0010451435,0.0010378016,0.0010489443,0.0010550538,0.0010670988,0.0,0.0010587898,0.0010451435,0.0010378016,0.0010489443,0.0010550538,0.0010670981,0.0,0.0010587903,0.0010451436,0.0010378016,0.0010489443,0.0010550538,0.0010670995,0.0010704597,0.0010587898,0.0010451435,0.0010378016,0.0010489443,0.0010550538,0.0010670986,0.0,0.0,0.0010451435,0.0010291,0.0010196542,0.0010303113,0.0011060287,0.0,0.0010587898,0.0010451435,0.0010378016,0.0010489443,0.0010550538,0.001067098,0.001070697,0.0010587908,0.0010451435,0.0010378016,0.0010489443,0.0010550538,0.0010671001
k__Bacteria|p__Firmicutes|c__Clostridia|o__Eubacteriales|f__Peptostreptococcaceae|g__Romboutsia|s__Romboutsia_hominis,0.0,0.0010610751,0.0010475571,0.0010403548,0.0010516657,0.001057954,0.0010700903,0.0,0.0010610754,0.0010475571,0.0010403548,0.0010516657,0.001057954,0.0010700903,0.0,0.0,0.0010475527,0.0010316415,0.0010223434,0.0010331824,0.0011083124,0.0010726335,0.0,0.0010475571,0.0010316451,0.0010223436,0.0010331824,0.0011083124,0.0,0.0,0.0010475571,0.0010316451,0.0010223436,0.0010331824,0.0011083124,0.0010726119,0.0010610753,0.0010475571,0.0010403548,0.0010516657,0.001057954,0.0010700902,0.0,0.0010610753,0.0010475572,0.0010403548,0.0010516657,0.001057954,0.0010700913,0.001072612,0.0010610753,0.0010475571,0.0010403548,0.0010516657,0.001057954,0.0010700903,0.0,0.0010610753,0.0010475576,0.001040355,0.0010516657,0.001057954,0.0010700905,0.0,0.0010610754,0.0010475571,0.0010403548,0.0010516657,0.001057954,0.0010700903,0.0,0.0010610754,0.0,0.0010316451,0.001012835,0.00106848,0.0010801447,0.0,0.0010610753,0.0010475571,0.0010403548,0.0010516657,0.001057954,0.0010700903,0.0,0.0,0.0,0.0010316451,0.0010128354,0.00106848,0.0010911436,0.0010726186,0.0010610754,0.0,0.0010316451,0.001012835,0.00106848,0.0010801447,0.001072661,0.0,0.0,0.001031645,0.001012835,0.00106848,0.0010911445,0.0010726263,0.0,0.0010475571,0.0,0.0010610753,0.0010475571,0.0010684798,0.0010726127,0.0,0.0,0.0010316451,0.0010128354,0.00106848,0.0010911447,0.0,0.0010610749,0.0,0.0010316451,0.0010128354,0.00106848,0.0010801442,0.0,0.0,0.0010475572,0.0010610754,0.0,0.0010316451,0.0010610755,0.0010726142,0.001061075,0.0,0.0010316451,0.0010128354,0.00106848,0.0010801442,0.0,0.0,0.0010475572,0.0010316451,0.0010223436,0.0010331824,0.0011083125,0.0,0.0,0.0010475571,0.0,0.0010610753,0.0010475571,0.0010684798,0.0,0.0010610727,0.0,0.0010610754,0.0,0.0010610753,0.0010475571,0.0,0.0,0.0010475505,0.0010316435,0.0010223436,0.0010331824,0.0011083117,0.0,0.001061056,0.001061073,0.001055569,0.001067134,0.0,0.0009905244,0.0,0.0010610746,0.0010475565,0.0,0.0010610751,0.0010475572,0.0010403554,0.0010726136,0.0010610753,0.0010475571,0.0,0.0010610753,0.0010475571,0.0010403554,0.0,0.0010610754,0.0010475571,0.0010403548,0.0010516657,0.001057954,0.0010700902,0.0010726121,0.0010610753,0.0010475571,0.0010403548,0.0010516657,0.001057954,0.0010700903,0.0010726288,0.0,0.0,0.0010316451,0.0010128354,0.00106848,0.0010911449,0.001072613,0.0,0.0010475571,0.0010316451,0.0010223436,0.0010331824,0.0011083123,0.0,0.0010610756,0.0,0.0010316451,0.0010128354,0.00106848,0.0010801441,0.0010726204,0.0,0.0010475571,0.0010316451,0.0010223436,0.0010331824,0.0011083127,0.0,0.0010610753,0.0010475571,0.0010403548,0.0010516657,0.001057954,0.0010700908,0.0010726127,0.0010610753,0.0010475571,0.0010403548,0.0010516657,0.001057954,0.0010700902,0.0,0.0010610753,0.0010475572,0.0010403548,0.0010516657,0.001057954,0.0010700903,0.0,0.0,0.0010475571,0.0010316451,0.0010223436,0.0010331824,0.0011083124,0.0010726138,0.0010610753,0.0,0.0,0.0010610754,0.0010610754,0.0010555697,0.0010726358,0.0,0.001047557,0.0,0.0010610754,0.0010475571,0.0010684815,0.0010726918,0.0,0.0010610754,0.0010475572,0.0010403548,0.0,0.0010610756,0.0,0.0010610751,0.0,0.0010316451,0.001012835,0.0010684798,0.0010801478,0.0010726153,0.0,0.0010475571,0.0010316451,0.0010223436,0.0010331827,0.0011083039,0.0010726169,0.0,0.0,0.0010316451,0.0010128354,0.00106848,0.0010911449,0.0,0.0010610754,0.0010475571,0.0010403548,0.0010516657,0.001057954,0.0010700903,0.0010726494,0.0010610753,0.0010475572,0.0,0.0010610751,0.0010475571,0.0010403552,0.0010726133,0.0,0.0010475572,0.0010316452,0.0010223436,0.0010331824,0.001108312,0.0010726129,0.0,0.0010475571,0.0010316451,0.0010223436,0.0010331826,0.0011083127,0.0,0.0010610753,0.0010610754,0.0010555694,0.0010671335,0.0,0.0009905364,0.0010726296,0.0,0.0010475572,0.0010316451,0.0010223436,0.0010331824,0.0011083124,0.0010726133,0.0,0.0,0.0010316451,0.001012835,0.00106848,0.0010911445,0.0010726626,0.001061075,0.0,0.001031645,0.001012835,0.00106848,0.001080145,0.0,0.0010610753,0.0010475572,0.0010403548,0.0010516657,0.001057954,0.0010700902,0.0,0.0010610746,0.0,0.0010316451,0.0010128354,0.00106848,0.0010801441,0.0,0.0010610753,0.0010475572,0.0010403548,0.0010516657,0.001057954,0.0010700903,0.0010726184,0.0010610753,0.0010475571,0.001040355,0.0010516657,0.001057954,0.0010700905,0.0,0.0,0.0,0.0010316451,0.0010128354,0.00106848,0.0010911451,0.001072612,0.0010610753,0.0,0.0010316451,0.0010128354,0.00106848,0.0010801445,0.0010726159,0.0010610753,0.0010475571,0.00106848,0.0,0.0010316451,0.0010128355,0.0,0.0010610753,0.0010475571,0.0010403548,0.0010516657,0.001057954,0.0010700908,0.0,0.0010610753,0.0010475571,0.0010403548,0.0010516657,0.001057954,0.0010700905,0.0,0.0010610749,0.0010475572,0.0010403548,0.0010516657,0.001057954,0.0010700909,0.0010726142,0.0010610753,0.0010475571,0.0010403548,0.0010516657,0.001057954,0.0010700907,0.0,0.0,0.0010475571,0.0010316451,0.0010223436,0.0010331824,0.0011083126,0.0,0.0010610753,0.0010475571,0.0010403548,0.0010516657,0.001057954,0.0010700903,0.0010727351,0.0010610746,0.0010475569,0.0010403548,0.0010516657,0.001057954,0.0010700906
k__Bacteria|p__Firmicutes|c__Bacilli|o__Lactobacillales|f__Streptococcaceae|g__Streptococcus|s__Streptococcus_intermedius,0.0,0.0010615624,0.0010479799,0.0010406729,0.0010517839,0.0010578785,0.0010698728,0.0,0.0010615626,0.0010479799,0.0010406729,0.0010517839,0.0010578785,0.0010698728,0.0,0.0,0.0010479939,0.0010320097,0.0010225897,0.0010332253,0.0011085126,0.0010731545,0.0,0.0010479798,0.0010319992,0.0010225893,0.0010332253,0.0011085122,0.0,0.0,0.0010479799,0.0010319992,0.0010225893,0.0010332253,0.0011085123,0.0010731594,0.0010615626,0.0010479799,0.0010406729,0.0010517839,0.0010578785,0.0010698728,0.0,0.0010615628,0.0010479799,0.0010406729,0.0010517839,0.0010578785,0.0010698731,0.0010731594,0.0010615626,0.0010479799,0.0010406729,0.0010517839,0.0010578785,0.0010698725,0.0,0.0010615627,0.0010479804,0.001040673,0.0010517839,0.0010578785,0.001069873,0.0,0.0010615626,0.0010479799,0.0010406729,0.0010517839,0.0010578785,0.0010698728,0.0,0.0010615626,0.0,0.0010319992,0.0010131169,0.0010689301,0.0010804019,0.0,0.0010615626,0.0010479799,0.0010406728,0.0010517839,0.0010578785,0.001069873,0.0,0.0,0.0,0.0010319992,0.0010131169,0.0010689301,0.0010914657,0.0010731561,0.0010615626,0.0,0.0010319992,0.0010131169,0.0010689301,0.0010804046,0.0010731381,0.0,0.0,0.0010319994,0.0010131169,0.0010689301,0.0010914655,0.0010731538,0.0,0.0010479799,0.0,0.0010615626,0.0010479799,0.0010689298,0.0010731586,0.0,0.0,0.0010319992,0.0010131169,0.0010689301,0.0010914647,0.0,0.0010615636,0.0,0.0010319992,0.0010131169,0.0010689301,0.0010804009,0.0,0.0,0.001047981,0.001061563,0.0,0.0010319992,0.0010615627,0.001073165,0.0010615627,0.0,0.0010319992,0.0010131169,0.0010689301,0.0010804009,0.0,0.0,0.0010479803,0.0010319992,0.0010225893,0.0010332253,0.0011085123,0.0,0.0,0.0010479799,0.0,0.0010615626,0.0010479799,0.00106893,0.0,0.0010615663,0.0,0.0010615627,0.0,0.0010615626,0.0010479799,0.0,0.0,0.0010479952,0.0010320015,0.0010225894,0.0010332253,0.0011085127,0.0,0.0010615919,0.0010615657,0.001055956,0.0010673233,0.0,0.0009907361,0.0,0.0010615638,0.0010479807,0.0,0.0010615627,0.00104798,0.001040675,0.0010731602,0.0010615626,0.0010479799,0.0,0.0010615626,0.0010479799,0.0010406732,0.0,0.0010615627,0.00104798,0.0010406728,0.0010517839,0.0010578785,0.0010698726,0.0010731593,0.0010615626,0.0010479799,0.0010406729,0.0010517839,0.0010578785,0.0010698724,0.0010731523,0.0,0.0,0.0010319992,0.0010131169,0.0010689301,0.0010914647,0.0010731573,0.0,0.0010479799,0.0010319992,0.0010225893,0.0010332253,0.0011085124,0.0,0.0010615627,0.0,0.0010319992,0.0010131169,0.0010689301,0.0010804008,0.0010731582,0.0,0.0010479799,0.0010319992,0.0010225893,0.0010332253,0.0011085154,0.0,0.0010615626,0.0010479799,0.0010406729,0.0010517839,0.0010578785,0.0010698735,0.0010731588,0.0010615626,0.0010479799,0.0010406729,0.0010517839,0.0010578785,0.0010698728,0.0,0.0010615629,0.00104798,0.0010406728,0.0010517839,0.0010578785,0.0010698728,0.0,0.0,0.0010479799,0.0010319992,0.0010225893,0.0010332253,0.0011085123,0.001073158,0.0010615626,0.0,0.0,0.0010615627,0.0010615626,0.0010559561,0.0010731532,0.0,0.0010479802,0.0,0.0010615627,0.0010479799,0.0010689329,0.0010731381,0.0,0.0010615627,0.00104798,0.0010406728,0.0,0.0010615629,0.0,0.0010615624,0.0,0.0010319992,0.0010131169,0.0010689301,0.0010804054,0.0010731592,0.0,0.0010479799,0.0010319992,0.0010225894,0.0010332256,0.0011085398,0.0010731636,0.0,0.0,0.0010319992,0.0010131169,0.0010689301,0.0010914647,0.0,0.0010615627,0.00104798,0.0010406729,0.0010517839,0.0010578785,0.0010698728,0.0010731365,0.0010615626,0.00104798,0.0,0.0010615626,0.0010479799,0.0010406733,0.0010731581,0.0,0.00104798,0.0010319994,0.0010225893,0.0010332253,0.0011085138,0.001073159,0.0,0.00104798,0.0010319992,0.0010225894,0.0010332254,0.0011085131,0.0,0.0010615626,0.0010615627,0.0010559554,0.0010673234,0.0,0.000990774,0.0010731452,0.0,0.00104798,0.0010319992,0.0010225893,0.0010332253,0.0011085123,0.0010731588,0.0,0.0,0.0010319992,0.0010131169,0.0010689301,0.0010914658,0.0010731425,0.0010615627,0.0,0.001032,0.0010131171,0.0010689301,0.0010804049,0.0,0.0010615626,0.00104798,0.0010406728,0.0010517839,0.0010578785,0.0010698728,0.0,0.0010615636,0.0,0.0010319992,0.0010131169,0.0010689301,0.0010804008,0.0,0.0010615627,0.0010479803,0.0010406728,0.0010517839,0.0010578785,0.0010698728,0.0010731578,0.0010615626,0.0010479798,0.001040673,0.0010517839,0.0010578785,0.0010698729,0.0,0.0,0.0,0.0010319992,0.0010131169,0.0010689301,0.0010914652,0.0010731594,0.0010615626,0.0,0.0010319992,0.0010131169,0.0010689301,0.0010804014,0.0010731596,0.0010615626,0.0010479799,0.0010689301,0.0,0.0010319992,0.0010131171,0.0,0.0010615626,0.0010479799,0.0010406728,0.0010517839,0.0010578785,0.0010698735,0.0,0.0010615626,0.0010479799,0.0010406728,0.0010517839,0.0010578785,0.0010698728,0.0,0.0010615629,0.00104798,0.0010406728,0.0010517839,0.0010578785,0.0010698743,0.0010731565,0.0010615626,0.0010479799,0.0010406728,0.0010517839,0.0010578785,0.0010698731,0.0,0.0,0.0010479798,0.0010319992,0.0010225893,0.0010332253,0.0011085126,0.0,0.0010615626,0.0010479799,0.0010406729,0.0010517839,0.0010578785,0.0010698728,0.0010731965,0.0010615636,0.0010479802,0.0010406728,0.0010517839,0.0010578785,0.0010698749
k__Bacteria|p__Firmicutes|c__Erysipelotrichia|o__Erysipelotrichales|f__Coprobacillaceae|g__Coprobacillus|s__Coprobacillus_sp_AF33_1AC,0.0,0.0010619675,0.0010482835,0.0010408192,0.0010516414,0.0010574547,0.0010692467,0.0,0.0010619677,0.0010482835,0.0010408192,0.0010516414,0.0010574547,0.0010692467,0.0,0.0,0.0010483003,0.0010322076,0.0010226239,0.0010329647,0.0011085299,0.0010736876,0.0,0.0010482835,0.0010321959,0.0010226229,0.0010329647,0.0011085292,0.0,0.0,0.0010482835,0.0010321959,0.0010226229,0.0010329647,0.001108529,0.0010736602,0.0010619677,0.0010482835,0.0010408192,0.0010516414,0.0010574547,0.0010692467,0.0,0.0010619684,0.001048284,0.0010408192,0.0010516414,0.0010574547,0.0010692474,0.00107366,0.0010619677,0.0010482835,0.0010408192,0.0010516414,0.0010574547,0.0010692466,0.0,0.0010619679,0.0010482845,0.0010408193,0.0010516414,0.0010574547,0.0010692474,0.0,0.0010619677,0.0010482835,0.0010408192,0.0010516414,0.0010574547,0.0010692468,0.0,0.0010619677,0.0,0.0010321959,0.0010132006,0.0010692846,0.0010804808,0.0,0.0010619677,0.0010482835,0.0010408192,0.0010516414,0.0010574547,0.001069247,0.0,0.0,0.0,0.0010321959,0.0010132006,0.0010692846,0.0010916453,0.0010736675,0.0010619677,0.0,0.0010321959,0.0010132006,0.0010692846,0.0010804858,0.0010737156,0.0,0.0,0.0010321961,0.0010132006,0.0010692846,0.0010916449,0.00107368,0.0,0.0010482835,0.0,0.0010619677,0.0010482835,0.001069285,0.0010736624,0.0,0.0,0.0010321959,0.0010132006,0.0010692846,0.0010916435,0.0,0.001061969,0.0,0.0010321959,0.0010132006,0.0010692846,0.0010804788,0.0,0.0,0.0010482852,0.0010619689,0.0,0.0010321959,0.0010619677,0.0010736843,0.0010619679,0.0,0.0010321958,0.0010132006,0.0010692846,0.0010804787,0.0,0.0,0.001048284,0.0010321959,0.0010226229,0.0010329647,0.0011085294,0.0,0.0,0.0010482835,0.0,0.0010619677,0.0010482835,0.0010692849,0.0,0.0010619719,0.0,0.0010619678,0.0,0.0010619677,0.0010482837,0.0,0.0,0.0010483031,0.0010321984,0.001022623,0.0010329647,0.0011085297,0.0,0.0010620056,0.0010619719,0.0010562098,0.0010672939,0.0,0.0009907053,0.0,0.00106197,0.0010482848,0.0,0.0010619679,0.0010482839,0.0010408222,0.0010736663,0.0010619677,0.0010482835,0.0,0.0010619677,0.0010482835,0.0010408204,0.0,0.0010619677,0.0010482837,0.0010408192,0.0010516414,0.0010574547,0.0010692467,0.0010736599,0.0010619677,0.0010482835,0.0010408192,0.0010516414,0.0010574547,0.0010692468,0.0010736844,0.0,0.0,0.0010321959,0.0010132006,0.0010692846,0.0010916431,0.001073664,0.0,0.0010482835,0.0010321959,0.0010226229,0.0010329647,0.0011085293,0.0,0.0010619678,0.0,0.0010321959,0.0010132006,0.0010692846,0.0010804787,0.0010736736,0.0,0.0010482835,0.0010321959,0.0010226229,0.0010329647,0.0011085368,0.0,0.0010619677,0.0010482835,0.0010408192,0.0010516414,0.0010574547,0.0010692483,0.0010736606,0.0010619677,0.0010482835,0.0010408192,0.0010516414,0.0010574547,0.0010692467,0.0,0.0010619682,0.0010482839,0.0010408192,0.0010516414,0.0010574547,0.0010692467,0.0,0.0,0.0010482835,0.0010321959,0.0010226229,0.0010329647,0.001108529,0.0010736617,0.0010619677,0.0,0.0,0.0010619678,0.0010619677,0.0010562098,0.0010736904,0.0,0.0010482841,0.0,0.0010619678,0.0010482835,0.0010692889,0.0010737465,0.0,0.0010619677,0.0010482839,0.0010408192,0.0,0.0010619684,0.0,0.0010619676,0.0,0.0010321959,0.0010132006,0.0010692847,0.0010804848,0.0010736656,0.0,0.0010482835,0.0010321959,0.001022623,0.001032965,0.0011085905,0.0010736765,0.0,0.0,0.0010321959,0.0010132006,0.0010692846,0.0010916431,0.0,0.0010619678,0.0010482837,0.0010408192,0.0010516414,0.0010574547,0.0010692467,0.0010736671,0.0010619677,0.0010482838,0.0,0.0010619676,0.0010482835,0.0010408204,0.001073662,0.0,0.0010482839,0.001032196,0.0010226229,0.0010329647,0.0011085315,0.0010736632,0.0,0.0010482837,0.0010321959,0.001022623,0.0010329647,0.001108531,0.0,0.0010619677,0.0010619677,0.0010562093,0.0010672942,0.0,0.0009907507,0.0010736878,0.0,0.0010482838,0.0010321959,0.0010226229,0.0010329647,0.001108529,0.0010736645,0.0,0.0,0.0010321959,0.0010132006,0.0010692846,0.001091645,0.001073711,0.0010619682,0.0,0.0010321967,0.0010132006,0.001069285,0.0010804866,0.0,0.0010619676,0.0010482838,0.0010408192,0.0010516414,0.0010574547,0.0010692467,0.0,0.0010619689,0.0,0.0010321959,0.0010132006,0.0010692846,0.0010804787,0.0,0.0010619676,0.001048284,0.0010408192,0.0010516414,0.0010574547,0.0010692467,0.0010736712,0.0010619676,0.001048284,0.0010408197,0.0010516414,0.0010574547,0.0010692468,0.0,0.0,0.0,0.0010321959,0.0010132006,0.0010692846,0.0010916437,0.0010736596,0.0010619677,0.0,0.0010321959,0.0010132006,0.0010692846,0.0010804792,0.0010736709,0.0010619676,0.0010482835,0.0010692846,0.0,0.0010321959,0.0010132007,0.0,0.0010619677,0.0010482835,0.0010408192,0.0010516414,0.0010574547,0.0010692474,0.0,0.0010619677,0.0010482835,0.0010408192,0.0010516414,0.0010574547,0.0010692468,0.0,0.0010619682,0.0010482838,0.0010408192,0.0010516414,0.0010574547,0.0010692485,0.001073667,0.0010619677,0.0010482835,0.0010408192,0.0010516414,0.0010574547,0.001069247,0.0,0.0,0.0010482835,0.0010321959,0.0010226229,0.0010329647,0.0011085295,0.0,0.0010619677,0.0010482835,0.0010408192,0.0010516414,0.0010574547,0.0010692468,0.0010738346,0.0010619694,0.001048284,0.0010408192,0.0010516414,0.0010574547,0.0010692494
k__Bacteria|p__Firmicutes|c__Erysipelotrichia|o__Erysipelotrichales|f__Erysipelotrichaceae|g__Allobaculum|s__Allobaculum_stercoricanis,0.0,0.0010587372,0.0010452479,0.0010381379,0.0010496887,0.0010561984,0.0010685235,0.0,0.0010587372,0.0010452479,0.0010381379,0.0010496887,0.0010561984,0.0010685234,0.0,0.0,0.0010452563,0.001029376,0.0010201648,0.0010312389,0.0011064773,0.0010702483,0.0,0.0010452479,0.0010293702,0.0010201645,0.0010312389,0.001106477,0.0,0.0,0.0010452479,0.0010293702,0.0010201645,0.0010312389,0.0011064769,0.001070249,0.001058737,0.0010452479,0.0010381379,0.0010496887,0.0010561984,0.0010685234,0.0,0.0010587375,0.0010452479,0.0010381379,0.0010496887,0.0010561984,0.0010685239,0.0010702491,0.001058737,0.0010452479,0.0010381379,0.0010496887,0.0010561984,0.0010685235,0.0,0.0010587373,0.0010452482,0.0010381382,0.0010496887,0.0010561984,0.0010685239,0.0,0.0010587372,0.0010452479,0.0010381379,0.0010496887,0.0010561984,0.0010685234,0.0,0.0010587372,0.0,0.0010293702,0.0010106007,0.0010662046,0.0010781167,0.0,0.001058737,0.0010452479,0.0010381379,0.0010496887,0.0010561984,0.001068524,0.0,0.0,0.0,0.0010293702,0.0010106007,0.0010662046,0.0010890978,0.0010702489,0.0010587372,0.0,0.0010293702,0.0010106007,0.0010662046,0.0010781209,0.0010702547,0.0,0.0,0.0010293704,0.0010106007,0.0010662046,0.0010890971,0.0010702494,0.0,0.0010452479,0.0,0.001058737,0.0010452479,0.0010662046,0.0010702494,0.0,0.0,0.0010293702,0.0010106007,0.0010662046,0.0010890961,0.0,0.0010587379,0.0,0.0010293702,0.0010106007,0.0010662046,0.0010781152,0.0,0.0,0.0010452486,0.0010587377,0.0,0.0010293702,0.0010587373,0.0010702533,0.0010587373,0.0,0.0010293701,0.0010106007,0.0010662046,0.0010781152,0.0,0.0,0.001045248,0.0010293702,0.0010201645,0.0010312389,0.0011064772,0.0,0.0,0.0010452479,0.0,0.001058737,0.0010452479,0.0010662046,0.0,0.0010587393,0.0,0.0010587373,0.0,0.001058737,0.001045248,0.0,0.0,0.0010452584,0.0010293714,0.0010201645,0.0010312389,0.0011064775,0.0,0.0010587577,0.0010587389,0.0010533213,0.0010651284,0.0,0.0009883447,0.0,0.0010587383,0.0010452482,0.0,0.0010587373,0.001045248,0.00103814,0.0010702495,0.001058737,0.0010452479,0.0,0.001058737,0.0010452479,0.0010381392,0.0,0.0010587374,0.001045248,0.0010381379,0.0010496887,0.0010561984,0.0010685234,0.0010702491,0.001058737,0.0010452479,0.0010381379,0.0010496887,0.0010561984,0.0010685234,0.0010702513,0.0,0.0,0.0010293702,0.0010106007,0.0010662046,0.0010890957,0.0010702494,0.0,0.0010452479,0.0010293702,0.0010201645,0.0010312389,0.0011064772,0.0,0.0010587373,0.0,0.0010293702,0.0010106007,0.0010662046,0.0010781151,0.0010702497,0.0,0.0010452479,0.0010293702,0.0010201645,0.0010312389,0.0011064836,0.0,0.001058737,0.0010452479,0.0010381379,0.0010496887,0.0010561984,0.0010685248,0.0010702489,0.001058737,0.0010452479,0.0010381379,0.0010496887,0.0010561984,0.0010685234,0.0,0.0010587375,0.001045248,0.0010381379,0.0010496887,0.0010561984,0.0010685235,0.0,0.0,0.0010452479,0.0010293702,0.0010201645,0.0010312389,0.001106477,0.0010702488,0.001058737,0.0,0.0,0.0010587373,0.0010587372,0.0010533216,0.0010702491,0.0,0.001045248,0.0,0.0010587373,0.0010452479,0.0010662077,0.0010702597,0.0,0.0010587374,0.001045248,0.0010381379,0.0,0.0010587377,0.0,0.001058737,0.0,0.0010293702,0.0010106007,0.0010662046,0.0010781189,0.0010702492,0.0,0.0010452479,0.0010293702,0.0010201645,0.0010312393,0.0011065287,0.0010702523,0.0,0.0,0.0010293702,0.0010106007,0.0010662046,0.0010890957,0.0,0.0010587373,0.001045248,0.0010381379,0.0010496887,0.0010561984,0.0010685234,0.0010702331,0.001058737,0.001045248,0.0,0.0010587373,0.0010452479,0.0010381389,0.0010702492,0.0,0.001045248,0.0010293704,0.0010201645,0.0010312389,0.001106479,0.0010702495,0.0,0.001045248,0.0010293702,0.0010201645,0.0010312392,0.0011064783,0.0,0.0010587372,0.0010587374,0.0010533211,0.0010651284,0.0,0.0009883834,0.0010702501,0.0,0.001045248,0.0010293702,0.0010201645,0.0010312389,0.0011064769,0.00107025,0.0,0.0,0.0010293702,0.0010106007,0.0010662046,0.0010890972,0.0010702496,0.0010587373,0.0,0.0010293708,0.001010601,0.0010662047,0.0010781214,0.0,0.0010587373,0.001045248,0.0010381379,0.0010496887,0.0010561984,0.0010685234,0.0,0.0010587377,0.0,0.0010293702,0.0010106007,0.0010662046,0.0010781151,0.0,0.0010587373,0.001045248,0.0010381379,0.0010496887,0.0010561984,0.0010685235,0.0010702518,0.0010587373,0.0010452479,0.001038138,0.0010496887,0.0010561984,0.0010685236,0.0,0.0,0.0,0.0010293702,0.0010106007,0.0010662046,0.0010890963,0.0010702491,0.001058737,0.0,0.0010293702,0.0010106007,0.0010662046,0.0010781159,0.0010702509,0.0010587373,0.0010452479,0.0010662046,0.0,0.0010293702,0.001010601,0.0,0.001058737,0.0010452479,0.0010381379,0.0010496887,0.0010561984,0.0010685241,0.0,0.001058737,0.0010452479,0.0010381379,0.0010496887,0.0010561984,0.0010685236,0.0,0.0010587375,0.001045248,0.0010381379,0.0010496887,0.0010561984,0.0010685254,0.0010702498,0.001058737,0.0010452479,0.0010381379,0.0010496887,0.0010561984,0.0010685237,0.0,0.0,0.0010452479,0.0010293702,0.0010201645,0.0010312389,0.0011064773,0.0,0.001058737,0.0010452479,0.0010381379,0.0010496887,0.0010561984,0.0010685234,0.0010702781,0.0010587381,0.0010452479,0.0010381379,0.0010496887,0.0010561984,0.0010685261
k__Bacteria|p__Firmicutes|c__Erysipelotrichia|o__Erysipelotrichales|f__Erysipelotrichaceae|g__Faecalibacillus|s__Faecalibacillus_faecis,0.0,0.0010605099,0.0010467678,0.0010392491,0.0010500252,0.0010557843,0.0010675596,0.0,0.0010605099,0.0010467678,0.0010392491,0.0010500252,0.0010557843,0.0010675594,0.0,0.0,0.0010467957,0.0010306401,0.0010209936,0.0010312806,0.0011071481,0.0010723051,0.0,0.0010467678,0.0010306214,0.0010209925,0.0010312806,0.0011071466,0.0,0.0,0.0010467678,0.0010306214,0.0010209923,0.0010312806,0.0011071466,0.0010722592,0.0010605097,0.0010467678,0.0010392491,0.0010500252,0.0010557843,0.0010675594,0.0,0.001060511,0.001046768,0.0010392491,0.0010500252,0.0010557843,0.0010675609,0.0010722592,0.0010605097,0.0010467678,0.0010392491,0.0010500252,0.0010557843,0.0010675596,0.0,0.0010605104,0.0010467692,0.0010392495,0.0010500252,0.0010557843,0.0010675605,0.0,0.0010605099,0.0010467678,0.0010392491,0.0010500252,0.0010557843,0.0010675595,0.0,0.0010605099,0.0,0.0010306214,0.0010115675,0.001067835,0.0010790003,0.0,0.0010605099,0.0010467678,0.0010392491,0.0010500252,0.0010557843,0.0010675606,0.0,0.0,0.0,0.0010306214,0.0010115675,0.001067835,0.0010902305,0.0010722715,0.0010605099,0.0,0.0010306214,0.0010115675,0.001067835,0.0010790108,0.001072349,0.0,0.0,0.0010306216,0.0010115675,0.0010678354,0.0010902295,0.0010722923,0.0,0.0010467678,0.0,0.0010605097,0.0010467678,0.0010678356,0.0010722643,0.0,0.0,0.0010306214,0.0010115675,0.001067835,0.0010902267,0.0,0.0010605124,0.0,0.0010306214,0.0010115675,0.001067835,0.0010789977,0.0,0.0,0.0010467699,0.0010605118,0.0,0.0010306214,0.0010605103,0.0010722999,0.0010605104,0.0,0.0010306211,0.0010115675,0.001067835,0.0010789973,0.0,0.0,0.001046768,0.0010306214,0.0010209923,0.0010312806,0.0011071473,0.0,0.0,0.0010467678,0.0,0.0010605097,0.0010467678,0.0010678355,0.0,0.0010605177,0.0,0.00106051,0.0,0.0010605097,0.0010467679,0.0,0.0,0.0010467983,0.0010306265,0.0010209924,0.0010312806,0.0011071482,0.0,0.0010605841,0.0010605182,0.0010547009,0.0010657457,0.0,0.0009890235,0.0,0.0010605142,0.0010467698,0.0,0.0010605104,0.0010467679,0.0010392544,0.0010722685,0.0010605097,0.0010467678,0.0,0.0010605097,0.0010467678,0.001039251,0.0,0.0010605102,0.0010467679,0.0010392491,0.0010500252,0.0010557843,0.0010675597,0.0010722589,0.0010605097,0.0010467678,0.0010392491,0.0010500252,0.0010557843,0.0010675596,0.0010722977,0.0,0.0,0.0010306214,0.0010115675,0.001067835,0.0010902265,0.0010722667,0.0,0.0010467678,0.0010306214,0.0010209923,0.0010312806,0.0011071474,0.0,0.00106051,0.0,0.0010306214,0.0010115675,0.001067835,0.0010789968,0.0010722835,0.0,0.0010467678,0.0010306214,0.0010209925,0.0010312806,0.0011071615,0.0,0.0010605099,0.0010467678,0.0010392491,0.0010500252,0.0010557843,0.0010675624,0.0010722596,0.0010605097,0.0010467678,0.0010392491,0.0010500252,0.0010557843,0.0010675594,0.0,0.0010605108,0.0010467679,0.0010392491,0.0010500252,0.0010557843,0.0010675596,0.0,0.0,0.0010467678,0.0010306214,0.0010209923,0.0010312806,0.001107147,0.0010722621,0.0010605097,0.0,0.0,0.00106051,0.0010605099,0.0010547012,0.0010723101,0.0,0.0010467685,0.0,0.00106051,0.0010467678,0.0010678422,0.0010724007,0.0,0.00106051,0.0010467679,0.0010392491,0.0,0.0010605112,0.0,0.0010605098,0.0,0.0010306214,0.0010115675,0.0010678353,0.0010790094,0.0010722678,0.0,0.0010467678,0.0010306214,0.0010209924,0.0010312812,0.0011072536,0.0010722838,0.0,0.0,0.0010306214,0.0010115675,0.001067835,0.0010902263,0.0,0.00106051,0.0010467679,0.0010392491,0.0010500252,0.0010557843,0.0010675594,0.001072256,0.0010605099,0.0010467679,0.0,0.0010605099,0.0010467678,0.001039251,0.0010722626,0.0,0.0010467679,0.0010306215,0.0010209925,0.0010312806,0.0011071513,0.0010722649,0.0,0.0010467679,0.0010306214,0.0010209924,0.0010312807,0.0011071512,0.0,0.0010605099,0.00106051,0.0010547002,0.001065746,0.0,0.0009890837,0.0010723051,0.0,0.0010467679,0.0010306214,0.0010209923,0.0010312806,0.0011071466,0.0010722675,0.0,0.0,0.0010306214,0.0010115675,0.001067835,0.0010902296,0.00107234,0.0010605113,0.0,0.001030623,0.0010115681,0.0010678354,0.0010790105,0.0,0.00106051,0.0010467679,0.0010392491,0.0010500252,0.0010557843,0.0010675594,0.0,0.0010605124,0.0,0.0010306214,0.0010115675,0.001067835,0.001078997,0.0,0.00106051,0.001046768,0.0010392491,0.0010500252,0.0010557843,0.0010675597,0.0010722824,0.0010605103,0.0010467682,0.0010392497,0.0010500252,0.0010557843,0.0010675603,0.0,0.0,0.0,0.0010306214,0.0010115675,0.001067835,0.0010902275,0.0010722583,0.0010605097,0.0,0.0010306214,0.0010115675,0.001067835,0.0010789988,0.0010722788,0.00106051,0.0010467678,0.001067835,0.0,0.0010306214,0.0010115678,0.0,0.0010605097,0.0010467678,0.0010392491,0.0010500252,0.0010557843,0.0010675611,0.0,0.0010605097,0.0010467678,0.0010392491,0.0010500252,0.0010557843,0.00106756,0.0,0.001060511,0.0010467679,0.0010392491,0.0010500252,0.0010557843,0.0010675633,0.0010722721,0.0010605099,0.0010467678,0.0010392491,0.0010500252,0.0010557843,0.0010675603,0.0,0.0,0.0010467678,0.0010306214,0.0010209925,0.0010312806,0.0011071477,0.0,0.0010605099,0.0010467678,0.0010392491,0.0010500252,0.0010557843,0.0010675595,0.0010725018,0.0010605131,0.0010467682,0.0010392494,0.0010500252,0.0010557843,0.0010675646
k__Bacteria|p__Firmicutes|c__Erysipelotrichia|o__Erysipelotrichales|f__Erysipelotrichaceae|g__Candidatus_Stoquefichus|s__Candidatus_Stoquefichus_massiliensis,0.0,0.0010598,0.0010460663,0.0010385745,0.0010494209,0.0010552452,0.001067076,0.0,0.0010598003,0.0010460663,0.0010385745,0.0010494209,0.0010552452,0.0010670759,0.0,0.0,0.0010460729,0.0010299352,0.0010203283,0.0010306855,0.0011065874,0.0010715346,0.0,0.0010460663,0.0010299293,0.0010203281,0.0010306855,0.0011065869,0.0,0.0,0.0010460663,0.0010299293,0.0010203281,0.0010306855,0.0011065869,0.001071542,0.0010598002,0.0010460663,0.0010385745,0.0010494209,0.0010552452,0.0010670759,0.0,0.0010598002,0.0010460663,0.0010385745,0.0010494209,0.0010552452,0.0010670765,0.0010715423,0.0010598002,0.0010460663,0.0010385745,0.0010494209,0.0010552452,0.0010670759,0.0,0.0010598003,0.0010460664,0.0010385745,0.0010494209,0.0010552452,0.0010670765,0.0,0.0010598003,0.0010460663,0.0010385745,0.0010494209,0.0010552452,0.0010670759,0.0,0.0010598003,0.0,0.0010299293,0.0010108871,0.0010671443,0.0010783799,0.0,0.0010598002,0.0010460663,0.0010385745,0.0010494209,0.0010552452,0.0010670767,0.0,0.0,0.0,0.0010299293,0.0010108871,0.0010671443,0.0010896047,0.0010715392,0.0010598003,0.0,0.0010299293,0.0010108871,0.0010671443,0.0010783825,0.0010715185,0.0,0.0,0.0010299293,0.0010108871,0.0010671443,0.0010896043,0.0010715373,0.0,0.0010460663,0.0,0.0010598002,0.0010460663,0.0010671443,0.0010715412,0.0,0.0,0.0010299293,0.0010108871,0.0010671443,0.001089603,0.0,0.0010598004,0.0,0.0010299293,0.0010108871,0.0010671443,0.001078379,0.0,0.0,0.0010460669,0.0010597999,0.0,0.0010299293,0.0010598003,0.0010715397,0.0010598003,0.0,0.0010299291,0.0010108871,0.0010671443,0.001078379,0.0,0.0,0.0010460664,0.0010299293,0.0010203281,0.0010306855,0.0011065871,0.0,0.0,0.0010460663,0.0,0.0010598002,0.0010460663,0.0010671443,0.0,0.0010598022,0.0,0.0010598004,0.0,0.0010598002,0.0010460664,0.0,0.0,0.0010460684,0.0010299298,0.0010203279,0.0010306855,0.0011065872,0.0,0.0010598121,0.0010598014,0.0010540162,0.0010651335,0.0,0.0009883447,0.0,0.0010598005,0.0010460666,0.0,0.0010598003,0.0010460664,0.0010385765,0.0010715415,0.0010598002,0.0010460663,0.0,0.0010598002,0.0010460663,0.0010385753,0.0,0.0010598003,0.0010460664,0.0010385745,0.0010494209,0.0010552452,0.0010670759,0.0010715423,0.0010598002,0.0010460663,0.0010385745,0.0010494209,0.0010552452,0.0010670759,0.0010715327,0.0,0.0,0.0010299293,0.0010108871,0.0010671443,0.001089603,0.0010715384,0.0,0.0010460663,0.0010299293,0.0010203281,0.0010306855,0.0011065872,0.0,0.0010598004,0.0,0.0010299293,0.0010108871,0.0010671443,0.0010783786,0.0010715403,0.0,0.0010460663,0.0010299293,0.0010203281,0.0010306857,0.0011065921,0.0,0.0010598002,0.0010460663,0.0010385745,0.0010494209,0.0010552452,0.0010670772,0.0010715416,0.0010598002,0.0010460663,0.0010385745,0.0010494209,0.0010552452,0.0010670759,0.0,0.0010598005,0.0010460664,0.0010385745,0.0010494209,0.0010552452,0.001067076,0.0,0.0,0.0010460663,0.0010299293,0.0010203281,0.0010306855,0.001106587,0.0010715417,0.0010598002,0.0,0.0,0.0010598004,0.0010598003,0.001054017,0.0010715387,0.0,0.0010460665,0.0,0.0010598004,0.0010460663,0.001067148,0.0010715218,0.0,0.0010598004,0.0010460664,0.0010385745,0.0,0.0010598007,0.0,0.0010598002,0.0,0.0010299293,0.0010108871,0.0010671443,0.0010783821,0.0010715405,0.0,0.0010460663,0.0010299293,0.0010203281,0.0010306857,0.0011066266,0.0010715418,0.0,0.0,0.0010299293,0.0010108871,0.0010671443,0.0010896029,0.0,0.0010598004,0.0010460664,0.0010385745,0.0010494209,0.0010552452,0.0010670759,0.0010715374,0.0010598003,0.0010460664,0.0,0.0010598002,0.0010460663,0.0010385748,0.0010715404,0.0,0.0010460664,0.0010299293,0.0010203281,0.0010306855,0.001106589,0.0010715418,0.0,0.0010460664,0.0010299293,0.0010203281,0.0010306857,0.0011065876,0.0,0.0010598003,0.0010598004,0.0010540162,0.0010651336,0.0,0.0009883816,0.0010715312,0.0,0.0010460664,0.0010299293,0.0010203281,0.0010306855,0.0011065869,0.0010715427,0.0,0.0,0.0010299293,0.0010108871,0.0010671443,0.0010896042,0.0010715125,0.0010597998,0.0,0.0010299293,0.0010108867,0.0010671444,0.0010783839,0.0,0.0010598003,0.0010460664,0.0010385745,0.0010494209,0.0010552452,0.0010670759,0.0,0.0010598009,0.0,0.0010299293,0.0010108871,0.0010671443,0.0010783786,0.0,0.0010598003,0.0010460662,0.0010385745,0.0010494209,0.0010552452,0.0010670759,0.0010715399,0.0010598003,0.0010460662,0.0010385746,0.0010494209,0.0010552452,0.001067076,0.0,0.0,0.0,0.0010299293,0.0010108871,0.0010671443,0.0010896035,0.001071542,0.0010598002,0.0,0.0010299293,0.0010108871,0.0010671443,0.001078379,0.0010715422,0.0010598003,0.0010460663,0.0010671443,0.0,0.0010299293,0.0010108871,0.0,0.0010598002,0.0010460663,0.0010385745,0.0010494209,0.0010552452,0.0010670766,0.0,0.0010598002,0.0010460663,0.0010385745,0.0010494209,0.0010552452,0.0010670759,0.0,0.0010597999,0.0010460664,0.0010385745,0.0010494209,0.0010552452,0.0010670777,0.0010715378,0.0010598002,0.0010460663,0.0010385745,0.0010494209,0.0010552452,0.0010670762,0.0,0.0,0.0010460663,0.0010299293,0.0010203281,0.0010306855,0.001106587,0.0,0.0010598002,0.0010460663,0.0010385745,0.0010494209,0.0010552452,0.0010670759,0.0010716,0.001059801,0.0010460662,0.0010385745,0.0010494209,0.0010552452,0.0010670786
k__Bacteria|p__Firmicutes|c__Bacilli|o__Lactobacillales|f__Lactobacillaceae|g__Leuconostoc|s__Leuconostoc_lactis,0.0,0.0010599464,0.0010462095,0.0010387106,0.0010495394,0.0010553476,0.0010671649,0.0,0.0010599464,0.0010462095,0.0010387106,0.0010495394,0.0010553476,0.0010671646,0.0,0.0,0.0010462294,0.0010300825,0.0010204619,0.001030801,0.0011066992,0.0010717536,0.0,0.0010462095,0.0010300694,0.0010204607,0.001030801,0.0011066985,0.0,0.0,0.0010462095,0.0010300694,0.0010204607,0.001030801,0.0011066984,0.0010716914,0.0010599463,0.0010462095,0.0010387106,0.0010495394,0.0010553476,0.0010671646,0.0,0.0010599473,0.0010462098,0.0010387106,0.0010495394,0.0010553476,0.0010671648,0.0010716915,0.0010599463,0.0010462095,0.0010387106,0.0010495394,0.0010553476,0.001067165,0.0,0.0010599467,0.0010462103,0.0010387107,0.0010495394,0.0010553476,0.0010671658,0.0,0.0010599464,0.0010462095,0.0010387106,0.0010495394,0.0010553476,0.0010671647,0.0,0.0010599464,0.0,0.0010300694,0.0010110235,0.0010672861,0.0010785043,0.0,0.0010599463,0.0010462095,0.0010387106,0.0010495394,0.0010553476,0.0010671648,0.0,0.0,0.0,0.0010300694,0.0010110235,0.0010672861,0.0010897313,0.0010717084,0.0010599464,0.0,0.0010300694,0.0010110235,0.0010672861,0.0010785105,0.001071822,0.0,0.0,0.0010300694,0.0010110235,0.0010672861,0.0010897306,0.0010717364,0.0,0.0010462095,0.0,0.0010599463,0.0010462095,0.0010672864,0.0010716972,0.0,0.0,0.0010300694,0.0010110235,0.0010672861,0.0010897293,0.0,0.0010599486,0.0,0.0010300694,0.0010110235,0.0010672861,0.0010785031,0.0,0.0,0.0010462105,0.0010599484,0.0,0.0010300694,0.0010599466,0.0010717348,0.0010599467,0.0,0.0010300694,0.0010110235,0.0010672861,0.0010785029,0.0,0.0,0.00104621,0.0010300694,0.0010204607,0.001030801,0.0011066989,0.0,0.0,0.0010462095,0.0,0.0010599463,0.0010462095,0.0010672862,0.0,0.0010599508,0.0,0.0010599464,0.0,0.0010599463,0.0010462098,0.0,0.0,0.0010462337,0.0010300735,0.0010204607,0.001030801,0.0011066991,0.0,0.0010600042,0.0010599524,0.0010541565,0.0010652554,0.0,0.0009884781,0.0,0.0010599494,0.0010462106,0.0,0.0010599467,0.0010462096,0.0010387129,0.0010717022,0.0010599463,0.0010462095,0.0,0.0010599463,0.0010462095,0.0010387118,0.0,0.0010599466,0.0010462096,0.0010387106,0.0010495394,0.0010553476,0.0010671648,0.0010716912,0.0010599463,0.0010462095,0.0010387106,0.0010495394,0.0010553476,0.0010671647,0.0010717425,0.0,0.0,0.0010300694,0.0010110235,0.0010672861,0.0010897293,0.0010717033,0.0,0.0010462095,0.0010300694,0.0010204607,0.001030801,0.0011066988,0.0,0.0010599464,0.0,0.0010300694,0.0010110235,0.0010672861,0.0010785029,0.0010717184,0.0,0.0010462095,0.0010300694,0.0010204607,0.001030801,0.0011067044,0.0,0.0010599463,0.0010462095,0.0010387106,0.0010495394,0.0010553476,0.001067166,0.001071693,0.0010599463,0.0010462095,0.0010387106,0.0010495394,0.0010553476,0.0010671646,0.0,0.001059947,0.0010462098,0.0010387106,0.0010495394,0.0010553476,0.0010671649,0.0,0.0,0.0010462095,0.0010300694,0.0010204607,0.001030801,0.0011066989,0.0010716962,0.0010599463,0.0,0.0,0.0010599464,0.0010599464,0.0010541562,0.0010717576,0.0,0.0010462098,0.0,0.0010599464,0.0010462095,0.0010672881,0.0010718874,0.0,0.0010599466,0.0010462098,0.0010387106,0.0,0.0010599471,0.0,0.0010599461,0.0,0.0010300694,0.0010110235,0.0010672861,0.0010785062,0.0010717016,0.0,0.0010462095,0.0010300694,0.0010204607,0.0010308016,0.0011067437,0.0010717163,0.0,0.0,0.0010300694,0.0010110235,0.0010672861,0.0010897293,0.0,0.0010599464,0.0010462096,0.0010387106,0.0010495394,0.0010553476,0.0010671646,0.0010717331,0.0010599466,0.0010462096,0.0,0.0010599465,0.0010462095,0.001038712,0.0010716966,0.0,0.0010462096,0.0010300694,0.0010204607,0.001030801,0.0011067,0.0010716981,0.0,0.0010462096,0.0010300694,0.0010204607,0.0010308011,0.0011067003,0.0,0.0010599466,0.0010599466,0.0010541558,0.0010652553,0.0,0.0009885116,0.0010717594,0.0,0.0010462096,0.0010300694,0.0010204607,0.001030801,0.0011066984,0.0010717007,0.0,0.0,0.0010300694,0.0010110235,0.0010672861,0.0010897308,0.0010718133,0.0010599475,0.0,0.0010300707,0.001011024,0.0010672864,0.0010785091,0.0,0.0010599463,0.0010462096,0.0010387106,0.0010495394,0.0010553476,0.0010671646,0.0,0.0010599475,0.0,0.0010300694,0.0010110235,0.0010672861,0.0010785029,0.0,0.0010599465,0.00104621,0.0010387106,0.0010495394,0.0010553476,0.0010671647,0.0010717155,0.0010599465,0.0010462097,0.0010387108,0.0010495394,0.0010553476,0.0010671649,0.0,0.0,0.0,0.0010300694,0.0010110235,0.0010672861,0.0010897296,0.0010716907,0.0010599463,0.0,0.0010300694,0.0010110235,0.0010672861,0.0010785037,0.0010717118,0.0010599463,0.0010462095,0.0010672861,0.0,0.0010300694,0.0010110236,0.0,0.0010599463,0.0010462095,0.0010387106,0.0010495394,0.0010553476,0.0010671652,0.0,0.0010599463,0.0010462095,0.0010387106,0.0010495394,0.0010553476,0.0010671649,0.0,0.0010599473,0.0010462096,0.0010387106,0.0010495394,0.0010553476,0.0010671658,0.0010717093,0.0010599463,0.0010462095,0.0010387106,0.0010495394,0.0010553476,0.0010671653,0.0,0.0,0.0010462095,0.0010300694,0.0010204607,0.001030801,0.0011066989,0.0,0.0010599463,0.0010462095,0.0010387106,0.0010495394,0.0010553476,0.0010671647,0.0010719874,0.0010599484,0.0010462097,0.0010387107,0.0010495394,0.0010553476,0.0010671666
k__Bacteria|p__Firmicutes|c__Bacilli|o__Lactobacillales|f__Lactobacillaceae|g__Leuconostoc|s__Leuconostoc_gelidum,0.0,0.0010582828,0.0010446111,0.0010372427,0.0010483552,0.0010544321,0.001066461,0.0,0.001058283,0.0010446111,0.0010372427,0.0010483552,0.0010544321,0.0010664609,0.0,0.0,0.0010446219,0.0010285475,0.0010190685,0.0010296921,0.0011055318,0.0010699857,0.0,0.0010446111,0.0010285418,0.0010190683,0.0010296921,0.0011055309,0.0,0.0,0.0010446111,0.0010285418,0.0010190683,0.0010296921,0.0011055307,0.0010699683,0.001058283,0.0010446111,0.0010372427,0.0010483552,0.0010544321,0.0010664609,0.0,0.0010582834,0.0010446112,0.0010372427,0.0010483552,0.0010544321,0.0010664628,0.0010699682,0.001058283,0.0010446111,0.0010372427,0.0010483552,0.0010544321,0.0010664609,0.0,0.0010582831,0.0010446121,0.0010372427,0.0010483552,0.0010544321,0.0010664616,0.0,0.001058283,0.0010446111,0.0010372427,0.0010483552,0.0010544321,0.001066461,0.0,0.001058283,0.0,0.0010285418,0.0010095733,0.0010656856,0.0010771875,0.0,0.001058283,0.0010446111,0.0010372427,0.0010483552,0.0010544321,0.0010664617,0.0,0.0,0.0,0.0010285418,0.0010095733,0.0010656856,0.001088354,0.0010699743,0.001058283,0.0,0.0010285418,0.0010095733,0.0010656856,0.0010771945,0.0010700162,0.0,0.0,0.0010285417,0.0010095733,0.0010656856,0.0010883539,0.0010699845,0.0,0.0010446111,0.0,0.001058283,0.0010446111,0.001065686,0.0010699695,0.0,0.0,0.0010285418,0.0010095733,0.0010656856,0.0010883528,0.0,0.0010582836,0.0,0.0010285418,0.0010095733,0.0010656856,0.0010771854,0.0,0.0,0.0010446118,0.0010582838,0.0,0.0010285418,0.0010582833,0.0010699754,0.0010582831,0.0,0.0010285417,0.0010095733,0.0010656856,0.0010771848,0.0,0.0,0.0010446113,0.0010285418,0.0010190683,0.0010296921,0.0011055311,0.0,0.0,0.0010446111,0.0,0.001058283,0.0010446111,0.001065686,0.0,0.0010582842,0.0,0.0010582831,0.0,0.001058283,0.0010446112,0.0,0.0,0.0010446169,0.0010285424,0.0010190681,0.0010296921,0.0011055311,0.0,0.001058306,0.0010582856,0.0010526186,0.0010640012,0.0,0.0009871192,0.0,0.0010582841,0.0010446114,0.0,0.0010582833,0.0010446111,0.0010372467,0.0010699714,0.001058283,0.0010446111,0.0,0.001058283,0.0010446111,0.001037244,0.0,0.001058283,0.0010446112,0.0010372427,0.0010483552,0.0010544321,0.0010664612,0.0010699681,0.001058283,0.0010446111,0.0010372427,0.0010483552,0.0010544321,0.001066461,0.001069985,0.0,0.0,0.0010285418,0.0010095733,0.0010656856,0.0010883524,0.001069971,0.0,0.0010446111,0.0010285418,0.0010190683,0.0010296921,0.0011055312,0.0,0.0010582831,0.0,0.0010285418,0.0010095733,0.0010656856,0.0010771848,0.0010699808,0.0,0.0010446111,0.0010285418,0.0010190683,0.0010296921,0.0011055436,0.0,0.001058283,0.0010446111,0.0010372427,0.0010483552,0.0010544321,0.001066463,0.0010699684,0.001058283,0.0010446111,0.0010372427,0.0010483552,0.0010544321,0.0010664609,0.0,0.001058283,0.0010446111,0.0010372427,0.0010483552,0.0010544321,0.0010664612,0.0,0.0,0.0010446111,0.0010285418,0.0010190683,0.0010296921,0.0011055309,0.0010699686,0.001058283,0.0,0.0,0.0010582831,0.001058283,0.0010526187,0.0010699865,0.0,0.0010446112,0.0,0.0010582831,0.0010446111,0.0010656933,0.0010700515,0.0,0.001058283,0.0010446111,0.0010372427,0.0,0.0010582837,0.0,0.0010582829,0.0,0.0010285418,0.0010095733,0.0010656856,0.0010771983,0.0010699711,0.0,0.0010446111,0.0010285418,0.0010190683,0.0010296927,0.0011056233,0.0010699765,0.0,0.0,0.0010285418,0.0010095733,0.0010656856,0.0010883523,0.0,0.0010582831,0.0010446112,0.0010372427,0.0010483552,0.0010544321,0.0010664609,0.0010699693,0.001058283,0.0010446111,0.0,0.0010582829,0.0010446111,0.0010372441,0.0010699691,0.0,0.0010446111,0.001028542,0.0010190683,0.0010296921,0.0011055339,0.0010699696,0.0,0.0010446112,0.0010285418,0.0010190683,0.0010296922,0.001105534,0.0,0.001058283,0.001058283,0.0010526185,0.0010640011,0.0,0.0009871635,0.0010699832,0.0,0.0010446111,0.0010285418,0.0010190683,0.0010296921,0.0011055307,0.0010699702,0.0,0.0,0.0010285418,0.0010095733,0.0010656856,0.0010883538,0.0010700119,0.0010582836,0.0,0.0010285426,0.0010095736,0.0010656858,0.0010771947,0.0,0.001058283,0.0010446111,0.0010372427,0.0010483552,0.0010544321,0.0010664609,0.0,0.0010582835,0.0,0.0010285418,0.0010095733,0.0010656856,0.0010771848,0.0,0.0010582829,0.0010446113,0.0010372427,0.0010483552,0.0010544321,0.001066461,0.0010699788,0.0010582829,0.0010446111,0.0010372427,0.0010483552,0.0010544321,0.0010664616,0.0,0.0,0.0,0.0010285418,0.0010095733,0.0010656856,0.0010883532,0.001069968,0.001058283,0.0,0.0010285418,0.0010095733,0.0010656856,0.0010771862,0.0010699718,0.001058283,0.0010446111,0.0010656856,0.0,0.0010285418,0.0010095736,0.0,0.001058283,0.0010446111,0.0010372427,0.0010483552,0.0010544321,0.0010664624,0.0,0.001058283,0.0010446111,0.0010372427,0.0010483552,0.0010544321,0.0010664612,0.0,0.0010582835,0.0010446111,0.0010372427,0.0010483552,0.0010544321,0.0010664643,0.0010699726,0.001058283,0.0010446111,0.0010372427,0.0010483552,0.0010544321,0.0010664617,0.0,0.0,0.0010446111,0.0010285418,0.0010190683,0.0010296921,0.0011055315,0.0,0.001058283,0.0010446111,0.0010372427,0.0010483552,0.0010544321,0.001066461,0.0010700935,0.0010582837,0.0010446111,0.0010372426,0.0010483552,0.0010544321,0.0010664648
k__Bacteria|p__Firmicutes|c__Bacilli|o__Lactobacillales|f__Enterococcaceae|g__Enterococcus|s__Enterococcus_asini,0.0,0.0010614061,0.0010476103,0.0010399935,0.0010505682,0.0010561347,0.0010677631,0.0,0.0010614062,0.0010476103,0.0010399935,0.0010505682,0.0010561347,0.0010677627,0.0,0.0,0.0010476203,0.001031411,0.0010216759,0.0010317608,0.001107718,0.0010732297,0.0,0.0010476103,0.0010314055,0.0010216752,0.0010317608,0.0011077167,0.0,0.0,0.0010476103,0.0010314055,0.0010216752,0.0010317608,0.0011077167,0.0010732049,0.0010614062,0.0010476103,0.0010399935,0.0010505682,0.0010561347,0.0010677626,0.0,0.0010614067,0.0010476104,0.0010399935,0.0010505682,0.0010561347,0.0010677641,0.0010732049,0.0010614062,0.0010476103,0.0010399935,0.0010505682,0.0010561347,0.001067763,0.0,0.0010614063,0.0010476111,0.0010399936,0.0010505682,0.0010561347,0.0010677637,0.0,0.0010614062,0.0010476103,0.0010399935,0.0010505682,0.0010561347,0.0010677627,0.0,0.0010614062,0.0,0.0010314055,0.0010122894,0.0010686897,0.001079656,0.0,0.0010614062,0.0010476103,0.0010399934,0.0010505682,0.0010561347,0.0010677641,0.0,0.0,0.0,0.0010314055,0.0010122894,0.0010686897,0.0010909371,0.0010732128,0.0010614062,0.0,0.0010314055,0.0010122894,0.0010686897,0.0010796657,0.0010732814,0.0,0.0,0.0010314056,0.0010122894,0.0010686897,0.0010909362,0.0010732281,0.0,0.0010476103,0.0,0.0010614062,0.0010476103,0.0010686901,0.0010732079,0.0,0.0,0.0010314055,0.0010122894,0.0010686897,0.0010909336,0.0,0.001061407,0.0,0.0010314055,0.0010122894,0.0010686897,0.001079654,0.0,0.0,0.0010476108,0.0010614073,0.0,0.0010314055,0.0010614065,0.0010732218,0.0010614063,0.0,0.0010314055,0.0010122894,0.0010686897,0.0010796534,0.0,0.0,0.0010476105,0.0010314055,0.0010216752,0.0010317608,0.0011077175,0.0,0.0,0.0010476103,0.0,0.0010614062,0.0010476103,0.0010686901,0.0,0.001061408,0.0,0.0010614063,0.0,0.0010614062,0.0010476107,0.0,0.0,0.0010476168,0.0010314072,0.0010216753,0.0010317608,0.0011077175,0.0,0.0010614358,0.0010614089,0.0010555016,0.0010663472,0.0,0.0009896741,0.0,0.0010614081,0.001047611,0.0,0.0010614063,0.0010476103,0.0010399976,0.0010732075,0.0010614062,0.0010476103,0.0,0.0010614062,0.0010476103,0.0010399956,0.0,0.0010614063,0.0010476104,0.0010399934,0.0010505682,0.0010561347,0.0010677627,0.0010732046,0.0010614062,0.0010476103,0.0010399935,0.0010505682,0.0010561347,0.0010677627,0.0010732317,0.0,0.0,0.0010314055,0.0010122894,0.0010686897,0.0010909335,0.0010732106,0.0,0.0010476103,0.0010314055,0.0010216752,0.0010317608,0.0011077172,0.0,0.0010614063,0.0,0.0010314055,0.0010122894,0.0010686897,0.0010796533,0.0010732191,0.0,0.0010476103,0.0010314055,0.0010216752,0.0010317608,0.0011077307,0.0,0.0010614062,0.0010476103,0.0010399935,0.0010505682,0.0010561347,0.0010677659,0.001073205,0.0010614062,0.0010476103,0.0010399935,0.0010505682,0.0010561347,0.0010677626,0.0,0.0010614066,0.0010476103,0.0010399934,0.0010505682,0.0010561347,0.0010677631,0.0,0.0,0.0010476103,0.0010314055,0.0010216752,0.0010317608,0.0011077167,0.0010732063,0.0010614062,0.0,0.0,0.0010614063,0.0010614062,0.0010555022,0.0010732327,0.0,0.0010476104,0.0,0.0010614063,0.0010476103,0.0010686957,0.0010733237,0.0,0.0010614062,0.0010476103,0.0010399934,0.0,0.0010614073,0.0,0.0010614061,0.0,0.0010314055,0.0010122894,0.0010686899,0.0010796638,0.0010732089,0.0,0.0010476103,0.0010314055,0.0010216753,0.0010317614,0.0011078218,0.0010732145,0.0,0.0,0.0010314055,0.0010122894,0.0010686897,0.0010909335,0.0,0.0010614063,0.0010476104,0.0010399935,0.0010505682,0.0010561347,0.0010677627,0.0010731979,0.0010614062,0.0010476103,0.0,0.0010614061,0.0010476103,0.0010399948,0.0010732077,0.0,0.0010476103,0.0010314058,0.0010216752,0.0010317608,0.0011077205,0.0010732076,0.0,0.0010476104,0.0010314055,0.0010216753,0.0010317609,0.0011077205,0.0,0.0010614062,0.0010614062,0.0010555014,0.0010663471,0.0,0.00098972,0.0010732389,0.0,0.0010476103,0.0010314055,0.0010216752,0.0010317608,0.0011077167,0.0010732095,0.0,0.0,0.0010314055,0.0010122894,0.0010686897,0.001090936,0.0010732644,0.001061407,0.0,0.0010314066,0.0010122899,0.0010686899,0.0010796654,0.0,0.0010614062,0.0010476103,0.0010399934,0.0010505682,0.0010561347,0.0010677626,0.0,0.0010614065,0.0,0.0010314055,0.0010122894,0.0010686897,0.0010796533,0.0,0.0010614062,0.0010476105,0.0010399934,0.0010505682,0.0010561347,0.001067763,0.0010732226,0.0010614061,0.0010476103,0.0010399938,0.0010505682,0.0010561347,0.0010677635,0.0,0.0,0.0,0.0010314055,0.0010122894,0.0010686897,0.0010909343,0.0010732044,0.0010614062,0.0,0.0010314055,0.0010122894,0.0010686897,0.001079655,0.001073214,0.0010614062,0.0010476103,0.0010686897,0.0,0.0010314055,0.00101229,0.0,0.0010614062,0.0010476103,0.0010399934,0.0010505682,0.0010561347,0.0010677645,0.0,0.0010614062,0.0010476103,0.0010399934,0.0010505682,0.0010561347,0.0010677634,0.0,0.0010614067,0.0010476103,0.0010399934,0.0010505682,0.0010561349,0.0010677666,0.0010732141,0.0010614062,0.0010476103,0.0010399934,0.0010505682,0.0010561347,0.0010677635,0.0,0.0,0.0010476103,0.0010314055,0.0010216752,0.0010317608,0.0011077176,0.0,0.0010614062,0.0010476103,0.0010399935,0.0010505682,0.0010561347,0.0010677627,0.0010733554,0.0010614073,0.0010476103,0.0010399935,0.0010505682,0.0010561349,0.0010677676
k__Bacteria|p__Firmicutes|c__Clostridia|o__Eubacteriales|f__Clostridiaceae|g__Clostridium|s__Clostridium_sp_Ade_TY,0.0,0.0010593091,0.0010457059,0.001038416,0.0010496323,0.001055817,0.0010679066,0.0,0.0010593095,0.0010457059,0.001038416,0.0010496323,0.001055817,0.0010679064,0.0,0.0,0.0010457168,0.0010297139,0.0010203153,0.0010310493,0.0011065913,0.0010709354,0.0,0.0010457059,0.001029707,0.0010203148,0.0010310493,0.0011065908,0.0,0.0,0.0010457059,0.001029707,0.0010203148,0.0010310493,0.0011065908,0.0010709288,0.0010593093,0.0010457059,0.001038416,0.0010496323,0.001055817,0.0010679064,0.0,0.0010593097,0.001045706,0.001038416,0.0010496323,0.001055817,0.0010679073,0.0010709288,0.0010593093,0.0010457059,0.001038416,0.0010496323,0.001055817,0.0010679066,0.0,0.0010593096,0.0010457063,0.001038416,0.0010496323,0.001055817,0.0010679069,0.0,0.0010593095,0.0010457059,0.001038416,0.0010496323,0.001055817,0.0010679066,0.0,0.0010593095,0.0,0.001029707,0.00101081,0.0010667178,0.0010783086,0.0,0.0010593093,0.0010457059,0.0010384159,0.0010496323,0.001055817,0.0010679072,0.0,0.0,0.0,0.001029707,0.00101081,0.0010667178,0.0010894025,0.0010709314,0.0010593095,0.0,0.001029707,0.00101081,0.0010667178,0.0010783141,0.0010709515,0.0,0.0,0.0010297071,0.00101081,0.0010667178,0.0010894022,0.0010709352,0.0,0.0010457059,0.0,0.0010593093,0.0010457059,0.0010667178,0.0010709297,0.0,0.0,0.001029707,0.00101081,0.0010667178,0.0010894011,0.0,0.0010593106,0.0,0.001029707,0.00101081,0.0010667178,0.0010783069,0.0,0.0,0.0010457066,0.0010593102,0.0,0.001029707,0.0010593095,0.0010709367,0.0010593096,0.0,0.001029707,0.00101081,0.0010667178,0.0010783067,0.0,0.0,0.0010457061,0.001029707,0.0010203148,0.0010310493,0.0011065911,0.0,0.0,0.0010457059,0.0,0.0010593093,0.0010457059,0.0010667177,0.0,0.0010593124,0.0,0.0010593095,0.0,0.0010593093,0.0010457061,0.0,0.0,0.0010457179,0.0010297088,0.0010203148,0.0010310493,0.0011065912,0.0,0.0010593404,0.0010593125,0.0010537205,0.0010651995,0.0,0.0009884224,0.0,0.0010593112,0.0010457064,0.0,0.0010593096,0.0010457059,0.0010384186,0.00107093,0.0010593093,0.0010457059,0.0,0.0010593093,0.0010457059,0.0010384169,0.0,0.0010593093,0.0010457059,0.0010384159,0.0010496323,0.001055817,0.0010679065,0.0010709285,0.0010593093,0.0010457059,0.001038416,0.0010496323,0.001055817,0.0010679066,0.0010709363,0.0,0.0,0.001029707,0.00101081,0.0010667178,0.001089401,0.0010709304,0.0,0.0010457059,0.001029707,0.0010203148,0.0010310493,0.0011065908,0.0,0.0010593095,0.0,0.001029707,0.00101081,0.0010667178,0.0010783065,0.0010709366,0.0,0.0010457059,0.001029707,0.0010203148,0.0010310493,0.0011065991,0.0,0.0010593093,0.0010457059,0.001038416,0.0010496323,0.001055817,0.0010679081,0.0010709286,0.0010593093,0.0010457059,0.001038416,0.0010496323,0.001055817,0.0010679064,0.0,0.0010593097,0.0010457059,0.0010384159,0.0010496323,0.001055817,0.0010679066,0.0,0.0,0.0010457059,0.001029707,0.0010203148,0.0010310493,0.0011065908,0.0010709286,0.0010593093,0.0,0.0,0.0010593095,0.0010593095,0.0010537202,0.0010709356,0.0,0.0010457062,0.0,0.0010593095,0.001045706,0.001066721,0.001070965,0.0,0.0010593095,0.0010457059,0.0010384159,0.0,0.0010593099,0.0,0.0010593092,0.0,0.001029707,0.00101081,0.0010667178,0.0010783147,0.0010709298,0.0,0.0010457059,0.001029707,0.0010203148,0.0010310498,0.0011066545,0.001070933,0.0,0.0,0.001029707,0.00101081,0.0010667178,0.001089401,0.0,0.0010593095,0.0010457059,0.001038416,0.0010496323,0.001055817,0.0010679066,0.001070912,0.0010593095,0.0010457059,0.0,0.0010593092,0.0010457059,0.0010384171,0.0010709296,0.0,0.0010457059,0.0010297071,0.0010203148,0.0010310493,0.001106593,0.0010709298,0.0,0.0010457059,0.001029707,0.0010203148,0.0010310492,0.0011065928,0.0,0.0010593095,0.0010593095,0.00105372,0.0010651994,0.0,0.0009884635,0.0010709384,0.0,0.0010457059,0.001029707,0.0010203148,0.0010310493,0.0011065908,0.0010709305,0.0,0.0,0.001029707,0.00101081,0.0010667178,0.0010894022,0.0010709432,0.0010593099,0.0,0.0010297078,0.00101081,0.0010667178,0.0010783139,0.0,0.0010593093,0.0010457059,0.0010384159,0.0010496323,0.001055817,0.0010679065,0.0,0.0010593102,0.0,0.001029707,0.00101081,0.0010667178,0.0010783065,0.0,0.0010593093,0.0010457061,0.0010384159,0.0010496323,0.001055817,0.0010679067,0.0010709349,0.0010593093,0.001045706,0.0010384164,0.0010496323,0.001055817,0.001067907,0.0,0.0,0.0,0.001029707,0.00101081,0.0010667178,0.0010894012,0.0010709285,0.0010593093,0.0,0.001029707,0.00101081,0.0010667178,0.0010783076,0.0010709326,0.0010593093,0.0010457059,0.0010667178,0.0,0.001029707,0.0010108101,0.0,0.0010593093,0.0010457059,0.0010384159,0.0010496323,0.001055817,0.0010679072,0.0,0.0010593093,0.0010457059,0.0010384159,0.0010496323,0.001055817,0.0010679067,0.0,0.0010593098,0.0010457059,0.0010384159,0.0010496323,0.001055817,0.0010679092,0.0010709314,0.0010593093,0.0010457059,0.0010384159,0.0010496323,0.001055817,0.0010679072,0.0,0.0,0.0010457059,0.001029707,0.0010203148,0.0010310493,0.0011065913,0.0,0.0010593093,0.0010457059,0.001038416,0.0010496323,0.001055817,0.0010679066,0.0010709908,0.0010593106,0.001045706,0.0010384159,0.0010496323,0.001055817,0.0010679095
k__Bacteria|p__Firmicutes|c__Clostridia|o__Eubacteriales|f__Clostridiaceae|g__Clostridium|s__Clostridium_sp_AM49_4BH,0.0,0.0010604388,0.0010469054,0.0010396948,0.0010510118,0.0010573026,0.0010694496,0.0,0.001060439,0.0010469054,0.0010396948,0.0010510118,0.0010573026,0.0010694496,0.0,0.0,0.0010469259,0.0010309941,0.0010216692,0.001032511,0.0011077415,0.0010720311,0.0,0.0010469054,0.0010309785,0.0010216683,0.001032511,0.001107741,0.0,0.0,0.0010469054,0.0010309785,0.0010216683,0.001032511,0.0011077409,0.0010719908,0.0010604386,0.0010469054,0.0010396948,0.0010510118,0.0010573026,0.0010694496,0.0,0.0010604394,0.0010469058,0.0010396948,0.0010510118,0.0010573026,0.0010694495,0.0010719909,0.0010604386,0.0010469054,0.0010396948,0.0010510118,0.0010573026,0.0010694497,0.0,0.001060439,0.0010469059,0.0010396949,0.0010510118,0.0010573026,0.0010694502,0.0,0.0010604387,0.0010469054,0.0010396948,0.0010510118,0.0010573026,0.0010694496,0.0,0.0010604387,0.0,0.0010309785,0.0010121547,0.0010678511,0.0010795281,0.0,0.0010604386,0.0010469054,0.0010396948,0.0010510118,0.0010573026,0.0010694498,0.0,0.0,0.0,0.0010309785,0.0010121547,0.0010678511,0.0010905472,0.0010720004,0.0010604387,0.0,0.0010309785,0.0010121547,0.0010678511,0.0010795313,0.0010720537,0.0,0.0,0.0010309785,0.0010121547,0.0010678511,0.0010905459,0.0010720169,0.0,0.0010469054,0.0,0.0010604386,0.0010469054,0.0010678511,0.001071994,0.0,0.0,0.0010309785,0.0010121547,0.0010678511,0.0010905452,0.0,0.0010604403,0.0,0.0010309785,0.0010121547,0.0010678511,0.0010795265,0.0,0.0,0.0010469069,0.0010604403,0.0,0.0010309785,0.0010604387,0.0010720234,0.001060439,0.0,0.0010309784,0.0010121547,0.0010678511,0.0010795267,0.0,0.0,0.0010469055,0.0010309785,0.0010216683,0.001032511,0.0011077411,0.0,0.0,0.0010469054,0.0,0.0010604386,0.0010469054,0.0010678511,0.0,0.0010604445,0.0,0.001060439,0.0,0.0010604386,0.0010469054,0.0,0.0,0.0010469316,0.0010309824,0.0010216684,0.001032511,0.0011077418,0.0,0.0010604877,0.0010604442,0.0010549257,0.001066498,0.0,0.000989837,0.0,0.0010604413,0.0010469067,0.0,0.0010604392,0.0010469055,0.0010396969,0.0010720006,0.0010604386,0.0010469054,0.0,0.0010604386,0.0010469054,0.0010396955,0.0,0.001060439,0.0010469054,0.0010396948,0.0010510118,0.0010573026,0.0010694497,0.0010719909,0.0010604386,0.0010469054,0.0010396948,0.0010510118,0.0010573026,0.0010694496,0.0010720182,0.0,0.0,0.0010309785,0.0010121547,0.0010678511,0.0010905449,0.0010719956,0.0,0.0010469054,0.0010309785,0.0010216683,0.001032511,0.0011077409,0.0,0.001060439,0.0,0.0010309785,0.0010121547,0.0010678511,0.0010795265,0.0010720065,0.0,0.0010469054,0.0010309785,0.0010216683,0.001032511,0.001107745,0.0,0.0010604386,0.0010469054,0.0010396948,0.0010510118,0.0010573026,0.00106945,0.001071992,0.0010604386,0.0010469054,0.0010396948,0.0010510118,0.0010573026,0.0010694496,0.0,0.0010604394,0.0010469055,0.0010396948,0.0010510118,0.0010573026,0.0010694495,0.0,0.0,0.0010469054,0.0010309785,0.0010216683,0.001032511,0.001107741,0.0010719941,0.0010604386,0.0,0.0,0.0010604388,0.001060439,0.0010549256,0.0010720346,0.0,0.0010469058,0.0,0.001060439,0.0010469054,0.0010678536,0.0010720927,0.0,0.0010604389,0.0010469055,0.0010396948,0.0,0.0010604393,0.0,0.0010604386,0.0,0.0010309785,0.0010121547,0.0010678511,0.0010795274,0.001071998,0.0,0.0010469054,0.0010309785,0.0010216684,0.0010325111,0.0011077774,0.0010720129,0.0,0.0,0.0010309785,0.0010121547,0.0010678511,0.0010905449,0.0,0.0010604388,0.0010469054,0.0010396948,0.0010510118,0.0010573026,0.0010694496,0.0010720268,0.0010604389,0.0010469055,0.0,0.0010604389,0.0010469054,0.0010396959,0.001071993,0.0,0.0010469055,0.0010309789,0.0010216683,0.001032511,0.0011077425,0.0010719956,0.0,0.0010469054,0.0010309785,0.0010216684,0.001032511,0.0011077413,0.0,0.0010604389,0.001060439,0.001054925,0.0010664982,0.0,0.0009898781,0.0010720243,0.0,0.0010469055,0.0010309785,0.0010216683,0.001032511,0.0011077409,0.0010719977,0.0,0.0,0.0010309785,0.0010121547,0.0010678511,0.0010905465,0.0010720548,0.0010604393,0.0,0.0010309797,0.0010121549,0.0010678512,0.0010795316,0.0,0.001060439,0.0010469055,0.0010396948,0.0010510118,0.0010573026,0.0010694496,0.0,0.0010604404,0.0,0.0010309787,0.0010121547,0.0010678511,0.0010795265,0.0,0.0010604389,0.0010469055,0.0010396948,0.0010510118,0.0010573026,0.0010694497,0.0010720025,0.0010604388,0.0010469054,0.001039695,0.0010510118,0.0010573026,0.0010694495,0.0,0.0,0.0,0.0010309785,0.0010121547,0.0010678511,0.0010905451,0.0010719905,0.0010604386,0.0,0.0010309785,0.0010121547,0.0010678511,0.0010795267,0.0010720054,0.001060439,0.0010469054,0.0010678511,0.0,0.0010309785,0.0010121549,0.0,0.0010604386,0.0010469054,0.0010396948,0.0010510118,0.0010573026,0.0010694497,0.0,0.0010604389,0.0010469054,0.0010396948,0.0010510118,0.0010573026,0.0010694498,0.0,0.0010604394,0.0010469055,0.0010396948,0.0010510118,0.0010573026,0.0010694502,0.0010719995,0.0010604389,0.0010469054,0.0010396948,0.0010510118,0.0010573026,0.0010694497,0.0,0.0,0.0010469054,0.0010309785,0.0010216683,0.001032511,0.0011077411,0.0,0.0010604389,0.0010469054,0.0010396948,0.0010510118,0.0010573026,0.0010694496,0.0010722312,0.0010604408,0.0010469056,0.0010396948,0.0010510118,0.0010573026,0.0010694512
k__Bacteria|p__Firmicutes|c__Clostridia|o__Eubacteriales|f__Clostridiaceae|g__Clostridium|s__Clostridium_sp_AF12_28,0.0,0.0010579645,0.0010443518,0.0010370769,0.0010483642,0.0010546109,0.001066763,0.0,0.0010579644,0.0010443518,0.0010370769,0.0010483642,0.0010546109,0.001066763,0.0,0.0,0.0010443662,0.001028355,0.0010189696,0.0010297705,0.0011054543,0.0010696271,0.0,0.0010443518,0.0010283453,0.0010189688,0.0010297705,0.0011054536,0.0,0.0,0.0010443518,0.0010283453,0.0010189688,0.0010297705,0.0011054536,0.0010695942,0.0010579643,0.0010443518,0.0010370769,0.0010483642,0.0010546109,0.001066763,0.0,0.0010579647,0.001044352,0.0010370769,0.0010483642,0.0010546109,0.0010667634,0.0010695943,0.0010579643,0.0010443518,0.0010370769,0.0010483642,0.0010546109,0.0010667631,0.0,0.0010579646,0.0010443523,0.0010370773,0.0010483642,0.0010546109,0.0010667638,0.0,0.0010579644,0.0010443518,0.0010370769,0.0010483642,0.0010546109,0.001066763,0.0,0.0010579644,0.0,0.0010283453,0.001009443,0.0010653983,0.0010770671,0.0,0.0010579643,0.0010443518,0.0010370769,0.0010483642,0.0010546109,0.0010667635,0.0,0.0,0.0,0.0010283453,0.001009443,0.0010653983,0.0010881766,0.0010696035,0.0010579644,0.0,0.0010283453,0.001009443,0.0010653983,0.0010770734,0.0010696723,0.0,0.0,0.0010283454,0.001009443,0.0010653983,0.0010881759,0.0010696198,0.0,0.0010443518,0.0,0.0010579643,0.0010443518,0.0010653985,0.0010695972,0.0,0.0,0.0010283453,0.001009443,0.0010653983,0.0010881746,0.0,0.0010579659,0.0,0.0010283453,0.001009443,0.0010653983,0.001077066,0.0,0.0,0.0010443524,0.0010579656,0.0,0.0010283453,0.0010579646,0.001069618,0.0010579646,0.0,0.0010283452,0.001009443,0.0010653983,0.0010770657,0.0,0.0,0.001044352,0.0010283453,0.0010189688,0.0010297705,0.0011054539,0.0,0.0,0.0010443518,0.0,0.0010579643,0.0010443518,0.0010653983,0.0,0.0010579673,0.0,0.0010579645,0.0,0.0010579643,0.001044352,0.0,0.0,0.0010443671,0.0010283476,0.001018969,0.0010297705,0.001105454,0.0,0.0010580034,0.0010579686,0.0010523904,0.0010639443,0.0,0.0009870533,0.0,0.0010579661,0.0010443527,0.0,0.0010579647,0.0010443518,0.0010370795,0.0010696001,0.0010579643,0.0010443518,0.0,0.0010579643,0.0010443518,0.0010370781,0.0,0.0010579647,0.001044352,0.0010370769,0.0010483642,0.0010546109,0.0010667631,0.0010695943,0.0010579643,0.0010443518,0.0010370769,0.0010483642,0.0010546109,0.001066763,0.0010696227,0.0,0.0,0.0010283453,0.001009443,0.0010653983,0.0010881746,0.001069601,0.0,0.0010443518,0.0010283453,0.0010189688,0.0010297705,0.0011054538,0.0,0.0010579645,0.0,0.0010283453,0.001009443,0.0010653983,0.0010770657,0.0010696102,0.0,0.0010443518,0.0010283453,0.0010189689,0.0010297705,0.0011054608,0.0,0.0010579643,0.0010443518,0.0010370769,0.0010483642,0.0010546109,0.0010667644,0.001069595,0.0010579643,0.0010443518,0.0010370769,0.0010483642,0.0010546109,0.001066763,0.0,0.0010579647,0.0010443518,0.0010370769,0.0010483642,0.0010546109,0.001066763,0.0,0.0,0.0010443518,0.0010283453,0.0010189688,0.0010297705,0.0011054539,0.0010695965,0.0010579643,0.0,0.0,0.0010579645,0.0010579644,0.0010523906,0.0010696307,0.0,0.001044352,0.0,0.0010579645,0.0010443518,0.0010654011,0.0010697135,0.0,0.0010579646,0.0010443518,0.0010370769,0.0,0.0010579649,0.0,0.0010579643,0.0,0.0010283453,0.001009443,0.0010653983,0.0010770699,0.0010695998,0.0,0.0010443518,0.0010283453,0.001018969,0.0010297708,0.0011055148,0.0010696093,0.0,0.0,0.0010283453,0.001009443,0.0010653983,0.0010881746,0.0,0.0010579645,0.001044352,0.0010370769,0.0010483642,0.0010546109,0.001066763,0.0010696145,0.0010579646,0.0010443518,0.0,0.0010579645,0.0010443518,0.001037078,0.001069597,0.0,0.0010443518,0.0010283454,0.0010189688,0.0010297705,0.0011054553,0.0010695978,0.0,0.001044352,0.0010283453,0.001018969,0.0010297705,0.0011054552,0.0,0.0010579646,0.0010579646,0.0010523904,0.0010639444,0.0,0.0009870911,0.0010696315,0.0,0.0010443518,0.0010283453,0.0010189688,0.0010297705,0.0011054536,0.0010695996,0.0,0.0,0.0010283453,0.001009443,0.0010653983,0.001088176,0.0010696634,0.0010579652,0.0,0.0010283462,0.0010094437,0.0010653983,0.0010770723,0.0,0.0010579646,0.0010443518,0.0010370769,0.0010483642,0.0010546109,0.001066763,0.0,0.0010579651,0.0,0.0010283453,0.001009443,0.0010653983,0.0010770657,0.0,0.0010579646,0.001044352,0.0010370769,0.0010483642,0.0010546109,0.0010667631,0.0010696084,0.0010579645,0.001044352,0.001037077,0.0010483642,0.0010546109,0.0010667632,0.0,0.0,0.0,0.0010283453,0.001009443,0.0010653983,0.001088175,0.0010695938,0.0010579643,0.0,0.0010283453,0.001009443,0.0010653983,0.0010770665,0.0010696048,0.0010579646,0.0010443518,0.0010653983,0.0,0.0010283453,0.0010094437,0.0,0.0010579643,0.0010443518,0.0010370769,0.0010483642,0.0010546109,0.0010667637,0.0,0.0010579643,0.0010443518,0.0010370769,0.0010483642,0.0010546109,0.0010667633,0.0,0.0010579651,0.0010443518,0.0010370769,0.0010483642,0.0010546109,0.0010667649,0.0010696041,0.0010579643,0.0010443518,0.0010370769,0.0010483642,0.0010546109,0.0010667637,0.0,0.0,0.0010443518,0.0010283453,0.0010189689,0.0010297705,0.001105454,0.0,0.0010579643,0.0010443518,0.0010370769,0.0010483642,0.0010546109,0.001066763,0.0010697906,0.0010579656,0.001044352,0.0010370769,0.0010483642,0.0010546109,0.0010667655
k__Bacteria|p__Firmicutes|c__Clostridia|o__Eubacteriales|f__Clostridiaceae|g__Clostridium|s__Clostridium_disporicum,0.0,0.0010606189,0.0010470956,0.0010398958,0.001051226,0.0010575304,0.001069685,0.0,0.0010606189,0.0010470956,0.0010398958,0.001051226,0.0010575304,0.0010696847,0.0,0.0,0.0010471075,0.0010311881,0.0010218807,0.001032737,0.0011079217,0.0010721924,0.0,0.0010470956,0.0010311791,0.0010218802,0.001032737,0.0011079209,0.0,0.0,0.0010470956,0.0010311791,0.0010218802,0.001032737,0.0011079209,0.0010721611,0.0010606189,0.0010470956,0.0010398958,0.001051226,0.0010575304,0.0010696846,0.0,0.0010606195,0.0010470957,0.0010398958,0.001051226,0.0010575304,0.0010696857,0.0010721612,0.0010606189,0.0010470956,0.0010398958,0.001051226,0.0010575304,0.0010696847,0.0,0.0010606193,0.0010470963,0.0010398959,0.001051226,0.0010575304,0.0010696853,0.0,0.0010606189,0.0010470956,0.0010398958,0.001051226,0.0010575304,0.0010696847,0.0,0.0010606189,0.0,0.0010311791,0.0010123652,0.0010680314,0.0010797199,0.0,0.0010606189,0.0010470956,0.0010398958,0.001051226,0.0010575304,0.0010696858,0.0,0.0,0.0,0.0010311791,0.0010123652,0.0010680314,0.0010907282,0.0010721696,0.0010606189,0.0,0.0010311791,0.0010123652,0.0010680314,0.0010797249,0.0010722125,0.0,0.0,0.0010311791,0.0010123652,0.0010680314,0.0010907275,0.0010721802,0.0,0.0010470956,0.0,0.0010606189,0.0010470956,0.0010680316,0.0010721639,0.0,0.0,0.0010311791,0.0010123652,0.0010680314,0.0010907257,0.0,0.0010606201,0.0,0.0010311791,0.0010123652,0.0010680314,0.0010797183,0.0,0.0,0.0010470969,0.0010606195,0.0,0.0010311791,0.0010606193,0.0010721831,0.001060619,0.0,0.001031179,0.0010123652,0.0010680314,0.001079718,0.0,0.0,0.0010470957,0.0010311791,0.0010218802,0.001032737,0.001107921,0.0,0.0,0.0010470956,0.0,0.0010606189,0.0010470956,0.0010680316,0.0,0.0010606232,0.0,0.001060619,0.0,0.0010606189,0.0010470957,0.0,0.0,0.0010471082,0.0010311812,0.0010218802,0.001032737,0.0011079217,0.0,0.0010606427,0.0010606219,0.0010551158,0.0010667007,0.0,0.0009900612,0.0,0.0010606211,0.0010470966,0.0,0.0010606194,0.0010470957,0.0010398986,0.0010721675,0.0010606189,0.0010470956,0.0,0.0010606189,0.0010470956,0.001039897,0.0,0.0010606191,0.0010470957,0.0010398958,0.001051226,0.0010575304,0.001069685,0.0010721611,0.0010606189,0.0010470956,0.0010398958,0.001051226,0.0010575304,0.0010696847,0.0010721838,0.0,0.0,0.0010311791,0.0010123652,0.0010680314,0.0010907252,0.0010721628,0.0,0.0010470956,0.0010311791,0.0010218802,0.001032737,0.0011079211,0.0,0.001060619,0.0,0.0010311791,0.0010123652,0.0010680314,0.0010797177,0.0010721768,0.0,0.0010470956,0.0010311791,0.0010218802,0.001032737,0.0011079274,0.0,0.0010606189,0.0010470956,0.0010398958,0.001051226,0.0010575304,0.0010696871,0.0010721617,0.0010606189,0.0010470956,0.0010398958,0.001051226,0.0010575304,0.0010696846,0.0,0.0010606195,0.0010470957,0.0010398958,0.001051226,0.0010575304,0.001069685,0.0,0.0,0.0010470956,0.0010311791,0.0010218802,0.001032737,0.0011079211,0.0010721637,0.0010606189,0.0,0.0,0.001060619,0.0010606189,0.0010551164,0.0010721968,0.0,0.0010470961,0.0,0.001060619,0.0010470956,0.0010680355,0.0010722465,0.0,0.0010606189,0.0010470957,0.0010398958,0.0,0.0010606201,0.0,0.0010606188,0.0,0.0010311791,0.0010123656,0.0010680314,0.0010797245,0.0010721666,0.0,0.0010470956,0.0010311791,0.0010218802,0.0010327371,0.0011079721,0.0010721773,0.0,0.0,0.0010311791,0.0010123652,0.0010680314,0.0010907253,0.0,0.001060619,0.0010470957,0.0010398958,0.001051226,0.0010575304,0.0010696847,0.0010721816,0.001060619,0.0010470957,0.0,0.0010606189,0.0010470956,0.0010398966,0.0010721626,0.0,0.0010470957,0.0010311791,0.0010218802,0.001032737,0.0011079237,0.001072165,0.0,0.0010470957,0.0010311791,0.0010218802,0.001032737,0.0011079228,0.0,0.001060619,0.001060619,0.0010551158,0.0010667009,0.0,0.0009901052,0.0010721883,0.0,0.0010470957,0.0010311791,0.0010218802,0.001032737,0.0011079209,0.0010721671,0.0,0.0,0.0010311791,0.0010123652,0.0010680314,0.0010907276,0.0010722064,0.0010606193,0.0,0.0010311797,0.0010123657,0.0010680316,0.001079726,0.0,0.001060619,0.0010470957,0.0010398958,0.001051226,0.0010575304,0.0010696846,0.0,0.0010606203,0.0,0.0010311791,0.0010123652,0.0010680314,0.0010797177,0.0,0.0010606189,0.0010470957,0.0010398958,0.001051226,0.0010575304,0.001069685,0.0010721732,0.0010606188,0.0010470957,0.0010398959,0.001051226,0.0010575304,0.0010696853,0.0,0.0,0.0,0.0010311791,0.0010123652,0.0010680314,0.0010907262,0.001072161,0.0010606189,0.0,0.0010311791,0.0010123652,0.0010680314,0.0010797185,0.0010721751,0.001060619,0.0010470956,0.0010680314,0.0,0.0010311791,0.0010123658,0.0,0.0010606189,0.0010470956,0.0010398958,0.001051226,0.0010575304,0.0010696859,0.0,0.0010606189,0.0010470956,0.0010398958,0.001051226,0.0010575304,0.0010696851,0.0,0.0010606191,0.0010470957,0.0010398958,0.001051226,0.0010575304,0.0010696873,0.0010721663,0.0010606189,0.0010470956,0.0010398958,0.001051226,0.0010575304,0.0010696854,0.0,0.0,0.0010470956,0.0010311791,0.0010218802,0.001032737,0.0011079214,0.0,0.0010606189,0.0010470956,0.0010398958,0.001051226,0.0010575304,0.0010696847,0.0010723723,0.0010606204,0.0010470959,0.0010398958,0.001051226,0.0010575304,0.0010696884
k__Bacteria|p__Firmicutes|c__Clostridia|o__Eubacteriales|f__Clostridiaceae|g__Clostridium|s__Clostridium_sp_AF34_13,0.0,0.0010611414,0.0010475419,0.0010402185,0.0010513156,0.0010573935,0.0010693823,0.0,0.0010611416,0.0010475419,0.0010402185,0.0010513156,0.0010573935,0.0010693823,0.0,0.0,0.0010475403,0.0010315431,0.0010221173,0.001032737,0.0011081124,0.0010727546,0.0,0.0010475419,0.001031544,0.0010221172,0.001032737,0.001108112,0.0,0.0,0.0010475419,0.001031544,0.0010221172,0.001032737,0.001108112,0.0010727549,0.0010611415,0.0010475419,0.0010402185,0.0010513156,0.0010573935,0.0010693822,0.0,0.0010611411,0.0010475419,0.0010402185,0.0010513156,0.0010573935,0.0010693826,0.0010727552,0.0010611415,0.0010475419,0.0010402185,0.0010513156,0.0010573935,0.0010693824,0.0,0.0010611416,0.0010475419,0.0010402187,0.0010513156,0.0010573935,0.0010693826,0.0,0.0010611416,0.0010475419,0.0010402185,0.0010513156,0.0010573935,0.0010693823,0.0,0.0010611416,0.0,0.001031544,0.0010126441,0.0010685112,0.0010799726,0.0,0.0010611415,0.0010475419,0.0010402185,0.0010513156,0.0010573935,0.0010693828,0.0,0.0,0.0,0.001031544,0.0010126441,0.0010685112,0.0010910559,0.0010727553,0.0010611416,0.0,0.001031544,0.0010126441,0.0010685112,0.0010799739,0.0010727572,0.0,0.0,0.0010315441,0.0010126441,0.0010685112,0.0010910558,0.0010727558,0.0,0.0010475419,0.0,0.0010611415,0.0010475419,0.0010685113,0.0010727547,0.0,0.0,0.001031544,0.0010126441,0.0010685112,0.0010910551,0.0,0.0010611411,0.0,0.001031544,0.0010126441,0.0010685112,0.0010799723,0.0,0.0,0.0010475416,0.001061141,0.0,0.001031544,0.0010611416,0.001072752,0.0010611416,0.0,0.001031544,0.0010126441,0.0010685112,0.001079972,0.0,0.0,0.001047542,0.001031544,0.0010221172,0.001032737,0.0011081123,0.0,0.0,0.0010475419,0.0,0.0010611415,0.0010475419,0.0010685112,0.0,0.0010611409,0.0,0.0010611417,0.0,0.0010611415,0.001047542,0.0,0.0,0.0010475382,0.0010315435,0.0010221172,0.001032737,0.0011081117,0.0,0.0010611345,0.0010611403,0.0010555189,0.001066875,0.0,0.0009902415,0.0,0.0010611411,0.0010475415,0.0,0.0010611417,0.0010475419,0.0010402193,0.0010727544,0.0010611415,0.0010475419,0.0,0.0010611415,0.0010475419,0.0010402193,0.0,0.0010611416,0.001047542,0.0010402185,0.0010513156,0.0010573935,0.0010693823,0.0010727552,0.0010611415,0.0010475419,0.0010402185,0.0010513156,0.0010573935,0.0010693823,0.0010727525,0.0,0.0,0.001031544,0.0010126441,0.0010685112,0.0010910551,0.0010727536,0.0,0.0010475419,0.001031544,0.0010221172,0.001032737,0.001108112,0.0,0.0010611417,0.0,0.001031544,0.0010126441,0.0010685112,0.001079972,0.0010727552,0.0,0.0010475419,0.001031544,0.0010221172,0.001032737,0.0011081134,0.0,0.0010611415,0.0010475419,0.0010402185,0.0010513156,0.0010573935,0.0010693831,0.0010727553,0.0010611415,0.0010475419,0.0010402185,0.0010513156,0.0010573935,0.0010693822,0.0,0.0010611415,0.0010475419,0.0010402185,0.0010513156,0.0010573935,0.0010693823,0.0,0.0,0.0010475419,0.001031544,0.0010221172,0.001032737,0.0011081122,0.0010727552,0.0010611415,0.0,0.0,0.0010611417,0.0010611416,0.0010555196,0.0010727559,0.0,0.0010475417,0.0,0.0010611417,0.0010475419,0.0010685122,0.0010727657,0.0,0.0010611415,0.0010475419,0.0010402185,0.0,0.0010611418,0.0,0.0010611415,0.0,0.001031544,0.0010126441,0.0010685113,0.0010799738,0.0010727542,0.0,0.0010475419,0.001031544,0.0010221172,0.001032737,0.0011081268,0.0010727529,0.0,0.0,0.001031544,0.0010126441,0.0010685112,0.0010910552,0.0,0.0010611417,0.001047542,0.0010402185,0.0010513156,0.0010573935,0.0010693823,0.0010727657,0.0010611416,0.0010475419,0.0,0.0010611415,0.0010475419,0.0010402187,0.0010727547,0.0,0.0010475419,0.0010315438,0.0010221172,0.001032737,0.0011081129,0.0010727549,0.0,0.001047542,0.001031544,0.0010221172,0.001032737,0.0011081122,0.0,0.0010611416,0.0010611416,0.0010555193,0.001066875,0.0,0.0009902639,0.0010727547,0.0,0.0010475419,0.001031544,0.0010221172,0.001032737,0.001108112,0.0010727557,0.0,0.0,0.001031544,0.0010126441,0.0010685112,0.0010910559,0.0010727529,0.0010611414,0.0,0.0010315442,0.0010126443,0.0010685114,0.0010799742,0.0,0.0010611415,0.0010475419,0.0010402185,0.0010513156,0.0010573935,0.0010693822,0.0,0.0010611414,0.0,0.001031544,0.0010126441,0.0010685112,0.001079972,0.0,0.0010611415,0.001047542,0.0010402185,0.0010513156,0.0010573935,0.0010693824,0.001072755,0.0010611414,0.0010475419,0.0010402185,0.0010513156,0.0010573935,0.0010693824,0.0,0.0,0.0,0.001031544,0.0010126441,0.0010685112,0.0010910555,0.001072755,0.0010611415,0.0,0.001031544,0.0010126441,0.0010685112,0.0010799725,0.0010727545,0.0010611415,0.0010475419,0.0010685112,0.0,0.001031544,0.0010126444,0.0,0.0010611415,0.0010475419,0.0010402185,0.0010513156,0.0010573935,0.0010693828,0.0,0.0010611415,0.0010475419,0.0010402185,0.0010513156,0.0010573935,0.0010693824,0.0,0.0010611411,0.0010475419,0.0010402185,0.0010513156,0.0010573935,0.0010693838,0.0010727533,0.0010611415,0.0010475419,0.0010402185,0.0010513156,0.0010573935,0.0010693825,0.0,0.0,0.0010475419,0.001031544,0.0010221172,0.001032737,0.0011081123,0.0,0.0010611415,0.0010475419,0.0010402185,0.0010513156,0.0010573935,0.0010693823,0.0010727979,0.0010611415,0.0010475417,0.0010402186,0.0010513156,0.0010573935,0.0010693839
k__Bacteria|p__Firmicutes|c__Tissierellia|o__Tissierellales|f__Peptoniphilaceae|g__Anaerococcus|s__Anaerococcus_rubeinfantis,0.0,0.0010614505,0.0010479867,0.0010408568,0.001052282,0.0010586844,0.0010708956,0.0,0.0010614505,0.0010479867,0.0010408568,0.001052282,0.0010586844,0.0010708956,0.0,0.0,0.0010480126,0.0010321478,0.0010229065,0.0010338628,0.0011087937,0.0010730006,0.0,0.001047987,0.0010321317,0.0010229053,0.0010338628,0.0011087927,0.0,0.0,0.001047987,0.0010321317,0.0010229053,0.0010338628,0.0011087924,0.001072936,0.0010614503,0.0010479867,0.0010408568,0.001052282,0.0010586844,0.0010708955,0.0,0.0010614516,0.0010479871,0.0010408568,0.001052282,0.0010586844,0.001070897,0.0010729358,0.0010614503,0.0010479867,0.0010408568,0.001052282,0.0010586844,0.0010708956,0.0,0.0010614508,0.0010479883,0.0010408573,0.001052282,0.0010586844,0.0010708962,0.0,0.0010614505,0.0010479867,0.0010408568,0.001052282,0.0010586844,0.0010708956,0.0,0.0010614505,0.0,0.0010321317,0.0010133807,0.0010688693,0.0010806419,0.0,0.0010614503,0.0010479867,0.0010408568,0.001052282,0.0010586844,0.0010708957,0.0,0.0,0.0,0.0010321317,0.0010133807,0.0010688693,0.0010915839,0.0010729544,0.0010614505,0.0,0.0010321317,0.0010133807,0.0010688693,0.0010806515,0.0010730751,0.0,0.0,0.0010321321,0.0010133807,0.0010688693,0.0010915834,0.0010729842,0.0,0.001047987,0.0,0.0010614503,0.0010479867,0.0010688691,0.0010729413,0.0,0.0,0.0010321317,0.0010133807,0.0010688693,0.0010915824,0.0,0.0010614533,0.0,0.0010321317,0.0010133807,0.0010688693,0.0010806392,0.0,0.0,0.0010479888,0.0010614528,0.0,0.0010321317,0.0010614508,0.0010729746,0.0010614508,0.0,0.001032132,0.0010133807,0.0010688693,0.0010806387,0.0,0.0,0.0010479871,0.0010321317,0.0010229053,0.0010338628,0.0011087933,0.0,0.0,0.001047987,0.0,0.0010614503,0.0010479867,0.0010688694,0.0,0.0010614564,0.0,0.0010614505,0.0,0.0010614503,0.0010479871,0.0,0.0,0.001048015,0.0010321364,0.0010229055,0.0010338628,0.0011087933,0.0,0.001061522,0.0010614584,0.0010560151,0.0010676882,0.0,0.0009911453,0.0,0.0010614546,0.0010479888,0.0,0.0010614512,0.001047987,0.0010408621,0.0010729475,0.0010614503,0.0010479867,0.0,0.0010614503,0.0010479867,0.0010408586,0.0,0.0010614508,0.0010479871,0.0010408568,0.001052282,0.0010586844,0.0010708955,0.0010729355,0.0010614503,0.0010479867,0.0010408568,0.001052282,0.0010586844,0.0010708956,0.0010729888,0.0,0.0,0.0010321317,0.0010133807,0.0010688693,0.0010915824,0.0010729466,0.0,0.0010479867,0.0010321317,0.0010229053,0.0010338628,0.0011087931,0.0,0.0010614505,0.0,0.0010321317,0.0010133807,0.0010688693,0.0010806386,0.0010729694,0.0,0.001047987,0.0010321317,0.0010229053,0.0010338628,0.0011088077,0.0,0.0010614503,0.001047987,0.0010408568,0.001052282,0.0010586844,0.0010708976,0.001072937,0.0010614503,0.0010479867,0.0010408568,0.001052282,0.0010586844,0.0010708955,0.0,0.0010614513,0.001047987,0.0010408568,0.001052282,0.0010586844,0.0010708958,0.0,0.0,0.001047987,0.0010321317,0.0010229053,0.0010338628,0.0011087926,0.0010729395,0.0010614503,0.0,0.0,0.0010614505,0.0010614505,0.0010560144,0.0010729997,0.0,0.0010479874,0.0,0.0010614505,0.001047987,0.0010688766,0.0010731509,0.0,0.0010614509,0.001047987,0.0010408568,0.0,0.0010614513,0.0,0.0010614502,0.0,0.0010321317,0.0010133807,0.0010688693,0.0010806521,0.0010729462,0.0,0.001047987,0.0010321317,0.0010229055,0.0010338635,0.0011088952,0.0010729634,0.0,0.0,0.0010321317,0.0010133807,0.0010688693,0.0010915822,0.0,0.0010614505,0.0010479871,0.0010408568,0.001052282,0.0010586844,0.0010708956,0.0010729583,0.0010614505,0.001047987,0.0,0.0010614505,0.001047987,0.0010408591,0.0010729404,0.0,0.001047987,0.0010321322,0.0010229053,0.0010338628,0.0011087948,0.001072942,0.0,0.0010479871,0.001032132,0.0010229055,0.0010338628,0.0011087962,0.0,0.0010614508,0.0010614509,0.0010560141,0.0010676883,0.0,0.0009911959,0.0010730013,0.0,0.001047987,0.0010321317,0.0010229053,0.0010338628,0.0011087924,0.0010729434,0.0,0.0,0.0010321317,0.0010133807,0.0010688693,0.0010915833,0.001073063,0.0010614523,0.0,0.0010321336,0.0010133814,0.0010688696,0.0010806505,0.0,0.0010614506,0.001047987,0.0010408568,0.001052282,0.0010586844,0.0010708955,0.0,0.0010614524,0.0,0.0010321317,0.0010133807,0.0010688693,0.0010806386,0.0,0.0010614508,0.0010479871,0.0010408568,0.001052282,0.0010586844,0.0010708957,0.0010729621,0.0010614508,0.0010479873,0.0010408574,0.001052282,0.0010586844,0.0010708959,0.0,0.0,0.0,0.0010321317,0.0010133807,0.0010688693,0.0010915828,0.0010729351,0.0010614503,0.0,0.0010321317,0.0010133807,0.0010688693,0.0010806404,0.0010729558,0.0010614506,0.001047987,0.0010688693,0.0,0.0010321317,0.0010133809,0.0,0.0010614503,0.001047987,0.0010408568,0.001052282,0.0010586844,0.0010708967,0.0,0.0010614503,0.001047987,0.0010408568,0.001052282,0.0010586844,0.0010708956,0.0,0.0010614516,0.001047987,0.0010408568,0.001052282,0.0010586844,0.0010708981,0.0010729537,0.0010614503,0.001047987,0.0010408568,0.001052282,0.0010586844,0.001070896,0.0,0.0,0.001047987,0.0010321317,0.0010229053,0.0010338628,0.0011087933,0.0,0.0010614503,0.0010479867,0.0010408568,0.001052282,0.0010586844,0.0010708956,0.0010732654,0.0010614533,0.0010479873,0.0010408569,0.001052282,0.0010586844,0.001070899
k__Bacteria|p__Firmicutes|c__Negativicutes|o__Veillonellales|f__Veillonellaceae|g__Megasphaera|s__Megasphaera_vaginalis,0.0,0.0010598429,0.001046153,0.0010387255,0.0010496826,0.0010556158,0.001067522,0.0,0.0010598429,0.001046153,0.0010387255,0.0010496826,0.0010556158,0.001067522,0.0,0.0,0.0010461659,0.0010300716,0.0010205284,0.0010309988,0.001106761,0.0010715525,0.0,0.001046153,0.0010300626,0.0010205279,0.0010309988,0.0011067606,0.0,0.0,0.001046153,0.0010300626,0.0010205279,0.0010309988,0.0011067606,0.001071543,0.0010598429,0.001046153,0.0010387255,0.0010496826,0.0010556158,0.001067522,0.0,0.0010598431,0.0010461534,0.0010387255,0.0010496826,0.0010556158,0.0010675226,0.0010715431,0.0010598429,0.001046153,0.0010387255,0.0010496826,0.0010556158,0.001067522,0.0,0.001059843,0.0010461538,0.0010387256,0.0010496826,0.0010556158,0.0010675226,0.0,0.0010598429,0.001046153,0.0010387255,0.0010496826,0.0010556158,0.001067522,0.0,0.0010598429,0.0,0.0010300626,0.0010110688,0.001067204,0.0010785442,0.0,0.0010598429,0.001046153,0.0010387255,0.0010496826,0.0010556158,0.0010675226,0.0,0.0,0.0,0.0010300626,0.0010110688,0.001067204,0.0010897239,0.0010715444,0.0010598429,0.0,0.0010300626,0.0010110688,0.001067204,0.0010785473,0.0010715644,0.0,0.0,0.0010300626,0.0010110688,0.001067204,0.0010897234,0.0010715511,0.0,0.001046153,0.0,0.0010598429,0.001046153,0.0010672042,0.001071544,0.0,0.0,0.0010300626,0.0010110688,0.001067204,0.0010897226,0.0,0.0010598438,0.0,0.0010300626,0.0010110688,0.001067204,0.0010785434,0.0,0.0,0.001046154,0.0010598435,0.0,0.0010300626,0.0010598429,0.0010715565,0.001059843,0.0,0.0010300626,0.0010110688,0.001067204,0.0010785433,0.0,0.0,0.0010461533,0.0010300626,0.0010205279,0.0010309988,0.0011067609,0.0,0.0,0.001046153,0.0,0.0010598429,0.001046153,0.001067204,0.0,0.0010598465,0.0,0.001059843,0.0,0.0010598429,0.0010461531,0.0,0.0,0.0010461666,0.0010300649,0.0010205279,0.0010309988,0.0011067608,0.0,0.0010598735,0.0010598461,0.0010541211,0.0010653456,0.0,0.0009885761,0.0,0.0010598446,0.0010461538,0.0,0.001059843,0.0010461533,0.0010387277,0.0010715455,0.0010598429,0.001046153,0.0,0.0010598429,0.001046153,0.0010387261,0.0,0.0010598431,0.0010461531,0.0010387255,0.0010496826,0.0010556158,0.0010675219,0.0010715431,0.0010598429,0.001046153,0.0010387255,0.0010496826,0.0010556158,0.001067522,0.00107155,0.0,0.0,0.0010300626,0.0010110688,0.001067204,0.0010897225,0.0010715444,0.0,0.001046153,0.0010300626,0.0010205279,0.0010309988,0.0011067607,0.0,0.001059843,0.0,0.0010300626,0.0010110688,0.001067204,0.0010785431,0.0010715486,0.0,0.001046153,0.0010300626,0.0010205279,0.0010309988,0.0011067651,0.0,0.0010598429,0.001046153,0.0010387255,0.0010496826,0.0010556158,0.0010675227,0.0010715432,0.0010598429,0.001046153,0.0010387255,0.0010496826,0.0010556158,0.001067522,0.0,0.0010598432,0.0010461533,0.0010387255,0.0010496826,0.0010556158,0.001067522,0.0,0.0,0.001046153,0.0010300626,0.0010205279,0.0010309988,0.0011067607,0.0010715435,0.0010598429,0.0,0.0,0.001059843,0.0010598429,0.0010541211,0.0010715543,0.0,0.0010461534,0.0,0.001059843,0.001046153,0.0010672074,0.0010715857,0.0,0.001059843,0.0010461533,0.0010387255,0.0,0.0010598432,0.0,0.0010598428,0.0,0.0010300626,0.0010110688,0.0010672042,0.001078547,0.0010715452,0.0,0.001046153,0.0010300626,0.0010205279,0.0010309991,0.0011067978,0.0010715512,0.0,0.0,0.0010300626,0.0010110688,0.001067204,0.0010897225,0.0,0.001059843,0.0010461531,0.0010387255,0.0010496826,0.0010556158,0.001067522,0.0010715337,0.0010598429,0.0010461533,0.0,0.0010598429,0.001046153,0.0010387261,0.0010715432,0.0,0.0010461533,0.0010300627,0.0010205279,0.0010309988,0.0011067616,0.0010715442,0.0,0.0010461531,0.0010300626,0.0010205279,0.0010309989,0.0011067614,0.0,0.0010598429,0.001059843,0.0010541207,0.0010653457,0.0,0.0009886087,0.001071551,0.0,0.0010461533,0.0010300626,0.0010205279,0.0010309988,0.0011067606,0.0010715451,0.0,0.0,0.0010300626,0.0010110688,0.001067204,0.0010897235,0.0010715583,0.0010598431,0.0,0.0010300634,0.0010110689,0.0010672042,0.0010785477,0.0,0.001059843,0.0010461533,0.0010387255,0.0010496826,0.0010556158,0.001067522,0.0,0.0010598439,0.0,0.0010300626,0.0010110688,0.001067204,0.0010785431,0.0,0.0010598429,0.0010461533,0.0010387255,0.0010496826,0.0010556158,0.0010675221,0.0010715481,0.0010598429,0.0010461534,0.0010387256,0.0010496826,0.0010556158,0.0010675221,0.0,0.0,0.0,0.0010300626,0.0010110688,0.001067204,0.0010897227,0.0010715429,0.0010598429,0.0,0.0010300626,0.0010110688,0.001067204,0.0010785436,0.0010715477,0.001059843,0.001046153,0.001067204,0.0,0.0010300626,0.001011069,0.0,0.0010598429,0.001046153,0.0010387255,0.0010496826,0.0010556158,0.0010675224,0.0,0.0010598429,0.001046153,0.0010387255,0.0010496826,0.0010556158,0.0010675223,0.0,0.0010598431,0.0010461533,0.0010387255,0.0010496826,0.0010556158,0.0010675233,0.0010715455,0.0010598429,0.001046153,0.0010387255,0.0010496826,0.0010556158,0.0010675223,0.0,0.0,0.001046153,0.0010300626,0.0010205279,0.0010309988,0.0011067609,0.0,0.0010598429,0.001046153,0.0010387255,0.0010496826,0.0010556158,0.001067522,0.0010716558,0.0010598443,0.0010461534,0.0010387254,0.0010496826,0.0010556158,0.0010675237
k__Bacteria|p__Firmicutes|c__Bacilli|o__Bacillales|f__Staphylococcaceae|g__Staphylococcus|s__Staphylococcus_simulans,0.0,0.0010620607,0.0010483859,0.0010409327,0.0010517716,0.0010576018,0.0010694037,0.0,0.0010620607,0.0010483859,0.0010409327,0.0010517716,0.0010576018,0.001069404,0.0,0.0,0.0010483824,0.0010323048,0.0010227463,0.0010331053,0.0011086337,0.0010737635,0.0,0.0010483859,0.0010323074,0.0010227463,0.0010331053,0.001108634,0.0,0.0,0.0010483859,0.0010323074,0.0010227463,0.0010331053,0.001108634,0.0010737444,0.0010620607,0.0010483859,0.0010409327,0.0010517716,0.0010576018,0.001069404,0.0,0.0010620607,0.001048386,0.0010409327,0.0010517716,0.0010576018,0.0010694042,0.0010737445,0.0010620607,0.0010483859,0.0010409327,0.0010517716,0.0010576018,0.001069404,0.0,0.0010620607,0.0010483857,0.0010409327,0.0010517716,0.0010576018,0.0010694044,0.0,0.0010620607,0.0010483859,0.0010409327,0.0010517716,0.0010576018,0.0010694041,0.0,0.0010620607,0.0,0.0010323074,0.0010133219,0.0010693796,0.0010805879,0.0,0.0010620607,0.0010483859,0.0010409326,0.0010517716,0.0010576018,0.001069404,0.0,0.0,0.0,0.0010323074,0.0010133219,0.0010693796,0.0010917439,0.0010737509,0.0010620607,0.0,0.0010323074,0.0010133219,0.0010693796,0.0010805872,0.001073791,0.0,0.0,0.0010323075,0.0010133219,0.0010693796,0.0010917437,0.0010737606,0.0,0.0010483859,0.0,0.0010620607,0.0010483859,0.0010693795,0.001073746,0.0,0.0,0.0010323074,0.0010133219,0.0010693796,0.0010917437,0.0,0.0010620602,0.0,0.0010323074,0.0010133219,0.0010693796,0.0010805883,0.0,0.0,0.0010483854,0.0010620606,0.0,0.0010323074,0.0010620608,0.0010737515,0.0010620607,0.0,0.0010323074,0.0010133219,0.0010693796,0.0010805881,0.0,0.0,0.001048386,0.0010323074,0.0010227463,0.0010331053,0.0011086338,0.0,0.0,0.0010483859,0.0,0.0010620607,0.0010483859,0.0010693795,0.0,0.0010620581,0.0,0.0010620608,0.0,0.0010620607,0.0010483859,0.0,0.0,0.0010483791,0.0010323066,0.0010227463,0.0010331053,0.0011086336,0.0,0.0010620488,0.0010620592,0.0010563127,0.0010674136,0.0,0.0009908224,0.0,0.0010620599,0.0010483856,0.0,0.0010620607,0.001048386,0.0010409325,0.0010737467,0.0010620607,0.0010483859,0.0,0.0010620607,0.0010483859,0.0010409328,0.0,0.0010620609,0.0010483859,0.0010409326,0.0010517716,0.0010576018,0.001069404,0.0010737446,0.0010620607,0.0010483859,0.0010409327,0.0010517716,0.0010576018,0.0010694041,0.0010737609,0.0,0.0,0.0010323074,0.0010133219,0.0010693796,0.0010917437,0.0010737473,0.0,0.0010483859,0.0010323074,0.0010227463,0.0010331053,0.0011086338,0.0,0.0010620608,0.0,0.0010323074,0.0010133219,0.0010693796,0.0010805884,0.0010737515,0.0,0.0010483859,0.0010323074,0.0010227463,0.0010331053,0.0011086311,0.0,0.0010620607,0.0010483859,0.0010409327,0.0010517716,0.0010576018,0.0010694043,0.0010737452,0.0010620607,0.0010483859,0.0010409327,0.0010517716,0.0010576018,0.001069404,0.0,0.0010620608,0.001048386,0.0010409326,0.0010517716,0.0010576018,0.0010694037,0.0,0.0,0.0010483859,0.0010323074,0.0010227463,0.0010331053,0.001108634,0.0010737466,0.0010620607,0.0,0.0,0.0010620608,0.0010620607,0.0010563134,0.0010737664,0.0,0.0010483857,0.0,0.0010620608,0.0010483859,0.0010693795,0.0010738202,0.0,0.0010620608,0.001048386,0.0010409326,0.0,0.0010620607,0.0,0.0010620606,0.0,0.0010323074,0.0010133219,0.0010693795,0.0010805867,0.0010737468,0.0,0.0010483859,0.0010323074,0.0010227463,0.0010331053,0.0011086261,0.001073747,0.0,0.0,0.0010323074,0.0010133219,0.0010693796,0.0010917436,0.0,0.0010620608,0.0010483859,0.0010409327,0.0010517716,0.0010576018,0.001069404,0.0010737871,0.0010620608,0.001048386,0.0,0.0010620608,0.0010483859,0.0010409328,0.0010737461,0.0,0.001048386,0.0010323075,0.0010227463,0.0010331053,0.0011086334,0.0010737457,0.0,0.0010483859,0.0010323074,0.0010227463,0.0010331054,0.0011086331,0.0,0.0010620608,0.0010620609,0.001056313,0.0010674135,0.0,0.0009908334,0.0010737717,0.0,0.001048386,0.0010323074,0.0010227463,0.0010331053,0.001108634,0.0010737478,0.0,0.0,0.0010323074,0.0010133219,0.0010693796,0.0010917438,0.0010737849,0.0010620606,0.0,0.0010323074,0.0010133215,0.0010693796,0.0010805882,0.0,0.0010620609,0.001048386,0.0010409326,0.0010517716,0.0010576018,0.001069404,0.0,0.00106206,0.0,0.0010323074,0.0010133219,0.0010693796,0.0010805884,0.0,0.0010620608,0.001048386,0.0010409326,0.0010517716,0.0010576018,0.0010694038,0.0010737499,0.0010620605,0.0010483859,0.0010409327,0.0010517716,0.0010576018,0.0010694038,0.0,0.0,0.0,0.0010323074,0.0010133219,0.0010693796,0.0010917437,0.0010737441,0.0010620607,0.0,0.0010323074,0.0010133219,0.0010693796,0.001080588,0.001073748,0.0010620609,0.0010483859,0.0010693796,0.0,0.0010323074,0.0010133219,0.0,0.0010620607,0.0010483859,0.0010409326,0.0010517716,0.0010576018,0.0010694037,0.0,0.0010620607,0.0010483859,0.0010409326,0.0010517716,0.0010576018,0.0010694038,0.0,0.0010620605,0.001048386,0.0010409326,0.0010517716,0.0010576018,0.0010694038,0.0010737485,0.0010620607,0.0010483859,0.0010409326,0.0010517716,0.0010576018,0.001069404,0.0,0.0,0.0010483859,0.0010323074,0.0010227463,0.0010331053,0.0011086339,0.0,0.0010620607,0.0010483859,0.0010409327,0.0010517716,0.0010576018,0.0010694041,0.0010738535,0.0010620604,0.0010483856,0.0010409326,0.0010517716,0.0010576018,0.0010694038
k__Bacteria|p__Firmicutes|c__Bacilli|o__Lactobacillales|f__Enterococcaceae|g__Enterococcus|s__Enterococcus_hulanensis,0.0,0.0010623941,0.001048569,0.0010408885,0.0010513187,0.0010567493,0.001068268,0.0,0.0010623941,0.001048569,0.0010408885,0.0010513187,0.0010567493,0.001068268,0.0,0.0,0.001048586,0.0010323444,0.0010225363,0.0010324771,0.0011084396,0.0010742446,0.0,0.001048569,0.0010323322,0.0010225357,0.0010324771,0.0011084393,0.0,0.0,0.001048569,0.0010323322,0.0010225357,0.0010324771,0.0011084392,0.0010742194,0.001062394,0.001048569,0.0010408885,0.0010513187,0.0010567493,0.0010682679,0.0,0.0010623946,0.0010485692,0.0010408885,0.0010513187,0.0010567493,0.0010682687,0.0010742194,0.001062394,0.001048569,0.0010408885,0.0010513187,0.0010567493,0.001068268,0.0,0.0010623945,0.0010485697,0.0010408886,0.0010513187,0.0010567493,0.0010682686,0.0,0.0010623941,0.001048569,0.0010408885,0.0010513187,0.0010567493,0.001068268,0.0,0.0010623941,0.0,0.0010323322,0.0010131804,0.0010696441,0.0010804638,0.0,0.001062394,0.001048569,0.0010408884,0.0010513187,0.0010567493,0.0010682684,0.0,0.0,0.0,0.0010323322,0.0010131804,0.0010696441,0.0010917694,0.0010742247,0.0010623941,0.0,0.0010323322,0.0010131804,0.0010696441,0.0010804677,0.0010742663,0.0,0.0,0.0010323324,0.0010131804,0.0010696441,0.001091769,0.0010742364,0.0,0.001048569,0.0,0.001062394,0.001048569,0.0010696442,0.0010742212,0.0,0.0,0.0010323322,0.0010131804,0.0010696441,0.0010917682,0.0,0.0010623955,0.0,0.0010323322,0.0010131804,0.0010696441,0.0010804625,0.0,0.0,0.0010485706,0.0010623952,0.0,0.0010323322,0.0010623941,0.0010742431,0.0010623945,0.0,0.0010323322,0.0010131804,0.0010696441,0.0010804625,0.0,0.0,0.0010485695,0.0010323322,0.0010225357,0.0010324771,0.0011084393,0.0,0.0,0.001048569,0.0,0.001062394,0.001048569,0.0010696441,0.0,0.0010623987,0.0,0.0010623942,0.0,0.001062394,0.0010485691,0.0,0.0,0.0010485881,0.0010323353,0.0010225358,0.0010324771,0.0011084398,0.0,0.0010624308,0.0010623985,0.0010564284,0.0010671283,0.0,0.0009905196,0.0,0.0010623962,0.0010485703,0.0,0.0010623945,0.0010485695,0.001040891,0.0010742251,0.001062394,0.001048569,0.0,0.001062394,0.001048569,0.0010408894,0.0,0.0010623941,0.0010485691,0.0010408884,0.0010513187,0.0010567493,0.001068268,0.0010742191,0.001062394,0.001048569,0.0010408885,0.0010513187,0.0010567493,0.001068268,0.001074238,0.0,0.0,0.0010323322,0.0010131804,0.0010696441,0.0010917682,0.0010742223,0.0,0.001048569,0.0010323322,0.0010225357,0.0010324771,0.0011084392,0.0,0.0010623942,0.0,0.0010323322,0.0010131804,0.0010696441,0.0010804625,0.0010742313,0.0,0.001048569,0.0010323322,0.0010225357,0.0010324771,0.0011084436,0.0,0.001062394,0.001048569,0.0010408885,0.0010513187,0.0010567493,0.001068269,0.0010742196,0.001062394,0.001048569,0.0010408885,0.0010513187,0.0010567493,0.0010682679,0.0,0.0010623946,0.0010485695,0.0010408884,0.0010513187,0.0010567493,0.001068268,0.0,0.0,0.001048569,0.0010323322,0.0010225357,0.0010324771,0.0011084393,0.0010742206,0.001062394,0.0,0.0,0.0010623942,0.0010623941,0.0010564282,0.0010742467,0.0,0.0010485696,0.0,0.0010623942,0.001048569,0.0010696474,0.0010742977,0.0,0.0010623945,0.0010485695,0.0010408884,0.0,0.0010623947,0.0,0.001062394,0.0,0.0010323322,0.0010131804,0.0010696442,0.0010804672,0.0010742242,0.0,0.001048569,0.0010323322,0.0010225358,0.0010324777,0.0011084763,0.0010742351,0.0,0.0,0.0010323322,0.0010131804,0.0010696441,0.0010917682,0.0,0.0010623942,0.0010485691,0.0010408885,0.0010513187,0.0010567493,0.001068268,0.001074226,0.0010623944,0.0010485691,0.0,0.001062394,0.001048569,0.0010408896,0.0010742203,0.0,0.0010485691,0.0010323323,0.0010225357,0.0010324771,0.0011084407,0.0010742219,0.0,0.0010485691,0.0010323322,0.0010225358,0.0010324772,0.0011084405,0.0,0.0010623944,0.0010623942,0.0010564277,0.0010671285,0.0,0.0009905566,0.0010742404,0.0,0.0010485691,0.0010323322,0.0010225357,0.0010324771,0.0011084392,0.0010742232,0.0,0.0,0.0010323322,0.0010131804,0.0010696441,0.0010917693,0.0010742638,0.0010623946,0.0,0.0010323331,0.0010131805,0.0010696442,0.0010804674,0.0,0.0010623941,0.0010485695,0.0010408884,0.0010513187,0.0010567493,0.0010682679,0.0,0.0010623956,0.0,0.0010323322,0.0010131804,0.0010696441,0.0010804625,0.0,0.0010623941,0.0010485693,0.0010408884,0.0010513187,0.0010567493,0.001068268,0.0010742284,0.0010623944,0.0010485692,0.0010408888,0.0010513187,0.0010567493,0.0010682681,0.0,0.0,0.0,0.0010323322,0.0010131804,0.0010696441,0.0010917685,0.0010742189,0.001062394,0.0,0.0010323322,0.0010131804,0.0010696441,0.0010804631,0.0010742289,0.0010623941,0.001048569,0.0010696441,0.0,0.0010323322,0.0010131804,0.0,0.001062394,0.001048569,0.0010408884,0.0010513187,0.0010567493,0.0010682687,0.0,0.001062394,0.001048569,0.0010408884,0.0010513187,0.0010567493,0.0010682681,0.0,0.0010623946,0.0010485695,0.0010408884,0.0010513187,0.0010567493,0.0010682695,0.0010742245,0.001062394,0.001048569,0.0010408884,0.0010513187,0.0010567493,0.0010682682,0.0,0.0,0.001048569,0.0010323322,0.0010225357,0.0010324771,0.0011084394,0.0,0.001062394,0.001048569,0.0010408885,0.0010513187,0.0010567493,0.001068268,0.0010743979,0.0010623959,0.0010485693,0.0010408885,0.0010513187,0.0010567493,0.00106827
k__Bacteria|p__Firmicutes|c__Negativicutes|o__Veillonellales|f__Veillonellaceae|g__Veillonellaceae_unclassified|s__Veillonellaceae_bacterium,0.0,0.0010602182,0.0010465704,0.0010391964,0.0010502352,0.0010562508,0.0010682091,0.0,0.0010602182,0.0010465704,0.0010391964,0.0010502352,0.0010562508,0.0010682091,0.0,0.0,0.0010465811,0.0010305316,0.0010210447,0.0010316008,0.0011072014,0.001071887,0.0,0.0010465704,0.0010305236,0.0010210443,0.0010316008,0.0011072013,0.0,0.0,0.0010465704,0.0010305236,0.0010210443,0.0010316008,0.0011072013,0.001071878,0.0010602182,0.0010465704,0.0010391964,0.0010502352,0.0010562508,0.0010682091,0.0,0.0010602181,0.0010465706,0.0010391964,0.0010502352,0.0010562508,0.0010682095,0.0010718784,0.0010602182,0.0010465704,0.0010391964,0.0010502352,0.0010562508,0.0010682091,0.0,0.0010602183,0.0010465708,0.0010391965,0.0010502352,0.0010562508,0.0010682093,0.0,0.0010602182,0.0010465704,0.0010391964,0.0010502352,0.0010562508,0.0010682091,0.0,0.0010602182,0.0,0.0010305236,0.0010115748,0.0010675885,0.0010790023,0.0,0.0010602182,0.0010465704,0.0010391964,0.0010502352,0.0010562508,0.0010682092,0.0,0.0,0.0,0.0010305236,0.0010115748,0.0010675885,0.0010901365,0.001071879,0.0010602182,0.0,0.0010305236,0.0010115748,0.0010675885,0.0010790039,0.0010718937,0.0,0.0,0.0010305237,0.0010115748,0.0010675885,0.0010901367,0.0010718837,0.0,0.0010465704,0.0,0.0010602182,0.0010465704,0.0010675885,0.0010718786,0.0,0.0,0.0010305236,0.0010115748,0.0010675885,0.0010901367,0.0,0.0010602191,0.0,0.0010305236,0.0010115748,0.0010675885,0.0010790018,0.0,0.0,0.0010465712,0.0010602184,0.0,0.0010305236,0.0010602183,0.0010718864,0.0010602183,0.0,0.0010305234,0.0010115748,0.0010675885,0.0010790018,0.0,0.0,0.0010465707,0.0010305236,0.0010210443,0.0010316008,0.0011072016,0.0,0.0,0.0010465704,0.0,0.0010602182,0.0010465704,0.0010675885,0.0,0.0010602211,0.0,0.0010602183,0.0,0.0010602182,0.0010465705,0.0,0.0,0.0010465822,0.0010305255,0.0010210443,0.0010316008,0.0011072013,0.0,0.0010602451,0.0010602209,0.0010545477,0.0010658503,0.0,0.0009891249,0.0,0.0010602196,0.0010465712,0.0,0.0010602183,0.0010465706,0.0010391983,0.0010718798,0.0010602182,0.0010465704,0.0,0.0010602182,0.0010465704,0.001039197,0.0,0.0010602184,0.0010465705,0.0010391964,0.0010502352,0.0010562508,0.0010682092,0.001071878,0.0010602182,0.0010465704,0.0010391964,0.0010502352,0.0010562508,0.0010682091,0.0010718826,0.0,0.0,0.0010305236,0.0010115748,0.0010675885,0.0010901369,0.001071878,0.0,0.0010465704,0.0010305236,0.0010210443,0.0010316008,0.0011072013,0.0,0.0010602183,0.0,0.0010305236,0.0010115748,0.0010675885,0.0010790017,0.0010718835,0.0,0.0010465704,0.0010305236,0.0010210443,0.0010316008,0.0011072042,0.0,0.0010602182,0.0010465704,0.0010391964,0.0010502352,0.0010562508,0.0010682095,0.001071878,0.0010602182,0.0010465704,0.0010391964,0.0010502352,0.0010562508,0.0010682091,0.0,0.0010602186,0.0010465706,0.0010391964,0.0010502352,0.0010562508,0.0010682091,0.0,0.0,0.0010465704,0.0010305236,0.0010210443,0.0010316008,0.0011072014,0.0010718784,0.0010602182,0.0,0.0,0.0010602183,0.0010602182,0.0010545477,0.0010718879,0.0,0.001046571,0.0,0.0010602183,0.0010465704,0.0010675909,0.0010719114,0.0,0.0010602182,0.0010465706,0.0010391964,0.0,0.0010602183,0.0,0.0010602181,0.0,0.0010305236,0.0010115748,0.0010675883,0.0010790055,0.0010718795,0.0,0.0010465704,0.0010305236,0.0010210443,0.001031601,0.0011072117,0.0010718848,0.0,0.0,0.0010305236,0.0010115748,0.0010675885,0.0010901369,0.0,0.0010602183,0.0010465705,0.0010391964,0.0010502352,0.0010562508,0.0010682091,0.0010718716,0.0010602182,0.0010465706,0.0,0.0010602182,0.0010465704,0.0010391971,0.0010718779,0.0,0.0010465706,0.0010305237,0.0010210443,0.0010316008,0.0011072016,0.0010718789,0.0,0.0010465705,0.0010305236,0.0010210443,0.0010316008,0.0011072016,0.0,0.0010602182,0.0010602183,0.0010545474,0.0010658503,0.0,0.0009891497,0.0010718831,0.0,0.0010465706,0.0010305236,0.0010210443,0.0010316008,0.0011072013,0.0010718787,0.0,0.0,0.0010305236,0.0010115748,0.0010675885,0.0010901368,0.0010718893,0.0010602186,0.0,0.0010305243,0.0010115749,0.0010675883,0.0010790038,0.0,0.0010602183,0.0010465706,0.0010391964,0.0010502352,0.0010562508,0.0010682091,0.0,0.0010602192,0.0,0.0010305236,0.0010115748,0.0010675885,0.0010790017,0.0,0.0010602182,0.0010465707,0.0010391964,0.0010502352,0.0010562508,0.0010682092,0.001071881,0.0010602181,0.0010465706,0.0010391967,0.0010502352,0.0010562508,0.0010682093,0.0,0.0,0.0,0.0010305236,0.0010115748,0.0010675885,0.0010901374,0.001071878,0.0010602182,0.0,0.0010305236,0.0010115748,0.0010675885,0.0010790023,0.0010718822,0.0010602183,0.0010465704,0.0010675885,0.0,0.0010305236,0.0010115748,0.0,0.0010602182,0.0010465704,0.0010391966,0.0010502352,0.0010562508,0.0010682095,0.0,0.0010602182,0.0010465704,0.0010391964,0.0010502352,0.0010562508,0.0010682093,0.0,0.0010602184,0.0010465706,0.0010391964,0.0010502352,0.0010562508,0.0010682096,0.0010718787,0.0010602182,0.0010465704,0.0010391964,0.0010502352,0.0010562508,0.0010682092,0.0,0.0,0.0010465704,0.0010305236,0.0010210443,0.0010316008,0.0011072013,0.0,0.0010602182,0.0010465704,0.0010391964,0.0010502352,0.0010562508,0.0010682091,0.0010719723,0.0010602194,0.0010465706,0.0010391964,0.0010502352,0.0010562508,0.0010682098
k__Bacteria|p__Firmicutes|c__Clostridia|o__Eubacteriales|f__Eubacteriaceae|g__Eubacterium|s__Eubacterium_sp_AF22_9,0.0,0.0010585948,0.001044915,0.0010375285,0.0010485993,0.0010546368,0.0010666338,0.0,0.0010585949,0.001044915,0.0010375285,0.0010485993,0.0010546368,0.0010666335,0.0,0.0,0.0010449204,0.001028841,0.001019345,0.0010299272,0.0011057636,0.0010702991,0.0,0.001044915,0.001028837,0.0010193449,0.0010299272,0.0011057633,0.0,0.0,0.001044915,0.001028837,0.0010193449,0.0010299272,0.0011057633,0.0010702868,0.0010585948,0.001044915,0.0010375285,0.0010485993,0.0010546368,0.0010666335,0.0,0.0010585951,0.001044915,0.0010375285,0.0010485993,0.0010546368,0.0010666348,0.0010702868,0.0010585948,0.001044915,0.0010375285,0.0010485993,0.0010546368,0.0010666336,0.0,0.001058595,0.0010449156,0.0010375286,0.0010485993,0.0010546368,0.0010666342,0.0,0.0010585949,0.001044915,0.0010375285,0.0010485993,0.0010546368,0.0010666336,0.0,0.0010585949,0.0,0.001028837,0.0010098589,0.0010659876,0.0010774459,0.0,0.0010585948,0.001044915,0.0010375285,0.0010485993,0.0010546368,0.0010666341,0.0,0.0,0.0,0.001028837,0.0010098589,0.0010659876,0.0010886189,0.0010702896,0.0010585949,0.0,0.001028837,0.0010098589,0.0010659876,0.0010774474,0.0010703017,0.0,0.0,0.0010288372,0.0010098589,0.0010659876,0.0010886192,0.0010702932,0.0,0.001044915,0.0,0.0010585948,0.001044915,0.0010659876,0.0010702871,0.0,0.0,0.001028837,0.0010098589,0.0010659876,0.0010886188,0.0,0.0010585948,0.0,0.001028837,0.0010098589,0.0010659876,0.0010774446,0.0,0.0,0.0010449161,0.001058595,0.0,0.001028837,0.001058595,0.0010702927,0.0010585947,0.0,0.0010288369,0.0010098589,0.0010659876,0.0010774445,0.0,0.0,0.0010449152,0.001028837,0.0010193449,0.0010299272,0.0011057634,0.0,0.0,0.001044915,0.0,0.0010585948,0.001044915,0.0010659875,0.0,0.0010585954,0.0,0.001058595,0.0,0.0010585948,0.0010449153,0.0,0.0,0.0010449182,0.0010288372,0.0010193449,0.0010299272,0.0011057636,0.0,0.0010585923,0.0010585951,0.0010529127,0.0010642534,0.0,0.0009873871,0.0,0.0010585953,0.0010449152,0.0,0.0010585948,0.0010449149,0.0010375306,0.001070289,0.0010585948,0.001044915,0.0,0.0010585948,0.001044915,0.0010375292,0.0,0.0010585948,0.0010449152,0.0010375285,0.0010485993,0.0010546368,0.0010666338,0.0010702871,0.0010585948,0.001044915,0.0010375285,0.0010485993,0.0010546368,0.0010666336,0.0010702967,0.0,0.0,0.001028837,0.0010098589,0.0010659876,0.0010886187,0.0010702859,0.0,0.001044915,0.001028837,0.0010193449,0.0010299272,0.0011057635,0.0,0.001058595,0.0,0.001028837,0.0010098589,0.0010659876,0.0010774442,0.0010702915,0.0,0.001044915,0.001028837,0.0010193449,0.0010299272,0.001105766,0.0,0.0010585948,0.001044915,0.0010375285,0.0010485993,0.0010546368,0.0010666348,0.0010702871,0.0010585948,0.001044915,0.0010375285,0.0010485993,0.0010546368,0.0010666335,0.0,0.0010585949,0.0010449149,0.0010375285,0.0010485993,0.0010546368,0.0010666336,0.0,0.0,0.001044915,0.001028837,0.0010193449,0.0010299272,0.0011057636,0.0010702873,0.0010585948,0.0,0.0,0.001058595,0.0010585949,0.0010529131,0.0010703008,0.0,0.001044915,0.0,0.001058595,0.001044915,0.0010659908,0.0010703186,0.0,0.0010585947,0.0010449149,0.0010375285,0.0,0.0010585953,0.0,0.0010585948,0.0,0.001028837,0.0010098589,0.0010659876,0.00107745,0.0010702894,0.0,0.001044915,0.001028837,0.0010193449,0.0010299275,0.0011057815,0.0010702938,0.0,0.0,0.001028837,0.0010098589,0.0010659876,0.0010886185,0.0,0.001058595,0.0010449152,0.0010375285,0.0010485993,0.0010546368,0.0010666335,0.0010702995,0.0010585949,0.0010449153,0.0,0.0010585949,0.001044915,0.0010375291,0.0010702866,0.0,0.0010449153,0.0010288372,0.0010193449,0.0010299272,0.0011057648,0.0010702877,0.0,0.0010449152,0.0010288369,0.0010193449,0.0010299272,0.0011057644,0.0,0.0010585947,0.0010585948,0.0010529127,0.0010642533,0.0,0.0009874196,0.0010702924,0.0,0.0010449149,0.001028837,0.0010193449,0.0010299272,0.0011057633,0.0010702878,0.0,0.0,0.001028837,0.0010098589,0.0010659876,0.0010886193,0.0010703079,0.0010585947,0.0,0.0010288373,0.001009859,0.0010659874,0.0010774487,0.0,0.0010585949,0.0010449149,0.0010375285,0.0010485993,0.0010546368,0.0010666335,0.0,0.0010585953,0.0,0.001028837,0.0010098589,0.0010659876,0.0010774442,0.0,0.0010585949,0.0010449152,0.0010375285,0.0010485993,0.0010546368,0.0010666336,0.0010702905,0.0010585946,0.001044915,0.0010375286,0.0010485993,0.0010546368,0.001066634,0.0,0.0,0.0,0.001028837,0.0010098589,0.0010659876,0.0010886191,0.0010702866,0.0010585948,0.0,0.001028837,0.0010098589,0.0010659876,0.0010774449,0.0010702909,0.0010585949,0.001044915,0.0010659876,0.0,0.001028837,0.0010098593,0.0,0.0010585948,0.001044915,0.0010375285,0.0010485993,0.0010546368,0.0010666344,0.0,0.0010585948,0.001044915,0.0010375285,0.0010485993,0.0010546368,0.0010666336,0.0,0.0010585947,0.0010449149,0.0010375285,0.0010485993,0.0010546368,0.0010666351,0.0010702863,0.0010585948,0.001044915,0.0010375285,0.0010485993,0.0010546368,0.0010666341,0.0,0.0,0.001044915,0.001028837,0.0010193449,0.0010299272,0.0011057637,0.0,0.0010585948,0.001044915,0.0010375285,0.0010485993,0.0010546368,0.0010666336,0.0010703868,0.0010585951,0.001044915,0.0010375284,0.0010485993,0.0010546368,0.0010666356
k__Bacteria|p__Firmicutes|c__Clostridia|o__Eubacteriales|f__Eubacteriaceae|g__Eubacteriaceae_unclassified|s__Eubacteriaceae_bacterium,0.0,0.0010585919,0.0010448938,0.0010374803,0.001048504,0.0010544952,0.0010664598,0.0,0.0010585921,0.0010448938,0.0010374803,0.001048504,0.0010544952,0.0010664596,0.0,0.0,0.0010449116,0.0010288068,0.0010192774,0.0010298102,0.0011057043,0.0010703678,0.0,0.0010448938,0.0010287965,0.0010192764,0.0010298102,0.0011057034,0.0,0.0,0.001044894,0.0010287965,0.0010192764,0.0010298102,0.0011057033,0.0010703021,0.001058592,0.0010448938,0.0010374803,0.001048504,0.0010544952,0.0010664596,0.0,0.0010585933,0.0010448942,0.0010374803,0.001048504,0.0010544952,0.0010664605,0.0010703019,0.001058592,0.0010448938,0.0010374803,0.001048504,0.0010544952,0.0010664599,0.0,0.0010585922,0.0010448949,0.0010374807,0.001048504,0.0010544952,0.0010664607,0.0,0.0010585921,0.0010448938,0.0010374803,0.001048504,0.0010544952,0.0010664596,0.0,0.0010585921,0.0,0.0010287965,0.0010097983,0.0010659772,0.001077392,0.0,0.001058592,0.0010448938,0.0010374803,0.001048504,0.0010544952,0.0010664604,0.0,0.0,0.0,0.0010287965,0.0010097983,0.0010659774,0.0010885857,0.0010703221,0.0010585921,0.0,0.0010287965,0.0010097983,0.0010659772,0.0010774019,0.0010704614,0.0,0.0,0.0010287967,0.0010097983,0.0010659772,0.0010885844,0.0010703529,0.0,0.0010448938,0.0,0.001058592,0.0010448938,0.0010659774,0.0010703087,0.0,0.0,0.0010287965,0.0010097983,0.0010659772,0.0010885824,0.0,0.0010585941,0.0,0.0010287965,0.0010097983,0.0010659772,0.00107739,0.0,0.0,0.0010448952,0.0010585944,0.0,0.0010287965,0.0010585925,0.0010703435,0.0010585922,0.0,0.0010287965,0.0010097983,0.0010659772,0.0010773897,0.0,0.0,0.0010448941,0.0010287965,0.0010192764,0.0010298102,0.0011057041,0.0,0.0,0.0010448938,0.0,0.001058592,0.0010448938,0.0010659775,0.0,0.001058595,0.0,0.0010585922,0.0,0.001058592,0.0010448941,0.0,0.0,0.0010449147,0.0010287995,0.0010192766,0.0010298102,0.0011057042,0.0,0.0010586436,0.0010585974,0.0010528846,0.0010641788,0.0,0.0009873116,0.0,0.0010585953,0.001044895,0.0,0.0010585922,0.0010448941,0.0010374839,0.0010703123,0.001058592,0.0010448938,0.0,0.001058592,0.0010448938,0.001037482,0.0,0.0010585921,0.0010448941,0.0010374803,0.001048504,0.0010544952,0.0010664596,0.0010703019,0.001058592,0.0010448938,0.0010374803,0.001048504,0.0010544952,0.0010664596,0.0010703652,0.0,0.0,0.0010287965,0.0010097983,0.0010659772,0.0010885822,0.0010703157,0.0,0.0010448938,0.0010287965,0.0010192764,0.0010298102,0.001105704,0.0,0.0010585922,0.0,0.0010287965,0.0010097983,0.0010659772,0.0010773895,0.0010703324,0.0,0.0010448938,0.0010287965,0.0010192764,0.0010298102,0.0011057156,0.0,0.001058592,0.0010448938,0.0010374803,0.001048504,0.0010544952,0.0010664621,0.0010703037,0.001058592,0.0010448938,0.0010374803,0.001048504,0.0010544952,0.0010664596,0.0,0.0010585926,0.0010448941,0.0010374803,0.001048504,0.0010544952,0.0010664598,0.0,0.0,0.0010448938,0.0010287965,0.0010192764,0.0010298102,0.0011057038,0.0010703066,0.001058592,0.0,0.0,0.0010585922,0.0010585921,0.0010528849,0.0010703715,0.0,0.0010448939,0.0,0.0010585922,0.0010448938,0.0010659813,0.0010705335,0.0,0.0010585922,0.0010448941,0.0010374803,0.0,0.0010585932,0.0,0.001058592,0.0,0.0010287965,0.0010097983,0.0010659774,0.0010773971,0.0010703135,0.0,0.0010448938,0.0010287965,0.0010192766,0.0010298113,0.001105796,0.0010703282,0.0,0.0,0.0010287965,0.0010097983,0.0010659772,0.0010885822,0.0,0.0010585922,0.0010448939,0.0010374803,0.001048504,0.0010544952,0.0010664596,0.0010703361,0.0010585921,0.0010448939,0.0,0.001058592,0.0010448938,0.0010374822,0.0010703083,0.0,0.0010448941,0.0010287969,0.0010192764,0.0010298102,0.0011057066,0.001070309,0.0,0.0010448941,0.0010287965,0.0010192766,0.0010298104,0.001105707,0.0,0.0010585921,0.0010585922,0.0010528842,0.0010641789,0.0,0.0009873556,0.0010703807,0.0,0.0010448941,0.0010287965,0.0010192764,0.0010298102,0.0011057033,0.0010703116,0.0,0.0,0.0010287965,0.0010097983,0.0010659772,0.0010885845,0.001070447,0.0010585937,0.0,0.0010287979,0.0010097988,0.0010659774,0.0010774012,0.0,0.0010585921,0.0010448939,0.0010374803,0.001048504,0.0010544952,0.0010664596,0.0,0.0010585928,0.0,0.0010287965,0.0010097983,0.0010659772,0.0010773895,0.0,0.0010585922,0.0010448941,0.0010374803,0.001048504,0.0010544952,0.0010664597,0.0010703315,0.0010585921,0.0010448942,0.0010374807,0.001048504,0.0010544952,0.00106646,0.0,0.0,0.0,0.0010287965,0.0010097983,0.0010659772,0.0010885829,0.0010703014,0.001058592,0.0,0.0010287965,0.0010097983,0.0010659772,0.0010773912,0.0010703234,0.0010585921,0.0010448938,0.0010659772,0.0,0.0010287965,0.0010097985,0.0,0.001058592,0.0010448938,0.0010374803,0.001048504,0.0010544952,0.0010664606,0.0,0.001058592,0.0010448938,0.0010374803,0.001048504,0.0010544952,0.0010664599,0.0,0.001058593,0.0010448939,0.0010374803,0.001048504,0.0010544952,0.0010664623,0.0010703225,0.001058592,0.0010448938,0.0010374803,0.001048504,0.0010544952,0.0010664605,0.0,0.0,0.0010448938,0.0010287965,0.0010192764,0.0010298102,0.0011057041,0.0,0.001058592,0.0010448938,0.0010374803,0.001048504,0.0010544952,0.0010664596,0.0010705928,0.0010585939,0.0010448942,0.0010374802,0.001048504,0.0010544952,0.0010664631
k__Bacteria|p__Firmicutes|c__Clostridia|o__Eubacteriales|f__Eubacteriaceae|g__Eubacteriaceae_unclassified|s__Eubacteriaceae_bacterium_CHKCI004,0.0,0.00105898,0.0010456172,0.0010386884,0.0010505479,0.0010573632,0.0010698983,0.0,0.0010589799,0.0010456172,0.0010386884,0.0010505479,0.0010573632,0.0010698983,0.0,0.0,0.0010456381,0.0010298865,0.0010208554,0.0010322465,0.0011070749,0.0010704461,0.0,0.0010456172,0.0010298725,0.0010208542,0.0010322465,0.0011070739,0.0,0.0,0.0010456172,0.0010298725,0.0010208542,0.0010322465,0.0011070739,0.0010703729,0.0010589798,0.0010456172,0.0010386884,0.0010505479,0.0010573632,0.0010698979,0.0,0.0010589808,0.0010456176,0.0010386884,0.0010505479,0.0010573632,0.0010698986,0.0010703728,0.0010589798,0.0010456172,0.0010386884,0.0010505479,0.0010573632,0.0010698983,0.0,0.0010589802,0.0010456183,0.0010386887,0.0010505479,0.0010573632,0.0010698991,0.0,0.0010589799,0.0010456172,0.0010386884,0.0010505479,0.0010573632,0.0010698983,0.0,0.0010589799,0.0,0.0010298725,0.0010112419,0.001066494,0.0010786976,0.0,0.0010589798,0.0010456172,0.0010386884,0.0010505479,0.0010573632,0.0010698991,0.0,0.0,0.0,0.0010298725,0.0010112419,0.001066494,0.0010895497,0.001070393,0.0010589799,0.0,0.0010298725,0.0010112419,0.001066494,0.0010787065,0.0010705164,0.0,0.0,0.0010298728,0.0010112419,0.001066494,0.0010895485,0.0010704229,0.0,0.0010456172,0.0,0.0010589798,0.0010456172,0.0010664943,0.0010703792,0.0,0.0,0.0010298725,0.0010112419,0.001066494,0.001089547,0.0,0.0010589821,0.0,0.0010298725,0.0010112419,0.001066494,0.0010786959,0.0,0.0,0.0010456189,0.0010589816,0.0,0.0010298725,0.0010589801,0.001070419,0.0010589802,0.0,0.0010298727,0.0010112419,0.001066494,0.0010786952,0.0,0.0,0.0010456176,0.0010298725,0.0010208542,0.0010322465,0.0011070742,0.0,0.0,0.0010456172,0.0,0.0010589798,0.0010456172,0.0010664942,0.0,0.001058986,0.0,0.0010589799,0.0,0.0010589798,0.0010456175,0.0,0.0,0.0010456427,0.0010298768,0.0010208545,0.0010322467,0.001107075,0.0,0.0010590382,0.0010589863,0.0010537386,0.001065845,0.0,0.000989134,0.0,0.0010589837,0.0010456189,0.0,0.0010589802,0.0010456176,0.0010386918,0.0010703858,0.0010589798,0.0010456172,0.0,0.0010589798,0.0010456172,0.00103869,0.0,0.0010589802,0.0010456173,0.0010386884,0.0010505479,0.0010573632,0.0010698983,0.0010703725,0.0010589798,0.0010456172,0.0010386884,0.0010505479,0.0010573632,0.0010698983,0.0010704278,0.0,0.0,0.0010298725,0.0010112419,0.001066494,0.0010895466,0.0010703835,0.0,0.0010456172,0.0010298725,0.0010208542,0.0010322465,0.001107074,0.0,0.0010589799,0.0,0.0010298725,0.0010112419,0.001066494,0.0010786951,0.0010704063,0.0,0.0010456172,0.0010298725,0.0010208542,0.0010322467,0.001107084,0.0,0.0010589798,0.0010456172,0.0010386884,0.0010505479,0.0010573632,0.0010699003,0.0010703746,0.0010589798,0.0010456172,0.0010386884,0.0010505479,0.0010573632,0.0010698979,0.0,0.0010589807,0.0010456176,0.0010386884,0.0010505479,0.0010573632,0.0010698983,0.0,0.0,0.0010456172,0.0010298725,0.0010208542,0.0010322465,0.0011070741,0.0010703783,0.0010589798,0.0,0.0,0.0010589799,0.0010589799,0.0010537383,0.0010704498,0.0,0.0010456177,0.0,0.0010589799,0.0010456172,0.0010664979,0.0010705934,0.0,0.0010589801,0.0010456176,0.0010386886,0.0,0.0010589809,0.0,0.0010589797,0.0,0.0010298725,0.0010112419,0.0010664939,0.001078702,0.0010703844,0.0,0.0010456172,0.0010298725,0.0010208545,0.0010322473,0.0011071522,0.001070403,0.0,0.0,0.0010298725,0.0010112419,0.001066494,0.0010895465,0.0,0.0010589799,0.0010456173,0.0010386884,0.0010505479,0.0010573632,0.0010698983,0.0010704264,0.00105898,0.0010456173,0.0,0.0010589798,0.0010456172,0.00103869,0.0010703782,0.0,0.0010456176,0.0010298728,0.0010208542,0.0010322465,0.0011070766,0.0010703807,0.0,0.0010456173,0.0010298727,0.0010208545,0.001032247,0.0011070762,0.0,0.0010589801,0.0010589802,0.001053738,0.0010658451,0.0,0.0009891808,0.0010704447,0.0,0.0010456176,0.0010298725,0.0010208542,0.0010322465,0.0011070739,0.0010703839,0.0,0.0,0.0010298725,0.0010112419,0.001066494,0.0010895489,0.001070506,0.0010589813,0.0,0.0010298741,0.001011242,0.0010664944,0.0010787057,0.0,0.0010589798,0.0010456173,0.0010386884,0.0010505479,0.0010573632,0.0010698981,0.0,0.0010589816,0.0,0.0010298725,0.0010112419,0.001066494,0.0010786951,0.0,0.0010589799,0.0010456176,0.0010386884,0.0010505479,0.0010573632,0.0010698984,0.0010704009,0.00105898,0.0010456175,0.0010386887,0.0010505479,0.0010573632,0.0010698986,0.0,0.0,0.0,0.0010298725,0.0010112419,0.001066494,0.001089547,0.0010703721,0.0010589798,0.0,0.0010298725,0.0010112419,0.001066494,0.0010786967,0.0010703977,0.0010589798,0.0010456172,0.001066494,0.0,0.0010298725,0.0010112422,0.0,0.0010589798,0.0010456172,0.0010386886,0.0010505479,0.0010573632,0.0010698992,0.0,0.0010589798,0.0010456172,0.0010386886,0.0010505479,0.0010573632,0.0010698986,0.0,0.0010589808,0.0010456173,0.0010386884,0.0010505479,0.0010573632,0.0010699006,0.0010703914,0.0010589798,0.0010456172,0.0010386884,0.0010505479,0.0010573632,0.0010698988,0.0,0.0,0.0010456172,0.0010298725,0.0010208542,0.0010322465,0.0011070742,0.0,0.0010589798,0.0010456172,0.0010386884,0.0010505479,0.0010573632,0.0010698983,0.0010707617,0.0010589825,0.0010456175,0.0010386886,0.0010505479,0.0010573632,0.001069902
k__Bacteria|p__Firmicutes|c__Clostridia|o__Eubacteriales|f__Clostridiaceae|g__Massilioclostridium|s__Massilioclostridium_coli,0.0,0.0010602457,0.0010465413,0.0010390833,0.0010499745,0.0010558452,0.0010677017,0.0,0.0010602458,0.0010465413,0.0010390833,0.0010499745,0.0010558452,0.0010677016,0.0,0.0,0.0010465531,0.001030444,0.0010208692,0.0010312737,0.0011070468,0.0010719796,0.0,0.0010465413,0.0010304347,0.0010208685,0.0010312737,0.0011070465,0.0,0.0,0.0010465413,0.0010304347,0.0010208685,0.0010312737,0.0011070466,0.0010719593,0.0010602458,0.0010465413,0.0010390833,0.0010499745,0.0010558452,0.0010677015,0.0,0.0010602459,0.0010465414,0.0010390833,0.0010499745,0.0010558452,0.0010677018,0.0010719596,0.0010602458,0.0010465413,0.0010390833,0.0010499745,0.0010558452,0.0010677016,0.0,0.0010602459,0.0010465414,0.0010390836,0.0010499745,0.0010558452,0.0010677022,0.0,0.0010602458,0.0010465413,0.0010390833,0.0010499745,0.0010558452,0.0010677016,0.0,0.0010602458,0.0,0.0010304347,0.0010114232,0.0010675922,0.0010788663,0.0,0.0010602458,0.0010465413,0.0010390833,0.0010499745,0.0010558452,0.0010677021,0.0,0.0,0.0,0.0010304347,0.0010114232,0.0010675922,0.0010900593,0.0010719643,0.0010602458,0.0,0.0010304347,0.0010114232,0.0010675922,0.0010788689,0.0010719878,0.0,0.0,0.0010304347,0.0010114232,0.0010675922,0.0010900586,0.0010719713,0.0,0.0010465413,0.0,0.0010602458,0.0010465413,0.0010675923,0.0010719608,0.0,0.0,0.0010304347,0.0010114232,0.0010675922,0.0010900577,0.0,0.0010602467,0.0,0.0010304347,0.0010114232,0.0010675922,0.0010788654,0.0,0.0,0.0010465421,0.001060246,0.0,0.0010304347,0.0010602456,0.0010719763,0.0010602459,0.0,0.0010304346,0.0010114232,0.0010675922,0.0010788653,0.0,0.0,0.0010465415,0.0010304347,0.0010208685,0.0010312737,0.0011070466,0.0,0.0,0.0010465413,0.0,0.0010602458,0.0010465413,0.0010675922,0.0,0.0010602495,0.0,0.0010602459,0.0,0.0010602458,0.0010465414,0.0,0.0,0.0010465563,0.0010304368,0.0010208685,0.0010312737,0.001107047,0.0,0.0010602748,0.0010602486,0.0010544946,0.0010656532,0.0,0.0009889114,0.0,0.0010602474,0.001046542,0.0,0.0010602459,0.0010465414,0.001039085,0.0010719646,0.0010602458,0.0010465413,0.0,0.0010602458,0.0010465413,0.0010390839,0.0,0.0010602459,0.0010465414,0.0010390833,0.0010499745,0.0010558452,0.0010677017,0.0010719595,0.0010602458,0.0010465413,0.0010390833,0.0010499745,0.0010558452,0.0010677016,0.00107197,0.0,0.0,0.0010304347,0.0010114232,0.0010675922,0.0010900575,0.0010719603,0.0,0.0010465413,0.0010304347,0.0010208685,0.0010312737,0.0011070466,0.0,0.0010602459,0.0,0.0010304347,0.0010114232,0.0010675922,0.0010788651,0.0010719688,0.0,0.0010465413,0.0010304347,0.0010208685,0.0010312737,0.0011070503,0.0,0.0010602458,0.0010465413,0.0010390833,0.0010499745,0.0010558452,0.0010677024,0.0010719597,0.0010602458,0.0010465413,0.0010390833,0.0010499745,0.0010558452,0.0010677015,0.0,0.0010602463,0.0010465414,0.0010390833,0.0010499745,0.0010558452,0.0010677017,0.0,0.0,0.0010465413,0.0010304347,0.0010208685,0.0010312737,0.0011070467,0.0010719612,0.0010602458,0.0,0.0,0.0010602459,0.0010602458,0.0010544948,0.0010719835,0.0,0.0010465416,0.0,0.0010602459,0.0010465413,0.0010675943,0.0010720106,0.0,0.0010602458,0.0010465414,0.0010390833,0.0,0.001060246,0.0,0.0010602457,0.0,0.0010304347,0.0010114232,0.0010675923,0.0010788669,0.0010719625,0.0,0.0010465413,0.0010304347,0.0010208685,0.0010312737,0.0011070793,0.0010719714,0.0,0.0,0.0010304347,0.0010114232,0.0010675922,0.0010900577,0.0,0.0010602459,0.0010465414,0.0010390833,0.0010499745,0.0010558452,0.0010677016,0.0010719829,0.0010602458,0.0010465414,0.0,0.0010602457,0.0010465413,0.001039084,0.0010719603,0.0,0.0010465414,0.0010304347,0.0010208685,0.0010312737,0.0011070479,0.0010719617,0.0,0.0010465414,0.0010304347,0.0010208685,0.0010312737,0.0011070467,0.0,0.0010602458,0.0010602458,0.0010544944,0.001065653,0.0,0.0009889483,0.0010719744,0.0,0.0010465414,0.0010304347,0.0010208685,0.0010312737,0.0011070466,0.0010719636,0.0,0.0,0.0010304347,0.0010114232,0.0010675922,0.0010900588,0.0010719841,0.0010602458,0.0,0.0010304353,0.0010114234,0.0010675922,0.0010788697,0.0,0.0010602458,0.0010465414,0.0010390833,0.0010499745,0.0010558452,0.0010677015,0.0,0.0010602468,0.0,0.0010304347,0.0010114232,0.0010675922,0.0010788651,0.0,0.0010602458,0.0010465415,0.0010390833,0.0010499745,0.0010558452,0.0010677016,0.0010719649,0.0010602457,0.0010465414,0.0010390835,0.0010499745,0.0010558452,0.0010677018,0.0,0.0,0.0,0.0010304347,0.0010114232,0.0010675922,0.001090058,0.001071959,0.0010602458,0.0,0.0010304347,0.0010114232,0.0010675922,0.0010788656,0.0010719678,0.0010602458,0.0010465413,0.0010675922,0.0,0.0010304347,0.0010114233,0.0,0.0010602458,0.0010465413,0.0010390833,0.0010499745,0.0010558452,0.0010677021,0.0,0.0010602458,0.0010465413,0.0010390833,0.0010499745,0.0010558452,0.0010677021,0.0,0.001060246,0.0010465414,0.0010390833,0.0010499745,0.0010558452,0.0010677028,0.0010719626,0.0010602458,0.0010465413,0.0010390833,0.0010499745,0.0010558452,0.0010677018,0.0,0.0,0.0010465413,0.0010304347,0.0010208685,0.0010312737,0.0011070465,0.0,0.0010602458,0.0010465413,0.0010390833,0.0010499745,0.0010558452,0.0010677016,0.0010721305,0.0010602471,0.0010465414,0.0010390833,0.0010499745,0.0010558452,0.0010677036
k__Bacteria|p__Firmicutes|c__Clostridia|o__Eubacteriales|f__Clostridiaceae|g__Clostridium|s__Clostridium_transplantifaecale,0.0,0.0010623451,0.0010486121,0.0010410673,0.0010517369,0.0010574021,0.0010690857,0.0,0.0010623451,0.0010486121,0.0010410673,0.0010517369,0.0010574021,0.0010690853,0.0,0.0,0.0010486303,0.0010324862,0.001022817,0.0010330026,0.001108687,0.0010741171,0.0,0.0010486121,0.0010324719,0.0010228162,0.0010330026,0.0011086863,0.0,0.0,0.0010486121,0.0010324719,0.0010228162,0.0010330026,0.0011086863,0.0010740837,0.0010623451,0.0010486121,0.0010410673,0.0010517369,0.0010574021,0.0010690853,0.0,0.0010623459,0.0010486124,0.0010410673,0.0010517369,0.0010574021,0.0010690859,0.0010740837,0.0010623451,0.0010486121,0.0010410673,0.0010517369,0.0010574021,0.0010690856,0.0,0.0010623456,0.0010486128,0.0010410674,0.0010517369,0.0010574021,0.0010690861,0.0,0.0010623451,0.0010486121,0.0010410673,0.0010517369,0.0010574021,0.0010690853,0.0,0.0010623451,0.0,0.0010324719,0.0010134213,0.001069634,0.0010806819,0.0,0.0010623451,0.0010486121,0.0010410673,0.0010517369,0.0010574021,0.0010690861,0.0,0.0,0.0,0.0010324719,0.0010134213,0.001069634,0.0010918952,0.0010740919,0.0010623451,0.0,0.0010324719,0.0010134213,0.001069634,0.0010806872,0.0010741315,0.0,0.0,0.0010324719,0.0010134213,0.001069634,0.0010918943,0.0010741043,0.0,0.0010486121,0.0,0.0010623451,0.0010486121,0.001069634,0.001074086,0.0,0.0,0.0010324719,0.0010134213,0.001069634,0.0010918925,0.0,0.0010623466,0.0,0.0010324719,0.0010134213,0.001069634,0.00108068,0.0,0.0,0.0010486138,0.001062346,0.0,0.0010324719,0.0010623452,0.0010741089,0.0010623456,0.0,0.0010324718,0.0010134213,0.001069634,0.0010806798,0.0,0.0,0.0010486123,0.0010324719,0.0010228162,0.0010330026,0.0011086868,0.0,0.0,0.0010486121,0.0,0.0010623451,0.0010486121,0.001069634,0.0,0.0010623513,0.0,0.0010623452,0.0,0.0010623451,0.0010486122,0.0,0.0,0.0010486338,0.0010324753,0.001022816,0.0010330026,0.0011086875,0.0,0.0010623873,0.0010623499,0.00105651,0.0010674435,0.0,0.0009908688,0.0,0.001062348,0.0010486132,0.0,0.0010623456,0.0010486122,0.0010410706,0.0010740915,0.0010623451,0.0010486121,0.0,0.0010623451,0.0010486121,0.0010410686,0.0,0.0010623453,0.0010486122,0.0010410673,0.0010517369,0.0010574021,0.0010690857,0.0010740837,0.0010623451,0.0010486121,0.0010410673,0.0010517369,0.0010574021,0.0010690853,0.0010741054,0.0,0.0,0.0010324719,0.0010134213,0.001069634,0.0010918924,0.0010740852,0.0,0.0010486121,0.0010324719,0.0010228162,0.0010330026,0.0011086867,0.0,0.0010623452,0.0,0.0010324719,0.0010134213,0.001069634,0.0010806796,0.0010740991,0.0,0.0010486121,0.0010324719,0.0010228162,0.0010330026,0.0011086949,0.0,0.0010623451,0.0010486121,0.0010410673,0.0010517369,0.0010574021,0.0010690872,0.0010740842,0.0010623451,0.0010486121,0.0010410673,0.0010517369,0.0010574021,0.0010690853,0.0,0.001062346,0.0010486122,0.0010410673,0.0010517369,0.0010574021,0.0010690857,0.0,0.0,0.0010486121,0.0010324719,0.0010228162,0.0010330026,0.0011086864,0.0010740862,0.0010623451,0.0,0.0,0.0010623452,0.0010623451,0.0010565103,0.0010741217,0.0,0.0010486128,0.0,0.0010623452,0.0010486121,0.0010696386,0.0010741666,0.0,0.0010623452,0.0010486122,0.0010410673,0.0,0.001062346,0.0,0.001062345,0.0,0.0010324719,0.0010134213,0.0010696341,0.0010806847,0.0010740893,0.0,0.0010486121,0.0010324719,0.001022816,0.0010330032,0.0011087464,0.0010741034,0.0,0.0,0.0010324719,0.0010134213,0.001069634,0.0010918925,0.0,0.0010623452,0.0010486122,0.0010410673,0.0010517369,0.0010574021,0.0010690853,0.0010741071,0.0010623452,0.0010486122,0.0,0.0010623451,0.0010486121,0.0010410685,0.0010740849,0.0,0.0010486122,0.0010324722,0.0010228162,0.0010330026,0.0011086892,0.0010740877,0.0,0.0010486122,0.0010324718,0.001022816,0.0010330026,0.0011086881,0.0,0.0010623452,0.0010623453,0.0010565094,0.0010674438,0.0,0.0009909195,0.0010741097,0.0,0.0010486122,0.0010324719,0.0010228162,0.0010330026,0.0011086863,0.0010740898,0.0,0.0,0.0010324719,0.0010134213,0.001069634,0.0010918945,0.0010741273,0.0010623455,0.0,0.001032473,0.0010134216,0.001069634,0.0010806884,0.0,0.0010623452,0.0010486122,0.0010410673,0.0010517369,0.0010574021,0.0010690853,0.0,0.0010623471,0.0,0.0010324719,0.0010134213,0.001069634,0.0010806796,0.0,0.0010623452,0.0010486123,0.0010410673,0.0010517369,0.0010574021,0.0010690856,0.0010740947,0.0010623451,0.0010486122,0.0010410679,0.0010517369,0.0010574021,0.0010690858,0.0,0.0,0.0,0.0010324719,0.0010134213,0.001069634,0.0010918931,0.0010740831,0.0010623451,0.0,0.0010324719,0.0010134213,0.001069634,0.0010806805,0.0010740983,0.0010623452,0.0010486121,0.001069634,0.0,0.0010324719,0.0010134215,0.0,0.0010623451,0.0010486121,0.0010410673,0.0010517369,0.0010574021,0.0010690865,0.0,0.0010623451,0.0010486121,0.0010410673,0.0010517369,0.0010574021,0.0010690857,0.0,0.0010623456,0.0010486122,0.0010410673,0.0010517369,0.0010574021,0.0010690874,0.001074089,0.0010623451,0.0010486121,0.0010410673,0.0010517369,0.0010574021,0.0010690858,0.0,0.0,0.0010486121,0.0010324719,0.0010228162,0.0010330026,0.0011086866,0.0,0.0010623451,0.0010486121,0.0010410673,0.0010517369,0.0010574021,0.0010690853,0.0010743173,0.0010623473,0.0010486124,0.0010410674,0.0010517369,0.0010574021,0.0010690887
k__Bacteria|p__Firmicutes|c__Clostridia|o__Eubacteriales|f__Lachnospiraceae|g__GGB3385|s__GGB3385_SGB4471,0.0,0.0010614889,0.0010478704,0.0010405121,0.0010515362,0.0010575447,0.0010694803,0.0,0.0010614889,0.0010478704,0.0010405121,0.0010515362,0.0010575447,0.0010694802,0.0,0.0,0.0010478907,0.0010318672,0.0010223903,0.0010329359,0.0011083406,0.0010731476,0.0,0.0010478704,0.0010318523,0.0010223893,0.0010329359,0.0011083396,0.0,0.0,0.0010478704,0.0010318523,0.0010223893,0.0010329359,0.0011083393,0.0010731203,0.0010614889,0.0010478704,0.0010405121,0.0010515362,0.0010575447,0.0010694802,0.0,0.0010614897,0.0010478707,0.0010405121,0.0010515362,0.0010575447,0.0010694811,0.0010731203,0.0010614889,0.0010478704,0.0010405121,0.0010515362,0.0010575447,0.0010694803,0.0,0.0010614893,0.0010478712,0.0010405122,0.0010515362,0.0010575447,0.0010694811,0.0,0.0010614889,0.0010478704,0.0010405121,0.0010515362,0.0010575447,0.0010694803,0.0,0.0010614889,0.0,0.0010318523,0.0010129305,0.0010688433,0.0010802353,0.0,0.0010614889,0.0010478704,0.0010405121,0.0010515362,0.0010575451,0.0010694813,0.0,0.0,0.0,0.0010318523,0.0010129305,0.0010688433,0.0010913366,0.0010731271,0.0010614889,0.0,0.0010318523,0.0010129305,0.0010688433,0.0010802428,0.0010731654,0.0,0.0,0.0010318522,0.0010129305,0.0010688433,0.0010913357,0.001073138,0.0,0.0010478704,0.0,0.0010614889,0.0010478704,0.0010688435,0.0010731227,0.0,0.0,0.0010318523,0.0010129305,0.0010688433,0.0010913332,0.0,0.0010614906,0.0,0.0010318523,0.0010129305,0.0010688433,0.001080233,0.0,0.0,0.0010478721,0.0010614899,0.0,0.0010318523,0.0010614893,0.0010731458,0.0010614893,0.0,0.0010318522,0.0010129305,0.0010688433,0.0010802324,0.0,0.0,0.0010478707,0.0010318523,0.0010223893,0.0010329359,0.00110834,0.0,0.0,0.0010478704,0.0,0.0010614889,0.0010478704,0.0010688434,0.0,0.0010614953,0.0,0.001061489,0.0,0.0010614889,0.0010478707,0.0,0.0,0.001047892,0.0010318558,0.0010223894,0.0010329359,0.0011083407,0.0,0.0010615385,0.0010614945,0.0010558335,0.001067116,0.0,0.0009905173,0.0,0.0010614919,0.0010478719,0.0,0.0010614895,0.0010478704,0.001040516,0.0010731271,0.0010614889,0.0010478704,0.0,0.0010614889,0.0010478704,0.0010405137,0.0,0.0010614891,0.0010478705,0.0010405121,0.0010515362,0.0010575447,0.0010694801,0.0010731203,0.0010614889,0.0010478704,0.0010405121,0.0010515362,0.0010575447,0.0010694803,0.0010731403,0.0,0.0,0.0010318523,0.0010129305,0.0010688433,0.0010913329,0.0010731228,0.0,0.0010478704,0.0010318523,0.0010223893,0.0010329359,0.0011083399,0.0,0.001061489,0.0,0.0010318523,0.0010129305,0.0010688433,0.0010802324,0.0010731354,0.0,0.0010478704,0.0010318523,0.0010223893,0.0010329359,0.0011083508,0.0,0.0010614889,0.0010478704,0.0010405121,0.0010515362,0.0010575447,0.0010694825,0.0010731205,0.0010614889,0.0010478704,0.0010405121,0.0010515362,0.0010575447,0.0010694802,0.0,0.0010614897,0.0010478707,0.0010405121,0.0010515362,0.0010575447,0.0010694803,0.0,0.0,0.0010478704,0.0010318523,0.0010223893,0.0010329359,0.0011083396,0.0010731221,0.0010614889,0.0,0.0,0.001061489,0.0010614889,0.001055834,0.0010731535,0.0,0.001047871,0.0,0.001061489,0.0010478704,0.0010688485,0.0010731962,0.0,0.0010614891,0.0010478704,0.0010405121,0.0,0.0010614899,0.0,0.0010614888,0.0,0.0010318523,0.0010129305,0.0010688434,0.0010802408,0.0010731253,0.0,0.0010478704,0.0010318523,0.0010223894,0.0010329362,0.0011084276,0.0010731382,0.0,0.0,0.0010318523,0.0010129305,0.0010688433,0.0010913326,0.0,0.001061489,0.0010478705,0.0010405121,0.0010515362,0.0010575447,0.0010694802,0.0010731287,0.001061489,0.0010478704,0.0,0.001061489,0.0010478704,0.0010405135,0.0010731214,0.0,0.0010478704,0.0010318522,0.0010223893,0.0010329359,0.0011083436,0.001073124,0.0,0.0010478705,0.0010318522,0.0010223894,0.0010329359,0.0011083423,0.0,0.001061489,0.0010614891,0.0010558328,0.0010671163,0.0,0.000990576,0.0010731447,0.0,0.0010478704,0.0010318523,0.0010223893,0.0010329359,0.0011083393,0.0010731261,0.0,0.0,0.0010318523,0.0010129305,0.0010688433,0.0010913358,0.0010731579,0.0010614896,0.0,0.0010318534,0.0010129308,0.0010688435,0.0010802436,0.0,0.001061489,0.0010478704,0.0010405121,0.0010515362,0.0010575447,0.0010694802,0.0,0.0010614909,0.0,0.0010318523,0.0010129305,0.0010688433,0.0010802324,0.0,0.001061489,0.0010478705,0.0010405121,0.0010515362,0.0010575447,0.0010694803,0.0010731323,0.001061489,0.0010478707,0.0010405125,0.0010515362,0.0010575447,0.0010694807,0.0,0.0,0.0,0.0010318523,0.0010129305,0.0010688433,0.0010913339,0.0010731198,0.0010614889,0.0,0.0010318523,0.0010129305,0.0010688433,0.0010802336,0.0010731337,0.001061489,0.0010478704,0.0010688433,0.0,0.0010318523,0.0010129306,0.0,0.0010614889,0.0010478704,0.0010405121,0.0010515362,0.0010575447,0.0010694815,0.0,0.0010614889,0.0010478704,0.0010405121,0.0010515362,0.0010575447,0.0010694806,0.0,0.0010614893,0.0010478704,0.0010405121,0.0010515362,0.0010575451,0.0010694836,0.0010731259,0.0010614889,0.0010478704,0.0010405121,0.0010515362,0.0010575447,0.0010694808,0.0,0.0,0.0010478704,0.0010318523,0.0010223893,0.0010329359,0.0011083401,0.0,0.0010614889,0.0010478704,0.0010405121,0.0010515362,0.0010575447,0.0010694803,0.0010733239,0.0010614912,0.0010478707,0.0010405123,0.0010515362,0.0010575451,0.0010694849
k__Bacteria|p__Firmicutes|c__Clostridia|o__Eubacteriales|f__Lachnospiraceae|g__GGB3385|s__GGB3385_SGB4473,0.0,0.0010584643,0.0010447843,0.0010374007,0.0010484805,0.0010545262,0.0010665308,0.0,0.0010584644,0.0010447843,0.0010374007,0.0010484805,0.0010545262,0.0010665306,0.0,0.0,0.0010447975,0.0010287166,0.0010192179,0.0010298082,0.0011056567,0.0010701697,0.0,0.0010447843,0.0010287066,0.0010192172,0.0010298082,0.0011056557,0.0,0.0,0.0010447843,0.0010287066,0.0010192172,0.0010298082,0.0011056557,0.0010701567,0.0010584643,0.0010447843,0.0010374007,0.0010484805,0.0010545262,0.0010665305,0.0,0.0010584646,0.0010447848,0.0010374007,0.0010484805,0.0010545262,0.0010665315,0.0010701567,0.0010584643,0.0010447843,0.0010374007,0.0010484805,0.0010545262,0.0010665309,0.0,0.0010584645,0.001044785,0.0010374007,0.0010484805,0.0010545262,0.0010665314,0.0,0.0010584644,0.0010447843,0.0010374007,0.0010484805,0.0010545262,0.0010665306,0.0,0.0010584644,0.0,0.0010287066,0.0010097289,0.0010658598,0.0010773286,0.0,0.0010584643,0.0010447843,0.0010374006,0.0010484805,0.0010545262,0.0010665315,0.0,0.0,0.0,0.0010287066,0.0010097289,0.0010658598,0.0010885048,0.0010701601,0.0010584644,0.0,0.0010287066,0.0010097289,0.0010658598,0.0010773356,0.001070187,0.0,0.0,0.0010287069,0.0010097289,0.0010658598,0.0010885036,0.0010701657,0.0,0.0010447843,0.0,0.0010584643,0.0010447843,0.0010658599,0.0010701586,0.0,0.0,0.0010287066,0.0010097289,0.0010658598,0.0010885013,0.0,0.0010584657,0.0,0.0010287066,0.0010097289,0.0010658598,0.001077327,0.0,0.0,0.0010447858,0.0010584653,0.0,0.0010287066,0.0010584644,0.0010701732,0.0010584645,0.0,0.0010287067,0.0010097289,0.0010658598,0.0010773266,0.0,0.0,0.0010447848,0.0010287066,0.0010192172,0.0010298082,0.0011056561,0.0,0.0,0.0010447843,0.0,0.0010584643,0.0010447843,0.00106586,0.0,0.0010584686,0.0,0.0010584644,0.0,0.0010584643,0.0010447848,0.0,0.0,0.0010447997,0.0010287089,0.0010192172,0.0010298082,0.0011056568,0.0,0.0010584946,0.0010584677,0.0010527852,0.0010641349,0.0,0.0009872628,0.0,0.0010584664,0.0010447855,0.0,0.0010584645,0.0010447847,0.0010374037,0.0010701602,0.0010584643,0.0010447843,0.0,0.0010584643,0.0010447843,0.0010374023,0.0,0.0010584645,0.0010447844,0.0010374006,0.0010484805,0.0010545262,0.0010665308,0.0010701567,0.0010584643,0.0010447843,0.0010374007,0.0010484805,0.0010545262,0.0010665306,0.0010701694,0.0,0.0,0.0010287066,0.0010097289,0.0010658598,0.0010885013,0.0010701583,0.0,0.0010447843,0.0010287066,0.0010192172,0.0010298082,0.0011056563,0.0,0.0010584644,0.0,0.0010287066,0.0010097289,0.0010658598,0.0010773262,0.0010701646,0.0,0.0010447843,0.0010287066,0.0010192172,0.0010298082,0.0011056656,0.0,0.0010584643,0.0010447843,0.0010374007,0.0010484805,0.0010545262,0.0010665327,0.0010701568,0.0010584643,0.0010447843,0.0010374007,0.0010484805,0.0010545262,0.0010665305,0.0,0.001058465,0.0010447847,0.0010374006,0.0010484805,0.0010545262,0.0010665308,0.0,0.0,0.0010447843,0.0010287066,0.0010192172,0.0010298082,0.001105656,0.0010701576,0.0010584643,0.0,0.0,0.0010584644,0.0010584644,0.0010527859,0.0010701761,0.0,0.0010447848,0.0,0.0010584644,0.0010447843,0.0010658641,0.0010702052,0.0,0.0010584644,0.0010447847,0.0010374006,0.0,0.0010584656,0.0,0.0010584642,0.0,0.0010287066,0.0010097289,0.0010658597,0.0010773328,0.00107016,0.0,0.0010447843,0.0010287068,0.0010192172,0.0010298089,0.0011057323,0.0010701687,0.0,0.0,0.0010287066,0.0010097289,0.0010658598,0.001088501,0.0,0.0010584644,0.0010447844,0.0010374007,0.0010484805,0.0010545262,0.0010665306,0.0010701506,0.0010584644,0.0010447847,0.0,0.0010584643,0.0010447843,0.0010374017,0.0010701577,0.0,0.0010447847,0.0010287069,0.0010192172,0.0010298082,0.0011056593,0.0010701589,0.0,0.0010447844,0.0010287068,0.0010192172,0.0010298084,0.0011056581,0.0,0.0010584644,0.0010584645,0.001052785,0.001064135,0.0,0.0009873114,0.0010701696,0.0,0.0010447846,0.0010287066,0.0010192172,0.0010298082,0.0011056557,0.0010701604,0.0,0.0,0.0010287066,0.0010097289,0.0010658598,0.001088504,0.0010701787,0.0010584646,0.0,0.0010287074,0.001009729,0.0010658599,0.0010773363,0.0,0.0010584644,0.0010447847,0.0010374006,0.0010484805,0.0010545262,0.0010665305,0.0,0.0010584655,0.0,0.0010287068,0.0010097289,0.0010658598,0.0010773262,0.0,0.0010584644,0.0010447846,0.0010374006,0.0010484805,0.0010545262,0.0010665309,0.0010701657,0.0010584643,0.0010447847,0.001037401,0.0010484805,0.0010545262,0.0010665309,0.0,0.0,0.0,0.0010287066,0.0010097289,0.0010658598,0.0010885019,0.0010701565,0.0010584643,0.0,0.0010287066,0.0010097289,0.0010658598,0.0010773274,0.0010701654,0.0010584644,0.0010447843,0.0010658598,0.0,0.0010287066,0.0010097291,0.0,0.0010584643,0.0010447843,0.0010374006,0.0010484805,0.0010545262,0.0010665318,0.0,0.0010584643,0.0010447843,0.0010374006,0.0010484805,0.0010545262,0.0010665309,0.0,0.0010584646,0.0010447847,0.0010374006,0.0010484805,0.0010545262,0.0010665334,0.00107016,0.0010584643,0.0010447843,0.0010374006,0.0010484805,0.0010545262,0.0010665314,0.0,0.0,0.0010447843,0.0010287066,0.0010192172,0.0010298082,0.0011056565,0.0,0.0010584643,0.0010447843,0.0010374007,0.0010484805,0.0010545262,0.0010665306,0.0010702797,0.0010584658,0.0010447847,0.0010374009,0.0010484805,0.0010545262,0.0010665345
k__Bacteria|p__Firmicutes|c__Clostridia|o__Eubacteriales|f__Lachnospiraceae|g__GGB34476|s__GGB34476_SGB65958,0.0,0.0010608952,0.0010471431,0.0010396008,0.0010503228,0.001056031,0.001067765,0.0,0.0010608954,0.0010471431,0.0010396008,0.0010503228,0.001056031,0.001067765,0.0,0.0,0.0010471491,0.0010309876,0.0010213315,0.0010315658,0.0011074326,0.0010726815,0.0,0.0010471431,0.0010309847,0.0010213313,0.0010315658,0.0011074316,0.0,0.0,0.0010471431,0.0010309847,0.0010213313,0.0010315658,0.0011074314,0.0010726536,0.0010608953,0.0010471431,0.0010396008,0.0010503228,0.001056031,0.0010677649,0.0,0.0010608956,0.0010471429,0.0010396008,0.0010503228,0.001056031,0.0010677668,0.0010726537,0.0010608953,0.0010471431,0.0010396008,0.0010503228,0.001056031,0.001067765,0.0,0.0010608955,0.0010471438,0.0010396009,0.0010503228,0.001056031,0.0010677654,0.0,0.0010608954,0.0010471431,0.0010396008,0.0010503228,0.001056031,0.001067765,0.0,0.0010608954,0.0,0.0010309847,0.0010119182,0.0010682081,0.0010793173,0.0,0.0010608953,0.0010471431,0.0010396008,0.0010503228,0.001056031,0.0010677658,0.0,0.0,0.0,0.0010309847,0.0010119182,0.0010682081,0.001090554,0.001072662,0.0010608954,0.0,0.0010309847,0.0010119182,0.0010682081,0.0010793223,0.0010727044,0.0,0.0,0.0010309847,0.0010119182,0.0010682081,0.0010905546,0.0010726721,0.0,0.0010471431,0.0,0.0010608953,0.0010471431,0.0010682081,0.001072655,0.0,0.0,0.0010309847,0.0010119182,0.0010682081,0.0010905537,0.0,0.0010608957,0.0,0.0010309847,0.0010119182,0.0010682081,0.0010793157,0.0,0.0,0.0010471435,0.0010608957,0.0,0.0010309847,0.0010608956,0.0010726618,0.0010608955,0.0,0.0010309847,0.0010119182,0.0010682081,0.0010793154,0.0,0.0,0.0010471432,0.0010309847,0.0010213313,0.0010315658,0.0011074318,0.0,0.0,0.0010471431,0.0,0.0010608953,0.0010471431,0.001068208,0.0,0.0010608966,0.0,0.0010608955,0.0,0.0010608953,0.0010471432,0.0,0.0,0.0010471458,0.001030985,0.0010213314,0.0010315658,0.0011074318,0.0,0.0010609009,0.0010608966,0.0010550627,0.0010660539,0.0,0.0009893524,0.0,0.0010608963,0.0010471432,0.0,0.0010608955,0.0010471431,0.001039604,0.0010726582,0.0010608953,0.0010471431,0.0,0.0010608953,0.0010471431,0.0010396016,0.0,0.0010608954,0.0010471432,0.0010396008,0.0010503228,0.001056031,0.0010677653,0.0010726536,0.0010608953,0.0010471431,0.0010396008,0.0010503228,0.001056031,0.001067765,0.0010726711,0.0,0.0,0.0010309847,0.0010119182,0.0010682081,0.0010905536,0.0010726546,0.0,0.0010471431,0.0010309847,0.0010213313,0.0010315658,0.0011074317,0.0,0.0010608955,0.0,0.0010309847,0.0010119182,0.0010682081,0.0010793154,0.0010726688,0.0,0.0010471431,0.0010309847,0.0010213313,0.0010315658,0.0011074392,0.0,0.0010608953,0.0010471431,0.0010396008,0.0010503228,0.001056031,0.0010677666,0.0010726542,0.0010608953,0.0010471431,0.0010396008,0.0010503228,0.001056031,0.0010677649,0.0,0.0010608954,0.0010471431,0.0010396008,0.0010503228,0.001056031,0.0010677654,0.0,0.0,0.0010471431,0.0010309847,0.0010213313,0.0010315658,0.0011074315,0.0010726551,0.0010608953,0.0,0.0,0.0010608955,0.0010608954,0.0010550629,0.0010726802,0.0,0.0010471432,0.0,0.0010608955,0.0010471431,0.001068214,0.0010727444,0.0,0.0010608955,0.0010471431,0.0010396008,0.0,0.001060896,0.0,0.0010608953,0.0,0.0010309847,0.0010119182,0.0010682081,0.0010793273,0.0010726576,0.0,0.0010471431,0.0010309847,0.0010213314,0.0010315663,0.0011074811,0.0010726639,0.0,0.0,0.0010309847,0.0010119182,0.0010682081,0.0010905537,0.0,0.0010608955,0.0010471432,0.0010396008,0.0010503228,0.001056031,0.001067765,0.0010726751,0.0010608954,0.0010471431,0.0,0.0010608953,0.0010471431,0.0010396016,0.0010726546,0.0,0.0010471431,0.001030985,0.0010213313,0.0010315658,0.0011074336,0.0010726557,0.0,0.0010471432,0.0010309847,0.0010213314,0.001031566,0.0011074339,0.0,0.0010608954,0.0010608955,0.0010550627,0.0010660541,0.0,0.000989386,0.0010726685,0.0,0.0010471431,0.0010309847,0.0010213313,0.0010315658,0.0011074314,0.0010726561,0.0,0.0,0.0010309847,0.0010119182,0.0010682081,0.0010905548,0.0010727076,0.0010608957,0.0,0.0010309853,0.0010119184,0.0010682083,0.0010793217,0.0,0.0010608953,0.0010471431,0.0010396008,0.0010503228,0.001056031,0.0010677649,0.0,0.0010608959,0.0,0.0010309847,0.0010119182,0.0010682081,0.0010793154,0.0,0.0010608954,0.0010471432,0.0010396008,0.0010503228,0.001056031,0.001067765,0.0010726644,0.0010608954,0.0010471431,0.0010396009,0.0010503228,0.001056031,0.0010677658,0.0,0.0,0.0,0.0010309847,0.0010119182,0.0010682081,0.0010905543,0.0010726535,0.0010608953,0.0,0.0010309847,0.0010119182,0.0010682081,0.0010793164,0.0010726601,0.0010608953,0.0010471431,0.0010682081,0.0,0.0010309847,0.0010119183,0.0,0.0010608953,0.0010471431,0.0010396008,0.0010503228,0.001056031,0.0010677665,0.0,0.0010608953,0.0010471431,0.0010396008,0.0010503228,0.001056031,0.0010677654,0.0,0.0010608957,0.0010471431,0.0010396008,0.0010503228,0.001056031,0.0010677679,0.0010726572,0.0010608953,0.0010471431,0.0010396008,0.0010503228,0.001056031,0.0010677656,0.0,0.0,0.0010471431,0.0010309847,0.0010213313,0.0010315658,0.0011074322,0.0,0.0010608953,0.0010471431,0.0010396008,0.0010503228,0.001056031,0.001067765,0.0010728291,0.001060896,0.0010471431,0.0010396008,0.0010503228,0.001056031,0.0010677682
k__Bacteria|p__Firmicutes|c__CFGB3012|o__OFGB3012|f__FGB3012|g__GGB9480|s__GGB9480_SGB14873,0.0,0.0010602215,0.0010466202,0.0010393143,0.0010504723,0.0010566049,0.001068645,0.0,0.0010602212,0.0010466202,0.0010393143,0.0010504723,0.0010566049,0.0010686449,0.0,0.0,0.0010466393,0.001030635,0.0010212143,0.0010318919,0.00110735,0.0010718822,0.0,0.0010466202,0.0010306222,0.0010212135,0.0010318917,0.0011073494,0.0,0.0,0.0010466202,0.0010306222,0.0010212135,0.0010318917,0.0011073494,0.001071838,0.0010602212,0.0010466202,0.0010393143,0.0010504723,0.0010566049,0.0010686449,0.0,0.0010602225,0.0010466203,0.0010393143,0.0010504723,0.0010566049,0.0010686455,0.0010718378,0.0010602212,0.0010466202,0.0010393143,0.0010504723,0.0010566049,0.001068645,0.0,0.0010602216,0.001046621,0.0010393144,0.0010504723,0.0010566049,0.0010686456,0.0,0.0010602212,0.0010466202,0.0010393143,0.0010504723,0.0010566049,0.0010686449,0.0,0.0010602212,0.0,0.0010306222,0.0010117244,0.0010676106,0.0010791387,0.0,0.0010602212,0.0010466202,0.0010393143,0.0010504723,0.0010566049,0.0010686453,0.0,0.0,0.0,0.0010306222,0.0010117244,0.0010676106,0.0010902267,0.0010718495,0.0010602212,0.0,0.0010306222,0.0010117244,0.0010676106,0.0010791447,0.0010719328,0.0,0.0,0.0010306222,0.0010117244,0.0010676106,0.0010902259,0.0010718702,0.0,0.0010466202,0.0,0.0010602212,0.0010466202,0.0010676108,0.0010718416,0.0,0.0,0.0010306222,0.0010117244,0.0010676106,0.0010902252,0.0,0.0010602232,0.0,0.0010306222,0.0010117244,0.0010676106,0.0010791373,0.0,0.0,0.0010466216,0.0010602229,0.0,0.0010306222,0.0010602215,0.0010718676,0.0010602216,0.0,0.0010306222,0.0010117244,0.0010676106,0.001079137,0.0,0.0,0.0010466203,0.0010306222,0.0010212135,0.0010318917,0.0011073498,0.0,0.0,0.0010466202,0.0,0.0010602212,0.0010466202,0.0010676108,0.0,0.0010602258,0.0,0.0010602213,0.0,0.0010602212,0.0010466202,0.0,0.0,0.00104664,0.0010306255,0.0010212136,0.0010318917,0.00110735,0.0,0.0010602685,0.0010602269,0.0010546169,0.0010660351,0.0,0.0009893335,0.0,0.0010602244,0.0010466214,0.0,0.0010602217,0.0010466202,0.0010393177,0.0010718453,0.0010602212,0.0010466202,0.0,0.0010602212,0.0010466202,0.0010393154,0.0,0.0010602217,0.0010466202,0.0010393143,0.0010504723,0.0010566049,0.001068645,0.0010718376,0.0010602212,0.0010466202,0.0010393143,0.0010504723,0.0010566049,0.0010686449,0.0010718772,0.0,0.0,0.0010306222,0.0010117244,0.0010676106,0.0010902251,0.0010718454,0.0,0.0010466202,0.0010306222,0.0010212135,0.0010318917,0.0011073496,0.0,0.0010602213,0.0,0.0010306222,0.0010117244,0.0010676106,0.0010791367,0.001071858,0.0,0.0010466202,0.0010306222,0.0010212135,0.0010318919,0.0011073567,0.0,0.0010602212,0.0010466202,0.0010393143,0.0010504723,0.0010566049,0.0010686464,0.0010718384,0.0010602212,0.0010466202,0.0010393143,0.0010504723,0.0010566049,0.0010686449,0.0,0.001060222,0.0010466202,0.0010393143,0.0010504723,0.0010566049,0.001068645,0.0,0.0,0.0010466202,0.0010306222,0.0010212135,0.0010318917,0.0011073494,0.0010718405,0.0010602212,0.0,0.0,0.0010602213,0.0010602212,0.001054617,0.0010718849,0.0,0.0010466205,0.0,0.0010602213,0.0010466202,0.0010676151,0.0010719853,0.0,0.0010602216,0.0010466202,0.0010393143,0.0,0.0010602222,0.0,0.0010602211,0.0,0.0010306222,0.0010117244,0.0010676108,0.0010791422,0.0010718455,0.0,0.0010466202,0.0010306222,0.0010212136,0.0010318924,0.0011074007,0.0010718593,0.0,0.0,0.0010306222,0.0010117244,0.0010676106,0.0010902251,0.0,0.0010602216,0.0010466202,0.0010393143,0.0010504723,0.0010566049,0.0010686449,0.0010718524,0.0010602216,0.0010466202,0.0,0.0010602215,0.0010466202,0.0010393154,0.0010718406,0.0,0.0010466202,0.0010306224,0.0010212135,0.0010318917,0.0011073509,0.0010718425,0.0,0.0010466202,0.0010306222,0.0010212136,0.001031892,0.0011073513,0.0,0.0010602216,0.0010602216,0.0010546162,0.0010660354,0.0,0.0009893713,0.0010718862,0.0,0.0010466202,0.0010306222,0.0010212135,0.0010318917,0.0011073494,0.0010718436,0.0,0.0,0.0010306222,0.0010117244,0.0010676106,0.001090226,0.0010719228,0.0010602226,0.0,0.0010306232,0.0010117242,0.0010676109,0.0010791447,0.0,0.0010602216,0.0010466202,0.0010393143,0.0010504723,0.0010566049,0.0010686449,0.0,0.0010602229,0.0,0.0010306222,0.0010117244,0.0010676106,0.0010791367,0.0,0.0010602215,0.0010466203,0.0010393143,0.0010504723,0.0010566049,0.001068645,0.0010718561,0.0010602215,0.0010466202,0.0010393144,0.0010504723,0.0010566049,0.0010686454,0.0,0.0,0.0,0.0010306222,0.0010117244,0.0010676106,0.0010902254,0.0010718374,0.0010602212,0.0,0.0010306222,0.0010117244,0.0010676106,0.0010791378,0.0010718537,0.0010602216,0.0010466202,0.0010676106,0.0,0.0010306222,0.0010117245,0.0,0.0010602212,0.0010466202,0.0010393143,0.0010504723,0.0010566049,0.0010686456,0.0,0.0010602212,0.0010466202,0.0010393143,0.0010504723,0.0010566049,0.001068645,0.0,0.0010602222,0.0010466202,0.0010393143,0.0010504723,0.0010566049,0.0010686461,0.0010718497,0.0010602212,0.0010466202,0.0010393143,0.0010504723,0.0010566049,0.0010686453,0.0,0.0,0.0010466202,0.0010306222,0.0010212135,0.0010318917,0.0011073495,0.0,0.0010602212,0.0010466202,0.0010393143,0.0010504723,0.0010566049,0.0010686449,0.001072081,0.0010602233,0.0010466202,0.0010393143,0.0010504723,0.0010566049,0.0010686468
k__Bacteria|p__Firmicutes|c__CFGB6261|o__OFGB6261|f__FGB6261|g__GGB74510|s__GGB74510_SGB47635,0.0,0.0010611803,0.0010474937,0.0010400421,0.0010509129,0.0010567692,0.0010686024,0.0,0.0010611803,0.0010474937,0.0010400421,0.0010509129,0.0010567692,0.0010686023,0.0,0.0,0.0010475117,0.0010314172,0.0010218454,0.0010322328,0.0011078728,0.0010729124,0.0,0.0010474937,0.001031404,0.0010218446,0.0010322328,0.0011078722,0.0,0.0,0.0010474937,0.001031404,0.0010218446,0.0010322328,0.001107872,0.0010728764,0.0010611801,0.0010474937,0.0010400421,0.0010509129,0.0010567692,0.0010686024,0.0,0.001061181,0.0010474938,0.0010400421,0.0010509129,0.0010567692,0.0010686029,0.0010728762,0.0010611801,0.0010474937,0.0010400421,0.0010509129,0.0010567692,0.0010686024,0.0,0.0010611805,0.0010474942,0.0010400421,0.0010509129,0.0010567692,0.0010686032,0.0,0.0010611803,0.0010474937,0.0010400421,0.0010509129,0.0010567692,0.0010686024,0.0,0.0010611803,0.0,0.001031404,0.001012409,0.0010685135,0.0010797612,0.0,0.0010611801,0.0010474937,0.0010400421,0.0010509129,0.0010567692,0.0010686029,0.0,0.0,0.0,0.001031404,0.001012409,0.0010685135,0.0010909326,0.0010728855,0.0010611803,0.0,0.0010314044,0.001012409,0.0010685135,0.0010797657,0.0010729401,0.0,0.0,0.0010314044,0.001012409,0.0010685135,0.0010909319,0.0010729008,0.0,0.0010474937,0.0,0.0010611801,0.0010474937,0.0010685137,0.0010728795,0.0,0.0,0.001031404,0.001012409,0.0010685135,0.0010909305,0.0,0.0010611817,0.0,0.0010314044,0.001012409,0.0010685135,0.00107976,0.0,0.0,0.0010474949,0.0010611815,0.0,0.0010314044,0.0010611805,0.0010729061,0.0010611805,0.0,0.0010314042,0.001012409,0.0010685135,0.00107976,0.0,0.0,0.0010474938,0.0010314044,0.0010218446,0.0010322328,0.0011078725,0.0,0.0,0.0010474937,0.0,0.0010611801,0.0010474937,0.0010685138,0.0,0.0010611848,0.0,0.0010611804,0.0,0.0010611801,0.0010474938,0.0,0.0,0.0010475136,0.0010314075,0.0010218446,0.0010322328,0.0011078729,0.0,0.0010612223,0.0010611851,0.0010554352,0.0010665697,0.0,0.0009899134,0.0,0.0010611826,0.0010474945,0.0,0.0010611807,0.0010474938,0.0010400446,0.0010728841,0.0010611801,0.0010474937,0.0,0.0010611801,0.0010474937,0.001040043,0.0,0.0010611804,0.0010474938,0.0010400421,0.0010509129,0.0010567692,0.0010686024,0.0010728764,0.0010611801,0.0010474937,0.0010400421,0.0010509129,0.0010567692,0.0010686024,0.0010729042,0.0,0.0,0.001031404,0.001012409,0.0010685135,0.0010909305,0.0010728815,0.0,0.0010474937,0.001031404,0.0010218446,0.0010322328,0.0011078723,0.0,0.0010611804,0.0,0.001031404,0.001012409,0.0010685135,0.0010797599,0.0010728923,0.0,0.0010474937,0.001031404,0.0010218446,0.0010322328,0.0011078774,0.0,0.0010611801,0.0010474937,0.0010400421,0.0010509129,0.0010567692,0.0010686035,0.0010728772,0.0010611801,0.0010474937,0.0010400421,0.0010509129,0.0010567692,0.0010686024,0.0,0.001061181,0.0010474938,0.0010400421,0.0010509129,0.0010567692,0.0010686024,0.0,0.0,0.0010474937,0.001031404,0.0010218446,0.0010322328,0.0011078723,0.0010728788,0.0010611801,0.0,0.0,0.0010611804,0.0010611803,0.0010554352,0.0010729176,0.0,0.001047494,0.0,0.0010611804,0.0010474937,0.0010685171,0.0010729795,0.0,0.0010611805,0.0010474938,0.0010400421,0.0,0.0010611811,0.0,0.0010611801,0.0,0.001031404,0.001012409,0.0010685136,0.0010797646,0.0010728834,0.0,0.0010474937,0.0010314044,0.0010218446,0.0010322332,0.0011079145,0.0010728951,0.0,0.0,0.001031404,0.001012409,0.0010685135,0.0010909304,0.0,0.0010611804,0.0010474938,0.0010400421,0.0010509129,0.0010567692,0.0010686023,0.0010728992,0.0010611803,0.0010474938,0.0,0.0010611803,0.0010474937,0.0010400432,0.0010728784,0.0,0.0010474938,0.0010314044,0.0010218446,0.0010322328,0.001107874,0.0010728801,0.0,0.0010474938,0.0010314044,0.0010218446,0.0010322329,0.0011078734,0.0,0.0010611803,0.0010611805,0.0010554345,0.0010665699,0.0,0.0009899527,0.0010729097,0.0,0.0010474938,0.001031404,0.0010218446,0.0010322328,0.001107872,0.0010728823,0.0,0.0,0.001031404,0.001012409,0.0010685135,0.0010909323,0.0010729393,0.0010611808,0.0,0.0010314052,0.0010124092,0.0010685136,0.0010797661,0.0,0.0010611803,0.0010474938,0.0010400421,0.0010509129,0.0010567692,0.0010686024,0.0,0.0010611819,0.0,0.0010314044,0.001012409,0.0010685135,0.0010797599,0.0,0.0010611804,0.0010474938,0.0010400421,0.0010509129,0.0010567692,0.0010686025,0.00107289,0.0010611804,0.0010474938,0.0010400421,0.0010509129,0.0010567692,0.0010686025,0.0,0.0,0.0,0.001031404,0.001012409,0.0010685135,0.001090931,0.0010728759,0.0010611801,0.0,0.001031404,0.001012409,0.0010685135,0.0010797606,0.0010728895,0.0010611803,0.0010474937,0.0010685135,0.0,0.001031404,0.0010124092,0.0,0.0010611801,0.0010474937,0.0010400421,0.0010509129,0.0010567692,0.0010686031,0.0,0.0010611801,0.0010474937,0.0010400421,0.0010509129,0.0010567692,0.0010686024,0.0,0.001061181,0.0010474938,0.0010400421,0.0010509129,0.0010567692,0.0010686037,0.0010728849,0.0010611801,0.0010474937,0.0010400421,0.0010509129,0.0010567692,0.0010686029,0.0,0.0,0.0010474937,0.001031404,0.0010218446,0.0010322328,0.0011078725,0.0,0.0010611801,0.0010474937,0.0010400421,0.0010509129,0.0010567692,0.0010686024,0.0010730824,0.0010611821,0.001047494,0.0010400421,0.0010509129,0.0010567692,0.0010686045
k__Bacteria|p__Firmicutes|c__CFGB540|o__OFGB540|f__FGB540|g__GGB79998|s__GGB79998_SGB48024,0.0,0.0010617774,0.0010480802,0.0010406001,0.0010514016,0.001057193,0.0010689725,0.0,0.0010617775,0.0010480802,0.0010406001,0.0010514016,0.001057193,0.0010689724,0.0,0.0,0.0010481001,0.0010319927,0.0010223904,0.001032709,0.001108331,0.001073502,0.0,0.0010480802,0.0010319788,0.0010223896,0.001032709,0.0011083307,0.0,0.0,0.0010480802,0.0010319788,0.0010223896,0.001032709,0.0011083307,0.0010734828,0.0010617774,0.0010480802,0.0010406001,0.0010514016,0.001057193,0.0010689724,0.0,0.0010617782,0.0010480803,0.0010406001,0.0010514016,0.001057193,0.0010689731,0.0010734829,0.0010617774,0.0010480802,0.0010406001,0.0010514016,0.001057193,0.0010689724,0.0,0.0010617779,0.0010480809,0.0010406004,0.0010514016,0.001057193,0.001068973,0.0,0.0010617775,0.0010480802,0.0010406001,0.0010514016,0.001057193,0.0010689724,0.0,0.0010617775,0.0,0.0010319788,0.0010129692,0.0010690932,0.0010802704,0.0,0.0010617774,0.0010480802,0.0010406001,0.0010514016,0.001057193,0.0010689726,0.0,0.0,0.0,0.0010319788,0.0010129692,0.0010690932,0.0010914493,0.001073487,0.0010617775,0.0,0.0010319788,0.0010129692,0.0010690932,0.0010802753,0.0010735275,0.0,0.0,0.0010319788,0.0010129692,0.0010690932,0.0010914487,0.001073499,0.0,0.0010480802,0.0,0.0010617774,0.0010480802,0.0010690935,0.0010734847,0.0,0.0,0.0010319788,0.0010129692,0.0010690932,0.0010914478,0.0,0.0010617791,0.0,0.0010319788,0.0010129692,0.0010690932,0.0010802691,0.0,0.0,0.0010480814,0.0010617785,0.0,0.0010319788,0.0010617775,0.0010735033,0.0010617779,0.0,0.0010319785,0.0010129692,0.0010690932,0.0010802688,0.0,0.0,0.0010480803,0.0010319788,0.0010223896,0.001032709,0.0011083309,0.0,0.0,0.0010480802,0.0,0.0010617774,0.0010480802,0.0010690932,0.0,0.0010617822,0.0,0.0010617776,0.0,0.0010617774,0.0010480803,0.0,0.0,0.0010481009,0.001031982,0.0010223897,0.001032709,0.0011083309,0.0,0.00106183,0.0010617835,0.0010560049,0.0010670694,0.0,0.0009904583,0.0,0.00106178,0.0010480813,0.0,0.0010617779,0.0010480803,0.0010406033,0.0010734871,0.0010617774,0.0010480802,0.0,0.0010617774,0.0010480802,0.001040601,0.0,0.0010617776,0.0010480803,0.0010406001,0.0010514016,0.001057193,0.0010689724,0.0010734824,0.0010617774,0.0010480802,0.0010406001,0.0010514016,0.001057193,0.0010689724,0.0010735005,0.0,0.0,0.0010319788,0.0010129692,0.0010690932,0.0010914477,0.0010734869,0.0,0.0010480802,0.0010319788,0.0010223896,0.001032709,0.0011083309,0.0,0.0010617776,0.0,0.0010319788,0.0010129692,0.0010690932,0.0010802686,0.0010734937,0.0,0.0010480802,0.0010319788,0.0010223896,0.001032709,0.0011083379,0.0,0.0010617774,0.0010480802,0.0010406001,0.0010514016,0.001057193,0.0010689737,0.0010734828,0.0010617774,0.0010480802,0.0010406001,0.0010514016,0.001057193,0.0010689724,0.0,0.0010617782,0.0010480803,0.0010406001,0.0010514016,0.001057193,0.0010689725,0.0,0.0,0.0010480802,0.0010319788,0.0010223896,0.001032709,0.0011083308,0.0010734835,0.0010617774,0.0,0.0,0.0010617776,0.0010617775,0.0010560045,0.0010735038,0.0,0.0010480806,0.0,0.0010617776,0.0010480802,0.0010690973,0.0010735571,0.0,0.0010617778,0.0010480803,0.0010406001,0.0,0.001061778,0.0,0.0010617774,0.0,0.0010319788,0.0010129692,0.0010690932,0.0010802735,0.0010734862,0.0,0.0010480802,0.0010319788,0.0010223897,0.0010327094,0.0011083853,0.001073496,0.0,0.0,0.0010319788,0.0010129692,0.0010690932,0.0010914477,0.0,0.0010617776,0.0010480803,0.0010406001,0.0010514016,0.001057193,0.0010689724,0.0010734736,0.0010617775,0.0010480803,0.0,0.0010617775,0.0010480802,0.0010406012,0.0010734838,0.0,0.0010480803,0.0010319786,0.0010223896,0.001032709,0.0011083318,0.001073485,0.0,0.0010480803,0.0010319788,0.0010223897,0.0010327091,0.0011083321,0.0,0.0010617775,0.0010617778,0.0010560044,0.0010670694,0.0,0.000990498,0.0010735061,0.0,0.0010480803,0.0010319788,0.0010223896,0.001032709,0.0011083307,0.0010734857,0.0,0.0,0.0010319788,0.0010129692,0.0010690932,0.0010914487,0.0010735167,0.0010617783,0.0,0.0010319798,0.0010129698,0.0010690935,0.0010802753,0.0,0.0010617776,0.0010480803,0.0010406001,0.0010514016,0.001057193,0.0010689724,0.0,0.0010617791,0.0,0.0010319788,0.0010129692,0.0010690932,0.0010802686,0.0,0.0010617776,0.0010480803,0.0010406001,0.0010514016,0.001057193,0.0010689725,0.0010734914,0.0010617777,0.0010480803,0.0010406006,0.0010514016,0.001057193,0.0010689725,0.0,0.0,0.0,0.0010319788,0.0010129692,0.0010690932,0.001091448,0.0010734823,0.0010617774,0.0,0.0010319788,0.0010129692,0.0010690932,0.0010802693,0.0010734908,0.0010617776,0.0010480802,0.0010690932,0.0,0.0010319788,0.0010129694,0.0,0.0010617774,0.0010480802,0.0010406001,0.0010514016,0.001057193,0.0010689729,0.0,0.0010617774,0.0010480802,0.0010406001,0.0010514016,0.001057193,0.0010689725,0.0,0.0010617782,0.0010480803,0.0010406001,0.0010514016,0.001057193,0.0010689738,0.001073489,0.0010617774,0.0010480802,0.0010406001,0.0010514016,0.001057193,0.0010689726,0.0,0.0,0.0010480802,0.0010319788,0.0010223896,0.001032709,0.0011083308,0.0,0.0010617774,0.0010480802,0.0010406001,0.0010514016,0.001057193,0.0010689724,0.0010736305,0.0010617796,0.0010480803,0.0010406001,0.0010514016,0.001057193,0.0010689744
k__Bacteria|p__Firmicutes|c__Clostridia|o__Eubacteriales|f__Lachnospiraceae|g__Lachnoclostridium|s__Clostridium_hylemonae,0.0,0.0010612167,0.0010476288,0.0010403211,0.0010514429,0.0010575458,0.0010695511,0.0,0.0010612167,0.0010476288,0.0010403211,0.0010514429,0.0010575458,0.0010695509,0.0,0.0,0.001047645,0.0010316535,0.0010222335,0.0010328781,0.0011082118,0.0010728657,0.0,0.0010476288,0.0010316431,0.0010222327,0.0010328781,0.0011082109,0.0,0.0,0.0010476288,0.0010316431,0.0010222327,0.0010328781,0.0011082107,0.0010728196,0.0010612166,0.0010476288,0.0010403211,0.0010514429,0.0010575458,0.0010695509,0.0,0.0010612174,0.0010476288,0.0010403211,0.0010514429,0.0010575458,0.0010695515,0.0010728197,0.0010612166,0.0010476288,0.0010403211,0.0010514429,0.0010575458,0.0010695511,0.0,0.001061217,0.0010476293,0.0010403214,0.0010514429,0.0010575458,0.0010695519,0.0,0.0010612167,0.0010476288,0.0010403211,0.0010514429,0.0010575458,0.001069551,0.0,0.0010612167,0.0,0.0010316431,0.0010127561,0.0010685896,0.0010800759,0.0,0.0010612166,0.0010476288,0.0010403211,0.0010514429,0.0010575458,0.0010695518,0.0,0.0,0.0,0.0010316431,0.0010127561,0.0010685896,0.0010911478,0.0010728325,0.0010612167,0.0,0.0010316431,0.0010127561,0.0010685896,0.0010800858,0.0010729298,0.0,0.0,0.0010316431,0.0010127561,0.0010685896,0.0010911465,0.0010728537,0.0,0.0010476288,0.0,0.0010612166,0.0010476288,0.00106859,0.0010728242,0.0,0.0,0.0010316431,0.0010127561,0.0010685896,0.0010911444,0.0,0.0010612186,0.0,0.0010316431,0.0010127561,0.0010685896,0.0010800741,0.0,0.0,0.0010476299,0.0010612184,0.0,0.0010316431,0.001061217,0.0010728538,0.001061217,0.0,0.001031643,0.0010127561,0.0010685896,0.0010800735,0.0,0.0,0.0010476288,0.0010316431,0.0010222327,0.0010328781,0.0011082115,0.0,0.0,0.0010476288,0.0,0.0010612166,0.0010476288,0.0010685897,0.0,0.0010612212,0.0,0.0010612168,0.0,0.0010612166,0.0010476289,0.0,0.0,0.0010476487,0.0010316462,0.0010222328,0.0010328781,0.0011082117,0.0,0.0010612585,0.0010612214,0.00105561,0.0010669891,0.0,0.0009903775,0.0,0.0010612195,0.0010476296,0.0,0.001061217,0.0010476288,0.0010403245,0.0010728275,0.0010612166,0.0010476288,0.0,0.0010612166,0.0010476288,0.001040323,0.0,0.0010612169,0.0010476289,0.0010403211,0.0010514429,0.0010575458,0.0010695509,0.0010728193,0.0010612166,0.0010476288,0.0010403211,0.0010514429,0.0010575458,0.001069551,0.0010728599,0.0,0.0,0.0010316431,0.0010127561,0.0010685896,0.001091144,0.0010728284,0.0,0.0010476288,0.0010316431,0.0010222327,0.0010328781,0.0011082112,0.0,0.0010612168,0.0,0.0010316431,0.0010127561,0.0010685896,0.0010800735,0.0010728419,0.0,0.0010476288,0.0010316431,0.0010222327,0.0010328781,0.0011082223,0.0,0.0010612166,0.0010476288,0.0010403211,0.0010514429,0.0010575458,0.0010695531,0.0010728207,0.0010612166,0.0010476288,0.0010403211,0.0010514429,0.0010575458,0.0010695509,0.0,0.0010612174,0.0010476288,0.0010403211,0.0010514429,0.0010575458,0.0010695511,0.0,0.0,0.0010476288,0.0010316431,0.0010222327,0.0010328781,0.001108211,0.001072823,0.0010612166,0.0,0.0,0.0010612168,0.0010612167,0.0010556101,0.00107287,0.0,0.0010476289,0.0,0.0010612168,0.0010476288,0.0010685935,0.0010729845,0.0,0.001061217,0.0010476288,0.0010403211,0.0,0.0010612177,0.0,0.0010612166,0.0,0.0010316431,0.0010127561,0.0010685897,0.0010800813,0.0010728276,0.0,0.0010476288,0.0010316431,0.0010222328,0.0010328785,0.0011083047,0.0010728415,0.0,0.0,0.0010316431,0.0010127561,0.0010685896,0.001091144,0.0,0.0010612168,0.0010476289,0.0010403211,0.0010514429,0.0010575458,0.0010695509,0.001072839,0.0010612169,0.0010476288,0.0,0.0010612168,0.0010476288,0.0010403224,0.0010728237,0.0,0.0010476288,0.0010316432,0.0010222327,0.0010328781,0.001108214,0.001072825,0.0,0.0010476289,0.0010316431,0.0010222328,0.0010328781,0.001108214,0.0,0.0010612169,0.001061217,0.0010556097,0.001066989,0.0,0.0009904264,0.0010728699,0.0,0.0010476288,0.0010316431,0.0010222327,0.0010328781,0.0011082107,0.001072827,0.0,0.0,0.0010316431,0.0010127561,0.0010685896,0.0010911468,0.0010729174,0.001061218,0.0,0.0010316443,0.0010127564,0.0010685896,0.001080084,0.0,0.0010612167,0.0010476288,0.0010403211,0.0010514429,0.0010575458,0.0010695509,0.0,0.0010612179,0.0,0.0010316431,0.0010127561,0.0010685896,0.0010800735,0.0,0.0010612167,0.0010476288,0.0010403211,0.0010514429,0.0010575458,0.0010695512,0.0010728411,0.0010612169,0.0010476288,0.0010403214,0.0010514429,0.0010575458,0.0010695512,0.0,0.0,0.0,0.0010316431,0.0010127561,0.0010685896,0.0010911449,0.0010728191,0.0010612166,0.0,0.0010316431,0.0010127561,0.0010685896,0.0010800749,0.0010728358,0.0010612167,0.0010476288,0.0010685896,0.0,0.0010316431,0.0010127563,0.0,0.0010612166,0.0010476288,0.0010403211,0.0010514429,0.0010575458,0.0010695523,0.0,0.0010612166,0.0010476288,0.0010403211,0.0010514429,0.0010575458,0.0010695515,0.0,0.0010612177,0.0010476288,0.0010403211,0.0010514429,0.0010575458,0.0010695542,0.0010728331,0.0010612166,0.0010476288,0.0010403211,0.0010514429,0.0010575458,0.0010695517,0.0,0.0,0.0010476288,0.0010316431,0.0010222327,0.0010328781,0.0011082113,0.0,0.0010612166,0.0010476288,0.0010403211,0.0010514429,0.0010575458,0.001069551,0.0010730824,0.0010612184,0.0010476288,0.0010403211,0.0010514429,0.0010575458,0.0010695553
k__Bacteria|p__Firmicutes|c__Clostridia|o__Eubacteriales|f__Lachnospiraceae|g__Lachnoanaerobaculum|s__Lachnoanaerobaculum_umeaense,0.0,0.0010605311,0.0010468602,0.0010394456,0.0010504029,0.0010563402,0.0010682393,0.0,0.001060531,0.0010468602,0.0010394456,0.0010504029,0.0010563402,0.0010682391,0.0,0.0,0.0010468839,0.001030805,0.0010212683,0.0010317412,0.0011073876,0.0010722423,0.0,0.0010468602,0.0010307885,0.001021267,0.0010317412,0.0011073869,0.0,0.0,0.0010468602,0.0010307885,0.001021267,0.0010317412,0.0011073865,0.0010722127,0.0010605309,0.0010468602,0.0010394456,0.0010504029,0.0010563402,0.0010682391,0.0,0.0010605316,0.0010468604,0.0010394456,0.0010504029,0.0010563402,0.0010682396,0.0010722129,0.0010605309,0.0010468602,0.0010394456,0.0010504029,0.0010563402,0.0010682394,0.0,0.0010605312,0.0010468608,0.0010394456,0.0010504029,0.0010563402,0.0010682399,0.0,0.001060531,0.0010468602,0.0010394456,0.0010504029,0.0010563402,0.0010682392,0.0,0.001060531,0.0,0.0010307885,0.0010118131,0.0010678851,0.0010792206,0.0,0.0010605309,0.0010468602,0.0010394456,0.0010504029,0.0010563402,0.0010682403,0.0,0.0,0.0,0.0010307885,0.0010118131,0.0010678851,0.0010903793,0.0010722198,0.001060531,0.0,0.0010307885,0.0010118131,0.0010678851,0.0010792287,0.0010722706,0.0,0.0,0.0010307885,0.0010118131,0.0010678851,0.001090378,0.0010722337,0.0,0.0010468602,0.0,0.0010605309,0.0010468602,0.0010678853,0.0010722161,0.0,0.0,0.0010307885,0.0010118131,0.0010678851,0.0010903762,0.0,0.0010605331,0.0,0.0010307885,0.0010118131,0.0010678851,0.0010792188,0.0,0.0,0.0010468615,0.0010605325,0.0,0.0010307885,0.001060531,0.0010722446,0.0010605315,0.0,0.0010307884,0.0010118131,0.0010678851,0.0010792188,0.0,0.0,0.0010468604,0.0010307885,0.001021267,0.0010317412,0.0011073869,0.0,0.0,0.0010468602,0.0,0.0010605309,0.0010468602,0.0010678852,0.0,0.0010605385,0.0,0.001060531,0.0,0.0010605309,0.0010468602,0.0,0.0,0.001046889,0.0010307933,0.0010212673,0.0010317412,0.0011073881,0.0,0.0010605943,0.0010605381,0.0010548221,0.0010660433,0.0,0.0009893443,0.0,0.0010605346,0.0010468618,0.0,0.0010605316,0.0010468602,0.001039449,0.0010722199,0.0010605309,0.0010468602,0.0,0.0010605309,0.0010468602,0.0010394468,0.0,0.0010605311,0.0010468602,0.0010394456,0.0010504029,0.0010563402,0.0010682394,0.0010722126,0.0010605309,0.0010468602,0.0010394456,0.0010504029,0.0010563402,0.0010682396,0.001072234,0.0,0.0,0.0010307885,0.0010118131,0.0010678851,0.0010903758,0.0010722181,0.0,0.0010468602,0.0010307885,0.001021267,0.0010317412,0.0011073871,0.0,0.001060531,0.0,0.0010307885,0.0010118131,0.0010678851,0.0010792185,0.0010722292,0.0,0.0010468602,0.0010307885,0.001021267,0.0010317412,0.0011073966,0.0,0.0010605309,0.0010468602,0.0010394456,0.0010504029,0.0010563402,0.001068241,0.001072213,0.0010605309,0.0010468602,0.0010394456,0.0010504029,0.0010563402,0.0010682391,0.0,0.001060532,0.0010468602,0.0010394456,0.0010504029,0.0010563402,0.0010682393,0.0,0.0,0.0010468602,0.0010307885,0.001021267,0.0010317412,0.001107387,0.0010722146,0.0010605309,0.0,0.0,0.001060531,0.001060531,0.0010548218,0.001072244,0.0,0.0010468606,0.0,0.001060531,0.0010468602,0.0010678889,0.001072305,0.0,0.0010605312,0.0010468602,0.0010394456,0.0,0.0010605318,0.0,0.0010605308,0.0,0.0010307885,0.0010118131,0.001067885,0.0010792252,0.0010722182,0.0,0.0010468602,0.0010307885,0.0010212671,0.0010317417,0.0011074693,0.0010722312,0.0,0.0,0.0010307885,0.0010118131,0.0010678851,0.0010903759,0.0,0.001060531,0.0010468602,0.0010394456,0.0010504029,0.0010563402,0.0010682391,0.0010722068,0.001060531,0.0010468602,0.0,0.001060531,0.0010468602,0.0010394468,0.0010722148,0.0,0.0010468602,0.0010307886,0.001021267,0.0010317412,0.0011073897,0.0010722169,0.0,0.0010468602,0.0010307885,0.0010212673,0.0010317413,0.0011073891,0.0,0.0010605312,0.0010605314,0.0010548212,0.0010660435,0.0,0.0009893964,0.0010722396,0.0,0.0010468602,0.0010307885,0.001021267,0.0010317412,0.0011073865,0.0010722186,0.0,0.0,0.0010307885,0.0010118131,0.0010678851,0.0010903784,0.0010722612,0.001060532,0.0,0.0010307899,0.0010118132,0.0010678852,0.0010792275,0.0,0.001060531,0.0010468602,0.0010394456,0.0010504029,0.0010563402,0.0010682391,0.0,0.0010605333,0.0,0.0010307885,0.0010118131,0.0010678851,0.0010792186,0.0,0.001060531,0.0010468604,0.0010394456,0.0010504029,0.0010563402,0.0010682394,0.0010722264,0.0010605311,0.0010468602,0.0010394457,0.0010504029,0.0010563402,0.0010682396,0.0,0.0,0.0,0.0010307885,0.0010118131,0.0010678851,0.0010903765,0.0010722124,0.0010605309,0.0,0.0010307885,0.0010118131,0.0010678851,0.0010792195,0.0010722256,0.001060531,0.0010468602,0.0010678851,0.0,0.0010307885,0.0010118132,0.0,0.0010605309,0.0010468602,0.0010394456,0.0010504029,0.0010563402,0.0010682403,0.0,0.0010605309,0.0010468602,0.0010394456,0.0010504029,0.0010563402,0.0010682398,0.0,0.0010605319,0.0010468602,0.0010394456,0.0010504029,0.0010563402,0.001068242,0.0010722217,0.0010605309,0.0010468602,0.0010394456,0.0010504029,0.0010563402,0.0010682399,0.0,0.0,0.0010468602,0.0010307885,0.001021267,0.0010317412,0.0011073872,0.0,0.0010605309,0.0010468602,0.0010394456,0.0010504029,0.0010563402,0.0010682392,0.0010724246,0.0010605338,0.0010468606,0.0010394457,0.0010504029,0.0010563402,0.0010682431
k__Bacteria|p__Firmicutes|c__Clostridia|o__Eubacteriales|f__Lachnospiraceae|g__Lachnospiraceae_unclassified|s__Lachnospiraceae_bacterium_AM48_27BH,0.0,0.0010590211,0.0010452687,0.0010377667,0.001048621,0.0010544485,0.0010662925,0.0,0.0010590213,0.0010452687,0.0010377667,0.001048621,0.0010544485,0.0010662923,0.0,0.0,0.0010452779,0.0010291195,0.0010195025,0.0010298643,0.0011058886,0.0010708027,0.0,0.0010452687,0.0010291138,0.0010195018,0.0010298643,0.0011058877,0.0,0.0,0.0010452687,0.0010291138,0.0010195018,0.0010298643,0.0011058878,0.0010707815,0.0010590212,0.0010452687,0.0010377667,0.001048621,0.0010544485,0.0010662923,0.0,0.0010590215,0.0010452688,0.0010377667,0.001048621,0.0010544485,0.0010662932,0.0010707815,0.0010590212,0.0010452687,0.0010377667,0.001048621,0.0010544485,0.0010662924,0.0,0.0010590213,0.0010452695,0.0010377669,0.001048621,0.0010544485,0.0010662935,0.0,0.0010590213,0.0010452687,0.0010377667,0.001048621,0.0010544485,0.0010662924,0.0,0.0010590213,0.0,0.0010291138,0.0010100545,0.0010663747,0.0010776254,0.0,0.0010590212,0.0010452687,0.0010377667,0.001048621,0.0010544485,0.0010662933,0.0,0.0,0.0,0.0010291138,0.0010100545,0.0010663747,0.001088872,0.0010707887,0.0010590213,0.0,0.0010291138,0.0010100545,0.001066375,0.0010776335,0.0010708352,0.0,0.0,0.0010291139,0.0010100545,0.001066375,0.0010888712,0.0010707987,0.0,0.0010452687,0.0,0.0010590212,0.0010452687,0.0010663749,0.0010707837,0.0,0.0,0.0010291138,0.0010100545,0.0010663747,0.0010888692,0.0,0.0010590219,0.0,0.0010291138,0.0010100545,0.0010663747,0.0010776233,0.0,0.0,0.0010452693,0.001059022,0.0,0.0010291138,0.0010590213,0.0010707963,0.0010590213,0.0,0.0010291138,0.0010100545,0.0010663747,0.0010776231,0.0,0.0,0.0010452688,0.0010291138,0.0010195018,0.0010298643,0.0011058882,0.0,0.0,0.0010452687,0.0,0.0010590212,0.0010452687,0.0010663749,0.0,0.001059023,0.0,0.0010590213,0.0,0.0010590212,0.0010452691,0.0,0.0,0.0010452778,0.0010291153,0.0010195022,0.0010298643,0.0011058885,0.0,0.0010590415,0.0010590234,0.0010532278,0.0010643556,0.0,0.0009875033,0.0,0.0010590224,0.0010452693,0.0,0.0010590212,0.0010452688,0.0010377696,0.0010707852,0.0010590212,0.0010452687,0.0,0.0010590212,0.0010452687,0.0010377682,0.0,0.0010590213,0.0010452688,0.0010377667,0.001048621,0.0010544485,0.0010662923,0.0010707815,0.0010590212,0.0010452687,0.0010377667,0.001048621,0.0010544485,0.0010662924,0.0010708004,0.0,0.0,0.0010291138,0.0010100545,0.0010663747,0.0010888692,0.0010707856,0.0,0.0010452687,0.0010291138,0.0010195018,0.0010298643,0.001105888,0.0,0.0010590213,0.0,0.0010291138,0.0010100545,0.0010663747,0.0010776231,0.0010707936,0.0,0.0010452687,0.0010291138,0.0010195018,0.0010298643,0.0011058983,0.0,0.0010590212,0.0010452687,0.0010377667,0.001048621,0.0010544485,0.0010662946,0.001070782,0.0010590212,0.0010452687,0.0010377667,0.001048621,0.0010544485,0.0010662923,0.0,0.0010590216,0.0010452688,0.0010377667,0.001048621,0.0010544485,0.0010662925,0.0,0.0,0.0010452687,0.0010291138,0.0010195018,0.0010298643,0.0011058878,0.0010707829,0.0010590212,0.0,0.0,0.0010590213,0.0010590213,0.0010532283,0.0010708054,0.0,0.001045269,0.0,0.0010590213,0.0010452687,0.0010663784,0.0010708646,0.0,0.0010590213,0.0010452688,0.0010377667,0.0,0.001059022,0.0,0.0010590211,0.0,0.0010291138,0.0010100545,0.0010663749,0.0010776311,0.0010707851,0.0,0.0010452687,0.0010291138,0.0010195022,0.0010298645,0.0011059762,0.0010707907,0.0,0.0,0.0010291138,0.0010100545,0.0010663747,0.0010888688,0.0,0.0010590213,0.0010452688,0.0010377667,0.001048621,0.0010544485,0.0010662923,0.0010707937,0.0010590212,0.0010452688,0.0,0.0010590212,0.0010452687,0.001037768,0.0010707836,0.0,0.0010452688,0.0010291139,0.0010195018,0.0010298643,0.0011058908,0.001070784,0.0,0.0010452688,0.0010291138,0.0010195022,0.0010298643,0.0011058904,0.0,0.0010590212,0.0010590213,0.0010532277,0.0010643556,0.0,0.0009875506,0.0010708044,0.0,0.0010452688,0.0010291138,0.0010195018,0.0010298643,0.0011058878,0.0010707857,0.0,0.0,0.0010291138,0.0010100545,0.0010663747,0.0010888713,0.0010708293,0.0010590216,0.0,0.0010291145,0.0010100546,0.001066375,0.0010776323,0.0,0.0010590212,0.0010452688,0.0010377667,0.001048621,0.0010544485,0.0010662923,0.0,0.0010590216,0.0,0.0010291138,0.0010100545,0.0010663747,0.0010776231,0.0,0.0010590213,0.0010452688,0.0010377667,0.001048621,0.0010544485,0.0010662926,0.001070793,0.0010590212,0.0010452688,0.0010377669,0.001048621,0.0010544485,0.0010662931,0.0,0.0,0.0,0.0010291138,0.0010100545,0.0010663747,0.0010888696,0.0010707813,0.0010590212,0.0,0.0010291138,0.0010100545,0.0010663747,0.0010776243,0.0010707885,0.0010590212,0.0010452687,0.0010663747,0.0,0.0010291138,0.0010100546,0.0,0.0010590212,0.0010452687,0.0010377667,0.001048621,0.0010544485,0.0010662938,0.0,0.0010590212,0.0010452687,0.0010377667,0.001048621,0.0010544485,0.0010662929,0.0,0.0010590215,0.0010452688,0.0010377667,0.001048621,0.0010544485,0.001066296,0.0010707877,0.0010590212,0.0010452687,0.0010377667,0.001048621,0.0010544485,0.0010662931,0.0,0.0,0.0010452687,0.0010291138,0.0010195018,0.0010298643,0.0011058885,0.0,0.0010590212,0.0010452687,0.0010377667,0.001048621,0.0010544485,0.0010662924,0.001070926,0.001059022,0.0010452688,0.0010377668,0.001048621,0.0010544485,0.0010662971
k__Bacteria|p__Firmicutes|c__Clostridia|o__Eubacteriales|f__Lachnospiraceae|g__Lachnospiraceae_unclassified|s__Lachnospiraceae_bacterium_Marseille_Q4251,0.0,0.0010613872,0.001047715,0.0010402801,0.0010511738,0.0010570532,0.0010689001,0.0,0.0010613872,0.001047715,0.0010402801,0.0010511738,0.0010570532,0.0010689,0.0,0.0,0.001047734,0.0010316535,0.0010220993,0.0010325107,0.0011080886,0.0010731106,0.0,0.0010477152,0.0010316407,0.0010220985,0.0010325107,0.0011080878,0.0,0.0,0.0010477152,0.0010316407,0.0010220985,0.0010325107,0.0011080878,0.0010730693,0.0010613871,0.001047715,0.0010402801,0.0010511738,0.0010570532,0.0010689,0.0,0.0010613877,0.0010477152,0.0010402801,0.0010511738,0.0010570532,0.0010689007,0.0010730694,0.0010613871,0.001047715,0.0010402801,0.0010511738,0.0010570532,0.0010689,0.0,0.0010613876,0.0010477158,0.0010402803,0.0010511738,0.0010570532,0.0010689007,0.0,0.0010613872,0.001047715,0.0010402801,0.0010511738,0.0010570532,0.0010689001,0.0,0.0010613872,0.0,0.0010316407,0.0010126607,0.001068722,0.0010799897,0.0,0.0010613871,0.001047715,0.0010402801,0.0010511738,0.0010570532,0.0010689006,0.0,0.0,0.0,0.0010316407,0.0010126601,0.001068722,0.0010911452,0.0010730801,0.0010613872,0.0,0.0010316407,0.0010126601,0.001068722,0.0010799975,0.0010731608,0.0,0.0,0.0010316407,0.0010126607,0.001068722,0.0010911446,0.0010730989,0.0,0.0010477152,0.0,0.0010613871,0.001047715,0.0010687221,0.001073073,0.0,0.0,0.0010316407,0.0010126601,0.001068722,0.0010911433,0.0,0.0010613891,0.0,0.0010316407,0.0010126601,0.001068722,0.0010799883,0.0,0.0,0.0010477162,0.0010613885,0.0,0.0010316407,0.0010613876,0.0010731001,0.0010613876,0.0,0.0010316403,0.0010126601,0.001068722,0.0010799881,0.0,0.0,0.0010477153,0.0010316407,0.0010220985,0.0010325107,0.0011080882,0.0,0.0,0.001047715,0.0,0.0010613871,0.001047715,0.0010687221,0.0,0.0010613927,0.0,0.0010613874,0.0,0.0010613871,0.0010477153,0.0,0.0,0.0010477367,0.0010316443,0.0010220985,0.0010325107,0.0011080886,0.0,0.0010614392,0.0010613931,0.0010556581,0.0010668142,0.0,0.0009901825,0.0,0.0010613903,0.0010477165,0.0,0.0010613876,0.0010477152,0.0010402835,0.0010730764,0.0010613871,0.001047715,0.0,0.0010613871,0.001047715,0.0010402816,0.0,0.0010613872,0.0010477153,0.0010402801,0.0010511738,0.0010570532,0.0010689,0.0010730692,0.0010613871,0.001047715,0.0010402801,0.0010511738,0.0010570532,0.0010689001,0.0010731022,0.0,0.0,0.0010316407,0.0010126601,0.001068722,0.001091143,0.0010730763,0.0,0.001047715,0.0010316407,0.0010220985,0.0010325107,0.0011080881,0.0,0.0010613874,0.0,0.0010316407,0.0010126601,0.001068722,0.0010799881,0.0010730909,0.0,0.001047715,0.0010316407,0.0010220985,0.0010325107,0.0011080969,0.0,0.0010613871,0.001047715,0.0010402801,0.0010511738,0.0010570532,0.0010689016,0.0010730699,0.0010613871,0.001047715,0.0010402801,0.0010511738,0.0010570532,0.0010689,0.0,0.001061388,0.0010477152,0.0010402801,0.0010511738,0.0010570532,0.0010689001,0.0,0.0,0.001047715,0.0010316407,0.0010220985,0.0010325107,0.001108088,0.001073072,0.0010613871,0.0,0.0,0.0010613874,0.0010613872,0.0010556582,0.0010731146,0.0,0.0010477155,0.0,0.0010613874,0.0010477152,0.0010687257,0.0010732114,0.0,0.0010613876,0.0010477152,0.0010402801,0.0,0.0010613881,0.0,0.0010613871,0.0,0.0010316407,0.0010126601,0.0010687219,0.0010799954,0.0010730763,0.0,0.0010477152,0.0010316407,0.0010220985,0.0010325111,0.0011081505,0.0010730901,0.0,0.0,0.0010316407,0.0010126601,0.001068722,0.001091143,0.0,0.0010613874,0.0010477153,0.0010402801,0.0010511738,0.0010570532,0.0010689,0.0010730798,0.0010613872,0.0010477152,0.0,0.0010613871,0.001047715,0.0010402816,0.0010730721,0.0,0.0010477152,0.0010316408,0.0010220985,0.0010325107,0.0011080898,0.001073074,0.0,0.0010477153,0.0010316407,0.0010220985,0.0010325107,0.0011080902,0.0,0.0010613872,0.0010613876,0.0010556577,0.0010668141,0.0,0.0009902222,0.0010731114,0.0,0.0010477152,0.0010316407,0.0010220985,0.0010325107,0.0011080878,0.0010730755,0.0,0.0,0.0010316407,0.0010126607,0.001068722,0.0010911447,0.0010731481,0.0010613882,0.0,0.0010316417,0.0010126607,0.001068722,0.0010799958,0.0,0.0010613872,0.0010477152,0.0010402801,0.0010511738,0.0010570532,0.0010689,0.0,0.0010613888,0.0,0.0010316407,0.0010126601,0.001068722,0.0010799881,0.0,0.0010613871,0.0010477153,0.0010402801,0.0010511738,0.0010570532,0.0010689,0.0010730876,0.0010613875,0.0010477152,0.0010402804,0.0010511738,0.0010570532,0.0010689006,0.0,0.0,0.0,0.0010316407,0.0010126601,0.001068722,0.0010911436,0.0010730687,0.0010613871,0.0,0.0010316407,0.0010126601,0.001068722,0.0010799892,0.001073085,0.0010613872,0.001047715,0.001068722,0.0,0.0010316407,0.0010126607,0.0,0.0010613871,0.001047715,0.0010402801,0.0010511738,0.0010570532,0.001068901,0.0,0.0010613871,0.0010477152,0.0010402801,0.0010511738,0.0010570532,0.0010689001,0.0,0.0010613878,0.0010477152,0.0010402801,0.0010511738,0.0010570532,0.0010689021,0.0010730803,0.0010613871,0.0010477152,0.0010402801,0.0010511738,0.0010570532,0.0010689005,0.0,0.0,0.001047715,0.0010316407,0.0010220985,0.0010325103,0.0011080883,0.0,0.0010613871,0.001047715,0.0010402801,0.0010511738,0.0010570532,0.0010689001,0.0010733171,0.0010613893,0.0010477152,0.0010402801,0.0010511738,0.0010570535,0.0010689027
k__Bacteria|p__Firmicutes|c__Clostridia|o__Eubacteriales|f__Lachnospiraceae|g__Luxibacter|s__Luxibacter_massiliensis,0.0,0.0010602591,0.0010464967,0.0010389533,0.0010496944,0.0010554179,0.0010671716,0.0,0.0010602592,0.0010464967,0.0010389533,0.0010496944,0.0010554179,0.0010671715,0.0,0.0,0.0010465052,0.0010303339,0.0010206747,0.001030926,0.0011068757,0.0010720461,0.0,0.0010464967,0.001030329,0.0010206746,0.001030926,0.0011068761,0.0,0.0,0.0010464967,0.001030329,0.0010206746,0.001030926,0.0011068762,0.0010720275,0.0010602592,0.0010464967,0.0010389533,0.0010496944,0.0010554179,0.0010671715,0.0,0.0010602593,0.0010464967,0.0010389533,0.0010496944,0.0010554179,0.0010671718,0.0010720276,0.0010602592,0.0010464967,0.0010389533,0.0010496944,0.0010554179,0.0010671716,0.0,0.0010602592,0.0010464969,0.0010389534,0.0010496944,0.0010554179,0.0010671722,0.0,0.0010602592,0.0010464967,0.0010389533,0.0010496944,0.0010554179,0.0010671716,0.0,0.0010602592,0.0,0.001030329,0.0010112539,0.0010675816,0.0010787125,0.0,0.0010602592,0.0010464967,0.0010389532,0.0010496944,0.0010554179,0.0010671716,0.0,0.0,0.0,0.001030329,0.0010112539,0.0010675816,0.0010899635,0.001072033,0.0010602592,0.0,0.001030329,0.0010112539,0.0010675816,0.001078713,0.0010720696,0.0,0.0,0.0010303291,0.0010112539,0.0010675816,0.0010899635,0.0010720426,0.0,0.0010464967,0.0,0.0010602592,0.0010464967,0.0010675816,0.001072029,0.0,0.0,0.001030329,0.0010112539,0.0010675816,0.0010899635,0.0,0.0010602596,0.0,0.001030329,0.0010112539,0.0010675816,0.0010787122,0.0,0.0,0.0010464971,0.00106026,0.0,0.001030329,0.0010602592,0.0010720405,0.0010602592,0.0,0.0010303289,0.0010112539,0.0010675816,0.0010787123,0.0,0.0,0.0010464967,0.001030329,0.0010206746,0.001030926,0.001106876,0.0,0.0,0.0010464967,0.0,0.0010602592,0.0010464967,0.0010675816,0.0,0.0010602594,0.0,0.0010602593,0.0,0.0010602592,0.0010464968,0.0,0.0,0.0010465063,0.0010303301,0.0010206747,0.001030926,0.0011068756,0.0,0.0010602805,0.0010602612,0.0010544257,0.0010654383,0.0,0.0009886713,0.0,0.0010602598,0.001046497,0.0,0.0010602594,0.0010464967,0.0010389545,0.0010720311,0.0010602592,0.0010464967,0.0,0.0010602592,0.0010464967,0.0010389535,0.0,0.0010602593,0.0010464968,0.0010389532,0.0010496944,0.0010554179,0.0010671717,0.0010720274,0.0010602592,0.0010464967,0.0010389533,0.0010496944,0.0010554179,0.0010671716,0.0010720444,0.0,0.0,0.001030329,0.0010112539,0.0010675816,0.0010899634,0.0010720313,0.0,0.0010464967,0.001030329,0.0010206746,0.001030926,0.001106876,0.0,0.0010602593,0.0,0.001030329,0.0010112539,0.0010675816,0.001078712,0.0010720348,0.0,0.0010464967,0.001030329,0.0010206746,0.0010309258,0.0011068761,0.0,0.0010602592,0.0010464967,0.0010389533,0.0010496944,0.0010554179,0.0010671716,0.0010720283,0.0010602592,0.0010464967,0.0010389533,0.0010496944,0.0010554179,0.0010671715,0.0,0.0010602594,0.0010464967,0.0010389532,0.0010496944,0.0010554179,0.0010671716,0.0,0.0,0.0010464967,0.001030329,0.0010206746,0.001030926,0.0011068762,0.0010720287,0.0010602592,0.0,0.0,0.0010602593,0.0010602592,0.0010544257,0.0010720459,0.0,0.0010464968,0.0,0.0010602593,0.0010464967,0.0010675826,0.0010720948,0.0,0.0010602593,0.0010464967,0.0010389532,0.0,0.0010602593,0.0,0.0010602591,0.0,0.001030329,0.0010112539,0.0010675816,0.0010787133,0.0010720309,0.0,0.0010464967,0.001030329,0.0010206747,0.001030926,0.0011068791,0.0010720342,0.0,0.0,0.001030329,0.0010112539,0.0010675816,0.0010899635,0.0,0.0010602593,0.0010464968,0.0010389533,0.0010496944,0.0010554179,0.0010671715,0.0010720448,0.0010602593,0.0010464967,0.0,0.0010602592,0.0010464967,0.0010389542,0.0010720291,0.0,0.0010464967,0.0010303291,0.0010206746,0.001030926,0.0011068758,0.0010720289,0.0,0.0010464968,0.001030329,0.0010206747,0.0010309259,0.001106876,0.0,0.0010602593,0.0010602593,0.0010544256,0.0010654381,0.0,0.0009886894,0.0010720479,0.0,0.0010464967,0.001030329,0.0010206746,0.001030926,0.0011068762,0.0010720298,0.0,0.0,0.001030329,0.0010112539,0.0010675816,0.0010899636,0.0010720716,0.0010602594,0.0,0.0010303296,0.0010112541,0.0010675816,0.0010787129,0.0,0.0010602592,0.0010464967,0.0010389532,0.0010496944,0.0010554179,0.0010671715,0.0,0.0010602595,0.0,0.001030329,0.0010112539,0.0010675816,0.001078712,0.0,0.0010602592,0.0010464967,0.0010389532,0.0010496944,0.0010554179,0.0010671716,0.0010720338,0.0010602592,0.0010464967,0.0010389535,0.0010496944,0.0010554179,0.0010671715,0.0,0.0,0.0,0.001030329,0.0010112539,0.0010675816,0.0010899635,0.0010720273,0.0010602592,0.0,0.001030329,0.0010112539,0.0010675816,0.0010787123,0.0010720314,0.0010602592,0.0010464967,0.0010675816,0.0,0.001030329,0.0010112541,0.0,0.0010602592,0.0010464967,0.0010389532,0.0010496944,0.0010554179,0.0010671715,0.0,0.0010602592,0.0010464967,0.0010389532,0.0010496944,0.0010554179,0.0010671717,0.0,0.0010602594,0.0010464967,0.0010389532,0.0010496944,0.0010554179,0.0010671716,0.0010720325,0.0010602592,0.0010464967,0.0010389532,0.0010496944,0.0010554179,0.0010671716,0.0,0.0,0.0010464967,0.001030329,0.0010206746,0.001030926,0.0011068761,0.0,0.0010602592,0.0010464967,0.0010389533,0.0010496944,0.0010554179,0.0010671716,0.0010721063,0.0010602594,0.0010464967,0.0010389533,0.0010496944,0.0010554179,0.0010671716
k__Bacteria|p__Firmicutes|c__Clostridia|o__Eubacteriales|f__Lachnospiraceae|g__Lachnoclostridium|s__Lachnoclostridium_SGB4602,0.0,0.0010583712,0.0010447633,0.0010374867,0.0010487576,0.0010549901,0.0010671268,0.0,0.0010583714,0.0010447633,0.0010374867,0.0010487576,0.0010549901,0.0010671265,0.0,0.0,0.0010447715,0.001028767,0.0010193832,0.0010301691,0.0011058041,0.0010700141,0.0,0.0010447633,0.001028761,0.0010193827,0.0010301691,0.0011058036,0.0,0.0,0.0010447633,0.001028761,0.0010193827,0.0010301691,0.0011058038,0.0010699959,0.0010583713,0.0010447633,0.0010374867,0.0010487576,0.0010549901,0.0010671265,0.0,0.0010583715,0.0010447635,0.0010374867,0.0010487576,0.0010549901,0.0010671271,0.001069996,0.0010583713,0.0010447633,0.0010374867,0.0010487576,0.0010549901,0.0010671269,0.0,0.0010583714,0.0010447636,0.0010374868,0.0010487576,0.0010549901,0.0010671272,0.0,0.0010583714,0.0010447633,0.0010374867,0.0010487576,0.0010549901,0.0010671266,0.0,0.0010583714,0.0,0.001028761,0.0010098623,0.0010657983,0.0010774481,0.0,0.0010583713,0.0010447633,0.0010374867,0.0010487576,0.0010549901,0.0010671272,0.0,0.0,0.0,0.001028761,0.0010098623,0.0010657983,0.0010885515,0.0010700019,0.0010583714,0.0,0.001028761,0.0010098623,0.0010657983,0.001077453,0.0010700367,0.0,0.0,0.0010287612,0.0010098623,0.0010657983,0.001088551,0.0010700091,0.0,0.0010447633,0.0,0.0010583713,0.0010447633,0.0010657982,0.001069998,0.0,0.0,0.001028761,0.0010098623,0.0010657983,0.001088549,0.0,0.001058372,0.0,0.001028761,0.0010098623,0.0010657983,0.001077447,0.0,0.0,0.0010447638,0.0010583719,0.0,0.001028761,0.0010583714,0.0010700097,0.0010583714,0.0,0.0010287609,0.0010098623,0.0010657983,0.0010774465,0.0,0.0,0.0010447634,0.001028761,0.0010193827,0.0010301691,0.0011058036,0.0,0.0,0.0010447633,0.0,0.0010583713,0.0010447633,0.0010657982,0.0,0.0010583737,0.0,0.0010583714,0.0,0.0010583713,0.0010447634,0.0,0.0,0.0010447724,0.0010287623,0.0010193827,0.0010301691,0.0011058042,0.0,0.0010583954,0.0010583733,0.0010527953,0.0010643316,0.0,0.0009874747,0.0,0.0010583727,0.0010447637,0.0,0.0010583715,0.0010447633,0.0010374888,0.0010699995,0.0010583713,0.0010447633,0.0,0.0010583713,0.0010447633,0.0010374876,0.0,0.0010583714,0.0010447634,0.0010374867,0.0010487576,0.0010549901,0.0010671268,0.0010699959,0.0010583713,0.0010447633,0.0010374867,0.0010487576,0.0010549901,0.0010671268,0.0010700114,0.0,0.0,0.001028761,0.0010098623,0.0010657983,0.001088549,0.0010699983,0.0,0.0010447633,0.001028761,0.0010193827,0.0010301691,0.0011058035,0.0,0.0010583714,0.0,0.001028761,0.0010098623,0.0010657983,0.0010774465,0.0010700066,0.0,0.0010447633,0.001028761,0.0010193827,0.0010301691,0.00110581,0.0,0.0010583713,0.0010447633,0.0010374867,0.0010487576,0.0010549901,0.0010671283,0.0010699962,0.0010583713,0.0010447633,0.0010374867,0.0010487576,0.0010549901,0.0010671265,0.0,0.0010583716,0.0010447633,0.0010374867,0.0010487576,0.0010549901,0.0010671268,0.0,0.0,0.0010447633,0.001028761,0.0010193827,0.0010301691,0.0011058038,0.0010699974,0.0010583713,0.0,0.0,0.0010583714,0.0010583714,0.0010527957,0.0010700169,0.0,0.0010447634,0.0,0.0010583714,0.0010447633,0.001065801,0.0010700589,0.0,0.0010583714,0.0010447633,0.0010374867,0.0,0.0010583719,0.0,0.0010583712,0.0,0.001028761,0.0010098623,0.0010657982,0.0010774512,0.0010699991,0.0,0.0010447633,0.001028761,0.0010193827,0.0010301694,0.0011058585,0.0010700048,0.0,0.0,0.001028761,0.0010098623,0.0010657983,0.001088549,0.0,0.0010583714,0.0010447634,0.0010374867,0.0010487576,0.0010549901,0.0010671265,0.0010700044,0.0010583713,0.0010447633,0.0,0.0010583713,0.0010447633,0.0010374876,0.0010699978,0.0,0.0010447633,0.0010287612,0.0010193827,0.0010301691,0.0011058059,0.0010699985,0.0,0.0010447634,0.001028761,0.0010193827,0.0010301691,0.0011058052,0.0,0.0010583713,0.0010583714,0.0010527951,0.0010643314,0.0,0.0009875129,0.0010700158,0.0,0.0010447633,0.001028761,0.0010193827,0.0010301691,0.0011058038,0.00107,0.0,0.0,0.001028761,0.0010098623,0.0010657983,0.0010885511,0.0010700279,0.0010583716,0.0,0.0010287616,0.001009863,0.0010657983,0.0010774535,0.0,0.0010583713,0.0010447633,0.0010374867,0.0010487576,0.0010549901,0.0010671265,0.0,0.0010583719,0.0,0.001028761,0.0010098623,0.0010657983,0.0010774465,0.0,0.0010583714,0.0010447634,0.0010374867,0.0010487576,0.0010549901,0.0010671269,0.0010700051,0.0010583713,0.0010447634,0.0010374867,0.0010487576,0.0010549901,0.0010671269,0.0,0.0,0.0,0.001028761,0.0010098623,0.0010657983,0.0010885497,0.0010699957,0.0010583713,0.0,0.001028761,0.0010098623,0.0010657983,0.0010774472,0.001070004,0.0010583713,0.0010447633,0.0010657983,0.0,0.001028761,0.0010098625,0.0,0.0010583713,0.0010447633,0.0010374867,0.0010487576,0.0010549901,0.0010671276,0.0,0.0010583713,0.0010447633,0.0010374867,0.0010487576,0.0010549901,0.0010671269,0.0,0.0010583715,0.0010447633,0.0010374867,0.0010487576,0.0010549901,0.0010671287,0.0010700009,0.0010583713,0.0010447633,0.0010374867,0.0010487576,0.0010549901,0.0010671273,0.0,0.0,0.0010447633,0.001028761,0.0010193827,0.0010301691,0.001105804,0.0,0.0010583713,0.0010447633,0.0010374867,0.0010487576,0.0010549901,0.0010671266,0.0010701234,0.0010583723,0.0010447634,0.0010374867,0.0010487576,0.0010549901,0.0010671297
k__Bacteria|p__Firmicutes|c__Clostridia|o__Eubacteriales|f__Lachnospiraceae|g__Oribacterium|s__Oribacterium_parvum,0.0,0.0010597022,0.0010461414,0.0010389052,0.0010502028,0.0010564697,0.0010686109,0.0,0.0010597025,0.0010461414,0.0010389052,0.0010502028,0.0010564697,0.0010686108,0.0,0.0,0.0010461537,0.0010301942,0.0010208504,0.0010316693,0.0011070478,0.0010713293,0.0,0.0010461414,0.0010301864,0.0010208499,0.0010316692,0.0011070471,0.0,0.0,0.0010461414,0.0010301864,0.0010208499,0.0010316692,0.0011070471,0.0010712816,0.0010597024,0.0010461414,0.0010389052,0.0010502028,0.0010564697,0.0010686107,0.0,0.0010597032,0.0010461415,0.0010389052,0.0010502028,0.0010564697,0.0010686115,0.0010712817,0.0010597024,0.0010461414,0.0010389052,0.0010502028,0.0010564697,0.0010686108,0.0,0.0010597026,0.0010461421,0.0010389053,0.0010502028,0.0010564697,0.0010686117,0.0,0.0010597025,0.0010461414,0.0010389052,0.0010502028,0.0010564697,0.0010686108,0.0,0.0010597025,0.0,0.0010301864,0.0010113345,0.0010671194,0.0010787841,0.0,0.0010597024,0.0010461414,0.0010389052,0.0010502028,0.0010564697,0.001068611,0.0,0.0,0.0,0.0010301864,0.0010113345,0.0010671197,0.0010898336,0.0010712956,0.0010597025,0.0,0.0010301864,0.0010113345,0.0010671194,0.0010787892,0.0010713786,0.0,0.0,0.0010301864,0.0010113345,0.0010671194,0.001089833,0.001071316,0.0,0.0010461414,0.0,0.0010597024,0.0010461414,0.0010671198,0.0010712855,0.0,0.0,0.0010301864,0.0010113345,0.0010671194,0.0010898322,0.0,0.0010597036,0.0,0.0010301864,0.0010113345,0.0010671194,0.0010787828,0.0,0.0,0.0010461424,0.0010597038,0.0,0.0010301864,0.0010597028,0.0010713079,0.0010597026,0.0,0.0010301863,0.0010113345,0.0010671194,0.0010787825,0.0,0.0,0.0010461415,0.0010301864,0.0010208499,0.0010316692,0.0011070479,0.0,0.0,0.0010461414,0.0,0.0010597024,0.0010461414,0.0010671197,0.0,0.0010597047,0.0,0.0010597025,0.0,0.0010597024,0.0010461415,0.0,0.0,0.0010461558,0.0010301883,0.00102085,0.0010316692,0.0011070477,0.0,0.00105973,0.0010597056,0.0010541653,0.0010657217,0.0,0.000988991,0.0,0.0010597042,0.0010461421,0.0,0.0010597026,0.0010461415,0.0010389078,0.0010712901,0.0010597024,0.0010461414,0.0,0.0010597024,0.0010461414,0.0010389064,0.0,0.0010597025,0.0010461415,0.0010389052,0.0010502028,0.0010564697,0.0010686108,0.0010712817,0.0010597024,0.0010461414,0.0010389052,0.0010502028,0.0010564697,0.0010686108,0.0010713212,0.0,0.0,0.0010301864,0.0010113345,0.0010671194,0.001089832,0.0010712892,0.0,0.0010461414,0.0010301864,0.0010208499,0.0010316692,0.0011070474,0.0,0.0010597025,0.0,0.0010301864,0.0010113345,0.0010671194,0.0010787824,0.0010713015,0.0,0.0010461414,0.0010301864,0.0010208499,0.0010316693,0.0011070541,0.0,0.0010597024,0.0010461414,0.0010389052,0.0010502028,0.0010564697,0.0010686121,0.0010712831,0.0010597024,0.0010461414,0.0010389052,0.0010502028,0.0010564697,0.0010686107,0.0,0.0010597028,0.0010461415,0.0010389052,0.0010502028,0.0010564697,0.0010686109,0.0,0.0,0.0010461414,0.0010301864,0.0010208499,0.0010316692,0.0011070475,0.0010712852,0.0010597024,0.0,0.0,0.0010597025,0.0010597025,0.0010541653,0.0010713321,0.0,0.0010461415,0.0,0.0010597025,0.0010461414,0.0010671226,0.0010714283,0.0,0.0010597026,0.0010461415,0.0010389052,0.0,0.0010597031,0.0,0.0010597022,0.0,0.0010301864,0.0010113345,0.0010671198,0.0010787867,0.0010712898,0.0,0.0010461414,0.0010301864,0.00102085,0.0010316697,0.001107096,0.0010713009,0.0,0.0,0.0010301864,0.0010113345,0.0010671194,0.0010898318,0.0,0.0010597025,0.0010461415,0.0010389052,0.0010502028,0.0010564697,0.0010686108,0.0010713246,0.0010597027,0.0010461415,0.0,0.0010597024,0.0010461414,0.0010389067,0.0010712853,0.0,0.0010461415,0.0010301864,0.00102085,0.0010316692,0.0011070486,0.0010712865,0.0,0.0010461415,0.0010301864,0.00102085,0.0010316692,0.0011070488,0.0,0.0010597025,0.0010597026,0.0010541647,0.0010657216,0.0,0.0009890265,0.0010713303,0.0,0.0010461415,0.0010301864,0.0010208499,0.0010316692,0.0011070471,0.0010712881,0.0,0.0,0.0010301864,0.0010113345,0.0010671197,0.0010898331,0.0010713765,0.0010597032,0.0,0.0010301872,0.0010113346,0.0010671197,0.0010787891,0.0,0.0010597025,0.0010461415,0.0010389052,0.0010502028,0.0010564697,0.0010686107,0.0,0.0010597032,0.0,0.0010301864,0.0010113345,0.0010671194,0.0010787824,0.0,0.0010597025,0.0010461415,0.0010389052,0.0010502028,0.0010564697,0.0010686108,0.0010712991,0.0010597025,0.0010461415,0.0010389055,0.0010502028,0.0010564697,0.0010686109,0.0,0.0,0.0,0.0010301864,0.0010113345,0.0010671194,0.0010898322,0.0010712811,0.0010597024,0.0,0.0010301864,0.0010113345,0.0010671194,0.0010787833,0.001071296,0.0010597025,0.0010461414,0.0010671194,0.0,0.0010301864,0.0010113346,0.0,0.0010597024,0.0010461414,0.0010389052,0.0010502028,0.0010564697,0.0010686115,0.0,0.0010597024,0.0010461414,0.0010389052,0.0010502028,0.0010564697,0.0010686109,0.0,0.0010597028,0.0010461415,0.0010389052,0.0010502028,0.0010564697,0.0010686122,0.0010712936,0.0010597024,0.0010461414,0.0010389052,0.0010502028,0.0010564697,0.001068611,0.0,0.0,0.0010461414,0.0010301864,0.0010208499,0.0010316692,0.0011070477,0.0,0.0010597024,0.0010461414,0.0010389052,0.0010502028,0.0010564697,0.0010686108,0.0010715065,0.0010597038,0.0010461415,0.0010389052,0.0010502028,0.0010564697,0.0010686129
k__Bacteria|p__Firmicutes|c__Clostridia|o__Eubacteriales|f__Lachnospiraceae|g__Oribacterium|s__Oribacterium_SGB5287,0.0,0.0010609035,0.0010472529,0.0010398597,0.001050842,0.0010568063,0.0010687192,0.0,0.0010609035,0.0010472529,0.0010398597,0.001050842,0.0010568063,0.0010687191,0.0,0.0,0.0010472642,0.0010312094,0.0010217029,0.0010322039,0.0011077571,0.0010725975,0.0,0.0010472529,0.0010312014,0.0010217025,0.0010322039,0.0011077563,0.0,0.0,0.0010472527,0.0010312014,0.0010217025,0.0010322039,0.0011077563,0.0010725659,0.0010609034,0.0010472529,0.0010398597,0.001050842,0.0010568063,0.0010687188,0.0,0.0010609038,0.0010472527,0.0010398597,0.001050842,0.0010568063,0.0010687195,0.0010725659,0.0010609034,0.0010472529,0.0010398597,0.001050842,0.0010568063,0.0010687192,0.0,0.0010609038,0.0010472534,0.0010398597,0.001050842,0.0010568063,0.0010687197,0.0,0.0010609035,0.0010472529,0.0010398597,0.001050842,0.0010568063,0.001068719,0.0,0.0010609035,0.0,0.0010312014,0.0010122464,0.0010682575,0.0010796132,0.0,0.0010609034,0.0010472529,0.0010398596,0.001050842,0.0010568063,0.0010687197,0.0,0.0,0.0,0.0010312014,0.0010122464,0.0010682575,0.0010907487,0.0010725736,0.0010609035,0.0,0.0010312014,0.0010122464,0.0010682575,0.0010796181,0.0010726241,0.0,0.0,0.0010312016,0.0010122464,0.0010682575,0.0010907486,0.0010725859,0.0,0.0010472529,0.0,0.0010609034,0.0010472529,0.0010682578,0.0010725679,0.0,0.0,0.0010312014,0.0010122464,0.0010682575,0.0010907475,0.0,0.0010609047,0.0,0.0010312014,0.0010122464,0.0010682575,0.0010796122,0.0,0.0,0.0010472534,0.0010609042,0.0,0.0010312014,0.0010609038,0.0010725856,0.0010609038,0.0,0.0010312013,0.0010122464,0.0010682575,0.0010796118,0.0,0.0,0.001047253,0.0010312014,0.0010217025,0.0010322039,0.0011077564,0.0,0.0,0.0010472529,0.0,0.0010609034,0.0010472529,0.0010682577,0.0,0.0010609064,0.0,0.0010609035,0.0,0.0010609034,0.001047253,0.0,0.0,0.0010472644,0.0010312035,0.0010217025,0.0010322039,0.0011077566,0.0,0.0010609296,0.0010609066,0.0010552146,0.0010664593,0.0,0.0009897935,0.0,0.0010609052,0.0010472534,0.0,0.0010609039,0.0010472528,0.0010398619,0.0010725713,0.0010609034,0.0010472529,0.0,0.0010609034,0.0010472529,0.0010398604,0.0,0.0010609038,0.001047253,0.0010398596,0.001050842,0.0010568063,0.001068719,0.0010725659,0.0010609034,0.0010472529,0.0010398597,0.001050842,0.0010568063,0.001068719,0.0010725858,0.0,0.0,0.0010312014,0.0010122464,0.0010682575,0.0010907474,0.0010725689,0.0,0.0010472529,0.0010312014,0.0010217025,0.0010322039,0.0011077566,0.0,0.0010609035,0.0,0.0010312014,0.0010122464,0.0010682575,0.0010796118,0.0010725812,0.0,0.0010472529,0.0010312014,0.0010217025,0.0010322039,0.0011077613,0.0,0.0010609034,0.0010472529,0.0010398597,0.001050842,0.0010568063,0.0010687201,0.0010725665,0.0010609034,0.0010472529,0.0010398597,0.001050842,0.0010568063,0.0010687188,0.0,0.0010609039,0.0010472529,0.0010398596,0.001050842,0.0010568063,0.0010687192,0.0,0.0,0.0010472529,0.0010312014,0.0010217025,0.0010322039,0.0011077564,0.0010725678,0.0010609034,0.0,0.0,0.0010609035,0.0010609035,0.0010552146,0.0010725994,0.0,0.001047253,0.0,0.0010609035,0.0010472529,0.0010682602,0.0010726653,0.0,0.0010609038,0.0010472528,0.0010398596,0.0,0.001060904,0.0,0.0010609033,0.0,0.0010312014,0.0010122464,0.0010682575,0.0010796181,0.0010725704,0.0,0.0010472529,0.0010312014,0.0010217025,0.0010322043,0.0011077935,0.0010725796,0.0,0.0,0.0010312014,0.0010122464,0.0010682575,0.0010907474,0.0,0.0010609035,0.001047253,0.0010398597,0.001050842,0.0010568063,0.0010687188,0.0010725915,0.0010609039,0.0010472529,0.0,0.0010609033,0.0010472529,0.0010398605,0.0010725674,0.0,0.0010472528,0.0010312014,0.0010217025,0.0010322039,0.0011077578,0.0010725687,0.0,0.001047253,0.0010312014,0.0010217025,0.001032204,0.0011077577,0.0,0.0010609034,0.0010609038,0.0010552141,0.0010664593,0.0,0.000989828,0.0010725907,0.0,0.0010472528,0.0010312014,0.0010217025,0.0010322039,0.0011077563,0.0010725703,0.0,0.0,0.0010312014,0.0010122464,0.0010682575,0.0010907486,0.0010726223,0.001060904,0.0,0.001031202,0.0010122465,0.0010682576,0.001079617,0.0,0.0010609037,0.0010472529,0.0010398596,0.001050842,0.0010568063,0.0010687188,0.0,0.0010609042,0.0,0.0010312014,0.0010122464,0.0010682575,0.0010796118,0.0,0.0010609038,0.0010472528,0.0010398596,0.001050842,0.0010568063,0.0010687192,0.0010725769,0.0010609037,0.0010472529,0.0010398597,0.001050842,0.0010568063,0.0010687192,0.0,0.0,0.0,0.0010312014,0.0010122464,0.0010682575,0.0010907479,0.0010725657,0.0010609034,0.0,0.0010312014,0.0010122464,0.0010682575,0.0010796128,0.0010725758,0.0010609034,0.0010472529,0.0010682575,0.0,0.0010312014,0.0010122465,0.0,0.0010609034,0.0010472529,0.0010398596,0.001050842,0.0010568063,0.0010687198,0.0,0.0010609034,0.0010472529,0.0010398596,0.001050842,0.0010568063,0.0010687193,0.0,0.0010609039,0.0010472529,0.0010398596,0.001050842,0.0010568063,0.0010687211,0.0010725713,0.0010609034,0.0010472529,0.0010398596,0.001050842,0.0010568063,0.0010687194,0.0,0.0,0.0010472529,0.0010312014,0.0010217025,0.0010322039,0.0011077567,0.0,0.0010609034,0.0010472529,0.0010398597,0.001050842,0.0010568063,0.001068719,0.0010727769,0.0010609046,0.0010472529,0.0010398595,0.001050842,0.0010568063,0.0010687215
k__Bacteria|p__Firmicutes|c__Clostridia|o__Eubacteriales|f__Lachnospiraceae|g__Merdimonas|s__Merdimonas_faecis,0.0,0.0010612732,0.0010476827,0.00104037,0.0010514811,0.0010575737,0.0010695708,0.0,0.0010612734,0.0010476827,0.00104037,0.0010514811,0.0010575737,0.0010695707,0.0,0.0,0.001047687,0.0010316973,0.0010222784,0.001032913,0.0011082494,0.0010728838,0.0,0.0010476827,0.001031694,0.0010222784,0.001032913,0.0011082488,0.0,0.0,0.0010476827,0.001031694,0.0010222784,0.001032913,0.001108249,0.0010728783,0.0010612733,0.0010476827,0.00104037,0.0010514811,0.0010575737,0.0010695707,0.0,0.0010612734,0.0010476828,0.00104037,0.0010514811,0.0010575737,0.001069572,0.0010728784,0.0010612733,0.0010476827,0.00104037,0.0010514811,0.0010575737,0.0010695708,0.0,0.0010612734,0.0010476833,0.0010403701,0.0010514811,0.0010575737,0.0010695709,0.0,0.0010612734,0.0010476827,0.00104037,0.0010514811,0.0010575737,0.0010695708,0.0,0.0010612734,0.0,0.001031694,0.001012804,0.001068644,0.0010801187,0.0,0.0010612733,0.0010476827,0.00104037,0.0010514811,0.0010575737,0.001069571,0.0,0.0,0.0,0.001031694,0.001012804,0.001068644,0.0010911896,0.0010728795,0.0010612734,0.0,0.001031694,0.001012804,0.001068644,0.0010801199,0.0010728802,0.0,0.0,0.0010316941,0.001012804,0.001068644,0.0010911904,0.001072881,0.0,0.0010476827,0.0,0.0010612733,0.0010476827,0.001068644,0.0010728777,0.0,0.0,0.001031694,0.001012804,0.001068644,0.0010911903,0.0,0.0010612733,0.0,0.001031694,0.001012804,0.001068644,0.0010801174,0.0,0.0,0.0010476835,0.0010612732,0.0,0.0010316942,0.0010612737,0.0010728771,0.0010612732,0.0,0.001031694,0.001012804,0.001068644,0.0010801171,0.0,0.0,0.0010476828,0.001031694,0.0010222784,0.001032913,0.0011082494,0.0,0.0,0.0010476827,0.0,0.0010612733,0.0010476827,0.001068644,0.0,0.0010612741,0.0,0.0010612734,0.0,0.0010612733,0.0010476828,0.0,0.0,0.0010476834,0.001031694,0.0010222783,0.001032913,0.0011082491,0.0,0.0010612722,0.0010612735,0.0010556612,0.0010670299,0.0,0.0009904158,0.0,0.0010612735,0.001047683,0.0,0.0010612733,0.0010476828,0.0010403725,0.0010728794,0.0010612733,0.0010476827,0.0,0.0010612733,0.0010476827,0.0010403709,0.0,0.0010612734,0.0010476828,0.00104037,0.0010514811,0.0010575737,0.0010695708,0.0010728783,0.0010612733,0.0010476827,0.00104037,0.0010514811,0.0010575737,0.0010695708,0.0010728792,0.0,0.0,0.0010316942,0.001012804,0.001068644,0.0010911903,0.0010728751,0.0,0.0010476827,0.001031694,0.0010222784,0.001032913,0.0011082492,0.0,0.0010612734,0.0,0.001031694,0.001012804,0.001068644,0.0010801171,0.0010728822,0.0,0.0010476827,0.001031694,0.0010222784,0.001032913,0.0011082547,0.0,0.0010612733,0.0010476827,0.00104037,0.0010514811,0.0010575737,0.0010695716,0.001072878,0.0010612733,0.0010476827,0.00104037,0.0010514811,0.0010575737,0.0010695707,0.0,0.0010612733,0.0010476828,0.00104037,0.0010514811,0.0010575737,0.0010695708,0.0,0.0,0.0010476827,0.001031694,0.0010222784,0.001032913,0.0011082491,0.0010728781,0.0010612733,0.0,0.0,0.0010612734,0.0010612734,0.0010556614,0.0010728856,0.0,0.0010476828,0.0,0.0010612734,0.0010476827,0.001068649,0.0010728948,0.0,0.0010612734,0.0010476828,0.00104037,0.0,0.0010612739,0.0,0.0010612732,0.0,0.001031694,0.001012804,0.001068644,0.001080126,0.0010728795,0.0,0.0010476827,0.001031694,0.0010222783,0.0010329133,0.001108278,0.0010728819,0.0,0.0,0.001031694,0.001012804,0.001068644,0.00109119,0.0,0.0010612734,0.0010476828,0.00104037,0.0010514811,0.0010575737,0.0010695707,0.001072883,0.0010612734,0.0010476828,0.0,0.0010612733,0.0010476827,0.0010403706,0.0010728774,0.0,0.0010476828,0.0010316944,0.0010222784,0.001032913,0.0011082501,0.0010728781,0.0,0.0010476828,0.001031694,0.0010222783,0.001032913,0.0011082502,0.0,0.0010612734,0.0010612735,0.001055661,0.0010670298,0.0,0.0009904461,0.0010728722,0.0,0.0010476828,0.001031694,0.0010222784,0.001032913,0.001108249,0.0010728779,0.0,0.0,0.0010316942,0.001012804,0.001068644,0.0010911901,0.0010728834,0.001061273,0.0,0.0010316944,0.0010128041,0.001068644,0.0010801211,0.0,0.0010612734,0.0010476828,0.00104037,0.0010514811,0.0010575737,0.0010695707,0.0,0.0010612736,0.0,0.001031694,0.001012804,0.001068644,0.0010801171,0.0,0.0010612734,0.0010476828,0.00104037,0.0010514811,0.0010575737,0.0010695709,0.0010728798,0.0010612733,0.0010476827,0.0010403701,0.0010514811,0.0010575737,0.0010695711,0.0,0.0,0.0,0.001031694,0.001012804,0.001068644,0.0010911906,0.001072878,0.0010612733,0.0,0.001031694,0.001012804,0.001068644,0.0010801175,0.0010728793,0.0010612734,0.0010476827,0.001068644,0.0,0.001031694,0.0010128041,0.0,0.0010612733,0.0010476827,0.00104037,0.0010514811,0.0010575737,0.0010695718,0.0,0.0010612733,0.0010476827,0.00104037,0.0010514811,0.0010575737,0.0010695709,0.0,0.0010612733,0.0010476828,0.00104037,0.0010514811,0.0010575737,0.0010695724,0.0010728758,0.0010612733,0.0010476827,0.00104037,0.0010514811,0.0010575737,0.001069571,0.0,0.0,0.0010476827,0.001031694,0.0010222784,0.001032913,0.0011082494,0.0,0.0010612733,0.0010476827,0.00104037,0.0010514811,0.0010575737,0.0010695708,0.0010729665,0.0010612736,0.0010476827,0.0010403699,0.0010514811,0.0010575737,0.0010695725
k__Bacteria|p__Firmicutes|c__Clostridia|o__Eubacteriales|f__Lachnospiraceae|g__Shuttleworthia|s__Shuttleworthia_satelles,0.0,0.0010619118,0.0010482069,0.0010407128,0.0010514851,0.0010572488,0.0010690071,0.0,0.0010619119,0.0010482069,0.0010407128,0.0010514851,0.0010572488,0.0010690071,0.0,0.0,0.0010482117,0.0010321002,0.0010224939,0.0010327838,0.0011084178,0.0010736571,0.0,0.0010482069,0.0010320969,0.0010224936,0.001032784,0.0011084175,0.0,0.0,0.0010482069,0.0010320969,0.0010224936,0.001032784,0.0011084176,0.0010736241,0.0010619119,0.0010482069,0.0010407128,0.0010514851,0.0010572488,0.001069007,0.0,0.0010619119,0.001048207,0.0010407128,0.0010514851,0.0010572488,0.0010690077,0.0010736241,0.0010619119,0.0010482069,0.0010407128,0.0010514851,0.0010572488,0.0010690072,0.0,0.0010619119,0.0010482072,0.0010407129,0.0010514851,0.0010572488,0.0010690077,0.0,0.0010619119,0.0010482069,0.0010407128,0.0010514851,0.0010572488,0.0010690071,0.0,0.0010619119,0.0,0.0010320969,0.0010130788,0.0010692218,0.0010803691,0.0,0.0010619119,0.0010482069,0.0010407127,0.0010514851,0.0010572488,0.0010690073,0.0,0.0,0.0,0.0010320969,0.0010130788,0.0010692218,0.001091555,0.0010736324,0.0010619119,0.0,0.0010320969,0.0010130788,0.0010692218,0.0010803724,0.0010736963,0.0,0.0,0.0010320971,0.0010130788,0.0010692218,0.0010915553,0.0010736472,0.0,0.0010482069,0.0,0.0010619119,0.0010482069,0.0010692218,0.0010736263,0.0,0.0,0.0010320969,0.0010130788,0.0010692218,0.0010915546,0.0,0.0010619124,0.0,0.0010320969,0.0010130788,0.0010692218,0.0010803688,0.0,0.0,0.0010482073,0.0010619119,0.0,0.0010320969,0.0010619119,0.00107364,0.0010619119,0.0,0.0010320969,0.0010130788,0.0010692218,0.0010803685,0.0,0.0,0.001048207,0.0010320969,0.0010224936,0.001032784,0.0011084178,0.0,0.0,0.0010482069,0.0,0.0010619119,0.0010482069,0.0010692218,0.0,0.0010619123,0.0,0.001061912,0.0,0.0010619119,0.0010482073,0.0,0.0,0.0010482087,0.001032098,0.0010224935,0.001032784,0.0011084176,0.0,0.0010619231,0.001061913,0.0010561249,0.0010671611,0.0,0.0009905532,0.0,0.0010619125,0.001048207,0.0,0.001061912,0.0010482069,0.0010407144,0.0010736278,0.0010619119,0.0010482069,0.0,0.0010619119,0.0010482069,0.0010407137,0.0,0.001061912,0.001048207,0.0010407127,0.0010514851,0.0010572488,0.001069007,0.001073624,0.0010619119,0.0010482069,0.0010407128,0.0010514851,0.0010572488,0.0010690071,0.0010736479,0.0,0.0,0.0010320969,0.0010130788,0.0010692218,0.0010915546,0.001073628,0.0,0.0010482069,0.0010320969,0.0010224936,0.001032784,0.0011084175,0.0,0.001061912,0.0,0.0010320969,0.0010130788,0.0010692218,0.0010803684,0.0010736383,0.0,0.0010482069,0.0010320969,0.0010224936,0.001032784,0.00110842,0.0,0.0010619119,0.0010482069,0.0010407128,0.0010514851,0.0010572488,0.0010690081,0.0010736249,0.0010619119,0.0010482069,0.0010407128,0.0010514851,0.0010572488,0.001069007,0.0,0.0010619119,0.0010482069,0.0010407127,0.0010514851,0.0010572488,0.0010690071,0.0,0.0,0.0010482069,0.0010320969,0.0010224936,0.001032784,0.0011084178,0.0010736268,0.0010619119,0.0,0.0,0.001061912,0.0010619119,0.0010561254,0.0010736614,0.0,0.001048207,0.0,0.001061912,0.0010482069,0.0010692232,0.0010737425,0.0,0.0010619119,0.0010482069,0.0010407127,0.0,0.0010619122,0.0,0.0010619118,0.0,0.0010320969,0.0010130788,0.0010692218,0.0010803714,0.0010736284,0.0,0.0010482069,0.0010320969,0.0010224935,0.0010327842,0.0011084303,0.0010736352,0.0,0.0,0.0010320969,0.0010130788,0.0010692218,0.0010915548,0.0,0.001061912,0.001048207,0.0010407128,0.0010514851,0.0010572488,0.0010690071,0.0010736592,0.001061912,0.0010482069,0.0,0.0010619118,0.0010482069,0.0010407135,0.0010736259,0.0,0.0010482069,0.0010320971,0.0010224936,0.001032784,0.0011084181,0.0010736269,0.0,0.001048207,0.0010320973,0.0010224935,0.0010327841,0.0011084181,0.0,0.001061912,0.0010619119,0.0010561249,0.0010671611,0.0,0.0009905726,0.0010736568,0.0,0.0010482069,0.0010320969,0.0010224936,0.001032784,0.0011084176,0.0010736282,0.0,0.0,0.0010320969,0.0010130788,0.0010692218,0.0010915555,0.0010736886,0.0010619123,0.0,0.0010320976,0.001013079,0.0010692219,0.0010803713,0.0,0.0010619119,0.0010482069,0.0010407127,0.0010514851,0.0010572488,0.001069007,0.0,0.0010619119,0.0,0.0010320969,0.0010130788,0.0010692218,0.0010803684,0.0,0.0010619119,0.001048207,0.0010407127,0.0010514851,0.0010572488,0.0010690072,0.0010736367,0.0010619118,0.0010482069,0.0010407129,0.0010514851,0.0010572488,0.0010690073,0.0,0.0,0.0,0.0010320969,0.0010130788,0.0010692218,0.001091555,0.0010736239,0.0010619119,0.0,0.0010320969,0.0010130788,0.0010692218,0.0010803691,0.0010736339,0.0010619119,0.0010482069,0.0010692218,0.0,0.0010320969,0.001013079,0.0,0.0010619119,0.0010482069,0.0010407127,0.0010514851,0.0010572488,0.0010690078,0.0,0.0010619119,0.0010482069,0.0010407127,0.0010514851,0.0010572488,0.0010690071,0.0,0.0010619119,0.0010482069,0.0010407127,0.0010514851,0.0010572488,0.0010690081,0.0010736305,0.0010619119,0.0010482069,0.0010407127,0.0010514851,0.0010572488,0.0010690074,0.0,0.0,0.0010482069,0.0010320969,0.0010224936,0.001032784,0.0011084179,0.0,0.0010619119,0.0010482069,0.0010407128,0.0010514851,0.0010572488,0.0010690071,0.0010738292,0.0010619122,0.0010482069,0.0010407128,0.0010514851,0.0010572488,0.0010690085
k__Bacteria|p__Firmicutes|c__CFGB1195|o__OFGB1195|f__FGB1195|g__GGB2949|s__GGB2949_SGB6657,0.0,0.0010577389,0.0010441524,0.0010369206,0.0010482909,0.0010546177,0.0010668288,0.0,0.0010577389,0.0010441524,0.0010369206,0.0010482909,0.0010546177,0.0010668288,0.0,0.0,0.0010441737,0.0010281882,0.0010188429,0.0010297275,0.0011053502,0.0010693764,0.0,0.0010441524,0.0010281737,0.001018842,0.0010297273,0.0011053495,0.0,0.0,0.0010441524,0.0010281737,0.0010188416,0.0010297273,0.0011053495,0.0010693447,0.0010577388,0.0010441524,0.0010369206,0.0010482909,0.0010546177,0.0010668287,0.0,0.0010577398,0.0010441524,0.0010369206,0.0010482909,0.0010546177,0.0010668287,0.0010693446,0.0010577388,0.0010441524,0.0010369206,0.0010482909,0.0010546177,0.0010668288,0.0,0.0010577393,0.001044153,0.0010369207,0.0010482909,0.0010546177,0.0010668299,0.0,0.0010577389,0.0010441524,0.0010369206,0.0010482909,0.0010546177,0.0010668288,0.0,0.0010577389,0.0,0.0010281737,0.0010093009,0.0010651887,0.0010769381,0.0,0.0010577388,0.0010441524,0.0010369206,0.0010482909,0.0010546177,0.0010668297,0.0,0.0,0.0,0.0010281737,0.0010093009,0.0010651887,0.0010880235,0.0010693539,0.0010577389,0.0,0.0010281737,0.0010093009,0.0010651887,0.0010769468,0.001069423,0.0,0.0,0.0010281738,0.0010093009,0.0010651887,0.0010880223,0.00106937,0.0,0.0010441524,0.0,0.0010577388,0.0010441524,0.0010651887,0.0010693487,0.0,0.0,0.0010281737,0.0010093009,0.0010651887,0.0010880199,0.0,0.0010577411,0.0,0.0010281737,0.0010093009,0.0010651887,0.0010769365,0.0,0.0,0.0010441535,0.001057741,0.0,0.0010281737,0.0010577393,0.0010693766,0.0010577393,0.0,0.0010281737,0.0010093009,0.0010651887,0.0010769363,0.0,0.0,0.0010441525,0.0010281737,0.0010188416,0.0010297273,0.0011053499,0.0,0.0,0.0010441524,0.0,0.0010577388,0.0010441524,0.0010651886,0.0,0.0010577444,0.0,0.0010577391,0.0,0.0010577388,0.0010441525,0.0,0.0,0.0010441798,0.0010281778,0.0010188419,0.0010297273,0.0011053506,0.0,0.0010578049,0.0010577457,0.0010522068,0.0010638422,0.0,0.0009869445,0.0,0.0010577423,0.0010441536,0.0,0.0010577396,0.0010441525,0.0010369233,0.0010693511,0.0010577388,0.0010441524,0.0,0.0010577388,0.0010441524,0.0010369219,0.0,0.0010577391,0.0010441525,0.0010369206,0.0010482909,0.0010546177,0.001066829,0.0010693445,0.0010577388,0.0010441524,0.0010369206,0.0010482909,0.0010546177,0.0010668288,0.0010693752,0.0,0.0,0.0010281737,0.0010093009,0.0010651887,0.0010880198,0.0010693531,0.0,0.0010441524,0.0010281737,0.0010188416,0.0010297273,0.0011053496,0.0,0.0010577389,0.0,0.0010281737,0.0010093009,0.0010651887,0.0010769361,0.0010693609,0.0,0.0010441524,0.0010281737,0.001018842,0.0010297273,0.0011053599,0.0,0.0010577388,0.0010441524,0.0010369206,0.0010482909,0.0010546177,0.0010668307,0.0010693452,0.0010577388,0.0010441524,0.0010369206,0.0010482909,0.0010546177,0.0010668287,0.0,0.0010577395,0.0010441525,0.0010369206,0.0010482909,0.0010546177,0.0010668288,0.0,0.0,0.0010441524,0.0010281737,0.0010188416,0.0010297273,0.0011053495,0.0010693468,0.0010577388,0.0,0.0,0.0010577389,0.0010577389,0.001052207,0.0010693806,0.0,0.0010441527,0.0,0.0010577389,0.0010441524,0.001065191,0.0010694575,0.0,0.0010577393,0.0010441525,0.0010369206,0.0,0.00105774,0.0,0.0010577387,0.0,0.0010281737,0.0010093009,0.0010651886,0.0010769394,0.0010693504,0.0,0.0010441524,0.0010281737,0.0010188419,0.0010297279,0.0011054362,0.0010693618,0.0,0.0,0.0010281737,0.0010093009,0.0010651887,0.0010880195,0.0,0.0010577391,0.0010441525,0.0010369206,0.0010482909,0.0010546177,0.0010668288,0.0010693462,0.0010577391,0.0010441525,0.0,0.001057739,0.0010441524,0.0010369221,0.0010693478,0.0,0.0010441525,0.0010281738,0.001018842,0.0010297273,0.0011053523,0.0010693489,0.0,0.0010441525,0.0010281737,0.0010188419,0.0010297274,0.0011053516,0.0,0.0010577391,0.0010577393,0.0010522061,0.001063842,0.0,0.0009869937,0.0010693859,0.0,0.0010441525,0.0010281737,0.0010188416,0.0010297273,0.0011053495,0.0010693514,0.0,0.0,0.0010281737,0.0010093009,0.0010651887,0.0010880224,0.0010694101,0.0010577403,0.0,0.0010281751,0.0010093016,0.0010651887,0.0010769462,0.0,0.0010577391,0.0010441525,0.0010369206,0.0010482909,0.0010546177,0.0010668287,0.0,0.0010577404,0.0,0.0010281737,0.0010093009,0.0010651887,0.0010769361,0.0,0.0010577393,0.0010441525,0.0010369206,0.0010482909,0.0010546177,0.0010668288,0.0010693615,0.0010577391,0.0010441524,0.001036921,0.0010482909,0.0010546177,0.0010668291,0.0,0.0,0.0,0.0010281737,0.0010093009,0.0010651887,0.00108802,0.001069344,0.0010577388,0.0,0.0010281737,0.0010093009,0.0010651887,0.0010769374,0.001069358,0.0010577391,0.0010441524,0.0010651887,0.0,0.0010281737,0.0010093012,0.0,0.0010577388,0.0010441524,0.0010369206,0.0010482909,0.0010546177,0.0010668297,0.0,0.0010577388,0.0010441524,0.0010369206,0.0010482909,0.0010546177,0.0010668293,0.0,0.0010577398,0.0010441525,0.0010369206,0.0010482909,0.0010546177,0.0010668309,0.0010693569,0.0010577388,0.0010441524,0.0010369206,0.0010482909,0.0010546177,0.0010668294,0.0,0.0,0.0010441524,0.0010281737,0.001018842,0.0010297273,0.0011053499,0.0,0.0010577388,0.0010441524,0.0010369206,0.0010482909,0.0010546177,0.0010668288,0.0010695097,0.0010577412,0.0010441524,0.0010369206,0.0010482909,0.0010546177,0.0010668322
k__Bacteria|p__Firmicutes|c__Clostridia|o__Eubacteriales|f__Lachnospiraceae|g__Faecalicatena|s__Faecalicatena_orotica,0.0,0.001060627,0.0010470125,0.0010396787,0.0010507735,0.0010568468,0.0010688395,0.0,0.0010606273,0.0010470125,0.0010396787,0.0010507735,0.0010568468,0.0010688397,0.0,0.0,0.0010470268,0.0010310125,0.0010215627,0.0010321776,0.0011076418,0.0010722632,0.0,0.0010470125,0.0010309999,0.0010215619,0.0010321776,0.001107642,0.0,0.0,0.0010470127,0.0010309999,0.0010215619,0.0010321776,0.001107642,0.0010722555,0.0010606272,0.0010470125,0.0010396787,0.0010507735,0.0010568468,0.0010688396,0.0,0.0010606275,0.0010470129,0.0010396787,0.0010507735,0.0010568468,0.001068839,0.0010722557,0.0010606272,0.0010470125,0.0010396787,0.0010507735,0.0010568468,0.0010688396,0.0,0.0010606274,0.0010470123,0.0010396786,0.0010507735,0.0010568468,0.0010688403,0.0,0.0010606273,0.0010470125,0.0010396787,0.0010507735,0.0010568468,0.0010688395,0.0,0.0010606273,0.0,0.0010309999,0.0010120857,0.0010680021,0.0010794661,0.0,0.0010606272,0.0010470125,0.0010396787,0.0010507735,0.0010568468,0.0010688399,0.0,0.0,0.0,0.0010309999,0.0010120857,0.0010680021,0.0010905672,0.0010722555,0.0010606273,0.0,0.0010309999,0.0010120857,0.0010680021,0.0010794668,0.0010722559,0.0,0.0,0.0010309999,0.0010120857,0.0010680021,0.0010905662,0.0010722572,0.0,0.0010470125,0.0,0.0010606272,0.0010470125,0.0010680022,0.0010722564,0.0,0.0,0.0010309999,0.0010120857,0.0010680021,0.0010905656,0.0,0.0010606282,0.0,0.0010309999,0.0010120857,0.0010680021,0.0010794654,0.0,0.0,0.0010470137,0.0010606276,0.0,0.0010309999,0.001060627,0.0010722744,0.0010606274,0.0,0.0010309998,0.0010120857,0.0010680021,0.0010794656,0.0,0.0,0.0010470129,0.0010309999,0.0010215619,0.0010321776,0.0011076418,0.0,0.0,0.0010470125,0.0,0.0010606272,0.0010470125,0.0010680021,0.0,0.001060632,0.0,0.0010606274,0.0,0.0010606272,0.0010470129,0.0,0.0,0.0010470311,0.001031003,0.001021562,0.0010321776,0.0011076422,0.0,0.0010606596,0.0010606308,0.0010549951,0.0010663506,0.0,0.0009896713,0.0,0.001060629,0.0010470134,0.0,0.0010606274,0.0010470125,0.0010396793,0.0010722587,0.0010606272,0.0010470125,0.0,0.0010606272,0.0010470125,0.0010396788,0.0,0.001060627,0.0010470125,0.0010396787,0.0010507735,0.0010568468,0.0010688393,0.0010722555,0.0010606272,0.0010470125,0.0010396787,0.0010507735,0.0010568468,0.0010688397,0.0010722588,0.0,0.0,0.0010309999,0.0010120857,0.0010680021,0.0010905655,0.0010722547,0.0,0.0010470125,0.0010309999,0.0010215619,0.0010321776,0.001107642,0.0,0.0010606274,0.0,0.0010309999,0.0010120857,0.0010680021,0.0010794654,0.0010722585,0.0,0.0010470125,0.0010309999,0.0010215619,0.0010321776,0.001107641,0.0,0.0010606272,0.0010470125,0.0010396787,0.0010507735,0.0010568468,0.0010688402,0.0010722555,0.0010606272,0.0010470125,0.0010396787,0.0010507735,0.0010568468,0.0010688396,0.0,0.0010606278,0.0010470127,0.0010396787,0.0010507735,0.0010568468,0.0010688395,0.0,0.0,0.0010470127,0.0010309999,0.0010215619,0.0010321776,0.001107642,0.0010722565,0.0010606272,0.0,0.0,0.0010606274,0.0010606273,0.0010549956,0.0010722694,0.0,0.0010470129,0.0,0.0010606274,0.0010470127,0.0010680013,0.0010722597,0.0,0.0010606274,0.0010470125,0.0010396787,0.0,0.0010606276,0.0,0.0010606272,0.0,0.0010309999,0.0010120857,0.0010680022,0.0010794633,0.0010722575,0.0,0.0010470125,0.0010309999,0.001021562,0.0010321777,0.0011076462,0.0010722664,0.0,0.0,0.0010309999,0.0010120857,0.0010680021,0.0010905653,0.0,0.0010606274,0.0010470125,0.0010396787,0.0010507735,0.0010568468,0.0010688393,0.001072262,0.0010606273,0.0010470127,0.0,0.0010606272,0.0010470125,0.0010396788,0.0010722553,0.0,0.0010470125,0.0010309999,0.0010215619,0.0010321776,0.0011076427,0.0010722573,0.0,0.0010470125,0.0010309999,0.001021562,0.0010321777,0.0011076413,0.0,0.0010606273,0.0010606272,0.0010549948,0.0010663507,0.0,0.0009897077,0.0010722629,0.0,0.0010470125,0.0010309999,0.0010215619,0.0010321776,0.001107642,0.0010722585,0.0,0.0,0.0010309999,0.0010120857,0.0010680021,0.0010905669,0.0010722523,0.0010606272,0.0,0.0010310003,0.0010120857,0.0010680022,0.0010794679,0.0,0.0010606273,0.0010470125,0.0010396787,0.0010507735,0.0010568468,0.0010688393,0.0,0.0010606287,0.0,0.0010309999,0.0010120857,0.0010680021,0.0010794654,0.0,0.0010606274,0.0010470126,0.0010396783,0.0010507735,0.0010568468,0.0010688395,0.0010722555,0.0010606273,0.0010470125,0.0010396787,0.0010507735,0.0010568468,0.0010688395,0.0,0.0,0.0,0.0010309999,0.0010120857,0.0010680021,0.0010905657,0.0010722552,0.0010606272,0.0,0.0010309999,0.0010120857,0.0010680021,0.0010794653,0.001072263,0.0010606273,0.0010470125,0.0010680021,0.0,0.0010309999,0.0010120858,0.0,0.0010606272,0.0010470125,0.0010396787,0.0010507735,0.0010568468,0.0010688396,0.0,0.0010606272,0.0010470125,0.0010396783,0.0010507735,0.0010568468,0.0010688397,0.0,0.0010606272,0.0010470125,0.0010396787,0.0010507735,0.0010568468,0.00106884,0.0010722552,0.0010606272,0.0010470127,0.0010396783,0.0010507735,0.0010568468,0.0010688396,0.0,0.0,0.0010470125,0.0010309999,0.0010215619,0.0010321776,0.0011076418,0.0,0.0010606272,0.0010470125,0.0010396787,0.0010507735,0.0010568468,0.0010688395,0.0010723701,0.0010606288,0.0010470129,0.0010396787,0.0010507735,0.0010568468,0.0010688409
k__Bacteria|p__Firmicutes|c__Bacilli|o__Lactobacillales|f__Streptococcaceae|g__Streptococcus|s__Streptococcus_sobrinus,0.0,0.0010589915,0.0010453983,0.0010381304,0.0010493954,0.0010556262,0.0010677524,0.0,0.0010589918,0.0010453983,0.0010381304,0.0010493954,0.0010556262,0.0010677523,0.0,0.0,0.0010454126,0.0010294208,0.0010200419,0.0010308243,0.0011063615,0.0010706334,0.0,0.0010453983,0.0010294107,0.0010200413,0.0010308243,0.0011063612,0.0,0.0,0.0010453983,0.0010294107,0.0010200413,0.0010308243,0.001106361,0.0010706019,0.0010589916,0.0010453983,0.0010381304,0.0010493954,0.0010556262,0.0010677523,0.0,0.0010589921,0.0010453988,0.0010381304,0.0010493954,0.0010556262,0.0010677527,0.0010706021,0.0010589916,0.0010453983,0.0010381304,0.0010493954,0.0010556262,0.0010677523,0.0,0.0010589918,0.001045399,0.0010381307,0.0010493954,0.0010556262,0.001067753,0.0,0.0010589918,0.0010453983,0.0010381304,0.0010493954,0.0010556262,0.0010677523,0.0,0.0010589918,0.0,0.0010294107,0.0010105261,0.0010664111,0.0010780507,0.0,0.0010589916,0.0010453983,0.0010381304,0.0010493954,0.0010556262,0.0010677525,0.0,0.0,0.0,0.0010294107,0.0010105261,0.0010664111,0.0010891357,0.0010706107,0.0010589918,0.0,0.0010294107,0.0010105261,0.0010664111,0.0010780545,0.0010706628,0.0,0.0,0.0010294107,0.0010105261,0.0010664111,0.0010891353,0.0010706238,0.0,0.0010453983,0.0,0.0010589916,0.0010453983,0.0010664114,0.0010706048,0.0,0.0,0.0010294107,0.0010105261,0.0010664111,0.0010891343,0.0,0.0010589929,0.0,0.0010294107,0.0010105261,0.0010664111,0.0010780492,0.0,0.0,0.0010453997,0.0010589928,0.0,0.0010294107,0.0010589918,0.0010706272,0.0010589921,0.0,0.0010294106,0.0010105261,0.0010664111,0.0010780492,0.0,0.0,0.0010453986,0.0010294107,0.0010200413,0.0010308243,0.0011063615,0.0,0.0,0.0010453983,0.0,0.0010589916,0.0010453983,0.0010664113,0.0,0.0010589951,0.0,0.0010589918,0.0,0.0010589916,0.0010453984,0.0,0.0,0.0010454156,0.0010294134,0.0010200414,0.0010308243,0.0011063614,0.0,0.0010590223,0.0010589954,0.001053424,0.0010649516,0.0,0.0009881511,0.0,0.0010589935,0.0010453993,0.0,0.0010589922,0.0010453985,0.0010381326,0.0010706089,0.0010589916,0.0010453983,0.0,0.0010589916,0.0010453983,0.0010381314,0.0,0.0010589918,0.0010453984,0.0010381304,0.0010493954,0.0010556262,0.0010677524,0.001070602,0.0010589916,0.0010453983,0.0010381304,0.0010493954,0.0010556262,0.0010677523,0.0010706269,0.0,0.0,0.0010294107,0.0010105261,0.0010664111,0.0010891339,0.0010706064,0.0,0.0010453983,0.0010294107,0.0010200413,0.0010308243,0.0011063613,0.0,0.0010589918,0.0,0.0010294107,0.0010105261,0.0010664111,0.0010780487,0.0010706171,0.0,0.0010453983,0.0010294107,0.0010200413,0.0010308243,0.0011063662,0.0,0.0010589916,0.0010453983,0.0010381304,0.0010493954,0.0010556262,0.0010677533,0.0010706027,0.0010589916,0.0010453983,0.0010381304,0.0010493954,0.0010556262,0.0010677523,0.0,0.0010589921,0.0010453988,0.0010381305,0.0010493954,0.0010556262,0.0010677524,0.0,0.0,0.0010453983,0.0010294107,0.0010200413,0.0010308243,0.0011063612,0.0010706044,0.0010589916,0.0,0.0,0.0010589918,0.0010589918,0.0010534241,0.0010706377,0.0,0.0010453989,0.0,0.0010589918,0.0010453983,0.0010664139,0.0010706971,0.0,0.0010589919,0.0010453985,0.0010381305,0.0,0.0010589922,0.0,0.0010589915,0.0,0.0010294107,0.0010105261,0.001066411,0.0010780543,0.0010706079,0.0,0.0010453983,0.0010294107,0.0010200414,0.0010308246,0.0011064055,0.0010706184,0.0,0.0,0.0010294107,0.0010105261,0.0010664111,0.001089134,0.0,0.0010589918,0.0010453984,0.0010381304,0.0010493954,0.0010556262,0.0010677523,0.001070625,0.0010589916,0.0010453985,0.0,0.0010589916,0.0010453983,0.0010381314,0.001070604,0.0,0.0010453985,0.0010294107,0.0010200413,0.0010308243,0.0011063629,0.0010706056,0.0,0.0010453984,0.0010294107,0.0010200414,0.0010308244,0.0011063624,0.0,0.0010589916,0.0010589919,0.0010534235,0.0010649519,0.0,0.0009881902,0.001070633,0.0,0.0010453988,0.0010294107,0.0010200413,0.0010308243,0.001106361,0.001070607,0.0,0.0,0.0010294107,0.0010105261,0.0010664114,0.0010891354,0.0010706603,0.0010589923,0.0,0.0010294117,0.0010105262,0.0010664114,0.0010780548,0.0,0.0010589918,0.0010453985,0.0010381304,0.0010493954,0.0010556262,0.0010677523,0.0,0.0010589928,0.0,0.0010294107,0.0010105261,0.0010664111,0.0010780492,0.0,0.0010589919,0.0010453986,0.0010381305,0.0010493954,0.0010556262,0.0010677524,0.0010706133,0.0010589918,0.0010453985,0.0010381306,0.0010493954,0.0010556262,0.0010677525,0.0,0.0,0.0,0.0010294107,0.0010105261,0.0010664111,0.0010891345,0.0010706015,0.0010589916,0.0,0.0010294107,0.0010105261,0.0010664111,0.0010780494,0.0010706133,0.0010589918,0.0010453983,0.0010664111,0.0,0.0010294107,0.0010105262,0.0,0.0010589916,0.0010453983,0.0010381305,0.0010493954,0.0010556262,0.0010677531,0.0,0.0010589916,0.0010453983,0.0010381304,0.0010493954,0.0010556262,0.0010677525,0.0,0.0010589921,0.0010453985,0.0010381305,0.0010493954,0.0010556262,0.0010677539,0.0010706089,0.0010589916,0.0010453983,0.0010381304,0.0010493954,0.0010556262,0.0010677526,0.0,0.0,0.0010453983,0.0010294107,0.0010200413,0.0010308243,0.0011063613,0.0,0.0010589916,0.0010453983,0.0010381304,0.0010493954,0.0010556262,0.0010677523,0.0010707845,0.001058993,0.0010453988,0.0010381305,0.0010493954,0.0010556262,0.0010677543
k__Bacteria|p__Firmicutes|c__Clostridia|o__Eubacteriales|f__Lachnospiraceae|g__Faecalicatena|s__Faecalicatena_fissicatena,0.0,0.001061046,0.0010473481,0.0010398825,0.0010507337,0.0010565697,0.001068391,0.0,0.001061046,0.0010473481,0.0010398825,0.0010507337,0.0010565697,0.0010683909,0.0,0.0,0.0010473713,0.0010312613,0.0010216743,0.0010320403,0.0011077272,0.0010728044,0.0,0.0010473481,0.001031247,0.001021673,0.0010320403,0.0011077259,0.0,0.0,0.0010473481,0.001031247,0.001021673,0.0010320403,0.0011077259,0.0010727533,0.001061046,0.0010473481,0.0010398825,0.0010507337,0.0010565697,0.0010683907,0.0,0.0010610472,0.0010473485,0.0010398825,0.0010507337,0.0010565697,0.0010683918,0.0010727531,0.001061046,0.0010473481,0.0010398825,0.0010507337,0.0010565697,0.001068391,0.0,0.0010610464,0.0010473494,0.0010398827,0.0010507337,0.0010565697,0.0010683916,0.0,0.001061046,0.0010473481,0.0010398825,0.0010507337,0.0010565697,0.001068391,0.0,0.001061046,0.0,0.001031247,0.0010122397,0.0010683778,0.0010796089,0.0,0.001061046,0.0010473481,0.0010398825,0.0010507337,0.0010565697,0.0010683915,0.0,0.0,0.0,0.001031247,0.0010122397,0.0010683778,0.0010907921,0.0010727678,0.001061046,0.0,0.001031247,0.0010122397,0.0010683778,0.0010796192,0.0010728756,0.0,0.0,0.0010312472,0.0010122397,0.0010683778,0.0010907911,0.0010727916,0.0,0.0010473481,0.0,0.001061046,0.0010473481,0.001068378,0.0010727588,0.0,0.0,0.001031247,0.0010122397,0.0010683778,0.0010907893,0.0,0.0010610489,0.0,0.001031247,0.0010122397,0.0010683778,0.0010796072,0.0,0.0,0.0010473498,0.0010610487,0.0,0.001031247,0.0010610464,0.0010727942,0.0010610464,0.0,0.0010312469,0.0010122397,0.0010683778,0.0010796066,0.0,0.0,0.0010473484,0.001031247,0.001021673,0.0010320403,0.0011077266,0.0,0.0,0.0010473481,0.0,0.001061046,0.0010473481,0.001068378,0.0,0.0010610522,0.0,0.0010610461,0.0,0.001061046,0.0010473484,0.0,0.0,0.0010473776,0.0010312516,0.0010216732,0.0010320403,0.0011077271,0.0,0.0010611104,0.0010610534,0.0010552882,0.0010664038,0.0,0.0009897389,0.0,0.0010610502,0.0010473498,0.0,0.0010610468,0.0010473484,0.0010398867,0.0010727623,0.001061046,0.0010473481,0.0,0.001061046,0.0010473481,0.0010398842,0.0,0.0010610465,0.0010473481,0.0010398825,0.0010507337,0.0010565697,0.0010683909,0.0010727529,0.001061046,0.0010473481,0.0010398825,0.0010507337,0.0010565697,0.001068391,0.0010728008,0.0,0.0,0.001031247,0.0010122397,0.0010683778,0.0010907891,0.0010727638,0.0,0.0010473481,0.001031247,0.001021673,0.0010320403,0.0011077265,0.0,0.0010610461,0.0,0.001031247,0.0010122397,0.0010683778,0.0010796065,0.0010727798,0.0,0.0010473481,0.001031247,0.001021673,0.0010320403,0.0011077385,0.0,0.001061046,0.0010473481,0.0010398825,0.0010507337,0.0010565697,0.0010683931,0.0010727543,0.001061046,0.0010473481,0.0010398825,0.0010507337,0.0010565697,0.0010683907,0.0,0.001061047,0.0010473484,0.0010398825,0.0010507337,0.0010565697,0.001068391,0.0,0.0,0.0010473481,0.001031247,0.001021673,0.0010320403,0.0011077262,0.0010727559,0.001061046,0.0,0.0,0.0010610461,0.001061046,0.0010552879,0.0010728056,0.0,0.0010473485,0.0,0.0010610461,0.0010473481,0.0010683828,0.0010729324,0.0,0.0010610464,0.0010473484,0.0010398825,0.0,0.0010610472,0.0,0.0010610459,0.0,0.001031247,0.0010122397,0.0010683778,0.0010796178,0.0010727629,0.0,0.0010473481,0.001031247,0.0010216732,0.0010320414,0.0011078184,0.0010727778,0.0,0.0,0.001031247,0.0010122397,0.0010683778,0.001090789,0.0,0.0010610461,0.0010473481,0.0010398825,0.0010507337,0.0010565697,0.0010683909,0.0010727486,0.0010610461,0.001047348,0.0,0.0010610461,0.0010473481,0.0010398846,0.001072758,0.0,0.001047348,0.0010312471,0.001021673,0.0010320403,0.001107729,0.001072759,0.0,0.0010473484,0.001031247,0.0010216732,0.0010320405,0.0011077299,0.0,0.0010610464,0.0010610465,0.0010552872,0.0010664039,0.0,0.0009897861,0.0010728084,0.0,0.0010473484,0.001031247,0.001021673,0.0010320403,0.0011077259,0.0010727603,0.0,0.0,0.001031247,0.0010122397,0.0010683778,0.0010907912,0.0010728652,0.0010610479,0.0,0.0010312488,0.0010122402,0.0010683781,0.0010796174,0.0,0.0010610463,0.001047348,0.0010398825,0.0010507337,0.0010565697,0.0010683909,0.0,0.0010610479,0.0,0.001031247,0.0010122397,0.0010683778,0.0010796065,0.0,0.0010610461,0.0010473484,0.0010398825,0.0010507337,0.0010565697,0.001068391,0.0010727785,0.0010610463,0.0010473484,0.001039883,0.0010507337,0.0010565697,0.0010683914,0.0,0.0,0.0,0.001031247,0.0010122397,0.0010683778,0.0010907896,0.0010727528,0.001061046,0.0,0.001031247,0.0010122397,0.0010683778,0.0010796082,0.0010727716,0.0010610463,0.0010473481,0.0010683778,0.0,0.001031247,0.0010122397,0.0,0.001061046,0.0010473481,0.0010398825,0.0010507337,0.0010565697,0.0010683918,0.0,0.001061046,0.0010473481,0.0010398825,0.0010507337,0.0010565697,0.0010683913,0.0,0.0010610473,0.001047348,0.0010398825,0.0010507337,0.0010565697,0.0010683938,0.0010727703,0.001061046,0.0010473481,0.0010398825,0.0010507337,0.0010565697,0.0010683917,0.0,0.0,0.0010473481,0.001031247,0.001021673,0.0010320403,0.0011077268,0.0,0.001061046,0.0010473481,0.0010398825,0.0010507337,0.0010565697,0.001068391,0.001073006,0.0010610487,0.0010473484,0.0010398827,0.0010507337,0.0010565699,0.0010683944
k__Bacteria|p__Firmicutes|c__CFGB2928|o__OFGB2928|f__FGB2928|g__GGB80050|s__GGB80050_SGB6678,0.0,0.0010602075,0.0010464218,0.0010388454,0.00104953,0.001055198,0.0010669137,0.0,0.0010602076,0.0010464218,0.0010388454,0.00104953,0.001055198,0.0010669134,0.0,0.0,0.0010464303,0.0010302347,0.0010205414,0.0010307345,0.001106761,0.0010720069,0.0,0.0010464218,0.0010302296,0.0010205408,0.0010307345,0.0011067606,0.0,0.0,0.0010464218,0.0010302296,0.0010205408,0.0010307345,0.0011067606,0.001071998,0.0010602075,0.0010464218,0.0010388454,0.00104953,0.001055198,0.0010669134,0.0,0.0010602083,0.0010464222,0.0010388454,0.00104953,0.001055198,0.001066914,0.0010719982,0.0010602075,0.0010464218,0.0010388454,0.00104953,0.001055198,0.0010669136,0.0,0.001060208,0.0010464224,0.0010388454,0.00104953,0.001055198,0.001066914,0.0,0.0010602076,0.0010464218,0.0010388454,0.00104953,0.001055198,0.0010669134,0.0,0.0010602076,0.0,0.0010302296,0.0010111291,0.0010675217,0.0010786005,0.0,0.0010602075,0.0010464218,0.0010388454,0.00104953,0.001055198,0.0010669138,0.0,0.0,0.0,0.0010302296,0.0010111291,0.0010675217,0.001089876,0.0010720015,0.0010602076,0.0,0.0010302296,0.0010111291,0.0010675217,0.0010786045,0.0010720341,0.0,0.0,0.0010302298,0.0010111291,0.0010675217,0.0010898756,0.0010720077,0.0,0.0010464218,0.0,0.0010602075,0.0010464218,0.0010675217,0.0010719997,0.0,0.0,0.0010302296,0.0010111291,0.0010675217,0.0010898742,0.0,0.0010602085,0.0,0.0010302296,0.0010111291,0.0010675217,0.0010785996,0.0,0.0,0.0010464226,0.0010602087,0.0,0.0010302296,0.001060208,0.0010720073,0.0010602077,0.0,0.0010302295,0.0010111291,0.0010675217,0.0010785992,0.0,0.0,0.0010464219,0.0010302296,0.0010205408,0.0010307345,0.0011067609,0.0,0.0,0.0010464218,0.0,0.0010602075,0.0010464218,0.0010675216,0.0,0.0010602085,0.0,0.0010602076,0.0,0.0010602075,0.001046422,0.0,0.0,0.00104643,0.0010302307,0.0010205408,0.0010307345,0.0011067608,0.0,0.0010602309,0.0010602095,0.0010543425,0.0010653001,0.0,0.0009885252,0.0,0.001060209,0.0010464223,0.0,0.0010602078,0.0010464218,0.0010388475,0.0010719991,0.0010602075,0.0010464218,0.0,0.0010602075,0.0010464218,0.0010388463,0.0,0.001060208,0.0010464219,0.0010388454,0.00104953,0.001055198,0.0010669134,0.0010719982,0.0010602075,0.0010464218,0.0010388454,0.00104953,0.001055198,0.0010669134,0.0010720144,0.0,0.0,0.0010302296,0.0010111291,0.0010675217,0.0010898742,0.0010720014,0.0,0.0010464218,0.0010302296,0.0010205408,0.0010307345,0.0011067607,0.0,0.0010602076,0.0,0.0010302296,0.0010111291,0.0010675217,0.0010785992,0.001072003,0.0,0.0010464218,0.0010302296,0.0010205408,0.0010307345,0.0011067659,0.0,0.0010602075,0.0010464218,0.0010388454,0.00104953,0.001055198,0.0010669149,0.001071998,0.0010602075,0.0010464218,0.0010388454,0.00104953,0.001055198,0.0010669134,0.0,0.0010602078,0.0010464218,0.0010388454,0.00104953,0.001055198,0.0010669134,0.0,0.0,0.0010464218,0.0010302296,0.0010205408,0.0010307345,0.0011067607,0.0010719983,0.0010602075,0.0,0.0,0.0010602076,0.0010602076,0.0010543427,0.0010720093,0.0,0.0010464219,0.0,0.0010602076,0.0010464218,0.0010675244,0.0010720489,0.0,0.001060208,0.0010464222,0.0010388454,0.0,0.0010602084,0.0,0.0010602074,0.0,0.0010302296,0.0010111291,0.0010675216,0.001078603,0.0010720004,0.0,0.0010464218,0.0010302296,0.0010205408,0.0010307346,0.0011068026,0.0010720033,0.0,0.0,0.0010302296,0.0010111291,0.0010675217,0.0010898742,0.0,0.0010602076,0.0010464219,0.0010388454,0.00104953,0.001055198,0.0010669134,0.0010719866,0.0010602077,0.0010464218,0.0,0.0010602078,0.0010464218,0.0010388462,0.0010719995,0.0,0.0010464222,0.00103023,0.0010205408,0.0010307345,0.0011067621,0.0010719993,0.0,0.0010464219,0.0010302297,0.0010205408,0.0010307344,0.0011067621,0.0,0.0010602077,0.001060208,0.0010543423,0.0010653,0.0,0.000988556,0.0010720164,0.0,0.0010464218,0.0010302296,0.0010205408,0.0010307345,0.0011067606,0.0010719999,0.0,0.0,0.0010302296,0.0010111291,0.0010675217,0.0010898755,0.0010720257,0.0010602082,0.0,0.0010302304,0.0010111292,0.0010675217,0.0010786053,0.0,0.001060208,0.0010464218,0.0010388454,0.00104953,0.001055198,0.0010669134,0.0,0.001060208,0.0,0.0010302296,0.0010111291,0.0010675217,0.0010785992,0.0,0.0010602076,0.001046422,0.0010388454,0.00104953,0.001055198,0.0010669134,0.0010720057,0.0010602075,0.0010464218,0.0010388455,0.00104953,0.001055198,0.0010669137,0.0,0.0,0.0,0.0010302296,0.0010111291,0.0010675217,0.0010898748,0.0010719978,0.0010602075,0.0,0.0010302296,0.0010111291,0.0010675217,0.0010786,0.0010720026,0.001060208,0.0010464218,0.0010675217,0.0,0.0010302296,0.0010111292,0.0,0.0010602075,0.0010464218,0.0010388454,0.00104953,0.001055198,0.0010669141,0.0,0.0010602075,0.0010464218,0.0010388454,0.00104953,0.001055198,0.0010669134,0.0,0.0010602081,0.0010464222,0.0010388454,0.00104953,0.001055198,0.0010669146,0.0010720026,0.0010602075,0.0010464218,0.0010388454,0.00104953,0.001055198,0.0010669138,0.0,0.0,0.0010464218,0.0010302296,0.0010205408,0.0010307345,0.0011067609,0.0,0.0010602075,0.0010464218,0.0010388454,0.00104953,0.001055198,0.0010669134,0.0010720378,0.0010602084,0.0010464218,0.0010388453,0.00104953,0.001055198,0.0010669151
k__Bacteria|p__Firmicutes|c__Tissierellia|o__Tissierellales|f__Peptoniphilaceae|g__Anaerococcus|s__Anaerococcus_hydrogenalis,0.0,0.0010607203,0.0010470308,0.0010395842,0.0010504795,0.0010563573,0.0010682122,0.0,0.0010607203,0.0010470308,0.0010395842,0.0010504795,0.0010563573,0.001068212,0.0,0.0,0.0010470368,0.0010309436,0.0010213848,0.0010317959,0.0011074839,0.0010724481,0.0,0.0010470303,0.0010309387,0.0010213845,0.0010317959,0.0011074835,0.0,0.0,0.0010470308,0.0010309387,0.0010213845,0.0010317959,0.0011074834,0.0010724193,0.0010607202,0.0010470308,0.0010395842,0.0010504795,0.0010563573,0.0010682117,0.0,0.0010607203,0.0010470307,0.0010395842,0.0010504795,0.0010563573,0.0010682126,0.0010724197,0.0010607202,0.0010470308,0.0010395842,0.0010504795,0.0010563573,0.001068212,0.0,0.0010607204,0.001047031,0.0010395843,0.0010504795,0.0010563573,0.0010682126,0.0,0.0010607203,0.0010470308,0.0010395842,0.0010504795,0.0010563573,0.0010682119,0.0,0.0010607203,0.0,0.0010309387,0.0010119418,0.0010680624,0.0010793365,0.0,0.0010607202,0.0010470308,0.0010395842,0.0010504795,0.0010563573,0.0010682124,0.0,0.0,0.0,0.0010309387,0.0010119418,0.0010680624,0.0010905125,0.0010724267,0.0010607203,0.0,0.0010309387,0.0010119418,0.0010680624,0.0010793394,0.0010724625,0.0,0.0,0.0010309387,0.0010119418,0.0010680624,0.0010905121,0.0010724359,0.0,0.0010470303,0.0,0.0010607202,0.0010470308,0.0010680625,0.001072421,0.0,0.0,0.0010309387,0.0010119418,0.0010680624,0.0010905113,0.0,0.0010607209,0.0,0.0010309387,0.0010119418,0.0010680624,0.0010793358,0.0,0.0,0.0010470313,0.0010607204,0.0,0.0010309387,0.0010607204,0.0010724332,0.0010607204,0.0,0.0010309387,0.0010119418,0.0010680624,0.0010793358,0.0,0.0,0.0010470306,0.0010309387,0.0010213845,0.0010317959,0.0011074836,0.0,0.0,0.0010470303,0.0,0.0010607202,0.0010470308,0.0010680624,0.0,0.0010607226,0.0,0.0010607204,0.0,0.0010607202,0.0010470309,0.0,0.0,0.0010470365,0.0010309396,0.0010213845,0.0010317959,0.0011074839,0.0,0.001060728,0.0010607213,0.0010549797,0.0010661408,0.0,0.0009894434,0.0,0.0010607212,0.0010470309,0.0,0.0010607205,0.0010470307,0.0010395858,0.0010724247,0.0010607202,0.0010470308,0.0,0.0010607202,0.0010470308,0.0010395847,0.0,0.0010607205,0.0010470309,0.0010395842,0.0010504795,0.0010563573,0.001068212,0.0010724197,0.0010607202,0.0010470308,0.0010395842,0.0010504795,0.0010563573,0.0010682119,0.0010724354,0.0,0.0,0.0010309387,0.0010119418,0.0010680624,0.0010905113,0.0010724202,0.0,0.0010470308,0.0010309387,0.0010213845,0.0010317959,0.0011074835,0.0,0.0010607204,0.0,0.0010309387,0.0010119418,0.0010680624,0.0010793358,0.001072432,0.0,0.0010470303,0.0010309387,0.0010213845,0.0010317961,0.0011074862,0.0,0.0010607202,0.0010470303,0.0010395842,0.0010504795,0.0010563573,0.0010682131,0.0010724202,0.0010607202,0.0010470308,0.0010395842,0.0010504795,0.0010563573,0.0010682117,0.0,0.0010607205,0.0010470307,0.0010395842,0.0010504795,0.0010563573,0.001068212,0.0,0.0,0.0010470308,0.0010309387,0.0010213845,0.0010317959,0.0011074835,0.0010724219,0.0010607202,0.0,0.0,0.0010607204,0.0010607203,0.0010549802,0.0010724502,0.0,0.0010470307,0.0,0.0010607204,0.0010470308,0.0010680651,0.0010724966,0.0,0.0010607204,0.0010470307,0.0010395842,0.0,0.0010607206,0.0,0.0010607202,0.0,0.0010309387,0.0010119418,0.0010680624,0.0010793397,0.0010724235,0.0,0.0010470303,0.0010309387,0.0010213845,0.0010317961,0.0011075039,0.0010724318,0.0,0.0,0.0010309387,0.0010119418,0.0010680624,0.0010905113,0.0,0.0010607204,0.0010470304,0.0010395842,0.0010504795,0.0010563573,0.001068212,0.0010724541,0.0010607204,0.0010470307,0.0,0.0010607203,0.0010470308,0.0010395846,0.0010724204,0.0,0.0010470307,0.0010309388,0.0010213845,0.0010317961,0.0011074848,0.0010724221,0.0,0.0010470304,0.0010309387,0.0010213845,0.0010317961,0.0011074841,0.0,0.0010607204,0.0010607205,0.0010549796,0.0010661408,0.0,0.0009894737,0.0010724381,0.0,0.0010470307,0.0010309387,0.0010213845,0.0010317959,0.0011074834,0.0010724236,0.0,0.0,0.0010309387,0.0010119418,0.0010680624,0.0010905123,0.0010724624,0.0010607205,0.0,0.001030939,0.0010119415,0.0010680625,0.0010793397,0.0,0.0010607204,0.0010470307,0.0010395842,0.0010504795,0.0010563573,0.0010682117,0.0,0.0010607209,0.0,0.0010309387,0.0010119418,0.0010680624,0.0010793358,0.0,0.0010607204,0.0010470306,0.0010395842,0.0010504795,0.0010563573,0.0010682122,0.0010724278,0.0010607203,0.0010470307,0.0010395844,0.0010504795,0.0010563573,0.0010682123,0.0,0.0,0.0,0.0010309387,0.0010119418,0.0010680624,0.0010905117,0.0010724191,0.0010607202,0.0,0.0010309387,0.0010119418,0.0010680624,0.0010793362,0.001072429,0.0010607204,0.0010470303,0.0010680624,0.0,0.0010309387,0.0010119419,0.0,0.0010607202,0.0010470303,0.0010395842,0.0010504795,0.0010563573,0.0010682128,0.0,0.0010607202,0.0010470303,0.0010395842,0.0010504795,0.0010563573,0.0010682123,0.0,0.0010607203,0.0010470307,0.0010395842,0.0010504795,0.0010563573,0.0010682135,0.001072423,0.0010607202,0.0010470303,0.0010395842,0.0010504795,0.0010563573,0.0010682124,0.0,0.0,0.0010470303,0.0010309387,0.0010213845,0.0010317959,0.0011074836,0.0,0.0010607202,0.0010470308,0.0010395842,0.0010504795,0.0010563573,0.0010682119,0.0010726295,0.0010607212,0.0010470307,0.0010395842,0.0010504795,0.0010563573,0.0010682141
k__Bacteria|p__Firmicutes|c__Clostridia|o__Eubacteriales|f__Eubacteriales_unclassified|g__Eubacteriales_unclassified|s__Clostridiales_bacterium_KLE1615,0.0,0.001059477,0.0010459452,0.0010387569,0.0010501457,0.0010565006,0.0010687069,0.0,0.0010594771,0.0010459452,0.0010387569,0.0010501457,0.0010565006,0.0010687066,0.0,0.0,0.0010459597,0.0010300304,0.001020735,0.0010316463,0.0011069538,0.0010710693,0.0,0.0010459452,0.0010300212,0.0010207344,0.0010316463,0.0011069532,0.0,0.0,0.0010459452,0.0010300212,0.0010207344,0.0010316463,0.0011069531,0.0010710288,0.001059477,0.0010459452,0.0010387569,0.0010501457,0.0010565006,0.0010687066,0.0,0.0010594777,0.0010459452,0.0010387569,0.0010501457,0.0010565006,0.0010687076,0.0010710286,0.001059477,0.0010459452,0.0010387569,0.0010501457,0.0010565006,0.001068707,0.0,0.0010594771,0.0010459459,0.001038757,0.0010501457,0.0010565006,0.0010687074,0.0,0.0010594771,0.0010459452,0.0010387569,0.0010501457,0.0010565006,0.0010687066,0.0,0.0010594771,0.0,0.0010300212,0.0010112023,0.0010669112,0.0010786639,0.0,0.001059477,0.0010459452,0.0010387569,0.0010501457,0.0010565006,0.0010687071,0.0,0.0,0.0,0.0010300212,0.0010112023,0.0010669112,0.0010896842,0.0010710403,0.0010594771,0.0,0.0010300212,0.0010112023,0.0010669112,0.0010786707,0.0010711218,0.0,0.0,0.0010300213,0.0010112023,0.0010669112,0.0010896839,0.0010710574,0.0,0.0010459452,0.0,0.001059477,0.0010459452,0.001066911,0.0010710319,0.0,0.0,0.0010300212,0.0010112023,0.0010669112,0.001089683,0.0,0.0010594785,0.0,0.0010300212,0.0010112023,0.0010669112,0.0010786623,0.0,0.0,0.0010459458,0.0010594784,0.0,0.0010300212,0.0010594771,0.0010710544,0.0010594771,0.0,0.0010300212,0.0010112023,0.0010669112,0.001078662,0.0,0.0,0.0010459453,0.0010300212,0.0010207344,0.0010316463,0.0011069534,0.0,0.0,0.0010459452,0.0,0.001059477,0.0010459452,0.001066911,0.0,0.0010594804,0.0,0.0010594771,0.0,0.001059477,0.0010459453,0.0,0.0,0.0010459619,0.0010300237,0.0010207345,0.0010316463,0.0011069534,0.0,0.0010595141,0.0010594813,0.0010539857,0.0010656321,0.0,0.0009888967,0.0,0.0010594792,0.0010459459,0.0,0.0010594773,0.0010459452,0.0010387597,0.0010710354,0.001059477,0.0010459452,0.0,0.001059477,0.0010459452,0.0010387579,0.0,0.0010594772,0.0010459453,0.0010387569,0.0010501457,0.0010565006,0.0010687069,0.0010710286,0.001059477,0.0010459452,0.0010387569,0.0010501457,0.0010565006,0.0010687069,0.0010710615,0.0,0.0,0.0010300212,0.0010112023,0.0010669112,0.001089683,0.0010710353,0.0,0.0010459452,0.0010300212,0.0010207344,0.0010316463,0.0011069534,0.0,0.0010594771,0.0,0.0010300212,0.0010112023,0.0010669112,0.001078662,0.0010710497,0.0,0.0010459452,0.0010300212,0.0010207344,0.0010316463,0.001106961,0.0,0.001059477,0.0010459452,0.0010387569,0.0010501457,0.0010565006,0.0010687083,0.0010710297,0.001059477,0.0010459452,0.0010387569,0.0010501457,0.0010565006,0.0010687066,0.0,0.0010594773,0.0010459452,0.0010387569,0.0010501457,0.0010565006,0.0010687069,0.0,0.0,0.0010459452,0.0010300212,0.0010207344,0.0010316463,0.0011069532,0.0010710311,0.001059477,0.0,0.0,0.0010594771,0.0010594771,0.0010539856,0.0010710699,0.0,0.0010459453,0.0,0.0010594771,0.0010459452,0.0010669144,0.0010711718,0.0,0.0010594771,0.0010459452,0.0010387569,0.0,0.0010594777,0.0,0.0010594769,0.0,0.0010300212,0.0010112023,0.001066911,0.0010786705,0.0010710353,0.0,0.0010459452,0.0010300212,0.0010207345,0.0010316469,0.0011070153,0.0010710466,0.0,0.0,0.0010300212,0.0010112023,0.0010669112,0.0010896828,0.0,0.0010594771,0.0010459453,0.0010387569,0.0010501457,0.0010565006,0.0010687069,0.0010710481,0.0010594772,0.0010459452,0.0,0.001059477,0.0010459452,0.0010387581,0.0010710314,0.0,0.0010459452,0.0010300215,0.0010207344,0.0010316463,0.0011069548,0.0010710325,0.0,0.0010459453,0.0010300212,0.0010207345,0.0010316463,0.0011069553,0.0,0.0010594772,0.0010594772,0.0010539853,0.001065632,0.0,0.0009889356,0.0010710682,0.0,0.0010459452,0.0010300212,0.0010207344,0.0010316463,0.0011069531,0.0010710335,0.0,0.0,0.0010300212,0.0010112023,0.0010669112,0.001089684,0.0010711146,0.0010594779,0.0,0.0010300224,0.0010112025,0.001066911,0.001078669,0.0,0.0010594771,0.0010459452,0.0010387569,0.0010501457,0.0010565006,0.0010687066,0.0,0.0010594779,0.0,0.0010300212,0.0010112023,0.0010669112,0.001078662,0.0,0.0010594771,0.0010459453,0.0010387569,0.0010501457,0.0010565006,0.001068707,0.0010710451,0.001059477,0.0010459452,0.001038757,0.0010501457,0.0010565006,0.0010687073,0.0,0.0,0.0,0.0010300212,0.0010112023,0.0010669112,0.0010896834,0.0010710284,0.001059477,0.0,0.0010300212,0.0010112023,0.0010669112,0.0010786628,0.001071041,0.0010594771,0.0010459452,0.0010669112,0.0,0.0010300212,0.0010112025,0.0,0.001059477,0.0010459452,0.0010387569,0.0010501457,0.0010565006,0.0010687077,0.0,0.001059477,0.0010459452,0.0010387569,0.0010501457,0.0010565006,0.001068707,0.0,0.0010594776,0.0010459452,0.0010387569,0.0010501457,0.0010565006,0.001068709,0.0010710391,0.001059477,0.0010459452,0.0010387569,0.0010501457,0.0010565006,0.0010687074,0.0,0.0,0.0010459452,0.0010300212,0.0010207344,0.0010316463,0.0011069536,0.0,0.001059477,0.0010459452,0.0010387569,0.0010501457,0.0010565006,0.0010687066,0.0010712716,0.0010594785,0.0010459452,0.0010387569,0.0010501457,0.0010565006,0.0010687095
k__Bacteria|p__Firmicutes|c__Clostridia|o__Clostridia_unclassified|f__Clostridia_unclassified|g__GGB3451|s__GGB3451_SGB4605,0.0,0.0010617374,0.0010480701,0.0010406356,0.0010515173,0.0010573879,0.001069223,0.0,0.0010617372,0.0010480701,0.0010406356,0.0010515173,0.0010573879,0.001069223,0.0,0.0,0.0010480888,0.0010320133,0.0010224594,0.0010328603,0.0011083921,0.0010734452,0.0,0.0010480701,0.0010320006,0.0010224587,0.0010328603,0.0011083921,0.0,0.0,0.0010480701,0.0010320006,0.0010224585,0.0010328603,0.0011083921,0.0010734141,0.0010617371,0.0010480701,0.0010406356,0.0010515173,0.0010573879,0.0010692229,0.0,0.0010617378,0.0010480705,0.0010406356,0.0010515173,0.0010573879,0.0010692229,0.0010734141,0.0010617371,0.0010480701,0.0010406356,0.0010515173,0.0010573879,0.0010692232,0.0,0.0010617377,0.0010480708,0.0010406357,0.0010515177,0.0010573879,0.0010692233,0.0,0.0010617374,0.0010480701,0.0010406356,0.0010515173,0.0010573879,0.0010692229,0.0,0.0010617372,0.0,0.0010320006,0.0010130247,0.0010690666,0.0010803187,0.0,0.0010617374,0.0010480701,0.0010406356,0.0010515177,0.0010573879,0.0010692225,0.0,0.0,0.0,0.0010320006,0.0010130247,0.0010690666,0.0010914663,0.0010734223,0.0010617374,0.0,0.0010320006,0.0010130247,0.0010690666,0.0010803196,0.0010734769,0.0,0.0,0.0010320005,0.0010130247,0.0010690666,0.0010914662,0.0010734362,0.0,0.0010480701,0.0,0.0010617374,0.0010480701,0.0010690662,0.0010734162,0.0,0.0,0.0010320006,0.0010130247,0.0010690666,0.001091467,0.0,0.001061739,0.0,0.0010320006,0.0010130247,0.0010690666,0.0010803184,0.0,0.0,0.0010480712,0.001061739,0.0,0.0010320006,0.0010617373,0.0010734398,0.0010617377,0.0,0.0010320005,0.0010130247,0.0010690666,0.0010803187,0.0,0.0,0.0010480706,0.0010320006,0.0010224585,0.0010328603,0.001108392,0.0,0.0,0.0010480701,0.0,0.0010617371,0.0010480701,0.0010690662,0.0,0.0010617404,0.0,0.0010617373,0.0,0.0010617371,0.0010480703,0.0,0.0,0.0010480942,0.0010320039,0.0010224587,0.0010328603,0.0011083917,0.0,0.0010617838,0.0010617428,0.0010560083,0.0010671513,0.0,0.0009905424,0.0,0.0010617392,0.0010480711,0.0,0.0010617377,0.0010480705,0.001040637,0.0010734212,0.0010617374,0.0010480701,0.0,0.0010617371,0.0010480701,0.0010406356,0.0,0.0010617377,0.0010480703,0.0010406356,0.0010515173,0.0010573879,0.0010692229,0.001073414,0.0010617371,0.0010480701,0.0010406356,0.0010515173,0.0010573879,0.0010692229,0.0010734393,0.0,0.0,0.0010320006,0.0010130247,0.0010690666,0.0010914669,0.0010734206,0.0,0.0010480701,0.0010320006,0.0010224585,0.0010328603,0.0011083919,0.0,0.0010617375,0.0,0.0010320006,0.0010130247,0.0010690666,0.0010803187,0.0010734284,0.0,0.0010480701,0.0010320006,0.0010224587,0.0010328603,0.0011083917,0.0,0.0010617374,0.0010480701,0.0010406356,0.0010515177,0.0010573879,0.0010692222,0.001073415,0.0010617371,0.0010480701,0.0010406356,0.0010515173,0.0010573879,0.0010692229,0.0,0.0010617378,0.0010480705,0.0010406356,0.0010515177,0.0010573879,0.001069223,0.0,0.0,0.0010480701,0.0010320006,0.0010224585,0.0010328603,0.0011083923,0.0010734156,0.0010617374,0.0,0.0,0.0010617373,0.0010617372,0.0010560075,0.001073445,0.0,0.0010480706,0.0,0.0010617375,0.0010480701,0.0010690667,0.0010735071,0.0,0.0010617377,0.0010480705,0.0010406356,0.0,0.0010617373,0.0,0.0010617371,0.0,0.0010320006,0.0010130247,0.0010690665,0.0010803201,0.0010734202,0.0,0.0010480701,0.0010320006,0.0010224587,0.0010328606,0.001108394,0.0010734302,0.0,0.0,0.0010320006,0.0010130247,0.0010690666,0.0010914672,0.0,0.0010617373,0.0010480703,0.0010406356,0.0010515173,0.0010573879,0.001069223,0.0010734353,0.0010617375,0.0010480705,0.0,0.0010617374,0.0010480701,0.0010406366,0.001073416,0.0,0.0010480705,0.0010320006,0.0010224585,0.0010328603,0.0011083911,0.0010734168,0.0,0.0010480703,0.0010320006,0.0010224587,0.0010328604,0.0011083917,0.0,0.0010617375,0.0010617377,0.0010560076,0.0010671514,0.0,0.0009905661,0.0010734444,0.0,0.0010480705,0.0010320006,0.0010224585,0.0010328603,0.0011083921,0.001073417,0.0,0.0,0.0010320006,0.0010130247,0.0010690666,0.0010914666,0.0010734802,0.001061738,0.0,0.0010320017,0.001013025,0.0010690666,0.0010803189,0.0,0.0010617372,0.0010480705,0.0010406356,0.0010515173,0.0010573879,0.0010692229,0.0,0.0010617386,0.0,0.0010320006,0.0010130247,0.0010690666,0.0010803187,0.0,0.0010617375,0.0010480706,0.0010406356,0.0010515173,0.0010573879,0.0010692232,0.0010734219,0.0010617372,0.0010480703,0.0010406357,0.0010515173,0.0010573879,0.0010692229,0.0,0.0,0.0,0.0010320006,0.0010130247,0.0010690666,0.001091467,0.0010734138,0.0010617371,0.0,0.0010320006,0.0010130247,0.0010690666,0.0010803186,0.0010734219,0.0010617372,0.0010480701,0.0010690666,0.0,0.0010320006,0.0010130248,0.0,0.0010617371,0.0010480701,0.0010406356,0.0010515177,0.0010573879,0.0010692223,0.0,0.0010617371,0.0010480701,0.0010406356,0.0010515177,0.0010573879,0.0010692228,0.0,0.0010617379,0.0010480705,0.0010406356,0.0010515173,0.0010573879,0.0010692223,0.0010734226,0.0010617374,0.0010480701,0.0010406356,0.0010515173,0.0010573879,0.0010692229,0.0,0.0,0.0010480701,0.0010320006,0.0010224587,0.0010328603,0.001108392,0.0,0.0010617374,0.0010480701,0.0010406356,0.0010515173,0.0010573879,0.0010692229,0.0010735645,0.0010617386,0.0010480705,0.0010406356,0.0010515173,0.0010573879,0.0010692222
k__Bacteria|p__Firmicutes|c__Clostridia|o__Eubacteriales|f__Eubacteriales_unclassified|g__Eubacteriales_unclassified|s__Clostridiales_bacterium_Marseille_P2846,0.0,0.0010605314,0.0010469236,0.0010396013,0.0010507205,0.0010568165,0.001068827,0.0,0.0010605315,0.0010469236,0.0010396013,0.0010507205,0.0010568165,0.0010688265,0.0,0.0,0.0010469324,0.0010309229,0.001021493,0.0010321321,0.0011075846,0.0010721812,0.0,0.0010469236,0.0010309181,0.0010214925,0.0010321321,0.001107584,0.0,0.0,0.0010469236,0.0010309181,0.0010214925,0.0010321321,0.0011075841,0.0010721538,0.0010605315,0.0010469236,0.0010396013,0.0010507205,0.0010568165,0.0010688265,0.0,0.0010605323,0.0010469236,0.0010396013,0.0010507205,0.0010568165,0.0010688278,0.0010721536,0.0010605315,0.0010469236,0.0010396013,0.0010507205,0.0010568165,0.0010688266,0.0,0.0010605315,0.0010469243,0.0010396014,0.0010507205,0.0010568165,0.001068827,0.0,0.0010605315,0.0010469236,0.0010396013,0.0010507205,0.0010568165,0.0010688266,0.0,0.0010605315,0.0,0.0010309181,0.0010120118,0.0010679112,0.0010794003,0.0,0.0010605315,0.0010469236,0.0010396013,0.0010507205,0.0010568165,0.0010688271,0.0,0.0,0.0,0.0010309181,0.0010120118,0.0010679112,0.0010904928,0.0010721632,0.0010605315,0.0,0.0010309181,0.0010120118,0.0010679112,0.0010794064,0.0010722345,0.0,0.0,0.0010309183,0.0010120118,0.0010679112,0.0010904929,0.0010721771,0.0,0.0010469236,0.0,0.0010605315,0.0010469236,0.0010679115,0.0010721568,0.0,0.0,0.0010309181,0.0010120118,0.0010679112,0.0010904915,0.0,0.0010605326,0.0,0.0010309181,0.0010120118,0.0010679112,0.0010793987,0.0,0.0,0.0010469242,0.0010605329,0.0,0.0010309181,0.0010605318,0.0010721696,0.0010605315,0.0,0.001030918,0.0010120118,0.0010679112,0.0010793981,0.0,0.0,0.0010469237,0.0010309181,0.0010214925,0.0010321321,0.0011075845,0.0,0.0,0.0010469236,0.0,0.0010605315,0.0010469236,0.0010679114,0.0,0.0010605326,0.0,0.0010605316,0.0,0.0010605315,0.0010469237,0.0,0.0,0.0010469328,0.0010309195,0.0010214926,0.0010321321,0.0011075841,0.0,0.001060558,0.0010605339,0.0010549107,0.0010662901,0.0,0.0009896108,0.0,0.0010605333,0.0010469244,0.0,0.0010605316,0.0010469238,0.0010396044,0.0010721573,0.0010605315,0.0010469236,0.0,0.0010605315,0.0010469236,0.0010396027,0.0,0.0010605316,0.0010469237,0.0010396013,0.0010507205,0.0010568165,0.0010688268,0.0010721536,0.0010605315,0.0010469236,0.0010396013,0.0010507205,0.0010568165,0.0010688266,0.0010721842,0.0,0.0,0.0010309181,0.0010120118,0.0010679112,0.0010904914,0.00107216,0.0,0.0010469236,0.0010309181,0.0010214925,0.0010321321,0.0011075843,0.0,0.0010605316,0.0,0.0010309181,0.0010120118,0.0010679112,0.0010793981,0.0010721697,0.0,0.0010469236,0.0010309181,0.0010214925,0.0010321321,0.0011075935,0.0,0.0010605315,0.0010469236,0.0010396013,0.0010507205,0.0010568165,0.0010688284,0.001072154,0.0010605315,0.0010469236,0.0010396013,0.0010507205,0.0010568165,0.0010688265,0.0,0.0010605317,0.0010469238,0.0010396013,0.0010507205,0.0010568165,0.001068827,0.0,0.0,0.0010469236,0.0010309181,0.0010214925,0.0010321321,0.0011075841,0.0010721552,0.0010605315,0.0,0.0,0.0010605316,0.0010605315,0.0010549107,0.0010721823,0.0,0.0010469239,0.0,0.0010605316,0.0010469236,0.0010679155,0.0010722711,0.0,0.0010605315,0.0010469238,0.0010396013,0.0,0.0010605323,0.0,0.0010605314,0.0,0.0010309181,0.0010120118,0.0010679113,0.0010794072,0.0010721587,0.0,0.0010469236,0.0010309181,0.0010214926,0.0010321329,0.0011076528,0.0010721643,0.0,0.0,0.0010309181,0.0010120118,0.0010679112,0.0010904915,0.0,0.0010605316,0.0010469237,0.0010396013,0.0010507205,0.0010568165,0.0010688265,0.0010721531,0.0010605315,0.0010469238,0.0,0.0010605314,0.0010469236,0.0010396027,0.0010721566,0.0,0.0010469238,0.0010309182,0.0010214925,0.0010321321,0.0011075858,0.0010721566,0.0,0.0010469237,0.001030918,0.0010214926,0.0010321324,0.0011075868,0.0,0.0010605315,0.0010605316,0.0010549105,0.0010662903,0.0,0.0009896455,0.0010721894,0.0,0.0010469238,0.0010309181,0.0010214925,0.0010321321,0.0011075841,0.001072157,0.0,0.0,0.0010309181,0.0010120118,0.0010679112,0.0010904927,0.0010722228,0.0010605326,0.0,0.0010309191,0.0010120119,0.0010679115,0.0010794064,0.0,0.0010605315,0.0010469238,0.0010396013,0.0010507205,0.0010568165,0.0010688265,0.0,0.0010605317,0.0,0.0010309181,0.0010120118,0.0010679112,0.0010793981,0.0,0.0010605315,0.0010469237,0.0010396013,0.0010507205,0.0010568165,0.0010688268,0.001072169,0.0010605314,0.0010469236,0.0010396014,0.0010507205,0.0010568165,0.0010688271,0.0,0.0,0.0,0.0010309181,0.0010120118,0.0010679112,0.0010904921,0.0010721533,0.0010605315,0.0,0.0010309181,0.0010120118,0.0010679112,0.0010793991,0.0010721625,0.0010605315,0.0010469236,0.0010679112,0.0,0.0010309181,0.001012012,0.0,0.0010605315,0.0010469236,0.0010396013,0.0010507205,0.0010568165,0.0010688276,0.0,0.0010605315,0.0010469236,0.0010396013,0.0010507205,0.0010568165,0.0010688268,0.0,0.0010605322,0.0010469238,0.0010396013,0.0010507205,0.0010568165,0.001068829,0.0010721638,0.0010605315,0.0010469236,0.0010396013,0.0010507205,0.0010568165,0.0010688272,0.0,0.0,0.0010469236,0.0010309181,0.0010214925,0.0010321321,0.0011075846,0.0,0.0010605315,0.0010469236,0.0010396013,0.0010507205,0.0010568165,0.0010688266,0.001072287,0.0010605325,0.0010469236,0.0010396013,0.0010507205,0.0010568165,0.0010688291
k__Bacteria|p__Firmicutes|c__Clostridia|o__Eubacteriales|f__Eubacteriales_unclassified|g__Eubacteriales_unclassified|s__Clostridiales_bacterium_VE202_01,0.0,0.0010581141,0.0010444518,0.0010371007,0.0010482499,0.0010543612,0.0010664172,0.0,0.0010581142,0.0010444518,0.0010371007,0.0010482499,0.0010543612,0.0010664169,0.0,0.0,0.0010444685,0.0010284035,0.0010189383,0.001029598,0.0011054226,0.0010698381,0.0,0.0010444518,0.0010283927,0.0010189373,0.001029598,0.0011054213,0.0,0.0,0.0010444518,0.0010283927,0.0010189373,0.001029598,0.0011054215,0.0010697907,0.0010581141,0.0010444518,0.0010371007,0.0010482499,0.0010543612,0.0010664169,0.0,0.0010581149,0.0010444518,0.0010371007,0.0010482499,0.0010543612,0.0010664181,0.0010697909,0.0010581141,0.0010444518,0.0010371007,0.0010482499,0.0010543612,0.001066417,0.0,0.0010581143,0.0010444525,0.001037101,0.0010482499,0.0010543615,0.0010664178,0.0,0.0010581142,0.0010444518,0.0010371007,0.0010482499,0.0010543612,0.001066417,0.0,0.0010581142,0.0,0.0010283927,0.0010094353,0.0010655244,0.0010770625,0.0,0.0010581141,0.0010444518,0.0010371009,0.0010482499,0.0010543615,0.0010664179,0.0,0.0,0.0,0.0010283927,0.0010094353,0.0010655244,0.0010882211,0.0010698051,0.0010581142,0.0,0.0010283927,0.0010094353,0.0010655244,0.0010770719,0.0010698925,0.0,0.0,0.0010283928,0.0010094353,0.0010655244,0.0010882204,0.0010698254,0.0,0.0010444518,0.0,0.0010581141,0.0010444518,0.0010655245,0.0010697955,0.0,0.0,0.0010283927,0.0010094353,0.0010655244,0.0010882182,0.0,0.0010581159,0.0,0.0010283927,0.0010094353,0.0010655244,0.0010770601,0.0,0.0,0.0010444528,0.0010581156,0.0,0.0010283927,0.0010581146,0.00106982,0.0010581143,0.0,0.0010283926,0.0010094353,0.0010655244,0.0010770595,0.0,0.0,0.0010444518,0.0010283927,0.0010189373,0.001029598,0.001105422,0.0,0.0,0.0010444518,0.0,0.0010581141,0.0010444518,0.0010655246,0.0,0.0010581182,0.0,0.0010581142,0.0,0.0010581141,0.001044452,0.0,0.0,0.001044469,0.0010283956,0.0010189373,0.001029598,0.0011054225,0.0,0.0010581615,0.001058119,0.0010524672,0.0010638855,0.0,0.0009869951,0.0,0.0010581171,0.0010444529,0.0,0.0010581147,0.0010444518,0.0010371048,0.0010697991,0.0010581141,0.0010444518,0.0,0.0010581141,0.0010444518,0.0010371025,0.0,0.0010581143,0.001044452,0.0010371009,0.0010482499,0.0010543612,0.001066417,0.0010697908,0.0010581141,0.0010444518,0.0010371007,0.0010482499,0.0010543612,0.001066417,0.00106983,0.0,0.0,0.0010283927,0.0010094353,0.0010655244,0.0010882182,0.001069798,0.0,0.0010444518,0.0010283927,0.0010189373,0.001029598,0.0011054219,0.0,0.0010581142,0.0,0.0010283927,0.0010094353,0.0010655244,0.0010770594,0.001069816,0.0,0.0010444518,0.0010283927,0.0010189373,0.001029598,0.001105435,0.0,0.0010581141,0.0010444518,0.0010371007,0.0010482499,0.0010543615,0.0010664198,0.0010697917,0.0010581141,0.0010444518,0.0010371007,0.0010482499,0.0010543612,0.0010664169,0.0,0.0010581146,0.0010444518,0.0010371009,0.0010482499,0.0010543612,0.0010664172,0.0,0.0,0.0010444518,0.0010283927,0.0010189373,0.001029598,0.0011054217,0.0010697944,0.0010581141,0.0,0.0,0.0010581142,0.0010581142,0.0010524674,0.0010698424,0.0,0.0010444522,0.0,0.0010581142,0.0010444518,0.0010655297,0.0010699475,0.0,0.0010581142,0.0010444518,0.0010371009,0.0,0.0010581153,0.0,0.001058114,0.0,0.0010283927,0.0010094353,0.0010655244,0.0010770703,0.0010697985,0.0,0.0010444518,0.0010283927,0.0010189373,0.0010295984,0.001105518,0.0010698104,0.0,0.0,0.0010283927,0.0010094353,0.0010655244,0.0010882178,0.0,0.0010581142,0.001044452,0.0010371007,0.0010482499,0.0010543612,0.0010664169,0.0010698154,0.0010581142,0.0010444518,0.0,0.0010581142,0.0010444518,0.0010371024,0.0010697946,0.0,0.0010444518,0.001028393,0.0010189373,0.001029598,0.0011054251,0.0010697962,0.0,0.001044452,0.0010283927,0.0010189373,0.0010295981,0.0011054248,0.0,0.0010581142,0.0010581143,0.0010524667,0.0010638855,0.0,0.0009870458,0.0010698411,0.0,0.0010444518,0.0010283927,0.0010189373,0.001029598,0.0011054215,0.0010697985,0.0,0.0,0.0010283927,0.0010094353,0.0010655244,0.0010882205,0.0010698804,0.0010581153,0.0,0.001028394,0.0010094359,0.0010655246,0.0010770714,0.0,0.0010581142,0.0010444518,0.0010371009,0.0010482499,0.0010543612,0.0010664169,0.0,0.0010581153,0.0,0.0010283927,0.0010094353,0.0010655244,0.0010770594,0.0,0.0010581142,0.0010444518,0.0010371009,0.0010482499,0.0010543612,0.001066417,0.0010698123,0.0010581141,0.0010444518,0.001037101,0.0010482499,0.0010543612,0.0010664175,0.0,0.0,0.0,0.0010283927,0.0010094353,0.0010655244,0.0010882188,0.0010697903,0.0010581141,0.0,0.0010283927,0.0010094353,0.0010655244,0.0010770612,0.0010698078,0.0010581142,0.0010444518,0.0010655244,0.0,0.0010283927,0.001009436,0.0,0.0010581141,0.0010444518,0.0010371009,0.0010482499,0.0010543612,0.0010664184,0.0,0.0010581141,0.0010444518,0.0010371009,0.0010482499,0.0010543612,0.0010664172,0.0,0.0010581149,0.0010444518,0.0010371009,0.0010482499,0.0010543615,0.0010664206,0.0010698033,0.0010581141,0.0010444518,0.0010371009,0.0010482499,0.0010543612,0.0010664177,0.0,0.0,0.0010444518,0.0010283927,0.0010189373,0.001029598,0.0011054222,0.0,0.0010581141,0.0010444518,0.0010371007,0.0010482499,0.0010543612,0.001066417,0.0010700489,0.0010581161,0.0010444518,0.0010371009,0.0010482499,0.0010543615,0.0010664213
k__Bacteria|p__Firmicutes|c__Clostridia|o__Eubacteriales|f__Eubacteriales_Family_XIII_Incertae_Sedis|g__Eubacteriales_Family_XIII_Incertae_Sedis_unclassified|s__Eubacterium_brachy,0.0,0.0010596815,0.0010459601,0.0010384886,0.0010493748,0.0010552375,0.0010670967,0.0,0.0010596816,0.0010459601,0.0010384886,0.0010493748,0.0010552375,0.0010670967,0.0,0.0,0.0010459836,0.0010298525,0.001020257,0.0010306538,0.0011065282,0.0010714363,0.0,0.0010459601,0.0010298359,0.0010202561,0.0010306538,0.0011065276,0.0,0.0,0.0010459601,0.0010298359,0.0010202561,0.0010306538,0.0011065275,0.0010714125,0.0010596816,0.0010459601,0.0010384886,0.0010493748,0.0010552375,0.0010670967,0.0,0.0010596827,0.0010459602,0.0010384886,0.0010493748,0.0010552375,0.0010670974,0.0010714125,0.0010596816,0.0010459601,0.0010384886,0.0010493748,0.0010552375,0.0010670967,0.0,0.0010596821,0.0010459609,0.0010384888,0.0010493748,0.0010552375,0.0010670971,0.0,0.0010596816,0.0010459601,0.0010384886,0.0010493748,0.0010552375,0.0010670967,0.0,0.0010596816,0.0,0.0010298359,0.0010108076,0.0010670334,0.0010783087,0.0,0.0010596816,0.0010459601,0.0010384887,0.0010493748,0.0010552375,0.0010670971,0.0,0.0,0.0,0.0010298359,0.0010108076,0.0010670334,0.0010895203,0.0010714171,0.0010596816,0.0,0.0010298359,0.0010108076,0.0010670334,0.0010783141,0.0010714611,0.0,0.0,0.0010298362,0.0010108076,0.0010670334,0.0010895199,0.0010714299,0.0,0.0010459601,0.0,0.0010596816,0.0010459601,0.0010670334,0.0010714148,0.0,0.0,0.0010298359,0.0010108076,0.0010670334,0.0010895189,0.0,0.001059684,0.0,0.0010298359,0.0010108076,0.0010670334,0.0010783069,0.0,0.0,0.0010459619,0.0010596834,0.0,0.0010298359,0.0010596818,0.0010714382,0.0010596821,0.0,0.0010298358,0.0010108076,0.0010670334,0.0010783067,0.0,0.0,0.0010459602,0.0010298359,0.0010202561,0.0010306538,0.0011065283,0.0,0.0,0.0010459601,0.0,0.0010596816,0.0010459601,0.0010670336,0.0,0.0010596879,0.0,0.0010596818,0.0,0.0010596816,0.0010459602,0.0,0.0,0.0010459868,0.0010298404,0.0010202562,0.0010306538,0.0011065281,0.0,0.0010597402,0.0010596886,0.0010539187,0.0010650743,0.0,0.0009882854,0.0,0.0010596851,0.0010459615,0.0,0.0010596825,0.0010459602,0.0010384923,0.001071418,0.0010596816,0.0010459601,0.0,0.0010596816,0.0010459601,0.0010384899,0.0,0.0010596818,0.0010459602,0.0010384886,0.0010493748,0.0010552375,0.0010670968,0.0010714122,0.0010596816,0.0010459601,0.0010384886,0.0010493748,0.0010552375,0.0010670967,0.0010714333,0.0,0.0,0.0010298359,0.0010108076,0.0010670334,0.0010895189,0.0010714169,0.0,0.0010459601,0.0010298359,0.0010202561,0.0010306538,0.0011065281,0.0,0.0010596818,0.0,0.0010298359,0.0010108076,0.0010670334,0.0010783063,0.0010714249,0.0,0.0010459601,0.0010298359,0.0010202561,0.0010306538,0.0011065364,0.0,0.0010596816,0.0010459601,0.0010384886,0.0010493748,0.0010552375,0.001067098,0.0010714127,0.0010596816,0.0010459601,0.0010384886,0.0010493748,0.0010552375,0.0010670967,0.0,0.0010596825,0.0010459602,0.0010384887,0.0010493748,0.0010552375,0.0010670967,0.0,0.0,0.0010459601,0.0010298359,0.0010202561,0.0010306538,0.0011065276,0.0010714132,0.0010596816,0.0,0.0,0.0010596818,0.0010596816,0.0010539183,0.0010714373,0.0,0.0010459605,0.0,0.0010596818,0.0010459601,0.0010670382,0.0010714914,0.0,0.001059682,0.0010459602,0.0010384886,0.0,0.0010596826,0.0,0.0010596815,0.0,0.0010298359,0.0010108076,0.0010670335,0.0010783143,0.0010714174,0.0,0.0010459601,0.0010298359,0.0010202562,0.0010306543,0.0011065872,0.0010714297,0.0,0.0,0.0010298359,0.0010108076,0.0010670334,0.0010895188,0.0,0.0010596818,0.0010459602,0.0010384886,0.0010493748,0.0010552375,0.0010670967,0.0010713944,0.0010596818,0.0010459602,0.0,0.0010596816,0.0010459601,0.00103849,0.0010714136,0.0,0.0010459602,0.0010298362,0.0010202561,0.0010306538,0.0011065296,0.0010714153,0.0,0.0010459602,0.0010298359,0.0010202562,0.0010306538,0.0011065297,0.0,0.001059682,0.0010596821,0.0010539177,0.0010650745,0.0,0.0009883312,0.0010714357,0.0,0.0010459602,0.0010298359,0.0010202561,0.0010306538,0.0011065275,0.0010714156,0.0,0.0,0.0010298359,0.0010108076,0.0010670334,0.0010895197,0.0010714548,0.0010596828,0.0,0.0010298373,0.0010108082,0.0010670337,0.0010783141,0.0,0.0010596816,0.0010459602,0.0010384886,0.0010493748,0.0010552375,0.0010670967,0.0,0.0010596837,0.0,0.0010298359,0.0010108076,0.0010670334,0.0010783065,0.0,0.0010596818,0.0010459602,0.0010384886,0.0010493748,0.0010552375,0.0010670968,0.0010714232,0.0010596819,0.0010459602,0.0010384889,0.0010493748,0.0010552375,0.001067097,0.0,0.0,0.0,0.0010298359,0.0010108076,0.0010670334,0.0010895195,0.0010714122,0.0010596816,0.0,0.0010298359,0.0010108076,0.0010670334,0.0010783076,0.0010714228,0.0010596816,0.0010459601,0.0010670334,0.0,0.0010298359,0.0010108076,0.0,0.0010596816,0.0010459601,0.0010384887,0.0010493748,0.0010552375,0.0010670975,0.0,0.0010596816,0.0010459601,0.0010384887,0.0010493748,0.0010552375,0.0010670968,0.0,0.0010596827,0.0010459602,0.0010384887,0.0010493748,0.0010552375,0.0010670987,0.0010714191,0.0010596816,0.0010459601,0.0010384886,0.0010493748,0.0010552375,0.001067097,0.0,0.0,0.0010459601,0.0010298359,0.0010202561,0.0010306538,0.0011065281,0.0,0.0010596816,0.0010459601,0.0010384886,0.0010493748,0.0010552375,0.0010670967,0.0010715714,0.0010596841,0.0010459602,0.0010384887,0.0010493748,0.0010552375,0.0010670992
k__Bacteria|p__Firmicutes|c__Clostridia|o__Eubacteriales|f__Eubacteriales_unclassified|g__Levyella|s__Levyella_massiliensis,0.0,0.001061703,0.0010479487,0.0010403867,0.0010510472,0.0010567,0.0010683833,0.0,0.0010617031,0.0010479487,0.0010403867,0.0010510472,0.0010567,0.0010683836,0.0,0.0,0.0010479535,0.0010317892,0.0010221138,0.0010322881,0.0011080911,0.0010734935,0.0,0.0010479487,0.0010317876,0.0010221136,0.0010322883,0.0011080912,0.0,0.0,0.0010479487,0.0010317876,0.0010221136,0.0010322883,0.0011080912,0.0010734621,0.001061703,0.0010479487,0.0010403867,0.0010510472,0.0010567,0.0010683833,0.0,0.0010617033,0.0010479488,0.0010403867,0.0010510472,0.0010567,0.0010683845,0.0010734622,0.001061703,0.0010479487,0.0010403867,0.0010510472,0.0010567,0.0010683833,0.0,0.0010617031,0.0010479494,0.0010403869,0.0010510472,0.0010567,0.0010683837,0.0,0.0010617031,0.0010479487,0.0010403867,0.0010510472,0.0010567,0.0010683835,0.0,0.0010617031,0.0,0.0010317876,0.0010127161,0.0010689971,0.0010800402,0.0,0.001061703,0.0010479487,0.0010403867,0.0010510472,0.0010567,0.0010683833,0.0,0.0,0.0,0.0010317876,0.0010127161,0.0010689974,0.0010912756,0.0010734717,0.0010617031,0.0,0.0010317876,0.0010127161,0.0010689974,0.0010800422,0.0010735345,0.0,0.0,0.0010317876,0.0010127161,0.0010689971,0.0010912766,0.0010734862,0.0,0.0010479487,0.0,0.001061703,0.0010479487,0.0010689971,0.0010734646,0.0,0.0,0.0010317876,0.0010127161,0.0010689971,0.0010912765,0.0,0.0010617035,0.0,0.0010317876,0.0010127161,0.0010689971,0.0010800399,0.0,0.0,0.0010479491,0.0010617037,0.0,0.0010317876,0.0010617034,0.0010734756,0.0010617031,0.0,0.0010317875,0.0010127161,0.0010689971,0.0010800397,0.0,0.0,0.001047949,0.0010317876,0.0010221136,0.0010322883,0.0011080914,0.0,0.0,0.0010479487,0.0,0.001061703,0.0010479487,0.0010689973,0.0,0.0010617027,0.0,0.0010617032,0.0,0.001061703,0.0010479491,0.0,0.0,0.0010479502,0.0010317882,0.0010221136,0.0010322883,0.0011080907,0.0,0.001061716,0.0010617041,0.0010558509,0.001066779,0.0,0.0009901352,0.0,0.0010617039,0.001047949,0.0,0.0010617032,0.0010479487,0.0010403887,0.0010734658,0.001061703,0.0010479487,0.0,0.001061703,0.0010479487,0.0010403874,0.0,0.0010617032,0.0010479488,0.0010403867,0.0010510472,0.0010567,0.0010683833,0.0010734621,0.001061703,0.0010479487,0.0010403867,0.0010510472,0.0010567,0.0010683835,0.0010734884,0.0,0.0,0.0010317876,0.0010127161,0.0010689971,0.0010912765,0.0010734667,0.0,0.0010479487,0.0010317876,0.0010221136,0.0010322883,0.0011080912,0.0,0.0010617032,0.0,0.0010317876,0.0010127161,0.0010689971,0.0010800395,0.0010734785,0.0,0.0010479487,0.0010317876,0.0010221136,0.0010322883,0.0011080932,0.0,0.001061703,0.0010479487,0.0010403867,0.0010510472,0.0010567,0.0010683842,0.0010734629,0.001061703,0.0010479487,0.0010403867,0.0010510472,0.0010567,0.0010683833,0.0,0.0010617031,0.0010479487,0.0010403867,0.0010510472,0.0010567,0.0010683833,0.0,0.0,0.0010479487,0.0010317876,0.0010221136,0.0010322883,0.0011080912,0.0010734643,0.001061703,0.0,0.0,0.0010617032,0.0010617031,0.001055851,0.0010734935,0.0,0.0010479488,0.0,0.0010617032,0.0010479487,0.0010689996,0.0010735774,0.0,0.0010617032,0.0010479487,0.0010403867,0.0,0.0010617034,0.0,0.001061703,0.0,0.0010317876,0.0010127161,0.0010689972,0.001080047,0.0010734666,0.0,0.0010479487,0.0010317876,0.0010221136,0.0010322888,0.0011081011,0.0010734701,0.0,0.0,0.0010317876,0.0010127161,0.0010689971,0.0010912765,0.0,0.0010617032,0.0010479488,0.0010403867,0.0010510472,0.0010567,0.0010683833,0.0010734854,0.0010617031,0.0010479487,0.0,0.0010617031,0.0010479487,0.0010403875,0.0010734644,0.0,0.0010479487,0.0010317876,0.0010221136,0.0010322883,0.0011080911,0.0010734646,0.0,0.0010479488,0.0010317876,0.0010221136,0.0010322885,0.0011080924,0.0,0.0010617031,0.0010617032,0.001055851,0.0010667787,0.0,0.000990151,0.0010734961,0.0,0.0010479487,0.0010317876,0.0010221136,0.0010322883,0.0011080912,0.0010734653,0.0,0.0,0.0010317876,0.0010127161,0.0010689971,0.0010912764,0.0010735289,0.0010617037,0.0,0.0010317882,0.0010127159,0.0010689974,0.001080042,0.0,0.0010617032,0.0010479487,0.0010403867,0.0010510472,0.0010567,0.0010683833,0.0,0.0010617031,0.0,0.0010317876,0.0010127161,0.0010689971,0.0010800395,0.0,0.0010617031,0.001047949,0.0010403867,0.0010510472,0.0010567,0.0010683835,0.0010734743,0.0010617031,0.0010479491,0.001040387,0.0010510472,0.0010567,0.0010683837,0.0,0.0,0.0,0.0010317876,0.0010127161,0.0010689971,0.0010912769,0.0010734618,0.001061703,0.0,0.0010317876,0.0010127161,0.0010689971,0.0010800402,0.0010734699,0.0010617032,0.0010479487,0.0010689971,0.0,0.0010317876,0.0010127162,0.0,0.001061703,0.0010479487,0.0010403867,0.0010510472,0.0010567,0.0010683838,0.0,0.001061703,0.0010479487,0.0010403867,0.0010510472,0.0010567,0.0010683835,0.0,0.0010617033,0.0010479487,0.0010403867,0.0010510472,0.0010567,0.0010683844,0.0010734695,0.001061703,0.0010479487,0.0010403867,0.0010510472,0.0010567,0.0010683836,0.0,0.0,0.0010479487,0.0010317876,0.0010221136,0.0010322883,0.0011080914,0.0,0.001061703,0.0010479487,0.0010403867,0.0010510472,0.0010567,0.0010683835,0.0010736127,0.0010617034,0.0010479488,0.0010403869,0.0010510472,0.0010567,0.0010683839
k__Bacteria|p__Firmicutes|c__Clostridia|o__Eubacteriales|f__Lachnospiraceae|g__Blautia|s__Blautia_sp_MSK_20_85,0.0,0.00105853,0.001044784,0.001037301,0.0010482057,0.0010540792,0.0010659625,0.0,0.00105853,0.001044784,0.001037301,0.0010482057,0.0010540792,0.0010659625,0.0,0.0,0.0010447903,0.0010286402,0.0010190443,0.0010294558,0.0011055021,0.0010702899,0.0,0.001044784,0.0010286359,0.0010190442,0.0010294558,0.0011055018,0.0,0.0,0.001044784,0.0010286359,0.0010190442,0.0010294558,0.0011055018,0.001070285,0.00105853,0.001044784,0.001037301,0.0010482057,0.0010540792,0.0010659622,0.0,0.00105853,0.001044784,0.001037301,0.0010482057,0.0010540792,0.0010659625,0.0010702851,0.00105853,0.001044784,0.001037301,0.0010482057,0.0010540792,0.0010659624,0.0,0.0010585301,0.0010447841,0.0010373011,0.0010482057,0.0010540792,0.0010659628,0.0,0.00105853,0.001044784,0.001037301,0.0010482057,0.0010540792,0.0010659624,0.0,0.00105853,0.0,0.0010286359,0.001009585,0.0010658972,0.0010771971,0.0,0.00105853,0.001044784,0.001037301,0.0010482057,0.0010540792,0.0010659627,0.0,0.0,0.0,0.0010286359,0.001009585,0.0010658972,0.0010884388,0.0010702866,0.00105853,0.0,0.0010286359,0.001009585,0.0010658968,0.0010771992,0.001070303,0.0,0.0,0.001028636,0.001009585,0.0010658968,0.0010884386,0.0010702902,0.0,0.001044784,0.0,0.00105853,0.001044784,0.0010658968,0.0010702857,0.0,0.0,0.0010286359,0.001009585,0.0010658972,0.0010884383,0.0,0.0010585305,0.0,0.0010286359,0.001009585,0.0010658972,0.0010771964,0.0,0.0,0.0010447837,0.0010585304,0.0,0.0010286359,0.0010585301,0.0010702888,0.0010585301,0.0,0.0010286359,0.001009585,0.0010658972,0.0010771967,0.0,0.0,0.001044784,0.0010286359,0.0010190442,0.0010294558,0.0011055019,0.0,0.0,0.001044784,0.0,0.00105853,0.001044784,0.0010658968,0.0,0.0010585306,0.0,0.0010585301,0.0,0.00105853,0.0010447841,0.0,0.0,0.0010447892,0.0010286368,0.001019044,0.0010294558,0.0011055015,0.0,0.0010585513,0.0010585317,0.0010527553,0.0010639342,0.0,0.0009870345,0.0,0.0010585308,0.0010447839,0.0,0.0010585301,0.001044784,0.0010373021,0.0010702852,0.00105853,0.001044784,0.0,0.00105853,0.001044784,0.0010373014,0.0,0.0010585302,0.0010447841,0.001037301,0.0010482057,0.0010540792,0.0010659625,0.001070285,0.00105853,0.001044784,0.001037301,0.0010482057,0.0010540792,0.0010659624,0.0010702896,0.0,0.0,0.0010286359,0.001009585,0.0010658972,0.0010884382,0.0010702864,0.0,0.001044784,0.0010286359,0.0010190442,0.0010294558,0.0011055018,0.0,0.0010585301,0.0,0.0010286359,0.001009585,0.0010658972,0.0010771966,0.0010702892,0.0,0.001044784,0.0010286359,0.0010190442,0.0010294558,0.0011055042,0.0,0.00105853,0.001044784,0.001037301,0.0010482057,0.0010540792,0.0010659632,0.001070285,0.00105853,0.001044784,0.001037301,0.0010482057,0.0010540792,0.0010659622,0.0,0.0010585303,0.001044784,0.001037301,0.0010482057,0.0010540792,0.0010659625,0.0,0.0,0.001044784,0.0010286359,0.0010190442,0.0010294558,0.0011055019,0.0010702852,0.00105853,0.0,0.0,0.0010585301,0.00105853,0.0010527555,0.0010702895,0.0,0.0010447837,0.0,0.0010585301,0.001044784,0.0010658975,0.0010703157,0.0,0.0010585302,0.001044784,0.001037301,0.0,0.0010585304,0.0,0.0010585298,0.0,0.0010286359,0.001009585,0.0010658969,0.0010771994,0.0010702851,0.0,0.001044784,0.0010286359,0.001019044,0.001029456,0.0011055213,0.0010702853,0.0,0.0,0.0010286359,0.001009585,0.0010658972,0.0010884382,0.0,0.0010585301,0.0010447841,0.001037301,0.0010482057,0.0010540792,0.0010659625,0.0010702848,0.0010585301,0.001044784,0.0,0.0010585301,0.001044784,0.0010373016,0.0010702856,0.0,0.001044784,0.0010286361,0.001019044,0.0010294558,0.001105502,0.0010702853,0.0,0.0010447841,0.0010286359,0.001019044,0.0010294558,0.0011055021,0.0,0.0010585301,0.0010585302,0.0010527555,0.0010639341,0.0,0.000987059,0.0010702944,0.0,0.001044784,0.0010286359,0.0010190442,0.0010294558,0.0011055018,0.0010702858,0.0,0.0,0.0010286359,0.001009585,0.0010658972,0.0010884387,0.0010702964,0.0010585303,0.0,0.0010286362,0.0010095851,0.0010658969,0.0010771988,0.0,0.0010585301,0.001044784,0.001037301,0.0010482057,0.0010540792,0.0010659622,0.0,0.00105853,0.0,0.0010286359,0.001009585,0.0010658972,0.0010771966,0.0,0.0010585301,0.001044784,0.001037301,0.0010482057,0.0010540792,0.0010659624,0.0010702873,0.0010585301,0.001044784,0.0010373011,0.0010482057,0.0010540792,0.0010659626,0.0,0.0,0.0,0.0010286359,0.001009585,0.0010658972,0.0010884386,0.0010702848,0.00105853,0.0,0.0010286359,0.001009585,0.0010658972,0.0010771968,0.001070286,0.0010585301,0.001044784,0.0010658972,0.0,0.0010286359,0.0010095852,0.0,0.00105853,0.001044784,0.001037301,0.0010482057,0.0010540792,0.0010659627,0.0,0.00105853,0.001044784,0.001037301,0.0010482057,0.0010540792,0.0010659625,0.0,0.0010585302,0.001044784,0.001037301,0.0010482057,0.0010540792,0.0010659638,0.0010702865,0.00105853,0.001044784,0.001037301,0.0010482057,0.0010540792,0.0010659626,0.0,0.0,0.001044784,0.0010286359,0.0010190442,0.0010294558,0.0011055019,0.0,0.00105853,0.001044784,0.001037301,0.0010482057,0.0010540792,0.0010659624,0.0010703341,0.0010585306,0.0010447837,0.0010373009,0.0010482057,0.0010540792,0.0010659638
k__Bacteria|p__Firmicutes|c__Clostridia|o__Eubacteriales|f__Lachnospiraceae|g__Blautia|s__Blautia_sp_Marseille_P3201T,0.0,0.0010614989,0.0010479215,0.0010406235,0.001051753,0.0010578645,0.0010698717,0.0,0.0010614991,0.0010479215,0.0010406235,0.001051753,0.0010578645,0.0010698717,0.0,0.0,0.0010479226,0.0010319467,0.0010225463,0.0010332002,0.0011084762,0.0010731092,0.0,0.0010479215,0.0010319467,0.0010225462,0.0010332002,0.0011084764,0.0,0.0,0.0010479215,0.0010319467,0.0010225462,0.0010332002,0.0011084767,0.0010730913,0.001061499,0.0010479215,0.0010406235,0.001051753,0.0010578645,0.0010698717,0.0,0.001061499,0.0010479216,0.0010406235,0.001051753,0.0010578645,0.001069872,0.0010730913,0.001061499,0.0010479215,0.0010406235,0.001051753,0.0010578645,0.0010698717,0.0,0.0010614989,0.0010479217,0.0010406236,0.001051753,0.0010578645,0.0010698717,0.0,0.0010614991,0.0010479215,0.0010406235,0.001051753,0.0010578645,0.0010698718,0.0,0.0010614991,0.0,0.0010319467,0.0010130701,0.00106887,0.001080359,0.0,0.001061499,0.0010479215,0.0010406235,0.001051753,0.0010578645,0.001069872,0.0,0.0,0.0,0.0010319467,0.0010130701,0.00106887,0.0010914183,0.001073098,0.0010614991,0.0,0.0010319467,0.0010130701,0.00106887,0.0010803592,0.0010731339,0.0,0.0,0.0010319467,0.0010130701,0.00106887,0.0010914179,0.0010731068,0.0,0.0010479215,0.0,0.001061499,0.0010479215,0.00106887,0.0010730932,0.0,0.0,0.0010319467,0.0010130701,0.00106887,0.0010914174,0.0,0.001061499,0.0,0.0010319467,0.0010130701,0.00106887,0.0010803584,0.0,0.0,0.0010479216,0.0010614994,0.0,0.0010319467,0.0010614992,0.0010731019,0.0010614989,0.0,0.0010319467,0.0010130701,0.00106887,0.0010803588,0.0,0.0,0.0010479217,0.0010319467,0.0010225462,0.0010332002,0.0011084763,0.0,0.0,0.0010479215,0.0,0.001061499,0.0010479215,0.00106887,0.0,0.0010614984,0.0,0.0010614992,0.0,0.001061499,0.0010479216,0.0,0.0,0.0010479232,0.0010319469,0.0010225462,0.0010332002,0.001108476,0.0,0.0010615011,0.0010614987,0.0010559008,0.0010672864,0.0,0.0009906888,0.0,0.0010614991,0.0010479218,0.0,0.0010614989,0.0010479215,0.0010406241,0.0010730948,0.001061499,0.0010479215,0.0,0.001061499,0.0010479215,0.0010406242,0.0,0.0010614991,0.0010479216,0.0010406235,0.001051753,0.0010578645,0.0010698717,0.0010730912,0.001061499,0.0010479215,0.0010406235,0.001051753,0.0010578645,0.0010698718,0.0010731075,0.0,0.0,0.0010319467,0.0010130701,0.00106887,0.0010914173,0.0010730935,0.0,0.0010479215,0.0010319467,0.0010225462,0.0010332002,0.0011084762,0.0,0.0010614992,0.0,0.0010319467,0.0010130701,0.00106887,0.0010803586,0.0010730998,0.0,0.0010479215,0.0010319467,0.0010225462,0.0010332002,0.0011084768,0.0,0.001061499,0.0010479215,0.0010406235,0.001051753,0.0010578645,0.0010698719,0.0010730919,0.001061499,0.0010479215,0.0010406235,0.001051753,0.0010578645,0.0010698717,0.0,0.0010614991,0.0010479215,0.0010406235,0.001051753,0.0010578645,0.0010698717,0.0,0.0,0.0010479215,0.0010319467,0.0010225462,0.0010332002,0.0011084765,0.001073093,0.001061499,0.0,0.0,0.0010614992,0.0010614991,0.0010559013,0.001073111,0.0,0.0010479216,0.0,0.0010614992,0.0010479215,0.0010688712,0.0010731567,0.0,0.0010614991,0.0010479215,0.0010406235,0.0,0.0010614994,0.0,0.001061499,0.0,0.0010319467,0.0010130701,0.00106887,0.0010803604,0.0010730943,0.0,0.0010479215,0.0010319467,0.0010225462,0.0010332005,0.0011084911,0.001073096,0.0,0.0,0.0010319467,0.0010130701,0.00106887,0.0010914173,0.0,0.0010614992,0.0010479216,0.0010406235,0.001051753,0.0010578645,0.0010698717,0.0010731174,0.0010614991,0.0010479215,0.0,0.001061499,0.0010479215,0.001040624,0.0010730932,0.0,0.0010479215,0.0010319467,0.0010225462,0.0010332002,0.0011084768,0.001073093,0.0,0.0010479216,0.0010319467,0.0010225462,0.0010332002,0.0011084763,0.0,0.0010614991,0.0010614991,0.0010559009,0.0010672862,0.0,0.0009907079,0.0010731138,0.0,0.0010479215,0.0010319467,0.0010225462,0.0010332002,0.0011084767,0.0010730948,0.0,0.0,0.0010319467,0.0010130701,0.00106887,0.001091418,0.0010731284,0.0010614991,0.0,0.0010319471,0.0010130702,0.00106887,0.0010803605,0.0,0.001061499,0.0010479215,0.0010406235,0.001051753,0.0010578645,0.0010698717,0.0,0.0010614989,0.0,0.0010319467,0.0010130701,0.00106887,0.0010803584,0.0,0.001061499,0.0010479217,0.0010406235,0.001051753,0.0010578645,0.0010698717,0.0010730975,0.0010614988,0.0010479215,0.0010406236,0.001051753,0.0010578645,0.0010698715,0.0,0.0,0.0,0.0010319467,0.0010130701,0.00106887,0.0010914176,0.001073091,0.001061499,0.0,0.0010319467,0.0010130701,0.00106887,0.0010803585,0.0010730962,0.001061499,0.0010479215,0.00106887,0.0,0.0010319467,0.0010130703,0.0,0.001061499,0.0010479215,0.0010406235,0.001051753,0.0010578645,0.0010698716,0.0,0.001061499,0.0010479215,0.0010406235,0.001051753,0.0010578645,0.0010698718,0.0,0.0010614991,0.0010479215,0.0010406235,0.001051753,0.0010578645,0.0010698723,0.0010730961,0.001061499,0.0010479215,0.0010406235,0.001051753,0.0010578645,0.0010698719,0.0,0.0,0.0010479215,0.0010319467,0.0010225462,0.0010332002,0.0011084764,0.0,0.001061499,0.0010479215,0.0010406235,0.001051753,0.0010578645,0.0010698718,0.0010731806,0.0010614994,0.0010479215,0.0010406235,0.001051753,0.0010578645,0.0010698723
k__Bacteria|p__Firmicutes|c__Clostridia|o__Eubacteriales|f__Eubacteriales_unclassified|g__Intestinimonas|s__Intestinimonas_massiliensis,0.0,0.0010591219,0.0010453496,0.0010378156,0.0010486104,0.0010543806,0.0010661829,0.0,0.0010591219,0.0010453496,0.0010378156,0.0010486104,0.0010543806,0.0010661831,0.0,0.0,0.0010453576,0.0010291786,0.0010195285,0.0010298302,0.0011059075,0.0010709119,0.0,0.0010453496,0.0010291729,0.001019528,0.0010298302,0.0011059073,0.0,0.0,0.0010453496,0.0010291729,0.001019528,0.0010298302,0.0011059073,0.0010709012,0.0010591219,0.0010453496,0.0010378156,0.0010486104,0.0010543806,0.001066183,0.0,0.0010591223,0.0010453498,0.0010378156,0.0010486104,0.0010543806,0.0010661832,0.0010709013,0.0010591219,0.0010453496,0.0010378156,0.0010486104,0.0010543806,0.0010661829,0.0,0.0010591222,0.0010453499,0.0010378156,0.0010486104,0.0010543806,0.0010661831,0.0,0.0010591219,0.0010453496,0.0010378156,0.0010486104,0.0010543806,0.0010661831,0.0,0.0010591219,0.0,0.0010291729,0.001010091,0.0010664653,0.0010776566,0.0,0.0010591219,0.0010453496,0.0010378155,0.0010486104,0.0010543806,0.0010661831,0.0,0.0,0.0,0.0010291729,0.001010091,0.0010664653,0.0010889228,0.0010709038,0.0010591219,0.0,0.0010291729,0.001010091,0.0010664653,0.001077658,0.0010709199,0.0,0.0,0.001029173,0.001010091,0.0010664653,0.0010889227,0.0010709092,0.0,0.0010453496,0.0,0.0010591219,0.0010453496,0.0010664653,0.001070902,0.0,0.0,0.0010291729,0.001010091,0.0010664653,0.0010889223,0.0,0.0010591227,0.0,0.0010291729,0.001010091,0.0010664653,0.0010776563,0.0,0.0,0.00104535,0.0010591226,0.0,0.0010291729,0.001059122,0.0010709096,0.0010591222,0.0,0.0010291729,0.001010091,0.0010664653,0.0010776565,0.0,0.0,0.0010453498,0.0010291729,0.001019528,0.0010298302,0.0011059074,0.0,0.0,0.0010453496,0.0,0.0010591219,0.0010453496,0.0010664652,0.0,0.0010591234,0.0,0.001059122,0.0,0.0010591219,0.0010453494,0.0,0.0,0.0010453585,0.0010291741,0.0010195281,0.0010298302,0.0011059073,0.0,0.001059142,0.0010591239,0.0010532979,0.0010643678,0.0,0.0009875058,0.0,0.0010591228,0.00104535,0.0,0.0010591222,0.0010453495,0.0010378167,0.0010709035,0.0010591219,0.0010453496,0.0,0.0010591219,0.0010453496,0.0010378159,0.0,0.0010591222,0.0010453496,0.0010378155,0.0010486104,0.0010543806,0.0010661827,0.001070901,0.0010591219,0.0010453496,0.0010378156,0.0010486104,0.0010543806,0.0010661831,0.0010709093,0.0,0.0,0.0010291729,0.001010091,0.0010664653,0.0010889223,0.0010709025,0.0,0.0010453496,0.0010291729,0.001019528,0.0010298302,0.0011059071,0.0,0.001059122,0.0,0.0010291729,0.001010091,0.0010664653,0.0010776564,0.001070906,0.0,0.0010453496,0.0010291729,0.001019528,0.0010298302,0.0011059089,0.0,0.0010591219,0.0010453496,0.0010378156,0.0010486104,0.0010543806,0.0010661833,0.0010709015,0.0010591219,0.0010453496,0.0010378156,0.0010486104,0.0010543806,0.001066183,0.0,0.0010591223,0.0010453494,0.0010378155,0.0010486104,0.0010543806,0.0010661829,0.0,0.0,0.0010453496,0.0010291729,0.001019528,0.0010298302,0.0011059074,0.0010709019,0.0010591219,0.0,0.0,0.001059122,0.0010591219,0.0010532981,0.0010709123,0.0,0.0010453496,0.0,0.001059122,0.0010453496,0.0010664673,0.0010709362,0.0,0.0010591222,0.0010453494,0.0010378155,0.0,0.0010591223,0.0,0.0010591218,0.0,0.0010291729,0.001010091,0.0010664652,0.0010776581,0.0010709033,0.0,0.0010453496,0.0010291729,0.0010195281,0.0010298305,0.001105919,0.0010709064,0.0,0.0,0.0010291729,0.001010091,0.0010664653,0.0010889223,0.0,0.001059122,0.0010453496,0.0010378156,0.0010486104,0.0010543806,0.0010661831,0.0010709058,0.001059122,0.0010453494,0.0,0.0010591219,0.0010453496,0.0010378162,0.0010709016,0.0,0.0010453495,0.001029173,0.001019528,0.0010298302,0.0011059077,0.0010709022,0.0,0.0010453496,0.0010291729,0.0010195281,0.0010298302,0.0011059074,0.0,0.001059122,0.0010591222,0.0010532977,0.0010643677,0.0,0.0009875289,0.0010709098,0.0,0.0010453494,0.0010291729,0.001019528,0.0010298302,0.0011059073,0.0010709029,0.0,0.0,0.0010291729,0.001010091,0.0010664653,0.0010889228,0.0010709201,0.0010591223,0.0,0.0010291735,0.0010100913,0.0010664653,0.0010776585,0.0,0.001059122,0.0010453495,0.0010378155,0.0010486104,0.0010543806,0.001066183,0.0,0.0010591226,0.0,0.0010291729,0.001010091,0.0010664653,0.0010776564,0.0,0.001059122,0.0010453498,0.0010378155,0.0010486104,0.0010543806,0.0010661829,0.0010709052,0.001059122,0.0010453493,0.0010378156,0.0010486104,0.0010543806,0.0010661829,0.0,0.0,0.0,0.0010291729,0.001010091,0.0010664653,0.0010889226,0.0010709009,0.0010591219,0.0,0.0010291729,0.001010091,0.0010664653,0.0010776566,0.0010709045,0.001059122,0.0010453496,0.0010664653,0.0,0.0010291729,0.0010100913,0.0,0.0010591219,0.0010453496,0.0010378155,0.0010486104,0.0010543806,0.001066183,0.0,0.0010591219,0.0010453496,0.0010378155,0.0010486104,0.0010543806,0.0010661829,0.0,0.0010591223,0.0010453495,0.0010378155,0.0010486104,0.0010543806,0.0010661833,0.0010709037,0.0010591219,0.0010453496,0.0010378155,0.0010486104,0.0010543806,0.0010661831,0.0,0.0,0.0010453496,0.0010291729,0.001019528,0.0010298302,0.0011059073,0.0,0.0010591219,0.0010453496,0.0010378156,0.0010486104,0.0010543806,0.0010661831,0.0010709697,0.0010591228,0.0010453496,0.0010378156,0.0010486104,0.0010543806,0.0010661836
k__Bacteria|p__Firmicutes|c__Clostridia|o__Eubacteriales|f__Lachnospiraceae|g__Blautia|s__Blautia_stercoris,0.0,0.0010578166,0.0010443506,0.0010372945,0.0010489702,0.0010555972,0.0010680177,0.0,0.0010578166,0.0010443506,0.0010372945,0.0010489702,0.0010555972,0.0010680174,0.0,0.0,0.0010443632,0.001028507,0.0010193493,0.0010305475,0.0011057921,0.0010693413,0.0,0.0010443506,0.0010284989,0.001019349,0.0010305475,0.0011057915,0.0,0.0,0.0010443506,0.0010284989,0.001019349,0.0010305475,0.0011057912,0.0010693078,0.0010578164,0.0010443506,0.0010372945,0.0010489702,0.0010555972,0.0010680173,0.0,0.001057817,0.0010443507,0.0010372945,0.0010489702,0.0010555972,0.0010680185,0.001069308,0.0010578164,0.0010443506,0.0010372945,0.0010489702,0.0010555972,0.0010680177,0.0,0.0010578167,0.0010443515,0.001037295,0.0010489702,0.0010555972,0.0010680183,0.0,0.0010578166,0.0010443506,0.0010372945,0.0010489702,0.0010555972,0.0010680174,0.0,0.0010578166,0.0,0.0010284989,0.0010097588,0.0010653137,0.001077352,0.0,0.0010578164,0.0010443506,0.0010372945,0.0010489702,0.0010555972,0.0010680181,0.0,0.0,0.0,0.0010284989,0.0010097588,0.0010653137,0.001088313,0.0010693175,0.0010578166,0.0,0.0010284989,0.0010097588,0.0010653137,0.0010773595,0.0010693817,0.0,0.0,0.001028499,0.0010097588,0.0010653137,0.0010883121,0.0010693335,0.0,0.0010443506,0.0,0.0010578164,0.0010443506,0.0010653138,0.0010693105,0.0,0.0,0.0010284989,0.0010097588,0.0010653137,0.0010883108,0.0,0.0010578177,0.0,0.0010284989,0.0010097588,0.0010653137,0.0010773506,0.0,0.0,0.0010443514,0.0010578174,0.0,0.0010284989,0.0010578169,0.0010693262,0.0010578167,0.0,0.0010284988,0.0010097588,0.0010653137,0.00107735,0.0,0.0,0.0010443507,0.0010284989,0.001019349,0.0010305475,0.0011057919,0.0,0.0,0.0010443506,0.0,0.0010578164,0.0010443506,0.0010653138,0.0,0.0010578193,0.0,0.0010578167,0.0,0.0010578164,0.0010443507,0.0,0.0,0.0010443619,0.0010285007,0.001019349,0.0010305475,0.001105792,0.0,0.0010578476,0.0010578199,0.0010524531,0.0010643853,0.0,0.0009875392,0.0,0.0010578185,0.0010443514,0.0,0.0010578167,0.0010443507,0.0010372979,0.0010693133,0.0010578164,0.0010443506,0.0,0.0010578164,0.0010443506,0.0010372959,0.0,0.0010578168,0.0010443507,0.0010372945,0.0010489702,0.0010555972,0.0010680176,0.0010693079,0.0010578164,0.0010443506,0.0010372945,0.0010489702,0.0010555972,0.0010680174,0.0010693341,0.0,0.0,0.0010284989,0.0010097588,0.0010653137,0.0010883108,0.0010693128,0.0,0.0010443506,0.0010284989,0.001019349,0.0010305475,0.0011057918,0.0,0.0010578167,0.0,0.0010284989,0.0010097588,0.0010653137,0.0010773499,0.0010693246,0.0,0.0010443506,0.0010284989,0.001019349,0.0010305475,0.0011058016,0.0,0.0010578164,0.0010443506,0.0010372945,0.0010489702,0.0010555972,0.0010680194,0.0010693084,0.0010578164,0.0010443506,0.0010372945,0.0010489702,0.0010555972,0.0010680173,0.0,0.0010578168,0.0010443507,0.0010372945,0.0010489702,0.0010555972,0.0010680177,0.0,0.0,0.0010443506,0.0010284989,0.001019349,0.0010305475,0.0011057915,0.0010693099,0.0010578164,0.0,0.0,0.0010578167,0.0010578166,0.0010524531,0.0010693426,0.0,0.001044351,0.0,0.0010578167,0.0010443506,0.0010653188,0.0010694279,0.0,0.0010578167,0.0010443507,0.0010372945,0.0,0.0010578174,0.0,0.0010578164,0.0,0.0010284989,0.0010097588,0.0010653138,0.0010773573,0.0010693128,0.0,0.0010443506,0.0010284989,0.001019349,0.0010305481,0.0011058672,0.001069322,0.0,0.0,0.0010284989,0.0010097588,0.0010653137,0.0010883107,0.0,0.0010578167,0.0010443507,0.0010372945,0.0010489702,0.0010555972,0.0010680174,0.0010693268,0.0010578166,0.0010443507,0.0,0.0010578166,0.0010443506,0.0010372957,0.00106931,0.0,0.0010443507,0.0010284992,0.001019349,0.0010305475,0.0011057938,0.0010693112,0.0,0.0010443507,0.0010284989,0.001019349,0.0010305478,0.0011057936,0.0,0.0010578166,0.0010578167,0.0010524526,0.0010643855,0.0,0.0009875806,0.0010693399,0.0,0.0010443507,0.0010284989,0.001019349,0.0010305475,0.0011057912,0.0010693127,0.0,0.0,0.0010284989,0.0010097588,0.0010653137,0.0010883122,0.0010693736,0.0010578171,0.0,0.0010285,0.001009759,0.0010653139,0.0010773587,0.0,0.0010578167,0.0010443507,0.0010372945,0.0010489702,0.0010555972,0.0010680173,0.0,0.0010578173,0.0,0.0010284989,0.0010097588,0.0010653137,0.0010773499,0.0,0.0010578167,0.0010443507,0.0010372945,0.0010489702,0.0010555972,0.0010680177,0.0010693227,0.0010578166,0.0010443507,0.001037295,0.0010489702,0.0010555972,0.001068018,0.0,0.0,0.0,0.0010284989,0.0010097588,0.0010653137,0.0010883113,0.0010693074,0.0010578164,0.0,0.0010284989,0.0010097588,0.0010653137,0.0010773512,0.0010693182,0.0010578167,0.0010443506,0.0010653137,0.0,0.0010284989,0.0010097588,0.0,0.0010578164,0.0010443506,0.0010372945,0.0010489702,0.0010555972,0.0010680186,0.0,0.0010578164,0.0010443506,0.0010372945,0.0010489702,0.0010555972,0.0010680177,0.0,0.0010578169,0.0010443507,0.0010372945,0.0010489702,0.0010555972,0.00106802,0.0010693163,0.0010578164,0.0010443506,0.0010372945,0.0010489702,0.0010555972,0.0010680183,0.0,0.0,0.0010443506,0.0010284989,0.001019349,0.0010305475,0.0011057918,0.0,0.0010578164,0.0010443506,0.0010372945,0.0010489702,0.0010555972,0.0010680174,0.0010695249,0.0010578178,0.0010443507,0.0010372946,0.0010489702,0.0010555972,0.0010680207
k__Bacteria|p__Firmicutes|c__Clostridia|o__Eubacteriales|f__Clostridiaceae|g__Clostridiaceae_unclassified|s__Clostridiaceae_bacterium_AF18_31LB,0.0,0.0010588396,0.0010451841,0.0010378278,0.0010489434,0.0010550261,0.0010670512,0.0,0.0010588397,0.0010451841,0.0010378278,0.0010489434,0.0010550261,0.0010670512,0.0,0.0,0.0010451907,0.0010291339,0.0010196706,0.0010302992,0.0011060418,0.0010705411,0.0,0.0010451842,0.0010291311,0.00101967,0.0010302992,0.0011060409,0.0,0.0,0.0010451841,0.0010291311,0.00101967,0.0010302992,0.0011060407,0.0010705091,0.0010588396,0.0010451841,0.0010378278,0.0010489434,0.0010550261,0.0010670512,0.0,0.0010588402,0.0010451841,0.0010378278,0.0010489434,0.0010550261,0.0010670521,0.0010705091,0.0010588396,0.0010451841,0.0010378278,0.0010489434,0.0010550261,0.0010670512,0.0,0.0010588398,0.0010451847,0.001037828,0.0010489434,0.0010550261,0.0010670521,0.0,0.0010588397,0.0010451841,0.0010378278,0.0010489434,0.0010550261,0.0010670513,0.0,0.0010588397,0.0,0.0010291311,0.0010101787,0.001066237,0.0010777364,0.0,0.0010588396,0.0010451841,0.0010378278,0.0010489434,0.0010550261,0.0010670522,0.0,0.0,0.0,0.0010291311,0.0010101787,0.001066237,0.0010888863,0.0010705201,0.0010588397,0.0,0.0010291311,0.0010101787,0.001066237,0.001077746,0.0010706005,0.0,0.0,0.0010291314,0.0010101787,0.001066237,0.0010888858,0.001070536,0.0,0.0010451841,0.0,0.0010588396,0.0010451841,0.0010662372,0.0010705127,0.0,0.0,0.0010291311,0.0010101787,0.001066237,0.0010888834,0.0,0.0010588407,0.0,0.0010291311,0.0010101787,0.001066237,0.0010777349,0.0,0.0,0.0010451843,0.0010588408,0.0,0.0010291311,0.00105884,0.001070528,0.0010588398,0.0,0.0010291311,0.0010101787,0.001066237,0.0010777343,0.0,0.0,0.0010451842,0.0010291311,0.00101967,0.0010302992,0.0011060413,0.0,0.0,0.0010451841,0.0,0.0010588396,0.0010451841,0.0010662371,0.0,0.001058841,0.0,0.0010588397,0.0,0.0010588396,0.0010451843,0.0,0.0,0.0010451888,0.0010291323,0.00101967,0.0010302992,0.0011060415,0.0,0.0010588621,0.0010588416,0.0010531867,0.0010645698,0.0,0.0009877374,0.0,0.0010588414,0.0010451846,0.0,0.0010588398,0.0010451844,0.0010378307,0.0010705132,0.0010588396,0.0010451841,0.0,0.0010588396,0.0010451841,0.0010378292,0.0,0.0010588398,0.0010451842,0.0010378278,0.0010489434,0.0010550261,0.0010670512,0.0010705091,0.0010588396,0.0010451841,0.0010378278,0.0010489434,0.0010550261,0.0010670513,0.0010705399,0.0,0.0,0.0010291311,0.0010101787,0.001066237,0.001088883,0.0010705157,0.0,0.0010451841,0.0010291311,0.00101967,0.0010302992,0.0011060413,0.0,0.0010588397,0.0,0.0010291311,0.0010101787,0.001066237,0.0010777343,0.0010705278,0.0,0.0010451841,0.0010291311,0.0010196703,0.0010302992,0.0011060521,0.0,0.0010588396,0.0010451841,0.0010378278,0.0010489434,0.0010550261,0.0010670538,0.0010705097,0.0010588396,0.0010451841,0.0010378278,0.0010489434,0.0010550261,0.0010670512,0.0,0.00105884,0.0010451841,0.0010378278,0.0010489434,0.0010550261,0.0010670515,0.0,0.0,0.0010451841,0.0010291311,0.00101967,0.0010302992,0.001106041,0.0010705116,0.0010588396,0.0,0.0,0.0010588397,0.0010588397,0.0010531872,0.0010705441,0.0,0.0010451842,0.0,0.0010588397,0.0010451841,0.001066241,0.0010706465,0.0,0.0010588397,0.0010451844,0.0010378278,0.0,0.0010588409,0.0,0.0010588395,0.0,0.0010291311,0.0010101787,0.0010662369,0.0010777437,0.0010705137,0.0,0.0010451841,0.0010291311,0.0010196704,0.0010303,0.0011061359,0.0010705196,0.0,0.0,0.0010291311,0.0010101787,0.001066237,0.0010888831,0.0,0.0010588397,0.0010451842,0.0010378278,0.0010489434,0.0010550261,0.0010670512,0.0010705219,0.0010588397,0.0010451841,0.0,0.0010588396,0.0010451841,0.001037829,0.0010705127,0.0,0.0010451844,0.0010291314,0.00101967,0.0010302992,0.0011060439,0.0010705126,0.0,0.0010451842,0.0010291311,0.0010196704,0.0010302993,0.0011060442,0.0,0.0010588397,0.0010588398,0.0010531867,0.0010645698,0.0,0.0009877793,0.0010705504,0.0,0.0010451844,0.0010291311,0.00101967,0.0010302992,0.0011060407,0.0010705149,0.0,0.0,0.0010291311,0.0010101787,0.001066237,0.0010888857,0.0010705829,0.0010588404,0.0,0.001029132,0.0010101788,0.0010662372,0.0010777449,0.0,0.0010588397,0.0010451844,0.0010378278,0.0010489434,0.0010550261,0.0010670512,0.0,0.0010588397,0.0,0.0010291311,0.0010101787,0.001066237,0.0010777343,0.0,0.0010588397,0.0010451844,0.0010378278,0.0010489434,0.0010550261,0.0010670512,0.0010705275,0.0010588396,0.0010451844,0.001037828,0.0010489434,0.0010550261,0.0010670515,0.0,0.0,0.0,0.0010291311,0.0010101787,0.001066237,0.0010888841,0.0010705086,0.0010588396,0.0,0.0010291311,0.0010101787,0.001066237,0.0010777357,0.0010705199,0.0010588397,0.0010451841,0.001066237,0.0,0.0010291311,0.0010101789,0.0,0.0010588396,0.0010451841,0.0010378278,0.0010489434,0.0010550261,0.0010670527,0.0,0.0010588396,0.0010451841,0.0010378278,0.0010489434,0.0010550261,0.0010670517,0.0,0.0010588402,0.0010451841,0.0010378278,0.0010489434,0.0010550261,0.0010670548,0.0010705198,0.0010588396,0.0010451841,0.0010378278,0.0010489434,0.0010550261,0.001067052,0.0,0.0,0.0010451841,0.0010291311,0.0010196703,0.0010302992,0.0011060417,0.0,0.0010588396,0.0010451841,0.0010378278,0.0010489434,0.0010550261,0.0010670513,0.0010707006,0.0010588408,0.0010451841,0.0010378279,0.0010489434,0.0010550261,0.0010670556
k__Bacteria|p__Firmicutes|c__CFGB7996|o__OFGB7996|f__FGB7996|g__GGB24853|s__GGB24853_SGB36753,0.0,0.0010599426,0.0010462821,0.0010388945,0.0010499193,0.0010559196,0.0010678708,0.0,0.0010599426,0.0010462821,0.0010388945,0.0010499193,0.0010559196,0.0010678709,0.0,0.0,0.0010462989,0.0010302343,0.0010207295,0.0010312694,0.0011069338,0.0010716419,0.0,0.0010462821,0.0010302219,0.0010207288,0.0010312694,0.0011069336,0.0,0.0,0.0010462821,0.0010302219,0.0010207288,0.0010312694,0.0011069337,0.0010716156,0.0010599426,0.0010462821,0.0010388945,0.0010499193,0.0010559196,0.0010678709,0.0,0.0010599435,0.0010462822,0.0010388945,0.0010499193,0.0010559196,0.0010678705,0.0010716156,0.0010599426,0.0010462821,0.0010388945,0.0010499193,0.0010559196,0.001067871,0.0,0.0010599431,0.0010462825,0.0010388949,0.0010499193,0.0010559196,0.0010678716,0.0,0.0010599426,0.0010462821,0.0010388945,0.0010499193,0.0010559196,0.001067871,0.0,0.0010599426,0.0,0.0010302219,0.0010112599,0.0010673138,0.0010787168,0.0,0.0010599426,0.0010462821,0.0010388945,0.0010499193,0.0010559196,0.0010678706,0.0,0.0,0.0,0.0010302219,0.0010112599,0.0010673138,0.0010898665,0.001071622,0.0010599426,0.0,0.0010302219,0.0010112599,0.0010673138,0.0010787187,0.0010716622,0.0,0.0,0.001030222,0.0010112599,0.0010673138,0.0010898657,0.0010716331,0.0,0.0010462821,0.0,0.0010599426,0.0010462821,0.0010673137,0.0010716178,0.0,0.0,0.0010302219,0.0010112599,0.0010673138,0.0010898655,0.0,0.0010599442,0.0,0.0010302219,0.0010112599,0.0010673138,0.0010787159,0.0,0.0,0.0010462833,0.0010599443,0.0,0.0010302219,0.0010599428,0.0010716419,0.0010599431,0.0,0.0010302219,0.0010112599,0.0010673138,0.0010787161,0.0,0.0,0.0010462824,0.0010302219,0.0010207288,0.0010312694,0.0011069337,0.0,0.0,0.0010462821,0.0,0.0010599426,0.0010462821,0.0010673138,0.0,0.0010599467,0.0,0.0010599428,0.0,0.0010599426,0.0010462822,0.0,0.0,0.0010463063,0.0010302251,0.0010207288,0.0010312694,0.0011069338,0.0,0.0010599814,0.0010599472,0.0010542598,0.0010655497,0.0,0.0009887982,0.0,0.0010599447,0.001046283,0.0,0.0010599431,0.0010462821,0.0010388963,0.001071622,0.0010599426,0.0010462821,0.0,0.0010599426,0.0010462821,0.0010388953,0.0,0.0010599429,0.0010462822,0.0010388945,0.0010499193,0.0010559196,0.001067871,0.0010716156,0.0010599426,0.0010462821,0.0010388945,0.0010499193,0.0010559196,0.001067871,0.0010716383,0.0,0.0,0.0010302219,0.0010112599,0.0010673138,0.0010898655,0.0010716203,0.0,0.0010462821,0.0010302219,0.0010207288,0.0010312694,0.0011069336,0.0,0.0010599428,0.0,0.0010302219,0.0010112599,0.0010673138,0.001078716,0.0010716256,0.0,0.0010462821,0.0010302219,0.0010207288,0.0010312694,0.0011069353,0.0,0.0010599426,0.0010462821,0.0010388945,0.0010499193,0.0010559196,0.0010678713,0.0010716164,0.0010599426,0.0010462821,0.0010388945,0.0010499193,0.0010559196,0.0010678709,0.0,0.0010599432,0.0010462821,0.0010388945,0.0010499193,0.0010559196,0.0010678708,0.0,0.0,0.0010462821,0.0010302219,0.0010207288,0.0010312694,0.0011069337,0.0010716172,0.0010599426,0.0,0.0,0.0010599428,0.0010599426,0.0010542598,0.0010716439,0.0,0.0010462821,0.0,0.0010599428,0.0010462821,0.0010673145,0.0010716841,0.0,0.0010599431,0.0010462821,0.0010388945,0.0,0.001059943,0.0,0.0010599425,0.0,0.0010302219,0.0010112599,0.0010673137,0.0010787165,0.0010716212,0.0,0.0010462821,0.0010302219,0.0010207288,0.0010312698,0.0011069492,0.0010716312,0.0,0.0,0.0010302219,0.0010112599,0.0010673138,0.0010898653,0.0,0.0010599428,0.0010462822,0.0010388945,0.0010499193,0.0010559196,0.0010678709,0.0010716291,0.0010599428,0.0010462821,0.0,0.0010599426,0.0010462821,0.0010388958,0.0010716174,0.0,0.0010462821,0.001030222,0.0010207288,0.0010312694,0.0011069342,0.0010716186,0.0,0.0010462822,0.0010302219,0.0010207288,0.0010312696,0.0011069337,0.0,0.0010599428,0.0010599429,0.0010542595,0.0010655497,0.0,0.0009888327,0.001071643,0.0,0.0010462821,0.0010302219,0.0010207288,0.0010312694,0.0011069337,0.0010716197,0.0,0.0,0.0010302219,0.0010112599,0.0010673138,0.001089866,0.0010716652,0.0010599433,0.0,0.0010302229,0.0010112599,0.0010673138,0.0010787192,0.0,0.0010599428,0.0010462821,0.0010388945,0.0010499193,0.0010559196,0.0010678709,0.0,0.0010599442,0.0,0.0010302219,0.0010112599,0.0010673138,0.001078716,0.0,0.0010599428,0.0010462824,0.0010388945,0.0010499193,0.0010559196,0.001067871,0.0010716233,0.0010599426,0.0010462821,0.001038895,0.0010499193,0.0010559196,0.0010678709,0.0,0.0,0.0,0.0010302219,0.0010112599,0.0010673138,0.0010898655,0.001071615,0.0010599426,0.0,0.0010302219,0.0010112599,0.0010673138,0.0010787161,0.0010716256,0.0010599428,0.0010462821,0.0010673138,0.0,0.0010302219,0.00101126,0.0,0.0010599426,0.0010462821,0.0010388945,0.0010499193,0.0010559196,0.001067871,0.0,0.0010599426,0.0010462821,0.0010388945,0.0010499193,0.0010559196,0.0010678708,0.0,0.0010599431,0.0010462821,0.0010388945,0.0010499193,0.0010559196,0.0010678711,0.0010716222,0.0010599426,0.0010462821,0.0010388945,0.0010499193,0.0010559196,0.0010678709,0.0,0.0,0.0010462821,0.0010302219,0.0010207288,0.0010312694,0.0011069335,0.0,0.0010599426,0.0010462821,0.0010388945,0.0010499193,0.0010559196,0.001067871,0.0010717432,0.0010599443,0.0010462821,0.0010388946,0.0010499193,0.0010559196,0.0010678716
k__Bacteria|p__Firmicutes|c__CFGB76101|o__OFGB76101|f__FGB76101|g__GGB3499|s__GGB3499_SGB4674,0.0,0.0010606854,0.0010469727,0.0010394932,0.001050332,0.0010561539,0.0010679702,0.0,0.0010606855,0.0010469727,0.0010394932,0.001050332,0.0010561539,0.0010679703,0.0,0.0,0.0010469897,0.0010308675,0.0010212691,0.0010316216,0.0011073836,0.0010724266,0.0,0.0010469727,0.0010308566,0.0010212683,0.0010316216,0.0011073829,0.0,0.0,0.0010469727,0.0010308566,0.0010212683,0.0010316216,0.0011073828,0.0010724065,0.0010606855,0.0010469727,0.0010394932,0.001050332,0.0010561539,0.0010679703,0.0,0.0010606864,0.0010469729,0.0010394932,0.001050332,0.0010561539,0.0010679715,0.0010724064,0.0010606855,0.0010469727,0.0010394932,0.001050332,0.0010561539,0.0010679702,0.0,0.0010606858,0.001046974,0.0010394936,0.001050332,0.0010561539,0.0010679705,0.0,0.0010606855,0.0010469727,0.0010394932,0.001050332,0.0010561539,0.0010679704,0.0,0.0010606855,0.0,0.0010308566,0.0010118348,0.001068019,0.0010792412,0.0,0.0010606855,0.0010469727,0.0010394932,0.001050332,0.0010561539,0.0010679708,0.0,0.0,0.0,0.0010308566,0.0010118348,0.001068019,0.0010904393,0.0010724119,0.0010606855,0.0,0.0010308566,0.0010118348,0.001068019,0.0010792463,0.0010724592,0.0,0.0,0.001030857,0.0010118348,0.001068019,0.0010904392,0.0010724235,0.0,0.0010469727,0.0,0.0010606855,0.0010469727,0.0010680192,0.0010724087,0.0,0.0,0.0010308566,0.0010118348,0.001068019,0.0010904381,0.0,0.0010606869,0.0,0.0010308569,0.0010118348,0.001068019,0.0010792394,0.0,0.0,0.0010469744,0.001060687,0.0,0.0010308566,0.0010606857,0.0010724249,0.0010606858,0.0,0.0010308565,0.0010118348,0.001068019,0.0010792387,0.0,0.0,0.0010469729,0.0010308566,0.0010212683,0.0010316216,0.0011073833,0.0,0.0,0.0010469727,0.0,0.0010606855,0.0010469727,0.0010680191,0.0,0.0010606893,0.0,0.0010606856,0.0,0.0010606855,0.0010469728,0.0,0.0,0.0010469905,0.0010308592,0.0010212683,0.0010316216,0.0011073835,0.0,0.001060726,0.0010606899,0.0010549139,0.0010660194,0.0,0.0009893151,0.0,0.0010606882,0.001046974,0.0,0.0010606858,0.0010469729,0.0010394971,0.0010724105,0.0010606855,0.0010469727,0.0,0.0010606855,0.0010469727,0.0010394945,0.0,0.0010606856,0.0010469728,0.0010394932,0.001050332,0.0010561539,0.0010679703,0.0010724063,0.0010606855,0.0010469727,0.0010394932,0.001050332,0.0010561539,0.0010679704,0.0010724294,0.0,0.0,0.0010308566,0.0010118348,0.001068019,0.001090438,0.0010724105,0.0,0.0010469727,0.0010308566,0.0010212683,0.0010316216,0.0011073832,0.0,0.0010606856,0.0,0.0010308566,0.0010118348,0.001068019,0.0010792387,0.0010724172,0.0,0.0010469727,0.0010308566,0.0010212683,0.0010316216,0.0011073923,0.0,0.0010606855,0.0010469727,0.0010394932,0.001050332,0.0010561539,0.0010679718,0.0010724064,0.0010606855,0.0010469727,0.0010394932,0.001050332,0.0010561539,0.0010679703,0.0,0.0010606861,0.0010469729,0.0010394935,0.001050332,0.0010561539,0.0010679702,0.0,0.0,0.0010469727,0.0010308566,0.0010212683,0.0010316216,0.0011073829,0.0010724068,0.0010606855,0.0,0.0,0.0010606856,0.0010606855,0.0010549137,0.0010724268,0.0,0.0010469733,0.0,0.0010606856,0.0010469727,0.001068025,0.0010724897,0.0,0.0010606858,0.0010469729,0.0010394932,0.0,0.0010606862,0.0,0.0010606854,0.0,0.0010308566,0.0010118348,0.001068019,0.0010792473,0.0010724112,0.0,0.0010469727,0.0010308566,0.0010212683,0.0010316222,0.0011074472,0.0010724198,0.0,0.0,0.0010308566,0.0010118348,0.001068019,0.0010904378,0.0,0.0010606856,0.0010469728,0.0010394932,0.001050332,0.0010561539,0.0010679703,0.0010723857,0.0010606855,0.0010469729,0.0,0.0010606854,0.0010469727,0.0010394946,0.0010724079,0.0,0.0010469729,0.0010308569,0.0010212683,0.0010316216,0.0011073853,0.0010724086,0.0,0.0010469728,0.0010308569,0.0010212683,0.0010316217,0.0011073854,0.0,0.0010606855,0.0010606858,0.0010549133,0.0010660194,0.0,0.0009893542,0.0010724273,0.0,0.0010469729,0.0010308566,0.0010212683,0.0010316216,0.0011073828,0.0010724089,0.0,0.0,0.0010308566,0.0010118348,0.001068019,0.0010904389,0.0010724529,0.0010606865,0.0,0.0010308579,0.0010118348,0.0010680192,0.0010792471,0.0,0.0010606855,0.0010469729,0.0010394932,0.001050332,0.0010561539,0.0010679703,0.0,0.0010606868,0.0,0.0010308566,0.0010118348,0.001068019,0.0010792387,0.0,0.0010606855,0.0010469729,0.0010394935,0.001050332,0.0010561539,0.0010679703,0.0010724185,0.0010606857,0.0010469729,0.0010394936,0.0010503322,0.0010561539,0.0010679706,0.0,0.0,0.0,0.0010308566,0.0010118348,0.001068019,0.0010904386,0.0010724062,0.0010606855,0.0,0.0010308566,0.0010118348,0.001068019,0.0010792398,0.0010724147,0.0010606855,0.0010469727,0.001068019,0.0,0.0010308566,0.0010118348,0.0,0.0010606855,0.0010469727,0.0010394932,0.001050332,0.0010561539,0.0010679711,0.0,0.0010606855,0.0010469727,0.0010394932,0.001050332,0.0010561539,0.0010679704,0.0,0.0010606862,0.0010469729,0.0010394932,0.0010503322,0.0010561539,0.0010679722,0.0010724135,0.0010606855,0.0010469727,0.0010394932,0.001050332,0.0010561539,0.0010679708,0.0,0.0,0.0010469727,0.0010308566,0.0010212683,0.0010316216,0.0011073833,0.0,0.0010606855,0.0010469727,0.0010394932,0.001050332,0.0010561539,0.0010679704,0.0010725289,0.0010606872,0.0010469729,0.0010394935,0.0010503322,0.0010561539,0.0010679726
k__Bacteria|p__Firmicutes|c__CFGB76106|o__OFGB76106|f__FGB76106|g__GGB33657|s__GGB33657_SGB66068,0.0,0.0010603812,0.0010465638,0.0010389372,0.0010495287,0.0010551062,0.0010667562,0.0,0.0010603813,0.0010465638,0.0010389372,0.0010495287,0.0010551062,0.0010667561,0.0,0.0,0.0010465804,0.0010303487,0.0010205987,0.0010306962,0.0011068058,0.0010722529,0.0,0.0010465638,0.0010303381,0.0010205974,0.0010306962,0.0011068049,0.0,0.0,0.0010465638,0.0010303381,0.0010205974,0.0010306962,0.0011068048,0.0010722019,0.0010603812,0.0010465638,0.0010389372,0.0010495287,0.0010551062,0.0010667561,0.0,0.0010603818,0.0010465641,0.0010389372,0.0010495287,0.0010551062,0.0010667569,0.0010722019,0.0010603812,0.0010465638,0.0010389372,0.0010495287,0.0010551062,0.0010667562,0.0,0.0010603813,0.0010465647,0.0010389375,0.0010495287,0.0010551062,0.0010667569,0.0,0.0010603813,0.0010465638,0.0010389372,0.0010495287,0.0010551062,0.0010667562,0.0,0.0010603813,0.0,0.0010303381,0.0010112023,0.0010676784,0.0010786685,0.0,0.0010603812,0.0010465638,0.0010389372,0.0010495287,0.0010551062,0.0010667569,0.0,0.0,0.0,0.0010303381,0.0010112023,0.0010676784,0.0010899754,0.0010722165,0.0010603813,0.0,0.0010303381,0.0010112023,0.0010676784,0.0010786775,0.0010723195,0.0,0.0,0.0010303382,0.0010112023,0.0010676784,0.0010899747,0.0010722408,0.0,0.0010465638,0.0,0.0010603812,0.0010465638,0.0010676788,0.0010722069,0.0,0.0,0.0010303381,0.0010112023,0.0010676784,0.0010899728,0.0,0.0010603832,0.0,0.0010303381,0.0010112023,0.0010676784,0.0010786667,0.0,0.0,0.0010465645,0.0010603826,0.0,0.0010303381,0.0010603813,0.0010722376,0.0010603816,0.0,0.0010303381,0.0010112023,0.0010676784,0.0010786663,0.0,0.0,0.0010465642,0.0010303381,0.0010205974,0.0010306962,0.0011068055,0.0,0.0,0.0010465638,0.0,0.0010603812,0.0010465638,0.0010676788,0.0,0.0010603858,0.0,0.0010603814,0.0,0.0010603812,0.0010465641,0.0,0.0,0.0010465836,0.0010303417,0.0010205976,0.0010306962,0.0011068058,0.0,0.0010604296,0.0010603865,0.0010544681,0.0010653341,0.0,0.0009885667,0.0,0.0010603842,0.001046565,0.0,0.0010603818,0.0010465637,0.0010389403,0.0010722106,0.0010603812,0.0010465638,0.0,0.0010603812,0.0010465638,0.0010389389,0.0,0.0010603814,0.0010465638,0.0010389372,0.0010495287,0.0010551062,0.0010667561,0.0010722016,0.0010603812,0.0010465638,0.0010389372,0.0010495287,0.0010551062,0.0010667562,0.0010722433,0.0,0.0,0.0010303381,0.0010112023,0.0010676784,0.0010899726,0.0010722113,0.0,0.0010465638,0.0010303381,0.0010205974,0.0010306962,0.0011068054,0.0,0.0010603814,0.0,0.0010303381,0.0010112023,0.0010676784,0.0010786664,0.0010722275,0.0,0.0010465638,0.0010303381,0.0010205974,0.0010306962,0.0011068159,0.0,0.0010603812,0.0010465638,0.0010389372,0.0010495287,0.0010551062,0.0010667581,0.0010722029,0.0010603812,0.0010465638,0.0010389372,0.0010495287,0.0010551062,0.0010667561,0.0,0.0010603818,0.0010465641,0.0010389372,0.0010495287,0.0010551062,0.0010667562,0.0,0.0,0.0010465638,0.0010303381,0.0010205974,0.0010306962,0.0011068049,0.0010722055,0.0010603812,0.0,0.0,0.0010603814,0.0010603813,0.0010544682,0.0010722568,0.0,0.0010465642,0.0,0.0010603814,0.0010465638,0.0010676817,0.0010723798,0.0,0.0010603814,0.0010465641,0.0010389372,0.0,0.0010603821,0.0,0.0010603812,0.0,0.0010303381,0.0010112023,0.0010676786,0.001078674,0.0010722098,0.0,0.0010465638,0.0010303381,0.0010205976,0.0010306968,0.0011068921,0.0010722226,0.0,0.0,0.0010303381,0.0010112023,0.0010676784,0.0010899723,0.0,0.0010603814,0.0010465638,0.0010389372,0.0010495287,0.0010551062,0.0010667561,0.0010722271,0.0010603813,0.0010465637,0.0,0.0010603813,0.0010465638,0.0010389385,0.0010722062,0.0,0.0010465637,0.0010303382,0.0010205974,0.0010306962,0.0011068074,0.0010722077,0.0,0.0010465638,0.0010303381,0.0010205976,0.0010306963,0.0011068076,0.0,0.0010603813,0.0010603814,0.0010544677,0.0010653341,0.0,0.0009886107,0.00107226,0.0,0.0010465641,0.0010303381,0.0010205974,0.0010306962,0.0011068048,0.0010722103,0.0,0.0,0.0010303381,0.0010112023,0.0010676784,0.0010899744,0.0010723021,0.0010603826,0.0,0.0010303395,0.0010112025,0.0010676788,0.001078676,0.0,0.0010603813,0.0010465637,0.0010389372,0.0010495287,0.0010551062,0.0010667561,0.0,0.0010603823,0.0,0.0010303381,0.0010112023,0.0010676784,0.0010786664,0.0,0.0010603814,0.0010465642,0.0010389372,0.0010495287,0.0010551062,0.0010667563,0.0010722242,0.0010603813,0.0010465641,0.0010389376,0.0010495287,0.0010551062,0.0010667566,0.0,0.0,0.0,0.0010303381,0.0010112023,0.0010676784,0.001089973,0.0010722012,0.0010603812,0.0,0.0010303381,0.0010112023,0.0010676784,0.0010786677,0.0010722196,0.0010603813,0.0010465638,0.0010676784,0.0,0.0010303381,0.0010112025,0.0,0.0010603812,0.0010465638,0.0010389372,0.0010495287,0.0010551062,0.001066757,0.0,0.0010603812,0.0010465638,0.0010389372,0.0010495287,0.0010551062,0.0010667564,0.0,0.001060382,0.0010465637,0.0010389372,0.0010495287,0.0010551062,0.001066759,0.0010722171,0.0010603812,0.0010465638,0.0010389372,0.0010495287,0.0010551062,0.0010667569,0.0,0.0,0.0010465638,0.0010303381,0.0010205974,0.0010306962,0.0011068055,0.0,0.0010603812,0.0010465638,0.0010389372,0.0010495287,0.0010551062,0.0010667562,0.001072487,0.0010603833,0.0010465641,0.0010389372,0.0010495288,0.0010551062,0.0010667595
k__Bacteria|p__Firmicutes|c__Clostridia|o__Eubacteriales|f__Clostridiaceae|g__GGB9580|s__GGB9580_SGB14998,0.0,0.0010599393,0.0010461408,0.001038551,0.001049221,0.0010548729,0.0010665815,0.0,0.0010599394,0.0010461408,0.001038551,0.001049221,0.0010548729,0.0010665813,0.0,0.0,0.0010461578,0.001029945,0.001020233,0.0010304099,0.0011064998,0.0010717786,0.0,0.0010461408,0.0010299354,0.0010202326,0.0010304099,0.001106499,0.0,0.0,0.0010461408,0.0010299354,0.0010202326,0.0010304099,0.001106499,0.0010717427,0.0010599394,0.0010461408,0.001038551,0.001049221,0.0010548729,0.0010665815,0.0,0.00105994,0.0010461408,0.001038551,0.001049221,0.0010548729,0.0010665824,0.0010717426,0.0010599394,0.0010461408,0.001038551,0.001049221,0.0010548729,0.0010665815,0.0,0.0010599397,0.0010461421,0.0010385511,0.001049221,0.0010548729,0.0010665817,0.0,0.0010599394,0.0010461408,0.001038551,0.001049221,0.0010548729,0.0010665815,0.0,0.0010599394,0.0,0.0010299354,0.0010108216,0.0010672541,0.001078322,0.0,0.0010599394,0.0010461408,0.001038551,0.001049221,0.0010548729,0.0010665817,0.0,0.0,0.0,0.0010299354,0.0010108216,0.0010672542,0.0010896097,0.0010717534,0.0010599394,0.0,0.0010299354,0.0010108216,0.0010672541,0.0010783284,0.0010718266,0.0,0.0,0.0010299353,0.0010108216,0.0010672541,0.0010896098,0.0010717693,0.0,0.0010461408,0.0,0.0010599394,0.0010461408,0.0010672543,0.0010717459,0.0,0.0,0.0010299354,0.0010108216,0.0010672541,0.0010896096,0.0,0.0010599415,0.0,0.0010299354,0.0010108216,0.0010672541,0.0010783207,0.0,0.0,0.0010461417,0.0010599415,0.0,0.0010299354,0.0010599397,0.001071766,0.0010599397,0.0,0.0010299353,0.0010108216,0.0010672541,0.0010783204,0.0,0.0,0.001046141,0.0010299354,0.0010202326,0.0010304099,0.0011064991,0.0,0.0,0.0010461408,0.0,0.0010599394,0.0010461408,0.0010672542,0.0,0.0010599428,0.0,0.0010599395,0.0,0.0010599394,0.0010461408,0.0,0.0,0.0010461614,0.001029938,0.0010202326,0.0010304099,0.0011064991,0.0,0.0010599878,0.0010599446,0.0010540618,0.0010650062,0.0,0.0009882094,0.0,0.0010599421,0.0010461418,0.0,0.0010599399,0.001046141,0.001038554,0.0010717489,0.0010599394,0.0010461408,0.0,0.0010599394,0.0010461408,0.0010385518,0.0,0.0010599399,0.0010461408,0.001038551,0.001049221,0.0010548729,0.0010665817,0.0010717426,0.0010599394,0.0010461408,0.001038551,0.001049221,0.0010548729,0.0010665815,0.0010717742,0.0,0.0,0.0010299354,0.0010108216,0.0010672541,0.0010896095,0.0010717503,0.0,0.0010461408,0.0010299354,0.0010202326,0.0010304099,0.0011064991,0.0,0.0010599395,0.0,0.0010299354,0.0010108216,0.0010672541,0.0010783202,0.0010717621,0.0,0.0010461408,0.0010299354,0.0010202326,0.0010304099,0.0011065071,0.0,0.0010599394,0.0010461408,0.001038551,0.001049221,0.0010548729,0.0010665827,0.0010717437,0.0010599394,0.0010461408,0.001038551,0.001049221,0.0010548729,0.0010665815,0.0,0.00105994,0.0010461408,0.001038551,0.001049221,0.0010548729,0.0010665816,0.0,0.0,0.0010461408,0.0010299354,0.0010202326,0.0010304099,0.0011064991,0.001071744,0.0010599394,0.0,0.0,0.0010599395,0.0010599394,0.0010540615,0.0010717754,0.0,0.0010461411,0.0,0.0010599395,0.0010461408,0.001067258,0.0010718676,0.0,0.0010599397,0.0010461408,0.001038551,0.0,0.0010599401,0.0,0.0010599393,0.0,0.0010299354,0.0010108216,0.001067254,0.0010783302,0.0010717493,0.0,0.0010461408,0.0010299354,0.0010202326,0.0010304108,0.0011065545,0.0010717578,0.0,0.0,0.0010299354,0.0010108216,0.0010672541,0.0010896092,0.0,0.0010599395,0.0010461408,0.001038551,0.001049221,0.0010548729,0.0010665813,0.0010717436,0.0010599397,0.0010461408,0.0,0.0010599394,0.0010461408,0.0010385525,0.0010717455,0.0,0.0010461408,0.0010299354,0.0010202326,0.0010304099,0.0011065004,0.0010717459,0.0,0.001046141,0.0010299353,0.0010202326,0.0010304102,0.0011065017,0.0,0.0010599397,0.0010599399,0.0010540615,0.0010650061,0.0,0.0009882435,0.0010717757,0.0,0.0010461408,0.0010299354,0.0010202326,0.0010304099,0.001106499,0.0010717461,0.0,0.0,0.0010299354,0.0010108216,0.0010672541,0.0010896099,0.0010718269,0.0010599408,0.0,0.0010299365,0.0010108217,0.0010672543,0.0010783265,0.0,0.0010599394,0.0010461408,0.001038551,0.001049221,0.0010548729,0.0010665815,0.0,0.0010599406,0.0,0.0010299354,0.0010108216,0.0010672541,0.0010783202,0.0,0.0010599397,0.001046141,0.001038551,0.001049221,0.0010548729,0.0010665816,0.0010717589,0.0010599396,0.0010461409,0.0010385511,0.001049221,0.0010548729,0.0010665819,0.0,0.0,0.0,0.0010299354,0.0010108216,0.0010672541,0.0010896098,0.0010717423,0.0010599394,0.0,0.0010299354,0.0010108216,0.0010672541,0.0010783215,0.0010717526,0.0010599394,0.0010461408,0.0010672541,0.0,0.0010299354,0.0010108217,0.0,0.0010599394,0.0010461408,0.001038551,0.001049221,0.0010548729,0.0010665824,0.0,0.0010599394,0.0010461408,0.001038551,0.001049221,0.0010548729,0.0010665816,0.0,0.0010599404,0.0010461408,0.001038551,0.001049221,0.0010548729,0.0010665834,0.0010717538,0.0010599394,0.0010461408,0.001038551,0.001049221,0.0010548729,0.001066582,0.0,0.0,0.0010461408,0.0010299354,0.0010202326,0.0010304099,0.0011064996,0.0,0.0010599394,0.0010461408,0.001038551,0.001049221,0.0010548729,0.0010665815,0.0010718952,0.0010599408,0.0010461409,0.0010385509,0.001049221,0.0010548731,0.0010665836
k__Bacteria|p__Firmicutes|c__Clostridia|o__Eubacteriales|f__Eubacteriales_Family_XIII_Incertae_Sedis|g__Eubacteriales_Family_XIII_Incertae_Sedis_unclassified|s__Eubacterium_sulci,0.0,0.0010586348,0.0010450792,0.0010378741,0.0010492613,0.0010556096,0.0010678234,0.0,0.0010586347,0.0010450792,0.0010378741,0.0010492613,0.0010556096,0.0010678233,0.0,0.0,0.0010450942,0.0010291421,0.0010198279,0.001030734,0.0011061856,0.0010702339,0.0,0.0010450794,0.0010291319,0.0010198274,0.001030734,0.0011061848,0.0,0.0,0.0010450792,0.0010291319,0.0010198274,0.001030734,0.0011061849,0.00107021,0.0010586347,0.0010450792,0.0010378741,0.0010492613,0.0010556096,0.0010678233,0.0,0.0010586353,0.0010450794,0.0010378741,0.0010492613,0.0010556096,0.0010678243,0.00107021,0.0010586347,0.0010450792,0.0010378741,0.0010492613,0.0010556096,0.0010678234,0.0,0.0010586352,0.00104508,0.0010378743,0.0010492613,0.0010556096,0.0010678236,0.0,0.0010586351,0.0010450792,0.0010378741,0.0010492613,0.0010556096,0.0010678234,0.0,0.0010586347,0.0,0.0010291319,0.0010102901,0.0010660776,0.0010778358,0.0,0.001058635,0.0010450792,0.0010378741,0.0010492613,0.0010556096,0.0010678237,0.0,0.0,0.0,0.0010291319,0.0010102901,0.0010660776,0.0010888842,0.001070216,0.0010586351,0.0,0.0010291319,0.0010102901,0.0010660776,0.001077842,0.0010702616,0.0,0.0,0.001029132,0.0010102901,0.0010660776,0.0010888837,0.0010702271,0.0,0.0010450794,0.0,0.0010586347,0.0010450792,0.0010660775,0.001070212,0.0,0.0,0.0010291319,0.0010102901,0.0010660776,0.0010888823,0.0,0.0010586362,0.0,0.0010291319,0.0010102901,0.0010660776,0.0010778343,0.0,0.0,0.0010450804,0.0010586358,0.0,0.0010291319,0.0010586352,0.0010702304,0.0010586352,0.0,0.0010291317,0.0010102901,0.0010660776,0.0010778339,0.0,0.0,0.0010450794,0.0010291319,0.0010198274,0.001030734,0.0011061855,0.0,0.0,0.0010450794,0.0,0.0010586347,0.0010450792,0.0010660776,0.0,0.0010586395,0.0,0.0010586348,0.0,0.0010586347,0.0010450796,0.0,0.0,0.0010450965,0.0010291348,0.0010198274,0.001030734,0.0011061857,0.0,0.0010586709,0.0010586391,0.0010531277,0.001064776,0.0,0.000987962,0.0,0.0010586372,0.0010450805,0.0,0.0010586352,0.0010450796,0.0010378772,0.0010702154,0.001058635,0.0010450792,0.0,0.0010586347,0.0010450792,0.0010378755,0.0,0.0010586348,0.0010450796,0.0010378741,0.0010492613,0.0010556096,0.0010678234,0.0010702098,0.0010586347,0.0010450792,0.0010378741,0.0010492613,0.0010556096,0.0010678234,0.0010702267,0.0,0.0,0.0010291319,0.0010102901,0.0010660776,0.0010888823,0.0010702132,0.0,0.0010450792,0.0010291319,0.0010198274,0.001030734,0.0011061855,0.0,0.0010586348,0.0,0.0010291319,0.0010102901,0.0010660776,0.001077834,0.0010702234,0.0,0.0010450794,0.0010291319,0.0010198274,0.001030734,0.0011061939,0.0,0.001058635,0.0010450792,0.0010378741,0.0010492613,0.0010556096,0.0010678248,0.0010702102,0.0010586347,0.0010450792,0.0010378741,0.0010492613,0.0010556096,0.0010678233,0.0,0.0010586353,0.0010450796,0.0010378741,0.0010492613,0.0010556096,0.0010678234,0.0,0.0,0.0010450794,0.0010291319,0.0010198274,0.001030734,0.001106185,0.0010702114,0.001058635,0.0,0.0,0.0010586352,0.0010586351,0.0010531278,0.0010702361,0.0,0.0010450796,0.0,0.0010586348,0.0010450792,0.001066082,0.0010702955,0.0,0.0010586352,0.0010450792,0.0010378741,0.0,0.0010586357,0.0,0.0010586346,0.0,0.0010291319,0.0010102901,0.0010660775,0.0010778419,0.0010702141,0.0,0.0010450794,0.0010291319,0.0010198274,0.0010307344,0.0011062537,0.0010702247,0.0,0.0,0.0010291319,0.0010102901,0.0010660776,0.0010888821,0.0,0.0010586352,0.0010450796,0.0010378741,0.0010492613,0.0010556096,0.0010678233,0.0010702113,0.0010586347,0.0010450792,0.0,0.0010586348,0.0010450794,0.0010378753,0.0010702113,0.0,0.0010450792,0.001029132,0.0010198274,0.001030734,0.0011061872,0.0010702128,0.0,0.0010450796,0.0010291319,0.0010198274,0.0010307342,0.0011061869,0.0,0.0010586351,0.0010586351,0.0010531272,0.0010647759,0.0,0.0009880046,0.0010702305,0.0,0.0010450792,0.0010291319,0.0010198274,0.001030734,0.0011061849,0.0010702137,0.0,0.0,0.0010291319,0.0010102901,0.0010660776,0.0010888838,0.0010702529,0.0010586355,0.0,0.0010291329,0.0010102901,0.0010660776,0.0010778416,0.0,0.0010586348,0.0010450796,0.0010378741,0.0010492613,0.0010556096,0.0010678233,0.0,0.0010586362,0.0,0.0010291319,0.0010102901,0.0010660776,0.001077834,0.0,0.001058635,0.0010450794,0.0010378741,0.0010492613,0.0010556096,0.0010678235,0.0010702207,0.0010586351,0.0010450794,0.0010378744,0.0010492613,0.0010556096,0.0010678238,0.0,0.0,0.0,0.0010291319,0.0010102901,0.0010660776,0.0010888829,0.0010702097,0.0010586347,0.0,0.0010291319,0.0010102901,0.0010660776,0.0010778349,0.0010702192,0.001058635,0.0010450794,0.0010660776,0.0,0.0010291319,0.0010102902,0.0,0.0010586347,0.0010450794,0.0010378741,0.0010492613,0.0010556096,0.0010678243,0.0,0.001058635,0.0010450794,0.0010378741,0.0010492613,0.0010556096,0.0010678237,0.0,0.0010586354,0.0010450792,0.0010378741,0.0010492613,0.0010556096,0.0010678257,0.0010702156,0.0010586347,0.0010450794,0.0010378741,0.0010492613,0.0010556096,0.0010678238,0.0,0.0,0.0010450792,0.0010291319,0.0010198274,0.001030734,0.0011061853,0.0,0.001058635,0.0010450792,0.0010378741,0.0010492613,0.0010556096,0.0010678234,0.0010703868,0.0010586366,0.0010450794,0.0010378741,0.0010492613,0.0010556096,0.0010678262
k__Bacteria|p__Firmicutes|c__Clostridia|o__Eubacteriales|f__Clostridiaceae|g__Clostridium|s__Clostridium_sp_1001271st1_H5,0.0,0.001058139,0.001044471,0.0010371116,0.0010482445,0.0010543406,0.001066385,0.0,0.0010581389,0.001044471,0.0010371116,0.0010482445,0.0010543406,0.0010663848,0.0,0.0,0.0010444849,0.0010284161,0.0010189426,0.0010295862,0.0011054245,0.0010698618,0.0,0.001044471,0.0010284062,0.001018942,0.0010295862,0.0011054246,0.0,0.0,0.001044471,0.0010284062,0.001018942,0.0010295862,0.0011054246,0.0010698206,0.0010581388,0.001044471,0.0010371116,0.0010482445,0.0010543406,0.0010663848,0.0,0.0010581396,0.0010444713,0.0010371116,0.0010482445,0.0010543406,0.001066385,0.0010698207,0.0010581388,0.001044471,0.0010371116,0.0010482445,0.0010543406,0.001066385,0.0,0.0010581393,0.0010444715,0.0010371116,0.0010482445,0.0010543406,0.0010663855,0.0,0.0010581389,0.001044471,0.0010371116,0.0010482445,0.0010543406,0.0010663848,0.0,0.0010581389,0.0,0.0010284062,0.001009443,0.0010655465,0.0010770665,0.0,0.0010581388,0.001044471,0.0010371116,0.0010482445,0.0010543406,0.0010663846,0.0,0.0,0.0,0.0010284062,0.001009443,0.0010655465,0.0010882302,0.0010698305,0.0010581393,0.0,0.0010284062,0.001009443,0.0010655465,0.0010770683,0.0010698943,0.0,0.0,0.0010284063,0.001009443,0.0010655465,0.0010882302,0.0010698474,0.0,0.001044471,0.0,0.0010581388,0.001044471,0.0010655465,0.0010698235,0.0,0.0,0.0010284062,0.001009443,0.0010655465,0.0010882302,0.0,0.0010581402,0.0,0.0010284062,0.001009443,0.0010655465,0.0010770663,0.0,0.0,0.0010444721,0.0010581398,0.0,0.0010284062,0.0010581393,0.0010698452,0.0010581393,0.0,0.0010284062,0.001009443,0.0010655465,0.0010770663,0.0,0.0,0.0010444713,0.0010284062,0.001018942,0.0010295862,0.0011054246,0.0,0.0,0.001044471,0.0,0.0010581388,0.001044471,0.0010655464,0.0,0.0010581417,0.0,0.001058139,0.0,0.0010581388,0.0010444712,0.0,0.0,0.0010444861,0.0010284085,0.001018942,0.0010295862,0.0011054246,0.0,0.0010581717,0.0010581426,0.0010524835,0.0010638863,0.0,0.0009869832,0.0,0.0010581409,0.0010444717,0.0,0.0010581394,0.0010444713,0.0010371131,0.0010698276,0.0010581388,0.001044471,0.0,0.0010581388,0.001044471,0.001037112,0.0,0.0010581393,0.0010444712,0.0010371116,0.0010482445,0.0010543406,0.0010663848,0.0010698207,0.0010581388,0.001044471,0.0010371116,0.0010482445,0.0010543406,0.0010663848,0.001069851,0.0,0.0,0.0010284062,0.001009443,0.0010655465,0.00108823,0.0010698261,0.0,0.001044471,0.0010284062,0.001018942,0.0010295862,0.0011054245,0.0,0.001058139,0.0,0.0010284062,0.001009443,0.0010655465,0.0010770662,0.0010698363,0.0,0.001044471,0.0010284062,0.001018942,0.0010295862,0.0011054246,0.0,0.0010581388,0.001044471,0.0010371116,0.0010482445,0.0010543406,0.0010663854,0.0010698218,0.0010581388,0.001044471,0.0010371116,0.0010482445,0.0010543406,0.0010663848,0.0,0.0010581395,0.0010444713,0.0010371116,0.0010482445,0.0010543406,0.001066385,0.0,0.0,0.001044471,0.0010284062,0.001018942,0.0010295862,0.0011054247,0.0010698235,0.0010581388,0.0,0.0,0.001058139,0.0010581389,0.0010524835,0.0010698636,0.0,0.0010444713,0.0,0.001058139,0.001044471,0.0010655472,0.0010699382,0.0,0.0010581393,0.0010444713,0.0010371116,0.0,0.0010581393,0.0,0.001058139,0.0,0.0010284062,0.001009443,0.0010655464,0.0010770665,0.001069827,0.0,0.001044471,0.0010284062,0.001018942,0.0010295867,0.0011054177,0.0010698376,0.0,0.0,0.0010284062,0.001009443,0.0010655465,0.00108823,0.0,0.0010581393,0.0010444712,0.0010371116,0.0010482445,0.0010543406,0.0010663848,0.0010698583,0.0010581391,0.0010444713,0.0,0.0010581391,0.001044471,0.0010371122,0.0010698227,0.0,0.0010444713,0.0010284062,0.001018942,0.0010295862,0.0011054241,0.0010698242,0.0,0.0010444712,0.0010284062,0.001018942,0.0010295861,0.0011054246,0.0,0.0010581391,0.0010581394,0.0010524832,0.0010638861,0.0,0.0009870054,0.0010698595,0.0,0.0010444713,0.0010284062,0.001018942,0.0010295862,0.0011054246,0.0010698253,0.0,0.0,0.0010284062,0.001009443,0.0010655465,0.0010882303,0.0010698953,0.0010581395,0.0,0.001028407,0.001009443,0.0010655465,0.0010770677,0.0,0.0010581391,0.0010444713,0.0010371116,0.0010482445,0.0010543406,0.0010663848,0.0,0.00105814,0.0,0.0010284062,0.001009443,0.0010655465,0.0010770662,0.0,0.0010581393,0.0010444713,0.0010371116,0.0010482445,0.0010543406,0.001066385,0.0010698327,0.0010581391,0.0010444713,0.0010371116,0.0010482445,0.0010543406,0.0010663851,0.0,0.0,0.0,0.0010284062,0.001009443,0.0010655465,0.0010882305,0.0010698206,0.0010581388,0.0,0.0010284062,0.001009443,0.0010655465,0.0010770663,0.0010698335,0.0010581391,0.001044471,0.0010655465,0.0,0.0010284062,0.0010094431,0.0,0.0010581388,0.001044471,0.0010371116,0.0010482445,0.0010543406,0.0010663851,0.0,0.0010581388,0.001044471,0.0010371116,0.0010482445,0.0010543406,0.001066385,0.0,0.0010581395,0.0010444713,0.0010371116,0.0010482445,0.0010543406,0.001066385,0.0010698289,0.0010581388,0.001044471,0.0010371116,0.0010482445,0.0010543406,0.0010663848,0.0,0.0,0.001044471,0.0010284062,0.001018942,0.0010295862,0.0011054245,0.0,0.0010581388,0.001044471,0.0010371116,0.0010482445,0.0010543406,0.0010663848,0.001070033,0.00105814,0.0010444713,0.0010371116,0.0010482445,0.0010543406,0.0010663852
k__Bacteria|p__Firmicutes|c__Bacilli|o__Lactobacillales|f__Lactobacillaceae|g__Limosilactobacillus|s__Limosilactobacillus_pontis,0.0,0.0010589343,0.0010452948,0.0010379595,0.0010491092,0.0010552258,0.0010672733,0.0,0.0010589344,0.0010452948,0.0010379595,0.0010491092,0.0010552258,0.0010672733,0.0,0.0,0.0010452988,0.0010292605,0.0010198194,0.0010304835,0.001106169,0.0010706073,0.0,0.0010452948,0.0010292581,0.0010198192,0.0010304835,0.0011061684,0.0,0.0,0.0010452948,0.0010292581,0.0010198192,0.0010304835,0.0011061683,0.0010705885,0.0010589343,0.0010452948,0.0010379595,0.0010491092,0.0010552258,0.0010672732,0.0,0.0010589346,0.0010452948,0.0010379595,0.0010491092,0.0010552258,0.0010672741,0.0010705886,0.0010589343,0.0010452948,0.0010379595,0.0010491092,0.0010552258,0.0010672733,0.0,0.0010589345,0.001045295,0.0010379596,0.0010491092,0.0010552258,0.001067274,0.0,0.0010589344,0.0010452948,0.0010379595,0.0010491092,0.0010552258,0.0010672733,0.0,0.0010589344,0.0,0.0010292581,0.001010323,0.0010663361,0.0010778665,0.0,0.0010589343,0.0010452948,0.0010379595,0.0010491092,0.0010552258,0.001067274,0.0,0.0,0.0,0.0010292581,0.001010323,0.0010663361,0.0010889989,0.0010705948,0.0010589344,0.0,0.0010292581,0.001010323,0.0010663361,0.0010778714,0.0010706282,0.0,0.0,0.0010292581,0.001010323,0.0010663361,0.0010889987,0.0010706017,0.0,0.0010452948,0.0,0.0010589343,0.0010452948,0.0010663362,0.0010705898,0.0,0.0,0.0010292581,0.001010323,0.0010663361,0.0010889975,0.0,0.0010589348,0.0,0.0010292581,0.001010323,0.0010663361,0.0010778653,0.0,0.0,0.001045295,0.0010589347,0.0,0.0010292581,0.0010589346,0.0010705953,0.0010589345,0.0,0.001029258,0.001010323,0.0010663361,0.0010778648,0.0,0.0,0.0010452949,0.0010292581,0.0010198192,0.0010304835,0.0011061684,0.0,0.0,0.0010452948,0.0,0.0010589343,0.0010452948,0.0010663361,0.0,0.001058935,0.0,0.0010589345,0.0,0.0010589343,0.0010452948,0.0,0.0,0.0010452962,0.0010292585,0.001019819,0.0010304835,0.0011061685,0.0,0.0010589432,0.0010589351,0.0010533016,0.0010647175,0.0,0.0009878956,0.0,0.0010589352,0.0010452949,0.0,0.0010589345,0.0010452948,0.0010379617,0.0010705908,0.0010589343,0.0010452948,0.0,0.0010589343,0.0010452948,0.0010379605,0.0,0.0010589345,0.0010452948,0.0010379595,0.0010491092,0.0010552258,0.0010672734,0.0010705885,0.0010589343,0.0010452948,0.0010379595,0.0010491092,0.0010552258,0.0010672733,0.001070603,0.0,0.0,0.0010292581,0.001010323,0.0010663361,0.0010889973,0.00107059,0.0,0.0010452948,0.0010292581,0.0010198192,0.0010304835,0.0011061686,0.0,0.0010589345,0.0,0.0010292581,0.001010323,0.0010663361,0.0010778648,0.0010705987,0.0,0.0010452948,0.0010292581,0.0010198192,0.0010304837,0.0011061749,0.0,0.0010589343,0.0010452948,0.0010379595,0.0010491092,0.0010552258,0.0010672751,0.0010705888,0.0010589343,0.0010452948,0.0010379595,0.0010491092,0.0010552258,0.0010672732,0.0,0.0010589347,0.0010452948,0.0010379595,0.0010491092,0.0010552258,0.0010672733,0.0,0.0,0.0010452948,0.0010292581,0.0010198192,0.0010304835,0.0011061684,0.0010705896,0.0010589343,0.0,0.0,0.0010589345,0.0010589344,0.001053302,0.0010706084,0.0,0.0010452946,0.0,0.0010589345,0.0010452948,0.0010663394,0.0010706562,0.0,0.0010589345,0.0010452948,0.0010379595,0.0,0.001058935,0.0,0.0010589343,0.0,0.0010292581,0.001010323,0.0010663361,0.0010778715,0.0010705908,0.0,0.0010452948,0.0010292581,0.001019819,0.001030484,0.0011062195,0.0010705936,0.0,0.0,0.0010292581,0.001010323,0.0010663361,0.001088997,0.0,0.0010589345,0.0010452948,0.0010379595,0.0010491092,0.0010552258,0.0010672733,0.0010706064,0.0010589344,0.0010452948,0.0,0.0010589343,0.0010452948,0.0010379602,0.0010705898,0.0,0.0010452948,0.0010292581,0.0010198192,0.0010304835,0.0011061704,0.0010705902,0.0,0.0010452948,0.0010292581,0.001019819,0.0010304835,0.0011061699,0.0,0.0010589344,0.0010589346,0.0010533017,0.0010647174,0.0,0.0009879321,0.0010706073,0.0,0.0010452948,0.0010292581,0.0010198192,0.0010304835,0.0011061683,0.0010705917,0.0,0.0,0.0010292581,0.001010323,0.0010663361,0.0010889986,0.0010706232,0.0010589344,0.0,0.0010292586,0.001010323,0.0010663361,0.0010778717,0.0,0.0010589344,0.0010452948,0.0010379595,0.0010491092,0.0010552258,0.0010672732,0.0,0.0010589344,0.0,0.0010292581,0.001010323,0.0010663361,0.0010778648,0.0,0.0010589345,0.0010452949,0.0010379595,0.0010491092,0.0010552258,0.0010672733,0.0010705972,0.0010589344,0.0010452948,0.0010379596,0.0010491092,0.0010552258,0.0010672738,0.0,0.0,0.0,0.0010292581,0.001010323,0.0010663361,0.0010889976,0.0010705882,0.0010589343,0.0,0.0010292581,0.001010323,0.0010663361,0.0010778656,0.0010705944,0.0010589344,0.0010452948,0.0010663361,0.0,0.0010292581,0.001010323,0.0,0.0010589343,0.0010452948,0.0010379595,0.0010491092,0.0010552258,0.0010672746,0.0,0.0010589343,0.0010452948,0.0010379595,0.0010491092,0.0010552258,0.0010672736,0.0,0.0010589346,0.0010452948,0.0010379595,0.0010491092,0.0010552258,0.001067276,0.001070592,0.0010589343,0.0010452948,0.0010379595,0.0010491092,0.0010552258,0.0010672739,0.0,0.0,0.0010452948,0.0010292581,0.0010198192,0.0010304835,0.0011061687,0.0,0.0010589343,0.0010452948,0.0010379595,0.0010491092,0.0010552258,0.0010672733,0.0010707234,0.001058935,0.0010452946,0.0010379595,0.0010491092,0.0010552258,0.0010672767
k__Bacteria|p__Firmicutes|c__Clostridia|o__Eubacteriales|f__Clostridiaceae|g__Clostridium|s__Clostridium_cuniculi,0.0,0.0010605243,0.0010468975,0.0010395475,0.001050618,0.0010566666,0.0010686439,0.0,0.0010605244,0.0010468975,0.0010395475,0.001050618,0.0010566666,0.001068644,0.0,0.0,0.0010469127,0.0010308825,0.0010214185,0.0010320079,0.00110752,0.001072215,0.0,0.0010468975,0.001030872,0.0010214176,0.0010320079,0.0011075189,0.0,0.0,0.0010468975,0.001030872,0.0010214176,0.0010320079,0.0011075186,0.0010721651,0.0010605243,0.0010468975,0.0010395475,0.001050618,0.0010566666,0.0010686436,0.0,0.0010605253,0.0010468976,0.0010395475,0.001050618,0.0010566666,0.0010686452,0.0010721647,0.0010605243,0.0010468975,0.0010395475,0.001050618,0.0010566666,0.0010686439,0.0,0.0010605247,0.0010468983,0.0010395476,0.001050618,0.0010566666,0.0010686445,0.0,0.0010605244,0.0010468975,0.0010395475,0.001050618,0.0010566666,0.0010686436,0.0,0.0010605244,0.0,0.001030872,0.0010119447,0.0010678965,0.0010793407,0.0,0.0010605243,0.0010468975,0.0010395475,0.001050618,0.0010566666,0.0010686447,0.0,0.0,0.0,0.001030872,0.0010119447,0.0010678965,0.0010904537,0.0010721788,0.0010605244,0.0,0.001030872,0.0010119447,0.0010678965,0.001079349,0.001072277,0.0,0.0,0.0010308722,0.0010119447,0.0010678965,0.0010904529,0.0010722012,0.0,0.0010468975,0.0,0.0010605243,0.0010468975,0.001067897,0.0010721696,0.0,0.0,0.001030872,0.0010119447,0.0010678965,0.0010904508,0.0,0.0010605261,0.0,0.001030872,0.0010119447,0.0010678965,0.0010793385,0.0,0.0,0.0010468991,0.0010605258,0.0,0.001030872,0.0010605247,0.0010721994,0.0010605247,0.0,0.0010308721,0.0010119447,0.0010678965,0.0010793376,0.0,0.0,0.0010468976,0.001030872,0.0010214176,0.0010320079,0.0011075195,0.0,0.0,0.0010468975,0.0,0.0010605243,0.0010468975,0.0010678966,0.0,0.0010605289,0.0,0.0010605245,0.0,0.0010605243,0.0010468977,0.0,0.0,0.0010469144,0.0010308747,0.0010214176,0.0010320079,0.0011075196,0.0,0.0010605566,0.0010605286,0.0010548771,0.0010662092,0.0,0.0009895278,0.0,0.0010605273,0.0010468987,0.0,0.0010605247,0.0010468975,0.0010395516,0.0010721737,0.0010605243,0.0010468975,0.0,0.0010605243,0.0010468975,0.0010395494,0.0,0.0010605245,0.0010468975,0.0010395475,0.001050618,0.0010566666,0.0010686439,0.0010721647,0.0010605243,0.0010468975,0.0010395475,0.001050618,0.0010566666,0.0010686436,0.0010722097,0.0,0.0,0.0010308719,0.0010119447,0.0010678965,0.0010904504,0.0010721716,0.0,0.0010468975,0.001030872,0.0010214176,0.0010320079,0.0011075194,0.0,0.0010605245,0.0,0.001030872,0.0010119447,0.0010678965,0.0010793376,0.0010721888,0.0,0.0010468975,0.001030872,0.0010214176,0.0010320079,0.0011075309,0.0,0.0010605243,0.0010468975,0.0010395475,0.001050618,0.0010566666,0.0010686464,0.0010721656,0.0010605243,0.0010468975,0.0010395475,0.001050618,0.0010566666,0.0010686436,0.0,0.0010605248,0.0010468975,0.0010395475,0.001050618,0.0010566666,0.0010686439,0.0,0.0,0.0010468975,0.001030872,0.0010214176,0.0010320079,0.001107519,0.0010721685,0.0010605243,0.0,0.0,0.0010605245,0.0010605244,0.0010548778,0.0010722224,0.0,0.0010468978,0.0,0.0010605245,0.0010468975,0.0010679025,0.0010723361,0.0,0.0010605245,0.0010468978,0.0010395475,0.0,0.0010605257,0.0,0.0010605243,0.0,0.001030872,0.0010119447,0.0010678964,0.0010793479,0.0010721739,0.0,0.0010468975,0.001030872,0.0010214176,0.0010320084,0.0011076073,0.0010721905,0.0,0.0,0.001030872,0.0010119447,0.0010678965,0.0010904503,0.0,0.0010605245,0.0010468975,0.0010395475,0.001050618,0.0010566666,0.001068644,0.0010721888,0.0010605244,0.0010468975,0.0,0.0010605243,0.0010468975,0.0010395489,0.0010721684,0.0,0.0010468978,0.0010308721,0.0010214176,0.0010320079,0.0011075224,0.0010721704,0.0,0.0010468975,0.001030872,0.0010214176,0.0010320079,0.0011075222,0.0,0.0010605244,0.0010605245,0.0010548767,0.0010662094,0.0,0.0009895775,0.0010722186,0.0,0.0010468975,0.001030872,0.0010214176,0.0010320079,0.0011075186,0.0010721727,0.0,0.0,0.001030872,0.0010119447,0.0010678965,0.0010904529,0.0010722632,0.0010605254,0.0,0.0010308732,0.0010119448,0.0010678968,0.0010793498,0.0,0.0010605244,0.0010468975,0.0010395475,0.001050618,0.0010566666,0.0010686436,0.0,0.0010605258,0.0,0.001030872,0.0010119447,0.0010678965,0.0010793376,0.0,0.0010605244,0.0010468976,0.0010395475,0.001050618,0.0010566666,0.001068644,0.001072187,0.0010605244,0.0010468978,0.0010395476,0.001050618,0.0010566666,0.0010686443,0.0,0.0,0.0,0.001030872,0.0010119447,0.0010678965,0.0010904514,0.0010721643,0.0010605243,0.0,0.001030872,0.0010119447,0.0010678965,0.0010793392,0.0010721842,0.0010605244,0.0010468975,0.0010678965,0.0,0.001030872,0.0010119448,0.0,0.0010605243,0.0010468975,0.0010395475,0.001050618,0.0010566666,0.001068645,0.0,0.0010605243,0.0010468975,0.0010395475,0.001050618,0.0010566666,0.001068644,0.0,0.001060525,0.0010468975,0.0010395475,0.001050618,0.0010566666,0.0010686468,0.0010721767,0.0010605243,0.0010468975,0.0010395475,0.001050618,0.0010566666,0.0010686445,0.0,0.0,0.0010468975,0.001030872,0.0010214176,0.0010320076,0.0011075193,0.0,0.0010605243,0.0010468975,0.0010395475,0.001050618,0.0010566666,0.0010686436,0.0010724512,0.0010605264,0.0010468978,0.0010395476,0.001050618,0.0010566666,0.0010686478
k__Bacteria|p__Firmicutes|c__Bacilli|o__Lactobacillales|f__Enterococcaceae|g__Enterococcus|s__Enterococcus_canis,0.0,0.0010598251,0.0010460074,0.001038392,0.0010490214,0.0010546326,0.0010663143,0.0,0.0010598253,0.0010460074,0.001038392,0.0010490214,0.0010546326,0.0010663142,0.0,0.0,0.0010460134,0.0010297863,0.0010200532,0.0010301882,0.0011063446,0.0010716753,0.0,0.0010460074,0.0010297821,0.001020053,0.0010301882,0.0011063452,0.0,0.0,0.0010460074,0.0010297821,0.001020053,0.0010301882,0.0011063452,0.0010716466,0.0010598252,0.0010460074,0.001038392,0.0010490214,0.0010546326,0.0010663142,0.0,0.0010598255,0.0010460076,0.001038392,0.0010490214,0.0010546326,0.0010663143,0.0010716465,0.0010598252,0.0010460074,0.001038392,0.0010490214,0.0010546326,0.0010663143,0.0,0.0010598254,0.0010460074,0.0010383921,0.0010490214,0.0010546326,0.0010663143,0.0,0.0010598253,0.0010460074,0.001038392,0.0010490214,0.0010546326,0.0010663142,0.0,0.0010598253,0.0,0.0010297821,0.0010106476,0.0010671344,0.0010781625,0.0,0.0010598252,0.0010460074,0.0010383918,0.0010490214,0.0010546326,0.0010663136,0.0,0.0,0.0,0.0010297821,0.0010106476,0.0010671344,0.0010894708,0.0010716547,0.0010598253,0.0,0.0010297821,0.0010106476,0.0010671344,0.0010781613,0.0010717062,0.0,0.0,0.0010297822,0.0010106476,0.0010671344,0.001089471,0.0010716675,0.0,0.0010460074,0.0,0.0010598252,0.0010460074,0.0010671344,0.0010716488,0.0,0.0,0.0010297821,0.0010106476,0.0010671344,0.0010894716,0.0,0.0010598256,0.0,0.0010297821,0.0010106476,0.0010671344,0.0010781626,0.0,0.0,0.0010460075,0.0010598258,0.0,0.0010297821,0.0010598253,0.0010716638,0.0010598254,0.0,0.001029782,0.0010106476,0.0010671344,0.0010781628,0.0,0.0,0.0010460074,0.0010297821,0.001020053,0.0010301882,0.0011063451,0.0,0.0,0.0010460074,0.0,0.0010598252,0.0010460074,0.0010671343,0.0,0.0010598259,0.0,0.0010598253,0.0,0.0010598252,0.0010460075,0.0,0.0,0.0010460137,0.0010297833,0.0010200532,0.0010301882,0.0011063445,0.0,0.0010598417,0.0010598266,0.0010539227,0.0010648279,0.0,0.0009880011,0.0,0.0010598258,0.0010460077,0.0,0.0010598254,0.0010460076,0.0010383923,0.0010716512,0.0010598252,0.0010460074,0.0,0.0010598252,0.0010460074,0.0010383923,0.0,0.0010598253,0.0010460075,0.0010383918,0.0010490214,0.0010546326,0.0010663142,0.0010716467,0.0010598252,0.0010460074,0.001038392,0.0010490214,0.0010546326,0.0010663142,0.0010716686,0.0,0.0,0.0010297821,0.0010106476,0.0010671344,0.0010894715,0.0010716507,0.0,0.0010460074,0.0010297821,0.001020053,0.0010301882,0.0011063447,0.0,0.0010598253,0.0,0.0010297821,0.0010106476,0.0010671344,0.0010781627,0.0010716588,0.0,0.0010460074,0.0010297821,0.001020053,0.0010301882,0.001106343,0.0,0.0010598252,0.0010460074,0.001038392,0.0010490214,0.0010546326,0.0010663137,0.0010716474,0.0010598252,0.0010460074,0.001038392,0.0010490214,0.0010546326,0.0010663142,0.0,0.0010598255,0.0010460076,0.0010383918,0.0010490214,0.0010546326,0.0010663139,0.0,0.0,0.0010460074,0.0010297821,0.001020053,0.0010301882,0.0011063452,0.0010716493,0.0010598252,0.0,0.0,0.0010598253,0.0010598253,0.0010539226,0.0010716789,0.0,0.0010460074,0.0,0.0010598253,0.0010460074,0.0010671343,0.0010717391,0.0,0.0010598253,0.0010460076,0.0010383918,0.0,0.0010598253,0.0,0.0010598251,0.0,0.0010297821,0.0010106476,0.0010671344,0.0010781627,0.0010716513,0.0,0.0010460074,0.0010297821,0.0010200532,0.0010301885,0.0011063261,0.0010716564,0.0,0.0,0.0010297821,0.0010106476,0.0010671344,0.0010894716,0.0,0.0010598253,0.0010460075,0.001038392,0.0010490214,0.0010546326,0.0010663142,0.0010716805,0.0010598253,0.0010460076,0.0,0.0010598251,0.0010460073,0.0010383923,0.0010716486,0.0,0.0010460076,0.0010297823,0.001020053,0.0010301882,0.0011063438,0.001071649,0.0,0.0010460074,0.0010297821,0.0010200532,0.0010301883,0.0011063443,0.0,0.0010598253,0.0010598254,0.0010539225,0.0010648279,0.0,0.0009880117,0.0010716784,0.0,0.0010460076,0.0010297821,0.001020053,0.0010301882,0.0011063452,0.0010716501,0.0,0.0,0.0010297821,0.0010106476,0.0010671344,0.001089471,0.0010717005,0.0010598256,0.0,0.0010297825,0.0010106476,0.0010671344,0.0010781618,0.0,0.0010598252,0.0010460076,0.0010383918,0.0010490214,0.0010546326,0.0010663142,0.0,0.0010598255,0.0,0.0010297821,0.0010106476,0.0010671344,0.0010781627,0.0,0.0010598253,0.0010460074,0.0010383918,0.0010490214,0.0010546326,0.0010663139,0.0010716545,0.0010598252,0.0010460073,0.0010383921,0.0010490214,0.0010546326,0.0010663142,0.0,0.0,0.0,0.0010297821,0.0010106476,0.0010671344,0.0010894719,0.0010716463,0.0010598252,0.0,0.0010297821,0.0010106476,0.0010671344,0.0010781626,0.001071655,0.0010598252,0.0010460074,0.0010671344,0.0,0.0010297821,0.0010106477,0.0,0.0010598252,0.0010460074,0.0010383918,0.0010490214,0.0010546326,0.0010663138,0.0,0.0010598252,0.0010460074,0.0010383918,0.0010490214,0.0010546326,0.001066314,0.0,0.0010598254,0.0010460076,0.0010383918,0.0010490214,0.0010546326,0.0010663132,0.0010716533,0.0010598252,0.0010460074,0.0010383918,0.0010490214,0.0010546326,0.0010663142,0.0,0.0,0.0010460074,0.0010297821,0.001020053,0.0010301882,0.0011063449,0.0,0.0010598252,0.0010460074,0.001038392,0.0010490214,0.0010546326,0.0010663142,0.0010718042,0.0010598258,0.0010460073,0.001038392,0.0010490214,0.0010546326,0.001066313
k__Bacteria|p__Firmicutes|c__Bacilli|o__Lactobacillales|f__Streptococcaceae|g__Lactococcus|s__Lactococcus_piscium,0.0,0.0010605758,0.0010468302,0.0010393049,0.0010500668,0.0010558125,0.0010675773,0.0,0.001060576,0.0010468302,0.0010393049,0.0010500668,0.0010558125,0.0010675773,0.0,0.0,0.0010468451,0.0010306893,0.0010210444,0.0010313179,0.0011071904,0.0010723532,0.0,0.0010468302,0.00103068,0.0010210439,0.0010313179,0.0011071896,0.0,0.0,0.0010468302,0.00103068,0.0010210439,0.0010313179,0.0011071897,0.0010723283,0.001060576,0.0010468302,0.0010393049,0.0010500668,0.0010558125,0.0010675772,0.0,0.0010605765,0.0010468303,0.0010393049,0.0010500668,0.0010558125,0.0010675781,0.0010723285,0.001060576,0.0010468302,0.0010393049,0.0010500668,0.0010558125,0.0010675772,0.0,0.0010605763,0.0010468313,0.001039305,0.0010500668,0.0010558125,0.0010675779,0.0,0.001060576,0.0010468302,0.0010393049,0.0010500668,0.0010558125,0.0010675772,0.0,0.001060576,0.0,0.00103068,0.0010116219,0.0010678985,0.0010790484,0.0,0.001060576,0.0010468302,0.0010393049,0.0010500668,0.0010558125,0.001067578,0.0,0.0,0.0,0.00103068,0.0010116219,0.0010678985,0.0010902813,0.0010723353,0.001060576,0.0,0.00103068,0.0010116219,0.0010678985,0.0010790549,0.0010723915,0.0,0.0,0.0010306799,0.0010116219,0.0010678985,0.0010902808,0.0010723479,0.0,0.0010468302,0.0,0.001060576,0.0010468302,0.0010678986,0.0010723311,0.0,0.0,0.00103068,0.0010116219,0.0010678985,0.0010902792,0.0,0.0010605775,0.0,0.00103068,0.0010116219,0.0010678985,0.0010790466,0.0,0.0,0.0010468316,0.0010605775,0.0,0.00103068,0.0010605763,0.0010723516,0.0010605763,0.0,0.0010306798,0.0010116219,0.0010678985,0.0010790463,0.0,0.0,0.0010468307,0.00103068,0.0010210439,0.0010313179,0.00110719,0.0,0.0,0.0010468302,0.0,0.001060576,0.0010468302,0.0010678985,0.0,0.0010605799,0.0,0.0010605761,0.0,0.001060576,0.0010468307,0.0,0.0,0.0010468479,0.0010306826,0.0010210439,0.0010313179,0.0011071902,0.0,0.0010606108,0.0010605803,0.00105476,0.0010657912,0.0,0.000989066,0.0,0.0010605784,0.0010468311,0.0,0.0010605763,0.0010468304,0.001039308,0.0010723335,0.001060576,0.0010468302,0.0,0.001060576,0.0010468302,0.0010393063,0.0,0.0010605761,0.0010468303,0.0010393049,0.0010500668,0.0010558125,0.0010675772,0.0010723281,0.001060576,0.0010468302,0.0010393049,0.0010500668,0.0010558125,0.0010675772,0.0010723523,0.0,0.0,0.00103068,0.0010116219,0.0010678985,0.0010902791,0.0010723332,0.0,0.0010468302,0.00103068,0.0010210439,0.0010313179,0.0011071899,0.0,0.0010605761,0.0,0.00103068,0.0010116219,0.0010678985,0.0010790462,0.001072342,0.0,0.0010468302,0.00103068,0.0010210439,0.0010313179,0.0011071985,0.0,0.001060576,0.0010468302,0.0010393049,0.0010500668,0.0010558125,0.0010675787,0.0010723288,0.001060576,0.0010468302,0.0010393049,0.0010500668,0.0010558125,0.0010675772,0.0,0.0010605765,0.0010468304,0.0010393049,0.0010500668,0.0010558125,0.0010675773,0.0,0.0,0.0010468302,0.00103068,0.0010210439,0.0010313179,0.0011071897,0.0010723296,0.001060576,0.0,0.0,0.0010605761,0.001060576,0.0010547601,0.0010723557,0.0,0.0010468306,0.0,0.0010605761,0.0010468302,0.0010679027,0.0010724232,0.0,0.0010605763,0.0010468304,0.0010393049,0.0,0.0010605769,0.0,0.0010605758,0.0,0.00103068,0.0010116219,0.0010678985,0.0010790544,0.0010723337,0.0,0.0010468302,0.00103068,0.0010210439,0.0010313182,0.0011072594,0.0010723433,0.0,0.0,0.00103068,0.0010116219,0.0010678985,0.0010902792,0.0,0.0010605761,0.0010468303,0.0010393049,0.0010500668,0.0010558125,0.0010675773,0.0010723231,0.001060576,0.0010468304,0.0,0.0010605758,0.0010468302,0.001039306,0.0010723304,0.0,0.0010468304,0.00103068,0.0010210439,0.0010313179,0.0011071922,0.0010723314,0.0,0.0010468307,0.0010306799,0.0010210439,0.001031318,0.0011071922,0.0,0.0010605762,0.0010605764,0.0010547596,0.001065791,0.0,0.0009891076,0.0010723538,0.0,0.0010468304,0.00103068,0.0010210439,0.0010313179,0.0011071897,0.0010723323,0.0,0.0,0.00103068,0.0010116219,0.0010678985,0.001090281,0.0010723844,0.001060577,0.0,0.0010306808,0.001011622,0.0010678985,0.0010790543,0.0,0.001060576,0.0010468304,0.0010393049,0.0010500668,0.0010558125,0.0010675772,0.0,0.0010605773,0.0,0.00103068,0.0010116219,0.0010678985,0.0010790462,0.0,0.001060576,0.0010468307,0.0010393049,0.0010500668,0.0010558125,0.0010675773,0.0010723415,0.0010605762,0.0010468306,0.001039305,0.0010500668,0.0010558125,0.0010675776,0.0,0.0,0.0,0.00103068,0.0010116219,0.0010678985,0.0010902798,0.001072328,0.001060576,0.0,0.00103068,0.0010116219,0.0010678985,0.0010790473,0.0010723379,0.001060576,0.0010468302,0.0010678985,0.0,0.00103068,0.0010116221,0.0,0.001060576,0.0010468302,0.0010393049,0.0010500668,0.0010558125,0.0010675782,0.0,0.001060576,0.0010468302,0.0010393049,0.0010500668,0.0010558125,0.0010675775,0.0,0.0010605766,0.0010468304,0.0010393049,0.0010500668,0.0010558125,0.0010675796,0.0010723362,0.001060576,0.0010468302,0.0010393049,0.0010500668,0.0010558125,0.0010675776,0.0,0.0,0.0010468302,0.00103068,0.0010210439,0.0010313179,0.0011071904,0.0,0.001060576,0.0010468302,0.0010393049,0.0010500668,0.0010558125,0.0010675772,0.0010724819,0.0010605775,0.0010468306,0.0010393048,0.0010500668,0.0010558125,0.0010675803
k__Bacteria|p__Firmicutes|c__Clostridia|o__Eubacteriales|f__Lachnospiraceae|g__GGB3637|s__GGB3637_SGB4930,0.0,0.0010591468,0.0010454406,0.0010380027,0.0010489654,0.0010548998,0.0010668173,0.0,0.001059147,0.0010454406,0.0010380027,0.0010489654,0.0010548998,0.0010668172,0.0,0.0,0.0010454421,0.0010293338,0.0010197881,0.001030262,0.0011061346,0.0010708746,0.0,0.0010454406,0.0010293332,0.001019788,0.001030262,0.0011061342,0.0,0.0,0.0010454406,0.0010293332,0.001019788,0.001030262,0.0011061343,0.0010708639,0.001059147,0.0010454406,0.0010380027,0.0010489654,0.0010548998,0.0010668169,0.0,0.0010591472,0.0010454406,0.0010380027,0.0010489654,0.0010548998,0.0010668178,0.001070864,0.001059147,0.0010454406,0.0010380027,0.0010489654,0.0010548998,0.0010668171,0.0,0.0010591471,0.0010454407,0.0010380028,0.0010489654,0.0010548998,0.0010668176,0.0,0.001059147,0.0010454406,0.0010380027,0.0010489654,0.0010548998,0.001066817,0.0,0.001059147,0.0,0.0010293332,0.0010103233,0.0010665166,0.0010778679,0.0,0.001059147,0.0010454406,0.0010380025,0.0010489654,0.0010548998,0.0010668177,0.0,0.0,0.0,0.0010293332,0.0010103233,0.0010665166,0.0010890678,0.0010708683,0.001059147,0.0,0.0010293332,0.0010103233,0.0010665166,0.0010778714,0.0010709016,0.0,0.0,0.0010293332,0.0010103233,0.0010665166,0.0010890675,0.001070875,0.0,0.0010454406,0.0,0.001059147,0.0010454406,0.0010665169,0.0010708657,0.0,0.0,0.0010293332,0.0010103233,0.0010665166,0.0010890659,0.0,0.0010591472,0.0,0.0010293332,0.0010103233,0.0010665166,0.001077867,0.0,0.0,0.0010454404,0.0010591475,0.0,0.0010293332,0.0010591474,0.0010708723,0.0010591471,0.0,0.0010293331,0.0010103233,0.0010665166,0.0010778666,0.0,0.0,0.0010454404,0.0010293332,0.001019788,0.001030262,0.0011061347,0.0,0.0,0.0010454406,0.0,0.001059147,0.0010454406,0.0010665169,0.0,0.0010591467,0.0,0.0010591471,0.0,0.001059147,0.0010454407,0.0,0.0,0.001045441,0.0010293331,0.001019788,0.001030262,0.0011061343,0.0,0.0010591497,0.0010591468,0.0010534155,0.0010646485,0.0,0.000987816,0.0,0.0010591473,0.0010454406,0.0,0.0010591472,0.0010454406,0.0010380042,0.0010708653,0.001059147,0.0010454406,0.0,0.001059147,0.0010454406,0.0010380038,0.0,0.0010591471,0.0010454407,0.0010380025,0.0010489654,0.0010548998,0.0010668172,0.0010708639,0.001059147,0.0010454406,0.0010380027,0.0010489654,0.0010548998,0.0010668172,0.0010708779,0.0,0.0,0.0010293332,0.0010103233,0.0010665166,0.0010890659,0.0010708659,0.0,0.0010454406,0.0010293332,0.001019788,0.001030262,0.0011061345,0.0,0.0010591471,0.0,0.0010293332,0.0010103233,0.0010665166,0.0010778665,0.00107087,0.0,0.0010454406,0.0010293332,0.001019788,0.001030262,0.00110614,0.0,0.001059147,0.0010454406,0.0010380027,0.0010489654,0.0010548998,0.0010668184,0.0010708643,0.001059147,0.0010454406,0.0010380027,0.0010489654,0.0010548998,0.0010668169,0.0,0.0010591473,0.0010454406,0.0010380025,0.0010489654,0.0010548998,0.001066817,0.0,0.0,0.0010454406,0.0010293332,0.001019788,0.001030262,0.0011061346,0.0010708648,0.001059147,0.0,0.0,0.0010591471,0.001059147,0.001053416,0.0010708781,0.0,0.0010454404,0.0,0.0010591471,0.0010454406,0.0010665193,0.0010709215,0.0,0.0010591471,0.0010454406,0.0010380025,0.0,0.0010591479,0.0,0.0010591468,0.0,0.0010293332,0.0010103233,0.0010665166,0.001077872,0.0010708662,0.0,0.0010454406,0.0010293332,0.001019788,0.0010302622,0.0011061812,0.0010708676,0.0,0.0,0.0010293332,0.0010103233,0.0010665166,0.0010890659,0.0,0.0010591471,0.0010454407,0.0010380027,0.0010489654,0.0010548998,0.0010668169,0.001070869,0.0010591471,0.0010454406,0.0,0.001059147,0.0010454406,0.0010380035,0.0010708654,0.0,0.0010454406,0.0010293333,0.001019788,0.001030262,0.0011061364,0.0010708652,0.0,0.0010454407,0.0010293331,0.001019788,0.0010302619,0.0011061359,0.0,0.0010591471,0.0010591472,0.0010534155,0.0010646484,0.0,0.0009878464,0.0010708808,0.0,0.0010454406,0.0010293332,0.001019788,0.001030262,0.0011061343,0.0010708667,0.0,0.0,0.0010293332,0.0010103233,0.0010665166,0.0010890674,0.0010708938,0.0010591473,0.0,0.0010293336,0.0010103234,0.0010665166,0.0010778726,0.0,0.0010591471,0.0010454406,0.0010380025,0.0010489654,0.0010548998,0.0010668169,0.0,0.0010591467,0.0,0.0010293332,0.0010103233,0.0010665166,0.0010778665,0.0,0.0010591471,0.0010454407,0.0010380025,0.0010489654,0.0010548998,0.0010668172,0.0010708716,0.001059147,0.0010454403,0.0010380027,0.0010489654,0.0010548998,0.0010668173,0.0,0.0,0.0,0.0010293332,0.0010103233,0.0010665166,0.0010890665,0.0010708637,0.001059147,0.0,0.0010293332,0.0010103233,0.0010665166,0.0010778672,0.0010708678,0.0010591471,0.0010454406,0.0010665166,0.0,0.0010293332,0.0010103239,0.0,0.001059147,0.0010454406,0.0010380025,0.0010489654,0.0010548998,0.0010668178,0.0,0.001059147,0.0010454406,0.0010380025,0.0010489654,0.0010548998,0.0010668172,0.0,0.0010591472,0.0010454406,0.0010380025,0.0010489654,0.0010548998,0.001066819,0.0010708678,0.001059147,0.0010454406,0.0010380025,0.0010489654,0.0010548998,0.0010668174,0.0,0.0,0.0010454406,0.0010293332,0.001019788,0.001030262,0.0011061347,0.0,0.001059147,0.0010454406,0.0010380027,0.0010489654,0.0010548998,0.001066817,0.001070936,0.0010591473,0.0010454403,0.0010380025,0.0010489654,0.0010548998,0.0010668194
k__Bacteria|p__Firmicutes|c__Bacilli|o__Bacillales|f__Staphylococcaceae|g__Staphylococcus|s__Staphylococcus_lugdunensis,0.0,0.0010603602,0.0010467366,0.0010393949,0.0010504852,0.0010565524,0.0010685446,0.0,0.0010603603,0.0010467366,0.0010393949,0.0010504852,0.0010565524,0.0010685445,0.0,0.0,0.0010467431,0.0010307181,0.0010212691,0.0010318784,0.0011073947,0.0010720373,0.0,0.0010467366,0.0010307147,0.0010212688,0.0010318784,0.0011073934,0.0,0.0,0.0010467366,0.0010307147,0.0010212688,0.0010318784,0.0011073934,0.0010719978,0.0010603602,0.0010467366,0.0010393949,0.0010504852,0.0010565524,0.0010685446,0.0,0.0010603608,0.0010467365,0.0010393949,0.0010504852,0.0010565524,0.0010685462,0.0010719977,0.0010603602,0.0010467366,0.0010393949,0.0010504852,0.0010565524,0.0010685446,0.0,0.0010603605,0.0010467375,0.001039395,0.0010504852,0.0010565524,0.0010685452,0.0,0.0010603603,0.0010467366,0.0010393949,0.0010504852,0.0010565524,0.0010685446,0.0,0.0010603603,0.0,0.0010307147,0.0010117918,0.0010677374,0.0010792013,0.0,0.0010603602,0.0010467366,0.0010393949,0.0010504852,0.0010565524,0.0010685454,0.0,0.0,0.0,0.0010307147,0.0010117918,0.0010677374,0.0010903111,0.0010720094,0.0010603603,0.0,0.0010307147,0.0010117918,0.0010677374,0.0010792093,0.0010720919,0.0,0.0,0.0010307148,0.0010117918,0.0010677374,0.0010903107,0.0010720275,0.0,0.0010467366,0.0,0.0010603602,0.0010467366,0.0010677375,0.0010720007,0.0,0.0,0.0010307147,0.0010117918,0.0010677374,0.001090309,0.0,0.001060361,0.0,0.0010307147,0.0010117918,0.0010677374,0.0010791991,0.0,0.0,0.0010467375,0.0010603612,0.0,0.0010307147,0.0010603606,0.0010720155,0.0010603605,0.0,0.0010307147,0.0010117918,0.0010677374,0.0010791987,0.0,0.0,0.0010467368,0.0010307147,0.0010212688,0.0010318784,0.0011073941,0.0,0.0,0.0010467366,0.0,0.0010603602,0.0010467366,0.0010677376,0.0,0.0010603617,0.0,0.0010603603,0.0,0.0010603602,0.0010467367,0.0,0.0,0.0010467402,0.0010307152,0.0010212688,0.0010318784,0.0011073943,0.0,0.00106037,0.0010603617,0.0010547205,0.001066073,0.0,0.0009893778,0.0,0.0010603616,0.0010467372,0.0,0.0010603605,0.0010467367,0.0010393984,0.0010720035,0.0010603602,0.0010467366,0.0,0.0010603602,0.0010467366,0.0010393966,0.0,0.0010603605,0.0010467367,0.0010393949,0.0010504852,0.0010565524,0.0010685447,0.0010719978,0.0010603602,0.0010467366,0.0010393949,0.0010504852,0.0010565524,0.0010685446,0.00107203,0.0,0.0,0.0010307147,0.0010117918,0.0010677374,0.0010903088,0.0010720022,0.0,0.0010467366,0.0010307147,0.0010212688,0.0010318784,0.001107394,0.0,0.0010603603,0.0,0.0010307147,0.0010117918,0.0010677374,0.0010791983,0.0010720169,0.0,0.0010467366,0.0010307147,0.0010212688,0.0010318784,0.001107406,0.0,0.0010603602,0.0010467366,0.0010393949,0.0010504852,0.0010565524,0.0010685471,0.0010719987,0.0010603602,0.0010467366,0.0010393949,0.0010504852,0.0010565524,0.0010685446,0.0,0.0010603605,0.0010467367,0.0010393949,0.0010504852,0.0010565524,0.0010685446,0.0,0.0,0.0010467366,0.0010307147,0.0010212688,0.0010318784,0.0011073938,0.0010720002,0.0010603602,0.0,0.0,0.0010603603,0.0010603603,0.0010547211,0.001072041,0.0,0.0010467368,0.0,0.0010603603,0.0010467366,0.0010677439,0.0010721491,0.0,0.0010603603,0.0010467367,0.0010393949,0.0,0.0010603614,0.0,0.0010603601,0.0,0.0010307147,0.0010117918,0.0010677374,0.0010792091,0.0010720037,0.0,0.0010467366,0.0010307147,0.0010212688,0.0010318789,0.0011074835,0.0010720142,0.0,0.0,0.0010307147,0.0010117918,0.0010677374,0.0010903089,0.0,0.0010603603,0.0010467367,0.0010393949,0.0010504852,0.0010565524,0.0010685445,0.0010720281,0.0010603603,0.0010467367,0.0,0.0010603602,0.0010467366,0.0010393959,0.0010720005,0.0,0.0010467367,0.0010307148,0.0010212688,0.0010318784,0.0011073969,0.0010720014,0.0,0.0010467367,0.0010307147,0.0010212688,0.0010318785,0.0011073967,0.0,0.0010603603,0.0010603603,0.0010547206,0.0010660728,0.0,0.0009894208,0.0010720354,0.0,0.0010467364,0.0010307147,0.0010212688,0.0010318784,0.0011073934,0.0010720029,0.0,0.0,0.0010307147,0.0010117918,0.0010677374,0.0010903109,0.0010720802,0.0010603609,0.0,0.0010307154,0.0010117919,0.0010677372,0.0010792091,0.0,0.0010603603,0.0010467367,0.0010393949,0.0010504852,0.0010565524,0.0010685446,0.0,0.0010603609,0.0,0.0010307147,0.0010117918,0.0010677374,0.0010791983,0.0,0.0010603603,0.0010467368,0.0010393949,0.0010504852,0.0010565524,0.0010685447,0.0010720157,0.0010603602,0.0010467367,0.001039395,0.0010504852,0.0010565524,0.001068545,0.0025386408,0.0,0.0,0.0010307147,0.0010117918,0.0010677374,0.0010903096,0.0010719973,0.0010603602,0.0,0.0010307147,0.0010117918,0.0010677374,0.0010792001,0.0010720097,0.0010603603,0.0010467366,0.0010677374,0.0,0.0010307147,0.001011792,0.0,0.0010603602,0.0010467366,0.0010393949,0.0010504852,0.0010565524,0.0010685461,0.0,0.0010603602,0.0010467366,0.0010393949,0.0010504852,0.0010565524,0.0010685448,0.0,0.0010603606,0.0010467367,0.0010393949,0.0010504852,0.0010565524,0.001068548,0.0010720062,0.0010603602,0.0010467366,0.0010393949,0.0010504852,0.0010565524,0.0010685453,0.0,0.0,0.0010467366,0.0010307147,0.0010212688,0.0010318784,0.0011073942,0.0,0.0010603602,0.0010467366,0.0010393949,0.0010504852,0.0010565524,0.0010685446,0.0010722568,0.0010603612,0.0010467367,0.0010393949,0.0010504852,0.0010565524,0.0010685488
k__Bacteria|p__Firmicutes|c__Bacilli|o__Lactobacillales|f__Lactobacillaceae|g__Limosilactobacillus|s__Limosilactobacillus_urinaemulieris,0.0,0.0010603027,0.0010466062,0.0010391584,0.0010500653,0.0010559519,0.0010678191,0.0,0.001060303,0.0010466062,0.0010391584,0.0010500653,0.0010559519,0.001067819,0.0,0.0,0.0010466095,0.0010305097,0.0010209522,0.0010313735,0.0011071179,0.0010720117,0.0,0.0010466062,0.0010305077,0.0010209521,0.0010313735,0.0011071179,0.0,0.0,0.0010466062,0.0010305077,0.0010209521,0.0010313735,0.0011071179,0.0010720087,0.0010603028,0.0010466062,0.0010391584,0.0010500653,0.0010559519,0.001067819,0.0,0.0010603028,0.0010466062,0.0010391584,0.0010500653,0.0010559519,0.0010678188,0.0010720089,0.0010603028,0.0010466062,0.0010391584,0.0010500653,0.0010559519,0.001067819,0.0,0.0010603027,0.0010466063,0.0010391587,0.0010500653,0.0010559519,0.0010678192,0.0,0.001060303,0.0010466062,0.0010391584,0.0010500653,0.0010559519,0.001067819,0.0,0.001060303,0.0,0.0010305077,0.0010115043,0.0010676513,0.0010789393,0.0,0.0010603028,0.0010466062,0.0010391584,0.0010500653,0.0010559519,0.001067819,0.002438834,0.0,0.0,0.0010305077,0.0010115043,0.0010676513,0.0010901232,0.0010720094,0.001060303,0.0,0.0010305077,0.0010115043,0.0010676513,0.0010789417,0.0010720341,0.0,0.0,0.0010305075,0.0010115043,0.0010676513,0.0010901231,0.0010720141,0.0,0.0010466062,0.0,0.0010603028,0.0010466062,0.0010676513,0.0010720089,0.0,0.0,0.0010305077,0.0010115043,0.0010676513,0.0010901233,0.0,0.0010603031,0.0,0.0010305077,0.0010115043,0.0010676513,0.0010789387,0.0,0.0,0.001046606,0.001060303,0.0,0.0010305077,0.0010603026,0.0010720106,0.0010603027,0.0,0.0010305077,0.0010115043,0.0010676513,0.0010789387,0.0,0.0,0.0010466063,0.0010305077,0.0010209521,0.0010313735,0.001107118,0.0,0.0,0.0010466062,0.0,0.0010603028,0.0010466062,0.0010676512,0.0,0.0010603026,0.0,0.0010603031,0.0,0.0010603028,0.0010466063,0.0,0.0,0.0010466095,0.0010305081,0.001020952,0.0010313735,0.0011071174,0.0,0.0010603135,0.0010603035,0.0010545611,0.0010657352,0.0,0.0009889972,0.0,0.0010603031,0.0010466061,0.0,0.0010603028,0.0010466062,0.0010391593,0.0010720077,0.0010603028,0.0010466062,0.0,0.0010603028,0.0010466062,0.0010391591,0.0,0.001060303,0.0010466063,0.0010391584,0.0010500653,0.0010559519,0.0010678187,0.0010720089,0.0010603028,0.0010466062,0.0010391584,0.0010500653,0.0010559519,0.001067819,0.0010720141,0.0,0.0,0.0010305077,0.0010115043,0.0010676513,0.0010901233,0.0010720106,0.0,0.0010466062,0.0010305077,0.0010209521,0.0010313735,0.0011071176,0.0,0.0010603031,0.0,0.0010305077,0.0010115043,0.0010676513,0.0010789387,0.0010720103,0.0,0.0010466062,0.0010305077,0.0010209521,0.0010313735,0.0011071204,0.0,0.0010603028,0.0010466062,0.0010391584,0.0010500653,0.0010559519,0.0010678195,0.0010720089,0.0010603028,0.0010466062,0.0010391584,0.0010500653,0.0010559519,0.001067819,0.0,0.001060303,0.0010466062,0.0010391584,0.0010500653,0.0010559519,0.0010678188,0.0,0.0,0.0010466062,0.0010305077,0.0010209521,0.0010313735,0.0011071176,0.0010720085,0.0010603028,0.0,0.0,0.0010603031,0.001060303,0.0010545612,0.0010720111,0.0,0.0010466061,0.0,0.0010603031,0.0010466062,0.0010676512,0.001072048,0.0,0.001060303,0.0010466062,0.0010391584,0.0,0.0010603027,0.0,0.0010603028,0.0,0.0010305077,0.0010115043,0.0010676513,0.0010789398,0.0010720086,0.0,0.0010466062,0.0010305077,0.001020952,0.0010313737,0.0011071359,0.0010720086,0.0,0.0,0.0010305077,0.0010115043,0.0010676513,0.0010901232,0.0,0.0010603031,0.0010466063,0.0010391584,0.0010500653,0.0010559519,0.001067819,0.0010720053,0.001060303,0.0010466062,0.0,0.0010603028,0.0010466062,0.0010391588,0.0010720093,0.0,0.0010466062,0.0010305075,0.0010209521,0.0010313735,0.0011071176,0.0010720085,0.0,0.0010466063,0.0010305076,0.001020952,0.0010313736,0.001107118,0.0,0.0010603027,0.0010603031,0.0010545612,0.0010657351,0.0,0.0009890194,0.0010720197,0.0,0.0010466062,0.0010305077,0.0010209521,0.0010313735,0.0011071179,0.0010720086,0.0,0.0,0.0010305077,0.0010115043,0.0010676513,0.0010901232,0.0010720245,0.0010603031,0.0,0.001030508,0.0010115043,0.0010676513,0.0010789407,0.0,0.001060303,0.0010466062,0.0010391584,0.0010500653,0.0010559519,0.001067819,0.0,0.0010603027,0.0,0.0010305077,0.0010115043,0.0010676513,0.0010789387,0.0,0.001060303,0.0010466063,0.0010391584,0.0010500653,0.0010559519,0.0010678191,0.0010720111,0.0010603026,0.0010466062,0.0010391583,0.0010500653,0.0010559519,0.0010678188,0.0,0.0,0.0,0.0010305077,0.0010115043,0.0010676513,0.0010901233,0.0010720089,0.0010603028,0.0,0.0010305077,0.0010115043,0.0010676513,0.0010789388,0.0010720087,0.001060303,0.0010466062,0.0010676513,0.0,0.0010305077,0.0010115044,0.0,0.0010603028,0.0010466062,0.0010391584,0.0010500653,0.0010559519,0.0010678193,0.0,0.0010603028,0.0010466062,0.0010391584,0.0010500653,0.0010559519,0.0010678187,0.0,0.0010603028,0.0010466062,0.0010391584,0.0010500653,0.0010559519,0.0010678197,0.0010720106,0.0010603028,0.0010466062,0.0010391584,0.0010500653,0.0010559519,0.0010678191,0.0,0.0,0.0010466062,0.0010305077,0.0010209521,0.0010313735,0.0011071177,0.0,0.0010603028,0.0010466062,0.0010391584,0.0010500653,0.0010559519,0.001067819,0.0010720595,0.001060303,0.001046606,0.0010391584,0.0010500653,0.0010559519,0.0010678195
k__Bacteria|p__Firmicutes|c__Bacilli|o__Lactobacillales|f__Streptococcaceae|g__Streptococcus|s__Streptococcus_gallolyticus,0.0,0.0010597543,0.0010461686,0.0010388949,0.0010501245,0.0010563253,0.0010684194,0.0,0.0010597545,0.0010461686,0.0010388949,0.0010501245,0.0010563253,0.0010684195,0.0,0.0,0.0010461769,0.0010301922,0.0010208122,0.0010315621,0.0011070125,0.0010713962,0.0,0.0010461686,0.0010301872,0.0010208118,0.0010315621,0.0011070123,0.0,0.0,0.0010461686,0.0010301872,0.0010208118,0.0010315621,0.0011070124,0.001071357,0.0010597544,0.0010461686,0.0010388949,0.0010501245,0.0010563253,0.0010684194,0.0,0.0010597548,0.0010461686,0.0010388949,0.0010501245,0.0010563253,0.0010684199,0.0010713574,0.0010597544,0.0010461686,0.0010388949,0.0010501245,0.0010563253,0.0010684195,0.0,0.0010597545,0.001046169,0.001038895,0.0010501245,0.0010563253,0.00106842,0.0,0.0010597545,0.0010461686,0.0010388949,0.0010501245,0.0010563253,0.0010684195,0.0,0.0010597545,0.0,0.0010301872,0.0010113076,0.0010671604,0.0010787591,0.0,0.0010597544,0.0010461686,0.0010388949,0.0010501245,0.0010563253,0.0010684198,0.0,0.0,0.0,0.0010301872,0.0010113076,0.0010671604,0.0010898336,0.001071369,0.0010597545,0.0,0.0010301872,0.0010113076,0.0010671604,0.0010787616,0.0010714347,0.0,0.0,0.0010301874,0.0010113079,0.0010671604,0.0010898336,0.0010713855,0.0,0.0010461686,0.0,0.0010597544,0.0010461686,0.0010671604,0.0010713601,0.0,0.0,0.0010301872,0.0010113076,0.0010671604,0.0010898332,0.0,0.0010597556,0.0,0.0010301872,0.0010113076,0.0010671604,0.0010787585,0.0,0.0,0.0010461686,0.0010597552,0.0,0.0010301872,0.0010597548,0.0010713782,0.0010597545,0.0,0.0010301872,0.0010113079,0.0010671604,0.0010787585,0.0,0.0,0.0010461686,0.0010301872,0.0010208118,0.0010315621,0.0011070124,0.0,0.0,0.0010461686,0.0,0.0010597544,0.0010461686,0.0010671603,0.0,0.0010597557,0.0,0.0010597549,0.0,0.0010597544,0.0010461687,0.0,0.0,0.0010461773,0.0010301886,0.001020812,0.0010315621,0.001107012,0.0,0.0010597783,0.001059757,0.0010541808,0.0010656714,0.0,0.0009889315,0.0,0.0010597553,0.0010461689,0.0,0.0010597546,0.0010461687,0.0010388963,0.0010713643,0.0010597544,0.0010461686,0.0,0.0010597544,0.0010461686,0.0010388956,0.0,0.0010597548,0.0010461687,0.0010388949,0.0010501245,0.0010563253,0.0010684195,0.0010713573,0.0010597544,0.0010461686,0.0010388949,0.0010501245,0.0010563253,0.0010684195,0.0010713845,0.0,0.0,0.0010301872,0.0010113076,0.0010671604,0.0010898332,0.0010713625,0.0,0.0010461686,0.0010301872,0.0010208118,0.0010315621,0.0011070122,0.0,0.0010597546,0.0,0.0010301872,0.0010113076,0.0010671604,0.0010787584,0.0010713761,0.0,0.0010461686,0.0010301872,0.0010208118,0.0010315621,0.0011070154,0.0,0.0010597544,0.0010461686,0.0010388949,0.0010501245,0.0010563253,0.0010684201,0.0010713584,0.0010597544,0.0010461686,0.0010388949,0.0010501245,0.0010563253,0.0010684194,0.0,0.0010597548,0.0010461687,0.0010388949,0.0010501245,0.0010563253,0.0010684194,0.0,0.0,0.0010461686,0.0010301872,0.0010208118,0.0010315621,0.0011070123,0.0010713605,0.0010597544,0.0,0.0,0.0010597546,0.0010597545,0.0010541806,0.0010713986,0.0,0.0010461687,0.0,0.0010597549,0.0010461686,0.0010671621,0.0010714808,0.0,0.0010597546,0.0010461687,0.0010388949,0.0,0.0010597549,0.0,0.0010597546,0.0,0.0010301872,0.0010113076,0.0010671604,0.0010787633,0.001071363,0.0,0.0010461686,0.0010301872,0.001020812,0.0010315625,0.0011070356,0.00107137,0.0,0.0,0.0010301872,0.0010113076,0.0010671604,0.0010898332,0.0,0.0010597549,0.0010461687,0.0010388949,0.0010501245,0.0010563253,0.0010684195,0.0010714042,0.0010597549,0.0010461687,0.0,0.0010597544,0.0010461686,0.0010388958,0.00107136,0.0,0.0010461687,0.0010301871,0.0010208118,0.0010315621,0.0011070124,0.0010713607,0.0,0.0010461687,0.0010301872,0.001020812,0.0010315622,0.0011070127,0.0,0.0010597549,0.0010597546,0.0010541806,0.0010656714,0.0,0.0009889553,0.0010713949,0.0,0.0010461687,0.0010301872,0.0010208118,0.0010315621,0.0011070124,0.0010713628,0.0,0.0,0.0010301872,0.0010113076,0.0010671604,0.0010898337,0.0010714321,0.0010597551,0.19029836,0.0010301879,0.0010113076,0.0010671604,0.0010787614,0.0,0.0010597545,0.0010461687,0.0010388949,0.0010501245,0.0010563253,0.0010684194,0.0,0.0010597551,0.0,0.0010301872,0.0010113076,0.0010671604,0.0010787584,0.0,0.0010597548,0.0010461686,0.0010388949,0.0010501245,0.0010563253,0.0010684195,0.0010713696,0.0010597545,0.0010461686,0.001038895,0.0010501245,0.0010563253,0.0010684197,0.0,0.0,0.0,0.0010301872,0.0010113076,0.0010671604,0.0010898336,0.0010713568,0.0010597544,0.0,0.0010301872,0.0010113076,0.0010671604,0.0010787589,0.0010713671,0.0010597545,0.0010461686,0.0010671604,0.0,0.0010301872,0.001011308,0.0,0.0010597544,0.0010461686,0.0010388949,0.0010501245,0.0010563253,0.0010684197,0.0,0.0010597544,0.0010461686,0.0010388949,0.0010501245,0.0010563253,0.0010684195,0.0,0.0010597549,0.0010461687,0.0010388949,0.0010501245,0.0010563253,0.0010684207,0.0010713659,0.0010597544,0.0010461686,0.0010388949,0.0010501245,0.0010563253,0.0010684198,0.0,0.0,0.0010461686,0.0010301872,0.0010208118,0.0010315621,0.0011070125,0.0,0.0010597544,0.0010461686,0.0010388949,0.0010501245,0.0010563253,0.0010684195,0.0010715546,0.0010597552,0.0010461686,0.0010388949,0.0010501245,0.0010563253,0.0010684207
k__Bacteria|p__Firmicutes|c__Clostridia|o__Eubacteriales|f__Lachnospiraceae|g__Anaerosporobacter|s__Anaerosporobacter_mobilis,0.0,0.0010598,0.0010460878,0.0010386276,0.0010495292,0.0010554078,0.0010672765,0.0,0.0010598003,0.0010460878,0.0010386276,0.0010495292,0.0010554078,0.0010672763,0.0,0.0,0.0010460881,0.0010299733,0.0010204049,0.0010308189,0.0011066544,0.0010715438,0.0,0.0010460878,0.0010299735,0.0010204051,0.0010308189,0.0011066542,0.0,0.0,0.0010460878,0.0010299735,0.0010204051,0.0010308189,0.0011066542,0.0010715218,0.0010598002,0.0010460878,0.0010386276,0.0010495292,0.0010554078,0.0010672763,0.0,0.0010598002,0.001046088,0.0010386276,0.0010495292,0.0010554078,0.001067277,0.0010715222,0.0010598002,0.0010460878,0.0010386276,0.0010495292,0.0010554078,0.0010672765,0.0,0.0010598003,0.001046088,0.0010386276,0.0010495292,0.0010554078,0.001067277,0.0,0.0010598003,0.0010460878,0.0010386276,0.0010495292,0.0010554078,0.0010672765,0.0,0.0010598003,0.0,0.0010299735,0.0010109546,0.0010671533,0.0010784407,0.0,0.0010598002,0.0010460878,0.0010386276,0.0010495292,0.0010554078,0.0010672769,0.0,0.0,0.0,0.0010299735,0.0010109546,0.0010671533,0.0010896432,0.0010715285,0.0010598003,0.0,0.0010299735,0.0010109546,0.0010671533,0.0010784438,0.0010715672,0.0,0.0,0.0010299733,0.0010109546,0.0010671533,0.0010896433,0.0010715375,0.0,0.0010460878,0.0,0.0010598002,0.0010460878,0.0010671532,0.0010715233,0.0,0.0,0.0010299735,0.0010109546,0.0010671533,0.0010896425,0.0,0.0010598,0.0,0.0010299735,0.0010109546,0.0010671533,0.0010784402,0.0,0.0,0.0010460876,0.0010597999,0.0,0.0010299735,0.0010598003,0.0010715285,0.0010598,0.0,0.0010299734,0.0010109546,0.0010671533,0.0010784398,0.0,0.0,0.0010460881,0.0010299735,0.0010204051,0.0010308189,0.0011066543,0.0,0.0,0.0010460878,0.0,0.0010598002,0.0010460878,0.0010671532,0.0,0.0010597997,0.0,0.0010598004,0.0,0.0010598002,0.001046088,0.0,0.0,0.0010460838,0.0010299733,0.0010204049,0.0010308189,0.0011066543,0.0,0.0010597993,0.0010597999,0.0010540466,0.0010652177,0.0,0.0009884348,0.0,0.0010598003,0.0010460875,0.0,0.0010598003,0.0010460878,0.0010386287,0.0010715238,0.0010598002,0.0010460878,0.0,0.0010598002,0.0010460878,0.0010386284,0.0,0.0010598003,0.001046088,0.0010386276,0.0010495292,0.0010554078,0.0010672763,0.001071522,0.0010598002,0.0010460878,0.0010386276,0.0010495292,0.0010554078,0.0010672765,0.0010715374,0.0,0.0,0.0010299735,0.0010109546,0.0010671533,0.0010896424,0.0010715234,0.0,0.0010460878,0.0010299735,0.0010204051,0.0010308189,0.0011066542,0.0,0.0010598004,0.0,0.0010299735,0.0010109546,0.0010671533,0.0010784399,0.001071532,0.0,0.0010460878,0.0010299735,0.0010204051,0.0010308189,0.0011066569,0.0,0.0010598002,0.0010460878,0.0010386276,0.0010495292,0.0010554078,0.0010672779,0.0010715225,0.0010598002,0.0010460878,0.0010386276,0.0010495292,0.0010554078,0.0010672763,0.0,0.0010598002,0.0010460878,0.0010386273,0.0010495292,0.0010554078,0.0010672765,0.0,0.0,0.0010460878,0.0010299735,0.0010204051,0.0010308189,0.0011066543,0.0010715241,0.0010598002,0.0,0.0,0.0010598004,0.0010598003,0.0010540471,0.0010715463,0.0,0.0010460877,0.0,0.0010598004,0.0010460878,0.0010671545,0.0010715997,0.0,0.0010598004,0.0010460878,0.0010386273,0.0,0.0010598006,0.0,0.0010598002,0.0,0.0010299735,0.0010109546,0.0010671532,0.0010784436,0.0010715241,0.0,0.0010460878,0.0010299735,0.0010204049,0.0010308191,0.0011066733,0.001071526,0.0,0.0,0.0010299735,0.0010109546,0.0010671533,0.0010896425,0.0,0.0010598004,0.001046088,0.0010386276,0.0010495292,0.0010554078,0.0010672763,0.0010715531,0.0010598003,0.0010460878,0.0,0.0010598002,0.0010460878,0.0010386277,0.0010715233,0.0,0.0010460878,0.0010299732,0.0010204051,0.0010308189,0.0011066552,0.0010715239,0.0,0.001046088,0.0010299734,0.0010204049,0.0010308189,0.001106655,0.0,0.0010598003,0.0010598004,0.0010540467,0.0010652178,0.0,0.0009884584,0.0010715463,0.0,0.0010460878,0.0010299735,0.0010204051,0.0010308189,0.0011066542,0.0010715254,0.0,0.0,0.0010299735,0.0010109546,0.0010671533,0.0010896432,0.0010715596,0.0010598,0.0,0.0010299736,0.0010109547,0.0010671533,0.0010784436,0.0,0.0010598003,0.0010460878,0.0010386276,0.0010495292,0.0010554078,0.0010672763,0.0,0.0010598,0.0,0.0010299735,0.0010109546,0.0010671533,0.0010784399,0.0,0.0010598003,0.0010460881,0.0010386273,0.0010495292,0.0010554078,0.0010672765,0.00107153,0.0010598003,0.0010460878,0.0010386276,0.0010495292,0.0010554078,0.0010672768,0.0,0.0,0.0,0.0010299735,0.0010109546,0.0010671533,0.0010896428,0.0010715219,0.0010598002,0.0,0.0010299735,0.0010109546,0.0010671533,0.0010784406,0.0010715285,0.0010598003,0.0010460878,0.0010671533,0.0,0.0010299735,0.0010109552,0.0,0.0010598002,0.0010460878,0.0010386273,0.0010495292,0.0010554078,0.001067277,0.0,0.0010598002,0.0010460878,0.0010386273,0.0010495292,0.0010554078,0.0010672766,0.0,0.0010597999,0.0010460878,0.0010386273,0.0010495292,0.0010554078,0.001067278,0.001071525,0.0010598002,0.0010460878,0.0010386276,0.0010495292,0.0010554078,0.0010672766,0.0,0.0,0.0010460878,0.0010299735,0.0010204051,0.0010308189,0.0011066544,0.0,0.0010598002,0.0010460878,0.0010386276,0.0010495292,0.0010554078,0.0010672765,0.0010716644,0.0010598003,0.0010460875,0.0010386273,0.0010495292,0.0010554078,0.0010672784
k__Bacteria|p__Firmicutes|c__Bacilli|o__Lactobacillales|f__Enterococcaceae|g__Enterococcus|s__Enterococcus_cecorum,0.0,0.0010619687,0.001048331,0.0010409344,0.0010518754,0.0010578049,0.0010696783,0.0,0.0010619689,0.001048331,0.0010409344,0.0010518754,0.0010578049,0.0010696783,0.0,0.0,0.0010483492,0.0010323055,0.0010227902,0.0010332523,0.0011086748,0.0010736362,0.0,0.001048331,0.0010322919,0.0010227893,0.0010332523,0.0011086747,0.0,0.0,0.001048331,0.0010322919,0.0010227893,0.0010332523,0.0011086743,0.0010736174,0.0010619687,0.001048331,0.0010409344,0.0010518754,0.0010578049,0.0010696783,0.0,0.0010619691,0.0010483311,0.0010409344,0.0010518754,0.0010578049,0.0010696782,0.0010736175,0.0010619687,0.001048331,0.0010409344,0.0010518754,0.0010578049,0.0010696783,0.0,0.001061969,0.0010483315,0.0010409346,0.0010518754,0.0010578049,0.0010696789,0.0,0.0010619689,0.001048331,0.0010409344,0.0010518754,0.0010578049,0.0010696783,0.0,0.0010619689,0.0,0.0010322919,0.0010133475,0.0010693049,0.0010806122,0.0,0.0010619687,0.001048331,0.0010409344,0.0010518754,0.0010578049,0.0010696786,0.0,0.0,0.0,0.0010322919,0.0010133475,0.0010693049,0.0010917304,0.0010736209,0.0010619689,0.0,0.0010322919,0.0010133475,0.0010693049,0.0010806166,0.0010736535,0.0,0.0,0.001032292,0.0010133475,0.0010693049,0.0010917297,0.0010736301,0.0,0.001048331,0.0,0.0010619687,0.001048331,0.0010693048,0.001073619,0.0,0.0,0.0010322919,0.0010133475,0.0010693049,0.0010917292,0.0,0.0010619704,0.0,0.0010322919,0.0010133475,0.0010693049,0.0010806111,0.0,0.0,0.001048332,0.0010619698,0.0,0.0010322919,0.0010619687,0.0010736381,0.0010619692,0.0,0.0010322919,0.0010133475,0.0010693049,0.0010806111,0.0,0.0,0.0010483313,0.0010322919,0.0010227893,0.0010332523,0.0011086751,0.0,0.0,0.001048331,0.0,0.0010619687,0.001048331,0.0010693048,0.0,0.0010619742,0.0,0.001061969,0.0,0.0010619687,0.0010483311,0.0,0.0,0.0010483521,0.0010322958,0.0010227894,0.0010332523,0.0011086749,0.0,0.0010620188,0.0010619743,0.0010562763,0.0010674759,0.0,0.0009909004,0.0,0.0010619712,0.0010483322,0.0,0.0010619693,0.0010483311,0.0010409364,0.0010736218,0.0010619687,0.001048331,0.0,0.0010619687,0.001048331,0.0010409354,0.0,0.001061969,0.0010483311,0.0010409344,0.0010518754,0.0010578049,0.0010696783,0.0010736175,0.0010619687,0.001048331,0.0010409344,0.0010518754,0.0010578049,0.0010696783,0.0010736283,0.0,0.0,0.0010322919,0.0010133475,0.0010693049,0.001091729,0.0010736209,0.0,0.001048331,0.0010322919,0.0010227893,0.0010332523,0.0011086747,0.0,0.001061969,0.0,0.0010322919,0.0010133475,0.0010693049,0.0010806111,0.001073627,0.0,0.001048331,0.0010322919,0.0010227893,0.0010332523,0.0011086795,0.0,0.0010619687,0.001048331,0.0010409344,0.0010518754,0.0010578049,0.0010696792,0.0010736177,0.0010619687,0.001048331,0.0010409344,0.0010518754,0.0010578049,0.0010696783,0.0,0.0010619694,0.0010483311,0.0010409344,0.0010518754,0.0010578049,0.0010696783,0.0,0.0,0.001048331,0.0010322919,0.0010227893,0.0010332523,0.0011086748,0.0010736185,0.0010619687,0.0,0.0,0.001061969,0.0010619689,0.0010562758,0.001073639,0.0,0.0010483315,0.0,0.001061969,0.001048331,0.0010693066,0.0010736784,0.0,0.0010619689,0.0010483311,0.0010409344,0.0,0.0010619692,0.0,0.0010619687,0.0,0.0010322919,0.0010133475,0.0010693049,0.0010806134,0.0010736203,0.0,0.001048331,0.0010322919,0.0010227894,0.0010332527,0.001108715,0.00107363,0.0,0.0,0.0010322919,0.0010133475,0.0010693049,0.001091729,0.0,0.001061969,0.0010483311,0.0010409344,0.0010518754,0.0010578049,0.0010696783,0.0010736194,0.001061969,0.0010483311,0.0,0.0010619689,0.001048331,0.0010409353,0.0010736184,0.0,0.0010483311,0.001032292,0.0010227893,0.0010332523,0.0011086754,0.0010736197,0.0,0.0010483311,0.0010322919,0.0010227894,0.0010332525,0.001108675,0.0,0.001061969,0.001061969,0.0010562756,0.0010674759,0.0,0.0009909384,0.0010736356,0.0,0.0010483311,0.0010322919,0.0010227893,0.0010332523,0.0011086743,0.001073621,0.0,0.0,0.0010322919,0.0010133475,0.0010693049,0.0010917301,0.0010736443,0.0010619694,0.0,0.0010322927,0.0010133475,0.0010693048,0.0010806156,0.0,0.0010619689,0.0010483311,0.0010409344,0.0010518754,0.0010578049,0.0010696783,0.0,0.0010619704,0.0,0.0010322919,0.0010133475,0.0010693049,0.0010806111,0.0,0.0010619689,0.0010483313,0.0010409344,0.0010518754,0.0010578049,0.0010696785,0.0010736244,0.0010619687,0.0010483311,0.0010409347,0.0010518754,0.0010578049,0.0010696783,0.0,0.0,0.0,0.0010322919,0.0010133475,0.0010693049,0.0010917294,0.0010736173,0.0010619687,0.0,0.0010322919,0.0010133475,0.0010693049,0.0010806115,0.0010736254,0.0010619689,0.001048331,0.0010693049,0.0,0.0010322919,0.0010133476,0.0,0.0010619687,0.001048331,0.0010409344,0.0010518754,0.0010578049,0.0010696788,0.0,0.0010619687,0.001048331,0.0010409344,0.0010518754,0.0010578049,0.0010696785,0.0,0.0010619694,0.0010483311,0.0010409344,0.0010518754,0.0010578049,0.0010696795,0.0010736225,0.0010619687,0.001048331,0.0010409344,0.0010518754,0.0010578049,0.0010696787,0.0,0.0,0.001048331,0.0010322919,0.0010227893,0.0010332523,0.0011086747,0.0,0.0010619687,0.001048331,0.0010409344,0.0010518754,0.0010578049,0.0010696783,0.0010737813,0.0010619707,0.0010483311,0.0010409345,0.0010518754,0.0010578049,0.00106968
k__Bacteria|p__Firmicutes|c__Clostridia|o__Eubacteriales|f__Oscillospiraceae|g__Fournierella|s__Fournierella_massiliensis,0.0,0.0010595701,0.0010458621,0.0010384133,0.0010493423,0.0010552465,0.0010671364,0.0,0.0010595703,0.0010458621,0.0010384133,0.0010493423,0.0010552465,0.0010671365,0.0,0.0,0.0010458897,0.0010297713,0.0010201972,0.0010306373,0.00110648,0.0010713397,0.0,0.0010458621,0.0010297527,0.0010201959,0.0010306373,0.0011064784,0.0,0.0,0.0010458621,0.0010297527,0.0010201958,0.0010306373,0.0011064785,0.0010712885,0.0010595703,0.0010458621,0.0010384133,0.0010493423,0.0010552465,0.0010671362,0.0,0.0010595712,0.0010458624,0.0010384133,0.0010493423,0.0010552465,0.0010671373,0.0010712887,0.0010595703,0.0010458621,0.0010384133,0.0010493423,0.0010552465,0.0010671365,0.0,0.0010595706,0.0010458631,0.0010384134,0.0010493423,0.0010552465,0.0010671375,0.0,0.0010595703,0.0010458621,0.0010384133,0.0010493423,0.0010552465,0.0010671364,0.0,0.0010595703,0.0,0.0010297527,0.0010107396,0.0010669302,0.0010782484,0.0,0.0010595703,0.0010458621,0.0010384131,0.0010493423,0.0010552465,0.0010671375,0.0,0.0,0.0,0.0010297527,0.0010107396,0.0010669302,0.0010894479,0.0010713025,0.0010595703,0.0,0.0010297527,0.0010107396,0.0010669302,0.00107826,0.001071396,0.0,0.0,0.0010297529,0.0010107396,0.0010669302,0.0010894467,0.0010713264,0.0,0.0010458621,0.0,0.0010595703,0.0010458621,0.0010669301,0.0010712937,0.0,0.0,0.0010297527,0.0010107396,0.0010669299,0.0010894442,0.0,0.0010595729,0.0,0.0010297527,0.0010107396,0.0010669299,0.0010782455,0.0,0.0,0.001045864,0.0010595721,0.0,0.0010297527,0.0010595706,0.0010713296,0.0010595706,0.0,0.0010297527,0.0010107396,0.0010669299,0.0010782448,0.0,0.0,0.0010458624,0.0010297527,0.0010201958,0.0010306373,0.0011064791,0.0,0.0,0.0010458621,0.0,0.0010595703,0.0010458621,0.00106693,0.0,0.0010595781,0.0,0.0010595705,0.0,0.0010595703,0.0010458624,0.0,0.0,0.0010458926,0.0010297579,0.001020196,0.0010306373,0.0011064801,0.0,0.0010596439,0.0010595788,0.0010538287,0.0010650265,0.0,0.0009882415,0.0,0.0010595748,0.0010458641,0.0,0.001059571,0.0010458624,0.0010384184,0.0010712988,0.0010595703,0.0010458621,0.0,0.0010595703,0.0010458621,0.0010384151,0.0,0.0010595703,0.0010458622,0.0010384131,0.0010493423,0.0010552465,0.0010671364,0.0010712884,0.0010595703,0.0010458621,0.0010384133,0.0010493423,0.0010552465,0.0010671364,0.0010713314,0.0,0.0,0.0010297527,0.0010107396,0.0010669299,0.0010894438,0.0010712973,0.0,0.0010458621,0.0010297527,0.0010201958,0.0010306373,0.0011064792,0.0,0.0010595705,0.0,0.0010297527,0.0010107396,0.0010669299,0.0010782446,0.0010713153,0.0,0.0010458621,0.0010297527,0.0010201959,0.0010306373,0.0011064941,0.0,0.0010595703,0.0010458621,0.0010384133,0.0010493423,0.0010552465,0.0010671392,0.0010712893,0.0010595703,0.0010458621,0.0010384133,0.0010493423,0.0010552465,0.0010671362,0.0,0.0010595713,0.0010458624,0.0010384131,0.0010493423,0.0010552465,0.0010671368,0.0,0.0,0.0010458621,0.0010297527,0.0010201958,0.0010306373,0.0011064789,0.0010712919,0.0010595703,0.0,0.0,0.0010595705,0.0010595703,0.0010538289,0.0010713427,0.0,0.0010458628,0.0,0.0010595705,0.0010458621,0.0010669368,0.0010714557,0.0,0.0010595707,0.0010458624,0.0010384131,0.0,0.0010595717,0.0,0.0010595702,0.0,0.0010297527,0.0010107396,0.0010669301,0.0010782558,0.0010712973,0.0,0.0010458621,0.0010297527,0.001020196,0.001030638,0.0011066002,0.0010713153,0.0,0.0,0.0010297527,0.0010107396,0.0010669299,0.0010894435,0.0,0.0010595705,0.0010458622,0.0010384133,0.0010493423,0.0010552465,0.0010671365,0.0010712944,0.0010595703,0.0010458622,0.0,0.0010595702,0.0010458621,0.0010384151,0.0010712923,0.0,0.0010458624,0.001029753,0.0010201959,0.0010306373,0.0011064829,0.0010712948,0.0,0.0010458622,0.0010297527,0.001020196,0.0010306374,0.0011064825,0.0,0.0010595703,0.0010595707,0.001053828,0.0010650267,0.0,0.0009883047,0.0010713432,0.0,0.0010458622,0.0010297527,0.0010201958,0.0010306373,0.0011064785,0.0010712973,0.0,0.0,0.0010297527,0.0010107396,0.0010669302,0.0010894468,0.0010713808,0.0010595717,0.0,0.0010297545,0.0010107402,0.0010669301,0.0010782592,0.0,0.0010595703,0.0010458622,0.0010384131,0.0010493423,0.0010552465,0.0010671362,0.0,0.0010595726,0.0,0.0010297527,0.0010107396,0.0010669299,0.0010782446,0.0,0.0010595702,0.0010458622,0.0010384131,0.0010493423,0.0010552465,0.0010671365,0.0010713121,0.0010595706,0.0010458624,0.0010384136,0.0010493426,0.0010552465,0.0010671371,0.0,0.0,0.0,0.0010297527,0.0010107396,0.0010669299,0.0010894445,0.0010712879,0.0010595703,0.0,0.0010297527,0.0010107396,0.0010669299,0.0010782466,0.0010713089,0.0010595703,0.0010458621,0.0010669299,0.0,0.0010297527,0.0010107402,0.0,0.0010595703,0.0010458621,0.0010384131,0.0010493423,0.0010552465,0.0010671378,0.0,0.0010595703,0.0010458621,0.0010384131,0.0010493423,0.0010552465,0.0010671369,0.0,0.0010595715,0.0010458622,0.0010384131,0.0010493423,0.0010552465,0.0010671403,0.001071303,0.0010595703,0.0010458621,0.0010384131,0.0010493423,0.0010552465,0.0010671372,0.0,0.0,0.0010458621,0.0010297527,0.0010201959,0.0010306373,0.0011064796,0.0,0.0010595703,0.0010458621,0.0010384133,0.0010493423,0.0010552465,0.0010671364,0.0010715805,0.0010595734,0.0010458624,0.0010384133,0.0010493423,0.0010552465,0.0010671415
k__Bacteria|p__Firmicutes|c__Clostridia|o__Eubacteriales|f__Clostridiaceae|g__GGB27106|s__GGB27106_SGB6188,0.0,0.0010609857,0.0010473487,0.0010399739,0.001050986,0.0010569796,0.0010689117,0.0,0.0010609857,0.0010473487,0.0010399739,0.001050986,0.0010569796,0.0010689117,0.0,0.0,0.0010473696,0.0010313266,0.0010218328,0.0010323637,0.0011078675,0.0010726886,0.0,0.0010473487,0.0010313118,0.0010218319,0.0010323637,0.001107867,0.0,0.0,0.0010473487,0.0010313118,0.0010218319,0.0010323637,0.001107867,0.0010726353,0.0010609856,0.0010473487,0.0010399739,0.001050986,0.0010569796,0.0010689116,0.0,0.0010609869,0.001047349,0.0010399739,0.001050986,0.0010569796,0.0010689126,0.0010726353,0.0010609856,0.0010473487,0.0010399739,0.001050986,0.0010569796,0.0010689117,0.0,0.0010609861,0.0010473497,0.0010399739,0.001050986,0.0010569796,0.0010689121,0.0,0.0010609857,0.0010473487,0.0010399739,0.001050986,0.0010569796,0.0010689117,0.0,0.0010609857,0.0,0.0010313118,0.0010123719,0.0010683436,0.0010797272,0.0,0.0010609856,0.0010473487,0.0010399739,0.001050986,0.0010569796,0.0010689117,0.0,0.0,0.0,0.0010313118,0.0010123719,0.0010683436,0.0010908478,0.0010726488,0.001060986,0.0,0.0010313118,0.0010123719,0.0010683436,0.0010797313,0.0010727253,0.0,0.0,0.0010313119,0.0010123714,0.0010683436,0.0010908477,0.0010726716,0.0,0.0010473487,0.0,0.0010609856,0.0010473487,0.0010683438,0.0010726394,0.0,0.0,0.0010313118,0.0010123719,0.0010683436,0.0010908465,0.0,0.0010609877,0.0,0.0010313116,0.0010123719,0.0010683436,0.0010797258,0.0,0.0,0.0010473509,0.001060987,0.0,0.0010313118,0.001060986,0.0010726699,0.0010609861,0.0,0.0010313117,0.0010123719,0.0010683436,0.0010797252,0.0,0.0,0.001047349,0.0010313118,0.0010218319,0.0010323637,0.0011078673,0.0,0.0,0.0010473487,0.0,0.0010609856,0.0010473487,0.0010683436,0.0,0.0010609914,0.0,0.0010609857,0.0,0.0010609856,0.0010473488,0.0,0.0,0.0010473713,0.0010313154,0.001021832,0.0010323637,0.0011078675,0.0,0.0010610378,0.0010609913,0.0010553149,0.0010665875,0.0,0.0009899347,0.0,0.0010609891,0.0010473502,0.0,0.0010609863,0.001047349,0.0010399775,0.001072646,0.0010609856,0.0010473487,0.0,0.0010609856,0.0010473487,0.0010399751,0.0014657131,0.0010609858,0.0010473488,0.0010399739,0.001050986,0.0010569796,0.0010689119,0.0010726352,0.0010609856,0.0010473487,0.0010399739,0.001050986,0.0010569796,0.0010689117,0.0010726745,0.0,0.0,0.0010313118,0.0010123719,0.0010683436,0.0010908465,0.0010726406,0.0,0.0010473487,0.0010313118,0.0010218319,0.0010323637,0.0011078672,0.0,0.0010609857,0.0,0.0010313118,0.0010123719,0.0010683436,0.0010797251,0.0010726588,0.0,0.0010473487,0.0010313118,0.0010218319,0.0010323637,0.0011078744,0.0,0.0010609856,0.0010473487,0.0010399739,0.001050986,0.0010569796,0.001068913,0.0010726362,0.0010609856,0.0010473487,0.0010399739,0.001050986,0.0010569796,0.0010689116,0.0,0.0010609864,0.001047349,0.0010399739,0.001050986,0.0010569796,0.0010689117,0.0,0.0,0.0010473487,0.0010313118,0.0010218319,0.0010323637,0.001107867,0.0010726393,0.0010609856,0.0,0.0,0.0010609857,0.0010609857,0.0010553148,0.0010726926,0.0,0.0010473494,0.0,0.0010609861,0.0010473487,0.0010683495,0.0010727852,0.0,0.0010609861,0.001047349,0.0010399739,0.0,0.0010609864,0.0,0.0010609858,0.0,0.0010313116,0.0010123719,0.0010683436,0.0010797316,0.0010726445,0.0,0.0010473487,0.0010313116,0.001021832,0.0010323642,0.00110791,0.0010726603,0.0,0.0,0.0010313118,0.0010123719,0.0010683436,0.0010908465,0.0,0.0010609857,0.0010473488,0.0010399739,0.001050986,0.0010569796,0.0010689117,0.0010726702,0.001060986,0.001047349,0.0,0.0010609857,0.0010473487,0.0010399753,0.001072638,0.0,0.001047349,0.0010313122,0.0010218319,0.0010323637,0.0011078689,0.0010726409,0.0,0.0010473488,0.0010313118,0.001021832,0.0010323637,0.0011078686,0.0,0.001060986,0.0010609861,0.0010553142,0.001066588,0.0,0.0009899745,0.0010726833,0.0,0.001047349,0.0010313118,0.0010218319,0.0010323637,0.001107867,0.0010726429,0.0,0.0,0.0010313118,0.0010123719,0.0010683436,0.0010908475,0.0010727204,0.0010609868,0.0,0.001031313,0.0010123719,0.0010683439,0.0010797329,0.0,0.0010609857,0.001047349,0.0010399739,0.001050986,0.0010569796,0.0010689116,0.0,0.0010609877,0.0,0.0010313118,0.0010123719,0.0010683436,0.0010797251,0.0,0.001060986,0.001047349,0.0010399739,0.001050986,0.0010569796,0.0010689117,0.0010726536,0.001060986,0.001047349,0.0010399742,0.001050986,0.0010569796,0.001068912,0.0,0.0,0.0,0.0010313118,0.0010123719,0.0010683436,0.0010908471,0.0010726347,0.0010609856,0.0,0.0010313118,0.0010123719,0.0010683436,0.0010797261,0.0010726545,0.0010609857,0.0010473487,0.0010683436,0.0,0.0010313118,0.0010123721,0.0,0.0010609856,0.0010473487,0.0010399739,0.001050986,0.0010569796,0.0010689124,0.0,0.0010609856,0.0010473487,0.0010399739,0.001050986,0.0010569796,0.0010689119,0.0,0.0010609864,0.001047349,0.0010399739,0.001050986,0.0010569796,0.0010689127,0.0010726464,0.001060986,0.0010473487,0.0010399739,0.001050986,0.0010569796,0.001068912,0.0,0.0,0.0010473487,0.0010313118,0.0010218319,0.0010323637,0.0011078671,0.0,0.0010609856,0.0010473487,0.0010399739,0.001050986,0.0010569796,0.0010689117,0.0010729366,0.0010609879,0.001047349,0.0010399738,0.001050986,0.0010569796,0.0010689133
k__Bacteria|p__Firmicutes|c__Bacilli|o__Lactobacillales|f__Lactobacillaceae|g__Limosilactobacillus|s__Limosilactobacillus_mucosae,0.0,0.0010612898,0.0010476195,0.0010401892,0.0010510937,0.0010569836,0.0010688389,0.0,0.00106129,0.0010476195,0.0010401892,0.0010510937,0.0010569836,0.0010688389,0.0,0.0,0.0010476338,0.0010315549,0.0010220101,0.0010324324,0.0011080138,0.0010729926,0.0,0.0010476195,0.0010315467,0.0010220093,0.0010324324,0.0011080129,0.0,0.0,0.0010476195,0.0010315467,0.0010220093,0.0010324324,0.0011080129,0.0010729706,0.0010612899,0.0010476195,0.0010401892,0.0010510937,0.0010569836,0.0010688389,0.0,0.0010612907,0.0010476195,0.0010401892,0.0010510937,0.0010569836,0.0010688402,0.0010729703,0.0010612899,0.0010476195,0.0010401892,0.0010510937,0.0010569836,0.0010688389,0.0,0.0010612902,0.0010476204,0.0010401892,0.0010510937,0.0010569836,0.0010688395,0.0,0.00106129,0.0010476195,0.0010401892,0.0010510937,0.0010569836,0.0010688389,0.0,0.00106129,0.0,0.0010315467,0.0010125688,0.0010686275,0.0010799071,0.0,0.0010612899,0.0010476195,0.0010401892,0.0010510937,0.0010569836,0.0010688395,0.0,0.0,0.0,0.0010315467,0.0010125688,0.0010686276,0.0010910607,0.001072978,0.00106129,0.0,0.0010315467,0.0010125688,0.0010686275,0.0010799144,0.0010730405,0.0,0.0,0.0010315471,0.0010125688,0.0010686275,0.0010910602,0.001072991,0.0,0.0010476195,0.0,0.0010612899,0.0010476195,0.0010686277,0.0010729731,0.0,0.0,0.0010315467,0.0010125688,0.0010686275,0.0010910587,0.0,0.0010612916,0.0,0.0010315469,0.0010125688,0.0010686275,0.0010799052,0.0,0.0,0.0010476202,0.0010612917,0.0,0.0010315467,0.0010612902,0.0010729869,0.0010612902,0.0,0.0010315469,0.0010125688,0.0010686275,0.0010799048,0.0,0.0,0.0010476196,0.0010315467,0.0010220093,0.0010324324,0.0011080133,0.0,0.0,0.0010476195,0.0,0.0010612899,0.0010476195,0.0010686277,0.0,0.0010612922,0.0,0.0010612902,0.0,0.0010612899,0.0010476196,0.0,0.0,0.001047634,0.0010315488,0.0010220092,0.0010324324,0.0011080133,0.0,0.0010613314,0.001061294,0.001055565,0.0010667325,0.0,0.0009900943,0.0,0.0010612921,0.0010476203,0.0,0.0010612903,0.0010476195,0.0010401928,0.0010729738,0.0010612899,0.0010476195,0.0,0.0010612899,0.0010476195,0.0010401903,0.0,0.00106129,0.0010476196,0.0010401892,0.0010510937,0.0010569836,0.0010688389,0.0010729703,0.0010612899,0.0010476195,0.0010401892,0.0010510937,0.0010569836,0.0010688389,0.001072997,0.0,0.0,0.0010315467,0.0010125688,0.0010686275,0.0010910587,0.0010729771,0.0,0.0010476195,0.0010315467,0.0010220093,0.0010324324,0.0011080132,0.0,0.0010612902,0.0,0.0010315467,0.0010125688,0.0010686275,0.001079905,0.001072984,0.0,0.0010476195,0.0010315469,0.0010220093,0.0010324324,0.0011080238,0.0,0.0010612899,0.0010476195,0.0010401892,0.0010510937,0.0010569836,0.0010688407,0.0010729706,0.0010612899,0.0010476195,0.0010401892,0.0010510937,0.0010569836,0.0010688389,0.0,0.0010612903,0.0010476195,0.0010401892,0.0010510937,0.0010569836,0.0010688391,0.0,0.0,0.0010476195,0.0010315467,0.0010220093,0.0010324324,0.001108013,0.0010729709,0.0010612899,0.0,0.0,0.0010612902,0.00106129,0.0010555651,0.0010729909,0.0,0.0010476196,0.0,0.0010612902,0.0010476195,0.0010686329,0.0010730749,0.0,0.0010612902,0.0010476195,0.0010401892,0.0,0.0010612906,0.0,0.0010612899,0.0,0.0010315469,0.0010125688,0.0010686273,0.0010799139,0.0010729746,0.0,0.0010476195,0.0010315467,0.0010220092,0.0010324332,0.0011080984,0.0010729808,0.0,0.0,0.0010315467,0.0010125688,0.0010686275,0.0010910588,0.0,0.0010612902,0.0010476196,0.0010401892,0.0010510937,0.0010569836,0.0010688389,0.001072955,0.00106129,0.0010476195,0.0,0.0010612899,0.0010476195,0.0010401906,0.0010729728,0.0,0.0010476195,0.001031547,0.0010220093,0.0010324324,0.0011080151,0.0010729728,0.0,0.0010476196,0.0010315469,0.0010220092,0.0010324325,0.0011080157,0.0,0.00106129,0.00106129,0.0010555648,0.0010667323,0.0,0.0009901354,0.0010729992,0.0,0.0010476195,0.0010315467,0.0010220093,0.0010324324,0.0011080129,0.001072973,0.0,0.0,0.0010315467,0.0010125688,0.0010686275,0.00109106,0.0010730308,0.0010612911,0.0,0.001031548,0.001012569,0.0010686276,0.0010799143,0.0,0.00106129,0.0010476195,0.0010401892,0.0010510937,0.0010569836,0.0010688389,0.0,0.0010612909,0.0,0.0010315467,0.0010125688,0.0010686275,0.001079905,0.0,0.0010612899,0.0010476196,0.0010401892,0.0010510937,0.0010569836,0.001068839,0.0010729849,0.00106129,0.0010476195,0.0010401895,0.0010510937,0.0010569836,0.0010688393,0.0,0.0,0.0,0.0010315467,0.0010125688,0.0010686275,0.0010910592,0.0010729701,0.0010612899,0.0,0.0010315467,0.0010125688,0.0010686275,0.001079906,0.0010729771,0.00106129,0.0010476195,0.0010686275,0.0,0.0010315467,0.001012569,0.0,0.0010612899,0.0010476195,0.0010401892,0.0010510937,0.0010569836,0.0010688398,0.0,0.0010612899,0.0010476195,0.0010401892,0.0010510937,0.0010569836,0.0010688392,0.0,0.0010612909,0.0010476195,0.0010401892,0.0010510937,0.0010569836,0.0010688413,0.0010729805,0.0010612899,0.0010476195,0.0010401892,0.0010510937,0.0010569836,0.0010688395,0.0,0.0,0.0010476195,0.0010315469,0.0010220093,0.0010324324,0.0011080134,0.0,0.0010612899,0.0010476195,0.0010401892,0.0010510937,0.0010569836,0.0010688389,0.0010730905,0.0010612913,0.0010476195,0.0010401892,0.0010510937,0.0010569836,0.0010688418
k__Bacteria|p__Firmicutes|c__Bacilli|o__Lactobacillales|f__Carnobacteriaceae|g__Granulicatella|s__Granulicatella_adiacens,0.0,0.0010622861,0.0010485685,0.0010410481,0.0010517617,0.0010574699,0.0010691842,0.0,0.001062286,0.0010485685,0.0010410481,0.0010517617,0.0010574699,0.001069184,0.0,0.0,0.0010485882,0.0010324576,0.001022815,0.0010330457,0.0011086874,0.0010740465,0.0,0.0010485685,0.0010324449,0.001022814,0.0010330455,0.0011086863,0.0,0.0,0.0010485685,0.0010324449,0.001022814,0.0010330455,0.0011086863,0.0010740098,0.0010622859,0.0010485685,0.0010410481,0.0010517617,0.0010574699,0.0010691839,0.0,0.0010622871,0.0010485688,0.0010410481,0.0010517617,0.0010574699,0.0010691854,0.0010740099,0.0010622859,0.0010485685,0.0010410481,0.0010517617,0.0010574699,0.0010691839,0.0,0.0010622863,0.0010485697,0.0010410482,0.0010517617,0.0010574699,0.0010691845,0.0,0.001062286,0.0010485685,0.0010410481,0.0010517617,0.0010574699,0.001069184,0.0,0.0010622862,0.0,0.0010324449,0.0010134117,0.0010695824,0.0010806737,0.0,0.0010622859,0.0010485685,0.0010410481,0.0010517617,0.0010574699,0.0010691844,0.0,0.0,0.0,0.0010324449,0.0010134117,0.0010695824,0.0010918705,0.0010740203,0.0010622862,0.0,0.0010324449,0.0010134117,0.0010695824,0.001080682,0.0010741027,0.0,0.0,0.0010324451,0.0010134117,0.0010695824,0.0010918699,0.0010740403,0.0,0.0010485685,0.0,0.0010622859,0.0010485685,0.0010695828,0.001074014,0.0,0.0,0.0010324449,0.0010134112,0.0010695824,0.001091868,0.0,0.0010622878,0.0,0.0010324449,0.0010134112,0.0010695824,0.0010806714,0.0,0.0,0.0010485703,0.0010622877,0.0,0.0010324449,0.0010622866,0.0010740383,0.0010622863,0.0,0.0010324451,0.0010134117,0.0010695824,0.0010806706,0.0,0.0,0.0010485686,0.0010324449,0.001022814,0.0010330455,0.0011086873,0.0,0.0,0.0010485685,0.0,0.0010622859,0.0010485685,0.0010695828,0.0,0.0010622907,0.0,0.0010622863,0.0,0.0010622859,0.0010485686,0.0,0.0,0.0010485878,0.0010324481,0.0010228142,0.0010330455,0.0011086871,0.0,0.0010623389,0.0010622918,0.0010564743,0.0010674512,0.0,0.0009908796,0.0,0.0010622896,0.00104857,0.0,0.0010622867,0.0010485686,0.0010410527,0.0010740161,0.0010622859,0.0010485685,0.0,0.0010622859,0.0010485685,0.00104105,0.0,0.0010622863,0.0010485686,0.0010410481,0.0010517617,0.0010574699,0.001069184,0.0010740096,0.0010622859,0.0010485685,0.0010410481,0.0010517617,0.0010574699,0.001069184,0.0010740473,0.0,0.0,0.0010324449,0.0010134112,0.0010695824,0.001091868,0.0010740171,0.0,0.0010485685,0.0010324449,0.001022814,0.0010330455,0.0011086869,0.0,0.0010622863,0.0,0.0010324449,0.0010134112,0.0010695824,0.0010806706,0.0010740295,0.0,0.0010485685,0.0010324449,0.001022814,0.0010330457,0.0011087002,0.0,0.0010622859,0.0010485685,0.0010410481,0.0010517617,0.0010574699,0.0010691866,0.0010740102,0.0010622859,0.0010485685,0.0010410481,0.0010517617,0.0010574699,0.0010691839,0.0,0.0010622867,0.0010485686,0.0010410481,0.0010517617,0.0010574699,0.0010691842,0.0,0.0,0.0010485685,0.0010324449,0.001022814,0.0010330455,0.0011086864,0.0010740118,0.0010622859,0.0,0.0,0.0010622863,0.001062286,0.0010564745,0.0010740504,0.0,0.0010485689,0.0,0.0010622863,0.0010485685,0.0010695896,0.0010741525,0.0,0.0010622863,0.0010485686,0.0010410481,0.0,0.0010622873,0.0,0.0010622861,0.0,0.0010324449,0.0010134112,0.0010695825,0.0010806813,0.0010740168,0.0,0.0010485685,0.0010324449,0.0010228142,0.0010330465,0.001108781,0.0010740294,0.0,0.0,0.0010324449,0.0010134112,0.0010695824,0.0010918678,0.0,0.0010622863,0.0010485686,0.0010410481,0.0010517617,0.0010574699,0.001069184,0.001074001,0.001062286,0.0010485686,0.0,0.0010622861,0.0010485685,0.0010410496,0.0010740131,0.0,0.0010485686,0.0010324453,0.0010228141,0.0010330455,0.0011086895,0.0010740142,0.0,0.0010485686,0.001032445,0.0010228142,0.0010330456,0.0011086902,0.0,0.0010622862,0.0010622863,0.0010564738,0.0010674511,0.0,0.000990928,0.0010740542,0.0,0.0010485686,0.0010324449,0.001022814,0.0010330455,0.0011086863,0.0010740153,0.0,0.0,0.0010324449,0.0010134117,0.0010695824,0.0010918698,0.0010740861,0.0010622875,0.0,0.0010324464,0.0010134119,0.0010695828,0.0010806829,0.0,0.0010622862,0.0010485686,0.0010410481,0.0010517617,0.0010574699,0.0010691839,0.0,0.0010622878,0.0,0.0010324449,0.0010134112,0.0010695824,0.0010806706,0.0,0.0010622862,0.0010485686,0.0010410481,0.0010517617,0.0010574699,0.0010691839,0.0010740298,0.0010622862,0.0010485689,0.0010410483,0.0010517617,0.0010574699,0.0010691844,0.0,0.0,0.0,0.0010324449,0.0010134112,0.0010695824,0.0010918685,0.0010740093,0.0010622859,0.0,0.0010324449,0.0010134112,0.0010695824,0.0010806723,0.0010740246,0.0010622862,0.0010485685,0.0010695824,0.0,0.0010324449,0.0010134119,0.0,0.0010622859,0.0010485685,0.0010410481,0.0010517617,0.0010574699,0.0010691852,0.0,0.0010622859,0.0010485685,0.0010410481,0.0010517617,0.0010574699,0.0010691844,0.0,0.0010622869,0.0010485686,0.0010410481,0.0010517617,0.0010574699,0.0010691866,0.0010740216,0.0010622861,0.0010485685,0.0010410481,0.0010517617,0.0010574699,0.0010691849,0.0,0.0,0.0010485685,0.0010324449,0.001022814,0.0010330455,0.0011086871,0.0,0.0010622859,0.0010485685,0.0010410481,0.0010517617,0.0010574699,0.001069184,0.0010742202,0.0010622882,0.0010485689,0.0010410481,0.0010517617,0.0010574699,0.0010691873
k__Bacteria|p__Firmicutes|c__Bacilli|o__Bacillales|f__Bacillaceae|g__Bacillus|s__Bacillus_cereus,0.0,0.0010576326,0.0010440971,0.0010369429,0.0010484521,0.0010549149,0.001067223,0.0,0.0010576327,0.0010440971,0.0010369429,0.0010484521,0.0010549149,0.0010672227,0.0,0.0,0.0010441191,0.0010281873,0.0010189217,0.0010299485,0.0011054229,0.0010692421,0.0,0.0010440971,0.0010281726,0.0010189206,0.0010299485,0.0011054219,0.0,0.0,0.0010440971,0.0010281726,0.0010189206,0.0010299485,0.0011054219,0.0010691903,0.0010576326,0.0010440971,0.0010369429,0.0010484521,0.0010549149,0.0010672226,0.0,0.0010576337,0.0010440975,0.0010369429,0.0010484521,0.0010549149,0.0010672238,0.0010691902,0.0010576326,0.0010440971,0.0010369429,0.0010484521,0.0010549149,0.001067223,0.0,0.0010576331,0.0010440983,0.001036943,0.0010484521,0.0010549149,0.0010672236,0.0,0.0010576327,0.0010440971,0.0010369429,0.0010484521,0.0010549149,0.0010672227,0.0,0.0010576327,0.0,0.0010281726,0.0010093563,0.0010651053,0.0010769886,0.0,0.0010576326,0.0010440971,0.0010369429,0.0010484521,0.0010549149,0.0010672236,0.0,0.0,0.0,0.0010281726,0.0010093563,0.0010651057,0.0010880217,0.0010692049,0.0010576327,0.0,0.0010281726,0.0010093563,0.0010651057,0.0010769978,0.0010693005,0.0,0.0,0.0010281727,0.0010093563,0.0010651053,0.0010880204,0.0010692282,0.0,0.0010440971,0.0,0.0010576326,0.0010440971,0.0010651058,0.0010691956,0.0,0.0,0.0010281726,0.0010093563,0.0010651053,0.0010880183,0.0,0.001057635,0.0,0.0010281726,0.0010093563,0.0010651053,0.0010769865,0.0,0.0,0.001044099,0.0010576344,0.0,0.0010281726,0.0010576331,0.0010692296,0.0010576331,0.0,0.0010281724,0.0010093563,0.0010651053,0.0010769857,0.0,0.0,0.0010440974,0.0010281726,0.0010189206,0.0010299485,0.0011054226,0.0,0.0,0.0010440971,0.0,0.0010576326,0.0010440971,0.0010651055,0.0,0.0010576389,0.0,0.0010576328,0.0,0.0010576326,0.0010440972,0.0,0.0,0.0010441231,0.0010281769,0.0010189209,0.0010299485,0.001105423,0.0,0.0010576958,0.0010576394,0.0010521752,0.0010639462,0.0,0.0009870622,0.0,0.0010576366,0.0010440989,0.0,0.0010576331,0.0010440972,0.001036947,0.0010692001,0.0010576326,0.0010440971,0.0,0.0010576326,0.0010440971,0.0010369447,0.0,0.0010576328,0.0010440972,0.0010369429,0.0010484521,0.0010549149,0.0010672229,0.0010691899,0.0010576326,0.0010440971,0.0010369429,0.0010484521,0.0010549149,0.001067223,0.0010692341,0.0,0.0,0.0010281726,0.0010093563,0.0010651053,0.001088018,0.0010691988,0.0,0.0010440971,0.0010281726,0.0010189206,0.0010299485,0.0011054223,0.0,0.0010576328,0.0,0.0010281726,0.0010093563,0.0010651053,0.0010769857,0.0010692165,0.0,0.0010440971,0.0010281726,0.0010189206,0.0010299485,0.0011054344,0.0,0.0010576326,0.0010440971,0.0010369429,0.0010484521,0.0010549149,0.0010672252,0.0010691911,0.0010576326,0.0010440971,0.0010369429,0.0010484521,0.0010549149,0.0010672226,0.0,0.0010576334,0.0010440972,0.0010369429,0.0010484521,0.0010549149,0.001067223,0.0,0.0,0.0010440971,0.0010281726,0.0010189206,0.0010299485,0.0011054223,0.0010691939,0.0010576326,0.0,0.0,0.0010576328,0.0010576327,0.0010521753,0.0010692461,0.0,0.0010440976,0.0,0.0010576328,0.0010440971,0.0010651108,0.0010693588,0.0,0.0010576328,0.0010440972,0.0010369429,0.0,0.0010576338,0.0,0.0010576326,0.0,0.0010281726,0.0010093563,0.0010651055,0.0010769953,0.0010691991,0.0,0.0010440971,0.0010281726,0.0010189209,0.001029949,0.0011055163,0.0010692147,0.0,0.0,0.0010281726,0.0010093563,0.0010651053,0.0010880176,0.0,0.0010576328,0.0010440972,0.0010369429,0.0010484521,0.0010549149,0.0010672229,0.0010692057,0.0010576327,0.0010440972,0.0,0.0010576326,0.0010440971,0.0010369444,0.0010691945,0.0,0.0010440972,0.0010281729,0.0010189206,0.0010299485,0.0011054255,0.0010691965,0.0,0.0010440972,0.0010281726,0.0010189209,0.0010299487,0.0011054252,0.0,0.0010576327,0.0010576327,0.0010521744,0.0010639463,0.0,0.0009871146,0.0010692464,0.0,0.0010440972,0.0010281726,0.0010189206,0.0010299485,0.0011054219,0.0010691991,0.0,0.0,0.0010281726,0.0010093563,0.0010651057,0.0010880204,0.0010692866,0.001057634,0.0,0.0010281742,0.001009357,0.0010651055,0.0010769981,0.0,0.0010576327,0.0010440972,0.0010369429,0.0010484521,0.0010549149,0.0010672226,0.0,0.0010576345,0.0,0.0010281726,0.0010093563,0.0010651053,0.0010769857,0.0,0.0010576327,0.0010440974,0.0010369429,0.0010484521,0.0010549149,0.001067223,0.0010692136,0.0010576328,0.0010440975,0.0010369433,0.0010484521,0.0010549149,0.0010672235,0.0,0.0,0.0,0.0010281726,0.0010093563,0.0010651053,0.0010880184,0.0010691896,0.0010576326,0.0,0.0010281726,0.0010093563,0.0010651053,0.0010769871,0.0010692104,0.0010576327,0.0010440971,0.0010651053,0.0,0.0010281726,0.0010093565,0.0,0.0010576326,0.0010440971,0.0010369429,0.0010484521,0.0010549149,0.0010672241,0.0,0.0010576326,0.0010440971,0.0010369429,0.0010484521,0.0010549149,0.0010672233,0.0,0.0010576335,0.0010440972,0.0010369429,0.0010484521,0.0010549149,0.0010672259,0.0010692048,0.0010576326,0.0010440971,0.0010369429,0.0010484521,0.0010549149,0.0010672234,0.0,0.0,0.0010440971,0.0010281726,0.0010189206,0.0010299485,0.0011054226,0.0,0.0010576326,0.0010440971,0.0010369429,0.0010484521,0.0010549149,0.0010672227,0.0010694664,0.0010576353,0.0010440975,0.0010369429,0.0010484521,0.0010549149,0.0010672269
k__Bacteria|p__Firmicutes|c__Bacilli|o__Lactobacillales|f__Enterococcaceae|g__Enterococcus|s__Enterococcus_gilvus,0.0,0.0010611198,0.0010476027,0.0010404013,0.0010517117,0.0010579997,0.0010701354,0.0,0.0010611201,0.0010476027,0.0010404013,0.0010517117,0.0010579997,0.0010701355,0.0,0.0,0.0010476189,0.0010317034,0.0010223917,0.0010332296,0.001108353,0.001072693,0.0,0.0010476027,0.0010316919,0.001022391,0.0010332296,0.0011083526,0.0,0.0,0.0010476027,0.0010316919,0.001022391,0.0010332296,0.0011083527,0.0010726558,0.00106112,0.0010476027,0.0010404013,0.0010517117,0.0010579997,0.0010701352,0.0,0.0010611209,0.0010476029,0.0010404013,0.0010517117,0.0010579997,0.0010701361,0.001072656,0.00106112,0.0010476027,0.0010404013,0.0010517117,0.0010579997,0.0010701355,0.0,0.0010611202,0.0010476033,0.0010404014,0.0010517117,0.0010579997,0.0010701359,0.0,0.0010611201,0.0010476027,0.0010404013,0.0010517117,0.0010579997,0.0010701355,0.0,0.0010611201,0.0,0.0010316919,0.0010128827,0.001068524,0.0010801896,0.0,0.00106112,0.0010476027,0.0010404012,0.0010517117,0.0010579997,0.0010701355,0.0,0.0,0.0,0.0010316919,0.0010128827,0.001068524,0.0010911878,0.0010726649,0.0010611201,0.0,0.0010316919,0.0010128827,0.001068524,0.0010801937,0.0010727256,0.0,0.0,0.0010316918,0.0010128827,0.001068524,0.0010911876,0.0010726806,0.0,0.0010476027,0.0,0.00106112,0.0010476027,0.0010685241,0.0010726585,0.0,0.0,0.0010316919,0.0010128827,0.001068524,0.0010911868,0.0,0.0010611212,0.0,0.0010316919,0.0010128827,0.001068524,0.0010801879,0.0,0.0,0.0010476043,0.0010611211,0.0,0.0010316919,0.0010611201,0.0010726813,0.0010611202,0.0,0.0010316918,0.0010128827,0.001068524,0.0010801876,0.0,0.0,0.0010476029,0.0010316919,0.001022391,0.0010332296,0.0011083529,0.0,0.0,0.0010476027,0.0,0.00106112,0.0010476027,0.001068524,0.0,0.0010611243,0.0,0.0010611201,0.0,0.00106112,0.0010476029,0.0,0.0,0.0010476212,0.0010316945,0.0010223911,0.0010332296,0.0011083528,0.0,0.0010611546,0.0010611241,0.0010556151,0.0010671787,0.0,0.0009905811,0.0,0.0010611223,0.0010476038,0.0,0.0010611202,0.0010476029,0.001040404,0.0010726631,0.00106112,0.0010476027,0.0,0.00106112,0.0010476027,0.0010404021,0.0,0.0010611201,0.0010476029,0.0010404012,0.0010517117,0.0010579997,0.0010701355,0.0010726559,0.00106112,0.0010476027,0.0010404013,0.0010517117,0.0010579997,0.0010701352,0.0010726845,0.0,0.0,0.0010316919,0.0010128827,0.001068524,0.0010911869,0.0010726601,0.0,0.0010476027,0.0010316919,0.001022391,0.0010332296,0.0011083529,0.0,0.0010611201,0.0,0.0010316919,0.0010128827,0.001068524,0.0010801875,0.0010726722,0.0,0.0010476027,0.0010316919,0.001022391,0.0010332296,0.0011083585,0.0,0.00106112,0.0010476027,0.0010404013,0.0010517117,0.0010579997,0.0010701368,0.0010726565,0.00106112,0.0010476027,0.0010404013,0.0010517117,0.0010579997,0.0010701352,0.0,0.0010611205,0.0010476029,0.0010404012,0.0010517117,0.0010579997,0.0010701353,0.0,0.0,0.0010476027,0.0010316919,0.001022391,0.0010332296,0.0011083527,0.0010726581,0.00106112,0.0,0.0,0.0010611201,0.0010611201,0.0010556153,0.0010726955,0.0,0.0010476032,0.0,0.0010611201,0.0010476027,0.0010685278,0.0010727687,0.0,0.0010611201,0.0010476029,0.0010404012,0.0,0.0010611205,0.0,0.0010611198,0.0,0.0010316919,0.0010128827,0.001068524,0.0010801929,0.0010726623,0.0,0.0010476027,0.0010316919,0.0010223911,0.00103323,0.0011083917,0.0010726755,0.0,0.0,0.0010316919,0.0010128827,0.001068524,0.0010911868,0.0,0.0010611201,0.0010476029,0.0010404013,0.0010517117,0.0010579997,0.0010701355,0.0010726777,0.0010611201,0.0010476029,0.0,0.00106112,0.0010476027,0.0010404021,0.0010726576,0.0,0.0010476029,0.0010316919,0.001022391,0.0010332296,0.0011083537,0.0010726595,0.0,0.0010476029,0.0010316919,0.0010223911,0.0010332299,0.001108354,0.0,0.0010611201,0.0010611201,0.0010556147,0.0010671786,0.0,0.0009906203,0.0010726899,0.0,0.0010476029,0.0010316919,0.001022391,0.0010332296,0.0011083527,0.0010726606,0.0,0.0,0.0010316919,0.0010128827,0.001068524,0.0010911877,0.0010727223,0.0010611205,0.0,0.0010316927,0.0010128828,0.0010685239,0.0010801939,0.0,0.00106112,0.0010476029,0.0010404012,0.0010517117,0.0010579997,0.0010701355,0.0,0.0010611214,0.0,0.0010316919,0.0010128827,0.001068524,0.0010801875,0.0,0.00106112,0.0010476029,0.0010404012,0.0010517117,0.0010579997,0.0010701355,0.0010726684,0.00106112,0.0010476029,0.0010404014,0.0010517117,0.0010579997,0.0010701357,0.0,0.0,0.0,0.0010316919,0.0010128827,0.001068524,0.0010911874,0.0010726554,0.00106112,0.0,0.0010316919,0.0010128827,0.001068524,0.0010801882,0.001072669,0.00106112,0.0010476027,0.001068524,0.0,0.0010316919,0.0010128829,0.0,0.00106112,0.0010476027,0.0010404012,0.0010517117,0.0010579997,0.0010701362,0.0,0.00106112,0.0010476027,0.0010404012,0.0010517117,0.0010579997,0.0010701355,0.0,0.0010611205,0.0010476029,0.0010404012,0.0010517117,0.0010579997,0.0010701367,0.001072663,0.00106112,0.0010476027,0.0010404012,0.0010517117,0.0010579997,0.0010701359,0.0,0.0,0.0010476027,0.0010316919,0.001022391,0.0010332296,0.0011083527,0.0,0.00106112,0.0010476027,0.0010404013,0.0010517117,0.0010579997,0.0010701355,0.0010728829,0.0010611216,0.0010476029,0.0010404012,0.0010517117,0.0010579997,0.0010701373
k__Bacteria|p__Firmicutes|c__Bacilli|o__Lactobacillales|f__Lactobacillaceae|g__Lactobacillus|s__Lactobacillus_kalixensis,0.0,0.0010600897,0.001046269,0.0010386434,0.0010492464,0.0010548334,0.0010664943,0.0,0.0010600899,0.001046269,0.0010386434,0.0010492464,0.0010548334,0.0010664943,0.0,0.0,0.0010462803,0.0010300464,0.0010203009,0.0010304097,0.0011065537,0.0010719278,0.0,0.001046269,0.00103004,0.0010203004,0.0010304097,0.0011065536,0.0,0.0,0.001046269,0.00103004,0.0010203004,0.0010304097,0.0011065537,0.0010719137,0.0010600898,0.001046269,0.0010386434,0.0010492464,0.0010548334,0.0010664942,0.0,0.0010600905,0.0010462692,0.0010386434,0.0010492464,0.0010548334,0.0010664946,0.0010719135,0.0010600898,0.001046269,0.0010386434,0.0010492464,0.0010548334,0.0010664942,0.0,0.0010600899,0.0010462694,0.0010386436,0.0010492464,0.0010548334,0.0010664944,0.0,0.0010600899,0.001046269,0.0010386434,0.0010492464,0.0010548334,0.0010664943,0.0,0.0010600899,0.0,0.00103004,0.0010109015,0.001067392,0.0010783934,0.0,0.0010600898,0.001046269,0.0010386434,0.0010492464,0.0010548334,0.0010664937,0.0,0.0,0.0,0.00103004,0.0010109015,0.0010673923,0.0010897036,0.0010719182,0.0010600899,0.0,0.00103004,0.0010109015,0.0010673923,0.0010783931,0.001071948,0.0,0.0,0.0010300401,0.0010109015,0.001067392,0.0010897035,0.0010719269,0.0,0.001046269,0.0,0.0010600898,0.001046269,0.0010673918,0.001071915,0.0,0.0014413809,0.00103004,0.0010109015,0.001067392,0.0010897038,0.0,0.0010600906,0.0,0.00103004,0.0010109015,0.001067392,0.0010783932,0.0,0.0,0.0010462698,0.0010600911,0.0,0.00103004,0.0010600899,0.001071926,0.0010600899,0.0,0.0010300399,0.0010109015,0.001067392,0.0010783931,0.0,0.0,0.001046269,0.00103004,0.0010203004,0.0010304097,0.0011065537,0.0,0.0,0.001046269,0.0,0.0010600898,0.001046269,0.001067392,0.0,0.0010600906,0.0,0.00106009,0.0,0.0010600898,0.001046269,0.0,0.0,0.001046282,0.0010300415,0.0010203007,0.0010304097,0.0011065532,0.0,0.001060118,0.0010600921,0.0010541774,0.0010650561,0.0,0.0009882537,0.0,0.0010600912,0.0010462695,0.0,0.0010600899,0.001046269,0.0010386448,0.0010719163,0.0010600898,0.001046269,0.0,0.0010600898,0.001046269,0.0010386434,0.0,0.0010600899,0.001046269,0.0010386434,0.0010492464,0.0010548334,0.0010664942,0.0010719135,0.0010600898,0.001046269,0.0010386434,0.0010492464,0.0010548334,0.0010664943,0.0010719324,0.0,0.0,0.00103004,0.0010109015,0.001067392,0.0010897041,0.0010719174,0.0,0.001046269,0.00103004,0.0010203004,0.0010304097,0.0011065535,0.0,0.00106009,0.0,0.00103004,0.0010109015,0.001067392,0.001078393,0.0010719195,0.0,0.001046269,0.00103004,0.0010203004,0.0010304097,0.0011065537,0.0,0.0010600898,0.001046269,0.0010386434,0.0010492464,0.0010548334,0.0010664943,0.0010719139,0.0010600898,0.001046269,0.0010386434,0.0010492464,0.0010548334,0.0010664942,0.0,0.00106009,0.001046269,0.0010386434,0.0010492464,0.0010548334,0.0010664939,0.0,0.0,0.001046269,0.00103004,0.0010203004,0.0010304097,0.0011065537,0.0010719137,0.0010600898,0.0,0.0,0.00106009,0.0010600899,0.0010541773,0.0010719253,0.0,0.001046269,0.0,0.00106009,0.001046269,0.0010673943,0.0010719651,0.0,0.0010600898,0.001046269,0.0010386434,0.0,0.0010600899,0.0,0.0010600898,0.0,0.00103004,0.0010109015,0.001067392,0.0010783958,0.001071917,0.0,0.001046269,0.00103004,0.0010203007,0.0010304103,0.0011065503,0.001071919,0.0,0.0,0.00103004,0.0010109015,0.001067392,0.0010897041,0.0,0.00106009,0.001046269,0.0010386434,0.0010492464,0.0010548334,0.0010664943,0.0010719069,0.0010600899,0.001046269,0.0,0.0010600897,0.001046269,0.0010386443,0.0010719148,0.0,0.001046269,0.0010300403,0.0010203006,0.0010304097,0.001106553,0.0010719144,0.0,0.001046269,0.00103004,0.0010203004,0.0010304098,0.0011065541,0.0,0.0010600899,0.0010600899,0.0010541774,0.001065056,0.0,0.0009882717,0.0010719324,0.0,0.001046269,0.00103004,0.0010203004,0.0010304097,0.0011065537,0.0010719146,0.0,0.0,0.00103004,0.0010109015,0.001067392,0.0010897036,0.0010719519,0.0010600904,0.0,0.0010300408,0.0010109018,0.0010673923,0.0010783945,0.0,0.0010600898,0.001046269,0.0010386434,0.0010492464,0.0010548334,0.0010664942,0.0,0.0010600904,0.0,0.00103004,0.0010109015,0.001067392,0.001078393,0.0,0.0010600898,0.0010462692,0.0010386434,0.0010492464,0.0010548334,0.001066494,0.0010719193,0.0010600897,0.001046269,0.0010386435,0.0010492464,0.0010548334,0.001066494,0.0,0.0,0.0,0.00103004,0.0010109015,0.001067392,0.0010897041,0.0010719133,0.0010600898,0.0,0.00103004,0.0010109015,0.001067392,0.0010783932,0.0010719172,0.0010600898,0.001046269,0.001067392,0.0,0.00103004,0.0010109012,0.0,0.0010600898,0.001046269,0.0010386434,0.0010492464,0.0010548334,0.0010664939,0.0,0.0010600898,0.001046269,0.0010386434,0.0010492464,0.0010548334,0.001066494,0.0,0.0010600903,0.001046269,0.0010386434,0.0010492464,0.0010548334,0.0010664937,0.0010719189,0.0010600898,0.001046269,0.0010386434,0.0010492464,0.0010548334,0.0010664942,0.0,0.0,0.001046269,0.00103004,0.0010203004,0.0010304097,0.001106554,0.0,0.0010600898,0.001046269,0.0010386434,0.0010492464,0.0010548334,0.0010664943,0.0010719287,0.0010600903,0.001046269,0.0010386435,0.0010492464,0.0010548334,0.0010664936
k__Bacteria|p__Firmicutes|c__Clostridia|o__Eubacteriales|f__Oscillospiraceae|g__Oscillospiraceae_unclassified|s__Clostridium_methylpentosum,0.0,0.0010619387,0.0010483963,0.0010411402,0.0010523282,0.0010585004,0.0010705433,0.0,0.0010619387,0.0010483963,0.0010411402,0.0010523282,0.0010585004,0.0010705433,0.0,0.0,0.0010484094,0.0010324661,0.0010231008,0.0010338165,0.0011089485,0.001073545,0.0,0.0010483963,0.0010324576,0.0010231002,0.0010338165,0.0011089479,0.0,0.0,0.0010483963,0.0010324576,0.0010231002,0.0010338165,0.0011089478,0.0010734977,0.0010619386,0.0010483963,0.0010411402,0.0010523282,0.0010585004,0.0010705432,0.0,0.0010619389,0.0010483963,0.0010411402,0.0010523282,0.0010585004,0.001070544,0.0010734979,0.0010619386,0.0010483963,0.0010411402,0.0010523282,0.0010585004,0.0010705433,0.0,0.0010619388,0.0010483969,0.0010411405,0.0010523282,0.0010585004,0.0010705441,0.0,0.0010619387,0.0010483963,0.0010411402,0.0010523282,0.0010585004,0.0010705433,0.0,0.0010619387,0.0,0.0010324576,0.0010136176,0.0010693145,0.0010808563,0.0,0.0010619386,0.0010483963,0.0010411402,0.0010523282,0.0010585004,0.0010705434,0.0,0.0,0.0,0.0010324576,0.0010136176,0.0010693145,0.0010918779,0.0010735113,0.0010619387,0.0,0.0010324576,0.0010136176,0.0010693145,0.0010808613,0.0010735922,0.0,0.0,0.0010324576,0.0010136176,0.0010693145,0.0010918777,0.0010735326,0.0,0.0010483963,0.0,0.0010619386,0.0010483963,0.0010693145,0.0010735018,0.0,0.0,0.0010324576,0.0010136176,0.0010693145,0.0010918766,0.0,0.0010619401,0.0,0.0010324576,0.0010136176,0.0010693145,0.0010808555,0.0,0.0,0.0010483968,0.0010619398,0.0,0.0010324576,0.001061939,0.0010735255,0.0010619388,0.0,0.0010324575,0.0010136176,0.0010693145,0.0010808551,0.0,0.0,0.0010483965,0.0010324576,0.0010231002,0.0010338165,0.0011089483,0.0,0.0,0.0010483963,0.0,0.0010619386,0.0010483963,0.0010693145,0.0,0.0010619411,0.0,0.0010619388,0.0,0.0010619386,0.0010483965,0.003663191,0.0017829556,0.0010484081,0.00103246,0.0010231006,0.0010338165,0.0011089481,0.0,0.0010619746,0.0010619427,0.0010563809,0.0010678218,0.0,0.00099128,0.0,0.0010619403,0.001048397,0.0,0.0010619388,0.0010483965,0.0010411427,0.0010735058,0.0010619386,0.0010483963,0.0,0.0010619386,0.0010483963,0.0010411413,0.0,0.0010619389,0.0010483965,0.0010411402,0.0010523282,0.0010585004,0.0010705432,0.0010734978,0.0010619386,0.0010483963,0.0010411402,0.0010523282,0.0010585004,0.0010705433,0.0010735324,0.0,0.0,0.0010324576,0.0010136176,0.0010693145,0.0010918766,0.0010735049,0.0,0.0010483963,0.0010324576,0.0010231002,0.0010338165,0.001108948,0.0,0.0010619388,0.0,0.0010324576,0.0010136176,0.0010693145,0.001080855,0.0010735205,0.0,0.0010483963,0.0010324576,0.0010231005,0.0010338167,0.0011089543,0.0,0.0010619386,0.0010483963,0.0010411402,0.0010523282,0.0010585004,0.0010705444,0.001073499,0.0010619386,0.0010483963,0.0010411402,0.0010523282,0.0010585004,0.0010705432,0.0,0.0010619389,0.0010483965,0.0010411402,0.0010523282,0.0010585004,0.0010705433,0.0,0.0,0.0010483963,0.0010324576,0.0010231002,0.0010338165,0.0011089481,0.0010735017,0.0010619386,0.0,0.0,0.0010619388,0.0010619387,0.0010563812,0.0010735494,0.0,0.0010483966,0.0,0.0010619388,0.0010483963,0.0010693178,0.0010736487,0.0,0.0010619388,0.0010483965,0.0010411402,0.0,0.0010619394,0.0,0.0010619386,0.0,0.0010324576,0.0010136176,0.0010693145,0.0010808617,0.001073505,0.0,0.0010483963,0.0010324576,0.0010231006,0.001033817,0.0011089939,0.0010735147,0.0,0.0,0.0010324576,0.0010136176,0.0010693145,0.0010918765,0.0,0.0010619388,0.0010483965,0.0010411402,0.0010523282,0.0010585004,0.0010705433,0.0010735403,0.0010619387,0.0010483965,0.0,0.0010619387,0.0010483963,0.0010411412,0.0010735012,0.0,0.0010483965,0.0010324577,0.0010231005,0.0010338165,0.0011089494,0.0010735025,0.0,0.0010483965,0.0010324576,0.0010231006,0.0010338167,0.0011089495,0.0,0.0010619387,0.0010619388,0.0010563808,0.0010678218,0.0,0.0009913108,0.0010735452,0.0,0.0010483965,0.0010324576,0.0010231002,0.0010338165,0.0011089478,0.0010735048,0.0,0.0,0.0010324576,0.0010136176,0.0010693145,0.0010918776,0.0010735847,0.0010619395,0.0,0.0010324585,0.0010136182,0.0010693147,0.0010808606,0.0,0.0010619388,0.0010483965,0.0010411402,0.0010523282,0.0010585004,0.0010705432,0.0,0.0010619396,0.0,0.0010324576,0.0010136176,0.0010693145,0.001080855,0.0,0.0010619388,0.0010483965,0.0010411402,0.0010523282,0.0010585004,0.0010705433,0.0010735156,0.0010619387,0.0010483963,0.0010411406,0.0010523282,0.0010585004,0.0010705434,0.0,0.0,0.0,0.0010324576,0.0010136176,0.0010693145,0.0010918771,0.0010734972,0.0010619386,0.0,0.0010324576,0.0010136176,0.0010693145,0.001080856,0.001073512,0.0010619388,0.0010483963,0.0010693145,0.0,0.0010324576,0.0010136177,0.0,0.0010619386,0.0010483963,0.0010411402,0.0010523282,0.0010585004,0.001070544,0.0,0.0010619386,0.0010483963,0.0010411402,0.0010523282,0.0010585004,0.0010705434,0.0,0.0010619393,0.0010483965,0.0010411402,0.0010523282,0.0010585004,0.0010705449,0.0010735093,0.0010619386,0.0010483963,0.0010411402,0.0010523282,0.0010585004,0.0010705439,0.0,0.0,0.0010483963,0.0010324576,0.0010231002,0.0010338165,0.0011089483,0.0,0.0010619386,0.0010483963,0.0010411402,0.0010523282,0.0010585004,0.0010705433,0.0010737514,0.0010619401,0.0010483963,0.0010411402,0.0010523282,0.0010585004,0.0010705452
k__Bacteria|p__Firmicutes|c__Bacilli|o__Lactobacillales|f__Lactobacillaceae|g__Leuconostoc|s__Leuconostoc_mesenteroides,0.0,0.0010615714,0.0010479523,0.0010405915,0.0010516081,0.00105761,0.0010695393,0.0,0.0010615715,0.0010479523,0.0010405915,0.0010516081,0.00105761,0.0010695395,0.0,0.0,0.001047983,0.0010319541,0.0010224691,0.001033007,0.0011084066,0.0010732809,0.0,0.0010479523,0.0010319332,0.0010224677,0.001033007,0.0011084054,0.0,0.0,0.0010479523,0.0010319335,0.0010224677,0.001033007,0.0011084054,0.0010732035,0.0010615714,0.0010479523,0.0010405915,0.0010516081,0.00105761,0.0010695392,0.0,0.0010615727,0.0010479527,0.0010405915,0.0010516081,0.00105761,0.0010695398,0.0010732035,0.0010615714,0.0010479523,0.0010405915,0.0010516081,0.00105761,0.0010695395,0.0,0.0010615718,0.0010479536,0.0010405915,0.0010516081,0.00105761,0.0010695405,0.0,0.0010615715,0.0010479523,0.0010405915,0.0010516081,0.00105761,0.0010695393,0.0,0.0010615715,0.0,0.0010319335,0.0010130107,0.0010689237,0.0010803074,0.0,0.0010615714,0.0010479523,0.0010405915,0.0010516081,0.00105761,0.0010695396,0.0,0.0,0.0,0.0010319332,0.0010130107,0.0010689237,0.0010914077,0.0010732226,0.0010615715,0.0,0.0010319335,0.0010130107,0.0010689237,0.0010803167,0.0010733515,0.0,0.0,0.0010319335,0.0010130107,0.0010689237,0.001091407,0.0010732539,0.0,0.0010479523,0.0,0.0010615714,0.0010479523,0.001068924,0.0010732098,0.0,0.0,0.0010319332,0.0010130107,0.0010689237,0.0010914061,0.0,0.0010615744,0.0,0.0010319335,0.0010130107,0.0010689237,0.0010803057,0.0,0.0,0.0010479545,0.0010615739,0.0,0.0010319335,0.0010615715,0.0010732568,0.0010615718,0.0,0.0010319334,0.0010130107,0.0010689237,0.0010803053,0.0,0.0,0.0010479527,0.0010319335,0.0010224677,0.001033007,0.0011084061,0.0,0.0,0.0010479523,0.0,0.0010615714,0.0010479523,0.001068924,0.0,0.0010615794,0.0,0.0010615715,0.0,0.0010615714,0.0010479524,0.0,0.0,0.0010479888,0.0010319392,0.0010224676,0.001033007,0.0011084066,0.0,0.0010616515,0.0010615807,0.0010559141,0.0010671887,0.0,0.0009905958,0.0,0.0010615762,0.0010479541,0.0,0.0010615721,0.0010479523,0.0010405956,0.0010732174,0.0010615714,0.0010479523,0.0,0.0010615714,0.0010479523,0.0010405928,0.0,0.0010615716,0.0010479524,0.0010405915,0.0010516081,0.00105761,0.0010695395,0.0010732034,0.0010615714,0.0010479523,0.0010405915,0.0010516081,0.00105761,0.0010695393,0.0010732622,0.0,0.0,0.0010319332,0.0010130107,0.0010689237,0.0010914059,0.0010732154,0.0,0.0010479523,0.0010319332,0.0010224677,0.001033007,0.001108406,0.0,0.0010615715,0.0,0.0010319332,0.0010130107,0.0010689237,0.0010803052,0.0010732386,0.0,0.0010479523,0.0010319335,0.0010224677,0.001033007,0.0011084144,0.0,0.0010615714,0.0010479523,0.0010405915,0.0010516081,0.00105761,0.0010695411,0.0010732051,0.0010615714,0.0010479523,0.0010405915,0.0010516081,0.00105761,0.0010695392,0.0,0.0010615725,0.0010479527,0.0010405915,0.0010516081,0.00105761,0.0010695397,0.0,0.0,0.0010479523,0.0010319332,0.0010224677,0.001033007,0.0011084058,0.0010732084,0.0010615714,0.0,0.0,0.0010615715,0.0010615715,0.0010559136,0.0010732831,0.0,0.0010479529,0.0,0.0010615715,0.0010479523,0.0010689278,0.001073431,0.0,0.0010615718,0.0010479523,0.0010405915,0.0,0.0010615722,0.0,0.0010615713,0.0,0.0010319332,0.0010130107,0.0010689237,0.001080313,0.0010732164,0.0,0.0010479523,0.0010319332,0.0010224676,0.0010330079,0.0011084651,0.0010732398,0.0,0.0,0.0010319335,0.0010130107,0.0010689237,0.0010914057,0.0,0.0010615715,0.0010479524,0.0010405915,0.0010516081,0.00105761,0.0010695395,0.0010732418,0.0010615714,0.0010479523,0.0,0.0010615714,0.0010479523,0.0010405931,0.0010732082,0.0,0.0010479523,0.0010319335,0.0010224677,0.001033007,0.0011084077,0.0010732115,0.0,0.0010479524,0.0010319335,0.001022468,0.001033007,0.0011084081,0.0,0.0010615714,0.0010615718,0.0010559129,0.0010671888,0.0,0.0009906435,0.001073275,0.0,0.0010479523,0.0010319332,0.0010224677,0.001033007,0.0011084054,0.0010732133,0.0,0.0,0.0010319332,0.0010130107,0.0010689237,0.0010914075,0.0010733475,0.001061573,0.0,0.0010319352,0.0010130113,0.0010689241,0.001080314,0.0,0.0010615715,0.0010479523,0.0010405915,0.0010516081,0.00105761,0.0010695392,0.0,0.0010615736,0.0,0.0010319335,0.0010130107,0.0010689237,0.0010803052,0.0,0.0010615715,0.0010479524,0.0010405915,0.0010516081,0.00105761,0.0010695395,0.001073232,0.0010615716,0.0010479526,0.0010405919,0.0010516081,0.00105761,0.0010695398,0.0,0.0,0.0,0.0010319332,0.0010130107,0.0010689237,0.0010914063,0.0010732029,0.0010615714,0.0,0.0010319332,0.0010130107,0.0010689237,0.0010803068,0.0010732298,0.0010615715,0.0010479523,0.0010689237,0.0,0.0010319332,0.0010130109,0.0,0.0010615714,0.0010479523,0.0010405915,0.0010516081,0.00105761,0.0010695404,0.0,0.0010615714,0.0010479523,0.0010405915,0.0010516081,0.00105761,0.0010695398,0.0,0.0010615727,0.0010479523,0.0010405915,0.0010516081,0.00105761,0.0010695416,0.0010732225,0.0010615714,0.0010479523,0.0010405915,0.0010516081,0.00105761,0.0010695399,0.0,0.0,0.0010479523,0.0010319335,0.0010224677,0.001033007,0.0011084061,0.0,0.0010615714,0.0010479523,0.0010405915,0.0010516081,0.00105761,0.0010695393,0.0010736125,0.0010615742,0.0010479526,0.0010405914,0.0010516081,0.00105761,0.0010695423
k__Bacteria|p__Firmicutes|c__Clostridia|o__Eubacteriales|f__Oscillospiraceae|g__Anaeromassilibacillus|s__Anaeromassilibacillus_sp_An172,0.0,0.001058013,0.0010443903,0.0010370992,0.0010483569,0.0010545742,0.0010667056,0.0,0.0010580131,0.0010443903,0.0010370992,0.0010483569,0.0010545742,0.0010667053,0.0,0.0,0.0010443979,0.0010283776,0.0010189799,0.0010297508,0.0011054624,0.0010696868,0.0,0.0010443903,0.0010283729,0.0010189796,0.0010297508,0.0011054615,0.0,0.0,0.0010443903,0.0010283729,0.0010189796,0.0010297508,0.0011054615,0.0010696526,0.001058013,0.0010443903,0.0010370992,0.0010483569,0.0010545742,0.0010667052,0.0,0.0010580134,0.0010443903,0.0010370992,0.0010483569,0.0010545742,0.0010667064,0.0010696527,0.001058013,0.0010443903,0.0010370992,0.0010483569,0.0010545742,0.0010667053,0.0,0.0010580132,0.0010443908,0.0010370993,0.0010483569,0.0010545742,0.0010667061,0.0,0.0010580131,0.0010443903,0.0010370992,0.0010483569,0.0010545742,0.0010667053,0.0,0.0010580131,0.0,0.0010283729,0.0010094595,0.0010654419,0.0010770824,0.0,0.001058013,0.0010443903,0.0010370992,0.0010483569,0.0010545742,0.001066706,0.0,0.0,0.0,0.0010283729,0.0010094595,0.0010654419,0.001088202,0.0010696631,0.0010580131,0.0,0.0010283729,0.0010094595,0.0010654419,0.0010770889,0.0010697293,0.0,0.0,0.0010283728,0.0010094595,0.0010654419,0.0010882017,0.0010696787,0.0,0.0010443903,0.0,0.001058013,0.0010443903,0.0010654421,0.001069656,0.0,0.0,0.0010283729,0.0010094595,0.0010654419,0.0010881998,0.0,0.0010580139,0.0,0.0010283729,0.0010094595,0.0010654419,0.001077081,0.0,0.0,0.0010443907,0.0010580139,0.0,0.0010283729,0.0010580134,0.0010696719,0.0010580132,0.0,0.0010283728,0.0010094595,0.0010654419,0.0010770805,0.0,0.0,0.0010443904,0.0010283729,0.0010189796,0.0010297508,0.0011054621,0.0,0.0,0.0010443903,0.0,0.001058013,0.0010443903,0.0010654416,0.0,0.001058015,0.0,0.0010580132,0.0,0.001058013,0.0010443904,0.0,0.0,0.0010443962,0.0010283741,0.0010189797,0.0010297508,0.0011054623,0.0,0.001058034,0.0010580148,0.0010524234,0.0010639483,0.0,0.0009870579,0.0,0.0010580147,0.0010443907,0.0,0.0010580132,0.0010443903,0.001037102,0.001069658,0.001058013,0.0010443903,0.0,0.001058013,0.0010443903,0.0010371006,0.0,0.0010580132,0.0010443904,0.0010370992,0.0010483569,0.0010545742,0.0010667053,0.0010696526,0.001058013,0.0010443903,0.0010370992,0.0010483569,0.0010545742,0.0010667053,0.0010696817,0.0,0.0,0.0010283729,0.0010094595,0.0010654419,0.0010881996,0.0010696572,0.0,0.0010443903,0.0010283729,0.0010189796,0.0010297508,0.001105462,0.0,0.0010580132,0.0,0.0010283729,0.0010094595,0.0010654419,0.0010770806,0.0010696693,0.0,0.0010443903,0.0010283729,0.0010189796,0.0010297508,0.0011054706,0.0,0.001058013,0.0010443903,0.0010370992,0.0010483569,0.0010545742,0.0010667075,0.0010696532,0.001058013,0.0010443903,0.0010370992,0.0010483569,0.0010545742,0.0010667052,0.0,0.0010580135,0.0010443903,0.0010370992,0.0010483569,0.0010545742,0.0010667056,0.0,0.0,0.0010443903,0.0010283729,0.0010189796,0.0010297508,0.0011054617,0.0010696554,0.001058013,0.0,0.0,0.0010580132,0.0010580131,0.001052424,0.0010696911,0.0,0.0010443903,0.0,0.0010580132,0.0010443903,0.0010654463,0.0010697745,0.0,0.0010580132,0.0010443903,0.0010370992,0.0,0.0010580141,0.0,0.001058013,0.0,0.0010283729,0.0010094595,0.0010654418,0.0010770871,0.001069658,0.0,0.0010443903,0.0010283729,0.0010189797,0.0010297514,0.0011055281,0.0010696654,0.0,0.0,0.0010283729,0.0010094595,0.0010654419,0.0010881994,0.0,0.0010580132,0.0010443904,0.0010370992,0.0010483569,0.0010545742,0.0010667053,0.0010696766,0.0010580131,0.0010443903,0.0,0.001058013,0.0010443903,0.0010371003,0.0010696554,0.0,0.0010443903,0.0010283729,0.0010189796,0.0010297508,0.0011054643,0.0010696565,0.0,0.0010443904,0.0010283728,0.0010189797,0.0010297509,0.001105464,0.0,0.0010580131,0.0010580131,0.0010524233,0.0010639481,0.0,0.0009870962,0.0010696905,0.0,0.0010443903,0.0010283729,0.0010189796,0.0010297508,0.0011054615,0.0010696587,0.0,0.0,0.0010283729,0.0010094595,0.0010654419,0.0010882015,0.0010697175,0.0010580135,0.0,0.0010283734,0.0010094595,0.0010654419,0.0010770893,0.0,0.0010580131,0.0010443903,0.0010370992,0.0010483569,0.0010545742,0.0010667052,0.0,0.0010580136,0.0,0.0010283729,0.0010094595,0.0010654419,0.0010770803,0.0,0.001058013,0.0010443904,0.0010370992,0.0010483569,0.0010545742,0.0010667053,0.0010696687,0.0010580131,0.0010443903,0.0010370994,0.0010483569,0.0010545742,0.0010667057,0.0,0.0,0.0,0.0010283729,0.0010094595,0.0010654419,0.0010882001,0.0010696521,0.001058013,0.0,0.0010283729,0.0010094595,0.0010654419,0.0010770814,0.0010696646,0.0010580131,0.0010443903,0.0010654419,0.0,0.0010283729,0.0010094596,0.0,0.001058013,0.0010443903,0.0010370992,0.0010483569,0.0010545742,0.0010667065,0.0,0.001058013,0.0010443903,0.0010370992,0.0010483569,0.0010545742,0.0010667057,0.0,0.0010580134,0.0010443903,0.0010370992,0.0010483569,0.0010545742,0.0010667079,0.0010696616,0.001058013,0.0010443903,0.0010370992,0.0010483569,0.0010545742,0.0010667061,0.0,0.0,0.0010443903,0.0010283729,0.0010189796,0.0010297508,0.0011054621,0.0,0.001058013,0.0010443903,0.0010370992,0.0010483569,0.0010545742,0.0010667053,0.0010698559,0.0010580143,0.0010443903,0.0010370993,0.0010483569,0.0010545742,0.0010667086
k__Bacteria|p__Firmicutes|c__Clostridia|o__Eubacteriales|f__Clostridiaceae|g__Clostridium|s__Clostridium_SGB6176,0.0,0.0010583034,0.0010446408,0.0010372854,0.0010484206,0.0010545197,0.0010665637,0.0,0.0010583034,0.0010446408,0.0010372854,0.0010484206,0.0010545197,0.0010665635,0.0,0.0,0.0010446572,0.0010285928,0.001019122,0.0010297683,0.0011055771,0.0010700008,0.0,0.0010446408,0.0010285813,0.0010191211,0.0010297683,0.0011055766,0.0,0.0,0.0010446408,0.0010285813,0.0010191211,0.0010297683,0.0011055766,0.0010699799,0.0010583033,0.0010446408,0.0010372854,0.0010484206,0.0010545197,0.0010665633,0.0,0.0010583039,0.0010446407,0.0010372854,0.0010484206,0.0010545197,0.0010665642,0.0010699799,0.0010583033,0.0010446408,0.0010372854,0.0010484206,0.0010545197,0.0010665638,0.0,0.0010583038,0.0010446414,0.0010372855,0.0010484206,0.0010545197,0.0010665639,0.0,0.0010583034,0.0010446408,0.0010372854,0.0010484206,0.0010545197,0.0010665637,0.0,0.0010583034,0.0,0.0010285813,0.001009623,0.0010657093,0.0010772314,0.0,0.0010583033,0.0010446408,0.0010372853,0.0010484206,0.0010545197,0.0010665639,0.0,0.0,0.0,0.0010285813,0.001009623,0.0010657093,0.0010883892,0.0010699847,0.0010583034,0.0,0.0010285813,0.001009623,0.0010657096,0.0010772351,0.001070018,0.0,0.0,0.0010285814,0.001009623,0.0010657096,0.001088389,0.0010699943,0.0,0.0010446408,0.0,0.0010583033,0.0010446408,0.0010657096,0.001069982,0.0,0.0,0.0010285813,0.001009623,0.0010657093,0.0010883879,0.0,0.0010583048,0.0,0.0010285813,0.001009623,0.0010657093,0.0010772301,0.0,0.0,0.001044642,0.0010583043,0.0,0.0010285813,0.0010583035,0.0010699986,0.0010583038,0.0,0.0010285812,0.001009623,0.0010657093,0.0010772297,0.0,0.0,0.0010446408,0.0010285813,0.0010191211,0.0010297683,0.0011055766,0.0,0.0,0.0010446408,0.0,0.0010583033,0.0010446408,0.0010657096,0.0,0.001058308,0.0,0.0010583034,0.0,0.0010583033,0.0010446409,0.0,0.0,0.0010446586,0.0010285842,0.0010191213,0.0010297683,0.001105577,0.0,0.0010583468,0.0010583081,0.001052652,0.001064056,0.0,0.0009871738,0.0,0.0010583061,0.001044642,0.0,0.0010583039,0.0010446408,0.0010372882,0.0010699842,0.0010583033,0.0010446408,0.0,0.0010583033,0.0010446408,0.0010372864,0.0,0.0010583036,0.0010446409,0.0010372853,0.0010484206,0.0010545197,0.0010665635,0.0010699799,0.0010583033,0.0010446408,0.0010372854,0.0010484206,0.0010545197,0.0010665637,0.0010699966,0.0,0.0,0.0010285813,0.001009623,0.0010657093,0.0010883879,0.0010699822,0.0,0.0010446408,0.0010285813,0.0010191211,0.0010297683,0.0011055769,0.0,0.0010583034,0.0,0.0010285813,0.001009623,0.0010657093,0.0010772296,0.0010699913,0.0,0.0010446408,0.0010285813,0.0010191211,0.0010297683,0.0011055825,0.0,0.0010583033,0.0010446408,0.0010372854,0.0010484206,0.0010545197,0.0010665649,0.00106998,0.0010583033,0.0010446408,0.0010372854,0.0010484206,0.0010545197,0.0010665633,0.0,0.001058304,0.0010446408,0.0010372853,0.0010484206,0.0010545197,0.0010665637,0.0,0.0,0.0010446408,0.0010285813,0.0010191211,0.0010297683,0.0011055766,0.0010699811,0.0010583033,0.0,0.0,0.0010583034,0.0010583034,0.001052652,0.0010700028,0.0,0.0010446411,0.0,0.0010583034,0.0010446408,0.001065713,0.0010700449,0.0,0.0010583035,0.0010446408,0.0010372853,0.0,0.001058304,0.0,0.0010583032,0.0,0.0010285813,0.001009623,0.0010657095,0.0010772356,0.0010699838,0.0,0.0010446408,0.0010285813,0.0010191213,0.0010297688,0.0011056165,0.0010699925,0.0,0.0,0.0010285813,0.001009623,0.0010657093,0.0010883877,0.0,0.0010583034,0.0010446409,0.0010372854,0.0010484206,0.0010545197,0.0010665635,0.0010699766,0.0010583034,0.0010446408,0.0,0.0010583034,0.0010446408,0.0010372865,0.0010699809,0.0,0.0010446408,0.0010285813,0.0010191211,0.0010297683,0.0011055782,0.0010699824,0.0,0.0010446409,0.0010285813,0.0010191213,0.0010297684,0.001105578,0.0,0.0010583034,0.0010583035,0.0010526516,0.0010640562,0.0,0.0009872115,0.0010700006,0.0,0.0010446408,0.0010285813,0.0010191211,0.0010297683,0.0011055766,0.0010699831,0.0,0.0,0.0010285813,0.001009623,0.0010657096,0.001088389,0.0010700119,0.001058304,0.0,0.0010285821,0.0010096232,0.0010657095,0.0010772359,0.0,0.0010583035,0.0010446408,0.0010372853,0.0010484206,0.0010545197,0.0010665637,0.0,0.001058305,0.0,0.0010285813,0.001009623,0.0010657093,0.0010772296,0.0,0.0010583035,0.0010446408,0.0010372853,0.0010484206,0.0010545197,0.0010665638,0.001069989,0.0010583036,0.0010446411,0.0010372858,0.0010484206,0.0010545197,0.0010665638,0.0,0.0,0.0,0.0010285813,0.001009623,0.0010657093,0.0010883883,0.0010699797,0.0010583033,0.0,0.0010285813,0.001009623,0.0010657093,0.0010772303,0.0010699895,0.0010583035,0.0010446408,0.0010657093,0.0,0.0010285813,0.0010096232,0.0,0.0010583033,0.0010446408,0.0010372853,0.0010484206,0.0010545197,0.0010665642,0.0,0.0010583033,0.0010446408,0.0010372853,0.0010484206,0.0010545197,0.0010665638,0.0,0.001058304,0.0010446408,0.0010372853,0.0010484206,0.0010545197,0.0010665649,0.0010699844,0.0010583033,0.0010446408,0.0010372853,0.0010484206,0.0010545197,0.0010665639,0.0,0.0,0.0010446408,0.0010285813,0.0010191211,0.0010297683,0.0011055769,0.0,0.0010583033,0.0010446408,0.0010372854,0.0010484206,0.0010545197,0.0010665637,0.001070116,0.0010583053,0.0010446411,0.0010372854,0.0010484206,0.0010545197,0.0010665655
k__Bacteria|p__Firmicutes|c__Bacilli|o__Bacillales|f__Paenibacillaceae|g__Paenibacillus|s__Paenibacillus_sp_79R4,0.0,0.0010590844,0.0010454572,0.0010381372,0.0010493083,0.001055447,0.0010675074,0.0,0.0010590847,0.0010454572,0.0010381372,0.0010493083,0.001055447,0.0010675074,0.0,0.0,0.0010454608,0.0010294358,0.0010200103,0.0010306973,0.0011063309,0.0010707529,0.0,0.0010454572,0.0010294334,0.0010200102,0.0010306973,0.0011063308,0.0,0.0,0.0010454572,0.0010294334,0.0010200102,0.0010306973,0.001106331,0.0010707265,0.0010590847,0.0010454572,0.0010381372,0.0010493083,0.001055447,0.0010675073,0.0,0.0010590849,0.0010454573,0.0010381372,0.0010493083,0.001055447,0.0010675079,0.0010707267,0.0010590847,0.0010454572,0.0010381372,0.0010493083,0.001055447,0.0010675074,0.0,0.0010590848,0.0010454576,0.0010381374,0.0010493083,0.001055447,0.0010675075,0.0,0.0010590847,0.0010454572,0.0010381372,0.0010493083,0.001055447,0.0010675074,0.0,0.0010590847,0.0,0.0010294334,0.0010105112,0.0010664882,0.0010780364,0.0,0.0010590847,0.0010454572,0.0010381372,0.0010493083,0.001055447,0.0010675072,0.0,0.0,0.0,0.0010294334,0.0010105112,0.0010664882,0.0010891543,0.0010707335,0.0010590847,0.0,0.0010294334,0.0010105112,0.0010664882,0.0010780366,0.0010707816,0.0,0.0,0.0010294337,0.0010105112,0.0010664879,0.0010891545,0.0010707445,0.0,0.0010454572,0.0,0.0010590847,0.0010454572,0.0010664881,0.0010707283,0.0,0.0,0.0010294334,0.0010105112,0.0010664882,0.0010891547,0.0,0.0010590849,0.0,0.0010294334,0.0010105112,0.0010664882,0.0010780358,0.0,0.0,0.0010454578,0.0010590854,0.0,0.0010294334,0.0010590848,0.0010707385,0.0010590844,0.0,0.0010294336,0.0010105112,0.0010664882,0.0010780358,0.0,0.0,0.0010454573,0.0010294334,0.0010200102,0.0010306973,0.0011063311,0.0,0.0,0.0010454572,0.0,0.0010590847,0.0010454572,0.0010664879,0.0,0.0010590844,0.0,0.0010590848,0.0,0.0010590847,0.0010454573,0.0,0.0,0.0010454629,0.0010294339,0.0010200103,0.0010306973,0.0011063304,0.0,0.0010590879,0.0010590848,0.0010534662,0.0010649023,0.0,0.0009880894,0.0,0.0010590852,0.0010454574,0.0,0.0010590844,0.0010454573,0.0010381383,0.0010707302,0.0010590847,0.0010454572,0.0,0.0010590847,0.0010454572,0.0010381378,0.0,0.0010590847,0.0010454573,0.0010381372,0.0010493083,0.001055447,0.0010675074,0.0010707268,0.0010590847,0.0010454572,0.0010381372,0.0010493083,0.001055447,0.0010675074,0.0010707495,0.0,0.0,0.0010294334,0.0010105112,0.0010664882,0.001089155,0.0010707299,0.0,0.0010454572,0.0010294334,0.0010200102,0.0010306973,0.0011063308,0.0,0.0010590848,0.0,0.0010294334,0.0010105112,0.0010664882,0.0010780358,0.0010707352,0.0,0.0010454572,0.0010294334,0.0010200102,0.0010306973,0.0011063314,0.0,0.0010590847,0.0010454572,0.0010381372,0.0010493083,0.001055447,0.0010675078,0.0010707275,0.0010590847,0.0010454572,0.0010381372,0.0010493083,0.001055447,0.0010675073,0.0,0.0010590847,0.0010454573,0.0010381372,0.0010493083,0.001055447,0.0010675074,0.0,0.0,0.0010454572,0.0010294334,0.0010200102,0.0010306973,0.0011063311,0.0010707283,0.0010590847,0.0,0.0,0.0010590848,0.0010590847,0.0010534662,0.0010707541,0.0,0.0010454574,0.0,0.0010590848,0.0010454572,0.0010664891,0.0010708102,0.0,0.0010590847,0.0010454573,0.0010381372,0.0,0.0010590848,0.0,0.0010590845,0.0,0.0010294334,0.0010105112,0.0010664879,0.0010780372,0.0010707312,0.0,0.0010454572,0.0010294334,0.0010200103,0.0010306976,0.0011063222,0.0010707361,0.0,0.0,0.0010294334,0.0010105112,0.0010664882,0.001089155,0.0022850493,0.0010590848,0.0010454573,0.0010381372,0.0010493083,0.001055447,0.0010675074,0.0010707518,0.0010590847,0.0010454573,0.0,0.0010590845,0.0010454572,0.0010381379,0.0010707283,0.0,0.0010454573,0.0010294337,0.0010200102,0.0010306973,0.0011063305,0.0010707285,0.0,0.0010454573,0.0010294334,0.0010200103,0.0010306974,0.0011063311,0.0,0.0010590843,0.0010590847,0.0010534663,0.0010649023,0.0,0.0009881064,0.0010707523,0.0,0.0010454573,0.0010294334,0.0010200102,0.0010306973,0.001106331,0.0010707289,0.0,0.0,0.0010294334,0.0010105112,0.0010664882,0.0010891543,0.001070784,0.0010590847,0.0,0.001029434,0.0010105112,0.0010664882,0.0010780371,0.0,0.0010590845,0.0010454573,0.0010381372,0.0010493083,0.001055447,0.0010675073,0.0,0.0010590847,0.0,0.0010294334,0.0010105112,0.0010664882,0.0010780358,0.0,0.0010590845,0.0010454573,0.0010381372,0.0010493083,0.001055447,0.0010675075,0.001070735,0.0010590843,0.0010454573,0.0010381374,0.001049308,0.001055447,0.0010675075,0.0,0.0,0.0,0.0010294334,0.0010105112,0.0010664882,0.0010891551,0.0010707263,0.0010590847,0.0,0.0010294334,0.0010105112,0.0010664882,0.0010780359,0.0010707335,0.0010590845,0.0010454572,0.0010664882,0.0,0.0010294334,0.0010105114,0.0,0.0010590847,0.0010454572,0.0010381372,0.0010493083,0.001055447,0.0010675075,0.0,0.0010590847,0.0010454572,0.0010381372,0.0010493083,0.001055447,0.0010675073,0.0,0.0010590847,0.0010454573,0.0010381372,0.001049308,0.001055447,0.0010675073,0.0010707321,0.0010590847,0.0010454572,0.0010381372,0.0010493083,0.001055447,0.0010675075,0.0,0.0,0.0010454572,0.0010294334,0.0010200102,0.0010306973,0.0011063309,0.0,0.0010590847,0.0010454572,0.0010381372,0.0010493083,0.001055447,0.0010675074,0.0010708469,0.0010590845,0.0010454573,0.0010381372,0.001049308,0.001055447,0.0010675072
k__Bacteria|p__Firmicutes|c__Clostridia|o__Eubacteriales|f__Oscillospiraceae|g__Agathobaculum|s__Agathobaculum_desmolans,0.0,0.0010619406,0.0010482311,0.0010407297,0.0010514879,0.0010572382,0.0010689861,0.0,0.0010619408,0.0010482311,0.0010407297,0.0010514879,0.0010572382,0.0010689864,0.0,0.0,0.0010482542,0.0010321332,0.0010225062,0.0010327812,0.0011084265,0.0010737028,0.0,0.0010482311,0.0010321165,0.0010225052,0.0010327812,0.0011084266,0.0,0.0,0.0010482311,0.0010321165,0.0010225052,0.0010327812,0.0011084265,0.0010736577,0.0010619407,0.0010482311,0.0010407297,0.0010514879,0.0010572382,0.0010689864,0.0,0.0010619415,0.0010482315,0.0010407297,0.0010514879,0.0010572382,0.0010689856,0.0010736577,0.0010619407,0.0010482311,0.0010407297,0.0010514879,0.0010572382,0.0010689864,0.0,0.0010619409,0.0010482315,0.0010407298,0.001051488,0.0010572382,0.0010689871,0.0,0.0010619408,0.0010482311,0.0010407297,0.0010514879,0.0010572382,0.0010689865,0.0,0.0010619408,0.0,0.0010321165,0.0010130929,0.0010692481,0.0010803813,0.0,0.0010619407,0.0010482311,0.0010407297,0.0010514879,0.0010572382,0.0010689859,0.0,0.0,0.0,0.0010321165,0.0010130929,0.0010692481,0.0010915721,0.0010736681,0.0010619408,0.0,0.0010321165,0.0010130929,0.0010692481,0.0010803827,0.0010737382,0.0,0.0,0.0010321166,0.0010130929,0.0010692481,0.0010915714,0.0010736866,0.0,0.0010482311,0.0,0.0010619407,0.0010482311,0.001069248,0.001073661,0.0,0.0,0.0010321165,0.0010130929,0.0010692481,0.0010915719,0.0,0.0010619428,0.0,0.0010321165,0.0010130929,0.0010692481,0.0010803809,0.0,0.0,0.0010482325,0.0010619427,0.0,0.0010321165,0.0010619406,0.0010736963,0.0010619411,0.0,0.0010321165,0.0010130929,0.0010692481,0.0010803813,0.0,0.0,0.0010482316,0.0010321165,0.0010225052,0.0010327812,0.0011084264,0.0,0.0,0.0010482311,0.0,0.0010619407,0.0010482311,0.0010692477,0.0,0.0010619464,0.0,0.0010619409,0.0,0.0010619407,0.0010482313,0.0,0.0,0.0010482627,0.001032121,0.0010225053,0.0010327812,0.0011084268,0.0,0.001061999,0.0010619473,0.0010561475,0.0010671692,0.0,0.0009905613,0.0,0.0010619435,0.0010482327,0.0,0.0010619411,0.0010482313,0.0010407309,0.0010736681,0.0010619407,0.0010482311,0.0,0.0010619407,0.0010482311,0.0010407296,0.0,0.0010619408,0.0010482313,0.0010407297,0.0010514879,0.0010572382,0.0010689864,0.0010736575,0.0010619407,0.0010482311,0.0010407297,0.0010514879,0.0010572382,0.0010689865,0.0010736901,0.0,0.0,0.0010321165,0.0010130929,0.0010692481,0.0010915719,0.0010736649,0.0,0.0010482311,0.0010321165,0.0010225052,0.0010327812,0.0011084263,0.0,0.0010619409,0.0,0.0010321165,0.0010130929,0.0010692481,0.0010803813,0.0010736763,0.0,0.0010482311,0.0010321165,0.0010225052,0.0010327812,0.0011084249,0.0,0.0010619407,0.0010482311,0.0010407297,0.0010514879,0.0010572382,0.0010689859,0.0010736589,0.0010619407,0.0010482311,0.0010407297,0.0010514879,0.0010572382,0.0010689864,0.0,0.0010619415,0.0010482313,0.0010407297,0.0010514879,0.0010572382,0.0010689861,0.0,0.0,0.0010482311,0.0010321165,0.0010225052,0.0010327812,0.0011084266,0.0010736606,0.0010619407,0.0,0.0,0.0010619409,0.0010619408,0.0010561469,0.0010737042,0.0,0.0010482315,0.0,0.0010619409,0.0010482311,0.0010692474,0.0010737809,0.0,0.0010619409,0.0010482313,0.0010407297,0.0,0.0010619406,0.0,0.0010619407,0.0,0.0010321165,0.0010130929,0.001069248,0.0010803796,0.0010736659,0.0,0.0010482311,0.0010321165,0.0010225053,0.0010327813,0.0011084265,0.0010736821,0.0,0.0,0.0010321165,0.0010130929,0.0010692481,0.0010915722,0.0032704163,0.0010619409,0.0010482313,0.0010407297,0.0010514879,0.0010572382,0.0010689864,0.0010736961,0.0010619408,0.0010482313,0.0,0.0010619407,0.0010482311,0.0010407306,0.00107366,0.0,0.0010482313,0.0010321165,0.0010225052,0.0010327812,0.001108426,0.001073662,0.0,0.0010482313,0.0010321164,0.0010225053,0.0010327813,0.0011084256,0.0,0.0010619408,0.0010619409,0.0010561466,0.0010671692,0.0,0.0009905907,0.0010736991,0.0,0.0010482313,0.0010321165,0.0010225052,0.0010327812,0.0011084265,0.0010736636,0.0,0.0,0.0010321165,0.0010130929,0.0010692481,0.001091572,0.0010737401,0.0010619416,0.0,0.0010321173,0.0010130934,0.0010692481,0.0010803818,0.0,0.0010619407,0.0010482313,0.0010407297,0.0010514879,0.0010572382,0.0010689864,0.0,0.0010619425,0.0,0.0010321165,0.0010130929,0.0010692481,0.0010803813,0.0,0.0010619408,0.0010482313,0.0010407297,0.0010514879,0.0010572382,0.0010689863,0.0010736685,0.0010619408,0.0010482311,0.0010407298,0.001051488,0.0010572382,0.0010689861,0.0,0.0,0.0,0.0010321165,0.0010130929,0.0010692481,0.001091572,0.0010736572,0.0010619407,0.0,0.0010321165,0.0010130929,0.0010692481,0.0010803812,0.0010736719,0.0010619407,0.0010482311,0.0010692481,0.0,0.0010321165,0.001013093,0.0,0.0010619407,0.0010482311,0.0010407297,0.0010514879,0.0010572382,0.0010689858,0.0,0.0010619407,0.0010482311,0.0010407297,0.0010514879,0.0010572382,0.0010689863,0.0,0.0010619416,0.0010482313,0.0010407297,0.001051488,0.0010572382,0.0010689854,0.0010736682,0.0010619407,0.0010482311,0.0010407297,0.0010514879,0.0010572382,0.0010689863,0.0,0.0,0.0010482311,0.0010321165,0.0010225052,0.0010327812,0.0011084266,0.0,0.0010619407,0.0010482311,0.0010407297,0.0010514879,0.0010572382,0.0010689865,0.0010739155,0.0010619424,0.0010482315,0.0010407297,0.0010514879,0.0010572382,0.001068986
k__Bacteria|p__Firmicutes|c__Negativicutes|o__Veillonellales|f__Veillonellaceae|g__Megasphaera|s__Megasphaera_elsdenii,0.0,0.0010607392,0.0010471054,0.00103974,0.0010507772,0.0010567942,0.0010687459,0.0,0.0010607393,0.0010471054,0.00103974,0.0010507772,0.0010567942,0.0010687459,0.0,0.0,0.0010471176,0.0010310798,0.0010216025,0.0010321584,0.0011076743,0.0010724425,0.0,0.0010471054,0.0010310719,0.001021602,0.0010321584,0.0011076735,0.0,0.0,0.0010471054,0.0010310719,0.001021602,0.0010321584,0.0011076733,0.0010723864,0.0010607393,0.0010471054,0.00103974,0.0010507772,0.0010567942,0.0010687459,0.0,0.0010607399,0.0010471054,0.00103974,0.0010507772,0.0010567942,0.0010687466,0.0010723864,0.0010607393,0.0010471054,0.00103974,0.0010507772,0.0010567942,0.0010687459,0.0,0.0010607394,0.001047106,0.0010397405,0.0010507774,0.0010567942,0.0010687468,0.0,0.0010607393,0.0010471054,0.00103974,0.0010507772,0.0010567942,0.001068746,0.0,0.0010607393,0.0,0.0010310719,0.0010121359,0.001068104,0.0010795131,0.0,0.0010607393,0.0010471054,0.00103974,0.0010507774,0.0010567942,0.0010687467,0.0,0.0,0.0,0.0010310719,0.0010121359,0.001068104,0.0010906333,0.0010724034,0.0010607393,0.0,0.0010310719,0.0010121359,0.001068104,0.0010795208,0.0010724984,0.0,0.0,0.0010310721,0.0010121359,0.001068104,0.0010906323,0.0010724253,0.0,0.0010471054,0.0,0.0010607393,0.0010471054,0.001068104,0.0010723913,0.0,0.0,0.0010310719,0.0010121359,0.001068104,0.0010906308,0.0,0.0010607409,0.0,0.0010310719,0.0010121359,0.001068104,0.001079512,0.0,0.0,0.001047106,0.0010607406,0.0,0.0010310719,0.0010607396,0.0010724181,0.0010607396,0.0,0.0010310719,0.0010121359,0.001068104,0.0010795112,0.0,0.0,0.0010471055,0.0010310719,0.001021602,0.0010321584,0.0011076736,0.0,0.0,0.0010471054,0.0,0.0010607393,0.0010471054,0.001068104,0.0,0.0010607427,0.0,0.0010607394,0.0,0.0010607393,0.0010471055,0.0,0.0,0.0010471201,0.0010310743,0.001021602,0.0010321584,0.0011076742,0.0,0.0010607763,0.0010607429,0.0010550773,0.001066376,0.0,0.0009897053,0.0,0.0010607417,0.0010471061,0.0,0.0010607397,0.0010471054,0.0010397427,0.0010723962,0.0010607393,0.0010471054,0.0,0.0010607393,0.0010471054,0.0010397412,0.0,0.0010607394,0.0010471055,0.00103974,0.0010507772,0.0010567942,0.0010687459,0.0010723864,0.0010607393,0.0010471054,0.00103974,0.0010507772,0.0010567942,0.001068746,0.0010724285,0.0,0.0,0.0010310719,0.0010121359,0.001068104,0.0010906307,0.0010723944,0.0,0.0010471054,0.0010310719,0.001021602,0.0010321584,0.0011076735,0.0,0.0010607394,0.0,0.0010310719,0.0010121359,0.001068104,0.0010795112,0.001072413,0.0,0.0010471054,0.0010310719,0.001021602,0.0010321584,0.0011076817,0.0,0.0010607393,0.0010471054,0.00103974,0.0010507774,0.0010567942,0.001068748,0.0010723878,0.0010607393,0.0010471054,0.00103974,0.0010507772,0.0010567942,0.0010687459,0.0,0.0010607399,0.0010471054,0.00103974,0.0010507774,0.0010567942,0.0010687459,0.0,0.0,0.0010471054,0.0010310719,0.001021602,0.0010321584,0.0011076735,0.0010723909,0.0010607393,0.0,0.0,0.0010607394,0.0010607393,0.0010550775,0.0010724448,0.0,0.0010471054,0.0,0.0010607394,0.0010471054,0.001068107,0.0010725582,0.0,0.0010607394,0.0010471054,0.00103974,0.0,0.0010607402,0.0,0.0010607392,0.0,0.0010310719,0.0010121359,0.001068104,0.0010795176,0.0010723949,0.0,0.0010471054,0.0010310719,0.001021602,0.0010321591,0.001107741,0.0010724065,0.0,0.0,0.0010310719,0.0010121359,0.001068104,0.0010906304,0.0,0.0010607394,0.0010471055,0.00103974,0.0010507772,0.0010567942,0.0010687459,0.0010724362,0.0010607394,0.0010471054,0.0,0.0010607393,0.0010471054,0.0010397416,0.0010723908,0.0,0.0010471054,0.0010310721,0.001021602,0.0010321584,0.0011076757,0.0010723922,0.0,0.0010471055,0.0010310719,0.001021602,0.0010321585,0.0011076755,0.0,0.0010607394,0.0010607394,0.0010550773,0.0010663759,0.0,0.000989747,0.0010724429,0.0,0.0010471054,0.0010310719,0.001021602,0.0010321584,0.0011076733,0.0010723954,0.0,0.0,0.0010310719,0.0010121359,0.001068104,0.0010906326,0.0010724901,0.0010607401,0.0,0.001031073,0.0010121363,0.0010681041,0.0010795199,0.0,0.0010607393,0.0010471054,0.00103974,0.0010507772,0.0010567942,0.0010687459,0.0,0.0010607402,0.0,0.0010310719,0.0010121359,0.001068104,0.0010795112,0.0,0.0010607393,0.0010471055,0.00103974,0.0010507772,0.0010567942,0.0010687459,0.001072408,0.0010607395,0.0010471054,0.0010397404,0.0010507774,0.0010567942,0.0010687462,0.0,0.0,0.0,0.0010310719,0.0010121359,0.001068104,0.001090631,0.0010723859,0.0010607393,0.0,0.0010310719,0.0010121359,0.001068104,0.0010795125,0.0010724043,0.0010607393,0.0010471054,0.001068104,0.0,0.0010310719,0.001012136,0.0,0.0010607393,0.0010471054,0.00103974,0.0010507774,0.0010567942,0.0010687467,0.0,0.0010607393,0.0010471054,0.00103974,0.0010507774,0.0010567942,0.0010687462,0.0,0.0010607401,0.0010471054,0.00103974,0.0010507774,0.0010567942,0.0010687485,0.0010724007,0.0010607393,0.0010471054,0.00103974,0.0010507772,0.0010567942,0.0010687467,0.0,0.0,0.0010471054,0.0010310719,0.001021602,0.0010321584,0.0011076739,0.0,0.0010607393,0.0010471054,0.00103974,0.0010507772,0.0010567942,0.001068746,0.0010726821,0.0010607408,0.0010471054,0.00103974,0.0010507774,0.0010567942,0.0010687495
k__Bacteria|p__Firmicutes|c__Negativicutes|o__Veillonellales|f__Veillonellaceae|g__Veillonella|s__Veillonella_seminalis,0.0,0.0010581118,0.0010444964,0.0010372142,0.0010484835,0.0010547135,0.0010668518,0.0,0.001058112,0.0010444964,0.0010372142,0.0010484835,0.0010547135,0.0010668518,0.0,0.0,0.0010445009,0.0010284893,0.0010191024,0.0010298863,0.0011055665,0.0010697396,0.0,0.0010444964,0.0010284865,0.0010191022,0.0010298863,0.001105566,0.0,0.0,0.0010444964,0.0010284865,0.0010191022,0.0010298863,0.0011055662,0.001069744,0.0010581119,0.0010444964,0.0010372142,0.0010484835,0.0010547135,0.0010668518,0.0,0.0010581121,0.0010444964,0.0010372142,0.0010484835,0.0010547135,0.0010668527,0.0010697439,0.0010581119,0.0010444964,0.0010372142,0.0010484835,0.0010547135,0.0010668517,0.0,0.001058112,0.0010444969,0.0010372143,0.0010484835,0.0010547135,0.0010668521,0.0,0.001058112,0.0010444964,0.0010372142,0.0010484835,0.0010547135,0.0010668519,0.0,0.001058112,0.0,0.0010284865,0.0010095807,0.0010655414,0.0010771919,0.0,0.0010581119,0.0010444964,0.0010372142,0.0010484835,0.0010547135,0.0010668525,0.0,0.0,0.0,0.0010284865,0.0010095807,0.0010655414,0.0010883033,0.0010697425,0.001058112,0.0,0.0010284865,0.0010095807,0.0010655414,0.0010771957,0.0010697392,0.0,0.0,0.0010284868,0.0010095807,0.0010655414,0.0010883032,0.0010697421,0.0,0.0010444964,0.0,0.0010581119,0.0010444964,0.0010655414,0.0010697432,0.0,0.0,0.0010284865,0.0010095807,0.0010655414,0.0010883019,0.0,0.0010581121,0.0,0.0010284865,0.0010095807,0.0010655414,0.0010771907,0.0,0.0,0.0010444968,0.001058112,0.0,0.0010284865,0.0010581119,0.00106974,0.001058112,0.0,0.0010284865,0.0010095807,0.0010655414,0.0010771909,0.0,0.0,0.0010444964,0.0010284865,0.0010191022,0.0010298863,0.0011055662,0.0,0.0,0.0010444964,0.0,0.0010581119,0.0010444964,0.0010655413,0.0,0.0010581126,0.0,0.0010581121,0.0,0.0010581119,0.0010444964,0.0,0.0,0.001044497,0.0010284866,0.0010191024,0.0010298863,0.0011055665,0.0,0.0010581198,0.0010581122,0.0010525302,0.0010640667,0.0,0.000987185,0.0,0.0010581126,0.0010444965,0.0,0.001058112,0.0010444963,0.0010372165,0.0010697426,0.0010581119,0.0010444964,0.0,0.0010581119,0.0010444964,0.0010372148,0.0,0.001058112,0.0010444964,0.0010372142,0.0010484835,0.0010547135,0.0010668518,0.0010697439,0.0010581119,0.0010444964,0.0010372142,0.0010484835,0.0010547135,0.0010668519,0.0010697413,0.0,0.0,0.0010284865,0.0010095807,0.0010655414,0.0010883019,0.0010697418,0.0,0.0010444964,0.0010284865,0.0010191022,0.0010298863,0.001105566,0.0,0.0010581121,0.0,0.0010284865,0.0010095807,0.0010655414,0.0010771904,0.0010697438,0.0,0.0010444964,0.0010284865,0.0010191022,0.0010298863,0.0011055715,0.0,0.0010581119,0.0010444964,0.0010372142,0.0010484835,0.0010547135,0.0010668534,0.0010697435,0.0010581119,0.0010444964,0.0010372142,0.0010484835,0.0010547135,0.0010668518,0.0,0.0010581119,0.0010444963,0.0010372142,0.0010484835,0.0010547135,0.0010668518,0.0,0.0,0.0010444964,0.0010284865,0.0010191022,0.0010298863,0.0011055662,0.0010697428,0.0010581119,0.0,0.0,0.0010581121,0.001058112,0.0010525308,0.001069738,0.0,0.0010444964,0.0,0.0010581121,0.0010444964,0.0010655457,0.0010697482,0.0,0.001058112,0.0010444963,0.0010372142,0.0,0.0010581125,0.0,0.0010581119,0.0,0.0010284865,0.0010095807,0.0010655414,0.001077196,0.0010697427,0.0,0.0010444964,0.0010284865,0.0010191024,0.0010298868,0.0011056088,0.001069743,0.0,0.0,0.0010284865,0.0010095807,0.0010655414,0.0010883018,0.0,0.0010581121,0.0010444964,0.0010372142,0.0010484835,0.0010547135,0.0010668518,0.0010697267,0.001058112,0.0010444963,0.0,0.0010581119,0.0010444964,0.0010372146,0.0010697432,0.0,0.0010444963,0.0010284866,0.0010191022,0.0010298863,0.0011055679,0.0010697434,0.0,0.0010444964,0.0010284865,0.0010191024,0.0010298864,0.0011055674,0.0,0.001058112,0.001058112,0.0010525304,0.0010640665,0.0,0.0009872182,0.0010697374,0.0,0.0010444963,0.0010284865,0.0010191022,0.0010298863,0.0011055662,0.0010697434,0.0,0.0,0.0010284865,0.0010095807,0.0010655414,0.001088303,0.0010697343,0.001058112,0.0,0.001028487,0.0010095808,0.0010655415,0.0010771964,0.0,0.001058112,0.0010444963,0.0010372142,0.0010484835,0.0010547135,0.0010668518,0.0,0.0010581121,0.0,0.0010284865,0.0010095807,0.0010655414,0.0010771904,0.0,0.0010581119,0.0010444964,0.0010372142,0.0010484835,0.0010547135,0.0010668518,0.0010697452,0.0010581119,0.0010444964,0.0010372143,0.0010484835,0.0010547135,0.0010668521,0.0,0.0,0.0,0.0010284865,0.0010095807,0.0010655414,0.0010883023,0.0010697439,0.0010581119,0.0,0.0010284865,0.0010095807,0.0010655414,0.0010771911,0.0010697432,0.001058112,0.0010444964,0.0010655414,0.0,0.0010284865,0.0010095808,0.0,0.0010581119,0.0010444964,0.0010372142,0.0010484835,0.0010547135,0.0010668527,0.0,0.0010581119,0.0010444964,0.0010372142,0.0010484835,0.0010547135,0.0010668519,0.0,0.0010581119,0.0010444963,0.0010372142,0.0010484835,0.0010547135,0.0010668539,0.0010697419,0.0010581119,0.0010444964,0.0010372142,0.0010484835,0.0010547135,0.001066852,0.0,0.0,0.0010444964,0.0010284865,0.0010191022,0.0010298863,0.0011055665,0.0,0.0010581119,0.0010444964,0.0010372142,0.0010484835,0.0010547135,0.0010668519,0.0010697808,0.0010581125,0.0010444964,0.0010372142,0.0010484835,0.0010547135,0.0010668546
k__Bacteria|p__Firmicutes|c__Bacilli|o__Lactobacillales|f__Lactobacillaceae|g__Pediococcus|s__Pediococcus_pentosaceus,0.0,0.001062282,0.0010486288,0.0010412022,0.0010520807,0.0010579508,0.0010697776,0.0,0.0010622821,0.0010486288,0.0010412022,0.0010520807,0.0010579508,0.0010697779,0.0,0.0,0.0010486402,0.0010325799,0.0010230396,0.0010334393,0.0011088834,0.0010739766,0.0,0.0010486288,0.0010325725,0.0010230391,0.0010334393,0.0011088833,0.0,0.0,0.0010486288,0.0010325725,0.0010230391,0.0010334393,0.0011088833,0.0010739454,0.001062282,0.0010486288,0.0010412022,0.0010520807,0.0010579508,0.0010697778,0.0,0.0010622828,0.0010486289,0.0010412022,0.0010520807,0.0010579508,0.001069778,0.0010739455,0.001062282,0.0010486288,0.0010412022,0.0010520807,0.0010579508,0.0010697776,0.0,0.0010622822,0.0010486292,0.0010412026,0.0010520807,0.0010579508,0.0010697782,0.0,0.0010622821,0.0010486288,0.0010412022,0.0010520807,0.0010579508,0.0010697778,0.0,0.0010622821,0.0,0.0010325725,0.0010136093,0.001069605,0.0010808503,0.0,0.001062282,0.0010486288,0.0010412022,0.0010520807,0.0010579508,0.0010697774,0.0,0.0,0.0,0.0010325725,0.0010136093,0.001069605,0.0010919824,0.0010739544,0.0010622821,0.0,0.0010325725,0.0010136093,0.001069605,0.0010808518,0.0010740057,0.0,0.0,0.0010325727,0.0010136093,0.001069605,0.0010919821,0.0010739688,0.0,0.0010486288,0.0,0.001062282,0.0010486288,0.001069605,0.001073948,0.0,0.0,0.0010325725,0.0010136093,0.001069605,0.001091982,0.0,0.0010622831,0.0,0.0010325725,0.0010136093,0.001069605,0.0010808493,0.0,0.0,0.0010486295,0.0010622834,0.0,0.0010325725,0.0010622822,0.0010739665,0.0010622825,0.0,0.0010325725,0.0010136093,0.001069605,0.0010808491,0.0,0.0,0.0010486289,0.0010325725,0.0010230391,0.0010334393,0.0011088836,0.0,0.0,0.0010486288,0.0,0.001062282,0.0010486288,0.0010696049,0.0,0.0010622841,0.0,0.0010622822,0.0,0.001062282,0.0010486289,0.0,0.0,0.0010486434,0.0010325745,0.001023039,0.0010334393,0.0011088833,0.0,0.0010623068,0.0010622847,0.0010565607,0.0010676984,0.0,0.0009911406,0.0,0.0010622834,0.0010486293,0.0,0.0010622822,0.001048629,0.001041204,0.001073952,0.001062282,0.0010486288,0.0,0.001062282,0.0010486288,0.0010412029,0.0,0.0010622822,0.0010486289,0.0010412022,0.0010520807,0.0010579508,0.0010697779,0.0010739455,0.001062282,0.0010486288,0.0010412022,0.0010520807,0.0010579508,0.0010697778,0.001073972,0.0,0.0,0.0010325725,0.0010136093,0.001069605,0.0010919819,0.0010739502,0.0,0.0010486288,0.0010325725,0.0010230391,0.0010334393,0.0011088833,0.0,0.0010622822,0.0,0.0010325725,0.0010136093,0.001069605,0.0010808491,0.0010739581,0.0,0.0010486288,0.0010325725,0.0010230391,0.0010334393,0.0011088855,0.0,0.001062282,0.0010486288,0.0010412022,0.0010520807,0.0010579508,0.0010697783,0.0010739464,0.001062282,0.0010486288,0.0010412022,0.0010520807,0.0010579508,0.0010697778,0.0,0.0010622827,0.001048629,0.0010412022,0.0010520807,0.0010579508,0.0010697776,0.0,0.0,0.0010486288,0.0010325725,0.0010230391,0.0010334393,0.0011088836,0.0010739475,0.001062282,0.0,0.0,0.0010622822,0.0010622821,0.0010565604,0.0010739764,0.0,0.001048629,0.0,0.0010622825,0.0010486288,0.001069607,0.0010740379,0.0,0.0010622822,0.001048629,0.0010412022,0.0,0.0010622825,0.0,0.001062282,0.0,0.0010325725,0.0010136093,0.0010696049,0.001080852,0.001073951,0.0,0.0010486288,0.0010325725,0.001023039,0.0010334398,0.0011089039,0.0010739586,0.0,0.0,0.0010325725,0.0010136093,0.001069605,0.0010919817,0.0,0.0010622822,0.0010486289,0.0010412022,0.0010520807,0.0010579508,0.0010697779,0.0010739723,0.0010622824,0.001048629,0.0,0.0010622824,0.0010486288,0.0010412033,0.0010739476,0.0,0.001048629,0.0010325727,0.0010230391,0.0010334393,0.0011088838,0.0010739483,0.0,0.0010486289,0.0010325725,0.001023039,0.0010334395,0.0011088835,0.0,0.0010622821,0.0010622822,0.0010565604,0.0010676982,0.0,0.00099117,0.0010739779,0.0,0.001048629,0.0010325725,0.0010230391,0.0010334393,0.0011088833,0.0010739494,0.0,0.0,0.0010325725,0.0010136093,0.001069605,0.0010919822,0.0010740069,0.0010622827,0.0,0.0010325732,0.0010136095,0.001069605,0.0010808526,0.0,0.0010622821,0.001048629,0.0010412022,0.0010520807,0.0010579508,0.0010697778,0.0,0.0010622828,0.0,0.0010325725,0.0010136093,0.001069605,0.0010808491,0.0,0.0010622824,0.0010486289,0.0010412022,0.0010520807,0.0010579508,0.0010697778,0.001073955,0.0010622821,0.0010486289,0.0010412027,0.0010520807,0.0010579508,0.0010697778,0.0,0.0,0.0,0.0010325725,0.0010136093,0.001069605,0.0010919818,0.0010739452,0.001062282,0.0,0.0010325725,0.0010136093,0.001069605,0.0010808496,0.0010739542,0.0010622821,0.0010486288,0.001069605,0.0,0.0010325725,0.0010136096,0.0,0.001062282,0.0010486288,0.0010412022,0.0010520807,0.0010579508,0.0010697778,0.0,0.001062282,0.0010486288,0.0010412022,0.0010520807,0.0010579508,0.0010697776,0.0,0.0010622825,0.001048629,0.0010412022,0.0010520807,0.0010579508,0.0010697785,0.001073953,0.001062282,0.0010486288,0.0010412022,0.0010520807,0.0010579508,0.0010697779,0.0,0.0,0.0010486288,0.0010325725,0.0010230391,0.0010334393,0.0011088835,0.0,0.001062282,0.0010486288,0.0010412022,0.0010520807,0.0010579508,0.0010697778,0.0010740878,0.0010622832,0.0010486289,0.0010412022,0.0010520807,0.0010579508,0.0010697787
k__Bacteria|p__Firmicutes|c__Clostridia|o__Eubacteriales|f__Peptostreptococcaceae|g__GGB47956|s__GGB47956_SGB71712,0.0,0.0010601577,0.0010464358,0.0010389538,0.0010498058,0.0010556375,0.0010674685,0.0,0.0010601578,0.0010464358,0.0010389538,0.0010498058,0.0010556375,0.0010674682,0.0,0.0,0.0010464423,0.0010303153,0.0010207202,0.0010310843,0.0011069196,0.0010718885,0.0,0.0010464358,0.0010303106,0.0010207198,0.0010310843,0.0011069189,0.0,0.0,0.0010464358,0.0010303106,0.0010207198,0.0010310843,0.0011069188,0.0010718879,0.0010601577,0.0010464358,0.0010389538,0.0010498058,0.0010556375,0.0010674682,0.0,0.001060158,0.0010464358,0.0010389538,0.0010498058,0.0010556375,0.001067469,0.001071888,0.0010601577,0.0010464358,0.0010389538,0.0010498058,0.0010556375,0.0010674685,0.0,0.0010601579,0.0010464358,0.001038954,0.0010498058,0.0010556375,0.0010674688,0.0,0.0010601578,0.0010464358,0.0010389538,0.0010498058,0.0010556375,0.0010674682,0.0,0.0010601578,0.0,0.0010303106,0.00101128,0.0010674988,0.0010787374,0.0,0.0010601577,0.0010464358,0.0010389538,0.0010498058,0.0010556375,0.0010674694,0.0,0.0,0.0,0.0010303106,0.00101128,0.0010674988,0.001089949,0.0010718887,0.0010601578,0.0,0.0010303106,0.00101128,0.001067499,0.0010787428,0.0010718997,0.0,0.0,0.0010303106,0.00101128,0.001067499,0.0010899483,0.0010718894,0.0,0.0010464358,0.0,0.0010601577,0.0010464358,0.001067499,0.0010718887,0.0,0.0,0.0010303106,0.00101128,0.0010674988,0.0010899465,0.0,0.0010601585,0.0,0.0010303106,0.00101128,0.0010674988,0.0010787359,0.0,0.0,0.0010464364,0.0010601581,0.0,0.0010303106,0.0010601579,0.0010718951,0.0010601579,0.0,0.0010303105,0.00101128,0.0010674988,0.0010787356,0.0,0.0,0.0010464359,0.0010303106,0.0010207198,0.0010310843,0.0011069191,0.0,0.0,0.0010464358,0.0,0.0010601577,0.0010464358,0.001067499,0.0,0.0010601602,0.0,0.0010601579,0.0,0.0010601577,0.0010464359,0.0,0.0,0.0010464444,0.001030312,0.0010207199,0.0010310843,0.0011069194,0.0,0.0010601742,0.001060159,0.0010543836,0.0010655043,0.0,0.0009887523,0.0,0.0010601592,0.0010464363,0.0,0.0010601579,0.0010464359,0.0010389559,0.0010718884,0.0010601577,0.0010464358,0.0,0.0010601577,0.0010464358,0.0010389547,0.0,0.0010601579,0.0010464359,0.0010389538,0.0010498058,0.0010556375,0.0010674684,0.001071888,0.0010601577,0.0010464358,0.0010389538,0.0010498058,0.0010556375,0.0010674682,0.001071892,0.0,0.0,0.0010303106,0.00101128,0.0010674988,0.0010899465,0.0010718878,0.0,0.0010464358,0.0010303106,0.0010207198,0.0010310843,0.001106919,0.0,0.0010601579,0.0,0.0010303106,0.00101128,0.0010674988,0.0010787355,0.0010718916,0.0,0.0010464358,0.0010303106,0.0010207198,0.0010310843,0.001106926,0.0,0.0010601577,0.0010464358,0.0010389538,0.0010498058,0.0010556375,0.0010674704,0.0010718876,0.0010601577,0.0010464358,0.0010389538,0.0010498058,0.0010556375,0.0010674682,0.0,0.001060158,0.0010464359,0.0010389538,0.0010498058,0.0010556375,0.0010674685,0.0,0.0,0.0010464358,0.0010303106,0.0010207198,0.0010310843,0.0011069189,0.0010718876,0.0010601577,0.0,0.0,0.0010601579,0.0010601578,0.001054384,0.0010718895,0.0,0.001046436,0.0,0.0010601579,0.0010464358,0.0010675016,0.0010719064,0.0,0.0010601579,0.0010464359,0.0010389538,0.0,0.0010601584,0.0,0.0010601577,0.0,0.0010303106,0.00101128,0.0010674988,0.0010787417,0.0010718885,0.0,0.0010464358,0.0010303106,0.0010207195,0.0010310847,0.0011069822,0.0010718913,0.0,0.0,0.0010303106,0.00101128,0.0010674988,0.0010899464,0.0,0.0010601579,0.0010464359,0.0010389538,0.0010498058,0.0010556375,0.0010674682,0.0010718695,0.0010601578,0.0010464359,0.0,0.0010601578,0.0010464358,0.0010389545,0.0010718885,0.0,0.0010464359,0.0010303106,0.0010207198,0.0010310843,0.0011069214,0.0010718887,0.0,0.0010464359,0.0010303106,0.0010207199,0.0010310845,0.0011069208,0.0,0.0010601578,0.001060158,0.0010543832,0.0010655045,0.0,0.0009887954,0.0010718923,0.0,0.0010464359,0.0010303106,0.0010207198,0.0010310843,0.0011069188,0.0010718898,0.0,0.0,0.0010303106,0.00101128,0.0010674988,0.0010899485,0.0010718898,0.0010601579,0.0,0.0010303112,0.0010112802,0.001067499,0.0010787435,0.0,0.0010601578,0.0010464359,0.0010389538,0.0010498058,0.0010556375,0.0010674682,0.0,0.0010601584,0.0,0.0010303106,0.00101128,0.0010674988,0.0010787355,0.0,0.0010601579,0.0010464359,0.0010389538,0.0010498058,0.0010556375,0.0010674687,0.0010718917,0.0010601578,0.0010464358,0.001038954,0.0010498058,0.0010556375,0.0010674687,0.0,0.0,0.0,0.0010303106,0.00101128,0.0010674988,0.0010899468,0.0010718877,0.0010601577,0.0,0.0010303106,0.00101128,0.0010674988,0.0010787365,0.0010718914,0.0010601578,0.0010464358,0.0010674988,0.0,0.0010303106,0.0010112801,0.0,0.0010601577,0.0010464358,0.0010389538,0.0010498058,0.0010556375,0.0010674695,0.0,0.0010601577,0.0010464358,0.0010389538,0.0010498058,0.0010556375,0.0010674685,0.0,0.001060158,0.0010464359,0.0010389538,0.0010498058,0.0010556375,0.0010674711,0.0010718886,0.0010601577,0.0010464358,0.0010389538,0.0010498058,0.0010556375,0.0010674689,0.0,0.0,0.0010464358,0.0010303106,0.0010207198,0.0010310843,0.0011069193,0.0,0.0010601577,0.0010464358,0.0010389538,0.0010498058,0.0010556375,0.0010674682,0.001071945,0.0010601588,0.0010464358,0.0010389539,0.0010498058,0.0010556375,0.0010674719
k__Bacteria|p__Firmicutes|c__Clostridia|o__Eubacteriales|f__Clostridiaceae|g__Clostridium|s__Clostridium_culturomicium,0.0,0.0010603082,0.0010467743,0.0010395657,0.0010508909,0.0010571883,0.0010693426,0.0,0.0010603082,0.0010467743,0.0010395657,0.0010508909,0.0010571883,0.0010693424,0.0,0.0,0.0010467983,0.001030864,0.0010215405,0.0010323894,0.0011076335,0.0010719028,0.0,0.0010467743,0.0010308473,0.0010215391,0.0010323894,0.0011076318,0.0,0.0,0.0010467743,0.0010308473,0.0010215391,0.0010323894,0.001107632,0.0010718608,0.0010603082,0.0010467743,0.0010395657,0.0010508909,0.0010571883,0.0010693423,0.0,0.0010603092,0.0010467744,0.0010395657,0.0010508909,0.0010571883,0.0010693425,0.0010718609,0.0010603082,0.0010467743,0.0010395657,0.0010508909,0.0010571883,0.0010693425,0.0,0.0010603085,0.0010467751,0.0010395657,0.0010508909,0.0010571883,0.0010693434,0.0,0.0010603082,0.0010467743,0.0010395657,0.0010508909,0.0010571883,0.0010693424,0.0,0.0010603082,0.0,0.0010308473,0.0010120228,0.001067723,0.00107941,0.0,0.0010603082,0.0010467743,0.0010395657,0.0010508909,0.0010571883,0.0010693435,0.0,0.0,0.0,0.0010308473,0.0010120228,0.001067723,0.0010904312,0.0010718707,0.0010603082,0.0,0.0010308473,0.0010120228,0.001067723,0.0010794216,0.0010719576,0.0,0.0,0.0010308472,0.0010120228,0.001067723,0.0010904295,0.0010718894,0.0,0.0010467743,0.0,0.0010603082,0.0010467743,0.0010677234,0.0010718652,0.0,0.0,0.0010308473,0.0010120228,0.001067723,0.0010904272,0.0,0.0010603106,0.0,0.0010308473,0.0010120228,0.001067723,0.001079408,0.0,0.0,0.0010467761,0.00106031,0.0,0.0010308473,0.0010603083,0.0010719007,0.0010603085,0.0,0.0010308472,0.0010120228,0.001067723,0.0010794073,0.0,0.0,0.0010467746,0.0010308473,0.0010215391,0.0010323894,0.0011076324,0.0,0.0,0.0010467743,0.0,0.0010603082,0.0010467743,0.0010677233,0.0,0.0010603158,0.0,0.0010603083,0.0,0.0010603082,0.0010467744,0.0,0.0,0.0010468056,0.0010308522,0.0010215392,0.0010323894,0.0011076336,0.0,0.0010603701,0.0010603154,0.0010547972,0.001066378,0.0,0.0009897152,0.0,0.0010603123,0.001046776,0.0,0.0010603087,0.0010467744,0.0010395694,0.0010718685,0.0010603082,0.0010467743,0.0,0.0010603082,0.0010467743,0.0010395673,0.0,0.0010603084,0.0010467744,0.0010395657,0.0010508909,0.0010571883,0.0010693425,0.0010718607,0.0010603082,0.0010467743,0.0010395657,0.0010508909,0.0010571883,0.0010693424,0.0010718982,0.0,0.0,0.0010308473,0.0010120228,0.001067723,0.0010904268,0.001071869,0.0,0.0010467743,0.0010308473,0.0010215391,0.0010323894,0.0011076324,0.0,0.0010603083,0.0,0.0010308473,0.0010120228,0.001067723,0.0010794074,0.001071881,0.0,0.0010467743,0.0010308473,0.0010215391,0.0010323894,0.0011076437,0.0,0.0010603082,0.0010467743,0.0010395657,0.0010508909,0.0010571883,0.0010693452,0.0010718615,0.0010603082,0.0010467743,0.0010395657,0.0010508909,0.0010571883,0.0010693423,0.0,0.0010603092,0.0010467744,0.0010395657,0.0010508909,0.0010571883,0.0010693426,0.0,0.0,0.0010467743,0.0010308473,0.0010215391,0.0010323894,0.0011076322,0.0010718631,0.0010603082,0.0,0.0,0.0010603083,0.0010603082,0.0010547976,0.0010719061,0.0,0.0010467747,0.0,0.0010603083,0.0010467743,0.0010677264,0.0010720042,0.0,0.0010603085,0.0010467744,0.0010395657,0.0,0.0010603092,0.0,0.0010603081,0.0,0.0010308473,0.0010120228,0.0010677234,0.0010794135,0.0010718686,0.0,0.0010467743,0.0010308473,0.0010215392,0.0010323899,0.0011077304,0.0010718862,0.0,0.0,0.0010308473,0.0010120228,0.001067723,0.0010904266,0.0,0.0010603083,0.0010467744,0.0010395657,0.0010508909,0.0010571883,0.0010693424,0.0010718562,0.0010603082,0.0010467744,0.0,0.0010603082,0.0010467743,0.001039567,0.0010718642,0.0,0.0010467744,0.0010308473,0.0010215391,0.0010323894,0.0011076358,0.0010718661,0.0,0.0010467744,0.0010308473,0.0010215392,0.0010323895,0.0011076351,0.0,0.0010603082,0.0010603083,0.0010547966,0.001066378,0.0,0.0009897747,0.0010719061,0.0,0.0010467744,0.0010308473,0.0010215391,0.0010323894,0.001107632,0.0010718682,0.0,0.0,0.0010308473,0.0010120228,0.001067723,0.0010904301,0.0010719447,0.0010603096,0.0,0.0010308487,0.0010120235,0.0010677234,0.0010794196,0.0,0.0010603083,0.0010467744,0.0010395657,0.0010508909,0.0010571883,0.0010693423,0.0,0.0010603099,0.0,0.0010308473,0.0010120228,0.001067723,0.0010794074,0.0,0.0010603083,0.0010467746,0.0010395657,0.0010508909,0.0010571883,0.0010693426,0.0010718814,0.0010603084,0.0010467747,0.0010395659,0.0010508909,0.0010571883,0.001069343,0.0,0.0,0.0,0.0010308473,0.0010120228,0.001067723,0.0010904273,0.0010718603,0.0010603082,0.0,0.0010308473,0.0010120228,0.001067723,0.0010794087,0.0010718794,0.0010603083,0.0010467743,0.001067723,0.0,0.0010308473,0.0010120231,0.0,0.0010603082,0.0010467743,0.0010395657,0.0010508909,0.0010571883,0.0010693439,0.0,0.0010603082,0.0010467743,0.0010395657,0.0010508909,0.0010571883,0.0010693428,0.0,0.0010603091,0.0010467744,0.0010395657,0.0010508909,0.0010571883,0.001069346,0.0010718737,0.0010603082,0.0010467743,0.0010395657,0.0010508909,0.0010571883,0.0010693431,0.0,0.0,0.0010467743,0.0010308473,0.0010215391,0.0010323894,0.0011076326,0.0,0.0010603082,0.0010467743,0.0010395657,0.0010508909,0.0010571883,0.0010693424,0.00107213,0.0010603108,0.0010467747,0.0010395655,0.0010508909,0.0010571883,0.0010693474
k__Bacteria|p__Firmicutes|c__Bacilli|o__Lactobacillales|f__Aerococcaceae|g__Abiotrophia|s__Abiotrophia_defectiva,0.0,0.0010629498,0.0010490777,0.0010413154,0.0010515846,0.0010568607,0.0010682635,0.0,0.00106295,0.0010490777,0.0010413154,0.0010515846,0.0010568607,0.0010682633,0.0,0.0,0.0010490966,0.0010328027,0.0010229099,0.001032688,0.0011087498,0.0010748486,0.0,0.0010490777,0.0010327899,0.0010229091,0.001032688,0.0011087488,0.0,0.0,0.0010490777,0.0010327899,0.0010229091,0.001032688,0.0011087486,0.0010748192,0.0010629499,0.0010490777,0.0010413154,0.0010515846,0.0010568607,0.0010682633,0.0,0.0010629505,0.0010490778,0.0010413154,0.0010515846,0.0010568607,0.001068264,0.0010748195,0.0010629499,0.0010490777,0.0010413154,0.0010515846,0.0010568607,0.0010682635,0.0,0.0010629504,0.0010490783,0.0010413157,0.0010515846,0.0010568607,0.0010682641,0.0,0.00106295,0.0010490777,0.0010413154,0.0010515846,0.0010568607,0.0010682634,0.0,0.00106295,0.0,0.0010327899,0.0010135837,0.0010701683,0.0010808314,0.0,0.0010629499,0.0010490777,0.0010413154,0.0010515846,0.0010568607,0.0010682641,0.0,0.0,0.0,0.0010327899,0.0010135837,0.0010701683,0.0010921828,0.0010748276,0.00106295,0.0,0.0010327899,0.0010135837,0.0010701683,0.0010808392,0.001074883,0.0,0.0,0.00103279,0.0010135837,0.0010701683,0.0010921824,0.0010748404,0.0,0.0010490777,0.0,0.0010629499,0.0010490777,0.0010701685,0.0010748222,0.0,0.0,0.0010327899,0.0010135837,0.0010701683,0.0010921811,0.0,0.0010629519,0.0,0.0010327899,0.0010135837,0.0010701683,0.0010808297,0.0,0.0,0.0010490784,0.0010629513,0.0,0.0010327899,0.0010629502,0.0010748429,0.0010629504,0.0,0.0010327899,0.0010135837,0.0010701683,0.0010808295,0.0,0.0,0.0010490778,0.0010327899,0.0010229091,0.001032688,0.0011087491,0.0,0.0,0.0010490777,0.0,0.0010629499,0.0010490777,0.0010701683,0.0,0.0010629548,0.0,0.00106295,0.0,0.0010629499,0.0010490778,0.0,0.0,0.0010490982,0.0010327933,0.0010229091,0.001032688,0.0011087495,0.0,0.0010630056,0.0010629558,0.0010569055,0.0010674467,0.0,0.0009908702,0.0,0.0010629528,0.0010490787,0.0,0.0010629504,0.0010490777,0.0010413188,0.0010748251,0.0010629499,0.0010490777,0.0,0.0010629499,0.0010490777,0.0010413165,0.0,0.00106295,0.0010490778,0.0010413154,0.0010515846,0.0010568607,0.0010682637,0.0010748194,0.0010629499,0.0010490777,0.0010413154,0.0010515846,0.0010568607,0.0010682634,0.0010748424,0.0,0.0,0.0010327899,0.0010135837,0.0010701683,0.0010921807,0.0010748252,0.0,0.0010490777,0.0010327899,0.0010229091,0.001032688,0.001108749,0.0,0.00106295,0.0,0.0010327899,0.0010135837,0.0010701683,0.0010808294,0.0010748372,0.0,0.0010490777,0.0010327899,0.0010229091,0.0010326881,0.0011087586,0.0,0.0010629499,0.0010490777,0.0010413154,0.0010515846,0.0010568607,0.0010682652,0.0010748196,0.0010629499,0.0010490777,0.0010413154,0.0010515846,0.0010568607,0.0010682633,0.0,0.0010629505,0.0010490777,0.0010413154,0.0010515846,0.0010568607,0.0010682635,0.0,0.0,0.0010490777,0.0010327899,0.0010229091,0.001032688,0.0011087488,0.0010748211,0.0010629499,0.0,0.0,0.00106295,0.00106295,0.0010569054,0.0010748503,0.0,0.0010490777,0.0,0.00106295,0.0010490777,0.001070172,0.0010749175,0.0,0.0010629502,0.0010490777,0.0010413154,0.0,0.0010629507,0.0,0.0010629498,0.0,0.0010327899,0.0010135837,0.0010701685,0.0010808377,0.0010748242,0.0,0.0010490777,0.0010327899,0.0010229091,0.0010326887,0.0011088244,0.0010748337,0.0,0.0,0.0010327899,0.0010135837,0.0010701683,0.0010921807,0.0,0.00106295,0.0010490778,0.0010413154,0.0010515846,0.0010568607,0.0010682633,0.0010748227,0.00106295,0.0010490777,0.0,0.0010629499,0.0010490777,0.0010413168,0.0010748217,0.0,0.0010490777,0.00103279,0.0010229091,0.0010326881,0.0011087509,0.0010748227,0.0,0.0010490778,0.0010327899,0.0010229091,0.0010326883,0.0011087512,0.0,0.0010629502,0.0010629504,0.0010569051,0.0010674465,0.0,0.0009909166,0.0010748492,0.0,0.0010490777,0.0010327899,0.0010229091,0.001032688,0.0011087486,0.001074824,0.0,0.0,0.0010327899,0.0010135837,0.0010701683,0.0010921825,0.0010748741,0.001062951,0.0,0.0010327911,0.0010135844,0.0010701685,0.0010808379,0.0,0.0010629499,0.0010490777,0.0010413154,0.0010515846,0.0010568607,0.0010682633,0.0,0.0010629513,0.0,0.0010327899,0.0010135837,0.0010701683,0.0010808295,0.0,0.00106295,0.0010490778,0.0010413154,0.0010515846,0.0010568607,0.0010682637,0.0010748331,0.0010629501,0.0010490777,0.0010413158,0.0010515846,0.0010568607,0.0010682638,0.0,0.0,0.0,0.0010327899,0.0010135837,0.0010701683,0.0010921813,0.0010748189,0.0010629499,0.0,0.0010327899,0.0010135837,0.0010701683,0.0010808306,0.0010748302,0.0010629499,0.0010490777,0.0010701683,0.0,0.0010327899,0.0010135839,0.0,0.0010629499,0.0010490777,0.0010413154,0.0010515846,0.0010568607,0.0010682645,0.0,0.0010629499,0.0010490777,0.0010413154,0.0010515846,0.0010568607,0.0010682638,0.0,0.0010629506,0.0010490777,0.0010413154,0.0010515846,0.0010568607,0.0010682662,0.0010748283,0.0010629499,0.0010490777,0.0010413154,0.0010515846,0.0010568607,0.0010682641,0.0,0.0,0.0010490777,0.0010327899,0.0010229091,0.001032688,0.0011087492,0.0,0.0010629499,0.0010490777,0.0010413154,0.0010515846,0.0010568607,0.0010682634,0.0010750083,0.0010629516,0.0010490777,0.0010413155,0.0010515846,0.0010568607,0.0010682669
k__Bacteria|p__Firmicutes|c__Tissierellia|o__Tissierellales|f__Peptoniphilaceae|g__Peptoniphilus|s__Peptoniphilus_duerdenii,0.0,0.0010593267,0.0010454082,0.0010376553,0.0010480608,0.0010534493,0.0010649828,0.0,0.0010593269,0.0010454082,0.0010376553,0.0010480608,0.0010534493,0.0010649828,0.0,0.0,0.001045423,0.001029085,0.0010192072,0.0010291099,0.0011056201,0.0010712879,0.0,0.0010454082,0.0010290776,0.0010192064,0.0010291099,0.001105619,0.0,0.0,0.0010454082,0.0010290776,0.0010192064,0.0010291099,0.0011056187,0.0010712442,0.0010593268,0.0010454082,0.0010376553,0.0010480608,0.0010534493,0.0010649826,0.0,0.0010593277,0.0010454082,0.0010376553,0.0010480608,0.0010534493,0.001064984,0.0010712445,0.0010593268,0.0010454082,0.0010376553,0.0010480608,0.0010534493,0.0010649828,0.0,0.0010593272,0.0010454091,0.0010376556,0.0010480608,0.0010534493,0.0010649838,0.0,0.0010593269,0.0010454082,0.0010376553,0.0010480608,0.0010534493,0.0010649828,0.0,0.0010593269,0.0,0.0010290776,0.0010098343,0.0010666057,0.0010774286,0.0,0.0010593268,0.0010454082,0.0010376552,0.0010480608,0.0010534493,0.0010649837,0.0,0.0,0.0,0.0010290776,0.0010098343,0.0010666059,0.0010888427,0.0010712593,0.0010593269,0.0,0.0010290776,0.0010098343,0.0010666059,0.0010774399,0.0010713702,0.0,0.0,0.0010290778,0.0010098343,0.0010666059,0.0010888417,0.0010712844,0.0,0.0010454082,0.0,0.0010593268,0.0010454082,0.001066606,0.0010712501,0.0,0.0,0.0010290776,0.0010098343,0.0010666057,0.001088839,0.0,0.0010593288,0.0,0.0010290776,0.0010098343,0.0010666057,0.0010774266,0.0,0.0,0.0010454088,0.0010593289,0.0,0.0010290776,0.001059327,0.0010712747,0.0010593272,0.0,0.0010290775,0.0010098343,0.0010666057,0.0010774258,0.0,0.0,0.0010454082,0.0010290776,0.0010192064,0.0010291099,0.0011056197,0.0,0.0,0.0010454082,0.0,0.0010593268,0.0010454082,0.0010666061,0.0,0.0010593295,0.0,0.001059327,0.0,0.0010593268,0.0010454082,0.0,0.0,0.0010454223,0.0010290801,0.0010192062,0.0010291099,0.0011056198,0.0,0.0010593765,0.0010593318,0.0010532927,0.0010639818,0.0,0.0009870938,0.0,0.0010593296,0.0010454091,0.0,0.0010593272,0.0010454082,0.0010376595,0.0010712509,0.0010593268,0.0010454082,0.0,0.0010593268,0.0010454082,0.0010376573,0.0,0.0010593272,0.0010454082,0.0010376552,0.0010480608,0.0010534493,0.0010649828,0.0010712442,0.0010593268,0.0010454082,0.0010376553,0.0010480608,0.0010534493,0.0010649828,0.0010712893,0.0,0.0,0.0010290776,0.0010098343,0.0010666057,0.0010888388,0.0010712557,0.0,0.0010454082,0.0010290776,0.0010192064,0.0010291099,0.0011056196,0.0,0.001059327,0.0,0.0010290776,0.0010098343,0.0010666057,0.0010774258,0.0010712688,0.0,0.0010454082,0.0010290776,0.0010192064,0.0010291099,0.0011056354,0.0,0.0010593268,0.0010454082,0.0010376553,0.0010480608,0.0010534493,0.0010649854,0.0010712453,0.0010593268,0.0010454082,0.0010376553,0.0010480608,0.0010534493,0.0010649826,0.0,0.0010593273,0.0010454082,0.0010376552,0.0010480608,0.0010534493,0.0010649832,0.0,0.0,0.0010454082,0.0010290776,0.0010192064,0.0010291099,0.0011056191,0.0010712474,0.0010593268,0.0,0.0,0.001059327,0.0010593269,0.0010532928,0.0010712907,0.0,0.0010454082,0.0,0.001059327,0.0010454082,0.0010666123,0.0010714321,0.0,0.0010593272,0.0010454082,0.0010376552,0.0,0.0010593282,0.0,0.0010593268,0.0,0.0010290776,0.0010098343,0.0010666059,0.0010774372,0.0010712519,0.0,0.0010454082,0.0010290776,0.0010192062,0.001029111,0.001105748,0.0010712604,0.0,0.0,0.0010290776,0.0010098343,0.0010666057,0.0010888384,0.0,0.001059327,0.0010454082,0.0010376553,0.0010480608,0.0010534493,0.0010649828,0.0010712456,0.0010593269,0.0010454082,0.0,0.001059327,0.0010454082,0.001037657,0.0010712495,0.0,0.0010454082,0.0010290778,0.0010192064,0.0010291099,0.0011056227,0.0010712495,0.0,0.0010454082,0.0010290776,0.0010192062,0.0010291102,0.0011056231,0.0,0.001059327,0.0010593272,0.0010532923,0.0010639817,0.0,0.0009871401,0.0010713032,0.0,0.0010454082,0.0010290776,0.0010192064,0.0010291099,0.0011056187,0.001071252,0.0,0.0,0.0010290776,0.0010098343,0.0010666059,0.0010888412,0.0010713469,0.0010593286,0.0,0.0010290791,0.0010098346,0.0010666058,0.0010774392,0.0,0.0010593268,0.0010454082,0.0010376552,0.0010480608,0.0010534493,0.0010649827,0.0,0.0010593276,0.0,0.0010290776,0.0010098343,0.0010666057,0.0010774258,0.0,0.001059327,0.0010454085,0.0010376552,0.0010480608,0.0010534493,0.0010649828,0.0010712706,0.001059327,0.0010454084,0.0010376556,0.0010480608,0.0010534493,0.0010649832,0.0,0.0,0.0,0.0010290776,0.0010098343,0.0010666057,0.0010888395,0.0010712437,0.0010593268,0.0,0.0010290776,0.0010098343,0.0010666057,0.0010774274,0.0010712586,0.0010593268,0.0010454082,0.0010666057,0.0,0.0010290776,0.0010098346,0.0,0.0010593268,0.0010454082,0.0010376552,0.0010480608,0.0010534493,0.0010649841,0.0,0.0010593268,0.0010454082,0.0010376552,0.0010480608,0.0010534493,0.0010649833,0.0,0.001059328,0.0010454082,0.0010376552,0.0010480608,0.0010534493,0.0010649861,0.0010712623,0.0010593268,0.0010454082,0.0010376552,0.0010480608,0.0010534493,0.0010649835,0.0,0.0,0.0010454082,0.0010290776,0.0010192064,0.0010291099,0.0011056201,0.0,0.0010593268,0.0010454082,0.0010376553,0.0010480608,0.0010534493,0.0010649828,0.0010714689,0.0010593289,0.0010454082,0.0010376552,0.0010480608,0.0010534493,0.001064987
k__Bacteria|p__Firmicutes|c__Tissierellia|o__Tissierellales|f__Peptoniphilaceae|g__Anaerococcus|s__Anaerococcus_sp_Marseille_P3915,0.0,0.0010618547,0.0010481111,0.0010405617,0.0010512391,0.0010569096,0.0010686035,0.0,0.0010618547,0.0010481111,0.0010405617,0.0010512391,0.0010569096,0.0010686035,0.0,0.0,0.0010481208,0.0010319666,0.0010223006,0.0010324931,0.0011082507,0.0010736262,0.0,0.0010481111,0.001031961,0.0010223001,0.0010324931,0.0011082501,0.0,0.0,0.0010481111,0.001031961,0.0010223001,0.0010324931,0.0011082498,0.0010736034,0.0010618547,0.0010481111,0.0010405617,0.0010512391,0.0010569096,0.0010686031,0.0,0.0010618552,0.0010481114,0.0010405617,0.0010512391,0.0010569096,0.0010686042,0.0010736032,0.0010618547,0.0010481111,0.0010405617,0.0010512391,0.0010569096,0.0010686035,0.0,0.0010618548,0.0010481117,0.001040562,0.0010512391,0.0010569096,0.0010686041,0.0,0.0010618547,0.0010481111,0.0010405617,0.0010512391,0.0010569096,0.0010686035,0.0,0.0010618547,0.0,0.001031961,0.0010129007,0.0010691498,0.0010802095,0.0,0.0010618547,0.0010481111,0.0010405617,0.0010512391,0.0010569096,0.001068604,0.0,0.0,0.0,0.001031961,0.0010129007,0.0010691498,0.001091435,0.0010736113,0.0010618547,0.0,0.001031961,0.0010129007,0.0010691498,0.0010802164,0.0010736667,0.0,0.0,0.0010319611,0.0010129007,0.0010691498,0.0010914343,0.0010736217,0.0,0.0010481111,0.0,0.0010618547,0.0010481111,0.00106915,0.001073606,0.0,0.0,0.001031961,0.0010129007,0.0010691498,0.0010914329,0.0,0.0010618557,0.0,0.001031961,0.0010129007,0.0010691498,0.0010802075,0.0,0.0,0.0010481117,0.001061856,0.0,0.001031961,0.0010618548,0.0010736217,0.0010618548,0.0,0.001031961,0.0010129007,0.0010691498,0.0010802074,0.0,0.0,0.0010481114,0.001031961,0.0010223001,0.0010324931,0.0011082503,0.0,0.0,0.0010481111,0.0,0.0010618547,0.0010481111,0.0010691499,0.0,0.0010618566,0.0,0.0010618548,0.0,0.0010618547,0.0010481112,0.0,0.0,0.0010481243,0.0010319625,0.0010223002,0.0010324931,0.0011082506,0.0,0.0010618783,0.0010618571,0.0010560149,0.0010669586,0.0,0.0009903393,0.0,0.001061856,0.0010481116,0.0,0.0010618548,0.0010481112,0.0010405643,0.0010736076,0.0010618547,0.0010481111,0.0,0.0010618547,0.0010481111,0.0010405631,0.0,0.0010618549,0.0010481112,0.0010405617,0.0010512391,0.0010569096,0.0010686034,0.0010736032,0.0010618547,0.0010481111,0.0010405617,0.0010512391,0.0010569096,0.0010686035,0.0010736274,0.0,0.0,0.001031961,0.0010129007,0.0010691498,0.0010914328,0.0010736085,0.0,0.0010481111,0.001031961,0.0010223001,0.0010324931,0.0011082502,0.0,0.0010618548,0.0,0.001031961,0.0010129007,0.0010691498,0.0010802073,0.0010736161,0.0,0.0010481111,0.001031961,0.0010223001,0.0010324931,0.0011082588,0.0,0.0010618547,0.0010481111,0.0010405617,0.0010512391,0.0010569096,0.0010686052,0.0010736039,0.0010618547,0.0010481111,0.0010405617,0.0010512391,0.0010569096,0.0010686031,0.0,0.001061855,0.0010481112,0.0010405617,0.0010512391,0.0010569096,0.0010686035,0.0,0.0,0.0010481111,0.001031961,0.0010223001,0.0010324931,0.0011082501,0.0010736046,0.0010618547,0.0,0.0,0.0010618548,0.0010618547,0.001056015,0.0010736282,0.0,0.0010481114,0.0,0.0010618548,0.0010481111,0.0010691532,0.0010736927,0.0,0.0010618548,0.0010481112,0.0010405617,0.0,0.0010618552,0.0,0.0010618545,0.0,0.001031961,0.0010129007,0.0010691498,0.0010802149,0.0010736081,0.0,0.0010481111,0.001031961,0.0010223002,0.0010324934,0.0011083258,0.001073615,0.0,0.0,0.001031961,0.0010129007,0.0010691498,0.0010914326,0.0,0.0010618548,0.0010481112,0.0010405617,0.0010512391,0.0010569096,0.0010686035,0.0010736088,0.0010618548,0.0010481112,0.0,0.0010618548,0.0010481111,0.0010405631,0.001073606,0.0,0.0010481112,0.0010319611,0.0010223001,0.0010324931,0.0011082526,0.0010736058,0.0,0.0010481112,0.001031961,0.0010223002,0.001032493,0.0011082526,0.0,0.0010618548,0.0010618549,0.0010560147,0.0010669585,0.0,0.0009903829,0.0010736305,0.0,0.0010481112,0.001031961,0.0010223001,0.0010324931,0.0011082498,0.0010736072,0.0,0.0,0.001031961,0.0010129007,0.0010691498,0.0010914347,0.0010736613,0.0010618553,0.0,0.0010319619,0.0010129007,0.0010691498,0.0010802157,0.0,0.0010618548,0.0010481112,0.0010405617,0.0010512391,0.0010569096,0.0010686031,0.0,0.001061855,0.0,0.001031961,0.0010129007,0.0010691498,0.0010802073,0.0,0.0010618548,0.0010481114,0.0010405617,0.0010512391,0.0010569096,0.0010686035,0.0010736157,0.0010618547,0.0010481114,0.0010405618,0.0010512391,0.0010569096,0.0010686036,0.0,0.0,0.0,0.001031961,0.0010129007,0.0010691498,0.0010914332,0.0010736028,0.0010618547,0.0,0.001031961,0.0010129007,0.0010691498,0.0010802085,0.001073611,0.0010618548,0.0010481111,0.0010691498,0.0,0.001031961,0.0010129008,0.0,0.0010618547,0.0010481111,0.0010405617,0.0010512391,0.0010569096,0.0010686044,0.0,0.0010618547,0.0010481111,0.0010405617,0.0010512391,0.0010569096,0.0010686036,0.0,0.0010618551,0.0010481112,0.0010405617,0.0010512391,0.0010569096,0.0010686064,0.001073611,0.0010618547,0.0010481111,0.0010405617,0.0010512391,0.0010569096,0.0010686041,0.0,0.0,0.0010481111,0.001031961,0.0010223001,0.0010324931,0.0011082505,0.0,0.0010618547,0.0010481111,0.0010405617,0.0010512391,0.0010569096,0.0010686035,0.0010737185,0.0010618555,0.0010481114,0.0010405617,0.0010512391,0.0010569096,0.0010686069
k__Bacteria|p__Firmicutes|c__CFGB76046|o__OFGB76046|f__FGB76046|g__GGB51510|s__GGB51510_SGB71883,0.0,0.00105751,0.0010440755,0.0010370719,0.0010488495,0.0010555754,0.0010680693,0.0,0.00105751,0.0010440755,0.0010370719,0.0010488495,0.0010555754,0.0010680693,0.0,0.0,0.0010441049,0.0010282765,0.0010191629,0.0010304638,0.0011056382,0.0010690204,0.0,0.0010440755,0.0010282574,0.0010191615,0.0010304638,0.0011056367,0.0,0.0,0.0010440755,0.0010282574,0.0010191615,0.0010304638,0.0011056367,0.0010689723,0.0010575098,0.0010440755,0.0010370719,0.0010488495,0.0010555754,0.0010680691,0.0,0.0010575114,0.0010440758,0.0010370719,0.0010488495,0.0010555754,0.0010680702,0.0010689723,0.0010575098,0.0010440755,0.0010370719,0.0010488495,0.0010555754,0.0010680694,0.0,0.0010575105,0.0010440771,0.0010370723,0.0010488495,0.0010555756,0.0010680697,0.0,0.00105751,0.0010440755,0.0010370719,0.0010488495,0.0010555754,0.0010680691,0.0,0.00105751,0.0,0.0010282574,0.0010095527,0.0010650269,0.0010771656,0.0,0.00105751,0.0010440755,0.0010370719,0.0010488495,0.0010555756,0.0010680698,0.0,0.0,0.0,0.0010282574,0.0010095527,0.0010650269,0.0010880954,0.0010689846,0.00105751,0.0,0.0010282574,0.0010095527,0.0010650269,0.001077176,0.0010690753,0.0,0.0,0.0010282574,0.0010095527,0.0010650269,0.0010880945,0.0010690072,0.0,0.0010440755,0.0,0.00105751,0.0010440755,0.0010650271,0.001068977,0.0,0.0,0.0010282574,0.0010095527,0.0010650269,0.0010880929,0.0,0.0010575132,0.0,0.0010282574,0.0010095527,0.0010650269,0.0010771631,0.0,0.0,0.0010440778,0.0010575125,0.0,0.0010282574,0.0010575101,0.0010690104,0.0010575105,0.0,0.0010282573,0.0010095527,0.0010650269,0.0010771625,0.0,0.0,0.0010440758,0.0010282574,0.0010191615,0.0010304638,0.0011056376,0.0,0.0,0.0010440755,0.0,0.0010575098,0.0010440755,0.0010650271,0.0,0.0010575182,0.0,0.0010575101,0.0,0.0010575098,0.0010440756,0.0,0.0,0.0010441103,0.0010282627,0.0010191619,0.0010304638,0.0011056381,0.0,0.0010575888,0.0010575192,0.0010521981,0.0010642305,0.0,0.0009873767,0.0,0.0010575152,0.0010440778,0.0,0.0010575108,0.0010440756,0.0010370769,0.0010689818,0.00105751,0.0010440755,0.0,0.0010575098,0.0010440755,0.0010370736,0.0,0.0010575103,0.0010440756,0.0010370719,0.0010488495,0.0010555754,0.0010680694,0.0010689719,0.0010575098,0.0010440755,0.0010370719,0.0010488495,0.0010555754,0.0010680693,0.0010690141,0.0,0.0,0.0010282574,0.0010095527,0.0010650269,0.0010880927,0.0010689815,0.0,0.0010440755,0.0010282574,0.0010191615,0.0010304638,0.0011056375,0.0,0.0010575101,0.0,0.0010282574,0.0010095527,0.0010650269,0.0010771623,0.0010689972,0.0,0.0010440755,0.0010282574,0.0010191615,0.0010304638,0.0011056514,0.0,0.00105751,0.0010440755,0.0010370719,0.0010488495,0.0010555756,0.0010680713,0.001068973,0.0010575098,0.0010440755,0.0010370719,0.0010488495,0.0010555754,0.0010680691,0.0,0.0010575112,0.0010440756,0.0010370719,0.0010488495,0.0010555754,0.0010680693,0.0,0.0,0.0010440755,0.0010282574,0.0010191615,0.0010304638,0.001105637,0.0010689747,0.00105751,0.0,0.0,0.0010575101,0.00105751,0.0010521974,0.00106902,0.0,0.0010440762,0.0,0.0010575101,0.0010440755,0.001065034,0.0010691305,0.0,0.0010575101,0.0010440756,0.0010370719,0.0,0.0010575113,0.0,0.0010575099,0.0,0.0010282574,0.0010095527,0.0010650267,0.001077174,0.001068981,0.0,0.0010440755,0.0010282574,0.0010191615,0.0010304649,0.0011057355,0.0010689988,0.0,0.0,0.0010282574,0.0010095527,0.0010650269,0.0010880926,0.0,0.0010575101,0.0010440756,0.0010370719,0.0010488495,0.0010555754,0.001068069,0.0010689604,0.0010575101,0.0010440756,0.0,0.0010575101,0.0010440755,0.0010370739,0.0010689758,0.0,0.0010440756,0.0010282578,0.0010191615,0.0010304638,0.0011056401,0.0010689778,0.0,0.0010440756,0.0010282574,0.0010191619,0.0010304638,0.0011056409,0.0,0.0010575101,0.0010575103,0.0010521968,0.0010642306,0.0,0.000987431,0.0010690193,0.0,0.0010440756,0.0010282574,0.0010191615,0.0010304638,0.0011056367,0.0010689788,0.0,0.0,0.0010282574,0.0010095527,0.0010650269,0.0010880947,0.0010690663,0.001057512,0.0,0.0010282592,0.0010095533,0.0010650272,0.0010771747,0.0,0.0010575103,0.0010440756,0.0010370719,0.0010488495,0.0010555754,0.0010680691,0.0,0.0010575127,0.0,0.0010282574,0.0010095527,0.0010650269,0.0010771623,0.0,0.0010575101,0.0010440758,0.0010370719,0.0010488495,0.0010555754,0.0010680694,0.0010689951,0.0010575104,0.0010440758,0.0010370724,0.0010488495,0.0010555754,0.0010680697,0.0,0.0,0.0,0.0010282574,0.0010095527,0.0010650269,0.0010880933,0.0010689717,0.0010575098,0.0,0.0010282574,0.0010095527,0.0010650269,0.0010771641,0.0010689906,0.0010575103,0.0010440755,0.0010650269,0.0,0.0010282574,0.0010095529,0.0,0.0010575098,0.0010440755,0.0010370719,0.0010488495,0.0010555754,0.0010680705,0.0,0.00105751,0.0010440755,0.0010370719,0.0010488495,0.0010555754,0.0010680694,0.0,0.0010575113,0.0010440756,0.0010370719,0.0010488495,0.0010555756,0.0010680722,0.0010689866,0.00105751,0.0010440755,0.0010370719,0.0010488495,0.0010555754,0.0010680698,0.0,0.0,0.0010440755,0.0010282574,0.0010191615,0.0010304638,0.0011056376,0.0,0.00105751,0.0010440755,0.0010370719,0.0010488495,0.0010555754,0.0010680693,0.0010692182,0.0010575132,0.0010440758,0.001037072,0.0010488495,0.0010555756,0.001068073
k__Bacteria|p__Firmicutes|c__Clostridia|o__Eubacteriales|f__Lachnospiraceae|g__Eisenbergiella|s__Eisenbergiella_sp_OF01_20,0.0,0.0010598516,0.0010460865,0.0010385476,0.0010493106,0.0010550526,0.0010668254,0.0,0.0010598517,0.0010460865,0.0010385476,0.0010493106,0.0010550526,0.0010668254,0.0,0.0,0.0010460954,0.0010299215,0.0010202674,0.0010305385,0.0011065322,0.0010716555,0.0,0.0010460865,0.0010299165,0.0010202669,0.0010305387,0.0011065318,0.0,0.0,0.0010460865,0.0010299165,0.0010202669,0.0010305387,0.0011065318,0.0010716235,0.0010598517,0.0010460865,0.0010385476,0.0010493106,0.0010550526,0.0010668254,0.0,0.0010598523,0.0010460865,0.0010385476,0.0010493106,0.0010550526,0.0010668263,0.0010716233,0.0010598517,0.0010460865,0.0010385476,0.0010493106,0.0010550526,0.0010668252,0.0,0.0010598518,0.0010460871,0.001038548,0.0010493106,0.0010550526,0.0010668258,0.0,0.0010598517,0.0010460865,0.0010385476,0.0010493106,0.0010550526,0.0010668254,0.0,0.0010598517,0.0,0.0010299165,0.0010108398,0.001067182,0.0010783384,0.0,0.0010598517,0.0010460865,0.0010385476,0.0010493106,0.0010550526,0.0010668256,0.0,0.0,0.0,0.0010299165,0.0010108398,0.001067182,0.0010895939,0.0010716338,0.0010598517,0.0,0.0010299165,0.0010108398,0.001067182,0.0010783437,0.0010717036,0.0,0.0,0.0010299165,0.0010108398,0.001067182,0.0010895932,0.001071651,0.0,0.0010460865,0.0,0.0010598517,0.0010460865,0.0010671819,0.0010716266,0.0,0.0,0.0010299165,0.0010108398,0.001067182,0.0010895921,0.0,0.0010598527,0.0,0.0010299165,0.0010108398,0.001067182,0.0010783368,0.0,0.0,0.0010460871,0.0010598529,0.0,0.0010299165,0.0010598518,0.0010716416,0.0010598518,0.0,0.0010299163,0.0010108398,0.001067182,0.0010783366,0.0,0.0,0.0010460867,0.0010299165,0.0010202669,0.0010305387,0.0011065322,0.0,0.0,0.0010460865,0.0,0.0010598517,0.0010460865,0.0010671819,0.0,0.001059853,0.0,0.0010598518,0.0,0.0010598517,0.0010460867,0.0,0.0,0.0010460959,0.0010299181,0.0010202668,0.0010305387,0.0011065318,0.0,0.0010598769,0.0010598542,0.001054023,0.0010650579,0.0,0.0009882636,0.0,0.0010598534,0.001046087,0.0,0.001059852,0.0010460865,0.0010385503,0.0010716289,0.0010598517,0.0010460865,0.0,0.0010598517,0.0010460865,0.0010385491,0.0,0.0010598518,0.0010460867,0.0010385476,0.0010493106,0.0010550526,0.0010668254,0.0010716233,0.0010598517,0.0010460865,0.0010385476,0.0010493106,0.0010550526,0.0010668254,0.0010716531,0.0,0.0,0.0010299165,0.0010108398,0.001067182,0.001089592,0.0010716297,0.0,0.0010460865,0.0010299165,0.0010202669,0.0010305387,0.001106532,0.0,0.0010598518,0.0,0.0010299165,0.0010108398,0.001067182,0.0010783364,0.0010716389,0.0,0.0010460865,0.0010299165,0.0010202669,0.0010305387,0.0011065406,0.0,0.0010598517,0.0010460865,0.0010385476,0.0010493106,0.0010550526,0.0010668269,0.0010716243,0.0010598517,0.0010460865,0.0010385476,0.0010493106,0.0010550526,0.0010668254,0.0,0.0010598521,0.0010460865,0.0010385476,0.0010493106,0.0010550526,0.0010668254,0.0,0.0,0.0010460865,0.0010299165,0.0010202669,0.0010305387,0.0011065319,0.0010716257,0.0010598517,0.0,0.0,0.0010598518,0.0010598517,0.001054023,0.0010716559,0.0,0.0010460867,0.0,0.0010598518,0.0010460865,0.0010671862,0.0010717472,0.0,0.0010598518,0.0010460865,0.0010385476,0.0,0.0010598523,0.0,0.0010598516,0.0,0.0010299165,0.0010108398,0.0010671819,0.0010783428,0.0010716283,0.0,0.0010460865,0.0010299165,0.0010202668,0.001030539,0.0011065988,0.0010716348,0.0,0.0,0.0010299165,0.0010108398,0.001067182,0.0010895921,0.0,0.0010598518,0.0010460867,0.0010385476,0.0010493106,0.0010550526,0.0010668254,0.0010716413,0.0010598517,0.0010460865,0.008177543,0.0010598517,0.0010460865,0.0010385489,0.0010716266,0.0,0.0010460865,0.0010299168,0.0010202669,0.0010305387,0.0011065332,0.0010716264,0.0,0.0010460867,0.0010299165,0.0010202668,0.0010305389,0.0011065335,0.0,0.0010598517,0.0010598518,0.0010540228,0.0010650579,0.0,0.0009882986,0.0010716631,0.0,0.0010460865,0.0010299165,0.0010202669,0.0010305387,0.0011065318,0.0010716283,0.0,0.0,0.0010299165,0.0010108398,0.001067182,0.0010895932,0.0010716928,0.0010598525,0.0,0.0010299176,0.00101084,0.001067182,0.001078344,0.0,0.0010598517,0.0010460865,0.0010385476,0.0010493106,0.0010550526,0.0010668254,0.0,0.0010598523,0.0,0.0010299165,0.0010108398,0.001067182,0.0010783364,0.0,0.0010598518,0.0010460867,0.0010385476,0.0010493106,0.0010550526,0.0010668252,0.0010716383,0.0010598517,0.0010460865,0.0010385481,0.0010493103,0.0010550526,0.0010668255,0.0,0.0,0.0,0.0010299165,0.0010108398,0.001067182,0.0010895923,0.001071623,0.0010598517,0.0,0.0010299165,0.0010108398,0.001067182,0.0010783374,0.0010716325,0.0010598517,0.0010460865,0.001067182,0.0,0.0010299165,0.00101084,0.0,0.0010598517,0.0010460865,0.0010385476,0.0010493106,0.0010550526,0.001066826,0.0,0.0010598517,0.0010460865,0.0010385476,0.0010493106,0.0010550526,0.0010668254,0.0,0.0010598522,0.0010460865,0.0010385476,0.0010493106,0.0010550526,0.0010668272,0.0010716334,0.0010598517,0.0010460865,0.0010385476,0.0010493106,0.0010550526,0.0010668258,0.0,0.0,0.0010460865,0.0010299165,0.0010202669,0.0010305387,0.0011065322,0.0,0.0010598517,0.0010460865,0.0010385476,0.0010493106,0.0010550526,0.0010668254,0.0010717798,0.0010598529,0.0010460865,0.0010385476,0.0010493106,0.0010550526,0.0010668277
k__Bacteria|p__Firmicutes|c__Clostridia|o__Eubacteriales|f__Lachnospiraceae|g__Coprococcus|s__Coprococcus_SGB106020,0.0,0.0010609,0.0010473103,0.001040007,0.0010511462,0.0010572647,0.0010692853,0.0,0.0010609005,0.0010473103,0.001040007,0.0010511462,0.0010572647,0.0010692852,0.0,0.0,0.0010473167,0.0010313283,0.0010219176,0.0010325793,0.0011079451,0.0010725282,0.0,0.0010473103,0.0010313235,0.0010219171,0.0010325793,0.0011079443,0.0,0.0,0.0010473103,0.0010313235,0.0010219171,0.0010325793,0.0011079443,0.0010725048,0.0010609004,0.0010473103,0.001040007,0.0010511462,0.0010572647,0.0010692847,0.0,0.0010609004,0.0010473104,0.001040007,0.0010511462,0.0010572647,0.0010692859,0.001072505,0.0010609004,0.0010473103,0.001040007,0.0010511462,0.0010572647,0.0010692852,0.0,0.0010609003,0.0010473108,0.001040007,0.0010511462,0.0010572647,0.0010692858,0.0,0.0010609005,0.0010473103,0.001040007,0.0010511462,0.0010572647,0.0010692852,0.0,0.0010609005,0.0,0.0010313235,0.0010124356,0.0010682795,0.0010797845,0.0,0.0010609004,0.0010473103,0.0010400069,0.0010511462,0.0010572647,0.0010692859,0.0,0.0,0.0,0.0010313235,0.0010124356,0.0010682795,0.0010908582,0.0010725107,0.0010609005,0.0,0.0010313235,0.0010124356,0.0010682795,0.0010797892,0.0010725474,0.0,0.0,0.0010313235,0.0010124356,0.0010682795,0.001090858,0.0010725192,0.0,0.0010473103,0.0,0.0010609004,0.0010473103,0.0010682794,0.0010725064,0.0,0.0,0.0010313235,0.0010124356,0.0010682795,0.0010908565,0.0,0.001060901,0.0,0.0010313235,0.0010124356,0.0010682795,0.0010797828,0.0,0.0,0.0010473111,0.0010609003,0.0,0.0010313235,0.0010609005,0.0010725168,0.0010609003,0.0,0.0010313233,0.0010124356,0.0010682795,0.0010797826,0.0,0.0,0.0010473104,0.0010313235,0.0010219171,0.0010325793,0.0011079448,0.0,0.0,0.0010473103,0.0,0.0010609004,0.0010473103,0.0010682794,0.0,0.0010609024,0.0,0.0010609005,0.0,0.0010609004,0.0010473107,0.0,0.0,0.0010473154,0.0010313244,0.0010219172,0.0010325793,0.0011079449,0.0,0.0010609117,0.0010609016,0.0010552971,0.0010666951,0.0,0.0009900522,0.0,0.0010609012,0.0010473109,0.0,0.0010609004,0.0010473104,0.0010400092,0.0010725086,0.0010609004,0.0010473103,0.0,0.0010609004,0.0010473103,0.0010400083,0.0,0.0010609003,0.0010473104,0.0010400069,0.0010511462,0.0010572647,0.0010692852,0.001072505,0.0010609004,0.0010473103,0.001040007,0.0010511462,0.0010572647,0.0010692852,0.0010725193,0.0,0.0,0.0010313235,0.0010124356,0.0010682795,0.0010908564,0.0010725058,0.0,0.0010473103,0.0010313235,0.0010219171,0.0010325793,0.0011079446,0.0,0.0010609004,0.0,0.0010313235,0.0010124356,0.0010682795,0.0010797826,0.0010725156,0.0,0.0010473103,0.0010313235,0.0010219171,0.0010325793,0.0011079513,0.0,0.0010609004,0.0010473103,0.001040007,0.0010511462,0.0010572647,0.001069287,0.0010725054,0.0010609004,0.0010473103,0.001040007,0.0010511462,0.0010572647,0.0010692847,0.0,0.0010609004,0.0010473107,0.0010400069,0.0010511462,0.0010572647,0.0010692853,0.0,0.0,0.0010473105,0.0010313235,0.0010219171,0.0010325793,0.0011079444,0.0010725071,0.0010609004,0.0,0.0,0.0010609005,0.0010609005,0.0010552977,0.0010725325,0.0,0.0010473108,0.0,0.0010609005,0.0010473105,0.0010682828,0.0010725799,0.0,0.0010609002,0.0010473107,0.0010400069,0.0,0.001060901,0.0,0.0010609003,0.0,0.0010313235,0.0010124356,0.0010682794,0.0010797882,0.001072508,0.0,0.0010473103,0.0010313235,0.0010219172,0.0010325797,0.0011079938,0.0010725155,0.0,0.0,0.0010313235,0.0010124356,0.0010682795,0.0010908564,0.0,0.0010609004,0.0010473104,0.001040007,0.0010511462,0.0010572647,0.0010692852,0.0010725294,0.0010609003,0.0010473107,0.0,0.0010609002,0.0010473103,0.0010400075,0.001072506,0.0,0.0010473107,0.0010313235,0.0010219171,0.0010325793,0.0011079466,0.0010725074,0.0,0.0010473104,0.0010313235,0.0010219172,0.0010325795,0.001107946,0.0,0.0010609003,0.0010609003,0.0010552972,0.001066695,0.0,0.0009900915,0.001072524,0.0,0.0010473104,0.0010313235,0.0010219171,0.0010325793,0.0011079443,0.001072509,0.0,0.0,0.0010313235,0.0010124356,0.0010682795,0.0010908581,0.0010725405,0.0010609003,0.0,0.0010313238,0.0010124358,0.0010682795,0.0010797895,0.0,0.0010609003,0.0010473107,0.0010400069,0.0010511462,0.0010572647,0.0010692851,0.0,0.0010609007,0.0,0.0010313235,0.0010124356,0.0010682795,0.0010797826,0.0,0.0010609002,0.0010473104,0.0010400069,0.0010511462,0.0010572647,0.0010692852,0.0010725141,0.0010609,0.0010473107,0.0010400071,0.0010511464,0.0010572647,0.0010692857,0.0,0.0,0.0,0.0010313235,0.0010124356,0.0010682795,0.001090857,0.0010725049,0.0010609004,0.0,0.0010313235,0.0010124356,0.0010682795,0.0010797835,0.0010725139,0.0010609003,0.0010473103,0.0010682795,0.0,0.0010313235,0.0010124358,0.0,0.0010609004,0.0010473103,0.0010400069,0.0010511462,0.0010572647,0.0010692863,0.0,0.0010609004,0.0010473103,0.0010400069,0.0010511462,0.0010572647,0.0010692852,0.0,0.0010609003,0.0010473107,0.0010400069,0.0010511462,0.0010572647,0.0010692877,0.0010725078,0.0010609004,0.0010473103,0.0010400069,0.0010511462,0.0010572647,0.0010692857,0.0,0.0,0.0010473103,0.0010313235,0.0010219171,0.0010325793,0.0011079449,0.0,0.0010609004,0.0010473103,0.001040007,0.0010511462,0.0010572647,0.0010692852,0.0010726938,0.0010609012,0.0010473104,0.0010400069,0.0010511462,0.0010572647,0.0010692886
k__Bacteria|p__Firmicutes|c__Tissierellia|o__Tissierellales|f__Peptoniphilaceae|g__Parvimonas|s__Parvimonas_micra,0.0,0.0010614849,0.0010478817,0.0010405461,0.0010516096,0.0010576568,0.0010696193,0.0,0.0010614849,0.0010478817,0.0010405461,0.0010516096,0.0010576568,0.0010696192,0.0,0.0,0.0010478883,0.001031885,0.0010224403,0.0010330266,0.0011083839,0.0010731244,0.0,0.0010478817,0.0010318796,0.0010224399,0.0010330266,0.0011083838,0.0,0.0,0.0010478817,0.0010318796,0.0010224399,0.0010330266,0.0011083839,0.0010731015,0.0010614848,0.0010478817,0.0010405461,0.0010516096,0.0010576568,0.0010696192,0.0,0.0010614851,0.0010478819,0.0010405461,0.0010516096,0.0010576568,0.0010696196,0.0010731019,0.0010614848,0.0010478817,0.0010405461,0.0010516096,0.0010576568,0.0010696193,0.0,0.0010614853,0.0010478819,0.0010405462,0.0010516096,0.0010576568,0.0010696196,0.0,0.0010614849,0.0010478817,0.0010405461,0.0010516096,0.0010576568,0.0010696192,0.0,0.0010614849,0.0,0.0010318796,0.0010129744,0.0010688459,0.0010802726,0.0,0.0010614848,0.0010478817,0.0010405461,0.0010516096,0.0010576568,0.0010696194,0.0,0.0,0.0,0.0010318796,0.0010129744,0.0010688459,0.0010913579,0.0010731072,0.0010614851,0.0,0.0010318796,0.0010129744,0.0010688459,0.0010802732,0.001073129,0.0,0.0,0.0010318796,0.0010129744,0.0010688459,0.0010913577,0.001073116,0.0,0.0010478817,0.0,0.0010614848,0.0010478817,0.0010688457,0.001073103,0.0,0.0,0.0010318796,0.0010129744,0.0010688459,0.0010913572,0.0,0.0010614854,0.0,0.0010318796,0.0010129744,0.0010688459,0.0010802723,0.0,0.0,0.0010478823,0.001061485,0.0,0.0010318796,0.0010614853,0.0010731148,0.0010614853,0.0,0.0010318795,0.0010129744,0.0010688459,0.0010802725,0.0,0.0,0.0010478819,0.0010318796,0.0010224399,0.0010330266,0.0011083839,0.0,0.0,0.0010478817,0.0,0.0010614848,0.0010478817,0.0010688456,0.0,0.0010614871,0.0,0.0010614849,0.0,0.0010614848,0.0010478818,0.0,0.0,0.0010478888,0.001031881,0.0010224399,0.0010330266,0.001108384,0.0,0.0010614994,0.0010614863,0.0010558506,0.0010671724,0.0,0.000990566,0.0,0.0010614861,0.0010478823,0.0,0.0010614854,0.0010478819,0.0010405472,0.0010731063,0.0010614848,0.0010478817,0.0,0.0010614848,0.0010478817,0.0010405465,0.0,0.001061485,0.0010478818,0.0010405461,0.0010516096,0.0010576568,0.0010696192,0.0010731018,0.0010614848,0.0010478817,0.0010405461,0.0010516096,0.0010576568,0.0010696192,0.0010731132,0.0,0.0,0.0010318796,0.0010129744,0.0010688459,0.0010913572,0.0010731015,0.0,0.0010478817,0.0010318796,0.0010224399,0.0010330266,0.0011083836,0.0,0.0010614849,0.0,0.0010318796,0.0010129744,0.0010688459,0.001080272,0.0010731108,0.0,0.0010478817,0.0010318796,0.0010224399,0.001033027,0.0011083846,0.0,0.0010614848,0.0010478817,0.0010405461,0.0010516096,0.0010576568,0.0010696199,0.0010731021,0.0010614848,0.0010478817,0.0010405461,0.0010516096,0.0010576568,0.0010696192,0.0,0.0010614855,0.0010478819,0.0010405461,0.0010516096,0.0010576568,0.0010696193,0.0,0.0,0.0010478817,0.0010318796,0.0010224399,0.0010330266,0.0011083841,0.0010731037,0.0010614848,0.0,0.0,0.0010614849,0.0010614849,0.0010558509,0.0010731257,0.0,0.001047882,0.0,0.0010614853,0.0010478817,0.001068848,0.0010731575,0.0,0.001061485,0.0010478819,0.0010405461,0.0,0.0010614853,0.0,0.0010614847,0.0,0.0010318796,0.0010129744,0.0010688457,0.001080274,0.0010731049,0.0,0.0010478817,0.0010318796,0.0010224399,0.0010330271,0.0011083862,0.0010731103,0.0,0.0,0.0010318796,0.0010129744,0.0010688459,0.0010913571,0.0,0.0010614849,0.0010478818,0.0010405461,0.0010516096,0.0010576568,0.0010696192,0.0010731289,0.0010614848,0.0010478819,0.0,0.0010614849,0.0010478817,0.0010405465,0.0010731024,0.0,0.0010478819,0.0010318797,0.0010224399,0.0010330266,0.0011083845,0.001073104,0.0,0.0010478818,0.0010318796,0.0010224399,0.0010330271,0.0011083838,0.0,0.0010614848,0.001061485,0.0010558504,0.0010671722,0.0,0.0009905902,0.0010731178,0.0,0.0010478819,0.0010318796,0.0010224399,0.0010330266,0.0011083839,0.0010731056,0.0,0.0,0.0010318796,0.0010129744,0.0010688459,0.0010913578,0.0010731282,0.0010614848,0.0,0.0010318798,0.0010129745,0.0010688459,0.0010802745,0.0,0.0010614851,0.0010478819,0.0010405461,0.0010516096,0.0010576568,0.0010696192,0.0,0.0010614856,0.0,0.0010318796,0.0010129744,0.0010688459,0.001080272,0.0,0.001061485,0.0010478819,0.0010405461,0.0010516096,0.0010576568,0.0010696193,0.0010731074,0.0010614849,0.0010478819,0.0010405462,0.0010516096,0.0010576568,0.0010696193,0.0,0.0,0.0,0.0010318796,0.0010129744,0.0010688459,0.0010913576,0.0010731013,0.0010614848,0.0,0.0010318796,0.0010129744,0.0010688459,0.0010802724,0.0010731097,0.0010614849,0.0010478817,0.0010688459,0.0,0.0010318796,0.0010129751,0.0,0.0010614848,0.0010478817,0.0010405461,0.0010516096,0.0010576568,0.0010696197,0.0,0.0010614848,0.0010478817,0.0010405461,0.0010516096,0.0010576568,0.0010696193,0.0,0.0010614851,0.0010478819,0.0010405461,0.0010516096,0.0010576568,0.0010696198,0.0010731043,0.0010614848,0.0010478817,0.0010405461,0.0010516096,0.0010576568,0.0010696196,0.0,0.0,0.0010478817,0.0010318796,0.0010224399,0.0010330266,0.001108384,0.0,0.0010614851,0.0010478817,0.0010405461,0.0010516096,0.0010576568,0.0010696192,0.0010732582,0.001061486,0.0010478819,0.0010405461,0.0010516096,0.0010576568,0.0010696203
k__Bacteria|p__Firmicutes|c__Bacilli|o__Lactobacillales|f__Lactobacillaceae|g__Weissella|s__Weissella_paramesenteroides,0.0,0.001061291,0.0010476904,0.001040363,0.0010514475,0.0010575142,0.001069493,0.0,0.0010612911,0.0010476904,0.001040363,0.0010514475,0.0010575142,0.0010694929,0.0,0.0,0.0010477008,0.0010316984,0.0010222611,0.0010328682,0.0011082336,0.0010729439,0.0,0.0010476904,0.0010316916,0.0010222604,0.0010328682,0.0011082329,0.0,0.0,0.0010476904,0.0010316916,0.0010222604,0.0010328682,0.0011082328,0.0010729054,0.001061291,0.0010476904,0.001040363,0.0010514475,0.0010575142,0.0010694929,0.0,0.0010612914,0.0010476905,0.001040363,0.0010514475,0.0010575142,0.0010694936,0.0010729054,0.001061291,0.0010476904,0.001040363,0.0010514475,0.0010575142,0.001069493,0.0,0.0010612911,0.0010476911,0.0010403631,0.0010514475,0.0010575142,0.0010694937,0.0,0.0010612911,0.0010476904,0.001040363,0.0010514475,0.0010575142,0.001069493,0.0,0.0010612911,0.0,0.0010316916,0.0010127905,0.0010686573,0.0010801071,0.0,0.001061291,0.0010476904,0.0010403629,0.0010514475,0.0010575142,0.0010694935,0.0,0.0,0.0,0.0010316916,0.0010127905,0.0010686573,0.0010911904,0.0010729166,0.0010612911,0.0,0.0010316916,0.0010127905,0.0010686573,0.001080113,0.0010729845,0.0,0.0,0.0010316918,0.0010127905,0.0010686573,0.0010911897,0.0010729317,0.0,0.0010476904,0.0,0.001061291,0.0010476904,0.0010686571,0.0010729086,0.0,0.0,0.0010316916,0.0010127905,0.0010686573,0.001091188,0.0,0.001061292,0.0,0.0010316916,0.0010127905,0.0010686573,0.0010801055,0.0,0.0,0.0010476914,0.0010612918,0.0,0.0010316916,0.0010612911,0.0010729281,0.0010612911,0.0,0.0010316914,0.0010127905,0.0010686573,0.001080105,0.0,0.0,0.0010476905,0.0010316916,0.0010222604,0.0010328682,0.001108233,0.0,0.0,0.0010476904,0.0,0.001061291,0.0010476904,0.0010686573,0.0,0.0010612933,0.0,0.0010612912,0.0,0.001061291,0.0010476905,0.0,0.0,0.0010477011,0.0010316933,0.0010222605,0.0010328682,0.0011082335,0.0,0.0010613151,0.0010612935,0.0010556648,0.0010670075,0.0,0.0009903942,0.0,0.0010612928,0.0010476912,0.0,0.0010612912,0.0010476905,0.0010403657,0.0010729117,0.001061291,0.0010476904,0.0,0.001061291,0.0010476904,0.0010403641,0.0,0.0010612912,0.0010476905,0.0010403629,0.0010514475,0.0010575142,0.001069493,0.0010729053,0.001061291,0.0010476904,0.001040363,0.0010514475,0.0010575142,0.001069493,0.0010729376,0.0,0.0,0.0010316916,0.0010127905,0.0010686573,0.001091188,0.0010729101,0.0,0.0010476904,0.0010316916,0.0010222604,0.0010328682,0.0011082331,0.0,0.0010612912,0.0,0.0010316916,0.0010127905,0.0010686573,0.001080105,0.0010729237,0.0,0.0010476904,0.0010316916,0.0010222604,0.0010328682,0.0011082398,0.0,0.001061291,0.0010476904,0.001040363,0.0010514475,0.0010575142,0.001069495,0.0010729062,0.001061291,0.0010476904,0.001040363,0.0010514475,0.0010575142,0.0010694929,0.0,0.0010612913,0.0010476905,0.0010403629,0.0010514475,0.0010575142,0.001069493,0.0,0.0,0.0010476904,0.0010316916,0.0010222604,0.0010328682,0.0011082329,0.001072908,0.001061291,0.0,0.0,0.0010612912,0.0010612911,0.0010556653,0.0010729466,0.0,0.0010476906,0.0,0.0010612912,0.0010476904,0.0010686605,0.0010730285,0.0,0.0010612912,0.0010476905,0.0010403629,0.0,0.0010612916,0.0,0.001061291,0.0,0.0010316916,0.0010127905,0.0010686571,0.001080111,0.0010729114,0.0,0.0010476904,0.0010316916,0.0010222605,0.0010328684,0.0011082876,0.0010729212,0.0,0.0,0.0010316916,0.0010127905,0.0010686573,0.0010911882,0.0,0.0010612912,0.0010476905,0.001040363,0.0010514475,0.0010575142,0.0010694929,0.0010729334,0.0010612911,0.0010476905,0.0,0.001061291,0.0010476904,0.0010403639,0.0010729078,0.0,0.0010476905,0.0010316917,0.0010222604,0.0010328682,0.0011082352,0.0010729095,0.0,0.0010476905,0.0010316916,0.0010222605,0.0010328683,0.0011082351,0.0,0.0010612911,0.0010612912,0.0010556645,0.0010670074,0.0,0.0009904354,0.0010729452,0.0,0.0010476905,0.0010316916,0.0010222604,0.0010328682,0.0011082328,0.0010729111,0.0,0.0,0.0010316916,0.0010127905,0.0010686573,0.0010911898,0.001072978,0.0010612917,0.0,0.0010316924,0.0010127905,0.0010686573,0.0010801133,0.0,0.0010612911,0.0010476905,0.0010403629,0.0010514475,0.0010575142,0.0010694929,0.0,0.0010612917,0.0,0.0010316916,0.0010127905,0.0010686573,0.001080105,0.0,0.0010612911,0.0010476905,0.0010403629,0.0010514475,0.0010575142,0.0010694931,0.001072921,0.0010612911,0.0010476905,0.0010403631,0.0010514475,0.0010575142,0.0010694934,0.0,0.0,0.0,0.0010316916,0.0010127905,0.0010686573,0.0010911886,0.0010729048,0.001061291,0.0,0.0010316916,0.0010127905,0.0010686573,0.0010801059,0.001072919,0.0010612911,0.0010476904,0.0010686573,0.0,0.0010316916,0.0010127906,0.0,0.001061291,0.0010476904,0.0010403629,0.0010514475,0.0010575142,0.001069494,0.0,0.001061291,0.0010476904,0.0010403629,0.0010514475,0.0010575142,0.0010694931,0.0,0.0010612912,0.0010476905,0.0010403629,0.0010514475,0.0010575142,0.0010694955,0.0010729141,0.001061291,0.0010476904,0.0010403629,0.0010514475,0.0010575142,0.0010694935,0.0,0.0,0.0010476904,0.0010316916,0.0010222604,0.0010328682,0.0011082332,0.0,0.001061291,0.0010476904,0.001040363,0.0010514475,0.0010575142,0.001069493,0.0010731299,0.0010612921,0.0010476905,0.001040363,0.0010514475,0.0010575142,0.0010694964
k__Bacteria|p__Firmicutes|c__Clostridia|o__Eubacteriales|f__Lachnospiraceae|g__Velocimicrobium|s__Velocimicrobium_porci,0.0,0.0010619274,0.0010481364,0.0010405156,0.0010510655,0.0010566111,0.0010682165,0.0,0.0010619276,0.0010481364,0.0010405156,0.0010510655,0.0010566111,0.0010682165,0.0,0.0,0.001048151,0.0010319462,0.0010222015,0.0010322636,0.0011081609,0.0010737589,0.0,0.0010481364,0.0010319359,0.001022201,0.0010322636,0.0011081607,0.0,0.0,0.0010481364,0.0010319359,0.001022201,0.0010322636,0.0011081607,0.0010737213,0.0010619275,0.0010481364,0.0010405156,0.0010510655,0.0010566111,0.0010682164,0.0,0.0010619278,0.0010481365,0.0010405156,0.0010510655,0.0010566111,0.0010682172,0.0010737214,0.0010619275,0.0010481364,0.0010405156,0.0010510655,0.0010566111,0.0010682164,0.0,0.0010619276,0.0010481371,0.0010405156,0.0010510655,0.0010566111,0.0010682169,0.0,0.0010619276,0.0010481364,0.0010405156,0.0010510655,0.0010566111,0.0010682164,0.0,0.0010619276,0.0,0.0010319359,0.0010128228,0.0010692016,0.0010801386,0.0,0.0010619275,0.0010481364,0.0010405156,0.0010510655,0.0010566111,0.0010682169,0.0,0.0,0.0,0.0010319359,0.0010128228,0.0010692016,0.0010914113,0.0010737311,0.0010619276,0.0,0.0010319359,0.0010128228,0.0010692016,0.0010801409,0.0010737871,0.0,0.0,0.0010319358,0.0010128228,0.001069202,0.0010914113,0.0010737473,0.0,0.0010481364,0.0,0.0010619275,0.0010481364,0.0010692019,0.0010737244,0.0,0.0,0.0010319359,0.0010128228,0.0010692016,0.0010914109,0.0,0.0010619288,0.0,0.0010319359,0.0010128228,0.0010692016,0.0010801374,0.0,0.0,0.0010481373,0.0010619281,0.0,0.0010319359,0.0010619275,0.0010737472,0.0010619276,0.0,0.0010319358,0.0010128228,0.0010692016,0.0010801374,0.0,0.0,0.0010481365,0.0010319359,0.001022201,0.0010322636,0.001108161,0.0,0.0,0.0010481364,0.0,0.0010619275,0.0010481364,0.0010692019,0.0,0.0010619313,0.0,0.0010619278,0.0,0.0010619275,0.0010481365,0.0,0.0,0.0010481509,0.0010319385,0.0010222011,0.0010322636,0.001108161,0.0,0.0010619651,0.0010619316,0.0010560191,0.001066838,0.0,0.0009902009,0.0,0.0010619295,0.0010481374,0.0,0.001061928,0.0010481365,0.0010405178,0.001073729,0.0010619275,0.0010481364,0.0,0.0010619275,0.0010481364,0.0010405162,0.0,0.0010619276,0.0010481365,0.0010405156,0.0010510655,0.0010566111,0.0010682165,0.0010737213,0.0010619275,0.0010481364,0.0010405156,0.0010510655,0.0010566111,0.0010682164,0.0010737466,0.0,0.0,0.0010319359,0.0010128228,0.0010692016,0.0010914109,0.001073725,0.0,0.0010481364,0.0010319359,0.001022201,0.0010322636,0.0011081609,0.0,0.0010619278,0.0,0.0010319359,0.0010128228,0.0010692016,0.0010801374,0.0010737396,0.0,0.0010481364,0.0010319359,0.001022201,0.0010322636,0.0011081648,0.0,0.0010619275,0.0010481364,0.0010405156,0.0010510655,0.0010566111,0.0010682173,0.0010737221,0.0010619275,0.0010481364,0.0010405156,0.0010510655,0.0010566111,0.0010682164,0.0,0.0010619281,0.0010481365,0.0010405156,0.0010510655,0.0010566111,0.0010682165,0.0,0.0,0.0010481364,0.0010319359,0.001022201,0.0010322636,0.0011081612,0.0010737244,0.0010619275,0.0,0.0,0.0010619278,0.0010619276,0.001056019,0.0010737636,0.0,0.0010481369,0.0,0.0010619278,0.0010481364,0.0010692053,0.0010738332,0.0,0.0010619276,0.0010481365,0.0010405156,0.0,0.0010619282,0.0,0.0010619275,0.0,0.0010319359,0.0010128228,0.0010692017,0.0010801428,0.0010737275,0.0,0.0010481364,0.0010319359,0.0010222011,0.0010322637,0.0011081859,0.0010737384,0.0,0.0,0.0010319359,0.0010128228,0.0010692016,0.0010914108,0.0,0.0010619278,0.0010481365,0.0010405156,0.0010510655,0.0010566111,0.0010682165,0.001073753,0.0010619276,0.0010481365,0.0,0.0010619275,0.0010481364,0.0010405164,0.0010737232,0.0,0.0010481365,0.0010319359,0.001022201,0.0010322636,0.0011081616,0.0010737252,0.0,0.0010481365,0.0010319359,0.0010222013,0.0010322636,0.0011081616,0.0,0.0010619276,0.0010619278,0.0010560188,0.0010668382,0.0,0.0009902302,0.0010737551,0.0,0.0010481365,0.0010319359,0.001022201,0.0010322636,0.0011081607,0.0010737269,0.0,0.0,0.0010319359,0.0010128228,0.001069202,0.0010914111,0.0010737813,0.001061928,0.0,0.0010319367,0.001012823,0.0010692019,0.0010801416,0.0,0.0010619276,0.0010481365,0.0010405156,0.0010510655,0.0010566111,0.0010682164,0.0,0.001061929,0.0,0.0010319359,0.0010128228,0.0010692016,0.0010801374,0.0,0.0010619276,0.0010481365,0.0010405156,0.0010510655,0.0010566111,0.0010682165,0.0010737337,0.0010619275,0.0010481365,0.0010405157,0.0010510655,0.0010566111,0.0010682166,0.0,0.0,0.0,0.0010319359,0.0010128228,0.0010692016,0.0010914113,0.001073721,0.0010619275,0.0,0.0010319359,0.0010128228,0.0010692016,0.001080138,0.0010737343,0.0010619276,0.0010481364,0.0010692016,0.0,0.0010319359,0.0010128231,0.0,0.0010619275,0.0010481364,0.0010405156,0.0010510655,0.0010566111,0.001068217,0.0,0.0010619275,0.0010481364,0.0010405156,0.0010510655,0.0010566111,0.0010682166,0.0,0.0010619281,0.0010481365,0.0010405156,0.0010510655,0.0010566111,0.0010682173,0.0010737288,0.0010619275,0.0010481364,0.0010405156,0.0010510655,0.0010566111,0.0010682167,0.0,0.0,0.0010481364,0.0010319359,0.001022201,0.0010322636,0.0011081608,0.0,0.0010619275,0.0010481364,0.0010405156,0.0010510655,0.0010566111,0.0010682164,0.0010739533,0.0010619292,0.0010481367,0.0010405156,0.0010510655,0.0010566111,0.0010682176
k__Bacteria|p__Firmicutes|c__Bacilli|o__Lactobacillales|f__Lactobacillaceae|g__Levilactobacillus|s__Levilactobacillus_brevis,0.0,0.0010578313,0.0010443451,0.0010372589,0.0010488811,0.0010554561,0.0010678397,0.0,0.0010578311,0.0010443451,0.0010372589,0.0010488811,0.0010554561,0.0010678397,0.0,0.0,0.0010443664,0.0010284864,0.0010192917,0.001030435,0.0011057411,0.0010693998,0.0,0.0010443451,0.0010284721,0.0010192909,0.001030435,0.00110574,0.0,0.0,0.0010443451,0.0010284721,0.0010192909,0.001030435,0.00110574,0.001069342,0.0010578311,0.0010443451,0.0010372589,0.0010488811,0.0010554561,0.0010678397,0.0,0.0010578319,0.0010443452,0.0010372589,0.0010488811,0.0010554561,0.0010678406,0.0010693421,0.0010578311,0.0010443451,0.0010372589,0.0010488811,0.0010554561,0.0010678396,0.0,0.0010578316,0.0010443459,0.001037259,0.0010488811,0.0010554561,0.0010678405,0.0,0.0010578311,0.0010443451,0.0010372589,0.0010488811,0.0010554561,0.0010678397,0.0,0.0010578311,0.0,0.0010284721,0.0010097097,0.0010653199,0.0010773079,0.0,0.0010578311,0.0010443451,0.0010372589,0.0010488811,0.0010554561,0.0010678401,0.0,0.0,0.0,0.0010284721,0.0010097097,0.0010653199,0.0010882891,0.0010693576,0.0010578311,0.0,0.0010284721,0.0010097097,0.0010653199,0.001077315,0.0010694452,0.0,0.0,0.0010284722,0.0010097097,0.0010653199,0.0010882885,0.0010693813,0.0,0.0010443451,0.0,0.0010578311,0.0010443451,0.0010653202,0.0010693466,0.0,0.0,0.0010284721,0.0010097097,0.0010653199,0.001088287,0.0,0.0010578332,0.0,0.0010284721,0.0010097097,0.0010653199,0.0010773061,0.0,0.0,0.0010443467,0.0010578325,0.0,0.0010284721,0.0010578315,0.0010693796,0.0010578316,0.0,0.0010284721,0.0010097097,0.0010653199,0.0010773058,0.0,0.0,0.0010443453,0.0010284721,0.0010192909,0.001030435,0.0011057403,0.0,0.0,0.0010443451,0.0,0.0010578311,0.0010443451,0.0010653201,0.0,0.0010578372,0.0,0.0010578312,0.0,0.0010578311,0.0010443452,0.0,0.0,0.001044368,0.001028476,0.0010192909,0.001030435,0.0011057409,0.0,0.0010578836,0.0010578376,0.0010524392,0.0010643193,0.0,0.0009874684,0.0,0.0010578342,0.0010443466,0.0,0.0010578318,0.0010443452,0.0010372627,0.0010693534,0.0010578311,0.0010443451,0.0,0.0010578311,0.0010443451,0.00103726,0.0,0.0010578316,0.0010443452,0.0010372589,0.0010488811,0.0010554561,0.0010678397,0.0010693421,0.0010578311,0.0010443451,0.0010372589,0.0010488811,0.0010554561,0.0010678397,0.0010693825,0.0,0.0,0.0010284721,0.0010097097,0.0010653199,0.0010882869,0.0010693488,0.0,0.0010443451,0.0010284721,0.0010192909,0.001030435,0.0011057403,0.0,0.0010578312,0.0,0.0010284721,0.0010097097,0.0010653199,0.0010773055,0.0010693705,0.0,0.0010443451,0.0010284721,0.0010192909,0.001030435,0.0011057489,0.0,0.0010578311,0.0010443451,0.0010372589,0.0010488811,0.0010554561,0.0010678414,0.0010693433,0.0010578311,0.0010443451,0.0010372589,0.0010488811,0.0010554561,0.0010678397,0.0,0.0010578319,0.0010443452,0.0010372589,0.0010488811,0.0010554561,0.0010678397,0.0,0.0,0.0010443451,0.0010284721,0.0010192909,0.001030435,0.0011057401,0.0010693463,0.0010578311,0.0,0.0,0.0010578312,0.0010578311,0.001052439,0.0010694027,0.0,0.0010443456,0.0,0.0010578312,0.0010443451,0.001065325,0.0010695091,0.0,0.0010578315,0.0010443452,0.0010372589,0.0,0.001057832,0.0,0.001057831,0.0,0.0010284721,0.0010097097,0.0010653199,0.0010773152,0.0010693512,0.0,0.0010443451,0.0010284719,0.0010192909,0.0010304356,0.0011058059,0.0010693676,0.0,0.0,0.0010284721,0.0010097097,0.0010653199,0.0010882866,0.0,0.0010578312,0.0010443452,0.0010372589,0.0010488811,0.0010554561,0.0010678397,0.0010693836,0.0010578315,0.0010443452,0.0,0.0010578313,0.0010443451,0.0010372605,0.0010693453,0.0,0.0010443452,0.0010284723,0.0010192909,0.001030435,0.0011057426,0.0010693482,0.0,0.0010443452,0.0010284721,0.0010192909,0.0010304352,0.0011057423,0.0,0.0010578315,0.0010578316,0.0010524385,0.0010643195,0.0,0.0009875143,0.0010693937,0.0,0.0010443452,0.0010284721,0.0010192909,0.001030435,0.00110574,0.0010693508,0.0,0.0,0.0010284721,0.0010097097,0.0010653199,0.0010882886,0.0010694399,0.0010578323,0.0,0.0010284733,0.0010097098,0.0010653202,0.0010773144,0.0,0.0010578315,0.0010443452,0.0010372589,0.0010488811,0.0010554561,0.0010678397,0.0,0.0010578332,0.0,0.0010284721,0.0010097097,0.0010653199,0.0010773055,0.0,0.0010578315,0.0010443453,0.0010372589,0.0010488811,0.0010554561,0.0010678397,0.0010693624,0.0010578313,0.0010443452,0.0010372592,0.0010488811,0.0010554561,0.00106784,0.0,0.0,0.0,0.0010284721,0.0010097097,0.0010653199,0.0010882876,0.0010693413,0.0010578311,0.0,0.0010284721,0.0010097097,0.0010653199,0.0010773066,0.0010693615,0.0010578311,0.0010443451,0.0010653199,0.0,0.0010284721,0.0010097098,0.0,0.0010578311,0.0010443451,0.0010372589,0.0010488811,0.0010554561,0.0010678406,0.0,0.0010578311,0.0010443451,0.0010372589,0.0010488811,0.0010554561,0.00106784,0.0,0.0010578322,0.0010443452,0.0010372589,0.0010488811,0.0010554561,0.0010678422,0.0010693542,0.0010578311,0.0010443451,0.0010372589,0.0010488811,0.0010554561,0.0010678401,0.0,0.0,0.0010443451,0.0010284721,0.0010192909,0.001030435,0.0011057405,0.0,0.0010578311,0.0010443451,0.0010372589,0.0010488811,0.0010554561,0.0010678397,0.0010696624,0.0010578335,0.0010443454,0.0010372589,0.0010488811,0.0010554561,0.0010678429
k__Bacteria|p__Firmicutes|c__Clostridia|o__Eubacteriales|f__Oscillospiraceae|g__GGB80017|s__GGB80017_SGB63183,0.0,0.001062726,0.0010487967,0.0010409555,0.0010510937,0.00105624,0.0010675559,0.0,0.0010627263,0.0010487967,0.0010409555,0.0010510937,0.00105624,0.0010675557,0.0,0.0,0.0010488014,0.0010324507,0.0010224868,0.0010321306,0.0011083861,0.0010746856,0.0,0.0010487967,0.001032449,0.0010224864,0.0010321306,0.0011083859,0.0,0.0,0.0010487967,0.001032449,0.0010224864,0.0010321306,0.0011083856,0.0010746497,0.0010627261,0.0010487967,0.0010409555,0.0010510937,0.00105624,0.0010675557,0.0,0.0010627263,0.0010487968,0.0010409555,0.0010510937,0.00105624,0.0010675562,0.0010746497,0.0010627261,0.0010487967,0.0010409555,0.0010510937,0.00105624,0.0010675559,0.0,0.001062726,0.0010487969,0.0010409557,0.0010510937,0.00105624,0.0010675564,0.0,0.0010627263,0.0010487967,0.0010409555,0.0010510937,0.00105624,0.0010675559,0.0,0.0010627263,0.0,0.001032449,0.0010131813,0.0010699261,0.0010804656,0.0,0.0010627261,0.0010487967,0.0010409555,0.0010510937,0.00105624,0.0010675564,0.0,0.0,0.0,0.001032449,0.0010131813,0.0010699261,0.0010918757,0.0010746613,0.0010627263,0.0,0.001032449,0.0010131813,0.0010699261,0.0010804705,0.0010747424,0.0,0.0,0.0010324493,0.0010131813,0.0010699261,0.001091876,0.001074679,0.0,0.0010487967,0.0,0.0010627261,0.0010487967,0.0010699261,0.0010746535,0.0,0.0,0.001032449,0.0010131813,0.0010699261,0.0010918748,0.0,0.001062727,0.0,0.001032449,0.0010131813,0.0010699261,0.0010804652,0.0,0.0,0.0010487961,0.001062727,0.0,0.001032449,0.0010627264,0.0010746698,0.0010627264,0.0,0.001032449,0.0010131813,0.0010699261,0.0010804648,0.0,0.0,0.0010487968,0.001032449,0.0010224864,0.0010321306,0.0011083861,0.0,0.0,0.0010487967,0.0,0.0010627261,0.0010487967,0.001069926,0.0,0.0010627265,0.0,0.0010627264,0.0,0.0010627261,0.0010487967,0.0,0.0,0.0010488009,0.0010324504,0.0010224865,0.0010321306,0.0011083856,0.0,0.0010627453,0.0010627279,0.0010566051,0.0010670202,0.0,0.0009903959,0.0,0.0010627273,0.0010487968,0.0,0.001062726,0.0010487967,0.0010409568,0.0010746544,0.0010627261,0.0010487967,0.0,0.0010627261,0.0010487967,0.0010409564,0.0,0.0010627263,0.0010487967,0.0010409555,0.0010510937,0.00105624,0.0010675557,0.0010746499,0.0010627261,0.0010487967,0.0010409555,0.0010510937,0.00105624,0.0010675559,0.001074681,0.0,0.0,0.001032449,0.0010131813,0.0010699261,0.0010918748,0.0010746572,0.0,0.0010487967,0.001032449,0.0010224864,0.0010321306,0.0011083855,0.0,0.0010627264,0.0,0.001032449,0.0010131813,0.0010699261,0.0010804647,0.0010746684,0.0,0.0010487967,0.001032449,0.0010224864,0.0010321306,0.0011083905,0.0,0.0010627261,0.0010487967,0.0010409555,0.0010510937,0.00105624,0.0010675571,0.0010746506,0.0010627261,0.0010487967,0.0010409555,0.0010510937,0.00105624,0.0010675557,0.0,0.0010627263,0.0010487967,0.0010409555,0.0010510937,0.00105624,0.0010675559,0.0,0.0,0.0010487967,0.001032449,0.0010224864,0.0010321306,0.0011083859,0.0010746528,0.0010627261,0.0,0.0,0.0010627264,0.0010627263,0.0010566053,0.0010746875,0.0,0.0010487966,0.0,0.0010627264,0.0010487967,0.0010699276,0.0010747887,0.0,0.0010627264,0.0010487967,0.0010409555,0.0,0.0010627265,0.0,0.0010627261,0.0,0.001032449,0.0010131813,0.001069926,0.0010804705,0.0010746549,0.0,0.0010487967,0.001032449,0.0010224865,0.0010321311,0.0011084268,0.0010746588,0.0,0.0,0.001032449,0.0010131813,0.0010699261,0.0010918748,0.0,0.0010627264,0.0010487967,0.0010409555,0.0010510937,0.00105624,0.0010675557,0.0010746745,0.0010627263,0.0010487967,0.0,0.001062726,0.0010487967,0.001040956,0.0010746532,0.0,0.0010487967,0.0010324491,0.0010224864,0.0010321306,0.0011083867,0.0010746534,0.0,0.0010487967,0.0010324492,0.0010224865,0.0010321307,0.0011083874,0.0,0.0010627263,0.0010627263,0.001056605,0.0010670198,0.0,0.0009904178,0.0010746947,0.0,0.0010487967,0.001032449,0.0010224864,0.0010321306,0.0011083856,0.0010746551,0.0,0.0,0.001032449,0.0010131813,0.0010699261,0.0010918758,0.0010747291,0.0010627267,0.0,0.0010324498,0.0010131814,0.0010699261,0.0010804692,0.0,0.0010627261,0.0010487967,0.0010409555,0.0010510937,0.00105624,0.0010675557,0.0,0.001062726,0.0,0.001032449,0.0010131813,0.0010699261,0.0010804647,0.0,0.0010627261,0.0010487968,0.0010409555,0.0010510937,0.00105624,0.0010675559,0.0010746662,0.0010627263,0.0010487967,0.0010409555,0.0010510937,0.00105624,0.0010675559,0.0,0.0,0.0,0.001032449,0.0010131813,0.0010699261,0.0010918751,0.0010746494,0.0010627261,0.0,0.001032449,0.0010131813,0.0010699261,0.0010804656,0.0010746601,0.0010627261,0.0010487967,0.0010699261,0.0,0.001032449,0.0010131814,0.0,0.0010627261,0.0010487967,0.0010409555,0.0010510937,0.00105624,0.0010675562,0.0,0.0010627261,0.0010487967,0.0010409555,0.0010510937,0.00105624,0.001067556,0.0,0.0010627267,0.0010487967,0.0010409555,0.0010510937,0.00105624,0.0010675574,0.001074661,0.0010627261,0.0010487967,0.0010409555,0.0010510937,0.00105624,0.0010675563,0.0,0.0,0.0010487967,0.001032449,0.0010224864,0.0010321306,0.001108386,0.0,0.0010627261,0.0010487967,0.0010409555,0.0010510937,0.00105624,0.0010675559,0.0010748233,0.0010627268,0.0010487967,0.0010409554,0.0010510937,0.00105624,0.0010675574
k__Bacteria|p__Firmicutes|c__CFGB4881|o__OFGB4881|f__FGB4881|g__GGB14025|s__GGB14025_SGB14906,0.0,0.0010595111,0.0010458152,0.0010383853,0.0010493496,0.001055288,0.0010672027,0.0,0.0010595112,0.0010458152,0.0010383853,0.0010493496,0.001055288,0.0010672025,0.0,0.0,0.0010458275,0.0010297276,0.001020182,0.0010306584,0.0011064684,0.0010712245,0.0,0.0010458152,0.0010297186,0.0010201815,0.0010306584,0.0011064677,0.0,0.0,0.0010458152,0.0010297186,0.0010201815,0.0010306584,0.0011064676,0.0010712175,0.0010595112,0.0010458152,0.0010383853,0.0010493496,0.001055288,0.0010672025,0.0,0.0010595113,0.0010458153,0.0010383853,0.0010493496,0.001055288,0.0010672032,0.0010712176,0.0010595112,0.0010458152,0.0010383853,0.0010493496,0.001055288,0.0010672027,0.0,0.0010595113,0.0010458155,0.0010383853,0.0010493496,0.001055288,0.0010672031,0.0,0.0010595112,0.0010458152,0.0010383853,0.0010493496,0.001055288,0.0010672027,0.0,0.0010595112,0.0,0.0010297186,0.0010107189,0.0010668772,0.0010782275,0.0,0.0010595112,0.0010458152,0.0010383853,0.0010493496,0.001055288,0.0010672034,0.0,0.0,0.0,0.0010297186,0.0010107189,0.0010668772,0.0010894157,0.0010712199,0.0010595112,0.0,0.0010297186,0.0010107189,0.0010668772,0.0010782334,0.0010712277,0.0,0.0,0.0010297186,0.0010107189,0.0010668772,0.0010894148,0.0010712227,0.0,0.0010458152,0.0,0.0010595112,0.0010458152,0.0010668773,0.0010712189,0.0,0.0,0.0010297186,0.0010107189,0.0010668772,0.001089413,0.0,0.0010595121,0.0,0.0010297186,0.0010107189,0.0010668772,0.001078226,0.0,0.0,0.0010458158,0.0010595117,0.0,0.0010297186,0.0010595113,0.0010712277,0.0010595113,0.0,0.0010297184,0.0010107189,0.0010668772,0.0010782258,0.0,0.0,0.0010458153,0.0010297186,0.0010201815,0.0010306584,0.0011064678,0.0,0.0,0.0010458152,0.0,0.0010595112,0.0010458152,0.0010668772,0.0,0.0010595152,0.0,0.0010595113,0.0,0.0010595112,0.0010458153,0.0,0.0,0.0010458279,0.0010297208,0.0010201815,0.0010306584,0.0011064684,0.0,0.0010595476,0.0010595144,0.0010537873,0.0010650202,0.0,0.000988226,0.0,0.0010595131,0.001045816,0.0,0.0010595113,0.0010458151,0.0010383878,0.0010712204,0.0010595112,0.0010458152,0.0,0.0010595112,0.0010458152,0.0010383865,0.0,0.0010595113,0.0010458153,0.0010383853,0.0010493496,0.001055288,0.0010672027,0.0010712176,0.0010595112,0.0010458152,0.0010383853,0.0010493496,0.001055288,0.0010672027,0.0010712211,0.0,0.0,0.0010297186,0.0010107189,0.0010668772,0.0010894126,0.0010712182,0.0,0.0010458152,0.0010297186,0.0010201815,0.0010306584,0.0011064679,0.0,0.0010595113,0.0,0.0010297186,0.0010107189,0.0010668772,0.0010782256,0.0010712245,0.0,0.0010458152,0.0010297186,0.0010201815,0.0010306586,0.0011064766,0.0,0.0010595112,0.0010458152,0.0010383853,0.0010493496,0.001055288,0.0010672042,0.0010712174,0.0010595112,0.0010458152,0.0010383853,0.0010493496,0.001055288,0.0010672025,0.0,0.0010595114,0.0010458153,0.0010383853,0.0010493496,0.001055288,0.0010672027,0.0,0.0,0.0010458152,0.0010297186,0.0010201815,0.0010306584,0.0011064677,0.0010712182,0.0010595112,0.0,0.0,0.0010595113,0.0010595112,0.0010537877,0.0010712272,0.0,0.0010458154,0.0,0.0010595113,0.0010458152,0.0010668816,0.0010712403,0.0,0.0010595112,0.0010458151,0.0010383853,0.0,0.0010595119,0.0,0.0010595111,0.0,0.0010297186,0.0010107189,0.0010668772,0.001078232,0.0010712189,0.0,0.0010458152,0.0010297186,0.0010201815,0.0010306591,0.0011065418,0.0010712235,0.0,0.0,0.0010297186,0.0010107189,0.0010668772,0.0010894126,0.029535593,0.0010595113,0.0010458153,0.0010383853,0.0010493496,0.001055288,0.0010672025,0.0010712097,0.0010595112,0.0010458151,0.0,0.0010595111,0.0010458152,0.0010383861,0.0010712184,0.0,0.0010458151,0.0010297187,0.0010201815,0.0010306586,0.0011064706,0.0010712193,0.0,0.0010458153,0.0010297184,0.0010201815,0.0010306587,0.0011064697,0.0,0.0010595112,0.0010595112,0.0010537871,0.0010650203,0.0,0.0009882723,0.0010712219,0.0,0.0010458153,0.0010297186,0.0010201815,0.0010306584,0.0011064676,0.0010712208,0.0,0.0,0.0010297186,0.0010107189,0.0010668772,0.0010894149,0.0010712193,0.0010595116,0.0,0.0010297194,0.0010107196,0.0010668773,0.0010782342,0.0,0.0010595112,0.0010458153,0.0010383853,0.0010493496,0.001055288,0.0010672025,0.0,0.0010595123,0.0,0.0010297186,0.0010107189,0.0010668772,0.0010782256,0.0,0.0010595112,0.0010458153,0.0010383853,0.0010493496,0.001055288,0.0010672027,0.0010712236,0.0010595111,0.0010458152,0.0010383854,0.0010493496,0.001055288,0.001067203,0.0,0.0,0.0,0.0010297186,0.0010107189,0.0010668772,0.0010894135,0.0010712174,0.0010595112,0.0,0.0010297186,0.0010107189,0.0010668772,0.0010782265,0.001071223,0.0010595112,0.0010458152,0.0010668772,0.0,0.0010297186,0.001010719,0.0,0.0010595112,0.0010458152,0.0010383853,0.0010493496,0.001055288,0.0010672035,0.0,0.0010595112,0.0010458152,0.0010383853,0.0010493496,0.001055288,0.0010672029,0.0,0.0010595114,0.0010458151,0.0010383853,0.0010493496,0.001055288,0.0010672053,0.00107122,0.0010595112,0.0010458152,0.0010383853,0.0010493496,0.001055288,0.0010672031,0.0,0.0,0.0010458152,0.0010297186,0.0010201815,0.0010306584,0.0011064681,0.0,0.0010595112,0.0010458152,0.0010383853,0.0010493496,0.001055288,0.0010672027,0.0010713188,0.0010595127,0.0010458152,0.0010383852,0.0010493496,0.001055288,0.0010672063
k__Bacteria|p__Firmicutes|c__Clostridia|o__Eubacteriales|f__Oscillospiraceae|g__Oscillospiraceae_unclassified|s__Clostridium_sporosphaeroides,0.0,0.0010600515,0.0010464009,0.0010390257,0.0010500681,0.0010560865,0.001068049,0.0,0.0010600516,0.0010464009,0.0010390257,0.0010500681,0.0010560865,0.001068049,0.0,0.0,0.0010464112,0.0010303573,0.0010208709,0.0010314299,0.0011070546,0.0010717339,0.0,0.0010464009,0.0010303508,0.0010208705,0.0010314299,0.0011070542,0.0,0.0,0.0010464009,0.0010303508,0.0010208705,0.0010314299,0.0011070543,0.0010717149,0.0010600516,0.0010464009,0.0010390257,0.0010500681,0.0010560865,0.0010680489,0.0,0.0010600522,0.001046401,0.0010390257,0.0010500681,0.0010560865,0.0010680493,0.0010717151,0.0010600516,0.0010464009,0.0010390257,0.0010500681,0.0010560865,0.0010680489,0.0,0.0010600517,0.0010464011,0.0010390258,0.0010500681,0.0010560865,0.0010680496,0.0,0.0010600516,0.0010464009,0.0010390257,0.0010500681,0.0010560865,0.001068049,0.0,0.0010600516,0.0,0.0010303508,0.0010113992,0.0010674243,0.0010788437,0.0,0.0010600516,0.0010464009,0.0010390257,0.0010500681,0.0010560865,0.0010680492,0.0,0.0,0.0,0.0010303508,0.0010113992,0.0010674243,0.0010899829,0.0010717207,0.0010600516,0.0,0.0010303508,0.0010113992,0.0010674243,0.0010788471,0.0010717575,0.0,0.0,0.001030351,0.0010113992,0.0010674243,0.0010899827,0.0010717289,0.0,0.0010464009,0.0,0.0010600516,0.0010464009,0.0010674244,0.0010717167,0.0,0.0,0.0010303508,0.0010113992,0.0010674243,0.0010899816,0.0,0.0010600523,0.0,0.0010303508,0.0010113992,0.0010674243,0.0010788426,0.0,0.0,0.0010464018,0.0010600525,0.0,0.0010303508,0.0010600516,0.0010717307,0.0010600517,0.0,0.0010303509,0.0010113992,0.0010674243,0.0010788426,0.0,0.0,0.0010464011,0.0010303508,0.0010208705,0.0010314299,0.0011070543,0.0,0.0,0.0010464009,0.0,0.0010600516,0.0010464009,0.0010674245,0.0,0.0010600531,0.0,0.0010600517,0.0,0.0010600516,0.0010464009,0.0,0.0,0.0010464113,0.0010303521,0.0010208705,0.0010314299,0.0011070545,0.0,0.0010600707,0.0010600538,0.0010543801,0.0010656873,0.0,0.0009889506,0.0,0.0010600528,0.0010464013,0.0,0.0010600517,0.0010464009,0.0010390277,0.0010717185,0.0010600516,0.0010464009,0.0,0.0010600516,0.0010464009,0.0010390263,0.0,0.0010600517,0.0010464009,0.0010390257,0.0010500681,0.0010560865,0.0010680489,0.001071715,0.0010600516,0.0010464009,0.0010390257,0.0010500681,0.0010560865,0.001068049,0.0010717346,0.0,0.0,0.0010303508,0.0010113992,0.0010674243,0.0010899815,0.0010717182,0.0,0.0010464009,0.0010303508,0.0010208705,0.0010314299,0.0011070543,0.0,0.0010600517,0.0,0.0010303508,0.0010113992,0.0010674243,0.0010788426,0.001071724,0.0,0.0010464009,0.0010303508,0.0010208705,0.0010314299,0.0011070573,0.0,0.0010600516,0.0010464009,0.0010390257,0.0010500681,0.0010560865,0.00106805,0.0010717153,0.0010600516,0.0010464009,0.0010390257,0.0010500681,0.0010560865,0.0010680489,0.0,0.001060052,0.0010464009,0.0010390257,0.0010500681,0.0010560865,0.001068049,0.0,0.0,0.0010464009,0.0010303508,0.0010208705,0.0010314299,0.0011070545,0.001071716,0.0010600516,0.0,0.0,0.0010600517,0.0010600516,0.0010543807,0.0010717361,0.0,0.001046401,0.0,0.0010600517,0.0010464009,0.0010674266,0.0010717809,0.0,0.0010600517,0.0010464009,0.0010390257,0.0,0.0010600523,0.0,0.0010600515,0.0,0.0010303508,0.0010113992,0.0010674243,0.0010788474,0.0010717191,0.0,0.0010464009,0.0010303508,0.0010208705,0.0010314302,0.0011070847,0.001071725,0.0,0.0,0.0010303508,0.0010113992,0.0010674243,0.0010899815,0.017283583,0.0010600517,0.0010464009,0.0010390257,0.0010500681,0.0010560865,0.001068049,0.0010717242,0.0010600516,0.0010464009,0.0,0.0010600516,0.0010464009,0.0010390268,0.0010717162,0.0,0.0010464009,0.0010303509,0.0010208705,0.0010314299,0.0011070557,0.0010717168,0.0,0.0010464009,0.0010303508,0.0010208705,0.0010314299,0.0011070557,0.0,0.0010600516,0.0010600517,0.00105438,0.0010656868,0.0,0.0009889822,0.001071735,0.0,0.0010464009,0.0010303508,0.0010208705,0.0010314299,0.0011070543,0.0010717178,0.0,0.0,0.0010303508,0.0010113992,0.0010674243,0.001089983,0.0010717589,0.0010600518,0.0,0.0010303515,0.0010113992,0.0010674242,0.0010788473,0.0,0.0010600517,0.0010464009,0.0010390257,0.0010500681,0.0010560865,0.0010680489,0.0,0.0010600522,0.0,0.0010303508,0.0010113992,0.0010674243,0.0010788426,0.0,0.0010600516,0.0010464011,0.0010390257,0.0010500681,0.0010560865,0.001068049,0.0010717233,0.0010600516,0.0010464009,0.0010390258,0.0010500681,0.0010560865,0.0010680491,0.0,0.0,0.0,0.0010303508,0.0010113992,0.0010674243,0.0010899819,0.0010717147,0.0010600516,0.0,0.0010303508,0.0010113992,0.0010674243,0.0010788429,0.0010717212,0.0010600517,0.0010464009,0.0010674243,0.0,0.0010303508,0.0010113993,0.0,0.0010600516,0.0010464009,0.0010390257,0.0010500681,0.0010560865,0.0010680493,0.0,0.0010600516,0.0010464009,0.0010390257,0.0010500681,0.0010560865,0.001068049,0.0,0.0010600518,0.0010464009,0.0010390257,0.0010500681,0.0010560865,0.0010680503,0.0010717192,0.0010600516,0.0010464009,0.0010390257,0.0010500681,0.0010560865,0.0010680492,0.0,0.0,0.0010464009,0.0010303508,0.0010208705,0.0010314299,0.0011070546,0.0,0.0010600516,0.0010464009,0.0010390257,0.0010500681,0.0010560865,0.001068049,0.0010718072,0.0010600525,0.0010464009,0.0010390256,0.0010500681,0.0010560865,0.0010680507
k__Bacteria|p__Firmicutes|c__Bacilli|o__Lactobacillales|f__Carnobacteriaceae|g__Granulicatella|s__Granulicatella_SGB8244,0.0,0.0010596401,0.001045839,0.0010382513,0.0010489359,0.0010545999,0.0010663212,0.0,0.0010596404,0.001045839,0.0010382513,0.0010489359,0.0010545999,0.001066321,0.0,0.0,0.0010458457,0.0010296347,0.0010199314,0.0010301217,0.0011062445,0.0010714807,0.0,0.001045839,0.0010296311,0.0010199309,0.0010301217,0.001106244,0.0,0.0,0.001045839,0.0010296311,0.0010199309,0.0010301217,0.0011062439,0.0010714465,0.0010596402,0.001045839,0.0010382513,0.0010489359,0.0010545999,0.001066321,0.0,0.0010596402,0.001045839,0.0010382513,0.0010489359,0.0010545999,0.0010663215,0.0010714466,0.0010596402,0.001045839,0.0010382513,0.0010489359,0.0010545999,0.001066321,0.0,0.0010596404,0.0010458393,0.0010382514,0.0010489359,0.0010545999,0.0010663216,0.0,0.0010596403,0.001045839,0.0010382513,0.0010489359,0.0010545999,0.001066321,0.0,0.0010596403,0.0,0.0010296311,0.0010105156,0.0010669604,0.0010780436,0.0,0.0010596404,0.001045839,0.0010382513,0.0010489359,0.0010545999,0.0010663216,0.0,0.0,0.0,0.0010296311,0.0010105156,0.0010669604,0.0010893362,0.0010714569,0.0010596403,0.0,0.0010296311,0.0010105156,0.0010669604,0.0010780481,0.0010715266,0.0,0.0,0.0010296312,0.0010105156,0.0010669604,0.0010893361,0.0010714727,0.0,0.001045839,0.0,0.0010596404,0.001045839,0.0010669604,0.0010714493,0.0,0.0,0.0010296311,0.0010105156,0.0010669604,0.0010893355,0.0,0.001059641,0.0,0.0010296311,0.0010105156,0.0010669604,0.0010780424,0.0,0.0,0.0010458387,0.0010596411,0.0,0.0010296311,0.0010596404,0.001071464,0.0010596404,0.0,0.001029631,0.0010105156,0.0010669604,0.0010780424,0.0,0.0,0.001045839,0.0010296311,0.0010199309,0.0010301217,0.0011062444,0.0,0.0,0.001045839,0.0,0.0010596402,0.001045839,0.0010669604,0.0,0.0010596412,0.0,0.0010596404,0.0,0.0010596402,0.001045839,0.0,0.0,0.0010458463,0.0010296323,0.001019931,0.0010301217,0.001106244,0.0,0.0010596627,0.0010596424,0.0010537646,0.0010647244,0.0,0.0009878976,0.0,0.0010596411,0.0010458392,0.0,0.0010596404,0.0010458389,0.0010382528,0.001071452,0.0010596402,0.001045839,0.0,0.0010596402,0.001045839,0.0010382523,0.0,0.0010596403,0.001045839,0.0010382513,0.0010489359,0.0010545999,0.001066321,0.0010714465,0.0010596402,0.001045839,0.0010382513,0.0010489359,0.0010545999,0.001066321,0.0010714704,0.0,0.0,0.0010296311,0.0010105156,0.0010669604,0.0010893354,0.001071452,0.0,0.001045839,0.0010296311,0.0010199309,0.0010301217,0.001106244,0.0,0.0010596404,0.0,0.0010296311,0.0010105156,0.0010669604,0.0010780424,0.0010714639,0.0,0.001045839,0.0010296311,0.0010199309,0.0010301217,0.0011062501,0.0,0.0010596404,0.001045839,0.0010382513,0.0010489359,0.0010545999,0.0010663219,0.0010714479,0.0010596402,0.001045839,0.0010382513,0.0010489359,0.0010545999,0.001066321,0.0,0.0010596405,0.0010458389,0.0010382513,0.0010489359,0.0010545999,0.0010663212,0.0,0.0,0.001045839,0.0010296311,0.0010199309,0.0010301217,0.0011062442,0.0010714491,0.0010596402,0.0,0.0,0.0010596405,0.0010596403,0.0010537644,0.0010714822,0.0,0.0010458388,0.0,0.0010596404,0.001045839,0.0010669624,0.0010715729,0.0,0.0010596403,0.0010458389,0.0010382513,0.0,0.0010596407,0.0,0.0010596402,0.0,0.0010296311,0.0010105156,0.0010669604,0.001078048,0.0010714511,0.0,0.001045839,0.0010296311,0.001019931,0.0010301219,0.0011062936,0.0010714573,0.0,0.0,0.0010296311,0.0010105156,0.0010669604,0.0010893354,0.0,0.0010596404,0.001045839,0.0010382513,0.0010489359,0.0010545999,0.001066321,0.001071485,0.0010596405,0.0010458389,0.0,0.0010596402,0.001045839,0.0010382523,0.0010714491,0.0,0.0010458389,0.001029631,0.0010199309,0.0010301217,0.0011062451,0.0010714496,0.0,0.001045839,0.0010296311,0.001019931,0.0010301217,0.0011062452,0.0,0.0010596403,0.0010596404,0.0010537644,0.0010647244,0.0,0.0009879259,0.0010714806,0.0,0.0010458389,0.0010296311,0.0010199309,0.0010301217,0.0011062439,0.0010714512,0.0,0.0,0.0010296311,0.0010105156,0.0010669604,0.0010893362,0.0010715189,0.0010596408,0.0,0.0010296318,0.0010105156,0.0010669604,0.0010780465,0.0,0.0010596402,0.0010458389,0.0010382513,0.0010489359,0.0010545999,0.001066321,0.0,0.0010596407,0.0,0.0010296311,0.0010105156,0.0010669604,0.0010780424,0.0,0.0010596403,0.001045839,0.0010382513,0.0010489359,0.0010545999,0.0010663212,0.001071459,0.0010596402,0.001045839,0.0010382514,0.0010489359,0.0010545999,0.0010663212,0.0,0.0,0.0,0.0010296311,0.0010105156,0.0010669604,0.0010893358,0.0010714462,0.0010596402,0.0,0.0010296311,0.0010105156,0.0010669604,0.0010780431,0.0010714545,0.0010596402,0.001045839,0.0010669604,0.0,0.0010296311,0.0010105156,0.0,0.0010596402,0.001045839,0.0010382513,0.0010489359,0.0010545999,0.0010663217,0.0,0.0010596404,0.001045839,0.0010382513,0.0010489359,0.0010545999,0.0010663214,0.0,0.0010596408,0.0010458389,0.0010382513,0.0010489359,0.0010545999,0.0010663229,0.0010714553,0.0010596402,0.001045839,0.0010382513,0.0010489359,0.0010545999,0.0010663216,0.0,0.0,0.001045839,0.0010296311,0.0010199309,0.0010301217,0.0011062445,0.0,0.0010596402,0.001045839,0.0010382513,0.0010489359,0.0010545999,0.001066321,0.0010716525,0.001059641,0.001045839,0.0010382513,0.0010489359,0.0010545999,0.0010663231
k__Bacteria|p__Firmicutes|c__Negativicutes|o__Veillonellales|f__Veillonellaceae|g__Veillonella|s__Veillonella_SGB96765,0.0,0.0010683399,0.0010548353,0.0010474973,0.001058327,0.0010641852,0.0010759167,0.0,0.00106834,0.0010548353,0.0010474973,0.001058327,0.0010641852,0.0010759167,0.0,0.0,0.0010548368,0.0010389268,0.0010294843,0.0010398597,0.0011143327,0.0010798894,0.0,0.0010548353,0.0010389258,0.0010294841,0.0010398597,0.0011143326,0.0,0.0,0.0010548353,0.0010389258,0.0010294841,0.0010398597,0.0011143326,0.001079856,0.0010683399,0.0010548353,0.0010474973,0.001058327,0.0010641852,0.0010759167,0.0,0.0010683405,0.0010548353,0.0010474973,0.001058327,0.0010641852,0.0010759174,0.0010798562,0.0010683399,0.0010548353,0.0010474973,0.001058327,0.0010641852,0.0010759167,0.0,0.0010683401,0.0010548356,0.0010474974,0.001058327,0.0010641852,0.0010759169,0.0,0.00106834,0.0010548353,0.0010474973,0.001058327,0.0010641852,0.0010759167,0.0,0.00106834,0.0,0.0010389258,0.0010201038,0.0010755904,0.0010867399,0.0,0.0010683399,0.0010548353,0.0010474973,0.001058327,0.0010641852,0.001075917,0.0,0.0,0.0,0.0010389258,0.0010201038,0.0010755904,0.0010976972,0.0010798658,0.00106834,0.0,0.0010389258,0.0010201038,0.0010755904,0.0010867425,0.0010799273,0.0,0.0,0.001038926,0.0010201038,0.0010755904,0.0010976972,0.001079878,0.0,0.0010548353,0.0,0.0010683399,0.0010548353,0.0010755901,0.0010798583,0.0,0.0,0.0010389258,0.0010201038,0.0010755904,0.0010976965,0.0,0.0010683405,0.0,0.0010389258,0.0010201038,0.0010755904,0.0010867391,0.0,0.0,0.0010548354,0.0010683404,0.0,0.0010389258,0.0010683404,0.001079871,0.0010683401,0.0,0.0010389258,0.0010201038,0.0010755904,0.001086739,0.0,0.0,0.0010548353,0.0010389258,0.0010294841,0.0010398597,0.0011143326,0.0,0.0,0.0010548353,0.0,0.0010683399,0.0010548353,0.0010755901,0.0,0.0010683405,0.0,0.00106834,0.0,0.0010683399,0.0010548354,0.0,0.0,0.0010548368,0.0010389261,0.0010294839,0.0010398597,0.0011143327,0.0,0.0010683434,0.0010683398,0.0010627006,0.0010737663,0.0,0.0009977635,0.0,0.0010683408,0.0010548354,0.0,0.0010683401,0.0010548354,0.0010474985,0.0010798605,0.0010683399,0.0010548353,0.0,0.0010683399,0.0010548353,0.0010474978,0.0,0.0010683401,0.0010548354,0.0010474973,0.001058327,0.0010641852,0.0010759166,0.0010798561,0.0010683399,0.0010548353,0.0010474973,0.001058327,0.0010641852,0.0010759167,0.0010798818,0.0,0.0,0.0010389258,0.0010201038,0.0010755904,0.0010976965,0.0010798589,0.0,0.0010548353,0.0010389258,0.0010294841,0.0010398597,0.0011143325,0.0,0.00106834,0.0,0.0010389258,0.0010201038,0.0010755904,0.001086739,0.0010798716,0.0,0.0010548353,0.0010389258,0.0010294841,0.0010398597,0.0011143348,0.0,0.0010683399,0.0010548353,0.0010474973,0.001058327,0.0010641852,0.001075918,0.0010798567,0.0010683399,0.0010548353,0.0010474973,0.001058327,0.0010641852,0.0010759167,0.0,0.0010683403,0.0010548354,0.0010474973,0.001058327,0.0010641852,0.0010759167,0.0,0.0,0.0010548353,0.0010389258,0.0010294841,0.0010398597,0.0011143326,0.0010798585,0.0010683399,0.0,0.0,0.00106834,0.00106834,0.0010627009,0.0010798913,0.0,0.0010548354,0.0,0.00106834,0.0010548353,0.0010755917,0.0010799681,0.0,0.00106834,0.0010548354,0.0010474973,0.0,0.0010683406,0.0,0.0010683401,0.0,0.0010389258,0.0010201038,0.0010755901,0.0010867433,0.0010798611,0.0,0.0010548353,0.0010389258,0.0010294841,0.0010398601,0.0011143491,0.0010798668,0.0,0.0,0.0010389258,0.0010201038,0.0010755904,0.0010976966,0.0,0.00106834,0.0010548354,0.0010474973,0.001058327,0.0010641852,0.0010759167,0.0010798906,0.0010683401,0.0010548354,0.0,0.0010683399,0.0010548353,0.0010474976,0.001079858,0.0,0.0010548354,0.0010389261,0.0010294841,0.0010398597,0.0011143332,0.0010798589,0.0,0.0010548354,0.0010389258,0.0010294839,0.0010398598,0.0011143334,0.0,0.0010683401,0.00106834,0.0010627004,0.001073766,0.0,0.0009977873,0.0010798888,0.0,0.0010548354,0.0010389258,0.0010294841,0.0010398597,0.0011143326,0.0010798604,0.0,0.0,0.0010389258,0.0010201038,0.0010755904,0.0010976972,0.0010799202,0.0010683404,0.0,0.0010389262,0.0010201038,0.0010755903,0.0010867429,0.0,0.00106834,0.0010548354,0.0010474973,0.001058327,0.0010641852,0.0010759167,0.0,0.00106834,0.0,0.0010389258,0.0010201038,0.0010755904,0.001086739,0.0,0.00106834,0.0010548353,0.0010474973,0.001058327,0.0010641852,0.0010759168,0.0010798677,0.0010683399,0.0010548353,0.0010474974,0.001058327,0.0010641852,0.0010759172,0.0,0.0,0.0,0.0010389258,0.0010201038,0.0010755904,0.0010976968,0.0010798556,0.0010683399,0.0,0.0010389258,0.0010201038,0.0010755904,0.0010867394,0.0010798664,0.00106834,0.0010548353,0.0010755904,0.0,0.0010389258,0.0010201039,0.0,0.0010683399,0.0010548353,0.0010474973,0.001058327,0.0010641852,0.0010759174,0.0,0.0010683399,0.0010548353,0.0010474973,0.001058327,0.0010641852,0.0010759168,0.0,0.0010683403,0.0010548354,0.0010474973,0.001058327,0.0010641852,0.001075918,0.0010798625,0.0010683399,0.0010548353,0.0010474973,0.001058327,0.0010641852,0.0010759169,0.0,0.0,0.0010548353,0.0010389258,0.0010294841,0.0010398597,0.0011143328,0.0,0.0010683399,0.0010548353,0.0010474973,0.001058327,0.0010641852,0.0010759167,0.001080064,0.0010683405,0.0010548353,0.0010474971,0.001058327,0.0010641852,0.0010759183
k__Bacteria|p__Firmicutes|c__Clostridia|o__Eubacteriales|f__Lachnospiraceae|g__Cellulosilyticum|s__Cellulosilyticum_lentocellum,0.0,0.0010605503,0.001046944,0.0010396228,0.0010507439,0.001056842,0.0010688535,0.0,0.0010605503,0.001046944,0.0010396228,0.0010507439,0.001056842,0.0010688531,0.0,0.0,0.0010469649,0.0010309551,0.0010215164,0.0010321572,0.0011076049,0.0010722049,0.0,0.001046944,0.0010309395,0.0010215155,0.0010321572,0.0011076037,0.0,0.0,0.001046944,0.0010309395,0.0010215155,0.0010321572,0.0011076034,0.0010721714,0.0010605503,0.001046944,0.0010396228,0.0010507439,0.001056842,0.001068853,0.0,0.0010605511,0.001046944,0.0010396228,0.0010507439,0.001056842,0.0010688544,0.0010721715,0.0010605503,0.001046944,0.0010396228,0.0010507439,0.001056842,0.0010688534,0.0,0.0010605507,0.0010469446,0.0010396229,0.0010507439,0.001056842,0.001068854,0.0,0.0010605503,0.001046944,0.0010396228,0.0010507439,0.001056842,0.0010688531,0.0,0.0010605503,0.0,0.0010309395,0.0010120346,0.0010679304,0.0010794215,0.0,0.0010605503,0.001046944,0.0010396228,0.0010507439,0.001056842,0.0010688541,0.0,0.0,0.0,0.0010309395,0.0010120346,0.0010679304,0.0010905139,0.0010721788,0.0010605503,0.0,0.0010309395,0.0010120346,0.0010679304,0.0010794312,0.0010722324,0.0,0.0,0.0010309397,0.0010120346,0.0010679304,0.0010905132,0.0010721909,0.0,0.001046944,0.0,0.0010605503,0.001046944,0.0010679305,0.0010721743,0.0,0.0,0.0010309395,0.0010120346,0.0010679304,0.0010905112,0.0,0.0010605527,0.0,0.0010309395,0.0010120346,0.0010679304,0.0010794195,0.0,0.0,0.0010469458,0.0010605515,0.0,0.0010309395,0.0010605507,0.0010721992,0.0010605507,0.0,0.0010309393,0.0010120346,0.0010679304,0.0010794189,0.0,0.0,0.0010469441,0.0010309395,0.0010215155,0.0010321572,0.001107604,0.0,0.0,0.001046944,0.0,0.0010605503,0.001046944,0.0010679305,0.0,0.0010605577,0.0,0.0010605505,0.0,0.0010605503,0.001046944,0.0,0.0,0.0010469685,0.0010309436,0.0010215155,0.0010321572,0.001107605,0.0,0.0010605988,0.0010605564,0.0010549315,0.0010663122,0.0,0.0009896426,0.0,0.0010605543,0.0010469452,0.0,0.0010605508,0.0010469438,0.0010396272,0.0010721779,0.0010605503,0.001046944,0.0,0.0010605503,0.001046944,0.0010396248,0.0,0.0010605506,0.001046944,0.0010396228,0.0010507439,0.001056842,0.0010688534,0.0010721714,0.0010605503,0.001046944,0.0010396228,0.0010507439,0.001056842,0.0010688531,0.0010721958,0.0,0.0,0.0010309395,0.0010120346,0.0010679304,0.0010905111,0.0010721743,0.0,0.001046944,0.0010309395,0.0010215155,0.0010321572,0.0011076042,0.0,0.0010605505,0.0,0.0010309395,0.0010120346,0.0010679304,0.0010794186,0.0010721892,0.0,0.001046944,0.0010309395,0.0010215155,0.0010321572,0.0011076155,0.0,0.0010605503,0.001046944,0.0010396228,0.0010507439,0.001056842,0.001068856,0.0010721718,0.0010605503,0.001046944,0.0010396228,0.0010507439,0.001056842,0.001068853,0.0,0.0010605511,0.0010469438,0.0010396228,0.0010507439,0.001056842,0.0010688535,0.0,0.0,0.001046944,0.0010309395,0.0010215155,0.0010321572,0.0011076038,0.0010721735,0.0010605503,0.0,0.0,0.0010605505,0.0010605503,0.0010549318,0.001072209,0.0,0.0010469445,0.0,0.0010605505,0.001046944,0.0010679358,0.0010722714,0.0,0.0010605508,0.0010469438,0.0010396228,0.0,0.0010605515,0.0,0.0010605502,0.0,0.0010309395,0.0010120346,0.0010679304,0.0010794282,0.0010721775,0.0,0.001046944,0.0010309395,0.0010215155,0.0010321578,0.0011076861,0.0010721934,0.0,0.0,0.0010309395,0.0010120346,0.0010679304,0.0010905107,0.0,0.0010605505,0.001046944,0.0010396228,0.0010507439,0.001056842,0.0010688531,0.0010721677,0.0010605505,0.0010469438,0.0,0.0010605503,0.001046944,0.0010396242,0.001072173,0.0,0.0010469438,0.0010309397,0.0010215155,0.0010321572,0.0011076073,0.0010721757,0.0,0.001046944,0.0010309395,0.0010215155,0.0010321573,0.0011076069,0.0,0.0010605505,0.0010605505,0.0010549308,0.0010663123,0.0,0.0009896997,0.0010721975,0.0,0.0010469438,0.0010309395,0.0010215155,0.0010321572,0.0011076034,0.0010721767,0.0,0.0,0.0010309395,0.0010120346,0.0010679304,0.0010905135,0.0010722248,0.0010605513,0.0,0.0010309407,0.0010120346,0.0010679303,0.0010794302,0.0,0.0010605505,0.0010469438,0.0010396228,0.0010507439,0.001056842,0.001068853,0.0,0.0010605525,0.0,0.0010309395,0.0010120346,0.0010679304,0.0010794186,0.0,0.0010605505,0.0010469441,0.0010396228,0.0010507439,0.001056842,0.0010688534,0.001072187,0.0010605507,0.001046944,0.0010396233,0.0010507439,0.001056842,0.0010688541,0.0,0.0,0.0,0.0010309395,0.0010120346,0.0010679304,0.0010905118,0.0010721713,0.0010605503,0.0,0.0010309395,0.0010120346,0.0010679304,0.0010794203,0.0010721876,0.0010605505,0.001046944,0.0010679304,0.0,0.0010309395,0.0010120346,0.0,0.0010605503,0.001046944,0.0010396228,0.0010507439,0.001056842,0.0010688549,0.0,0.0010605503,0.001046944,0.0010396228,0.0010507439,0.001056842,0.0010688538,0.0,0.0010605511,0.0010469438,0.0010396228,0.0010507439,0.001056842,0.0010688568,0.0010721778,0.0010605503,0.001046944,0.0010396228,0.0010507439,0.001056842,0.0010688539,0.0,0.0,0.001046944,0.0010309395,0.0010215155,0.0010321572,0.0011076042,0.0,0.0010605503,0.001046944,0.0010396228,0.0010507439,0.001056842,0.0010688531,0.0010724198,0.001060553,0.0010469442,0.0010396232,0.0010507439,0.001056842,0.0010688578
k__Bacteria|p__Firmicutes|c__Bacilli|o__Lactobacillales|f__Lactobacillaceae|g__Limosilactobacillus|s__Limosilactobacillus_oris,0.0,0.001058527,0.0010449265,0.0010376569,0.0010489351,0.0010551759,0.0010673157,0.0,0.0010585273,0.0010449265,0.0010376569,0.0010489351,0.0010551759,0.0010673156,0.0,0.0,0.0010449433,0.0010289437,0.001019561,0.0010303546,0.0011059546,0.001070182,0.0,0.0010449265,0.0010289312,0.0010195605,0.001030355,0.0011059544,0.0,0.0,0.0010449265,0.0010289312,0.0010195605,0.001030355,0.0011059544,0.0010701452,0.0010585272,0.0010449265,0.0010376569,0.0010489351,0.0010551759,0.0010673155,0.0,0.001058528,0.0010449265,0.0010376569,0.0010489351,0.0010551759,0.001067316,0.0010701453,0.0010585272,0.0010449265,0.0010376569,0.0010489351,0.0010551759,0.0010673156,0.0,0.0010585274,0.0010449268,0.0010376569,0.0010489351,0.0010551759,0.0010673162,0.0,0.0010585273,0.0010449265,0.0010376569,0.0010489351,0.0010551759,0.0010673156,0.0,0.0010585273,0.0,0.0010289312,0.0010100402,0.0010659538,0.0010776089,0.0,0.0010585272,0.0010449265,0.0010376569,0.0010489351,0.0010551759,0.0010673156,0.0,0.0,0.0,0.0010289312,0.0010100402,0.0010659538,0.001088703,0.0010701546,0.0010585273,0.0,0.0010289312,0.0010100402,0.0010659538,0.0010776119,0.0010702106,0.0,0.0,0.0010289316,0.0010100402,0.0010659538,0.0010887028,0.0010701688,0.008385213,0.0010449265,0.0,0.0010585272,0.0010449265,0.0010659538,0.0010701481,0.0,0.0,0.0010289312,0.0010100402,0.0010659538,0.0010887022,0.0,0.0010585288,0.0,0.0010289312,0.0010100402,0.0010659538,0.0010776076,0.0,0.0,0.0010449277,0.0010585283,0.0,0.0010289312,0.0010585274,0.0010701709,0.0010585276,0.0,0.0010289312,0.0010100402,0.0010659538,0.0010776076,0.0,0.0,0.0010449265,0.0010289312,0.0010195605,0.001030355,0.0011059543,0.0,0.0,0.0010449265,0.0,0.0010585272,0.0010449265,0.0010659538,0.0,0.0010585315,0.0,0.0010585274,0.0,0.0010585272,0.0010449266,0.0,0.0,0.0010449457,0.0010289344,0.0010195605,0.001030355,0.0011059545,0.0,0.0010585679,0.001058532,0.0010529585,0.0010645008,0.0,0.0009876583,0.0,0.0010585296,0.0010449273,0.0,0.0010585276,0.0010449266,0.0010376592,0.0010701526,0.0010585272,0.0010449265,0.0,0.0010585272,0.0010449265,0.0010376576,0.0,0.0010585273,0.0010449266,0.0010376569,0.0010489351,0.0010551759,0.0010673156,0.0010701452,0.0010585272,0.0010449265,0.0010376569,0.0010489351,0.0010551759,0.0010673156,0.0010701726,0.0,0.0,0.0010289312,0.0010100402,0.0010659538,0.0010887022,0.0010701496,0.0,0.0010449265,0.0010289312,0.0010195605,0.001030355,0.0011059543,0.0,0.0010585274,0.0,0.0010289312,0.0010100402,0.0010659538,0.0010776075,0.001070163,0.0,0.0010449265,0.0010289312,0.0010195605,0.001030355,0.001105958,0.0,0.0010585272,0.0010449265,0.0010376569,0.0010489351,0.0010551759,0.0010673164,0.001070146,0.0010585272,0.0010449265,0.0010376569,0.0010489351,0.0010551759,0.0010673155,0.0,0.0010585277,0.0010449266,0.0010376569,0.0010489351,0.0010551759,0.0010673157,0.0,0.0,0.0010449265,0.0010289312,0.0010195605,0.001030355,0.0011059545,0.0010701476,0.0010585272,0.0,0.0,0.0010585274,0.0010585273,0.0010529583,0.001070185,0.0,0.0010449267,0.0,0.0010585274,0.0010449265,0.0010659563,0.0010702498,0.0,0.0010585274,0.0010449266,0.0010376569,0.0,0.0010585279,0.0,0.0010585272,0.0,0.0010289312,0.0010100402,0.0010659539,0.0010776122,0.0010701516,0.0,0.0010449265,0.0010289312,0.0010195605,0.0010303553,0.0011059814,0.0010701637,0.0,0.0,0.0010289312,0.0010100402,0.0010659538,0.0010887021,0.0,0.0010585274,0.0010449266,0.0010376569,0.0010489351,0.0010551759,0.0010673156,0.0010701715,0.0010585273,0.0010449266,0.0,0.0010585272,0.0010449265,0.0010376581,0.0010701473,0.0,0.0010449266,0.0010289317,0.0010195605,0.001030355,0.0011059552,0.001070149,0.0,0.0010449266,0.0010289312,0.0010195605,0.0010303551,0.0011059553,0.0,0.0010585273,0.0010585273,0.0010529577,0.0010645008,0.0,0.0009876937,0.0010701796,0.0,0.0010449266,0.0010289312,0.0010195605,0.001030355,0.0011059544,0.0010701503,0.0,0.0,0.0010289312,0.0010100402,0.0010659538,0.0010887029,0.0010702078,0.0010585279,0.0,0.0010289324,0.0010100402,0.0010659538,0.0010776122,0.0,0.0010585273,0.0010449266,0.0010376569,0.0010489351,0.0010551759,0.0010673155,0.0,0.0010585284,0.0,0.0010289312,0.0010100402,0.0010659538,0.0010776075,0.0,0.0010585272,0.0010449265,0.0010376569,0.0010489351,0.0010551759,0.0010673156,0.0010701567,0.0010585273,0.0010449265,0.001037657,0.0010489351,0.0010551759,0.0010673157,0.0,0.0,0.0,0.0010289312,0.0010100402,0.0010659538,0.0010887025,0.001070145,0.0010585272,0.0,0.0010289312,0.0010100402,0.0010659538,0.001077608,0.0010701583,0.0010585273,0.0010449265,0.0010659538,0.0,0.0010289312,0.0010100402,0.0,0.0010585272,0.0010449265,0.0010376569,0.0010489351,0.0010551759,0.001067316,0.0,0.0010585272,0.0010449265,0.0010376569,0.0010489351,0.0010551759,0.0010673156,0.0,0.0010585276,0.0010449266,0.0010376569,0.0010489351,0.0010551759,0.0010673164,0.0010701526,0.0010585272,0.0010449265,0.0010376569,0.0010489351,0.0010551759,0.0010673158,0.0,0.0,0.0010449265,0.0010289312,0.0010195605,0.001030355,0.0011059543,0.0,0.0010585272,0.0010449265,0.0010376569,0.0010489351,0.0010551759,0.0010673156,0.00107036,0.0010585288,0.0010449265,0.0010376569,0.0010489351,0.0010551759,0.0010673169
k__Bacteria|p__Firmicutes|c__Tissierellia|o__Tissierellales|f__Peptoniphilaceae|g__Urinicoccus|s__Urinicoccus_timonensis,0.0,0.0010625003,0.0010488362,0.001041389,0.0010522236,0.0010580522,0.0010698475,0.0,0.0010625005,0.0010488362,0.001041389,0.0010522236,0.0010580522,0.0010698475,0.0,0.0,0.0010488378,0.0010327689,0.001023213,0.0010335698,0.0011090295,0.0010741726,0.0,0.0010488362,0.0010327678,0.0010232129,0.0010335698,0.001109029,0.0,0.0,0.0010488362,0.0010327678,0.0010232129,0.0010335698,0.0011090289,0.0010741735,0.0010625004,0.0010488362,0.001041389,0.0010522236,0.0010580522,0.0010698471,0.0,0.0010625006,0.0010488359,0.001041389,0.0010522236,0.0010580522,0.0010698481,0.0010741735,0.0010625004,0.0010488362,0.001041389,0.0010522236,0.0010580522,0.0010698475,0.0,0.0010625005,0.0010488363,0.0010413891,0.0010522236,0.0010580522,0.0010698475,0.0,0.0010625005,0.0010488362,0.001041389,0.0010522236,0.0010580522,0.0010698473,0.0,0.0010625005,0.0,0.0010327678,0.0010137921,0.0010698139,0.0010810165,0.0,0.0010625004,0.0010488362,0.001041389,0.0010522236,0.0010580522,0.001069848,0.0,0.0,0.0,0.0010327678,0.0010137921,0.0010698139,0.0010921594,0.0010741743,0.0010625005,0.0,0.0010327678,0.0010137921,0.0010698139,0.0010810184,0.0010741691,0.0,0.0,0.0010327679,0.0010137921,0.0010698139,0.0010921595,0.0010741719,0.0,0.0010488362,0.0,0.0010625004,0.0010488362,0.0010698139,0.0010741738,0.0,0.0,0.0010327678,0.0010137921,0.0010698139,0.0010921581,0.0,0.0010625004,0.0,0.0010327678,0.0010137921,0.0010698139,0.0010810154,0.0,0.0,0.0010488366,0.0010625006,0.0,0.0010327678,0.0010625005,0.0010741743,0.0010625004,0.0,0.0010327677,0.0010137921,0.0010698139,0.0010810152,0.0,0.0,0.0010488364,0.0010327678,0.0010232129,0.0010335698,0.0011090288,0.0,0.0,0.0010488362,0.0,0.0010625004,0.0010488362,0.0010698137,0.0,0.0010625006,0.0,0.0010625005,0.0,0.0010625004,0.0010488363,0.0,0.0,0.0010488379,0.0010327677,0.001023213,0.0010335698,0.001109029,0.0,0.0010624969,0.0010624998,0.0010567583,0.0010678531,0.0,0.000991311,0.0,0.0010625008,0.0010488362,0.0,0.0010625004,0.001048836,0.0010413905,0.0010741734,0.0010625004,0.0010488362,0.0,0.0010625004,0.0010488362,0.0010413895,0.0,0.0010625005,0.0010488363,0.001041389,0.0010522236,0.0010580522,0.0010698475,0.0010741736,0.0010625004,0.0010488362,0.001041389,0.0010522236,0.0010580522,0.0010698473,0.0010741771,0.0,0.0,0.0010327678,0.0010137921,0.0010698139,0.0010921579,0.0010741717,0.0,0.0010488362,0.0010327678,0.0010232129,0.0010335698,0.001109029,0.0,0.0010625005,0.0,0.0010327678,0.0010137921,0.0010698139,0.001081015,0.0010741744,0.0,0.0010488362,0.0010327678,0.0010232129,0.0010335698,0.0011090316,0.0,0.0010625004,0.0010488362,0.001041389,0.0010522236,0.0010580522,0.0010698488,0.0010741731,0.0010625004,0.0010488362,0.001041389,0.0010522236,0.0010580522,0.0010698471,0.0,0.0010625005,0.001048836,0.001041389,0.0010522236,0.0010580522,0.0010698475,0.0,0.0,0.0010488362,0.0010327678,0.0010232129,0.0010335698,0.001109029,0.0010741733,0.0010625004,0.0,0.0,0.0010625005,0.0010625005,0.0010567592,0.0010741741,0.0,0.0010488362,0.0,0.0010625005,0.0010488362,0.0010698163,0.0010741664,0.0,0.0010625005,0.001048836,0.001041389,0.0,0.001062501,0.0,0.0010625003,0.0,0.0010327678,0.0010137921,0.0010698139,0.0010810213,0.0010741743,0.0,0.0010488362,0.0010327678,0.001023213,0.00103357,0.0011090513,0.0010741736,0.0,0.0,0.0010327678,0.0010137921,0.0010698139,0.0010921578,0.0,0.0010625005,0.0010488363,0.001041389,0.0010522236,0.0010580522,0.0010698471,0.0010741657,0.0010625004,0.001048836,0.0,0.0010625004,0.0010488362,0.0010413895,0.0010741735,0.0,0.001048836,0.0010327678,0.0010232129,0.0010335698,0.001109031,0.0010741735,0.0,0.0010488363,0.0010327678,0.001023213,0.0010335699,0.0011090306,0.0,0.0010625004,0.0010625005,0.0010567583,0.001067853,0.0,0.0009913425,0.0010741723,0.0,0.001048836,0.0010327678,0.0010232129,0.0010335698,0.0011090289,0.0010741743,0.0,0.0,0.0010327678,0.0010137921,0.0010698139,0.0010921597,0.0010741728,0.0010625003,0.0,0.0010327683,0.0010137922,0.001069814,0.0010810201,0.0,0.0010625004,0.001048836,0.001041389,0.0010522236,0.0010580522,0.0010698471,0.0,0.0010625005,0.0,0.0010327678,0.0010137921,0.0010698139,0.001081015,0.0,0.0010625005,0.0010488364,0.001041389,0.0010522236,0.0010580522,0.0010698475,0.0010741756,0.0010625002,0.0010488358,0.0010413891,0.0010522236,0.0010580522,0.0010698477,0.0,0.0,0.0,0.0010327678,0.0010137921,0.0010698139,0.0010921587,0.0010741735,0.0010625004,0.0,0.0010327678,0.0010137921,0.0010698139,0.0010810159,0.0010741754,0.0010625004,0.0010488362,0.0010698139,0.0,0.0010327678,0.0010137922,0.0,0.0010625004,0.0010488362,0.001041389,0.0010522236,0.0010580522,0.0010698482,0.0,0.0010625004,0.0010488362,0.001041389,0.0010522236,0.0010580522,0.0010698476,0.0,0.0010625004,0.001048836,0.001041389,0.0010522236,0.0010580522,0.0010698494,0.001074172,0.0010625004,0.0010488362,0.001041389,0.0010522236,0.0010580522,0.0010698478,0.0,0.0,0.0010488362,0.0010327678,0.0010232129,0.0010335698,0.0011090292,0.0,0.0010625004,0.0010488362,0.001041389,0.0010522236,0.0010580522,0.0010698473,0.0010741506,0.0010625006,0.0010488358,0.001041389,0.0010522236,0.0010580522,0.0010698498
k__Bacteria|p__Firmicutes|c__Clostridia|o__Clostridia_unclassified|f__Clostridia_unclassified|g__GGB3363|s__GGB3363_SGB4448,0.0,0.0010583901,0.0010447389,0.0010373981,0.0010485563,0.0010546781,0.0010667371,0.0,0.0010583902,0.0010447389,0.0010373981,0.0010485563,0.0010546781,0.0010667369,0.0,0.0,0.0010447602,0.0010287056,0.0010192471,0.001029917,0.0011056841,0.0010700946,0.0,0.0010447389,0.0010286908,0.0010192462,0.001029917,0.0011056834,0.0,0.0,0.0010447389,0.0010286908,0.0010192462,0.001029917,0.0011056834,0.0010700562,0.0010583901,0.0010447389,0.0010373981,0.0010485563,0.0010546781,0.0010667368,0.0,0.001058391,0.001044739,0.0010373981,0.0010485563,0.0010546781,0.0010667378,0.0010700559,0.0010583901,0.0010447389,0.0010373981,0.0010485563,0.0010546781,0.0010667371,0.0,0.0010583906,0.0010447397,0.0010373982,0.0010485563,0.0010546781,0.0010667373,0.0,0.0010583902,0.0010447389,0.0010373981,0.0010485563,0.0010546781,0.0010667369,0.0,0.0010583902,0.0,0.0010286908,0.0010097448,0.0010657989,0.001077342,0.0,0.0010583901,0.0010447389,0.0010373981,0.0010485563,0.0010546781,0.0010667373,0.0,0.0,0.0,0.0010286908,0.0010097448,0.0010657989,0.0010884876,0.0010700648,0.0010583902,0.0,0.0010286908,0.0010097448,0.0010657989,0.001077348,0.0010701313,0.0,0.0,0.001028691,0.0010097448,0.0010657989,0.0010884875,0.001070082,0.0,0.0010447389,0.0,0.0010583901,0.0010447389,0.0010657992,0.0010700589,0.0,0.0,0.0010286908,0.0010097448,0.0010657989,0.0010884865,0.0,0.0010583922,0.0,0.0010286908,0.0010097448,0.0010657989,0.0010773406,0.0,0.0,0.0010447404,0.0010583915,0.0,0.0010286908,0.0010583902,0.0010700857,0.0010583906,0.0,0.0010286908,0.0010097448,0.0010657989,0.0010773402,0.0,0.0,0.001044739,0.0010286908,0.0010192462,0.001029917,0.0011056837,0.0,0.0,0.0010447389,0.0,0.0010583901,0.0010447389,0.001065799,0.0,0.0010583961,0.0,0.0010583902,0.0,0.0010583901,0.0010447389,0.0,0.0,0.0010447626,0.0010286949,0.0010192464,0.001029917,0.001105684,0.0,0.0010584417,0.0010583964,0.0010527531,0.0010641788,0.0,0.0009873103,0.0,0.0010583935,0.0010447403,0.0,0.0010583906,0.0010447389,0.0010374017,0.0010700633,0.0010583901,0.0010447389,0.0,0.0010583901,0.0010447389,0.0010373993,0.0,0.0010583904,0.0010447389,0.0010373981,0.0010485563,0.0010546781,0.001066737,0.001070056,0.0010583901,0.0010447389,0.0010373981,0.0010485563,0.0010546781,0.0010667369,0.0010700852,0.0,0.0,0.0010286908,0.0010097448,0.0010657989,0.0010884864,0.0010700617,0.0,0.0010447389,0.0010286908,0.0010192462,0.001029917,0.0011056837,0.0,0.0010583902,0.0,0.0010286908,0.0010097448,0.0010657989,0.0010773401,0.0010700749,0.0,0.0010447389,0.0010286908,0.0010192462,0.001029917,0.001105691,0.0,0.0010583901,0.0010447389,0.0010373981,0.0010485563,0.0010546781,0.0010667384,0.0010700568,0.0010583901,0.0010447389,0.0010373981,0.0010485563,0.0010546781,0.0010667368,0.0,0.001058391,0.0010447389,0.0010373981,0.0010485563,0.0010546781,0.0010667371,0.0,0.0,0.0010447389,0.0010286908,0.0010192462,0.001029917,0.0011056834,0.0010700582,0.0010583901,0.0,0.0,0.0010583902,0.0010583902,0.0010527527,0.0010700955,0.0,0.0010447393,0.0,0.0010583902,0.0010447389,0.0010658032,0.001070178,0.0,0.0010583902,0.0010447389,0.0010373981,0.0,0.0010583908,0.0,0.00105839,0.0,0.0010286908,0.0010097448,0.001065799,0.001077348,0.0010700625,0.0,0.0010447389,0.0010286908,0.0010192464,0.0010299176,0.0011057354,0.0010700766,0.0,0.0,0.0010286908,0.0010097448,0.0010657989,0.0010884865,0.0,0.0010583902,0.0010447389,0.0010373981,0.0010485563,0.0010546781,0.0010667369,0.0010700618,0.0010583904,0.0010447389,0.0,0.0010583901,0.0010447389,0.0010373993,0.0010700579,0.0,0.0010447389,0.0010286911,0.0010192462,0.001029917,0.0011056851,0.00107006,0.0,0.0010447389,0.0010286908,0.0010192464,0.0010299172,0.0011056853,0.0,0.0010583904,0.0010583902,0.0010527525,0.0010641789,0.0,0.0009873513,0.0010700903,0.0,0.0010447389,0.0010286908,0.0010192462,0.001029917,0.0011056834,0.0010700608,0.0,0.0,0.0010286908,0.0010097448,0.0010657989,0.0010884876,0.0010701261,0.0010583913,0.0,0.0010286922,0.0010097449,0.001065799,0.001077347,0.0,0.0010583902,0.0010447389,0.0010373981,0.0010485563,0.0010546781,0.0010667368,0.0,0.001058392,0.0,0.0010286908,0.0010097448,0.0010657989,0.0010773401,0.0,0.0010583902,0.001044739,0.0010373981,0.0010485563,0.0010546781,0.0010667371,0.001070071,0.0010583905,0.0010447389,0.0010373986,0.0010485563,0.0010546781,0.0010667372,0.0,0.0,0.0,0.0010286908,0.0010097448,0.0010657989,0.0010884868,0.0010700558,0.0010583901,0.0,0.0010286908,0.0010097448,0.0010657989,0.001077341,0.0010700697,0.0010583902,0.0010447389,0.0010657989,0.0,0.0010286908,0.001009745,0.0,0.0010583901,0.0010447389,0.0010373981,0.0010485563,0.0010546781,0.0010667377,0.0,0.0010583901,0.0010447389,0.0010373981,0.0010485563,0.0010546781,0.0010667372,0.0,0.001058391,0.0010447389,0.0010373981,0.0010485563,0.0010546781,0.001066739,0.0010700653,0.0010583901,0.0010447389,0.0010373981,0.0010485563,0.0010546781,0.0010667373,0.0,0.0,0.0010447389,0.0010286908,0.0010192462,0.001029917,0.0011056837,0.0,0.0010583901,0.0010447389,0.0010373981,0.0010485563,0.0010546781,0.0010667369,0.0010702986,0.0010583923,0.0010447389,0.0010373981,0.0010485563,0.0010546781,0.0010667392
k__Bacteria|p__Firmicutes|c__Bacilli|o__Lactobacillales|f__Lactobacillaceae|g__Lactobacillus|s__Lactobacillus_crispatus,0.0,0.0010612815,0.0010476568,0.0010402935,0.0010513156,0.0010573212,0.0010692574,0.0,0.0010612817,0.0010476568,0.0010402935,0.0010513156,0.0010573212,0.0010692574,0.0,0.0,0.001047671,0.0010316415,0.0010221648,0.0010327076,0.0011081492,0.0010729328,0.0,0.0010476568,0.0010316321,0.001022164,0.0010327076,0.0011081486,0.0,0.0,0.0010476568,0.0010316321,0.001022164,0.0010327076,0.0011081486,0.001072919,0.0010612817,0.0010476568,0.0010402935,0.0010513156,0.0010573212,0.0010692573,0.0,0.0010612822,0.0010476569,0.0010402935,0.0010513156,0.0010573212,0.0010692581,0.0010729191,0.0010612817,0.0010476568,0.0010402935,0.0010513156,0.0010573212,0.0010692574,0.0,0.0010612818,0.0010476573,0.0010402936,0.0010513156,0.0010573212,0.001069258,0.0,0.0010612817,0.0010476568,0.0010402935,0.0010513156,0.0010573212,0.0010692574,0.0,0.0010612817,0.0,0.0010316321,0.0010127041,0.0010686382,0.0010800292,0.0,0.0010612817,0.0010476568,0.0010402935,0.0010513156,0.0010573212,0.0010692579,0.022770895,0.0,0.0,0.0010316321,0.0010127041,0.0010686382,0.0010911376,0.0010729238,0.0010612817,0.0,0.0010316321,0.0010127041,0.0010686382,0.001080036,0.0010729681,0.0,0.0,0.0010316322,0.0010127041,0.0010686382,0.0010911367,0.0010729339,0.0,0.0010476568,0.0,0.0010612817,0.0010476568,0.001068638,0.0010729214,0.0,0.0,0.0010316321,0.0010127041,0.0010686382,0.001091135,0.0,0.0010612832,0.0,0.0010316321,0.0010127041,0.0010686382,0.0010800273,0.0,0.0,0.0010476576,0.001061283,0.0,0.0010316321,0.0010612817,0.0010729361,0.0010612818,0.0,0.0010316321,0.0010127041,0.0010686382,0.001080027,0.0,0.0,0.001047657,0.0010316321,0.001022164,0.0010327076,0.0011081492,0.0,0.0,0.0010476568,0.0,0.0010612817,0.0010476568,0.001068638,0.0,0.0010612849,0.0,0.0010612818,0.0,0.0010612817,0.0010476568,0.0,0.0,0.0010476721,0.0010316344,0.0010221641,0.0010327076,0.0011081493,0.0,0.0010613234,0.001061286,0.0010556214,0.0010669031,0.0,0.0009902798,0.0,0.0010612839,0.0010476577,0.0,0.0010612819,0.0010476568,0.0010402964,0.0010729221,0.0010612817,0.0010476568,0.0,0.0010612817,0.0010476568,0.0010402949,0.0,0.0010612818,0.0010476568,0.0010402935,0.0010513156,0.0010573212,0.0010692574,0.0010729189,0.0010612817,0.0010476568,0.0010402935,0.0010513156,0.0010573212,0.0010692574,0.0010729362,0.0,0.0,0.0010316321,0.0010127041,0.0010686382,0.0010911347,0.0010729238,0.0,0.0010476568,0.0010316321,0.001022164,0.0010327076,0.001108149,0.0,0.0010612818,0.0,0.0010316321,0.0010127041,0.0010686382,0.0010800269,0.0010729289,0.0,0.0010476568,0.0010316321,0.001022164,0.0010327076,0.0011081595,0.0,0.0010612817,0.0010476568,0.0010402935,0.0010513156,0.0010573212,0.0010692589,0.0010729192,0.0010612817,0.0010476568,0.0010402935,0.0010513156,0.0010573212,0.0010692573,0.0,0.0010612822,0.0010476568,0.0010402935,0.0010513156,0.0010573212,0.0010692574,0.0,0.0,0.0010476568,0.0010316321,0.001022164,0.0010327076,0.001108149,0.0010729199,0.0010612817,0.0,0.0,0.0010612818,0.0010612817,0.0010556214,0.001072937,0.0,0.0010476571,0.0,0.0010612818,0.0010476568,0.0010686421,0.0010729939,0.0,0.0010612818,0.0010476568,0.0010402935,0.0,0.0010612826,0.0,0.0010612815,0.0,0.0010316321,0.0010127041,0.0010686382,0.0010800335,0.0010729223,0.0021853284,0.0010476568,0.0010316321,0.0010221641,0.0010327081,0.0011082329,0.0010729287,0.0,0.0,0.0010316321,0.0010127041,0.0010686382,0.0010911347,0.0,0.0010612818,0.0010476568,0.0010402935,0.0010513156,0.0010573212,0.0010692574,0.0010729064,0.0010612817,0.0010476568,0.0,0.0010612815,0.0010476568,0.0010402947,0.0010729209,0.0,0.0010476568,0.0010316324,0.001022164,0.0010327076,0.0011081515,0.0010729212,0.0,0.0010476568,0.0010316321,0.0010221641,0.0010327076,0.001108151,0.0,0.0010612817,0.0010612819,0.0010556211,0.0010669034,0.0,0.0009903228,0.001072941,0.0,0.0010476568,0.0010316321,0.001022164,0.0010327076,0.0011081486,0.0010729227,0.0,0.0,0.0010316321,0.0010127041,0.0010686382,0.0010911368,0.0010729537,0.0010612825,0.0,0.0010316331,0.0010127046,0.001068638,0.001080036,0.0,0.0010612817,0.0010476568,0.0010402935,0.0010513156,0.0010573212,0.0010692573,0.0,0.0010612827,0.0,0.0010316321,0.0010127041,0.0010686382,0.0010800269,0.0,0.0010612818,0.001047657,0.0010402935,0.0010513156,0.0010573212,0.0010692575,0.0010729299,0.0010612817,0.0010476568,0.0010402937,0.0010513156,0.0010573212,0.0010692575,0.0,0.0,0.0,0.0010316321,0.0010127041,0.0010686382,0.0010911352,0.0010729189,0.0010612817,0.0,0.0010316321,0.0010127041,0.0010686382,0.001080028,0.0010729259,0.0010612817,0.0010476568,0.0010686382,0.0,0.0010316321,0.0010127042,0.0,0.0010612817,0.0010476568,0.0010402935,0.0010513156,0.0010573212,0.0010692581,0.0,0.0010612817,0.0010476568,0.0010402935,0.0010513156,0.0010573212,0.0010692575,0.0,0.0010612824,0.0010476568,0.0010402935,0.0010513156,0.0010573213,0.0010692598,0.0010729256,0.0010612817,0.0010476568,0.0010402935,0.0010513156,0.0010573212,0.001069258,0.0,0.0,0.0010476568,0.0010316321,0.001022164,0.0010327076,0.0011081493,0.0,0.0010612817,0.0010476568,0.0010402935,0.0010513156,0.0010573212,0.0010692574,0.0010730216,0.0010612832,0.0010476568,0.0010402936,0.0010513158,0.0010573213,0.0010692604
k__Bacteria|p__Firmicutes|c__Clostridia|o__Eubacteriales|f__Peptostreptococcaceae|g__Terrisporobacter|s__Terrisporobacter_mayombei,0.0,0.001057384,0.0010436929,0.0010363155,0.0010474416,0.0010535268,0.0010655741,0.0,0.0010573841,0.0010436929,0.0010363155,0.0010474416,0.0010535268,0.0010655741,0.0,0.0,0.0010437003,0.0010276088,0.0010181221,0.0010287561,0.00110473,0.001069092,0.0,0.0010436929,0.0010276049,0.0010181218,0.0010287561,0.0011047295,0.0,0.0,0.0010436929,0.0010276049,0.0010181218,0.0010287561,0.0011047295,0.0010690885,0.001057384,0.0010436929,0.0010363155,0.0010474416,0.0010535268,0.0010655741,0.0,0.0010573847,0.001043693,0.0010363155,0.0010474416,0.0010535268,0.0010655756,0.0010690884,0.001057384,0.0010436929,0.0010363155,0.0010474416,0.0010535268,0.0010655741,0.0,0.0010573842,0.0010436935,0.0010363155,0.0010474416,0.0010535268,0.0010655745,0.0,0.0010573841,0.0010436929,0.0010363155,0.0010474416,0.0010535268,0.0010655742,0.0,0.0010573841,0.0,0.0010276049,0.0010086187,0.0010647986,0.0010763198,0.0,0.001057384,0.0010436929,0.0010363153,0.0010474416,0.0010535268,0.0010655747,0.0,0.0,0.0,0.0010276049,0.0010086187,0.0010647986,0.0010875101,0.0010690904,0.0010573841,0.0,0.0010276049,0.0010086187,0.0010647986,0.0010763238,0.0010691088,0.0,0.0,0.001027605,0.0010086187,0.0010647986,0.00108751,0.0010690956,0.0,0.0010436929,0.0,0.001057384,0.0010436929,0.0010647984,0.0010690892,0.0,0.0,0.0010276049,0.0010086187,0.0010647986,0.0010875089,0.0,0.0010573845,0.0,0.0010276049,0.0010086187,0.0010647986,0.0010763184,0.0,0.0,0.0010436939,0.0010573847,0.0,0.0010276049,0.0010573844,0.0010690914,0.0010573842,0.0,0.0010276049,0.0010086187,0.0010647986,0.0010763182,0.0,0.0,0.001043693,0.0010276049,0.0010181218,0.0010287561,0.0011047302,0.0,0.0,0.0010436929,0.0,0.001057384,0.0010436929,0.0010647986,0.0,0.0010573849,0.0,0.0010573842,0.0,0.001057384,0.001043693,0.0,0.0,0.0010436983,0.0010276054,0.0010181218,0.0010287561,0.0011047296,0.0,0.0010574004,0.0010573856,0.0010517112,0.001063111,0.0,0.000986143,0.0,0.0010573849,0.0010436934,0.0,0.0010573842,0.001043693,0.0010363183,0.0010690892,0.001057384,0.0010436929,0.0,0.001057384,0.0010436929,0.0010363166,0.0,0.0010573842,0.001043693,0.0010363153,0.0010474416,0.0010535268,0.0010655741,0.0010690885,0.001057384,0.0010436929,0.0010363155,0.0010474416,0.0010535268,0.0010655742,0.0010690971,0.0,0.0,0.0010276049,0.0010086187,0.0010647986,0.0010875089,0.0010690895,0.0,0.0010436929,0.0010276049,0.0010181218,0.0010287561,0.0011047297,0.0,0.0010573842,0.0,0.0010276049,0.0010086187,0.0010647986,0.001076318,0.0010690918,0.0,0.0010436929,0.0010276049,0.0010181218,0.0010287561,0.0011047386,0.0,0.001057384,0.0010436929,0.0010363155,0.0010474416,0.0010535268,0.0010655758,0.0010690882,0.001057384,0.0010436929,0.0010363155,0.0010474416,0.0010535268,0.0010655741,0.0,0.0010573842,0.001043693,0.0010363153,0.0010474416,0.0010535268,0.0010655741,0.0,0.0,0.0010436929,0.0010276049,0.0010181218,0.0010287561,0.0011047296,0.0010690881,0.001057384,0.0,0.0,0.0010573842,0.0010573841,0.0010517116,0.0010690931,0.0,0.001043693,0.0,0.0010573842,0.0010436929,0.0010648038,0.0010691233,0.0,0.0010573841,0.001043693,0.0010363153,0.0,0.0010573849,0.0,0.001057384,0.0,0.0010276049,0.0010086187,0.0010647986,0.001076326,0.0010690896,0.0,0.0010436929,0.0010276049,0.0010181218,0.0010287566,0.0011047915,0.001069091,0.0,0.0,0.0010276049,0.0010086187,0.0010647986,0.0010875089,0.0,0.0010573842,0.001043693,0.0010363155,0.0010474416,0.0010535268,0.0010655741,0.0010690744,0.0010573841,0.001043693,0.0,0.0010573841,0.0010436929,0.0010363163,0.0010690888,0.0,0.001043693,0.001027605,0.0010181218,0.0010287561,0.0011047316,0.0010690887,0.0,0.001043693,0.0010276049,0.0010181218,0.0010287564,0.0011047317,0.0,0.0010573841,0.0010573842,0.001051711,0.0010631108,0.0,0.0009861784,0.0010690951,0.0,0.001043693,0.0010276049,0.0010181218,0.0010287561,0.0011047295,0.0010690889,0.0,0.0,0.0010276049,0.0010086187,0.0010647986,0.0010875098,0.0010691031,0.0010573844,0.0,0.0010276056,0.001008619,0.0010647986,0.0010763251,0.0,0.0010573842,0.001043693,0.0010363153,0.0010474416,0.0010535268,0.0010655741,0.0,0.0010573844,0.0,0.0010276049,0.0010086187,0.0010647986,0.001076318,0.0,0.0010573841,0.001043693,0.0010363153,0.0010474416,0.0010535268,0.0010655741,0.001069094,0.001057384,0.0010436929,0.0010363156,0.0010474416,0.0010535268,0.0010655745,0.0,0.0,0.0,0.0010276049,0.0010086187,0.0010647986,0.0010875094,0.0010690882,0.001057384,0.0,0.0010276049,0.0010086187,0.0010647986,0.001076319,0.0010690895,0.0010573842,0.0010436929,0.0010647986,0.0,0.0010276049,0.0010086189,0.0,0.001057384,0.0010436929,0.0010363153,0.0010474416,0.0010535268,0.001065575,0.0,0.001057384,0.0010436929,0.0010363153,0.0010474416,0.0010535268,0.0010655742,0.0,0.0010573843,0.001043693,0.0010363153,0.0010474416,0.0010535268,0.0010655763,0.0010690904,0.001057384,0.0010436929,0.0010363153,0.0010474416,0.0010535268,0.0010655746,0.0,0.0,0.0010436929,0.0010276049,0.0010181218,0.0010287561,0.0011047301,0.0,0.001057384,0.0010436929,0.0010363155,0.0010474416,0.0010535268,0.0010655742,0.001069115,0.0010573845,0.0010436929,0.0010363155,0.0010474416,0.0010535268,0.0010655768
k__Bacteria|p__Firmicutes|c__Bacilli|o__Lactobacillales|f__Lactobacillaceae|g__Dellaglioa|s__Dellaglioa_algida,0.0,0.0010597935,0.0010460272,0.0010384875,0.0010492505,0.0010549927,0.0010667662,0.0,0.0010597939,0.0010460272,0.0010384875,0.0010492505,0.0010549927,0.0010667661,0.0,0.0,0.0010460366,0.0010298609,0.0010202052,0.0010304768,0.0011064796,0.0010715912,0.0,0.0010460272,0.0010298558,0.0010202051,0.0010304768,0.0011064793,0.0,0.0,0.0010460272,0.0010298558,0.0010202051,0.0010304768,0.0011064793,0.0010715667,0.0010597939,0.0010460272,0.0010384875,0.0010492505,0.0010549927,0.001066766,0.0,0.0010597942,0.0010460273,0.0010384875,0.0010492505,0.0010549927,0.001066767,0.001071567,0.0010597939,0.0010460272,0.0010384875,0.0010492505,0.0010549927,0.001066766,0.0,0.001059794,0.0010460278,0.0010384877,0.0010492505,0.0010549927,0.0010667664,0.0,0.0010597939,0.0010460272,0.0010384875,0.0010492505,0.0010549927,0.0010667661,0.0,0.0010597939,0.0,0.0010298558,0.0010107777,0.0010671248,0.0010782809,0.0,0.0010597939,0.0010460272,0.0010384875,0.0010492505,0.0010549927,0.001066766,0.0,0.0,0.0,0.0010298558,0.0010107777,0.0010671248,0.0010895365,0.0010715743,0.0010597939,0.0,0.0010298556,0.0010107777,0.0010671248,0.0010782831,0.0010716219,0.0,0.0,0.0010298558,0.0010107777,0.0010671248,0.0010895367,0.0010715857,0.0,0.0010460272,0.0,0.0010597939,0.0010460272,0.0010671248,0.0010715682,0.0,0.0,0.0010298558,0.0010107777,0.0010671248,0.0010895369,0.0,0.0010597942,0.0,0.0010298558,0.0010107777,0.0010671248,0.00107828,0.0,0.0,0.0010460278,0.0010597947,0.0,0.0010298558,0.001059794,0.0010715794,0.0010597936,0.0,0.0010298557,0.0010107777,0.0010671248,0.0010782799,0.0,0.0,0.0010460273,0.0010298556,0.0010202051,0.0010304768,0.0011064794,0.0,0.0,0.0010460272,0.0,0.0010597939,0.0010460272,0.0010671248,0.0,0.0010597941,0.0,0.001059794,0.0,0.0010597939,0.0010460273,0.0,0.0,0.0010460361,0.0010298566,0.0010202051,0.0010304768,0.001106479,0.0,0.0010598119,0.0010597961,0.0010539643,0.0010649998,0.0,0.0009881976,0.0,0.0010597944,0.0010460274,0.0,0.0010597938,0.0010460273,0.0010384894,0.0010715714,0.0010597939,0.0010460272,0.0,0.0010597939,0.0010460272,0.0010384879,0.0,0.0010597939,0.0010460273,0.0010384875,0.0010492505,0.0010549927,0.0010667661,0.0010715667,0.0010597939,0.0010460272,0.0010384875,0.0010492505,0.0010549927,0.0010667661,0.0010715872,0.0,0.0,0.0010298558,0.0010107777,0.0010671248,0.0010895373,0.0010715709,0.0,0.0010460272,0.0010298558,0.0010202051,0.0010304768,0.0011064792,0.0,0.001059794,0.0,0.0010298558,0.0010107777,0.0010671248,0.0010782798,0.0010715789,0.0,0.0010460272,0.0010298558,0.0010202051,0.0010304768,0.001106483,0.0,0.0010597939,0.0010460272,0.0010384875,0.0010492505,0.0010549927,0.0010667663,0.0010715675,0.0010597939,0.0010460272,0.0010384875,0.0010492505,0.0010549927,0.001066766,0.0,0.0010597939,0.0010460273,0.0010384875,0.0010492505,0.0010549927,0.0010667662,0.0,0.0,0.0010460272,0.0010298558,0.0010202051,0.0010304768,0.0011064794,0.001071568,0.0010597939,0.0,0.0,0.001059794,0.0010597939,0.0010539639,0.0010715905,0.0,0.0010460273,0.0,0.001059794,0.0010460272,0.0010671279,0.0010716551,0.0,0.0010597941,0.0010460273,0.0010384875,0.0,0.001059794,0.0,0.0010597934,0.0,0.0010298558,0.0010107777,0.0010671247,0.0010782862,0.0010715711,0.0,0.0010460272,0.0010298558,0.0010202051,0.0010304773,0.0011065062,0.0010715763,0.0,0.0,0.0010298558,0.0010107777,0.0010671248,0.0010895374,0.0,0.001059794,0.0010460273,0.0010384875,0.0010492505,0.0010549927,0.0010667661,0.001071587,0.001059794,0.0010460273,0.0,0.0010597938,0.0010460272,0.0010384887,0.0010715683,0.0,0.0010460273,0.0010298558,0.0010202051,0.0010304768,0.0011064794,0.0010715682,0.0,0.0010460273,0.0010298555,0.0010202051,0.001030477,0.0011064801,0.0,0.0010597935,0.0010597941,0.001053964,0.0010649998,0.0,0.0009882228,0.0010715885,0.0,0.0010460273,0.0010298558,0.0010202051,0.0010304768,0.0011064793,0.0010715685,0.0,0.0,0.0010298558,0.0010107777,0.0010671248,0.0010895368,0.0010716242,0.0010597942,0.0,0.0010298564,0.0010107778,0.0010671249,0.0010782828,0.0,0.0010597938,0.0010460273,0.0010384875,0.0010492505,0.0010549927,0.001066766,0.0,0.0010597942,0.0,0.0010298556,0.0010107777,0.0010671248,0.0010782798,0.0,0.001059794,0.0010460273,0.0010384875,0.0010492505,0.0010549927,0.001066766,0.0010715747,0.001059794,0.0010460273,0.0010384875,0.0010492505,0.0010549927,0.0010667662,0.0,0.0,0.0,0.0010298558,0.0010107777,0.0010671248,0.0010895374,0.0010715666,0.0010597939,0.0,0.0010298558,0.0010107777,0.0010671248,0.0010782804,0.0010715709,0.0010597938,0.0010460272,0.0010671248,0.0,0.0010298558,0.0010107778,0.0,0.0010597939,0.0010460272,0.0010384875,0.0010492505,0.0010549927,0.0010667664,0.0,0.0010597939,0.0010460272,0.0010384875,0.0010492505,0.0010549927,0.0010667661,0.0,0.0010597941,0.0010460273,0.0010384875,0.0010492505,0.0010549927,0.0010667669,0.0010715725,0.0010597939,0.0010460272,0.0010384875,0.0010492505,0.0010549927,0.0010667663,0.0,0.0,0.0010460272,0.0010298558,0.0010202051,0.0010304768,0.0011064796,0.0,0.0010597939,0.0010460272,0.0010384875,0.0010492505,0.0010549927,0.0010667661,0.0010716969,0.0010597941,0.0010460273,0.0010384875,0.0010492505,0.0010549927,0.0010667669
k__Bacteria|p__Firmicutes|c__Clostridia|o__Eubacteriales|f__Peptostreptococcaceae|g__Peptostreptococcus|s__Peptostreptococcus_stomatis,0.0,0.0010607281,0.0010471055,0.0010397574,0.0010508244,0.0010568708,0.0010688432,0.0,0.0010607282,0.0010471055,0.0010397574,0.0010508244,0.0010568708,0.0010688432,0.0,0.0,0.0010471132,0.0010310884,0.0010216321,0.001032219,0.0011077002,0.0010724138,0.0,0.0010471055,0.0010310842,0.0010216316,0.001032219,0.0011076997,0.0,0.0,0.0010471055,0.0010310842,0.0010216316,0.001032219,0.0011076997,0.0010723644,0.0010607284,0.0010471055,0.0010397574,0.0010508244,0.0010568708,0.0010688432,0.0,0.0010607286,0.0010471058,0.0010397574,0.0010508244,0.0010568708,0.0010688442,0.0010723645,0.0010607284,0.0010471055,0.0010397574,0.0010508244,0.0010568708,0.0010688432,0.0,0.0010607282,0.0010471063,0.0010397575,0.0010508244,0.0010568708,0.0010688438,0.0,0.0010607284,0.0010471055,0.0010397574,0.0010508244,0.0010568708,0.0010688433,0.0,0.0010607282,0.0,0.0010310842,0.0010121609,0.0010680979,0.001079535,0.0,0.0010607284,0.0010471055,0.0010397574,0.0010508244,0.0010568708,0.0010688435,0.0,0.0,0.0,0.0010310842,0.0010121609,0.0010680975,0.0010906422,0.0010723796,0.0010607282,0.0,0.0010310842,0.0010121609,0.0010680975,0.0010795392,0.0010724703,0.0,0.0,0.0010310841,0.0010121609,0.0010680975,0.0010906422,0.0010724002,0.0,0.0010471055,0.0,0.0010607284,0.0010471055,0.0010680978,0.0010723685,0.0,0.0,0.0010310842,0.0010121609,0.0010680975,0.0010906416,0.0,0.0010607291,0.0,0.0010310842,0.0010121609,0.0010680975,0.0010795341,0.0,0.0,0.0010471061,0.0010607296,0.0,0.0010310842,0.0010607284,0.0010723914,0.0010607282,0.0,0.0010310841,0.0010121609,0.0010680975,0.0010795337,0.0,0.0,0.0010471056,0.0010310842,0.0010216316,0.001032219,0.0011077002,0.0,0.0,0.0010471055,0.0,0.0010607284,0.0010471055,0.0010680978,0.0,0.0010607291,0.0,0.0010607283,0.0,0.0010607284,0.0010471056,0.0,0.0,0.0010471145,0.0010310854,0.0010216316,0.001032219,0.0011076998,0.0,0.0010607437,0.0010607302,0.0010550825,0.0010664107,0.0,0.0009897393,0.0,0.0010607294,0.0010471061,0.0,0.0010607284,0.0010471056,0.0010397596,0.0010723728,0.0010607284,0.0010471055,0.0,0.0010607284,0.0010471055,0.0010397582,0.0,0.0010607286,0.0010471056,0.0010397574,0.0010508244,0.0010568708,0.0010688433,0.0010723645,0.0010607284,0.0010471055,0.0010397574,0.0010508244,0.0010568708,0.0010688433,0.0010724042,0.0,0.0,0.0010310842,0.0010121609,0.0010680975,0.0010906412,0.0010723717,0.0,0.0010471055,0.0010310842,0.0010216316,0.001032219,0.0011076998,0.0,0.0010607283,0.0,0.0010310842,0.0010121609,0.0010680975,0.0010795337,0.0010723871,0.0,0.0010471055,0.0010310842,0.0010216316,0.001032219,0.001107705,0.0,0.0010607284,0.0010471055,0.0010397574,0.0010508244,0.0010568708,0.0010688443,0.001072366,0.0010607284,0.0010471055,0.0010397574,0.0010508244,0.0010568708,0.0010688432,0.0,0.0010607286,0.0010471056,0.0010397574,0.0010508244,0.0010568708,0.0010688432,0.0,0.0,0.0010471055,0.0010310842,0.0010216316,0.001032219,0.0011076998,0.0010723685,0.0010607284,0.0,0.0,0.0010607286,0.0010607282,0.0010550825,0.0010724174,0.0,0.0010471058,0.0,0.0010607286,0.0010471055,0.0010681003,0.0010725254,0.0,0.0010607283,0.0010471056,0.0010397574,0.0,0.0010607287,0.0,0.0010607281,0.0,0.0010310842,0.0010121609,0.0010680977,0.0010795409,0.0010723729,0.0,0.0010471055,0.0010310842,0.0010216316,0.0010322195,0.0011077379,0.0010723824,0.0,0.0,0.0010310842,0.0010121609,0.0010680975,0.0010906412,0.0,0.0010607283,0.0010471056,0.0010397574,0.0010508244,0.0010568708,0.0010688432,0.001072414,0.0010607286,0.0010471056,0.0,0.0010607283,0.0010471055,0.0010397587,0.0010723684,0.0,0.0010471056,0.0010310842,0.0010216316,0.001032219,0.0011077011,0.001072369,0.0,0.0010471056,0.0010310842,0.0010216316,0.0010322189,0.0011077014,0.0,0.0010607282,0.0010607286,0.0010550823,0.0010664104,0.0,0.0009897682,0.0010724146,0.0,0.0010471056,0.0010310842,0.0010216316,0.001032219,0.0011076997,0.001072371,0.0,0.0,0.0010310842,0.0010121609,0.0010680975,0.0010906423,0.001072467,0.001060729,0.0,0.0010310849,0.001012161,0.0010680979,0.0010795388,0.0,0.0010607282,0.0010471056,0.0010397574,0.0010508244,0.0010568708,0.0010688432,0.0,0.0010607288,0.0,0.0010310842,0.0010121609,0.0010680975,0.0010795337,0.0,0.0010607284,0.0010471056,0.0010397574,0.0010508244,0.0010568708,0.0010688433,0.0010723821,0.0010607282,0.0010471058,0.0010397576,0.0010508244,0.0010568708,0.0010688434,0.0,0.0,0.0,0.0010310842,0.0010121609,0.0010680975,0.001090642,0.001072364,0.0010607284,0.0,0.0010310842,0.0010121609,0.0010680975,0.0010795345,0.001072378,0.0010607282,0.0010471055,0.0010680975,0.0,0.0010310842,0.0010121611,0.0,0.0010607284,0.0010471055,0.0010397574,0.0010508244,0.0010568708,0.001068844,0.0,0.0010607282,0.0010471055,0.0010397574,0.0010508244,0.0010568708,0.0010688433,0.0,0.0010607287,0.0010471056,0.0010397574,0.0010508244,0.0010568708,0.0010688449,0.0010723762,0.0010607282,0.0010471055,0.0010397574,0.0010508244,0.0010568708,0.0010688438,0.0,0.0,0.0010471055,0.0010310842,0.0010216316,0.001032219,0.0011077002,0.0,0.0010607284,0.0010471055,0.0010397574,0.0010508244,0.0010568708,0.0010688433,0.0010726044,0.0010607289,0.0010471058,0.0010397575,0.0010508244,0.0010568708,0.001068845
k__Bacteria|p__Firmicutes|c__Clostridia|o__Eubacteriales|f__Clostridiaceae|g__Paraclostridium|s__Paraclostridium_bifermentans,0.0,0.0010590849,0.0010453211,0.0010378002,0.0010486195,0.0010544128,0.0010662321,0.0,0.0010590851,0.0010453211,0.0010378002,0.0010486195,0.0010544128,0.0010662321,0.0,0.0,0.0010453352,0.001029163,0.0010195228,0.0010298488,0.0011059035,0.0010708704,0.0,0.0010453211,0.0010291534,0.0010195222,0.0010298488,0.0011059032,0.0,0.0,0.0010453211,0.0010291535,0.0010195222,0.0010298488,0.0011059032,0.0010708566,0.0010590851,0.0010453211,0.0010378002,0.0010486195,0.0010544128,0.001066232,0.0,0.001059086,0.0010453212,0.0010378002,0.0010486195,0.0010544128,0.0010662322,0.0010708566,0.0010590851,0.0010453211,0.0010378002,0.0010486195,0.0010544128,0.0010662321,0.0,0.0010590855,0.0010453216,0.0010378002,0.0010486195,0.0010544128,0.0010662322,0.0,0.0010590851,0.0010453211,0.0010378002,0.0010486195,0.0010544128,0.0010662321,0.0,0.0010590851,0.0,0.0010291535,0.0010100809,0.0010664327,0.001077648,0.0,0.0010590851,0.0010453211,0.0010378001,0.0010486195,0.0010544128,0.001066232,0.0,0.0,0.0,0.0010291535,0.0010100805,0.0010664327,0.001088905,0.0010708598,0.0010590851,0.0,0.0010291535,0.0010100809,0.0010664327,0.0010776519,0.0010709037,0.0,0.0,0.0010291537,0.0010100809,0.0010664327,0.0010889049,0.001070868,0.0,0.0010453211,0.0,0.0010590851,0.0010453211,0.0010664327,0.0010708583,0.0,0.0,0.0010291534,0.0010100805,0.0010664327,0.0010889047,0.0,0.0010590869,0.0,0.0010291535,0.0010100805,0.0010664327,0.0010776471,0.0,0.0,0.0010453219,0.0010590864,0.0,0.0010291534,0.0010590852,0.0010708736,0.0010590855,0.0,0.0010291532,0.0010100805,0.0010664327,0.0010776471,0.0,0.0,0.0010453212,0.0010291535,0.0010195222,0.0010298488,0.0011059036,0.0,0.0,0.0010453211,0.0,0.0010590851,0.0010453211,0.0010664327,0.0,0.0010590886,0.0,0.0010590852,0.0,0.0010590851,0.0010453212,0.0,0.0,0.0010453399,0.0010291564,0.0010195223,0.0010298488,0.0011059033,0.0,0.0010591263,0.0010590893,0.0010532743,0.0010643674,0.0,0.0009875086,0.0,0.0010590878,0.0010453222,0.0,0.0010590855,0.0010453212,0.001037802,0.0010708588,0.0010590851,0.0010453211,0.0,0.0010590851,0.0010453211,0.0010378008,0.0,0.0010590855,0.0010453212,0.0010378001,0.0010486195,0.0010544128,0.001066232,0.0010708562,0.0010590851,0.0010453211,0.0010378002,0.0010486195,0.0010544128,0.0010662321,0.0010708732,0.0,0.0,0.0010291534,0.0010100805,0.0010664327,0.0010889047,0.0010708607,0.0,0.0010453211,0.0010291534,0.0010195222,0.0010298488,0.0011059032,0.0,0.0010590852,0.0,0.0010291534,0.0010100805,0.0010664327,0.001077647,0.0010708659,0.0,0.0010453211,0.0010291535,0.0010195222,0.0010298488,0.0011059073,0.0,0.0010590851,0.0010453211,0.0010378002,0.0010486195,0.0010544128,0.0010662328,0.0010708565,0.0010590851,0.0010453211,0.0010378002,0.0010486195,0.0010544128,0.001066232,0.0,0.0010590856,0.0010453212,0.0010378001,0.0010486195,0.0010544128,0.0010662321,0.0,0.0,0.0010453211,0.0010291535,0.0010195222,0.0010298488,0.0011059033,0.0010708565,0.0010590851,0.0,0.0,0.0010590852,0.0010590851,0.0010532739,0.0010708693,0.0,0.0010453212,0.0,0.0010590852,0.0010453211,0.001066434,0.0010709239,0.0,0.0010590854,0.0010453212,0.0010378001,0.0,0.0010590854,0.0,0.0010590851,0.0,0.0010291534,0.0010100809,0.0010664327,0.0010776514,0.0010708593,0.0,0.0010453211,0.0010291534,0.001019522,0.0010298494,0.0011059333,0.0010708658,0.0,0.0,0.0010291535,0.0010100805,0.0010664327,0.0010889047,0.0,0.0010590852,0.0010453212,0.0010378002,0.0010486195,0.0010544128,0.0010662321,0.0010708349,0.0010590852,0.0010453212,0.0,0.001059085,0.0010453211,0.0010378012,0.0010708577,0.0,0.0010453212,0.0010291536,0.0010195222,0.0010298488,0.0011059034,0.001070858,0.0,0.0010453212,0.0010291535,0.0010195223,0.0010298488,0.0011059045,0.0,0.0010590854,0.0010590855,0.0010532737,0.0010643672,0.0,0.0009875387,0.0010708777,0.0,0.0010453212,0.0010291535,0.0010195222,0.0010298488,0.0011059032,0.0010708577,0.0,0.0,0.0010291534,0.0010100809,0.0010664327,0.0010889049,0.0010708934,0.0010590861,0.0,0.0010291544,0.0010100811,0.0010664327,0.0010776509,0.0,0.001059085,0.0010453212,0.0010378001,0.0010486195,0.0010544128,0.001066232,0.0,0.0010590863,0.0,0.0010291535,0.0010100805,0.0010664327,0.0010776471,0.0,0.0010590851,0.0010453212,0.0010378001,0.0010486195,0.0010544128,0.0010662321,0.001070864,0.0010590852,0.0010453211,0.0010378002,0.0010486195,0.0010544128,0.0010662322,0.0,0.0,0.0,0.0010291534,0.0010100805,0.0010664327,0.001088905,0.0010708562,0.0010590851,0.0,0.0010291534,0.0010100805,0.0010664327,0.0010776476,0.0010708628,0.001059085,0.0010453211,0.0010664327,0.0,0.0010291534,0.0010100806,0.0,0.0010590851,0.0010453211,0.0010378001,0.0010486195,0.0010544128,0.0010662324,0.0,0.0010590851,0.0010453211,0.0010378001,0.0010486195,0.0010544128,0.0010662322,0.0,0.001059086,0.0010453212,0.0010378001,0.0010486195,0.0010544128,0.0010662331,0.0010708623,0.0010590851,0.0010453211,0.0010378001,0.0010486195,0.0010544128,0.0010662323,0.0,0.0,0.0010453211,0.0010291535,0.0010195222,0.0010298488,0.0011059035,0.0,0.0010590851,0.0010453211,0.0010378002,0.0010486195,0.0010544128,0.0010662321,0.001070949,0.0010590866,0.0010453211,0.0010378001,0.0010486195,0.0010544128,0.0010662333
k__Bacteria|p__Firmicutes|c__Negativicutes|o__Selenomonadales|f__Selenomonadaceae|g__Selenomonas|s__Selenomonas_SGB5880,0.0,0.0010578126,0.001044173,0.0010368616,0.00104809,0.0010542778,0.001066391,0.0,0.0010578127,0.001044173,0.0010368616,0.00104809,0.0010542778,0.001066391,0.0,0.0,0.0010441873,0.0010281455,0.0010187246,0.0010294646,0.0011052445,0.0010695425,0.0,0.001044173,0.0010281382,0.0010187238,0.0010294646,0.0011052437,0.0,0.0,0.001044173,0.0010281382,0.0010187238,0.0010294646,0.0011052437,0.0010694687,0.0010578127,0.001044173,0.0010368616,0.00104809,0.0010542778,0.0010663909,0.0,0.0010578138,0.0010441731,0.0010368616,0.00104809,0.0010542778,0.0010663914,0.0010694686,0.0010578127,0.001044173,0.0010368616,0.00104809,0.0010542778,0.0010663909,0.0,0.0010578128,0.0010441741,0.0010368619,0.00104809,0.0010542778,0.0010663915,0.0,0.0010578127,0.001044173,0.0010368616,0.00104809,0.0010542778,0.0010663909,0.0,0.0010578127,0.0,0.0010281382,0.0010092072,0.001065239,0.001076853,0.0,0.0010578127,0.001044173,0.0010368616,0.00104809,0.0010542778,0.001066391,0.0,0.0,0.0,0.0010281382,0.0010092072,0.001065239,0.00108799,0.001069491,0.0010578127,0.0,0.0010281382,0.0010092072,0.001065239,0.0010768619,0.001069642,0.0,0.0,0.0010281384,0.0010092072,0.001065239,0.0010879892,0.001069524,0.0,0.0010441728,0.0,0.0010578127,0.001044173,0.0010652388,0.0010694752,0.0,0.0,0.0010281382,0.0010092072,0.001065239,0.0010879887,0.0,0.0010578148,0.0,0.0010281382,0.0010092072,0.001065239,0.0010768522,0.0,0.0,0.0010441736,0.0010578152,0.0,0.0010281382,0.0010578128,0.0010695085,0.0010578131,0.0,0.0010281381,0.0010092072,0.001065239,0.0010768516,0.0,0.0,0.0010441733,0.0010281382,0.0010187238,0.0010294646,0.0011052442,0.0,0.0,0.001044173,0.0,0.0010578127,0.001044173,0.0010652391,0.0,0.0010578147,0.0,0.0010578128,0.0,0.0010578127,0.0010441731,0.0,0.0,0.0010441922,0.0010281409,0.0010187242,0.0010294646,0.001105244,0.0,0.0010578563,0.0010578173,0.0010522038,0.0010637009,0.0,0.0009867878,0.0,0.0010578154,0.0010441741,0.0,0.001057813,0.0010441731,0.0010368645,0.0010694799,0.0010578127,0.001044173,0.0,0.0010578127,0.001044173,0.0010368627,0.0,0.0010578128,0.0010441731,0.0010368616,0.00104809,0.0010542778,0.001066391,0.0010694686,0.0010578127,0.001044173,0.0010368616,0.00104809,0.0010542778,0.0010663909,0.0010695333,0.0,0.0,0.0010281382,0.0010092072,0.001065239,0.0010879887,0.0010694831,0.0,0.001044173,0.0010281382,0.0010187238,0.0010294646,0.0011052438,0.0,0.0010578128,0.0,0.0010281382,0.0010092072,0.001065239,0.0010768517,0.0010695021,0.0,0.001044173,0.0010281382,0.0010187238,0.0010294646,0.0011052521,0.0,0.0010578127,0.001044173,0.0010368616,0.00104809,0.0010542778,0.0010663925,0.0010694707,0.0010578127,0.001044173,0.0010368616,0.00104809,0.0010542778,0.0010663909,0.0,0.0010578133,0.0010441731,0.0010368616,0.00104809,0.0010542778,0.001066391,0.0,0.0,0.001044173,0.0010281382,0.0010187238,0.0010294646,0.0011052438,0.0010694733,0.0010578127,0.0,0.0,0.0010578128,0.0010578127,0.0010522036,0.0010695417,0.0,0.001044173,0.0,0.0010578128,0.001044173,0.0010652413,0.0010697242,0.0,0.0010578127,0.0010441731,0.0010368616,0.0,0.0010578134,0.0,0.0010578126,0.0,0.0010281382,0.0010092072,0.0010652387,0.0010768576,0.0010694803,0.0,0.001044173,0.0010281382,0.0010187242,0.0010294655,0.0011053063,0.0010694946,0.0,0.0,0.0010281382,0.0010092072,0.001065239,0.0010879884,0.0,0.0010578128,0.0010441731,0.0010368616,0.00104809,0.0010542778,0.001066391,0.00106952,0.0010578128,0.0010441731,0.0,0.0010578126,0.001044173,0.0010368632,0.0010694751,0.0,0.0010441731,0.0010281383,0.0010187238,0.0010294646,0.0011052451,0.0010694757,0.0,0.0010441731,0.0010281382,0.0010187242,0.0010294646,0.0011052459,0.0,0.0010578128,0.0010578132,0.0010522035,0.0010637008,0.0,0.0009868181,0.0010695509,0.0,0.0010441731,0.0010281382,0.0010187238,0.0010294646,0.0011052437,0.0010694778,0.0,0.0,0.0010281382,0.0010092072,0.001065239,0.0010879897,0.0010696326,0.0010578143,0.0,0.0010281398,0.0010092072,0.0010652392,0.0010768592,0.0,0.0010578127,0.0010441731,0.0010368616,0.00104809,0.0010542778,0.0010663909,0.0,0.0010578133,0.0,0.0010281382,0.0010092072,0.001065239,0.0010768517,0.0,0.0010578127,0.0010441733,0.0010368616,0.00104809,0.0010542778,0.001066391,0.0010694981,0.0010578126,0.0010441731,0.001036862,0.00104809,0.0010542778,0.0010663914,0.0,0.0,0.0,0.0010281382,0.0010092072,0.001065239,0.0010879887,0.001069468,0.0010578127,0.0,0.0010281382,0.0010092072,0.001065239,0.0010768527,0.0010694892,0.0010578127,0.001044173,0.001065239,0.0,0.0010281382,0.0010092073,0.0,0.0010578127,0.001044173,0.0010368616,0.00104809,0.0010542778,0.0010663914,0.0,0.0010578127,0.001044173,0.0010368616,0.00104809,0.0010542778,0.001066391,0.0,0.0010578138,0.0010441731,0.0010368616,0.00104809,0.0010542778,0.0010663924,0.0010694902,0.0010578127,0.001044173,0.0010368616,0.00104809,0.0010542778,0.0010663915,0.0,0.0,0.001044173,0.0010281382,0.0010187238,0.0010294646,0.0011052443,0.0,0.0010578127,0.001044173,0.0010368616,0.00104809,0.0010542778,0.0010663909,0.0010697881,0.0010578141,0.0010441731,0.0010368616,0.00104809,0.0010542778,0.0010663929
k__Bacteria|p__Firmicutes|c__Clostridia|o__Eubacteriales|f__Lachnospiraceae|g__GGB25053|s__GGB25053_SGB106016,0.0,0.0010600396,0.0010463677,0.0010389618,0.0010499507,0.001055916,0.0010678419,0.0,0.0010600399,0.0010463677,0.0010389618,0.0010499507,0.001055916,0.0010678419,0.0,0.0,0.001046375,0.0010302996,0.0010207836,0.0010312874,0.001106979,0.0010717518,0.0,0.0010463677,0.0010302955,0.0010207831,0.0010312874,0.0011069783,0.0,0.0,0.0010463677,0.0010302955,0.0010207831,0.0010312874,0.0011069782,0.0010717232,0.0010600397,0.0010463677,0.0010389618,0.0010499507,0.001055916,0.0010678417,0.0,0.0010600406,0.0010463678,0.0010389618,0.0010499507,0.001055916,0.0010678428,0.001071723,0.0010600397,0.0010463677,0.0010389618,0.0010499507,0.001055916,0.0010678419,0.0,0.00106004,0.0010463685,0.0010389619,0.0010499507,0.001055916,0.0010678422,0.0,0.0010600399,0.0010463677,0.0010389618,0.0010499507,0.001055916,0.001067842,0.0,0.0010600399,0.0,0.0010302955,0.0010113205,0.0010674042,0.0010787734,0.0,0.0010600397,0.0010463677,0.0010389618,0.0010499507,0.001055916,0.0010678425,0.0,0.0,0.0,0.0010302955,0.0010113205,0.0010674042,0.001089933,0.0010717311,0.0010600399,0.0,0.0010302955,0.0010113205,0.0010674042,0.0010787802,0.0010717972,0.0,0.0,0.0010302957,0.0010113205,0.0010674042,0.001089933,0.0010717433,0.0,0.0010463677,0.0,0.0010600397,0.0010463677,0.0010674042,0.0010717249,0.0,0.0,0.0010302955,0.0010113205,0.0010674042,0.001089932,0.0,0.0010600408,0.0,0.0010302956,0.0010113205,0.0010674042,0.0010787719,0.0,0.0,0.0010463686,0.0010600406,0.0,0.0010302955,0.00106004,0.0010717361,0.00106004,0.0,0.0010302954,0.0010113205,0.0010674042,0.0010787713,0.0,0.0,0.0010463678,0.0010302955,0.0010207831,0.0010312874,0.0011069785,0.0,0.0,0.0010463677,0.0,0.0010600397,0.0010463677,0.0010674042,0.0,0.001060041,0.0,0.0010600399,0.0,0.0010600397,0.001046368,0.0,0.0,0.0010463749,0.0010302963,0.0010207832,0.0010312874,0.0011069786,0.0,0.001060052,0.0010600411,0.0010543386,0.0010655932,0.0,0.0009888519,0.0,0.0010600415,0.0010463684,0.0,0.00106004,0.0010463677,0.0010389646,0.0010717259,0.0010600397,0.0010463677,0.0,0.0010600397,0.0010463677,0.0010389629,0.0,0.0010600399,0.0010463677,0.0010389618,0.0010499507,0.001055916,0.0010678419,0.001071723,0.0010600397,0.0010463677,0.0010389618,0.0010499507,0.001055916,0.0010678417,0.001071751,0.0,0.0,0.0010302955,0.0010113205,0.0010674042,0.0010899319,0.001071727,0.0,0.0010463677,0.0010302955,0.0010207831,0.0010312874,0.0011069784,0.0,0.0010600399,0.0,0.0010302955,0.0010113205,0.0010674042,0.0010787713,0.0010717366,0.0,0.0010463677,0.0010302955,0.0010207831,0.0010312874,0.0011069868,0.0,0.0010600397,0.0010463677,0.0010389618,0.0010499507,0.001055916,0.001067844,0.0010717234,0.0010600397,0.0010463677,0.0010389618,0.0010499507,0.001055916,0.0010678417,0.0,0.0010600401,0.0010463677,0.0010389618,0.0010499507,0.001055916,0.0010678419,0.0,0.0,0.0010463677,0.0010302955,0.0010207831,0.0010312874,0.0011069783,0.0010717241,0.0010600397,0.0,0.0,0.0010600399,0.0010600399,0.001054339,0.0010717525,0.0,0.0010463678,0.0,0.0010600399,0.0010463677,0.0010674081,0.0010718366,0.0,0.0010600399,0.0010463677,0.0010389618,0.0,0.0010600403,0.0,0.0010600396,0.0,0.0010302955,0.0010113205,0.001067404,0.0010787792,0.0010717278,0.0,0.0010463677,0.0010302956,0.0010207833,0.0010312883,0.0011070335,0.0010717356,0.0,0.0,0.0010302955,0.0010113205,0.0010674042,0.0010899319,0.0,0.0010600399,0.0010463677,0.0010389618,0.0010499507,0.001055916,0.0010678419,0.0010717306,0.0010600397,0.0010463677,0.0,0.0010600396,0.0010463677,0.0010389626,0.0010717249,0.0,0.0010463677,0.0010302957,0.0010207831,0.0010312874,0.0011069803,0.0010717254,0.0,0.0010463677,0.0010302956,0.0010207832,0.0010312875,0.0011069807,0.0,0.0010600397,0.00106004,0.0010543385,0.0010655933,0.0,0.0009888883,0.0010717525,0.0,0.0010463677,0.0010302955,0.0010207831,0.0010312874,0.0011069782,0.0010717256,0.0,0.0,0.0010302955,0.0010113205,0.0010674042,0.0010899331,0.0010717909,0.0010600403,0.0,0.0010302963,0.0010113206,0.0010674042,0.0010787795,0.0,0.0010600397,0.0010463677,0.0010389618,0.0010499507,0.001055916,0.0010678419,0.0,0.0010600401,0.0,0.0010302955,0.0010113205,0.0010674042,0.0010787713,0.0,0.00106004,0.0010463682,0.0010389618,0.0010499507,0.001055916,0.001067842,0.001071737,0.0010600397,0.0010463679,0.0010389619,0.0010499507,0.001055916,0.0010678422,0.0,0.0,0.0,0.0010302955,0.0010113205,0.0010674042,0.0010899325,0.001071723,0.0010600397,0.0,0.0010302955,0.0010113205,0.0010674042,0.0010787725,0.0010717321,0.0010600397,0.0010463677,0.0010674042,0.0,0.0010302955,0.0010113206,0.0,0.0010600397,0.0010463677,0.0010389618,0.0010499507,0.001055916,0.0010678432,0.0,0.0010600397,0.0010463677,0.0010389618,0.0010499507,0.001055916,0.001067842,0.0,0.0010600401,0.0010463677,0.0010389618,0.0010499507,0.001055916,0.0010678442,0.0010717298,0.0010600397,0.0010463677,0.0010389618,0.0010499507,0.001055916,0.0010678424,0.0,0.0,0.0010463677,0.0010302955,0.0010207831,0.0010312874,0.0011069787,0.0,0.0010600397,0.0010463677,0.0010389618,0.0010499507,0.001055916,0.001067842,0.0010719001,0.0010600406,0.0010463677,0.0010389618,0.0010499507,0.001055916,0.0010678448
k__Bacteria|p__Firmicutes|c__Bacilli|o__Lactobacillales|f__Carnobacteriaceae|g__Granulicatella|s__Granulicatella_SGB8239,0.0,0.0010605706,0.0010469434,0.0010395916,0.0010506576,0.001056702,0.0010686755,0.0,0.0010605707,0.0010469434,0.0010395916,0.0010506576,0.001056702,0.0010686752,0.0,0.0,0.0010469541,0.0010309232,0.0010214616,0.0010320467,0.001107556,0.0010722519,0.0,0.0010469434,0.0010309173,0.0010214609,0.0010320467,0.0011075552,0.0,0.0,0.0010469434,0.0010309173,0.0010214609,0.0010320467,0.0011075552,0.0010722115,0.0010605707,0.0010469434,0.0010395916,0.0010506576,0.001056702,0.0010686752,0.0,0.0010605713,0.0010469435,0.0010395916,0.0010506576,0.001056702,0.0010686761,0.0010722114,0.0010605707,0.0010469434,0.0010395916,0.0010506576,0.001056702,0.0010686753,0.0,0.0010605709,0.0010469442,0.0010395917,0.0010506576,0.001056702,0.0010686758,0.0,0.0010605707,0.0010469434,0.0010395916,0.0010506576,0.001056702,0.0010686752,0.0,0.0010605707,0.0,0.0010309173,0.0010119891,0.0010679418,0.0010793798,0.0,0.0010605707,0.0010469434,0.0010395915,0.0010506576,0.001056702,0.0010686758,0.0,0.0,0.0,0.0010309173,0.0010119891,0.0010679418,0.0010904924,0.0010722236,0.0010605707,0.0,0.0010309173,0.0010119891,0.0010679418,0.0010793864,0.0010723037,0.0,0.0,0.0010309174,0.0010119891,0.0010679418,0.0010904921,0.0010722408,0.0,0.0010469434,0.0,0.0010605707,0.0010469434,0.0010679417,0.0010722151,0.0,0.0,0.0010309173,0.0010119891,0.0010679418,0.0010904914,0.0,0.0010605721,0.0,0.0010309173,0.0010119891,0.0010679418,0.0010793785,0.0,0.0,0.0010469441,0.001060572,0.0,0.0010309173,0.0010605709,0.0010722348,0.0010605709,0.0,0.0010309172,0.0010119891,0.0010679418,0.0010793781,0.0,0.0,0.0010469435,0.0010309173,0.0010214609,0.0010320467,0.0011075557,0.0,0.0,0.0010469434,0.0,0.0010605707,0.0010469434,0.0010679417,0.0,0.0010605733,0.0,0.0010605708,0.0,0.0010605707,0.0010469435,0.0,0.0,0.0010469569,0.0010309191,0.0010214612,0.0010320467,0.0011075557,0.0,0.0010606019,0.0010605738,0.0010549218,0.0010662493,0.0,0.000989567,0.0,0.001060573,0.001046944,0.0,0.001060571,0.0010469435,0.0010395942,0.0010722175,0.0010605707,0.0010469434,0.0,0.0010605707,0.0010469434,0.0010395928,0.0,0.001060571,0.0010469435,0.0010395915,0.0010506576,0.001056702,0.0010686755,0.0010722113,0.0010605707,0.0010469434,0.0010395916,0.0010506576,0.001056702,0.0010686752,0.0010722452,0.0,0.0,0.0010309173,0.0010119891,0.0010679418,0.001090491,0.0010722177,0.0,0.0010469434,0.0010309173,0.0010214609,0.0010320467,0.0011075556,0.0,0.0010605708,0.0,0.0010309173,0.0010119891,0.0010679418,0.001079378,0.0010722321,0.0,0.0010469434,0.0010309173,0.0010214609,0.0010320467,0.0011075636,0.0,0.0010605707,0.0010469434,0.0010395916,0.0010506576,0.001056702,0.001068677,0.0010722125,0.0010605707,0.0010469434,0.0010395916,0.0010506576,0.001056702,0.0010686752,0.0,0.0010605712,0.0010469435,0.0010395915,0.0010506576,0.001056702,0.0010686755,0.0,0.0,0.0010469434,0.0010309173,0.0010214609,0.0010320467,0.0011075553,0.0010722138,0.0010605707,0.0,0.0,0.0010605708,0.0010605707,0.0010549215,0.001072251,0.0,0.0010469435,0.0,0.0010605708,0.0010469434,0.001067945,0.0010723508,0.0,0.0010605709,0.0010469435,0.0010395915,0.0,0.0010605714,0.0,0.0010605706,0.0,0.0010309173,0.0010119891,0.0010679418,0.001079387,0.0010722177,0.0,0.0010469434,0.0010309173,0.0010214612,0.0010320473,0.0011076143,0.001072226,0.0,0.0,0.0010309173,0.0010119891,0.0010679418,0.0010904911,0.0,0.0010605708,0.0010469435,0.0010395916,0.0010506576,0.001056702,0.0010686752,0.0010722267,0.0010605707,0.0010469435,0.0,0.0010605707,0.0010469434,0.0010395928,0.0010722148,0.0,0.0010469435,0.0010309173,0.0010214609,0.0010320467,0.0011075571,0.0010722154,0.0,0.0010469435,0.0010309173,0.0010214612,0.001032047,0.0011075578,0.0,0.0010605709,0.001060571,0.0010549213,0.0010662493,0.0,0.0009896035,0.0010722531,0.0,0.0010469435,0.0010309173,0.0010214609,0.0010320467,0.0011075552,0.0010722164,0.0,0.0,0.0010309173,0.0010119891,0.0010679418,0.0010904922,0.0010722962,0.0010605718,0.0,0.0010309181,0.0010119897,0.0010679418,0.0010793855,0.0,0.0010605707,0.0010469435,0.0010395915,0.0010506576,0.001056702,0.0010686752,0.0,0.0010605715,0.0,0.0010309173,0.0010119891,0.0010679418,0.001079378,0.0,0.0010605709,0.0010469435,0.0010395915,0.0010506576,0.001056702,0.0010686753,0.0010722289,0.0010605708,0.0010469435,0.0010395919,0.0010506576,0.001056702,0.001068676,0.0,0.0,0.0,0.0010309173,0.0010119891,0.0010679418,0.0010904915,0.001072211,0.0010605707,0.0,0.0010309173,0.0010119891,0.0010679418,0.0010793792,0.0010722242,0.0010605707,0.0010469434,0.0010679418,0.0,0.0010309173,0.0010119893,0.0,0.0010605707,0.0010469434,0.0010395915,0.0010506576,0.001056702,0.0010686765,0.0,0.0010605707,0.0010469434,0.0010395915,0.0010506576,0.001056702,0.0010686755,0.0,0.0010605714,0.0010469435,0.0010395915,0.0010506576,0.001056702,0.0010686779,0.0010722225,0.0010605707,0.0010469434,0.0010395915,0.0010506576,0.001056702,0.0010686759,0.0,0.0,0.0010469434,0.0010309173,0.0010214609,0.0010320467,0.0011075558,0.0,0.0010605707,0.0010469434,0.0010395916,0.0010506576,0.001056702,0.0010686752,0.0010724207,0.0010605719,0.0010469435,0.0010395915,0.0010506576,0.001056702,0.0010686782
k__Bacteria|p__Firmicutes|c__Bacilli|o__Bacillales|f__Bacillales_unclassified|g__Gemella|s__Gemella_SGB7291,0.0,0.001061401,0.0010477761,0.0010404106,0.0010514247,0.001057423,0.0010693523,0.0,0.0010614011,0.0010477761,0.0010404106,0.0010514247,0.001057423,0.0010693523,0.0,0.0,0.001047787,0.001031758,0.0010222816,0.001032817,0.0011082476,0.001073065,0.0,0.0010477761,0.0010317516,0.001022281,0.001032817,0.0011082474,0.0,0.0,0.0010477761,0.0010317516,0.001022281,0.001032817,0.0011082474,0.0010730383,0.001061401,0.0010477761,0.0010404106,0.0010514247,0.001057423,0.0010693521,0.0,0.0010614013,0.0010477762,0.0010404106,0.0010514247,0.001057423,0.0010693524,0.0010730383,0.001061401,0.0010477761,0.0010404106,0.0010514247,0.001057423,0.0010693521,0.0,0.0010614012,0.0010477767,0.0010404108,0.0010514247,0.001057423,0.0010693527,0.0,0.0010614011,0.0010477761,0.0010404106,0.0010514247,0.001057423,0.0010693521,0.0,0.0010614011,0.0,0.0010317516,0.0010128234,0.0010687549,0.0010801357,0.0,0.001061401,0.0010477761,0.0010404106,0.0010514247,0.001057423,0.0010693524,0.0,0.0,0.0,0.0010317516,0.0010128234,0.0010687549,0.0010912437,0.0010730462,0.0010614011,0.0,0.0010317516,0.0010128234,0.0010687549,0.0010801398,0.0010730999,0.0,0.0,0.0010317516,0.0010128234,0.0010687549,0.001091243,0.0010730596,0.0,0.0010477761,0.0,0.001061401,0.0010477761,0.0010687548,0.001073041,0.0,0.0,0.0010317516,0.0010128234,0.0010687549,0.0010912424,0.0,0.0010614021,0.0,0.0010317516,0.0010128234,0.0010687549,0.0010801352,0.0,0.0,0.0010477764,0.0010614021,0.0,0.0010317516,0.0010614012,0.0010730556,0.0010614012,0.0,0.0010317516,0.0010128234,0.0010687549,0.0010801351,0.0,0.0,0.0010477762,0.0010317516,0.001022281,0.001032817,0.0011082476,0.0,0.0,0.0010477761,0.0,0.001061401,0.0010477761,0.0010687548,0.0,0.0010614025,0.0,0.0010614012,0.0,0.001061401,0.0010477762,0.0,0.0,0.0010477882,0.0010317533,0.001022281,0.001032817,0.0011082474,0.0,0.001061436,0.001061404,0.0010557382,0.0010670118,0.0,0.0009903922,0.0,0.0010614021,0.0010477765,0.0,0.0010614012,0.0010477762,0.001040412,0.001073043,0.001061401,0.0010477761,0.0,0.001061401,0.0010477761,0.0010404112,0.0,0.0010614012,0.0010477762,0.0010404106,0.0010514247,0.001057423,0.0010693523,0.0010730383,0.001061401,0.0010477761,0.0010404106,0.0010514247,0.001057423,0.0010693521,0.0010730599,0.0,0.0,0.0010317516,0.0010128234,0.0010687549,0.0010912424,0.0010730444,0.0,0.0010477761,0.0010317516,0.001022281,0.001032817,0.0011082471,0.0,0.0010614012,0.0,0.0010317516,0.0010128234,0.0010687549,0.0010801351,0.0010730508,0.0,0.0010477761,0.0010317516,0.001022281,0.001032817,0.0011082514,0.0,0.001061401,0.0010477761,0.0010404106,0.0010514247,0.001057423,0.0010693527,0.0010730391,0.001061401,0.0010477761,0.0010404106,0.0010514247,0.001057423,0.0010693521,0.0,0.0010614013,0.0010477762,0.0010404106,0.0010514247,0.001057423,0.0010693523,0.0,0.0,0.0010477761,0.0010317516,0.001022281,0.001032817,0.0011082476,0.0010730404,0.001061401,0.0,0.0,0.0010614012,0.0010614011,0.0010557383,0.0010730661,0.0,0.0010477762,0.0,0.0010614012,0.0010477761,0.0010687562,0.0010731333,0.0,0.0010614012,0.0010477764,0.0010404106,0.0,0.0010614014,0.0,0.001061401,0.0,0.0010317516,0.0010128234,0.0010687548,0.0010801367,0.0010730424,0.0,0.0010477761,0.0010317516,0.001022281,0.0010328172,0.0011082824,0.001073047,0.0,0.0,0.0010317516,0.0010128234,0.0010687549,0.0010912422,0.0,0.0010614012,0.0010477762,0.0010404106,0.0010514247,0.001057423,0.0010693523,0.0010730588,0.0010614012,0.0010477762,0.0,0.0010614011,0.0010477761,0.0010404116,0.0010730409,0.0,0.0010477762,0.0010317514,0.001022281,0.001032817,0.0011082479,0.0010730412,0.0,0.0010477762,0.0010317516,0.001022281,0.0010328171,0.001108248,0.0,0.0010614012,0.0010614012,0.0010557381,0.0010670117,0.0,0.0009904183,0.0010730678,0.0,0.0010477762,0.0010317516,0.001022281,0.001032817,0.0011082474,0.0010730427,0.0,0.0,0.0010317516,0.0010128234,0.0010687549,0.0010912435,0.0010730946,0.0010614017,0.0,0.0010317522,0.0010128235,0.0010687548,0.0010801388,0.0,0.0010614011,0.0010477762,0.0010404106,0.0010514247,0.001057423,0.0010693521,0.0,0.0010614013,0.0,0.0010317516,0.0010128234,0.0010687549,0.0010801351,0.0,0.0010614011,0.0010477765,0.0010404106,0.0010514247,0.001057423,0.0010693523,0.0010730498,0.0010614011,0.0010477764,0.0010404107,0.0010514247,0.001057423,0.0010693524,0.0,0.0,0.0,0.0010317516,0.0010128234,0.0010687549,0.0010912425,0.0010730377,0.001061401,0.0,0.0010317516,0.0010128234,0.0010687549,0.0010801358,0.0010730455,0.0010614011,0.0010477761,0.0010687549,0.0,0.0010317516,0.0010128234,0.0,0.001061401,0.0010477761,0.0010404106,0.0010514247,0.001057423,0.0010693525,0.0,0.001061401,0.0010477761,0.0010404106,0.0010514247,0.001057423,0.0010693523,0.0,0.0010614017,0.0010477762,0.0010404106,0.0010514247,0.001057423,0.0010693531,0.0010730469,0.001061401,0.0010477761,0.0010404106,0.0010514247,0.001057423,0.0010693525,0.0,0.0,0.0010477761,0.0010317516,0.001022281,0.001032817,0.0011082476,0.0,0.001061401,0.0010477761,0.0010404106,0.0010514247,0.001057423,0.0010693521,0.0010731728,0.0010614019,0.0010477762,0.0010404106,0.0010514247,0.001057423,0.0010693533
k__Bacteria|p__Firmicutes|c__Bacilli|o__Lactobacillales|f__Lactobacillaceae|g__Lentilactobacillus|s__Lentilactobacillus_parafarraginis,0.0,0.0010588429,0.001045053,0.0010374995,0.00104827,0.0010540138,0.0010658024,0.0,0.0010588428,0.001045053,0.0010374995,0.00104827,0.0010540138,0.0010658023,0.0,0.0,0.0010450776,0.0010288754,0.0010191947,0.0010294694,0.0011056246,0.0010706967,0.0,0.001045053,0.0010288587,0.0010191937,0.0010294694,0.0011056233,0.0,0.0,0.001045053,0.0010288587,0.0010191937,0.0010294694,0.0011056232,0.0010706391,0.0010588428,0.001045053,0.0010374995,0.00104827,0.0010540138,0.0010658022,0.0,0.0010588436,0.001045053,0.0010374995,0.00104827,0.0010540138,0.0010658026,0.0010706394,0.0010588428,0.001045053,0.0010374995,0.00104827,0.0010540138,0.0010658023,0.0,0.0010588431,0.0010450542,0.0010374998,0.00104827,0.0010540138,0.0010658033,0.0,0.0010588428,0.001045053,0.0010374995,0.00104827,0.0010540138,0.0010658023,0.0,0.0010588428,0.0,0.0010288587,0.0010097588,0.0010661852,0.0010773577,0.0,0.0010588428,0.001045053,0.0010374995,0.00104827,0.0010540138,0.001065803,0.0,0.0,0.0,0.0010288587,0.0010097588,0.0010661852,0.0010886429,0.0010706544,0.0010588428,0.0,0.0010288587,0.0010097588,0.0010661852,0.0010773679,0.0010707553,0.0,0.0,0.0010288589,0.0010097588,0.0010661852,0.0010886415,0.0010706785,0.0,0.001045053,0.0,0.0010588428,0.001045053,0.001066185,0.0010706441,0.0,0.0,0.0010288587,0.0010097588,0.0010661852,0.00108864,0.0,0.0010588452,0.0,0.0010288587,0.0010097588,0.0010661852,0.0010773557,0.0,0.0,0.0010450543,0.0010588448,0.0,0.0010288587,0.0010588431,0.0010706797,0.0010588431,0.0,0.0010288588,0.0010097588,0.0010661852,0.0010773552,0.0,0.0,0.0010450531,0.0010288587,0.0010191937,0.0010294694,0.0011056236,0.0,0.0,0.001045053,0.0,0.0010588428,0.001045053,0.0010661852,0.0,0.0010588495,0.0,0.0010588429,0.0,0.0010588428,0.0010450531,0.0,0.0,0.0010450834,0.0010288635,0.0010191939,0.0010294694,0.0011056247,0.0,0.001058911,0.0010588502,0.0010530009,0.0010640471,0.0,0.0009871691,0.0,0.0010588464,0.0010450545,0.0,0.0010588433,0.0010450531,0.0010375034,0.0010706502,0.0010588428,0.001045053,0.0,0.0010588428,0.001045053,0.0010375013,0.0,0.0010588431,0.0010450531,0.0010374995,0.00104827,0.0010540138,0.0010658023,0.001070639,0.0010588428,0.001045053,0.0010374995,0.00104827,0.0010540138,0.0010658023,0.0010706811,0.0,0.0,0.0010288587,0.0010097588,0.0010661852,0.0010886396,0.0010706488,0.0,0.001045053,0.0010288587,0.0010191937,0.0010294694,0.0011056238,0.0,0.0010588429,0.0,0.0010288587,0.0010097588,0.0010661852,0.0010773551,0.0010706666,0.0,0.001045053,0.0010288587,0.0010191937,0.0010294694,0.0011056358,0.0,0.0010588428,0.001045053,0.0010374995,0.00104827,0.0010540138,0.001065804,0.0010706405,0.0010588428,0.001045053,0.0010374995,0.00104827,0.0010540138,0.0010658022,0.0,0.0010588436,0.0010450531,0.0010374995,0.00104827,0.0010540138,0.0010658026,0.0,0.0,0.001045053,0.0010288587,0.0010191937,0.0010294694,0.0011056232,0.001070643,0.0010588428,0.0,0.0,0.0010588429,0.0010588428,0.0010530007,0.0010706995,0.0,0.0010450534,0.0,0.0010588429,0.001045053,0.001066189,0.0010708192,0.0,0.0010588431,0.0010450531,0.0010374995,0.0,0.0010588436,0.0,0.0010588426,0.0,0.0010288587,0.0010097588,0.0010661851,0.0010773629,0.0010706485,0.0,0.001045053,0.0010288587,0.0010191939,0.0010294701,0.001105718,0.0010706667,0.0,0.0,0.0010288587,0.0010097588,0.0010661852,0.0010886396,0.0,0.0010588429,0.0010450531,0.0010374995,0.00104827,0.0010540138,0.0010658023,0.0010706724,0.0010588431,0.0010450531,0.0,0.0010588426,0.001045053,0.0010375011,0.0010706434,0.0,0.0010450531,0.0010288586,0.0010191937,0.0010294694,0.0011056263,0.0010706454,0.0,0.0010450531,0.0010288587,0.0010191939,0.0010294695,0.001105626,0.0,0.0010588431,0.0010588431,0.0010530002,0.0010640473,0.0,0.0009872233,0.0010706924,0.0,0.0010450531,0.0010288587,0.0010191937,0.0010294694,0.0011056232,0.0010706476,0.0,0.0,0.0010288587,0.0010097588,0.0010661852,0.001088642,0.0010707483,0.001058844,0.0,0.0010288602,0.0010097595,0.0010661851,0.0010773657,0.0,0.0010588428,0.0010450531,0.0010374995,0.00104827,0.0010540138,0.0010658022,0.0,0.0010588448,0.0,0.0010288587,0.0010097588,0.0010661852,0.0010773551,0.0,0.001058843,0.0010450531,0.0010374995,0.00104827,0.0010540138,0.0010658023,0.0010706618,0.001058843,0.0010450534,0.0010375,0.00104827,0.0010540138,0.0010658028,0.0,0.0,0.0,0.0010288587,0.0010097588,0.0010661852,0.0010886401,0.0010706385,0.0010588428,0.0,0.0010288587,0.0010097588,0.0010661852,0.0010773566,0.0010706582,0.0010588428,0.001045053,0.0010661852,0.0,0.0010288587,0.0010097588,0.0,0.0010588428,0.001045053,0.0010374995,0.00104827,0.0010540138,0.0010658035,0.0,0.0010588428,0.001045053,0.0010374995,0.00104827,0.0010540138,0.0010658025,0.0,0.0010588438,0.0010450531,0.0010374995,0.00104827,0.0010540138,0.0010658054,0.001070654,0.0010588428,0.001045053,0.0010374995,0.00104827,0.0010540138,0.0010658031,0.0,0.0,0.001045053,0.0010288587,0.0010191937,0.0010294694,0.0011056239,0.0,0.0010588428,0.001045053,0.0010374995,0.00104827,0.0010540138,0.0010658023,0.0010709707,0.0010588452,0.0010450534,0.0010374995,0.00104827,0.0010540138,0.0010658065
k__Bacteria|p__Firmicutes|c__Clostridia|o__Eubacteriales|f__Clostridiaceae|g__Clostridium|s__Clostridium_ihumii,0.0,0.0010608765,0.001047206,0.0010397843,0.0010507172,0.0010566328,0.0010685121,0.0,0.0010608766,0.001047206,0.0010397843,0.0010507172,0.0010566328,0.001068512,0.0,0.0,0.0010472164,0.0010311415,0.0010216056,0.0010320558,0.0011076725,0.0010725519,0.0,0.001047206,0.0010311338,0.0010216051,0.0010320558,0.0011076718,0.0,0.0,0.001047206,0.0010311338,0.0010216051,0.0010320558,0.0011076718,0.0010725578,0.0010608766,0.001047206,0.0010397843,0.0010507172,0.0010566328,0.001068512,0.0,0.0010608769,0.001047206,0.0010397843,0.0010507172,0.0010566328,0.0010685123,0.0010725579,0.0010608766,0.001047206,0.0010397843,0.0010507172,0.0010566328,0.001068512,0.0,0.0010608768,0.0010472063,0.0010397844,0.0010507172,0.0010566328,0.0010685126,0.0,0.0010608766,0.001047206,0.0010397843,0.0010507172,0.0010566328,0.001068512,0.0,0.0010608766,0.0,0.0010311338,0.0010121571,0.0010682232,0.0010795322,0.0,0.0010608766,0.001047206,0.0010397843,0.0010507172,0.0010566328,0.0010685127,0.0,0.0,0.0,0.0010311338,0.0010121571,0.0010682232,0.0010906889,0.0010725558,0.0010608766,0.0,0.0010311338,0.0010121571,0.0010682232,0.0010795366,0.0010725512,0.0,0.0,0.0010311339,0.0010121571,0.0010682232,0.0010906882,0.0010725532,0.0,0.001047206,0.0,0.0010608766,0.001047206,0.0010682232,0.0010725575,0.0,0.0,0.0010311338,0.0010121571,0.0010682232,0.0010906868,0.0,0.0010608777,0.0,0.0010311338,0.0010121571,0.0010682232,0.0010795312,0.0,0.0,0.0010472068,0.0010608772,0.0,0.0010311338,0.0010608766,0.0010725638,0.0010608768,0.0,0.0010311338,0.0010121571,0.0010682232,0.0010795312,0.0,0.0,0.0010472061,0.0010311338,0.0010216051,0.0010320558,0.0011076719,0.0,0.0,0.001047206,0.0,0.0010608766,0.001047206,0.0010682232,0.0,0.0010608799,0.0,0.0010608768,0.0,0.0010608766,0.0010472061,0.0,0.0,0.0010472189,0.0010311354,0.0010216052,0.0010320558,0.0011076723,0.0,0.0010608982,0.0010608791,0.00105516,0.0010663569,0.0,0.0009896823,0.0,0.001060878,0.0010472065,0.0,0.0010608768,0.0010472061,0.001039786,0.0010725579,0.0010608766,0.001047206,0.0,0.0010608766,0.001047206,0.0010397849,0.0,0.0010608768,0.0010472061,0.0010397843,0.0010507172,0.0010566328,0.001068512,0.0010725575,0.0010608766,0.001047206,0.0010397843,0.0010507172,0.0010566328,0.001068512,0.0010725547,0.0,0.0,0.0010311338,0.0010121571,0.0010682232,0.0010906868,0.0010725565,0.0,0.001047206,0.0010311338,0.0010216051,0.0010320558,0.0011076718,0.0,0.0010608768,0.0,0.0010311338,0.0010121571,0.0010682232,0.0010795309,0.0010725581,0.0,0.001047206,0.0010311338,0.0010216051,0.0010320558,0.0011076771,0.0,0.0010608766,0.001047206,0.0010397843,0.0010507172,0.0010566328,0.0010685133,0.0010725573,0.0010608766,0.001047206,0.0010397843,0.0010507172,0.0010566328,0.001068512,0.0,0.001060877,0.0010472061,0.0010397843,0.0010507172,0.0010566328,0.0010685121,0.0,0.0,0.001047206,0.0010311338,0.0010216051,0.0010320558,0.0011076719,0.0010725566,0.0010608766,0.0,0.0,0.0010608768,0.0010608766,0.0010551602,0.0010725545,0.0,0.0010472061,0.0,0.0010608768,0.001047206,0.0010682254,0.0010725497,0.0,0.0010608768,0.0010472061,0.0010397843,0.0,0.0010608771,0.0,0.0010608765,0.0,0.0010311338,0.0010121571,0.0010682232,0.0010795359,0.0010725578,0.0,0.001047206,0.0010311338,0.0010216052,0.0010320559,0.0011077212,0.001072562,0.0,0.0,0.0010311338,0.0010121571,0.0010682232,0.0010906868,0.0,0.0010608768,0.0010472061,0.0010397843,0.0010507172,0.0010566328,0.001068512,0.0010725368,0.0010608766,0.0010472061,0.0,0.0010608766,0.001047206,0.0010397849,0.001072557,0.0,0.0010472061,0.0010311338,0.0010216051,0.0010320558,0.0011076739,0.0010725574,0.0,0.0010472061,0.0010311336,0.0010216052,0.0010320559,0.0011076732,0.0,0.0010608766,0.0010608769,0.0010551597,0.0010663568,0.0,0.0009897229,0.00107255,0.0,0.0010472061,0.0010311338,0.0010216051,0.0010320558,0.0011076718,0.001072558,0.0,0.0,0.0010311338,0.0010121571,0.0010682232,0.0010906886,0.0010725483,0.0010608766,0.0,0.0010311343,0.0010121572,0.0010682232,0.0010795366,0.0,0.0010608768,0.0010472061,0.0010397843,0.0010507172,0.0010566328,0.001068512,0.0,0.0010608775,0.0,0.0010311338,0.0010121571,0.0010682232,0.0010795309,0.0,0.0010608768,0.0010472061,0.0010397843,0.0010507172,0.0010566328,0.0010685121,0.0010725578,0.0010608766,0.001047206,0.0010397843,0.0010507172,0.0010566328,0.0010685124,0.0,0.0,0.0,0.0010311338,0.0010121571,0.0010682232,0.0010906874,0.0010725575,0.0010608766,0.006767427,0.0010311338,0.0010121571,0.0010682232,0.0010795315,0.0010725586,0.0010608768,0.001047206,0.0010682232,0.0,0.0010311338,0.0010121573,0.0,0.0010608766,0.001047206,0.0010397843,0.0010507172,0.0010566328,0.001068513,0.0,0.0010608766,0.001047206,0.0010397843,0.0010507172,0.0010566328,0.0010685123,0.0,0.0010608769,0.0010472061,0.0010397843,0.0010507172,0.0010566328,0.0010685144,0.0010725559,0.0010608766,0.001047206,0.0010397843,0.0010507172,0.0010566328,0.0010685124,0.0,0.0,0.001047206,0.0010311338,0.0010216051,0.0010320558,0.001107672,0.0,0.0010608766,0.001047206,0.0010397843,0.0010507172,0.0010566328,0.001068512,0.0010725842,0.0010608777,0.001047206,0.0010397843,0.0010507172,0.0010566328,0.0010685149
k__Bacteria|p__Firmicutes|c__Bacilli|o__Lactobacillales|f__Streptococcaceae|g__Streptococcus|s__Streptococcus_gordonii,0.0,0.0010588416,0.0010452,0.0010378637,0.0010490146,0.0010551324,0.0010671815,0.0,0.0010588417,0.0010452,0.0010378637,0.0010490146,0.0010551324,0.0010671815,0.0,0.0,0.0010452047,0.001029164,0.0010197217,0.001030387,0.0011060858,0.0010705099,0.0,0.0010452,0.0010291614,0.0010197214,0.001030387,0.0011060854,0.0,0.0,0.0010452,0.0010291614,0.0010197214,0.001030387,0.0011060855,0.0010704978,0.0010588417,0.0010452,0.0010378637,0.0010490146,0.0010551324,0.0010671815,0.0,0.0010588422,0.0010452002,0.0010378637,0.0010490146,0.0010551324,0.0010671822,0.0010704979,0.0010588417,0.0010452,0.0010378637,0.0010490146,0.0010551324,0.0010671815,0.0,0.0010588418,0.0010452004,0.0010378638,0.0010490146,0.0010551324,0.0010671818,0.0,0.0010588417,0.0010452,0.0010378637,0.0010490146,0.0010551324,0.0010671815,0.0,0.0010588417,0.0,0.0010291614,0.001010224,0.0010662446,0.0010777768,0.0,0.0010588417,0.0010452,0.0010378637,0.0010490146,0.0010551324,0.0010671817,0.0,0.0,0.0,0.0010291614,0.001010224,0.0010662446,0.0010889109,0.0010705017,0.0010588417,0.0,0.0010291614,0.001010224,0.0010662446,0.0010777812,0.001070541,0.0,0.0,0.0010291615,0.001010224,0.0010662446,0.0010889106,0.001070509,0.0,0.0010452,0.0,0.0010588417,0.0010452,0.0010662446,0.0010704991,0.0,0.0,0.0010291614,0.001010224,0.0010662446,0.0010889103,0.0,0.0010588424,0.0,0.0010291614,0.001010224,0.0010662446,0.0010777757,0.0,0.0,0.0010452004,0.0010588428,0.0,0.0010291614,0.0010588418,0.0010705048,0.0010588418,0.0,0.0010291614,0.001010224,0.0010662446,0.0010777754,0.0,0.0,0.0010452002,0.0010291614,0.0010197214,0.001030387,0.0011060858,0.0,0.0,0.0010452,0.0,0.0010588417,0.0010452,0.0010662448,0.0,0.0010588419,0.0,0.0010588418,0.0,0.0010588417,0.0010452002,0.0,0.0,0.0010452066,0.001029162,0.0010197214,0.001030387,0.0011060855,0.0,0.0010588521,0.0010588429,0.0010532083,0.0010646257,0.0,0.0009877931,0.0,0.001058843,0.0010452003,0.0,0.0010588418,0.0010452002,0.0010378655,0.0010704986,0.0010588417,0.0010452,0.0,0.0010588417,0.0010452,0.001037865,0.0,0.0010588418,0.0010452002,0.0010378637,0.0010490146,0.0010551324,0.0010671815,0.0010704976,0.0010588417,0.0010452,0.0010378637,0.0010490146,0.0010551324,0.0010671815,0.001070514,0.0,0.0,0.0010291614,0.001010224,0.0010662446,0.0010889103,0.0010705013,0.0,0.0010452,0.0010291614,0.0010197214,0.001030387,0.0011060857,0.0,0.0010588418,0.0,0.0010291614,0.001010224,0.0010662446,0.0010777753,0.0010705036,0.0,0.0010452,0.0010291614,0.0010197214,0.001030387,0.0011060911,0.0,0.0010588417,0.0010452,0.0010378637,0.0010490146,0.0010551324,0.0010671829,0.0010704979,0.0010588417,0.0010452,0.0010378637,0.0010490146,0.0010551324,0.0010671815,0.0,0.001058842,0.0010452002,0.0010378637,0.0010490146,0.0010551324,0.0010671815,0.0,0.0,0.0010452,0.0010291614,0.0010197214,0.001030387,0.0011060855,0.001070498,0.0010588417,0.0,0.0,0.0010588418,0.0010588417,0.0010532085,0.0010705091,0.0,0.0010451999,0.0,0.0010588418,0.0010452,0.0010662468,0.0010705596,0.0,0.0010588418,0.0010452002,0.0010378637,0.0,0.0010588422,0.0,0.0010588416,0.0,0.0010291614,0.001010224,0.0010662446,0.0010777799,0.0010704999,0.0,0.0010452,0.0010291614,0.0010197214,0.0010303872,0.001106124,0.0010705023,0.0,0.0,0.0010291614,0.001010224,0.0010662446,0.00108891,0.0,0.0010588418,0.0010452002,0.0010378637,0.0010490146,0.0010551324,0.0010671815,0.0010704917,0.0010588418,0.0010452002,0.0,0.0010588416,0.0010452,0.0010378647,0.0010704993,0.0,0.0010452002,0.0010291615,0.0010197214,0.001030387,0.0011060864,0.001070499,0.0,0.0010452002,0.0010291614,0.0010197214,0.0010303869,0.0011060871,0.0,0.0010588418,0.0010588419,0.0010532081,0.0010646257,0.0,0.0009878228,0.0010705155,0.0,0.0010452002,0.0010291614,0.0010197214,0.001030387,0.0011060855,0.0010704988,0.0,0.0,0.0010291614,0.001010224,0.0010662446,0.0010889107,0.0010705373,0.0010588423,0.0,0.0010291623,0.0010102242,0.0010662447,0.0010777806,0.0,0.0010588417,0.0010452002,0.0010378637,0.0010490146,0.0010551324,0.0010671815,0.0,0.0010588417,0.0,0.0010291614,0.001010224,0.0010662446,0.0010777753,0.0,0.0010588418,0.0010452002,0.0010378637,0.0010490146,0.0010551324,0.0010671816,0.0010705057,0.0010588417,0.0010452002,0.0010378639,0.0010490146,0.0010551324,0.0010671819,0.0,0.0,0.0,0.0010291614,0.001010224,0.0010662446,0.0010889104,0.0010704977,0.0010588417,0.0,0.0010291614,0.001010224,0.0010662446,0.001077776,0.001070501,0.0010588417,0.0010452,0.0010662446,0.0,0.0010291614,0.0010102242,0.0,0.0010588417,0.0010452,0.0010378637,0.0010490146,0.0010551324,0.0010671822,0.0,0.0010588417,0.0010452,0.0010378637,0.0010490146,0.0010551324,0.0010671816,0.0,0.0010588419,0.0010452002,0.0010378637,0.0010490146,0.0010551324,0.0010671831,0.0010705027,0.0010588417,0.0010452,0.0010378637,0.0010490146,0.0010551324,0.001067182,0.0,0.0,0.0010452,0.0010291614,0.0010197214,0.001030387,0.001106086,0.0,0.0010588417,0.0010452,0.0010378637,0.0010490146,0.0010551324,0.0010671815,0.0010705527,0.0010588423,0.0010452002,0.0010378638,0.0010490146,0.0010551324,0.0010671834
k__Bacteria|p__Firmicutes|c__Clostridia|o__Eubacteriales|f__Clostridiaceae|g__Clostridium|s__Clostridium_SGB65129,0.0,0.0010591752,0.0010455479,0.0010382256,0.0010493894,0.0010555214,0.0010675765,0.0,0.0010591756,0.0010455479,0.0010382256,0.0010493894,0.0010555214,0.0010675763,0.0,0.0,0.0010455591,0.0010295295,0.0010200983,0.0010307782,0.0011064054,0.0010708442,0.0,0.0010455479,0.0010295239,0.001020098,0.0010307782,0.0011064049,0.0,0.0,0.0010455479,0.0010295239,0.001020098,0.0010307782,0.001106405,0.0010708178,0.0010591756,0.0010455479,0.0010382256,0.0010493894,0.0010555214,0.0010675763,0.0,0.0010591763,0.001045548,0.0010382256,0.0010493894,0.0010555214,0.0010675773,0.0010708177,0.0010591756,0.0010455479,0.0010382256,0.0010493894,0.0010555214,0.0010675765,0.0,0.0010591757,0.0010455488,0.0010382257,0.0010493894,0.0010555214,0.0010675767,0.0,0.0010591756,0.0010455479,0.0010382256,0.0010493894,0.0010555214,0.0010675765,0.0,0.0010591756,0.0,0.0010295239,0.0010106007,0.0010665769,0.0010781185,0.0,0.0010591756,0.0010455479,0.0010382256,0.0010493894,0.0010555214,0.0010675765,0.0,0.0,0.0,0.0010295239,0.0010106007,0.0010665769,0.001089236,0.0010708262,0.0010591756,0.0,0.0010295239,0.0010106007,0.0010665769,0.0010781226,0.0010708813,0.0,0.0,0.0010295239,0.0010106007,0.0010665769,0.0010892362,0.0010708397,0.0,0.0010455479,0.0,0.0010591756,0.0010455479,0.0010665768,0.0010708196,0.0,0.0,0.0010295239,0.0010106007,0.0010665769,0.001089236,0.0,0.0010591763,0.0,0.0010295239,0.0010106007,0.0010665769,0.0010781175,0.0,0.0,0.0010455488,0.0010591766,0.0,0.0010295239,0.0010591758,0.0010708276,0.0010591757,0.0,0.0010295238,0.0010106007,0.0010665769,0.0010781173,0.0,0.0,0.0010455481,0.0010295239,0.001020098,0.0010307782,0.0011064053,0.0,0.0,0.0010455479,0.0,0.0010591756,0.0010455479,0.0010665768,0.0,0.0010591758,0.0,0.0010591757,0.0,0.0010591756,0.001045548,0.0,0.0,0.0010455562,0.0010295246,0.001020098,0.0010307782,0.0011064049,0.0,0.0010592018,0.0010591783,0.0010535552,0.0010649839,0.0,0.000988185,0.0,0.0010591766,0.0010455485,0.0,0.0010591757,0.001045548,0.0010382284,0.0010708219,0.0010591756,0.0010455479,0.0,0.0010591756,0.0010455479,0.001038226,0.0027548303,0.0010591755,0.001045548,0.0010382256,0.0010493894,0.0010555214,0.0010675763,0.0010708179,0.0010591756,0.0010455479,0.0010382256,0.0010493894,0.0010555214,0.0010675765,0.0010708428,0.0,0.0,0.0010295239,0.0010106007,0.0010665769,0.0010892363,0.0010708229,0.0,0.0010455479,0.0010295239,0.001020098,0.0010307782,0.0011064052,0.0,0.0010591757,0.0,0.0010295239,0.0010106007,0.0010665769,0.0010781172,0.0010708311,0.0,0.0010455479,0.0010295239,0.001020098,0.0010307782,0.0011064116,0.0,0.0010591756,0.0010455479,0.0010382256,0.0010493894,0.0010555214,0.0010675774,0.0010708185,0.0010591756,0.0010455479,0.0010382256,0.0010493894,0.0010555214,0.0010675763,0.0,0.0010591755,0.001045548,0.0010382256,0.0010493894,0.0010555214,0.0010675765,0.0,0.0,0.0010455479,0.0010295239,0.001020098,0.0010307782,0.0011064049,0.0010708186,0.0010591756,0.0,0.0,0.0010591757,0.0010591756,0.0010535549,0.0010708417,0.0,0.001045548,0.0,0.0010591757,0.0010455479,0.0010665815,0.0010709203,0.0,0.0010591757,0.001045548,0.0010382256,0.0,0.0010591758,0.0,0.0010591755,0.0,0.0010295239,0.0010106007,0.0010665768,0.001078125,0.0010708218,0.0,0.0010455479,0.0010295239,0.001020098,0.0010307786,0.0011064464,0.001070827,0.0,0.0,0.0010295239,0.0010106007,0.0010665769,0.0010892363,0.0,0.0010591757,0.001045548,0.0010382256,0.0010493894,0.0010555214,0.0010675763,0.0010708319,0.0010591756,0.001045548,0.0,0.0010591754,0.0010455479,0.0010382266,0.0010708194,0.0,0.001045548,0.0010295243,0.001020098,0.0010307782,0.0011064056,0.0010708196,0.0,0.001045548,0.0010295239,0.001020098,0.0010307782,0.0011064066,0.0,0.0010591756,0.0010591756,0.0010535549,0.0010649838,0.0,0.0009882143,0.0010708455,0.0,0.001045548,0.0010295239,0.001020098,0.0010307782,0.001106405,0.0010708194,0.0,0.0,0.0010295239,0.0010106007,0.0010665769,0.0010892362,0.0010708809,0.001059176,0.0,0.0010295245,0.001010601,0.0010665769,0.0010781224,0.0,0.0010591755,0.001045548,0.0010382256,0.0010493894,0.0010555214,0.0010675763,0.0,0.0010591758,0.0,0.0010295239,0.0010106007,0.0010665769,0.0010781172,0.0,0.0010591756,0.0010455481,0.0010382256,0.0010493894,0.0010555214,0.0010675762,0.0010708285,0.0010591756,0.001045548,0.0010382257,0.0010493894,0.0010555214,0.0010675765,0.0,0.0,0.0,0.0010295239,0.0010106007,0.0010665769,0.0010892363,0.0010708175,0.0010591756,0.0,0.0010295239,0.0010106007,0.0010665769,0.0010781179,0.0010708226,0.0010591755,0.0010455479,0.0010665769,0.0,0.0010295239,0.001010601,0.0,0.0010591756,0.0010455479,0.0010382256,0.0010493894,0.0010555214,0.0010675768,0.0,0.0010591756,0.0010455479,0.0010382256,0.0010493894,0.0010555214,0.0010675762,0.0,0.001059176,0.001045548,0.0010382256,0.0010493894,0.0010555214,0.0010675775,0.0010708246,0.0010591756,0.0010455479,0.0010382256,0.0010493894,0.0010555214,0.0010675767,0.0,0.0,0.0010455479,0.0010295239,0.001020098,0.0010307782,0.0011064053,0.0,0.0010591756,0.0010455479,0.0010382256,0.0010493894,0.0010555214,0.0010675765,0.0010709362,0.0010591762,0.001045548,0.0010382256,0.0010493894,0.0010555214,0.0010675779
k__Bacteria|p__Firmicutes|c__CFGB72924|o__OFGB72924|f__FGB72924|g__GGB3612|s__GGB3612_SGB4882,0.0,0.0010596326,0.0010460769,0.00103885,0.0010501661,0.0010564505,0.001068605,0.0,0.0010596327,0.0010460769,0.00103885,0.0010501661,0.0010564505,0.001068605,0.0,0.0,0.0010460807,0.0010301289,0.001020801,0.0010316386,0.0011070063,0.0010712239,0.0,0.0010460769,0.0010301274,0.0010208007,0.0010316386,0.0011070062,0.0,0.0,0.0010460769,0.0010301276,0.0010208007,0.0010316386,0.0011070062,0.0010712069,0.0010596326,0.0010460769,0.00103885,0.0010501661,0.0010564505,0.0010686049,0.0,0.001059633,0.001046077,0.00103885,0.0010501661,0.0010564505,0.0010686053,0.001071207,0.0010596326,0.0010460769,0.00103885,0.0010501661,0.0010564505,0.001068605,0.0,0.0010596329,0.0010460771,0.0010388502,0.0010501661,0.0010564505,0.001068605,0.0,0.001059633,0.0010460769,0.00103885,0.0010501661,0.0010564505,0.001068605,0.0,0.001059633,0.0,0.0010301276,0.0010112815,0.0010670534,0.0010787351,0.0,0.0010596326,0.0010460769,0.00103885,0.0010501661,0.0010564505,0.0010686052,0.0,0.0,0.0,0.0010301274,0.0010112815,0.0010670534,0.0010897798,0.0010712126,0.0010596327,0.0,0.0010301276,0.0010112815,0.0010670534,0.0010787399,0.0010712751,0.0,0.0,0.0010301278,0.0010112815,0.0010670534,0.0010897798,0.0010712233,0.0,0.0010460769,0.0,0.0010596329,0.0010460769,0.0010670535,0.0010712089,0.0,0.0,0.0010301274,0.0010112815,0.0010670534,0.001089779,0.0,0.0010596333,0.0,0.0010301276,0.0010112815,0.0010670534,0.0010787345,0.0,0.0,0.0010460768,0.0010596338,0.0,0.0010301274,0.001059633,0.0010712206,0.0010596329,0.0,0.0010301276,0.0010112815,0.0010670534,0.0010787343,0.0,0.0,0.0010460769,0.0010301274,0.0010208007,0.0010316386,0.0011070066,0.0,0.0,0.0010460769,0.0,0.0010596326,0.0010460769,0.0010670535,0.0,0.0010596332,0.0,0.0010596331,0.0,0.0010596326,0.0010460772,0.0,0.0,0.0010460828,0.0010301283,0.0010208007,0.0010316386,0.001107006,0.0,0.0010596431,0.0010596338,0.0010541041,0.001065679,0.0,0.000988941,0.0,0.0010596339,0.001046077,0.0,0.0010596329,0.0010460769,0.0010388513,0.0010712084,0.0010596326,0.0010460769,0.0,0.0010596326,0.0010460769,0.0010388509,0.0,0.0010596331,0.0010460769,0.00103885,0.0010501661,0.0010564505,0.001068605,0.0010712069,0.0010596326,0.0010460769,0.00103885,0.0010501661,0.0010564505,0.001068605,0.0010712281,0.0,0.0,0.0010301274,0.0010112815,0.0010670534,0.001089779,0.001071212,0.0,0.0010460769,0.0010301274,0.0010208007,0.0010316386,0.0011070062,0.0,0.0010596331,0.0,0.0010301274,0.0010112815,0.0010670534,0.0010787343,0.0010712167,0.0,0.0010460769,0.0010301276,0.0010208007,0.0010316386,0.0011070109,0.0,0.0010596329,0.0010460769,0.00103885,0.0010501661,0.0010564505,0.001068606,0.0010712071,0.0010596326,0.0010460769,0.00103885,0.0010501661,0.0010564505,0.0010686049,0.0,0.001059633,0.0010460769,0.00103885,0.0010501661,0.0010564505,0.001068605,0.0,0.0,0.0010460769,0.0010301274,0.0010208007,0.0010316386,0.0011070063,0.0010712075,0.0010596326,0.0,0.0,0.0010596331,0.0010596327,0.0010541042,0.0010712253,0.0,0.0010460766,0.0,0.0010596329,0.0010460769,0.0010670548,0.0010713041,0.0,0.0010596329,0.0010460769,0.00103885,0.0,0.0010596332,0.0,0.0010596329,0.0,0.0010301274,0.0010112815,0.0010670535,0.0010787394,0.0010712101,0.0,0.0010460769,0.0010301276,0.0010208007,0.0010316388,0.0011070478,0.0010712139,0.0,0.0,0.0010301276,0.0010112815,0.0010670534,0.0010897788,0.0,0.0010596331,0.0010460769,0.00103885,0.0010501661,0.0010564505,0.001068605,0.001071203,0.0010596327,0.0010460769,0.0,0.0010596326,0.0010460769,0.0010388508,0.0010712092,0.0,0.0010460769,0.0010301275,0.0010208007,0.0010316386,0.0011070069,0.0010712083,0.0,0.0010460769,0.0010301276,0.0010208007,0.0010316387,0.0011070077,0.0,0.0010596327,0.001059633,0.001054104,0.0010656789,0.0,0.0009889652,0.0010712334,0.0,0.0010460769,0.0010301276,0.0010208007,0.0010316386,0.0011070062,0.0010712089,0.0,0.0,0.0010301274,0.0010112815,0.0010670534,0.0010897799,0.0010712628,0.0010596336,0.0,0.0010301282,0.0010112816,0.0010670535,0.0010787385,0.0,0.0010596327,0.0010460769,0.00103885,0.0010501661,0.0010564505,0.0010686049,0.0,0.0010596326,0.0,0.0010301274,0.0010112815,0.0010670534,0.0010787343,0.0,0.0010596329,0.0010460769,0.00103885,0.0010501661,0.0010564505,0.001068605,0.0010712174,0.0010596327,0.0010460769,0.0010388502,0.0010501661,0.0010564505,0.0010686052,0.0,0.0,0.0,0.0010301274,0.0010112815,0.0010670534,0.0010897792,0.0010712065,0.0010596326,0.0,0.0010301274,0.0010112815,0.0010670534,0.0010787349,0.0010712115,0.0010596327,0.0010460769,0.0010670534,0.0,0.0010301274,0.0010112816,0.0,0.0010596326,0.0010460769,0.00103885,0.0010501661,0.0010564505,0.0010686053,0.0,0.0010596326,0.0010460769,0.00103885,0.0010501661,0.0010564505,0.0010686051,0.0,0.0010596331,0.0010460769,0.00103885,0.0010501661,0.0010564505,0.0010686065,0.001071214,0.0010596326,0.0010460769,0.00103885,0.0010501661,0.0010564505,0.0010686055,0.0,0.0,0.0010460769,0.0010301276,0.0010208007,0.0010316386,0.0011070067,0.0,0.0010596326,0.0010460769,0.00103885,0.0010501661,0.0010564505,0.001068605,0.0010713148,0.0010596333,0.0010460769,0.00103885,0.0010501661,0.0010564505,0.0010686063
k__Bacteria|p__Firmicutes|c__CFGB76096|o__OFGB76096|f__FGB76096|g__GGB3390|s__GGB3390_SGB4478,0.0,0.0010591242,0.0010454898,0.0010381588,0.0010493085,0.0010554269,0.0010674729,0.0,0.0010591242,0.0010454898,0.0010381588,0.0010493085,0.0010554269,0.0010674726,0.0,0.0,0.0010454993,0.0010294638,0.0010200244,0.0010306895,0.0011063422,0.0010708226,0.0,0.0010454898,0.0010294588,0.0010200236,0.0010306895,0.0011063416,0.0,0.0,0.0010454898,0.0010294588,0.0010200236,0.0010306895,0.0011063416,0.0010707736,0.0010591241,0.0010454898,0.0010381588,0.0010493085,0.0010554269,0.0010674725,0.0,0.0010591247,0.00104549,0.0010381588,0.0010493085,0.0010554269,0.0010674736,0.0010707737,0.0010591241,0.0010454898,0.0010381588,0.0010493085,0.0010554269,0.0010674725,0.0,0.0010591246,0.0010454907,0.0010381589,0.0010493085,0.0010554269,0.0010674732,0.0,0.0010591242,0.0010454898,0.0010381588,0.0010493085,0.0010554269,0.0010674726,0.0,0.0010591242,0.0,0.0010294588,0.0010105284,0.0010665241,0.0010780533,0.0,0.0010591241,0.0010454898,0.0010381588,0.0010493085,0.0010554269,0.0010674731,0.0,0.0,0.0,0.0010294588,0.0010105284,0.0010665241,0.0010891794,0.0010707879,0.0010591242,0.001454384,0.0010294588,0.0010105284,0.0010665241,0.0010780608,0.0010708931,0.0,0.0,0.0010294588,0.0010105284,0.0010665241,0.0010891791,0.0010708107,0.0,0.0010454898,0.0,0.0010591241,0.0010454898,0.0010665242,0.0010707781,0.0,0.0,0.0010294588,0.0010105284,0.0010665241,0.0010891779,0.0,0.0010591258,0.0,0.0010294588,0.0010105284,0.0010665241,0.0010780524,0.0,0.0,0.0010454904,0.0010591256,0.0,0.0010294588,0.0010591246,0.0010708022,0.0010591246,0.0,0.0010294587,0.0010105284,0.0010665241,0.0010780516,0.0,0.0,0.00104549,0.0010294588,0.0010200236,0.0010306895,0.0011063423,0.0,0.0,0.0010454898,0.0,0.0010591241,0.0010454898,0.0010665242,0.0,0.0010591262,0.0,0.0010591244,0.0,0.0010591241,0.0010454903,0.0,0.0,0.0010454996,0.0010294607,0.001020024,0.0010306895,0.0011063418,0.0,0.0010591532,0.0010591275,0.0010534957,0.0010649108,0.0,0.0009881064,0.0,0.0010591265,0.0010454905,0.0,0.0010591247,0.0010454899,0.0010381612,0.0010707799,0.0010591241,0.0010454898,0.0,0.0010591241,0.0010454898,0.0010381602,0.0,0.0010591246,0.0010454899,0.0010381588,0.0010493085,0.0010554269,0.0010674726,0.0010707733,0.0010591241,0.0010454898,0.0010381588,0.0010493085,0.0010554269,0.0010674726,0.0010708158,0.0,0.0,0.0010294588,0.0010105284,0.0010665241,0.0010891779,0.0010707824,0.0,0.0010454898,0.0010294588,0.0010200236,0.0010306895,0.0011063418,0.0,0.0010591244,0.0,0.0010294588,0.0010105284,0.0010665241,0.0010780515,0.0010707974,0.0,0.0010454898,0.0010294588,0.0010200236,0.0010306895,0.0011063498,0.0,0.0010591241,0.0010454898,0.0010381588,0.0010493085,0.0010554269,0.0010674746,0.0010707745,0.0010591241,0.0010454898,0.0010381588,0.0010493085,0.0010554269,0.0010674725,0.0,0.0010591248,0.0010454899,0.0010381588,0.0010493085,0.0010554269,0.0010674729,0.0,0.0,0.0010454898,0.0010294588,0.0010200236,0.0010306895,0.0011063416,0.0010707771,0.0010591241,0.0,0.0,0.0010591244,0.0010591242,0.0010534957,0.0010708256,0.0,0.00104549,0.0,0.0010591244,0.0010454898,0.0010665272,0.0010709546,0.0,0.0010591246,0.0010454903,0.0010381588,0.0,0.0010591251,0.0,0.0010591241,0.0,0.0010294588,0.0010105284,0.001066524,0.0010780598,0.0010707811,0.0,0.0010454898,0.0010294588,0.001020024,0.0010306898,0.0011064017,0.0010707905,0.0,0.0,0.0010294588,0.0010105284,0.0010665241,0.0010891778,0.0,0.0010591244,0.0010454899,0.0010381588,0.0010493085,0.0010554269,0.0010674726,0.0010707999,0.0010591242,0.0010454899,0.0,0.0010591245,0.0010454898,0.00103816,0.0010707779,0.0,0.0010454899,0.001029459,0.0010200236,0.0010306895,0.0011063433,0.0010707784,0.0,0.0010454899,0.0010294588,0.001020024,0.0010306895,0.0011063443,0.0,0.0010591242,0.0010591246,0.0010534954,0.0010649107,0.0,0.000988137,0.0010708289,0.0,0.0010454899,0.0010294588,0.0010200236,0.0010306895,0.0011063416,0.0010707801,0.0,0.0,0.0010294588,0.0010105284,0.0010665241,0.0010891792,0.0010708796,0.0010591255,0.0,0.00102946,0.0010105286,0.0010665242,0.0010780593,0.0,0.0010591245,0.0010454899,0.0010381588,0.0010493085,0.0010554269,0.0010674725,0.0,0.0010591248,0.0,0.0010294588,0.0010105284,0.0010665241,0.0010780515,0.0,0.0010591244,0.00104549,0.0010381588,0.0010493085,0.0010554269,0.0010674726,0.0010707958,0.0010591245,0.0010454901,0.001038159,0.0010493085,0.0010554269,0.0010674731,0.0,0.0,0.0,0.0010294588,0.0010105284,0.0010665241,0.0010891783,0.001070773,0.0010591241,0.0,0.0010294588,0.0010105284,0.0010665241,0.0010780531,0.0010707887,0.0010591244,0.0010454898,0.0010665241,0.0,0.0010294588,0.0010105286,0.0,0.0010591241,0.0010454898,0.0010381588,0.0010493085,0.0010554269,0.0010674736,0.0,0.0010591241,0.0010454898,0.0010381588,0.0010493085,0.0010554269,0.001067473,0.0,0.0010591251,0.0010454899,0.0010381588,0.0010493085,0.0010554269,0.0010674748,0.0010707877,0.0010591241,0.0010454898,0.0010381588,0.0010493085,0.0010554269,0.0010674734,0.0,0.0,0.0010454898,0.0010294588,0.0010200236,0.0010306895,0.0011063423,0.0,0.0010591241,0.0010454898,0.0010381588,0.0010493085,0.0010554269,0.0010674726,0.0010710285,0.0010591253,0.00104549,0.0010381588,0.0010493085,0.0010554269,0.0010674752
k__Bacteria|p__Firmicutes|c__Clostridia|o__Eubacteriales|f__Clostridiaceae|g__Clostridium|s__Clostridium_sartagoforme,0.0,0.0010588056,0.0010451631,0.0010378272,0.0010489793,0.0010550978,0.0010671483,0.0,0.0010588055,0.0010451631,0.0010378272,0.0010489793,0.0010550978,0.0010671484,0.0,0.0,0.0010451829,0.0010291393,0.0010196853,0.0010303508,0.0011060546,0.0010704917,0.0,0.0010451631,0.0010291241,0.0010196841,0.0010303508,0.0011060542,0.0,0.0,0.0010451631,0.0010291241,0.0010196841,0.0010303508,0.001106054,0.0010704623,0.0010588054,0.0010451631,0.0010378272,0.0010489793,0.0010550978,0.0010671484,0.0,0.0010588063,0.0010451635,0.0010378272,0.0010489793,0.0010550978,0.0010671482,0.0010704625,0.0010588054,0.0010451631,0.0010378272,0.0010489793,0.0010550978,0.0010671486,0.0,0.0010588057,0.0010451635,0.0010378272,0.0010489793,0.0010550978,0.0010671492,0.0,0.0010588055,0.0010451631,0.0010378272,0.0010489793,0.0010550978,0.0010671485,0.0,0.0010588055,0.0,0.0010291241,0.0010101866,0.0010662089,0.0010777425,0.0,0.0010588054,0.0010451631,0.0010378272,0.0010489793,0.0010550978,0.0010671489,0.0,0.0,0.0,0.0010291241,0.0010101866,0.0010662089,0.0010888798,0.0010704681,0.0010588055,0.0,0.0010291241,0.0010101866,0.0010662089,0.0010777474,0.00107052,0.0,0.0,0.0010291244,0.0010101866,0.0010662089,0.0010888783,0.0010704809,0.0,0.0010451631,0.0,0.0010588054,0.0010451631,0.0010662089,0.0010704652,0.0,0.0,0.0010291241,0.0010101866,0.0010662089,0.001088877,0.0,0.0010588074,0.0,0.0010291241,0.0010101866,0.0010662089,0.0010777414,0.0,0.0,0.0010451652,0.001058807,0.0,0.0010291241,0.0010588055,0.0010704959,0.0010588057,0.0,0.0010291244,0.0010101866,0.0010662089,0.0010777413,0.0,0.0,0.0010451635,0.0010291241,0.0010196841,0.0010303508,0.0011060544,0.0,0.0,0.0010451631,0.0,0.0010588054,0.0010451631,0.0010662089,0.0,0.0010588119,0.0,0.0010588056,0.0,0.0010588054,0.0010451631,0.0,0.0,0.0010451911,0.0010291287,0.0010196844,0.0010303508,0.0011060552,0.0,0.0010588507,0.0010588109,0.0010531726,0.0010645909,0.0,0.0009877566,0.0,0.0010588086,0.0010451647,0.0,0.0010588061,0.0010451631,0.0010378292,0.0010704692,0.0010588054,0.0010451631,0.0,0.0010588054,0.0010451631,0.001037828,0.0,0.0010588054,0.0010451631,0.0010378272,0.0010489793,0.0010550978,0.0010671484,0.001070462,0.0010588054,0.0010451631,0.0010378272,0.0010489793,0.0010550978,0.0010671485,0.0010704878,0.0,0.0,0.0010291241,0.0010101866,0.0010662089,0.0010888766,0.0010704668,0.0,0.0010451631,0.0010291241,0.0010196841,0.0010303508,0.0011060543,0.0,0.0010588056,0.0,0.0010291241,0.0010101866,0.0010662089,0.0010777413,0.0010704735,0.0,0.0010451631,0.0010291241,0.0010196841,0.0010303508,0.0011060578,0.0,0.0010588054,0.0010451631,0.0010378272,0.0010489793,0.0010550978,0.0010671499,0.0010704627,0.0010588054,0.0010451631,0.0010378272,0.0010489793,0.0010550978,0.0010671484,0.0,0.0010588064,0.0010451635,0.0010378272,0.0010489793,0.0010550978,0.0010671483,0.0,0.0,0.0010451631,0.0010291241,0.0010196841,0.0010303508,0.0011060543,0.0010704641,0.0010588054,0.0,0.0,0.0010588056,0.0010588055,0.0010531726,0.0010704966,0.0,0.0010451635,0.0,0.0010588056,0.0010451631,0.0010662103,0.0010705489,0.0,0.0010588057,0.0010451631,0.0010378272,0.0,0.0010588062,0.0,0.0010588055,0.0,0.0010291241,0.0010101866,0.0010662089,0.0010777413,0.0010704685,0.0,0.0010451631,0.0010291241,0.0010196844,0.0010303512,0.0011060934,0.0010704839,0.0,0.0,0.0010291241,0.0010101866,0.0010662089,0.0010888766,0.0,0.0010588056,0.0010451631,0.0010378272,0.0010489793,0.0010550978,0.0010671484,0.0010704661,0.0010588056,0.0010451631,0.0,0.0010588053,0.0010451631,0.0010378279,0.0010704641,0.0,0.0010451631,0.0010291245,0.0010196841,0.0010303508,0.0011060562,0.0010704662,0.0,0.0010451631,0.0010291244,0.0010196844,0.0010303509,0.0011060549,0.0,0.0010588056,0.0010588057,0.0010531719,0.0010645911,0.0,0.0009878005,0.0010704938,0.0,0.0010451631,0.0010291241,0.0010196841,0.0010303508,0.001106054,0.001070468,0.0,0.0,0.0010291241,0.0010101866,0.0010662089,0.0010888788,0.0010705135,0.0010588063,0.0,0.0010291252,0.0010101865,0.0010662089,0.0010777477,0.0,0.0010588054,0.0010451631,0.0010378272,0.0010489793,0.0010550978,0.0010671484,0.0,0.0010588075,0.0,0.0010291244,0.0010101866,0.0010662089,0.0010777413,0.0,0.0010588054,0.0010451633,0.0010378272,0.0010489793,0.0010550978,0.0010671484,0.0010704733,0.0010588056,0.0010451631,0.0010378273,0.0010489793,0.0010550978,0.0010671485,0.0,0.0,0.0,0.0010291241,0.0010101866,0.0010662089,0.001088877,0.0010704619,0.0010588054,0.0,0.0010291241,0.0010101866,0.0010662089,0.0010777419,0.0010704771,0.0010588057,0.0010451631,0.0010662089,0.0,0.0010291241,0.0010101867,0.0,0.0010588054,0.0010451631,0.0010378272,0.0010489793,0.0010550978,0.0010671488,0.0,0.0010588054,0.0010451631,0.0010378272,0.0010489793,0.0010550978,0.0010671488,0.0,0.001058806,0.0010451631,0.0010378272,0.0010489793,0.0010550978,0.0010671496,0.0010704697,0.0010588054,0.0010451631,0.0010378272,0.0010489793,0.0010550978,0.0010671488,0.0,0.0,0.0010451631,0.0010291241,0.0010196841,0.0010303508,0.0011060542,0.0,0.0010588054,0.0010451631,0.0010378272,0.0010489793,0.0010550978,0.0010671485,0.0010706591,0.0010588077,0.0010451635,0.0010378271,0.0010489793,0.0010550978,0.0010671506
k__Bacteria|p__Firmicutes|c__CFGB75783|o__OFGB75783|f__FGB75783|g__GGB3579|s__GGB3579_SGB47659,0.0,0.0010620836,0.0010484561,0.0010410714,0.0010520295,0.0010579767,0.0010698605,0.0,0.0010620838,0.0010484561,0.0010410714,0.0010520295,0.0010579767,0.0010698604,0.0,0.0,0.0010484664,0.0010324343,0.0010229374,0.0010334181,0.0011088001,0.0010737693,0.0,0.0010484561,0.0010324271,0.0010229369,0.0010334181,0.0011088001,0.0,0.0,0.0010484561,0.0010324271,0.0010229369,0.0010334181,0.0011088001,0.0010737231,0.0010620838,0.0010484561,0.0010410714,0.0010520295,0.0010579767,0.0010698604,0.0,0.0010620842,0.0010484562,0.0010410714,0.0010520295,0.0010579767,0.0010698601,0.0010737232,0.0010620838,0.0010484561,0.0010410714,0.0010520295,0.0010579767,0.0010698605,0.0,0.0010620839,0.0010484562,0.0010410715,0.0010520295,0.0010579767,0.0010698613,0.0,0.0010620838,0.0010484561,0.0010410714,0.0010520295,0.0010579767,0.0010698605,0.0,0.0010620838,0.0,0.0010324271,0.0010134929,0.0010694214,0.001080743,0.0,0.0010620838,0.0010484561,0.0010410714,0.0010520295,0.0010579767,0.0010698604,0.0,0.0,0.0,0.0010324271,0.0010134929,0.0010694214,0.0010918514,0.0010737358,0.0010620838,0.0,0.0010324271,0.0010134929,0.0010694214,0.0010807448,0.0010738089,0.0,0.0,0.0010324272,0.0010134929,0.0010694214,0.0010918506,0.0010737537,0.0,0.0010484561,0.0,0.0010620838,0.0010484561,0.0010694213,0.001073727,0.0,0.0,0.0010324271,0.0010134929,0.0010694214,0.0010918503,0.0,0.0010620848,0.0,0.0010324271,0.0010134929,0.0010694214,0.0010807428,0.0,0.0,0.0010484566,0.0010620848,0.0,0.0010324271,0.0010620839,0.0010737531,0.0010620839,0.0,0.0010324271,0.0010134929,0.0010694214,0.001080743,0.0,0.0,0.0010484563,0.0010324271,0.0010229369,0.0010334181,0.0011088002,0.0,0.0,0.0010484561,0.0,0.0010620838,0.0010484561,0.0010694214,0.0,0.0010620857,0.0,0.0010620839,0.0,0.0010620838,0.0010484562,0.0,0.0,0.0010484718,0.0010324294,0.0010229369,0.0010334181,0.0011088002,0.0,0.0010621124,0.0010620866,0.0010564025,0.0010676187,0.0,0.0009910512,0.0,0.0010620853,0.0010484565,0.0,0.0010620841,0.001048456,0.0010410716,0.0010737316,0.0010620838,0.0010484561,0.0,0.0010620838,0.0010484561,0.0010410717,0.0,0.0010620839,0.0010484562,0.0010410714,0.0010520295,0.0010579767,0.0010698604,0.0010737233,0.0010620838,0.0010484561,0.0010410714,0.0010520295,0.0010579767,0.0010698605,0.0010737585,0.0,0.0,0.0010324271,0.0010134929,0.0010694214,0.0010918503,0.0010737306,0.0,0.0010484561,0.0010324271,0.0010229369,0.0010334181,0.0011088,0.0,0.0010620839,0.0,0.0010324271,0.0010134929,0.0010694214,0.001080743,0.0010737404,0.0,0.0010484561,0.0010324271,0.0010229369,0.0010334181,0.0011087984,0.0,0.0010620838,0.0010484561,0.0010410714,0.0010520295,0.0010579767,0.001069861,0.0010737248,0.0010620838,0.0010484561,0.0010410714,0.0010520295,0.0010579767,0.0010698604,0.0,0.001062084,0.0010484561,0.0010410714,0.0010520295,0.0010579767,0.0010698605,0.0,0.0,0.0010484561,0.0010324271,0.0010229369,0.0010334181,0.0011088004,0.0010737269,0.0010620838,0.0,0.0,0.0010620839,0.0010620838,0.0010564025,0.0010737709,0.0,0.0010484561,0.0,0.0010620839,0.0010484561,0.0010694203,0.0010738511,0.0,0.0010620839,0.0010484561,0.0010410714,0.0,0.001062084,0.0,0.0010620836,0.0,0.0010324271,0.0010134929,0.0010694213,0.001080741,0.0010737305,0.0,0.0010484561,0.0010324271,0.0010229369,0.0010334185,0.0011087948,0.0010737398,0.0,0.0,0.0010324271,0.0010134929,0.0010694214,0.0010918505,0.0,0.0010620839,0.0010484562,0.0010410714,0.0010520295,0.0010579767,0.0010698604,0.0010737743,0.0010620839,0.001048456,0.0,0.0010620838,0.0010484561,0.0010410721,0.0010737267,0.0,0.0010484561,0.0010324268,0.0010229369,0.0010334181,0.0011088,0.0010737277,0.0,0.001048456,0.0010324271,0.0010229369,0.001033418,0.0011087997,0.0,0.0010620839,0.001062084,0.0010564022,0.0010676186,0.0,0.000991074,0.0010737721,0.0,0.0010484561,0.0010324271,0.0010229369,0.0010334181,0.0011088001,0.0010737302,0.0,0.0,0.0010324271,0.0010134929,0.0010694214,0.001091851,0.0010738103,0.0010620845,0.0,0.0010324277,0.001013493,0.0010694214,0.0010807443,0.0,0.0010620839,0.001048456,0.0010410714,0.0010520295,0.0010579767,0.0010698604,0.0,0.0010620843,0.0,0.0010324271,0.0010134929,0.0010694214,0.001080743,0.0,0.0010620839,0.0010484563,0.0010410714,0.0010520295,0.0010579767,0.0010698605,0.001073737,0.0010620838,0.0010484558,0.0010410716,0.0010520295,0.0010579767,0.0010698604,0.0,0.0,0.0,0.0010324271,0.0010134929,0.0010694214,0.0010918505,0.0010737227,0.0010620838,0.0,0.0010324271,0.0010134929,0.0010694214,0.001080743,0.0010737374,0.0010620839,0.0010484561,0.0010694214,0.0,0.0010324271,0.0010134932,0.0,0.0010620838,0.0010484561,0.0010410714,0.0010520295,0.0010579767,0.0010698605,0.0,0.0010620838,0.0010484561,0.0010410714,0.0010520295,0.0010579767,0.0010698606,0.0,0.0010620843,0.0010484561,0.0010410714,0.0010520295,0.0010579767,0.0010698606,0.0010737344,0.0010620838,0.0010484561,0.0010410714,0.0010520295,0.0010579767,0.0010698608,0.0,0.0,0.0010484561,0.0010324271,0.0010229369,0.0010334181,0.0011088,0.0,0.0010620838,0.0010484561,0.0010410714,0.0010520295,0.0010579767,0.0010698605,0.0010739241,0.0010620848,0.0010484561,0.0010410714,0.0010520295,0.0010579767,0.0010698608
k__Bacteria|p__Firmicutes|c__Clostridia|o__Eubacteriales|f__Lachnospiraceae|g__Blautia|s__Blautia_pseudococcoides,0.0,0.0010571245,0.0010436447,0.0010365827,0.0010482708,0.0010549064,0.0010673426,0.0,0.0010571245,0.0010436447,0.0010365827,0.0010482708,0.0010549064,0.0010673425,0.0,0.0,0.0010436549,0.0010277868,0.0010186235,0.001029832,0.0011051774,0.0010686478,0.0,0.0010436447,0.0010277793,0.0010186232,0.001029832,0.0011051771,0.0,0.0,0.0010436447,0.0010277793,0.0010186232,0.001029832,0.0011051771,0.0010686297,0.0010571243,0.0010436447,0.0010365827,0.0010482708,0.0010549064,0.0010673425,0.0,0.0010571249,0.0010436449,0.0010365827,0.0010482708,0.0010549064,0.0010673439,0.0010686298,0.0010571243,0.0010436447,0.0010365827,0.0010482708,0.0010549064,0.0010673426,0.0,0.0010571248,0.0010436453,0.0010365829,0.0010482708,0.0010549064,0.0010673427,0.0,0.0010571245,0.0010436447,0.0010365827,0.0010482708,0.0010549064,0.0010673426,0.0,0.0010571245,0.0,0.0010277793,0.0010090262,0.001064631,0.001076687,0.0,0.0010571243,0.0010436447,0.0010365827,0.0010482708,0.0010549064,0.0010673428,0.0,0.0,0.0,0.0010277793,0.0010090262,0.001064631,0.0010876635,0.0010686341,0.0010571245,0.0,0.0010277793,0.0010090262,0.001064631,0.0010766891,0.0010686578,0.0,0.0,0.0010277794,0.0010090262,0.001064631,0.0010876637,0.0010686414,0.0,0.0010436447,0.0,0.0010571243,0.0010436447,0.0010646313,0.0010686307,0.0,0.0,0.0010277793,0.0010090262,0.001064631,0.0010876629,0.0,0.0010571252,0.0,0.0010277793,0.0010090262,0.001064631,0.0010766855,0.0,0.0,0.0010436459,0.0010571248,0.0,0.0010277793,0.0010571248,0.0010686407,0.0010571246,0.0,0.0010277793,0.0010090262,0.001064631,0.0010766849,0.0,0.0,0.0010436449,0.0010277793,0.0010186232,0.001029832,0.0011051776,0.0,0.0,0.0010436447,0.0,0.0010571243,0.0010436447,0.0010646313,0.0,0.0010571273,0.0,0.0010571246,0.0,0.0010571243,0.0010436449,0.0,0.0,0.0010436521,0.0010277806,0.0010186234,0.001029832,0.0011051774,0.0,0.0010571404,0.0010571267,0.0010517554,0.0010637031,0.0,0.0009867926,0.0,0.0010571259,0.0010436453,0.0,0.0010571246,0.0010436447,0.0010365859,0.0010686335,0.0010571243,0.0010436447,0.0,0.0010571243,0.0010436447,0.0010365839,0.0,0.0010571247,0.0010436449,0.0010365827,0.0010482708,0.0010549064,0.0010673426,0.0010686298,0.0010571243,0.0010436447,0.0010365827,0.0010482708,0.0010549064,0.0010673426,0.0010686431,0.0,0.0,0.0010277793,0.0010090262,0.001064631,0.0010876629,0.0010686292,0.0,0.0010436447,0.0010277793,0.0010186232,0.001029832,0.0011051773,0.0,0.0010571246,0.0,0.0010277793,0.0010090262,0.001064631,0.0010766849,0.0010686396,0.0,0.0010436447,0.0010277793,0.0010186232,0.001029832,0.0011051829,0.0,0.0010571243,0.0010436447,0.0010365827,0.0010482708,0.0010549064,0.001067344,0.0010686298,0.0010571243,0.0010436447,0.0010365827,0.0010482708,0.0010549064,0.0010673425,0.0,0.0010571247,0.0010436447,0.0010365827,0.0010482708,0.0010549064,0.0010673426,0.0,0.0,0.0010436447,0.0010277793,0.0010186232,0.001029832,0.0011051771,0.0010686306,0.0010571243,0.0,0.0,0.0010571246,0.0010571245,0.0010517557,0.0010686513,0.0,0.0010436451,0.0,0.0010571246,0.0010436447,0.0010646369,0.0010686845,0.0,0.0010571246,0.0010436447,0.0010365827,0.0,0.0010571253,0.0,0.0010571243,0.0,0.0010277793,0.0010090262,0.001064631,0.0010766938,0.0010686334,0.0,0.0010436447,0.0010277793,0.0010186234,0.0010298324,0.0011052123,0.0010686407,0.0,0.0,0.0010277793,0.0010090262,0.001064631,0.0010876629,0.0,0.0010571246,0.0010436449,0.0010365827,0.0010482708,0.0010549064,0.0010673425,0.0010686358,0.0010571245,0.0010436447,0.0,0.0010571245,0.0010436447,0.0010365836,0.0010686297,0.0,0.0010436447,0.0010277795,0.0010186232,0.001029832,0.001105179,0.0010686315,0.0,0.0010436449,0.0010277793,0.0010186234,0.0010298322,0.0011051788,0.0,0.0010571245,0.0010571246,0.0010517552,0.0010637033,0.0,0.0009868271,0.0010686414,0.0,0.0010436447,0.0010277793,0.0010186232,0.001029832,0.0011051771,0.0010686317,0.0,0.0,0.0010277793,0.0010090262,0.001064631,0.0010876636,0.0010686553,0.0010571248,0.0,0.0010277798,0.0010090264,0.0010646314,0.0010766912,0.0,0.0010571246,0.0010436447,0.0010365827,0.0010482708,0.0010549064,0.0010673425,0.0,0.0010571256,0.0,0.0010277793,0.0010090262,0.001064631,0.0010766849,0.0,0.0010571246,0.0010436449,0.0010365827,0.0010482708,0.0010549064,0.0010673427,0.0010686367,0.0010571245,0.0010436447,0.0010365829,0.0010482708,0.0010549064,0.0010673429,0.0,0.0,0.0,0.0010277793,0.0010090262,0.001064631,0.0010876635,0.0010686294,0.0010571243,0.0,0.0010277793,0.0010090262,0.001064631,0.0010766857,0.0010686371,0.0010571246,0.0010436447,0.001064631,0.0,0.0010277793,0.0010090263,0.0,0.0010571243,0.0010436447,0.0010365827,0.0010482708,0.0010549064,0.0010673435,0.0,0.0010571243,0.0010436447,0.0010365827,0.0010482708,0.0010549064,0.0010673427,0.0,0.0010571247,0.0010436447,0.0010365827,0.0010482708,0.0010549064,0.0010673444,0.001068631,0.0010571243,0.0010436447,0.0010365827,0.0010482708,0.0010549064,0.0010673428,0.0,0.0,0.0010436447,0.0010277793,0.0010186232,0.001029832,0.0011051774,0.0,0.0010571243,0.0010436447,0.0010365827,0.0010482708,0.0010549064,0.0010673426,0.0010687717,0.0010571255,0.0010436447,0.0010365829,0.0010482708,0.0010549064,0.0010673447
k__Bacteria|p__Firmicutes|c__Negativicutes|o__Acidaminococcales|f__Acidaminococcaceae|g__Phascolarctobacterium|s__Phascolarctobacterium_succinatutens,0.0,0.0010581902,0.0010445393,0.0010372037,0.001048377,0.0010545132,0.0010665846,0.0,0.0010581904,0.0010445393,0.0010372037,0.001048377,0.0010545132,0.0010665846,0.0,0.0,0.001044552,0.0010285012,0.0010190535,0.0010297386,0.0011055208,0.0010698783,0.0,0.0010445393,0.0010284925,0.001019053,0.0010297386,0.0011055203,0.0,0.0,0.0010445393,0.0010284925,0.001019053,0.0010297386,0.0011055202,0.001069856,0.0010581902,0.0010445393,0.0010372037,0.001048377,0.0010545132,0.0010665845,0.0,0.0010581911,0.0010445397,0.0010372037,0.001048377,0.0010545132,0.0010665854,0.0010698556,0.0010581902,0.0010445393,0.0010372037,0.001048377,0.0010545132,0.0010665845,0.0,0.0010581905,0.0010445402,0.0010372039,0.001048377,0.0010545132,0.0010665845,0.0,0.0010581904,0.0010445393,0.0010372037,0.001048377,0.0010545132,0.0010665845,0.0,0.0010581904,0.0,0.0010284925,0.0010095475,0.0010656036,0.0010771628,0.0,0.0010581902,0.0010445393,0.0010372037,0.001048377,0.0010545132,0.0010665844,0.0,0.0,0.0,0.0010284925,0.0010095475,0.0010656036,0.0010883077,0.001069861,0.0010581904,0.0,0.0010284925,0.0010095475,0.0010656036,0.0010771655,0.0010698983,0.0,0.0,0.0010284926,0.0010095475,0.0010656036,0.0010883078,0.0010698703,0.0,0.0010445393,0.0,0.0010581902,0.0010445393,0.0010656036,0.0010698568,0.0,0.0,0.0010284925,0.0010095475,0.0010656036,0.0010883075,0.0,0.0010581913,0.0,0.0010284925,0.0010095475,0.0010656036,0.0010771613,0.0,0.0,0.0010445411,0.0010581912,0.0,0.0010284925,0.0010581905,0.0010698702,0.0010581905,0.0,0.0010284925,0.0010095475,0.0010656036,0.001077161,0.0,0.0,0.0010445395,0.0010284925,0.001019053,0.0010297386,0.0011055205,0.0,0.0,0.0010445393,0.0,0.0010581902,0.0010445393,0.0010656036,0.0,0.0010581928,0.0,0.0010581905,0.0,0.0010581902,0.0010445397,0.0,0.0,0.0010445534,0.0010284942,0.001019053,0.0010297386,0.0011055203,0.0,0.001058213,0.0010581932,0.001052558,0.0010639997,0.0,0.0009871126,0.0,0.001058192,0.0010445403,0.0,0.0010581906,0.0010445396,0.0010372066,0.00106986,0.0010581902,0.0010445393,0.0,0.0010581902,0.0010445393,0.0010372048,0.0,0.0010581905,0.0010445394,0.0010372037,0.001048377,0.0010545132,0.0010665845,0.0010698556,0.0010581902,0.0010445393,0.0010372037,0.001048377,0.0010545132,0.0010665841,0.0010698754,0.0,0.0,0.0010284925,0.0010095475,0.0010656036,0.0010883076,0.0010698574,0.0,0.0010445393,0.0010284925,0.001019053,0.0010297386,0.0011055204,0.0,0.0010581905,0.0,0.0010284925,0.0010095475,0.0010656036,0.0010771609,0.0010698658,0.0,0.0010445393,0.0010284925,0.001019053,0.0010297386,0.001105525,0.0,0.0010581902,0.0010445393,0.0010372037,0.001048377,0.0010545132,0.0010665855,0.0010698559,0.0010581902,0.0010445393,0.0010372037,0.001048377,0.0010545132,0.0010665845,0.0,0.0010581906,0.0010445396,0.0010372037,0.001048377,0.0010545132,0.0010665846,0.0,0.0,0.0010445393,0.0010284925,0.001019053,0.0010297386,0.0011055202,0.0010698563,0.0010581902,0.0,0.0,0.0010581905,0.0010581904,0.0010525577,0.0010698781,0.0,0.0010445397,0.0,0.0010581905,0.0010445393,0.0010656079,0.0010699261,0.0,0.0010581905,0.0010445395,0.0010372037,0.0,0.001058191,0.0,0.0010581902,0.0,0.0010284925,0.0010095475,0.0010656037,0.001077168,0.0010698602,0.0,0.0010445393,0.0010284925,0.001019053,0.001029739,0.001105547,0.001069869,0.0,0.0,0.0010284925,0.0010095475,0.0010656036,0.0010883077,0.0,0.0010581905,0.0010445394,0.0010372037,0.001048377,0.0010545132,0.0010665846,0.0010698596,0.0010581905,0.0010445395,0.0,0.0010581904,0.0010445393,0.0010372049,0.0010698565,0.0,0.0010445396,0.0010284928,0.001019053,0.0010297386,0.0011055213,0.0010698574,0.0,0.0010445394,0.0010284925,0.001019053,0.0010297387,0.0011055217,0.0,0.0010581905,0.0010581905,0.0010525575,0.0010639996,0.0,0.000987147,0.001069873,0.0,0.0010445395,0.0010284925,0.001019053,0.0010297386,0.0011055202,0.0010698572,0.0,0.0,0.0010284925,0.0010095475,0.0010656036,0.0010883078,0.0010699009,0.0010581907,0.0,0.0010284932,0.0010095475,0.0010656036,0.0010771662,0.0,0.0010581904,0.0010445396,0.0010372037,0.001048377,0.0010545132,0.0010665845,0.0,0.0010581913,0.0,0.0010284925,0.0010095475,0.0010656036,0.0010771609,0.0,0.0010581905,0.0010445397,0.0010372037,0.001048377,0.0010545132,0.0010665845,0.0010698636,0.0010581904,0.0010445396,0.0010372038,0.001048377,0.0010545132,0.0010665846,0.0,0.0,0.0,0.0010284925,0.0010095475,0.0010656036,0.001088308,0.0010698555,0.0010581902,0.0,0.0010284925,0.0010095475,0.0010656036,0.0010771618,0.0010698631,0.0010581904,0.0010445393,0.0010656036,0.0,0.0010284925,0.0010095476,0.0,0.0010581902,0.0010445393,0.0010372037,0.001048377,0.0010545132,0.0010665852,0.0,0.0010581902,0.0010445393,0.0010372037,0.001048377,0.0010545132,0.0010665844,0.0,0.0010581905,0.0010445396,0.0010372037,0.001048377,0.0010545132,0.0010665855,0.0010698593,0.0010581902,0.0010445393,0.0010372037,0.001048377,0.0010545132,0.0010665845,0.0,0.0,0.0010445393,0.0010284925,0.001019053,0.0010297386,0.0011055203,0.0,0.0010581902,0.0010445393,0.0010372037,0.001048377,0.0010545132,0.0010665845,0.0010699886,0.0010581914,0.0010445396,0.0010372038,0.001048377,0.0010545132,0.0010665858
k__Bacteria|p__Firmicutes|c__Clostridia|o__Eubacteriales|f__Oscillospiraceae|g__Pseudoflavonifractor|s__Pseudoflavonifractor_sp_An184,0.0,0.0010595543,0.0010457077,0.0010380561,0.0010486306,0.0010541866,0.0010658333,0.0,0.0010595544,0.0010457077,0.0010380561,0.0010486306,0.0010541866,0.0010658333,0.0,0.0,0.001045717,0.0010294579,0.0010196862,0.0010297638,0.0011060323,0.0010714277,0.0,0.0010457077,0.0010294528,0.0010196859,0.0010297638,0.0011060323,0.0,0.0,0.0010457077,0.0010294528,0.0010196859,0.0010297638,0.0011060323,0.0010714033,0.0010595543,0.0010457077,0.0010380561,0.0010486306,0.0010541866,0.0010658331,0.0,0.0010595551,0.0010457082,0.0010380561,0.0010486306,0.0010541866,0.0010658344,0.0010714033,0.0010595543,0.0010457077,0.0010380561,0.0010486306,0.0010541866,0.0010658334,0.0,0.0010595545,0.0010457085,0.0010380561,0.0010486306,0.0010541866,0.0010658336,0.0,0.0010595544,0.0010457077,0.0010380561,0.0010486306,0.0010541866,0.0010658333,0.0,0.0010595544,0.0,0.0010294528,0.0010102877,0.001066858,0.0010778379,0.0,0.0010595543,0.0010457077,0.0010380561,0.0010486306,0.0010541866,0.0010658335,0.0,0.0,0.0,0.0010294528,0.0010102877,0.001066858,0.0010891763,0.001071411,0.0010595544,0.0,0.0010294528,0.0010102877,0.001066858,0.0010778409,0.0010714617,0.0,0.0,0.0010294527,0.0010102877,0.001066858,0.0010891764,0.0010714238,0.0,0.0010457077,0.0,0.0010595543,0.0010457077,0.0010668578,0.0010714055,0.0,0.0,0.0010294528,0.0010102877,0.001066858,0.0010891755,0.0,0.0010595553,0.0,0.0010294528,0.0010102877,0.001066858,0.0010778366,0.0,0.0,0.0010457088,0.0010595554,0.0,0.0010294528,0.0010595548,0.0010714185,0.0010595545,0.0,0.0010294527,0.0010102877,0.001066858,0.0010778364,0.0,0.0,0.001045708,0.0010294528,0.0010196859,0.0010297638,0.0011060324,0.0,0.0,0.0010457077,0.0,0.0010595543,0.0010457077,0.0010668578,0.0,0.0010595558,0.0,0.0010595544,0.0,0.0010595543,0.0010457081,0.0,0.0,0.0010457169,0.0010294542,0.0010196859,0.0010297638,0.0011060319,0.0,0.0010595733,0.0010595565,0.0010536171,0.0010644702,0.0,0.0009876201,0.0,0.001059556,0.0010457084,0.0,0.0010595545,0.0010457078,0.0010380587,0.0010714076,0.0010595543,0.0010457077,0.0,0.0010595543,0.0010457077,0.0010380569,0.0,0.0010595545,0.0010457078,0.0010380561,0.0010486306,0.0010541866,0.0010658333,0.0010714034,0.0010595543,0.0010457077,0.0010380561,0.0010486306,0.0010541866,0.0010658333,0.0010714275,0.0,0.0,0.0010294528,0.0010102877,0.001066858,0.0010891755,0.0010714072,0.0,0.0010457077,0.0010294528,0.0010196859,0.0010297638,0.0011060322,0.0,0.0010595544,0.0,0.0010294528,0.0010102877,0.001066858,0.0010778363,0.0010714158,0.0,0.0010457077,0.0010294528,0.0010196859,0.0010297638,0.0011060374,0.0,0.0010595543,0.0010457077,0.0010380561,0.0010486306,0.0010541866,0.0010658345,0.0010714035,0.0010595543,0.0010457077,0.0010380561,0.0010486306,0.0010541866,0.0010658331,0.0,0.0010595546,0.0010457078,0.0010380561,0.0010486306,0.0010541866,0.0010658333,0.0,0.0,0.0010457077,0.0010294528,0.0010196859,0.0010297638,0.0011060324,0.0010714044,0.0010595543,0.0,0.0,0.0010595544,0.0010595544,0.001053617,0.001071427,0.0,0.0010457081,0.0,0.0010595544,0.0010457077,0.0010668621,0.0010714936,0.0,0.0010595545,0.0010457078,0.0010380561,0.0,0.001059555,0.0,0.0010595542,0.0,0.0010294528,0.0010102877,0.001066858,0.0010778442,0.0010714078,0.0,0.0010457077,0.0010294528,0.0010196859,0.0010297644,0.0011060731,0.001071413,0.0,0.0,0.0010294528,0.0010102877,0.001066858,0.0010891755,0.0,0.0010595544,0.0010457078,0.0010380561,0.0010486306,0.0010541866,0.0010658333,0.0010714061,0.0010595544,0.0010457078,0.0,0.0010595544,0.0010457077,0.0010380569,0.0010714052,0.0,0.0010457081,0.001029453,0.0010196859,0.0010297638,0.0011060333,0.0010714055,0.0,0.0010457081,0.0010294527,0.0010196859,0.001029764,0.0011060338,0.0,0.0010595544,0.0010595545,0.0010536168,0.00106447,0.0,0.000987649,0.0010714303,0.0,0.0010457078,0.0010294528,0.0010196859,0.0010297638,0.0011060323,0.0010714064,0.0,0.0,0.0010294528,0.0010102877,0.001066858,0.0010891762,0.0010714569,0.0010595552,0.0,0.0010294536,0.0010102883,0.0010668578,0.0010778421,0.0,0.0010595545,0.0010457078,0.0010380561,0.0010486306,0.0010541866,0.0010658331,0.0,0.001059555,0.0,0.0010294528,0.0010102877,0.001066858,0.0010778363,0.0,0.0010595544,0.0010457082,0.0010380561,0.0010486306,0.0010541866,0.0010658334,0.0010714143,0.0010595544,0.0010457081,0.0010380562,0.0010486306,0.0010541866,0.0010658337,0.0,0.0,0.0,0.0010294528,0.0010102877,0.001066858,0.0010891762,0.001071403,0.0010595543,0.0,0.0010294528,0.0010102877,0.001066858,0.001077837,0.0010714105,0.0010595545,0.0010457077,0.001066858,0.0,0.0010294528,0.0010102877,0.0,0.0010595543,0.0010457077,0.0010380561,0.0010486306,0.0010541866,0.0010658341,0.0,0.0010595543,0.0010457077,0.0010380561,0.0010486306,0.0010541866,0.0010658334,0.0,0.0010595549,0.0010457078,0.0010380561,0.0010486306,0.0010541866,0.0010658349,0.0010714103,0.0010595543,0.0010457077,0.0010380561,0.0010486306,0.0010541866,0.001065834,0.0,0.0,0.0010457077,0.0010294528,0.0010196859,0.0010297638,0.0011060324,0.0,0.0010595543,0.0010457077,0.0010380561,0.0010486306,0.0010541866,0.0010658333,0.0010715219,0.0010595554,0.0010457077,0.001038056,0.0010486306,0.0010541866,0.0010658349
k__Bacteria|p__Firmicutes|c__Clostridia|o__Eubacteriales|f__Lachnospiraceae|g__Lachnospiraceae_unclassified|s__Lachnospiraceae_unclassified_SGB65957,0.0,0.0010588508,0.00104513,0.0010376779,0.0010486253,0.0010545432,0.0010664529,0.0,0.0010588508,0.00104513,0.0010376779,0.0010486253,0.0010545432,0.0010664527,0.0,0.0,0.001045151,0.0010290236,0.0010194496,0.0010299055,0.0011058473,0.0010706221,0.0,0.00104513,0.0010290085,0.0010194484,0.0010299055,0.001105846,0.0,0.0,0.00104513,0.0010290085,0.0010194484,0.0010299055,0.0011058461,0.0010705817,0.0010588508,0.00104513,0.0010376779,0.0010486253,0.0010545432,0.0010664527,0.0,0.0010588514,0.0010451303,0.0010376779,0.0010486253,0.0010545432,0.0010664536,0.0010705818,0.0010588508,0.00104513,0.0010376779,0.0010486253,0.0010545432,0.0010664529,0.0,0.0010588511,0.0010451307,0.001037678,0.0010486253,0.0010545432,0.0010664535,0.0,0.0010588508,0.00104513,0.0010376779,0.0010486253,0.0010545432,0.0010664527,0.0,0.0010588508,0.0,0.0010290085,0.0010099846,0.0010662212,0.0010775618,0.0,0.0010588508,0.00104513,0.0010376779,0.0010486253,0.0010545432,0.0010664539,0.0,0.0,0.0,0.0010290085,0.0010099846,0.0010662212,0.0010887772,0.0010705931,0.0010588508,0.0,0.0010290085,0.0010099846,0.0010662212,0.0010775696,0.0010706622,0.0,0.0,0.0010290085,0.0010099846,0.0010662212,0.0010887763,0.001070611,0.0,0.00104513,0.0,0.0010588508,0.00104513,0.0010662212,0.0010705861,0.0,0.0,0.0010290085,0.0010099846,0.0010662212,0.0010887738,0.0,0.0010588528,0.0,0.0010290085,0.0010099846,0.0010662212,0.0010775594,0.0,0.0,0.0010451314,0.0010588522,0.0,0.0010290085,0.0010588509,0.001070617,0.0010588511,0.0,0.0010290084,0.0010099846,0.0010662212,0.0010775591,0.0,0.0,0.0010451305,0.0010290085,0.0010194484,0.0010299055,0.0011058467,0.0,0.0,0.00104513,0.0,0.0010588508,0.00104513,0.0010662212,0.0,0.0010588577,0.0,0.0010588509,0.0,0.0010588508,0.0010451301,0.0,0.0,0.0010451546,0.0010290128,0.0010194485,0.0010299055,0.0011058472,0.0,0.0010589093,0.0010588573,0.0010531064,0.001064325,0.0,0.0009874708,0.0,0.0010588539,0.0010451314,0.0,0.0010588513,0.00104513,0.0010376816,0.0010705908,0.0010588508,0.00104513,0.0,0.0010588508,0.00104513,0.0010376796,0.0,0.001058851,0.0010451301,0.0010376779,0.0010486253,0.0010545432,0.001066453,0.0010705816,0.0010588508,0.00104513,0.0010376779,0.0010486253,0.0010545432,0.0010664527,0.001070612,0.0,0.0,0.0010290085,0.0010099846,0.0010662212,0.0010887736,0.0010705877,0.0,0.00104513,0.0010290085,0.0010194484,0.0010299055,0.0011058465,0.0,0.0010588509,0.0,0.0010290085,0.0010099846,0.0010662212,0.001077559,0.0010706038,0.0,0.00104513,0.0010290085,0.0010194484,0.0010299055,0.0011058582,0.0,0.0010588508,0.00104513,0.0010376779,0.0010486253,0.0010545432,0.0010664548,0.0010705824,0.0010588508,0.00104513,0.0010376779,0.0010486253,0.0010545432,0.0010664527,0.0,0.0010588516,0.0010451302,0.0010376779,0.0010486253,0.0010545432,0.0010664529,0.0,0.0,0.00104513,0.0010290085,0.0010194484,0.0010299055,0.0011058464,0.0010705853,0.0010588508,0.0,0.0,0.0010588509,0.0010588508,0.0010531065,0.0010706292,0.0,0.0010451307,0.0,0.0010588509,0.00104513,0.0010662259,0.001070709,0.0,0.0010588509,0.00104513,0.0010376779,0.0,0.001058852,0.0,0.0010588507,0.0,0.0010290085,0.0010099846,0.0010662212,0.0010775679,0.0010705891,0.0,0.00104513,0.0010290085,0.0010194485,0.0010299059,0.0011059395,0.0010706031,0.0,0.0,0.0010290085,0.0010099846,0.0010662212,0.0010887736,0.0,0.0010588509,0.0010451301,0.0010376779,0.0010486253,0.0010545432,0.0010664527,0.0010705992,0.0010588509,0.00104513,0.0,0.0010588508,0.00104513,0.0010376793,0.0010705849,0.0,0.00104513,0.0010290087,0.0010194484,0.0010299055,0.0011058497,0.0010705872,0.0,0.0010451301,0.0010290085,0.0010194486,0.0010299056,0.001105849,0.0,0.0010588509,0.0010588509,0.0010531057,0.0010643251,0.0,0.0009875238,0.0010706234,0.0,0.00104513,0.0010290085,0.0010194484,0.0010299055,0.0011058461,0.00107059,0.0,0.0,0.0010290085,0.0010099846,0.0010662212,0.0010887764,0.0010706483,0.0010588517,0.0,0.0010290098,0.0010099848,0.0010662212,0.0010775697,0.0,0.0010588509,0.00104513,0.0010376779,0.0010486253,0.0010545432,0.0010664527,0.0,0.0010588528,0.0,0.0010290085,0.0010099846,0.0010662212,0.001077559,0.0,0.0010588508,0.0010451301,0.0010376779,0.0010486253,0.0010545432,0.001066453,0.0010705995,0.0010588508,0.0010451303,0.0010376783,0.0010486253,0.0010545432,0.0010664532,0.0,0.0,0.0,0.0010290085,0.0010099846,0.0010662212,0.0010887744,0.0010705811,0.0010588508,0.0,0.0010290085,0.0010099846,0.0010662212,0.0010775601,0.0010705987,0.0010588509,0.00104513,0.0010662212,0.0,0.0010290085,0.0010099849,0.0,0.0010588508,0.00104513,0.0010376779,0.0010486253,0.0010545432,0.0010664539,0.0,0.0010588508,0.00104513,0.0010376779,0.0010486253,0.0010545432,0.0010664532,0.0,0.0010588515,0.00104513,0.0010376779,0.0010486253,0.0010545432,0.0010664559,0.0010705922,0.0010588508,0.00104513,0.0010376779,0.0010486253,0.0010545432,0.0010664535,0.0,0.0,0.00104513,0.0010290085,0.0010194484,0.0010299055,0.0011058468,0.0,0.0010588508,0.00104513,0.0010376779,0.0010486253,0.0010545432,0.0010664527,0.0010708332,0.0010588535,0.0010451303,0.001037678,0.0010486253,0.0010545432,0.0010664569
k__Bacteria|p__Firmicutes|c__Clostridia|o__Eubacteriales|f__Lachnospiraceae|g__GGB3463|s__GGB3463_SGB4621,0.0,0.0010625758,0.0010488471,0.0010413041,0.0010519682,0.00105763,0.0010693073,0.0,0.001062576,0.0010488471,0.0010413041,0.0010519682,0.00105763,0.0010693073,0.0,0.0,0.0010488692,0.001032727,0.001023058,0.0010332394,0.0011088906,0.0010743382,0.0,0.0010488471,0.0010327111,0.0010230571,0.0010332394,0.0011088899,0.0,0.0,0.0010488471,0.0010327111,0.0010230571,0.0010332394,0.0011088899,0.00107431,0.0010625758,0.0010488471,0.0010413041,0.0010519682,0.00105763,0.0010693073,0.0,0.0010625764,0.0010488475,0.0010413041,0.0010519682,0.00105763,0.0010693076,0.0010743099,0.0010625758,0.0010488471,0.0010413041,0.0010519682,0.00105763,0.0010693073,0.0,0.0010625761,0.0010488478,0.0010413041,0.0010519682,0.00105763,0.0010693083,0.0,0.001062576,0.0010488471,0.0010413041,0.0010519682,0.00105763,0.0010693073,0.0,0.001062576,0.0,0.0010327111,0.0010136645,0.0010698612,0.0010809022,0.0,0.0010625758,0.0010488471,0.0010413041,0.0010519682,0.00105763,0.0010693079,0.0,0.0,0.0,0.0010327111,0.0010136645,0.0010698612,0.0010921102,0.0010743162,0.001062576,0.0,0.0010327111,0.0010136645,0.0010698612,0.001080908,0.0010743649,0.0,0.0,0.0010327114,0.0010136645,0.0010698612,0.0010921092,0.0010743291,0.0,0.0010488471,0.0,0.0010625758,0.0010488471,0.0010698615,0.0010743124,0.0,0.0,0.0010327111,0.0010136645,0.0010698612,0.0010921081,0.0,0.0010625777,0.0,0.0010327111,0.0010136645,0.0010698612,0.0010809005,0.0,0.0,0.0010488486,0.0010625775,0.0,0.0010327111,0.001062576,0.0010743391,0.0010625763,0.0,0.0010327114,0.0010136645,0.0010698612,0.0010809005,0.0,0.0,0.0010488476,0.0010327111,0.0010230571,0.0010332394,0.0011088903,0.0,0.0,0.0010488471,0.0,0.0010625758,0.0010488471,0.0010698613,0.0,0.0010625818,0.0,0.001062576,0.0,0.0010625758,0.0010488471,0.0,0.0,0.0010488746,0.0010327155,0.001023057,0.0010332394,0.0011088907,0.0,0.0010626307,0.0010625821,0.0010567423,0.0010676698,0.0,0.0009911145,0.0,0.0010625785,0.0010488486,0.0,0.0010625763,0.0010488471,0.0010413068,0.0010743169,0.0010625758,0.0010488471,0.0,0.0010625758,0.0010488471,0.0010413049,0.0,0.0010625761,0.0010488471,0.0010413041,0.0010519682,0.00105763,0.0010693073,0.0010743099,0.0010625758,0.0010488471,0.0010413041,0.0010519682,0.00105763,0.0010693073,0.0010743315,0.0,0.0,0.0010327111,0.0010136645,0.0010698612,0.0010921079,0.0010743152,0.0,0.0010488471,0.0010327111,0.0010230571,0.0010332394,0.0011088902,0.0,0.001062576,0.0,0.0010327111,0.0010136645,0.0010698612,0.0010809005,0.0010743238,0.0,0.0010488471,0.0010327111,0.0010230571,0.0010332394,0.0011088963,0.0,0.0010625758,0.0010488471,0.0010413041,0.0010519682,0.00105763,0.0010693084,0.0010743106,0.0010625758,0.0010488471,0.0010413041,0.0010519682,0.00105763,0.0010693073,0.0,0.0010625768,0.0010488475,0.0010413041,0.0010519682,0.00105763,0.0010693073,0.0,0.0,0.0010488471,0.0010327111,0.0010230571,0.0010332394,0.00110889,0.0010743116,0.0010625758,0.0,0.0,0.001062576,0.001062576,0.001056742,0.0010743401,0.0,0.0010488475,0.0,0.001062576,0.0010488471,0.001069864,0.0010743958,0.0,0.001062576,0.0010488471,0.0010413041,0.0,0.0010625765,0.0,0.0010625757,0.0,0.0010327111,0.0010136645,0.0010698613,0.0010809049,0.0010743155,0.0,0.0010488471,0.0010327111,0.001023057,0.0010332395,0.0011089486,0.0010743286,0.0,0.0,0.0010327111,0.0010136645,0.0010698612,0.0010921079,0.0,0.001062576,0.0010488471,0.0010413041,0.0010519682,0.00105763,0.0010693073,0.0010743147,0.001062576,0.0010488471,0.0,0.0010625758,0.0010488471,0.0010413051,0.0010743116,0.0,0.0010488471,0.0010327115,0.0010230571,0.0010332394,0.0011088919,0.0010743134,0.0,0.0010488471,0.0010327111,0.001023057,0.0010332394,0.0011088912,0.0,0.001062576,0.0010625761,0.0010567416,0.0010676698,0.0,0.000991161,0.0010743357,0.0,0.0010488471,0.0010327111,0.0010230571,0.0010332394,0.0011088899,0.0010743146,0.0,0.0,0.0010327111,0.0010136645,0.0010698612,0.0010921096,0.0010743618,0.0010625767,0.0,0.0010327125,0.0010136646,0.0010698616,0.001080907,0.0,0.001062576,0.0010488471,0.0010413041,0.0010519682,0.00105763,0.0010693073,0.0,0.0010625778,0.0,0.0010327111,0.0010136645,0.0010698612,0.0010809005,0.0,0.001062576,0.0010488472,0.0010413041,0.0010519682,0.00105763,0.0010693074,0.0010743206,0.0010625758,0.0010488475,0.0010413044,0.0010519682,0.00105763,0.0010693076,0.0,0.0,0.0,0.0010327111,0.0010136645,0.0010698612,0.0010921081,0.0010743096,0.0010625758,0.0,0.0010327111,0.0010136645,0.0010698612,0.001080901,0.0010743206,0.001062576,0.0010488471,0.0010698612,0.0,0.0010327111,0.0010136646,0.0,0.0010625758,0.0010488471,0.0010413041,0.0010519682,0.00105763,0.0010693081,0.0,0.0010625758,0.0010488471,0.0010413041,0.0010519682,0.00105763,0.0010693077,0.0,0.0010625767,0.0010488471,0.0010413041,0.0010519682,0.00105763,0.0010693092,0.0010743177,0.0010625758,0.0010488471,0.0010413041,0.0010519682,0.00105763,0.0010693077,0.0,0.0,0.0010488471,0.0010327111,0.0010230571,0.0010332394,0.0011088903,0.0,0.0010625758,0.0010488471,0.0010413041,0.0010519682,0.00105763,0.0010693073,0.0010744967,0.0010625779,0.0010488475,0.0010413041,0.0010519682,0.00105763,0.0010693099
k__Bacteria|p__Firmicutes|c__CFGB76046|o__OFGB76046|f__FGB76046|g__GGB55957|s__GGB55957_SGB77276,0.0,0.0010590347,0.0010454282,0.0010381402,0.0010493684,0.001055563,0.0010676638,0.0,0.0010590348,0.0010454282,0.0010381402,0.0010493684,0.001055563,0.0010676638,0.0,0.0,0.0010454449,0.0010294388,0.0010200369,0.001030782,0.0011063566,0.0010706957,0.0,0.0010454282,0.0010294267,0.0010200363,0.0010307818,0.0011063556,0.0,0.0,0.0010454282,0.0010294267,0.0010200363,0.0010307818,0.0011063556,0.0010706573,0.0010590345,0.0010454282,0.0010381402,0.0010493684,0.001055563,0.0010676634,0.0,0.0010590353,0.0010454287,0.0010381402,0.0010493684,0.001055563,0.0010676646,0.0010706574,0.0010590345,0.0010454282,0.0010381402,0.0010493684,0.001055563,0.0010676638,0.0,0.001059035,0.0010454291,0.0010381404,0.0010493684,0.001055563,0.0010676642,0.0,0.0010590348,0.0010454282,0.0010381402,0.0010493684,0.001055563,0.0010676638,0.0,0.0010590348,0.0,0.0010294267,0.0010105276,0.001066448,0.0010780533,0.0,0.0010590345,0.0010454282,0.0010381402,0.0010493684,0.001055563,0.0010676645,0.0,0.0,0.0,0.0010294267,0.0010105276,0.001066448,0.0010891501,0.0010706672,0.0010590348,0.0,0.0010294267,0.0010105276,0.001066448,0.0010780592,0.001070711,0.0,0.0,0.001029427,0.0010105276,0.001066448,0.0010891499,0.0010706785,0.0,0.0010454282,0.0,0.0010590345,0.0010454282,0.0010664479,0.0010706593,0.0,0.0,0.0010294267,0.0010105276,0.001066448,0.0010891487,0.0,0.0010590361,0.0,0.0010294269,0.0010105276,0.001066448,0.0010780508,0.0,0.0,0.0010454301,0.0010590357,0.0,0.0010294267,0.0010590348,0.0010706785,0.001059035,0.0,0.0010294268,0.0010105276,0.001066448,0.0010780506,0.0,0.0,0.0010454284,0.0010294267,0.0010200363,0.0010307818,0.0011063556,0.0,0.0,0.0010454282,0.0,0.0010590345,0.0010454282,0.0010664479,0.0,0.0010590397,0.0,0.001059035,0.0,0.0010590345,0.0010454283,0.0,0.0,0.0010454473,0.0010294293,0.0010200365,0.0010307818,0.0011063564,0.0,0.0010590652,0.0010590389,0.0010534476,0.0010649394,0.0,0.0009881444,0.0,0.0010590369,0.0010454295,0.0,0.0010590351,0.0010454283,0.0010381438,0.0010706658,0.0010590347,0.0010454282,0.0,0.0010590345,0.0010454282,0.0010381411,0.0,0.0010590347,0.0010454283,0.0010381402,0.0010493684,0.001055563,0.0010676638,0.0010706573,0.0010590345,0.0010454282,0.0010381402,0.0010493684,0.001055563,0.0010676638,0.0010706806,0.0,0.0,0.0010294267,0.0010105276,0.001066448,0.0010891488,0.0010706587,0.0,0.0010454282,0.0010294267,0.0010200363,0.0010307818,0.0011063558,0.0,0.001059035,0.0,0.0010294267,0.0010105276,0.001066448,0.0010780502,0.0010706765,0.0,0.0010454282,0.0010294267,0.0010200363,0.001030782,0.0011063641,0.0,0.0010590345,0.0010454282,0.0010381402,0.0010493684,0.001055563,0.0010676655,0.0010706582,0.0010590345,0.0010454282,0.0010381402,0.0010493684,0.001055563,0.0010676634,0.0,0.0010590353,0.0010454283,0.0010381402,0.0010493684,0.001055563,0.0010676638,0.0,0.0,0.0010454282,0.0010294267,0.0010200363,0.0010307818,0.0011063556,0.0010706594,0.0010590347,0.0,0.0,0.0010590347,0.0010590348,0.0010534475,0.0010706959,0.0,0.0010454288,0.0,0.001059035,0.0010454282,0.0010664533,0.0010707508,0.0,0.001059035,0.0010454283,0.0010381402,0.0,0.0010590355,0.0,0.0010590347,0.0,0.0010294267,0.0010105276,0.0010664479,0.0010780611,0.0010706634,0.0,0.0010454282,0.0010294267,0.0010200365,0.0010307824,0.0011064162,0.0010706774,0.0,0.0,0.0010294267,0.0010105276,0.001066448,0.0010891485,0.0,0.001059035,0.0010454283,0.0010381402,0.0010493684,0.001055563,0.0010676638,0.0010706886,0.001059035,0.0010454283,0.0,0.0010590345,0.0010454282,0.0010381413,0.0010706583,0.0,0.0010454283,0.0010294269,0.0010200363,0.001030782,0.0011063584,0.0010706609,0.0,0.0010454283,0.0010294266,0.0010200365,0.0010307821,0.0011063578,0.0,0.001059035,0.0010590351,0.0010534469,0.0010649393,0.0,0.0009881973,0.0010706801,0.0,0.0010454283,0.0010294267,0.0010200363,0.0010307818,0.0011063556,0.0010706619,0.0,0.0,0.0010294267,0.0010105276,0.001066448,0.0010891502,0.0010707171,0.0010590352,0.0,0.0010294275,0.0010105277,0.0010664479,0.0010780593,0.0,0.0010590348,0.0010454283,0.0010381402,0.0010493684,0.001055563,0.0010676637,0.0,0.0010590365,0.0,0.0010294269,0.0010105276,0.001066448,0.0010780502,0.0,0.001059035,0.0010454284,0.0010381402,0.0010493684,0.001055563,0.0010676638,0.0010706687,0.0010590348,0.0010454286,0.0010381404,0.0010493684,0.001055563,0.0010676645,0.0,0.0,0.0,0.0010294267,0.0010105276,0.001066448,0.0010891493,0.0010706568,0.0010590345,0.0,0.0010294267,0.0010105276,0.001066448,0.0010780515,0.0010706702,0.0010590346,0.0010454282,0.001066448,0.0,0.0010294267,0.0010105277,0.0,0.0010590345,0.0010454282,0.0010381402,0.0010493684,0.001055563,0.0010676652,0.0,0.0010590347,0.0010454282,0.0010381402,0.0010493684,0.001055563,0.0010676641,0.0,0.0010590351,0.0010454283,0.0010381402,0.0010493684,0.0010555633,0.0010676668,0.0010706617,0.0010590347,0.0010454282,0.0010381402,0.0010493684,0.001055563,0.0010676642,0.0,0.0,0.0010454282,0.0010294267,0.0010200363,0.0010307818,0.0011063559,0.0,0.0010590347,0.0010454282,0.0010381402,0.0010493684,0.001055563,0.0010676638,0.001070901,0.0010590365,0.0010454286,0.0010381403,0.0010493684,0.0010555633,0.0010676679
k__Bacteria|p__Firmicutes|c__Clostridia|o__Eubacteriales|f__Lachnospiraceae|g__Lachnoclostridium|s__Lachnoclostridium_edouardi,0.0,0.0010625899,0.0010487337,0.0010410025,0.0010513372,0.0010566758,0.0010681273,0.0,0.0010625902,0.0010487337,0.0010410025,0.0010513372,0.0010566758,0.0010681275,0.0,0.0,0.0010487481,0.0010324721,0.0010226145,0.0010324589,0.0011085023,0.0010744982,0.0,0.0010487337,0.001032463,0.001022614,0.0010324589,0.0011085017,0.0,0.0,0.0010487337,0.001032463,0.001022614,0.0010324589,0.0011085015,0.001074445,0.00106259,0.0010487337,0.0010410025,0.0010513372,0.0010566758,0.0010681272,0.0,0.0010625909,0.0010487337,0.0010410025,0.0010513372,0.0010566758,0.001068128,0.0010744451,0.00106259,0.0010487337,0.0010410025,0.0010513372,0.0010566758,0.0010681273,0.0,0.0010625903,0.0010487344,0.0010410026,0.0010513372,0.0010566758,0.0010681283,0.0,0.0010625902,0.0010487337,0.0010410025,0.0010513372,0.0010566758,0.0010681273,0.0,0.0010625902,0.0,0.001032463,0.0010132755,0.0010698229,0.0010805512,0.0,0.00106259,0.0010487337,0.0010410025,0.0010513372,0.0010566758,0.0010681276,0.0,0.0,0.0,0.001032463,0.0010132755,0.0010698229,0.0010918871,0.0010744595,0.0010625902,0.0,0.001032463,0.0010132755,0.0010698229,0.0010805574,0.0010745516,0.0,0.0,0.001032463,0.0010132755,0.0010698229,0.0010918869,0.0010744805,0.0,0.0010487337,0.0,0.00106259,0.0010487337,0.0010698229,0.0010744489,0.0,0.0,0.001032463,0.0010132755,0.0010698229,0.0010918863,0.0,0.0010625917,0.0,0.001032463,0.0010132755,0.0010698229,0.0010805499,0.0,0.0,0.0010487346,0.0010625917,0.0,0.001032463,0.0010625904,0.0010744729,0.0010625903,0.0,0.0010324629,0.0010132755,0.0010698229,0.0010805496,0.0,0.0,0.0010487337,0.001032463,0.001022614,0.0010324589,0.0011085019,0.0,0.0,0.0010487337,0.0,0.00106259,0.0010487337,0.001069823,0.0,0.001062593,0.0,0.0010625903,0.0,0.00106259,0.0010487337,0.0,0.0,0.0010487504,0.0010324654,0.0010226142,0.0010324589,0.0011085022,0.0,0.0010626244,0.001062594,0.0010565754,0.0010671823,0.0,0.0009905801,0.0,0.0010625923,0.0010487343,0.0,0.0010625903,0.0010487337,0.0010410049,0.0010744537,0.00106259,0.0010487337,0.0,0.00106259,0.0010487337,0.0010410033,0.0,0.0010625902,0.0010487337,0.0010410025,0.0010513372,0.0010566758,0.0010681275,0.0010744451,0.00106259,0.0010487337,0.0010410025,0.0010513372,0.0010566758,0.0010681273,0.0010744864,0.0,0.0,0.001032463,0.0010132755,0.0010698229,0.0010918863,0.0010744531,0.0,0.0010487337,0.001032463,0.001022614,0.0010324589,0.0011085018,0.0,0.0010625903,0.0,0.001032463,0.0010132755,0.0010698229,0.0010805494,0.0010744679,0.0,0.0010487337,0.001032463,0.001022614,0.0010324589,0.0011085079,0.0,0.00106259,0.0010487337,0.0010410025,0.0010513372,0.0010566758,0.001068129,0.0010744466,0.00106259,0.0010487337,0.0010410025,0.0010513372,0.0010566758,0.0010681272,0.0,0.0010625906,0.0010487337,0.0010410025,0.0010513372,0.0010566758,0.0010681273,0.0,0.0,0.0010487337,0.001032463,0.001022614,0.0010324589,0.0011085019,0.0010744483,0.00106259,0.0,0.0,0.0010625903,0.0010625902,0.0010565752,0.0010744978,0.0,0.0010487337,0.0,0.0010625903,0.0010487337,0.0010698257,0.001074609,0.0,0.0010625903,0.0010487337,0.0010410025,0.0,0.0010625907,0.0,0.00106259,0.0,0.001032463,0.0010132755,0.0010698229,0.0010805549,0.0010744536,0.0,0.0010487337,0.001032463,0.0010226142,0.0010324598,0.0011085431,0.0010744664,0.0,0.0,0.001032463,0.0010132755,0.0010698229,0.0010918863,0.0,0.0010625903,0.0010487337,0.0010410025,0.0010513372,0.0010566758,0.0010681275,0.0010744863,0.0010625904,0.0010487337,0.0,0.00106259,0.0010487337,0.0010410035,0.0010744483,0.0,0.0010487337,0.001032463,0.001022614,0.0010324589,0.0011085029,0.0010744499,0.0,0.0010487337,0.001032463,0.0010226141,0.0010324591,0.0011085036,0.0,0.0010625902,0.0010625903,0.0010565751,0.0010671822,0.0,0.0009906157,0.0010744937,0.0,0.0010487337,0.001032463,0.001022614,0.0010324589,0.0011085015,0.001074451,0.0,0.0,0.001032463,0.0010132755,0.0010698229,0.001091887,0.0010745525,0.001062591,0.0,0.001032464,0.001013276,0.001069823,0.0010805557,0.0,0.00106259,0.0010487337,0.0010410025,0.0010513372,0.0010566758,0.0010681272,0.0,0.0010625909,0.0,0.001032463,0.0010132755,0.0010698229,0.0010805494,0.0,0.0010625902,0.0010487337,0.0010410025,0.0010513372,0.0010566758,0.0010681273,0.0010744641,0.0010625903,0.0010487337,0.0010410025,0.0010513372,0.0010566758,0.0010681278,0.0,0.0,0.0,0.001032463,0.0010132755,0.0010698229,0.0010918865,0.0010744446,0.00106259,0.0,0.001032463,0.0010132755,0.0010698229,0.0010805504,0.0010744602,0.00106259,0.0010487337,0.0010698229,0.0,0.001032463,0.0010132757,0.0,0.00106259,0.0010487337,0.0010410025,0.0010513372,0.0010566758,0.0010681283,0.0,0.00106259,0.0010487337,0.0010410025,0.0010513372,0.0010566758,0.0010681275,0.0,0.001062591,0.0010487337,0.0010410025,0.0010513372,0.0010566758,0.001068129,0.0010744573,0.00106259,0.0010487337,0.0010410025,0.0010513372,0.0010566758,0.0010681279,0.0,0.0,0.0010487337,0.001032463,0.001022614,0.0010324589,0.0011085022,0.0,0.00106259,0.0010487337,0.0010410025,0.0010513372,0.0010566758,0.0010681273,0.0010747144,0.0010625913,0.0010487337,0.0010410023,0.0010513372,0.0010566758,0.0010681297
k__Bacteria|p__Firmicutes|c__Clostridia|o__Eubacteriales|f__Lachnospiraceae|g__Lachnoclostridium|s__Clostridium_methoxybenzovorans,0.0,0.001060609,0.0010469579,0.0010395701,0.0010505721,0.0010565538,0.0010684832,0.0,0.0010606091,0.0010469579,0.0010395701,0.0010505721,0.0010565538,0.001068483,0.0,0.0,0.0010469799,0.001030921,0.0010214141,0.0010319332,0.0011075131,0.0010723143,0.0,0.0010469579,0.0010309066,0.0010214131,0.0010319332,0.0011075123,0.0,0.0,0.0010469579,0.0010309066,0.0010214131,0.0010319332,0.0011075122,0.0010722723,0.001060609,0.0010469579,0.0010395701,0.0010505721,0.0010565538,0.0010684829,0.0,0.0010606096,0.0010469579,0.0010395701,0.0010505721,0.0010565538,0.0010684844,0.0010722724,0.001060609,0.0010469579,0.0010395701,0.0010505721,0.0010565538,0.001068483,0.0,0.0010606095,0.0010469588,0.0010395704,0.0010505721,0.0010565538,0.0010684835,0.0,0.0010606091,0.0010469579,0.0010395701,0.0010505721,0.0010565538,0.001068483,0.0,0.0010606091,0.0,0.0010309066,0.0010119521,0.0010679692,0.001079347,0.0,0.001060609,0.0010469579,0.0010395701,0.0010505721,0.0010565538,0.0010684835,0.0,0.0,0.0,0.0010309066,0.0010119521,0.0010679692,0.0010904833,0.001072284,0.0010606091,0.0,0.0010309066,0.0010119521,0.0010679692,0.0010793533,0.0010723472,0.0,0.0,0.0010309065,0.0010119521,0.0010679692,0.001090483,0.0010723029,0.0,0.0010469579,0.0,0.001060609,0.0010469579,0.0010679692,0.001072276,0.0,0.0,0.0010309066,0.0010119521,0.0010679692,0.001090482,0.0,0.0010606111,0.0,0.0010309066,0.0010119521,0.0010679692,0.0010793451,0.0,0.0,0.0010469593,0.0010606104,0.0,0.0010309066,0.0010606094,0.0010723014,0.0010606095,0.0,0.0010309065,0.0010119521,0.0010679692,0.0010793449,0.0,0.0,0.0010469579,0.0010309066,0.0010214131,0.0010319332,0.0011075126,0.0,0.0,0.0010469579,0.0,0.001060609,0.0010469579,0.0010679695,0.0,0.0010606148,0.0,0.0010606091,0.0,0.001060609,0.001046958,0.0,0.0,0.0010469807,0.0010309103,0.0010214131,0.0010319332,0.0011075129,0.0,0.0010606665,0.0010606155,0.001054926,0.0010661907,0.0,0.0009895052,0.0,0.0010606119,0.0010469593,0.0,0.0010606095,0.0010469579,0.0010395744,0.0010722816,0.001060609,0.0010469579,0.0,0.001060609,0.0010469579,0.0010395711,0.0,0.0010606092,0.001046958,0.0010395701,0.0010505721,0.0010565538,0.0010684831,0.0010722722,0.001060609,0.0010469579,0.0010395701,0.0010505721,0.0010565538,0.001068483,0.0010723012,0.0,0.0,0.0010309066,0.0010119521,0.0010679692,0.0010904818,0.0010722777,0.0,0.0010469579,0.0010309066,0.0010214131,0.0010319332,0.0011075125,0.0,0.0010606091,0.0,0.0010309066,0.0010119521,0.0010679692,0.0010793445,0.0010722954,0.0,0.0010469579,0.0010309066,0.0010214131,0.0010319332,0.0011075226,0.0,0.001060609,0.0010469579,0.0010395701,0.0010505721,0.0010565538,0.0010684845,0.0010722732,0.001060609,0.0010469579,0.0010395701,0.0010505721,0.0010565538,0.0010684829,0.0,0.0010606097,0.0010469579,0.0010395701,0.0010505721,0.0010565538,0.0010684832,0.0,0.0,0.0010469579,0.0010309066,0.0010214131,0.0010319332,0.0011075123,0.001072275,0.001060609,0.0,0.0,0.0010606091,0.0010606091,0.0010549256,0.0010723148,0.0,0.0010469583,0.0,0.0010606091,0.0010469579,0.0010679761,0.0010723997,0.0,0.0010606091,0.0010469579,0.0010395701,0.0,0.0010606096,0.0,0.0010606089,0.0,0.0010309066,0.0010119521,0.0010679692,0.0010793557,0.0010722793,0.0,0.0010469579,0.0010309066,0.0010214131,0.001031934,0.0011075881,0.0010722921,0.0,0.0,0.0010309066,0.0010119521,0.0010679692,0.0010904816,0.0,0.0010606091,0.001046958,0.0010395701,0.0010505721,0.0010565538,0.001068483,0.001072289,0.001060609,0.0010469579,0.0,0.001060609,0.0010469579,0.0010395716,0.0010722746,0.0,0.0010469579,0.0010309068,0.0010214131,0.0010319332,0.0011075146,0.0010722767,0.0,0.001046958,0.0010309066,0.0010214131,0.0010319334,0.0011075145,0.0,0.001060609,0.0010606092,0.0010549254,0.0010661908,0.0,0.0009895506,0.0010723075,0.0,0.0010469579,0.0010309066,0.0010214131,0.0010319332,0.0011075122,0.0010722786,0.0,0.0,0.0010309066,0.0010119521,0.0010679692,0.0010904829,0.0010723427,0.0010606102,0.0,0.0010309078,0.0010119525,0.0010679695,0.0010793534,0.0,0.0010606091,0.0010469579,0.0010395701,0.0010505721,0.0010565538,0.0010684829,0.0,0.0010606111,0.0,0.0010309066,0.0010119521,0.0010679692,0.0010793448,0.0,0.0010606091,0.0010469579,0.0010395701,0.0010505721,0.0010565538,0.0010684833,0.0010722885,0.0010606094,0.0010469579,0.0010395707,0.0010505721,0.0010565538,0.0010684833,0.0,0.0,0.0,0.0010309066,0.0010119521,0.0010679692,0.0010904823,0.001072272,0.001060609,0.0,0.0010309066,0.0010119521,0.0010679692,0.0010793457,0.0010722857,0.0010606091,0.0010469579,0.0010679692,0.0,0.0010309066,0.0010119522,0.0,0.001060609,0.0010469579,0.0010395701,0.0010505721,0.0010565538,0.0010684838,0.0,0.001060609,0.0010469579,0.0010395701,0.0010505721,0.0010565538,0.0010684833,0.0,0.00106061,0.0010469579,0.0010395701,0.0010505721,0.0010565538,0.0010684856,0.0010722823,0.001060609,0.0010469579,0.0010395701,0.0010505721,0.0010565538,0.0010684835,0.0,0.0,0.0010469579,0.0010309066,0.0010214131,0.0010319332,0.0011075126,0.0,0.001060609,0.0010469579,0.0010395701,0.0010505721,0.0010565538,0.001068483,0.0010725172,0.0010606113,0.0010469579,0.0010395701,0.0010505721,0.0010565541,0.001068486
k__Bacteria|p__Firmicutes|c__CFGB3009|o__OFGB3009|f__FGB3009|g__GGB9474|s__GGB9474_SGB14868,0.0,0.0010587765,0.001044997,0.00103746,0.0010482611,0.0010540352,0.001065845,0.0,0.0010587766,0.001044997,0.00103746,0.0010482611,0.0010540352,0.0010658453,0.0,0.0,0.0010450075,0.0010288222,0.001019166,0.0010294726,0.0011056005,0.0010705882,0.0,0.001044997,0.0010288135,0.0010191655,0.0010294726,0.0011056006,0.0,0.0,0.001044997,0.0010288135,0.0010191655,0.0010294726,0.0011056003,0.0010705632,0.0010587766,0.001044997,0.00103746,0.0010482611,0.0010540352,0.0010658451,0.0,0.0010587772,0.0010449972,0.00103746,0.0010482611,0.0010540352,0.0010658455,0.0010705633,0.0010587766,0.001044997,0.00103746,0.0010482611,0.0010540352,0.0010658453,0.0,0.0010587766,0.001044997,0.0010374599,0.0010482611,0.0010540352,0.0010658456,0.0,0.0010587766,0.001044997,0.00103746,0.0010482611,0.0010540352,0.001065845,0.0,0.0010587766,0.0,0.0010288135,0.0010097252,0.0010661243,0.0010773253,0.0,0.0010587766,0.001044997,0.00103746,0.0010482611,0.0010540352,0.0010658453,0.0,0.0,0.0,0.0010288135,0.0010097252,0.0010661243,0.0010886003,0.0010705695,0.0010587766,0.0,0.0010288135,0.0010097252,0.0010661243,0.0010773255,0.0010705964,0.0,0.0,0.0010288135,0.0010097252,0.0010661243,0.0010885993,0.0010705789,0.0,0.001044997,0.0,0.0010587766,0.001044997,0.0010661243,0.001070565,0.0,0.0,0.0010288135,0.0010097252,0.0010661243,0.0010885989,0.0,0.0010587773,0.0,0.0010288135,0.0010097252,0.0010661243,0.0010773242,0.0,0.0,0.0010449981,0.001058777,0.0,0.0010288135,0.0010587766,0.001070583,0.0010587766,0.0,0.0010288135,0.0010097252,0.0010661243,0.0010773244,0.0,0.0,0.001044997,0.0010288135,0.0010191655,0.0010294726,0.0011056009,0.0,0.0,0.001044997,0.0,0.0010587766,0.001044997,0.0010661243,0.0,0.0010587799,0.0,0.0010587767,0.0,0.0010587766,0.0010449971,0.0,0.0,0.0010450106,0.0010288156,0.0010191656,0.0010294726,0.0011056006,0.0,0.0010587963,0.0010587786,0.0010529499,0.0010640272,0.0,0.0009871352,0.0,0.0010587781,0.0010449977,0.0,0.0010587767,0.001044997,0.0010374611,0.0010705696,0.0010587766,0.001044997,0.0,0.0010587766,0.001044997,0.0010374604,0.0,0.0010587767,0.0010449971,0.00103746,0.0010482611,0.0010540352,0.0010658453,0.0010705632,0.0010587766,0.001044997,0.00103746,0.0010482611,0.0010540352,0.0010658453,0.0010705797,0.0,0.0,0.0010288135,0.0010097252,0.0010661243,0.0010885989,0.001070564,0.0,0.001044997,0.0010288135,0.0010191655,0.0010294726,0.0011056006,0.0,0.0010587767,0.0,0.0010288135,0.0010097252,0.0010661243,0.0010773242,0.0010705728,0.0,0.001044997,0.0010288135,0.0010191655,0.0010294726,0.0011056016,0.0,0.0010587766,0.001044997,0.00103746,0.0010482611,0.0010540352,0.0010658457,0.0010705639,0.0010587766,0.001044997,0.00103746,0.0010482611,0.0010540352,0.0010658451,0.0,0.0010587772,0.001044997,0.00103746,0.0010482611,0.0010540352,0.001065845,0.0,0.0,0.001044997,0.0010288135,0.0010191655,0.0010294726,0.0011056007,0.0010705657,0.0010587766,0.0,0.0,0.0010587767,0.0010587766,0.0010529503,0.0010705923,0.0,0.0010449974,0.0,0.0010587767,0.001044997,0.001066126,0.0010706198,0.0,0.0010587766,0.001044997,0.00103746,0.0,0.0010587769,0.0,0.0010587765,0.0,0.0010288135,0.0010097252,0.0010661243,0.0010773246,0.0010705676,0.0,0.001044997,0.0010288135,0.0010191656,0.0010294726,0.0011056142,0.0010705765,0.0,0.0,0.0010288135,0.0010097252,0.0010661243,0.0010885989,0.0,0.0010587767,0.0010449971,0.00103746,0.0010482611,0.0010540352,0.0010658453,0.0010705955,0.0010587766,0.001044997,0.0,0.0010587765,0.001044997,0.0010374604,0.0010705643,0.0,0.001044997,0.0010288135,0.0010191655,0.0010294726,0.0011056014,0.0010705659,0.0,0.0010449971,0.0010288135,0.0010191656,0.0010294726,0.0011056003,0.0,0.0010587766,0.0010587766,0.0010529498,0.001064027,0.0,0.0009871682,0.0010705861,0.0,0.001044997,0.0010288135,0.0010191655,0.0010294726,0.0011056006,0.0010705679,0.0,0.0,0.0010288135,0.0010097252,0.0010661243,0.0010885999,0.0010705946,0.0010587767,0.0,0.0010288139,0.0010097253,0.0010661244,0.0010773278,0.0,0.0010587766,0.001044997,0.00103746,0.0010482611,0.0010540352,0.0010658451,0.0,0.0010587777,0.0,0.0010288135,0.0010097252,0.0010661243,0.0010773242,0.0,0.0010587766,0.001044997,0.00103746,0.0010482611,0.0010540352,0.0010658454,0.0010705686,0.0010587765,0.001044997,0.0010374602,0.0010482611,0.0010540352,0.0010658451,0.0,0.0,0.0,0.0010288135,0.0010097252,0.0010661243,0.0010885992,0.0010705628,0.0010587766,0.0,0.0010288135,0.0010097252,0.0010661243,0.001077324,0.0010705733,0.0010587766,0.001044997,0.0010661243,0.0,0.0010288135,0.0010097252,0.0,0.0010587766,0.001044997,0.00103746,0.0010482611,0.0010540352,0.0010658455,0.0,0.0010587766,0.001044997,0.00103746,0.0010482611,0.0010540352,0.001065845,0.0,0.0010587769,0.001044997,0.00103746,0.0010482611,0.0010540352,0.0010658456,0.0010705667,0.0010587766,0.001044997,0.0010374598,0.0010482611,0.0010540352,0.0010658453,0.0,0.0,0.001044997,0.0010288135,0.0010191655,0.0010294726,0.0011056006,0.0,0.0010587766,0.001044997,0.00103746,0.0010482611,0.0010540352,0.001065845,0.001070725,0.0010587779,0.0010449972,0.00103746,0.0010482611,0.0010540352,0.0010658463
k__Bacteria|p__Firmicutes|c__Clostridia|o__Eubacteriales|f__Oscillospiraceae|g__Massiliimalia|s__Massiliimalia_massiliensis,0.0,0.0010588537,0.0010451338,0.0010376825,0.0010486315,0.0010545511,0.0010664617,0.0,0.0010588538,0.0010451338,0.0010376825,0.0010486315,0.0010545511,0.0010664617,0.0,0.0,0.0010451392,0.0010290161,0.001019454,0.0010299124,0.0011058515,0.0010705908,0.0,0.0010451338,0.001029013,0.001019454,0.0010299124,0.0011058508,0.0,0.0,0.0010451338,0.001029013,0.001019454,0.0010299124,0.0011058508,0.0010705835,0.0010588538,0.0010451338,0.0010376825,0.0010486315,0.0010545511,0.0010664616,0.0,0.0010588538,0.0010451338,0.0010376825,0.0010486315,0.0010545511,0.0010664624,0.0010705837,0.0010588538,0.0010451338,0.0010376825,0.0010486315,0.0010545511,0.0010664617,0.0,0.0010588539,0.0010451344,0.0010376828,0.0010486315,0.0010545511,0.0010664623,0.0,0.0010588538,0.0010451338,0.0010376825,0.0010486315,0.0010545511,0.0010664617,0.0,0.0010588538,0.0,0.001029013,0.0010099894,0.0010662244,0.0010775652,0.0,0.0010588538,0.0010451338,0.0010376825,0.0010486315,0.0010545511,0.0010664625,0.0,0.0,0.0,0.001029013,0.0010099894,0.0010662243,0.0010887798,0.0010705867,0.0010588538,0.0,0.001029013,0.0010099894,0.0010662244,0.001077571,0.0010706098,0.0,0.0,0.001029013,0.0010099894,0.0010662244,0.0010887793,0.0010705898,0.0,0.0010451338,0.0,0.0010588538,0.0010451338,0.0010662245,0.0010705846,0.0,0.0,0.001029013,0.0010099894,0.0010662244,0.0010887778,0.0,0.0010588544,0.0,0.001029013,0.0010099894,0.0010662244,0.001077564,0.0,0.0,0.0010451343,0.0010588545,0.0,0.001029013,0.0010588539,0.0010705913,0.0010588539,0.0,0.001029013,0.0010099894,0.0010662244,0.0010775637,0.0,0.0,0.0010451339,0.001029013,0.001019454,0.0010299124,0.0011058508,0.0,0.0,0.0010451338,0.0,0.0010588538,0.0010451338,0.0010662244,0.0,0.001058855,0.0,0.0010588539,0.0,0.0010588538,0.0010451339,0.0,0.0,0.0010451402,0.0010290137,0.001019454,0.0010299124,0.0011058514,0.0,0.0010588614,0.0010588547,0.0010531096,0.0010643302,0.0,0.0009874727,0.0,0.0010588545,0.0010451342,0.0,0.0010588537,0.0010451338,0.0010376847,0.0010705851,0.0010588538,0.0010451338,0.0,0.0010588538,0.0010451338,0.0010376838,0.0,0.0010588539,0.0010451339,0.0010376825,0.0010486315,0.0010545511,0.0010664617,0.0010705836,0.0010588538,0.0010451338,0.0010376825,0.0010486315,0.0010545511,0.0010664617,0.0010705933,0.0,0.0,0.001029013,0.0010099894,0.0010662244,0.0010887778,0.0010705852,0.0,0.0010451338,0.001029013,0.001019454,0.0010299124,0.001105851,0.0,0.0010588539,0.0,0.001029013,0.0010099894,0.0010662244,0.0010775636,0.0010705894,0.0,0.0010451338,0.001029013,0.001019454,0.0010299124,0.0011058577,0.0,0.0010588538,0.0010451338,0.0010376825,0.0010486315,0.0010545511,0.0010664633,0.0010705837,0.0010588538,0.0010451338,0.0010376825,0.0010486315,0.0010545511,0.0010664616,0.0,0.0010588539,0.0010451338,0.0010376825,0.0010486315,0.0010545511,0.0010664617,0.0,0.0,0.0010451338,0.001029013,0.001019454,0.0010299124,0.0011058509,0.001070584,0.0010588538,0.0,0.0,0.0010588539,0.0010588538,0.0010531099,0.0010705934,0.0,0.0010451339,0.0,0.0010588539,0.0010451338,0.0010662272,0.0010706217,0.0,0.0010588539,0.0010451338,0.0010376825,0.0,0.0010588544,0.0,0.0010588537,0.0,0.001029013,0.0010099894,0.0010662245,0.0010775704,0.0010705857,0.0,0.0010451338,0.001029013,0.001019454,0.0010299126,0.001105911,0.0010705888,0.0,0.0,0.001029013,0.0010099894,0.0010662244,0.0010887774,0.0,0.0010588539,0.0010451339,0.0010376825,0.0010486315,0.0010545511,0.0010664617,0.00107058,0.0010588538,0.0010451338,0.0,0.0010588537,0.0010451338,0.0010376836,0.0010705845,0.0,0.0010451338,0.0010290131,0.0010194537,0.0010299124,0.0011058534,0.0010705846,0.0,0.0010451339,0.001029013,0.001019454,0.0010299125,0.0011058527,0.0,0.0010588538,0.001058854,0.0010531094,0.0010643302,0.0,0.0009875115,0.0010705915,0.0,0.0010451338,0.001029013,0.001019454,0.0010299124,0.0011058508,0.0010705857,0.0,0.0,0.001029013,0.0010099894,0.0010662243,0.0010887797,0.0010706069,0.0010588542,0.0,0.0010290135,0.0010099895,0.0010662243,0.0010775707,0.0,0.0010588538,0.0010451338,0.0010376825,0.0010486315,0.0010545511,0.0010664616,0.0,0.0010588538,0.0,0.001029013,0.0010099894,0.0010662244,0.0010775636,0.0,0.0010588539,0.0010451339,0.0010376825,0.0010486315,0.0010545511,0.0010664617,0.0010705901,0.0010588538,0.0010451338,0.0010376829,0.0010486315,0.0010545511,0.001066462,0.0,0.0,0.0,0.001029013,0.0010099894,0.0010662244,0.0010887783,0.0010705835,0.0010588538,0.0,0.001029013,0.0010099894,0.0010662244,0.0010775645,0.0010705871,0.0010588538,0.0010451338,0.0010662244,0.0,0.001029013,0.0010099896,0.0,0.0010588538,0.0010451338,0.0010376825,0.0010486315,0.0010545511,0.0010664626,0.0,0.0010588538,0.0010451338,0.0010376825,0.0010486315,0.0010545511,0.001066462,0.0,0.0010588542,0.0010451338,0.0010376825,0.0010486315,0.0010545511,0.0010664645,0.0010705859,0.0010588538,0.0010451338,0.0010376825,0.0010486315,0.0010545511,0.0010664623,0.0,0.0,0.0010451338,0.001029013,0.001019454,0.0010299124,0.0011058511,0.0,0.0010588538,0.0010451338,0.0010376825,0.0010486315,0.0010545511,0.0010664617,0.0010706388,0.0010588544,0.0010451338,0.0010376826,0.0010486315,0.0010545511,0.0010664649
k__Bacteria|p__Firmicutes|c__Clostridia|o__Eubacteriales|f__Lachnospiraceae|g__Lachnotalea|s__Lachnotalea_sp_AF33_28,0.0,0.0010620045,0.0010483392,0.0010409012,0.0010517687,0.0010576261,0.0010694489,0.0,0.0010620046,0.0010483392,0.0010409012,0.0010517687,0.0010576261,0.0010694489,0.0,0.0,0.0010483568,0.0010322832,0.0010227262,0.0010331136,0.0011086183,0.0010737343,0.0,0.0010483392,0.0010322708,0.0010227254,0.0010331136,0.0011086175,0.0,0.0,0.0010483392,0.0010322708,0.0010227254,0.0010331136,0.0011086176,0.0010736797,0.0010620045,0.0010483392,0.0010409012,0.0010517687,0.0010576261,0.0010694485,0.0,0.0010620051,0.0010483393,0.0010409012,0.0010517687,0.0010576261,0.0010694495,0.0010736798,0.0010620045,0.0010483392,0.0010409012,0.0010517687,0.0010576261,0.0010694489,0.0,0.0010620047,0.00104834,0.0010409013,0.0010517687,0.0010576261,0.0010694495,0.0,0.0010620046,0.0010483392,0.0010409012,0.0010517687,0.0010576261,0.0010694487,0.0,0.0010620046,0.0,0.0010322708,0.0010132957,0.0010693286,0.0010805669,0.0,0.0010620045,0.0010483392,0.0010409012,0.0010517687,0.0010576261,0.0010694491,0.0,0.0,0.0,0.0010322708,0.0010132957,0.0010693286,0.0010917119,0.0010736944,0.0010620046,0.0,0.0010322708,0.0010132957,0.0010693286,0.0010805723,0.0010737786,0.0,0.0,0.0010322712,0.0010132957,0.0010693286,0.0010917113,0.0010737163,0.0,0.0010483392,0.0,0.0010620045,0.0010483392,0.0010693285,0.0010736841,0.0,0.0,0.0010322708,0.0010132957,0.0010693286,0.0010917106,0.0,0.0010620062,0.0,0.0010322708,0.0010132957,0.0010693286,0.001080565,0.0,0.0,0.0010483403,0.0010620058,0.0,0.0010322708,0.0010620046,0.0010737134,0.0010620047,0.0,0.0010322707,0.0010132957,0.0010693286,0.0010805648,0.0,0.0,0.0010483394,0.0010322708,0.0010227254,0.0010331136,0.0011086181,0.0,0.0,0.0010483392,0.0,0.0010620045,0.0010483392,0.0010693285,0.0,0.0010620097,0.0,0.0010620047,0.0,0.0010620045,0.0010483393,0.0,0.0,0.0010483591,0.0010322741,0.0010227255,0.0010331136,0.0011086182,0.0,0.0010620485,0.0010620095,0.0010562722,0.0010674001,0.0,0.000990821,0.0,0.0010620072,0.0010483403,0.0,0.0010620051,0.0010483392,0.0010409043,0.0010736901,0.0010620045,0.0010483392,0.0,0.0010620045,0.0010483392,0.0010409022,0.0,0.0010620047,0.0010483393,0.0010409012,0.0010517687,0.0010576261,0.0010694489,0.0010736798,0.0010620045,0.0010483392,0.0010409012,0.0010517687,0.0010576261,0.0010694489,0.001073718,0.0,0.0,0.0010322708,0.0010132957,0.0010693286,0.0010917103,0.0010736858,0.0,0.0010483392,0.0010322708,0.0010227254,0.0010331136,0.0011086179,0.0,0.0010620047,0.0,0.0010322708,0.0010132957,0.0010693286,0.0010805646,0.0010737058,0.0,0.0010483392,0.0010322708,0.0010227254,0.0010331136,0.0011086254,0.0,0.0010620045,0.0010483392,0.0010409012,0.0010517687,0.0010576261,0.00106945,0.0010736807,0.0010620045,0.0010483392,0.0010409012,0.0010517687,0.0010576261,0.0010694485,0.0,0.0010620051,0.0010483394,0.0010409012,0.0010517687,0.0010576261,0.0010694489,0.0,0.0,0.0010483392,0.0010322708,0.0010227254,0.0010331136,0.0011086176,0.0010736837,0.0010620045,0.0,0.0,0.0010620047,0.0010620046,0.001056272,0.0010737376,0.0,0.0010483395,0.0,0.0010620047,0.0010483392,0.0010693325,0.0010738373,0.0,0.0010620047,0.0010483392,0.0010409012,0.0,0.0010620052,0.0,0.0010620045,0.0,0.0010322708,0.0010132957,0.0010693285,0.0010805724,0.001073688,0.0,0.0010483392,0.0010322708,0.0010227255,0.001033114,0.0011086721,0.0010737029,0.0,0.0,0.0010322708,0.0010132957,0.0010693286,0.0010917103,0.0,0.0010620047,0.0010483393,0.0010409012,0.0010517687,0.0010576261,0.0010694489,0.0010737232,0.0010620046,0.0010483392,0.0,0.0010620046,0.0010483392,0.0010409025,0.001073683,0.0,0.0010483392,0.0010322711,0.0010227254,0.0010331136,0.0011086194,0.0010736852,0.0,0.0010483393,0.0010322707,0.0010227255,0.0010331136,0.0011086194,0.0,0.0010620046,0.0010620047,0.0010562718,0.0010674003,0.0,0.0009908627,0.0010737301,0.0,0.0010483392,0.0010322708,0.0010227254,0.0010331136,0.0011086176,0.0010736876,0.0,0.0,0.0010322708,0.0010132957,0.0010693286,0.0010917115,0.0010737719,0.0010620054,0.0,0.001032272,0.0010132964,0.0010693285,0.0010805723,0.0,0.0010620047,0.0010483392,0.0010409012,0.0010517687,0.0010576261,0.0010694485,0.0,0.0010620062,0.0,0.0010322708,0.0010132957,0.0010693286,0.0010805646,0.0,0.0010620046,0.0010483393,0.0010409012,0.0010517687,0.0010576261,0.0010694489,0.001073698,0.0010620046,0.0010483393,0.0010409015,0.0010517687,0.0010576261,0.0010694491,0.0,0.0,0.0,0.0010322708,0.0010132957,0.0010693286,0.0010917109,0.001073679,0.0010620045,0.0,0.0010322708,0.0010132957,0.0010693286,0.0010805656,0.0010736978,0.0010620047,0.0010483392,0.0010693286,0.0,0.0010322708,0.0010132958,0.0,0.0010620045,0.0010483392,0.0010409012,0.0010517687,0.0010576261,0.0010694496,0.0,0.0010620045,0.0010483392,0.0010409012,0.0010517687,0.0010576261,0.0010694489,0.0,0.001062005,0.0010483392,0.0010409012,0.0010517687,0.0010576261,0.0010694508,0.0010736914,0.0010620045,0.0010483392,0.0010409012,0.0010517687,0.0010576261,0.0010694492,0.0,0.0,0.0010483392,0.0010322708,0.0010227254,0.0010331136,0.001108618,0.0,0.0010620045,0.0010483392,0.0010409012,0.0010517687,0.0010576261,0.0010694487,0.0010739908,0.0010620065,0.0010483393,0.0010409012,0.0010517687,0.0010576261,0.0010694512
k__Bacteria|p__Firmicutes|c__Clostridia|o__Eubacteriales|f__Clostridiaceae|g__Clostridiaceae_unclassified|s__Clostridiaceae_bacterium_NSJ_33,0.0,0.0010624793,0.0010487684,0.0010412531,0.0010519692,0.0010576812,0.0010693951,0.0,0.0010624797,0.0010487684,0.0010412531,0.0010519692,0.0010576812,0.001069395,0.0,0.0,0.001048769,0.0010326519,0.0010230257,0.0010332605,0.0011088653,0.0010742018,0.0,0.0010487684,0.0010326512,0.0010230255,0.0010332605,0.0011088656,0.0,0.0,0.0010487684,0.0010326512,0.0010230255,0.0010332605,0.0011088653,0.0010741969,0.0010624797,0.0010487684,0.0010412531,0.0010519692,0.0010576812,0.001069395,0.0,0.0010624795,0.0010487684,0.0010412531,0.0010519692,0.0010576812,0.001069395,0.0010741969,0.0010624797,0.0010487684,0.0010412531,0.0010519692,0.0010576812,0.0010693951,0.0,0.0010624796,0.0010487683,0.0010412532,0.0010519692,0.0010576812,0.0010693953,0.0,0.0010624797,0.0010487684,0.0010412531,0.0010519692,0.0010576812,0.0010693951,0.0,0.0010624797,0.0,0.0010326512,0.0010136239,0.0010697743,0.0010808632,0.0,0.0010624797,0.0010487684,0.0010412531,0.0010519692,0.0010576812,0.0010693951,0.0,0.0,0.0,0.0010326512,0.0010136239,0.0010697743,0.0010920537,0.0010741983,0.0010624795,0.0,0.0010326512,0.0010136239,0.0010697743,0.0010808634,0.0010742132,0.0,0.0,0.001032651,0.0010136239,0.0010697743,0.0010920534,0.0010742001,0.0,0.0010487684,0.0,0.0010624797,0.0010487684,0.0010697743,0.0010741968,0.0,0.0,0.0010326512,0.0010136239,0.0010697743,0.0010920534,0.0,0.0010624795,0.0,0.0010326512,0.0010136239,0.0010697743,0.001080863,0.0,0.0,0.0010487682,0.0010624798,0.0,0.0010326512,0.0010624795,0.0010742004,0.0010624796,0.0,0.001032651,0.0010136239,0.0010697743,0.0010808634,0.0,0.0,0.0010487684,0.0010326512,0.0010230255,0.0010332605,0.0011088653,0.0,0.0,0.0010487684,0.0,0.0010624797,0.0010487684,0.0010697743,0.0,0.0010624786,0.0,0.0010624798,0.0,0.0010624797,0.0010487685,0.0,0.0,0.0010487691,0.0010326509,0.0010230257,0.0010332605,0.0011088651,0.0,0.0010624772,0.0010624788,0.0010566717,0.0010676511,0.0,0.0009910838,0.0,0.001062479,0.001048768,0.0,0.0010624797,0.0010487684,0.001041253,0.0010741974,0.0010624797,0.0010487684,0.0,0.0010624797,0.0010487684,0.0010412532,0.0,0.0010624798,0.0010487685,0.0010412531,0.0010519692,0.0010576812,0.001069395,0.0010741968,0.0010624797,0.0010487684,0.0010412531,0.0010519692,0.0010576812,0.0010693951,0.0010742011,0.0,0.0,0.0010326512,0.0010136239,0.0010697743,0.0010920535,0.0010741971,0.0,0.0010487684,0.0010326512,0.0010230255,0.0010332605,0.001108865,0.0,0.0010624798,0.0,0.0010326512,0.0010136239,0.0010697743,0.0010808633,0.0010741982,0.0,0.0010487684,0.0010326512,0.0010230255,0.0010332605,0.0011088639,0.0,0.0010624797,0.0010487684,0.0010412531,0.0010519692,0.0010576812,0.0010693952,0.0010741972,0.0010624797,0.0010487684,0.0010412531,0.0010519692,0.0010576812,0.001069395,0.0,0.0010624797,0.0010487684,0.0010412531,0.0010519692,0.0010576812,0.0010693948,0.0,0.0,0.0010487684,0.0010326512,0.0010230255,0.0010332605,0.0011088654,0.0010741972,0.0010624797,0.0,0.0,0.0010624798,0.0010624797,0.0010566723,0.0010742046,0.0,0.0010487683,0.0,0.0010624798,0.0010487684,0.0010697735,0.0010742234,0.0,0.0010624795,0.0010487684,0.0010412531,0.0,0.0010624798,0.0,0.0010624792,0.0,0.0010326512,0.0010136239,0.0010697742,0.0010808621,0.0010741976,0.0,0.0010487684,0.0010326512,0.0010230257,0.0010332606,0.0011088639,0.0010741986,0.0,0.0,0.0010326512,0.0010136239,0.0010697743,0.0010920534,0.0,0.0010624795,0.0010487685,0.0010412531,0.0010519692,0.0010576812,0.001069395,0.0010742157,0.0010624798,0.0010487684,0.0036039595,0.0010624793,0.0010487684,0.0010412532,0.0010741971,0.0,0.0010487684,0.0010326509,0.0010230255,0.0010332605,0.0011088653,0.0010741969,0.0,0.0010487685,0.0010326512,0.0010230257,0.0010332606,0.0011088649,0.0,0.0010624796,0.0010624796,0.001056672,0.001067651,0.0,0.0009911028,0.0010742033,0.0,0.0010487684,0.0010326512,0.0010230255,0.0010332605,0.0011088656,0.0010741978,0.0,0.0,0.0010326512,0.0010136239,0.0010697743,0.0010920538,0.0010742114,0.0010624792,0.0,0.0010326513,0.001013624,0.0010697743,0.0010808635,0.0,0.0010624798,0.0010487684,0.0010412531,0.0010519692,0.0010576812,0.001069395,0.0,0.0010624792,0.0,0.0010326512,0.0010136239,0.0010697743,0.0010808633,0.0,0.0010624795,0.0010487684,0.0010412531,0.0010519692,0.0010576812,0.0010693951,0.0010741974,0.0010624793,0.0010487684,0.001041253,0.0010519692,0.0010576812,0.001069395,0.0,0.0,0.0,0.0010326512,0.0010136239,0.0010697743,0.0010920534,0.0010741967,0.0010624797,0.0,0.0010326512,0.0010136239,0.0010697743,0.0010808633,0.0010741977,0.0010624795,0.0010487684,0.0010697743,0.0,0.0010326512,0.001013624,0.0,0.0010624797,0.0010487684,0.0010412531,0.0010519692,0.0010576812,0.0010693951,0.0,0.0010624797,0.0010487684,0.0010412531,0.0010519692,0.0010576812,0.0010693949,0.0,0.0010624795,0.0010487684,0.0010412531,0.0010519692,0.0010576812,0.0010693953,0.0010741971,0.0010624793,0.0010487684,0.0010412531,0.0010519692,0.0010576812,0.0010693951,0.0,0.0,0.0010487684,0.0010326512,0.0010230255,0.0010332605,0.0011088655,0.0,0.0010624797,0.0010487684,0.0010412531,0.0010519692,0.0010576812,0.0010693951,0.0010742596,0.0010624795,0.0010487684,0.0010412531,0.0010519692,0.0010576812,0.0010693957
k__Bacteria|p__Firmicutes|c__Negativicutes|o__Veillonellales|f__Veillonellaceae|g__Veillonella|s__Veillonella_tobetsuensis,0.0,0.0010580261,0.001044193,0.0010365935,0.0010473103,0.0010529968,0.0010647567,0.0,0.0010580262,0.001044193,0.0010365935,0.0010473103,0.0010529968,0.0010647568,0.0,0.0,0.0010441993,0.0010279588,0.0010182424,0.0010284593,0.0011048154,0.0010699064,0.0,0.001044193,0.0010279546,0.001018242,0.0010284593,0.0011048146,0.0,0.0,0.001044193,0.0010279546,0.001018242,0.0010284593,0.0011048146,0.0010698641,0.0010580261,0.001044193,0.0010365935,0.0010473103,0.0010529968,0.0010647567,0.0,0.0010580267,0.001044193,0.0010365935,0.0010473103,0.0010529968,0.0010647572,0.001069864,0.0010580261,0.001044193,0.0010365935,0.0010473103,0.0010529968,0.0010647567,0.0,0.0010580262,0.0010441936,0.0010365936,0.0010473103,0.0010529968,0.0010647572,0.0,0.0010580262,0.001044193,0.0010365935,0.0010473103,0.0010529968,0.0010647568,0.0,0.0010580262,0.0,0.0010279546,0.0010088102,0.0010653684,0.0010764955,0.0,0.0010580261,0.001044193,0.0010365935,0.0010473103,0.0010529968,0.0010647571,0.0,0.0,0.0,0.0010279546,0.0010088102,0.0010653684,0.0010878278,0.0010698761,0.0010580262,0.0,0.0010279546,0.0010088102,0.0010653684,0.0010764998,0.0010699495,0.0,0.0,0.0010279547,0.0010088102,0.0010653684,0.0010878274,0.0010698935,0.0,0.001044193,0.0,0.0010580261,0.001044193,0.0010653686,0.0010698676,0.0,0.0,0.0010279546,0.0010088102,0.0010653684,0.0010878261,0.0,0.0010580268,0.0,0.0010279546,0.0010088102,0.0010653684,0.0010764948,0.0,0.0,0.0010441937,0.0010580267,0.0,0.0010279546,0.0010580262,0.0010698863,0.0010580262,0.0,0.0010279546,0.0010088102,0.0010653684,0.0010764942,0.0,0.0,0.0010441932,0.0010279546,0.001018242,0.0010284593,0.0011048149,0.0,0.0,0.001044193,0.0,0.0010580261,0.001044193,0.0010653686,0.0,0.0010580276,0.0,0.0010580262,0.0,0.0010580261,0.0010441933,0.0,0.0,0.0010441985,0.0010279558,0.0010182419,0.0010284593,0.0011048152,0.0,0.001058039,0.0010580276,0.0010521394,0.0010631375,0.0,0.0009861673,0.0,0.0010580275,0.0010441935,0.0,0.0010580262,0.001044193,0.0010365954,0.0010698701,0.0010580261,0.001044193,0.0,0.0010580261,0.001044193,0.0010365946,0.0,0.0010580263,0.001044193,0.0010365935,0.0010473103,0.0010529968,0.0010647567,0.001069864,0.0010580261,0.001044193,0.0010365935,0.0010473103,0.0010529968,0.0010647568,0.0010698978,0.0,0.0,0.0010279546,0.0010088102,0.0010653684,0.001087826,0.0010698689,0.0,0.001044193,0.0010279546,0.001018242,0.0010284593,0.0011048148,0.0,0.0010580262,0.0,0.0010279546,0.0010088102,0.0010653684,0.0010764942,0.0010698821,0.0,0.001044193,0.0010279546,0.001018242,0.0010284593,0.0011048191,0.0,0.0010580261,0.001044193,0.0010365935,0.0010473103,0.0010529968,0.0010647585,0.001069865,0.0010580261,0.001044193,0.0010365935,0.0010473103,0.0010529968,0.0010647567,0.0,0.0010580264,0.001044193,0.0010365935,0.0010473103,0.0010529968,0.0010647567,0.0,0.0,0.001044193,0.0010279546,0.001018242,0.0010284593,0.0011048148,0.0010698675,0.0010580261,0.0,0.0,0.0010580262,0.0010580262,0.0010521399,0.0010699107,0.0,0.0010441932,0.0,0.0010580262,0.001044193,0.0010653711,0.0010699987,0.0,0.0010580262,0.001044193,0.0010365935,0.0,0.0010580267,0.0,0.001058026,0.0,0.0010279546,0.0010088102,0.0010653684,0.0010764982,0.0010698704,0.0,0.001044193,0.0010279546,0.0010182421,0.0010284598,0.0011048466,0.0010698792,0.0,0.0,0.0010279546,0.0010088102,0.0010653684,0.001087826,0.0,0.0010580262,0.001044193,0.0010365935,0.0010473103,0.0010529968,0.0010647568,0.0010699034,0.0010580261,0.001044193,0.0,0.0010580261,0.001044193,0.0010365943,0.001069867,0.0,0.001044193,0.0010279546,0.001018242,0.0010284593,0.0011048163,0.0010698683,0.0,0.001044193,0.0010279546,0.0010182421,0.0010284594,0.001104816,0.0,0.0010580261,0.0010580262,0.0010521394,0.0010631374,0.0,0.0009861962,0.0010699081,0.0,0.001044193,0.0010279546,0.001018242,0.0010284593,0.0011048146,0.0010698704,0.0,0.0,0.0010279546,0.0010088102,0.0010653684,0.0010878275,0.0010699419,0.0010580264,0.0,0.0010279553,0.0010088104,0.0010653685,0.0010765,0.0,0.0010580262,0.001044193,0.0010365935,0.0010473103,0.0010529968,0.0010647567,0.0,0.0010580264,0.0,0.0010279546,0.0010088102,0.0010653684,0.0010764942,0.0,0.0010580262,0.0010441932,0.0010365935,0.0010473103,0.0010529968,0.0010647567,0.0010698807,0.0010580261,0.001044193,0.0010365935,0.0010473103,0.0010529968,0.001064757,0.0,0.0,0.0,0.0010279546,0.0010088102,0.0010653684,0.0010878266,0.0010698636,0.0010580261,0.0,0.0010279546,0.0010088102,0.0010653684,0.0010764952,0.0010698785,0.0010580262,0.001044193,0.0010653684,0.0,0.0010279546,0.0010088105,0.0,0.0010580261,0.001044193,0.0010365935,0.0010473103,0.0010529968,0.0010647576,0.0,0.0010580261,0.001044193,0.0010365935,0.0010473103,0.0010529968,0.001064757,0.0,0.0010580264,0.001044193,0.0010365935,0.0010473103,0.0010529968,0.0010647584,0.0010698731,0.0010580261,0.001044193,0.0010365935,0.0010473103,0.0010529968,0.0010647571,0.0,0.0,0.001044193,0.0010279546,0.001018242,0.0010284593,0.001104815,0.0,0.0010580261,0.001044193,0.0010365935,0.0010473103,0.0010529968,0.0010647568,0.001070094,0.0010580269,0.001044193,0.0010365937,0.0010473103,0.0010529968,0.0010647587
k__Bacteria|p__Firmicutes|c__Bacilli|o__Lactobacillales|f__Lactobacillaceae|g__Limosilactobacillus|s__Limosilactobacillus_vaginalis,0.0,0.0010584625,0.0010447389,0.0010372906,0.0010482572,0.0010541921,0.0010661191,0.0,0.0010584627,0.0010447389,0.0010372906,0.0010482572,0.0010541921,0.001066119,0.0,0.0,0.0010447677,0.001028633,0.00101906,0.0010295339,0.0011055177,0.0010702693,0.0,0.0010447389,0.0010286148,0.0010190585,0.0010295339,0.0011055166,0.0,0.0,0.0010447389,0.0010286148,0.0010190585,0.0010295339,0.0011055165,0.0010701972,0.0010584625,0.0010447389,0.0010372906,0.0010482572,0.0010541921,0.001066119,0.0,0.0010584636,0.0010447393,0.0010372906,0.0010482572,0.0010541921,0.0010661193,0.0010701972,0.0010584625,0.0010447389,0.0010372906,0.0010482572,0.0010541921,0.0010661191,0.0,0.001058463,0.0010447402,0.0010372907,0.0010482572,0.0010541921,0.00106612,0.0,0.0010584627,0.0010447389,0.0010372906,0.0010482572,0.0010541921,0.0010661191,0.0,0.0010584627,0.0,0.0010286148,0.001009589,0.0010658402,0.001077202,0.0,0.0010584625,0.0010447389,0.0010372906,0.0010482572,0.0010541921,0.0010661195,0.0,0.0,0.0,0.0010286148,0.001009589,0.0010658402,0.0010884221,0.0010702172,0.0010584627,0.0,0.0010286148,0.001009589,0.0010658402,0.0010772126,0.0010703569,0.0,0.0,0.0010286149,0.001009589,0.0010658402,0.0010884206,0.0010702515,0.0,0.0010447389,0.0,0.0010584625,0.0010447389,0.0010658405,0.0010702041,0.0,0.0,0.0010286148,0.001009589,0.0010658402,0.0010884193,0.0,0.0010584657,0.0,0.0010286148,0.001009589,0.0010658402,0.0010772002,0.0,0.0,0.0010447404,0.0010584656,0.0,0.0010286148,0.0010584629,0.0010702513,0.0010584632,0.0,0.0010286147,0.001009589,0.0010658402,0.0010771997,0.0,0.0,0.0010447393,0.0010286148,0.0010190585,0.0010295339,0.0011055169,0.0,0.0,0.0010447389,0.0,0.0010584625,0.0010447389,0.0010658404,0.0,0.0010584696,0.0,0.0010584627,0.0,0.0010584625,0.0010447389,0.0,0.0,0.0010447737,0.0010286204,0.0010190586,0.0010295339,0.0011055176,0.0,0.0010585422,0.0010584716,0.0010527222,0.0010639614,0.0,0.0009870754,0.0,0.0010584668,0.0010447406,0.0,0.0010584634,0.0010447392,0.0010372946,0.0010702112,0.0010584625,0.0010447389,0.0,0.0010584625,0.0010447389,0.0010372917,0.0,0.0010584629,0.0010447389,0.0010372906,0.0010482572,0.0010541921,0.001066119,0.001070197,0.0010584625,0.0010447389,0.0010372906,0.0010482572,0.0010541921,0.0010661191,0.0010702553,0.0,0.0,0.0010286148,0.001009589,0.0010658402,0.0010884191,0.0010702113,0.0,0.0010447389,0.0010286148,0.0010190585,0.0010295339,0.0011055171,0.0,0.0010584627,0.0,0.0010286148,0.001009589,0.0010658402,0.0010771997,0.0010702326,0.0,0.0010447389,0.0010286148,0.0010190585,0.0010295339,0.0011055287,0.0,0.0010584625,0.0010447389,0.0010372906,0.0010482572,0.0010541921,0.0010661205,0.0010701991,0.0010584625,0.0010447389,0.0010372906,0.0010482572,0.0010541921,0.001066119,0.0,0.0010584637,0.0010447392,0.0010372906,0.0010482572,0.0010541921,0.0010661193,0.0,0.0,0.0010447389,0.0010286148,0.0010190585,0.0010295339,0.0011055169,0.001070202,0.0010584625,0.0,0.0,0.0010584627,0.0010584627,0.0010527216,0.0010702715,0.0,0.0010447393,0.0,0.0010584627,0.0010447389,0.001065845,0.0010704402,0.0,0.001058463,0.0010447389,0.0010372906,0.0,0.0010584635,0.0,0.0010584624,0.0,0.0010286148,0.001009589,0.0010658401,0.0010772083,0.0010702098,0.0,0.0010447389,0.0010286148,0.0010190586,0.0010295347,0.0011056205,0.0010702306,0.0,0.0,0.0010286148,0.001009589,0.0010658402,0.001088419,0.0,0.0010584627,0.0010447389,0.0010372906,0.0010482572,0.0010541921,0.001066119,0.0010702332,0.0010584629,0.0010447389,0.0,0.0010584628,0.0010447389,0.0010372925,0.0010702028,0.0,0.0010447389,0.0010286149,0.0010190585,0.0010295339,0.0011055194,0.0010702049,0.0,0.0010447389,0.0010286148,0.0010190586,0.0010295339,0.0011055195,0.0,0.0010584629,0.001058463,0.0010527213,0.0010639612,0.0,0.0009871249,0.0010702707,0.0,0.0010447389,0.0010286148,0.0010190585,0.0010295339,0.0011055165,0.001070208,0.0,0.0,0.0010286148,0.001009589,0.0010658402,0.0010884213,0.0010703448,0.0010584645,0.0,0.0010286167,0.0010095895,0.0010658405,0.00107721,0.0,0.0010584627,0.0010447389,0.0010372906,0.0010482572,0.0010541921,0.001066119,0.0,0.0010584646,0.0,0.0010286148,0.001009589,0.0010658402,0.0010771997,0.0,0.0010584627,0.0010447393,0.0010372906,0.0010482572,0.0010541921,0.0010661191,0.0010702262,0.0010584629,0.0010447393,0.0010372909,0.0010482572,0.0010541921,0.0010661191,0.0,0.0,0.0,0.0010286148,0.001009589,0.0010658402,0.0010884193,0.0010701966,0.0010584625,0.0,0.0010286148,0.001009589,0.0010658402,0.0010772011,0.0010702196,0.0010584627,0.0010447389,0.0010658402,0.0,0.0010286148,0.0010095891,0.0,0.0010584625,0.0010447389,0.0010372906,0.0010482572,0.0010541921,0.0010661196,0.0,0.0010584625,0.0010447389,0.0010372906,0.0010482572,0.0010541921,0.0010661193,0.0,0.001058464,0.0010447389,0.0010372906,0.0010482572,0.0010541921,0.0010661214,0.0010702189,0.0010584625,0.0010447389,0.0010372906,0.0010482572,0.0010541921,0.0010661194,0.0,0.0,0.0010447389,0.0010286148,0.0010190585,0.0010295339,0.0011055171,0.0,0.0010584625,0.0010447389,0.0010372906,0.0010482572,0.0010541921,0.0010661191,0.0010705863,0.0010584653,0.0010447393,0.0010372907,0.0010482572,0.0010541921,0.0010661223
k__Bacteria|p__Firmicutes|c__Clostridia|o__Eubacteriales|f__Clostridiaceae|g__Clostridiaceae_unclassified|s__Clostridiaceae_bacterium_Marseille_Q4143,0.0,0.001058777,0.0010450677,0.0010376336,0.0010486153,0.0010545662,0.0010665,0.0,0.0010587771,0.0010450677,0.0010376336,0.0010486153,0.0010545662,0.0010665001,0.0,0.0,0.0010450843,0.0010289708,0.0010194175,0.0010299085,0.0011058216,0.0010705185,0.0,0.0010450677,0.0010289582,0.0010194167,0.0010299085,0.0011058206,0.0,0.0,0.0010450677,0.0010289582,0.0010194167,0.0010299085,0.0011058208,0.0010704973,0.001058777,0.0010450677,0.0010376336,0.0010486153,0.0010545662,0.0010665001,0.0,0.0010587777,0.0010450678,0.0010376336,0.0010486153,0.0010545662,0.0010665006,0.0010704974,0.001058777,0.0010450677,0.0010376336,0.0010486153,0.0010545662,0.0010665001,0.0,0.0010587772,0.0010450681,0.0010376337,0.0010486153,0.0010545662,0.0010665009,0.0,0.0010587771,0.0010450677,0.0010376336,0.0010486153,0.0010545662,0.0010665001,0.0,0.0010587771,0.0,0.0010289582,0.0010099466,0.0010661536,0.0010775264,0.0,0.001058777,0.0010450677,0.0010376336,0.0010486153,0.0010545662,0.0010665009,0.0,0.0,0.0,0.0010289582,0.0010099466,0.0010661536,0.001088731,0.0010705022,0.0010587771,0.0,0.0010289582,0.0010099466,0.0010661536,0.0010775324,0.0010705412,0.0,0.0,0.0010289584,0.0010099466,0.0010661536,0.00108873,0.0010705122,0.0,0.0010450677,0.0,0.001058777,0.0010450677,0.0010661539,0.0010704995,0.0,0.0,0.0010289582,0.0010099466,0.0010661536,0.0010887281,0.0,0.0010587785,0.0,0.0010289582,0.0010099466,0.0010661536,0.0010775247,0.0,0.0,0.0010450691,0.0010587779,0.0,0.0010289582,0.0010587771,0.0010705207,0.0010587774,0.0,0.001028958,0.0010099466,0.0010661536,0.0010775246,0.0,0.0,0.0010450678,0.0010289582,0.0010194167,0.0010299085,0.0011058212,0.0,0.0,0.0010450677,0.0,0.001058777,0.0010450677,0.0010661538,0.0,0.0010587821,0.0,0.0010587772,0.0,0.001058777,0.0010450678,0.0,0.0,0.0010450867,0.0010289616,0.0010194168,0.0010299085,0.0011058216,0.0,0.0010588194,0.0010587818,0.0010530499,0.0010643024,0.0,0.0009874426,0.0,0.0010587798,0.0010450687,0.0,0.0010587774,0.0010450679,0.0010376362,0.0010705019,0.001058777,0.0010450677,0.0,0.001058777,0.0010450677,0.0010376348,0.0,0.0010587772,0.0010450678,0.0010376336,0.0010486153,0.0010545662,0.0010665001,0.001070497,0.001058777,0.0010450677,0.0010376336,0.0010486153,0.0010545662,0.0010665001,0.0010705154,0.0,0.0,0.0010289582,0.0010099466,0.0010661536,0.0010887281,0.0010705006,0.0,0.0010450677,0.0010289582,0.0010194167,0.0010299085,0.001105821,0.0,0.0010587772,0.0,0.0010289582,0.0010099466,0.0010661536,0.0010775246,0.0010705082,0.0,0.0010450677,0.001028958,0.0010194167,0.0010299085,0.0011058282,0.0,0.001058777,0.0010450677,0.0010376336,0.0010486153,0.0010545662,0.0010665018,0.0010704974,0.001058777,0.0010450677,0.0010376336,0.0010486153,0.0010545662,0.0010665001,0.0,0.0010587776,0.0010450679,0.0010376336,0.0010486153,0.0010545662,0.0010665,0.0,0.0,0.0010450677,0.0010289582,0.0010194167,0.0010299085,0.0011058209,0.001070499,0.001058777,0.0,0.0,0.0010587772,0.0010587771,0.0010530503,0.0010705253,0.0,0.001045068,0.0,0.0010587772,0.0010450677,0.0010661565,0.0010705667,0.0,0.0010587771,0.0010450679,0.0010376336,0.0,0.0010587779,0.0,0.001058777,0.0,0.001028958,0.0010099466,0.0010661536,0.0010775279,0.0010705014,0.0,0.0010450677,0.0010289582,0.0010194168,0.0010299088,0.0011058821,0.0010705122,0.0,0.0,0.0010289582,0.0010099466,0.0010661536,0.001088728,0.0,0.0010587772,0.0010450678,0.0010376336,0.0010486153,0.0010545662,0.0010665001,0.0010705005,0.0010587772,0.0010450679,0.0,0.001058777,0.0010450677,0.0010376346,0.0010704988,0.0,0.0010450679,0.0010289585,0.0010194167,0.0010299085,0.0011058233,0.0010705005,0.0,0.0010450678,0.0010289581,0.0010194168,0.0010299085,0.0011058224,0.0,0.0010587772,0.0010587772,0.0010530495,0.0010643025,0.0,0.0009874894,0.0010705226,0.0,0.0010450679,0.0010289582,0.0010194167,0.0010299085,0.0011058208,0.0010705021,0.0,0.0,0.0010289582,0.0010099466,0.0010661536,0.0010887301,0.0010705299,0.0010587777,0.0,0.001028959,0.0010099467,0.0010661539,0.0010775325,0.0,0.0010587771,0.0010450679,0.0010376336,0.0010486153,0.0010545662,0.0010665001,0.0,0.0010587786,0.0,0.0010289582,0.0010099466,0.0010661536,0.0010775246,0.0,0.0010587771,0.0010450678,0.0010376336,0.0010486153,0.0010545662,0.0010665001,0.0010705076,0.001058777,0.0010450678,0.0010376339,0.0010486153,0.0010545662,0.0010665004,0.0,0.0,0.0,0.0010289582,0.0010099466,0.0010661536,0.0010887287,0.0010704969,0.001058777,0.0,0.0010289582,0.0010099466,0.0010661536,0.0010775252,0.0010705086,0.0010587771,0.0010450677,0.0010661536,0.0,0.0010289582,0.0010099467,0.0,0.001058777,0.0010450677,0.0010376336,0.0010486153,0.0010545662,0.0010665009,0.0,0.001058777,0.0010450677,0.0010376336,0.0010486153,0.0010545662,0.0010665004,0.0,0.0010587777,0.0010450679,0.0010376336,0.0010486153,0.0010545665,0.0010665022,0.001070503,0.001058777,0.0010450677,0.0010376336,0.0010486153,0.0010545662,0.0010665006,0.0,0.0,0.0010450677,0.0010289582,0.0010194167,0.0010299085,0.001105821,0.0,0.001058777,0.0010450677,0.0010376336,0.0010486153,0.0010545662,0.0010665001,0.001070667,0.0010587793,0.001045068,0.0010376336,0.0010486153,0.0010545662,0.0010665032
k__Bacteria|p__Firmicutes|c__Clostridia|o__Eubacteriales|f__Clostridiaceae|g__Clostridium|s__Clostridium_sp_AF27_2AA,0.0,0.0010605816,0.0010469375,0.0010395611,0.0010505837,0.0010565853,0.0010685289,0.0,0.0010605818,0.0010469375,0.0010395611,0.0010505837,0.0010565853,0.0010685285,0.0,0.0,0.0010469502,0.0010309018,0.0010214131,0.0010319533,0.0011075131,0.0010722982,0.0,0.0010469375,0.001030894,0.0010214123,0.0010319533,0.0011075123,0.0,0.0,0.0010469379,0.001030894,0.0010214123,0.0010319533,0.0011075123,0.0010722384,0.0010605816,0.0010469375,0.0010395611,0.0010505837,0.0010565853,0.0010685284,0.0,0.0010605825,0.0010469379,0.0010395611,0.0010505837,0.0010565853,0.0010685292,0.0010722385,0.0010605816,0.0010469375,0.0010395611,0.0010505837,0.0010565853,0.0010685287,0.0,0.0010605819,0.0010469385,0.0010395615,0.0010505837,0.0010565853,0.0010685294,0.0,0.0010605818,0.0010469375,0.0010395611,0.0010505837,0.0010565853,0.0010685285,0.0,0.0010605818,0.0,0.001030894,0.0010119476,0.0010679455,0.001079342,0.0,0.0010605816,0.0010469375,0.0010395611,0.0010505837,0.0010565853,0.0010685291,0.0,0.0,0.0,0.001030894,0.0010119476,0.0010679455,0.0010904723,0.0010722555,0.0010605818,0.0,0.001030894,0.0010119476,0.0010679455,0.001079349,0.0010723674,0.0,0.0,0.0010308942,0.0010119476,0.0010679455,0.0010904715,0.0010722808,0.0,0.0010469375,0.0,0.0010605816,0.0010469375,0.0010679457,0.0010722438,0.0,0.0,0.001030894,0.0010119476,0.0010679455,0.0010904708,0.0,0.0010605833,0.0,0.001030894,0.0010119476,0.0010679455,0.0010793409,0.0,0.0,0.0010469386,0.0010605833,0.0,0.001030894,0.0010605821,0.0010722739,0.0010605821,0.0,0.0010308938,0.0010119476,0.0010679455,0.0010793403,0.0,0.0,0.0010469379,0.001030894,0.0010214123,0.0010319533,0.0011075124,0.0,0.0,0.0010469375,0.0,0.0010605816,0.0010469375,0.0010679459,0.0,0.0010605848,0.0,0.0010605818,0.0,0.0010605816,0.001046938,0.0,0.0,0.0010469536,0.0010308966,0.0010214124,0.0010319533,0.0011075129,0.0,0.0010606175,0.0010605855,0.0010549092,0.0010661939,0.0,0.0009895047,0.0,0.0010605841,0.0010469386,0.0,0.0010605822,0.0010469379,0.0010395638,0.0010722481,0.0010605816,0.0010469375,0.0,0.0010605816,0.0010469375,0.0010395623,0.0,0.0010605819,0.001046938,0.0010395611,0.0010505837,0.0010565853,0.0010685289,0.0010722384,0.0010605816,0.0010469375,0.0010395611,0.0010505837,0.0010565853,0.0010685285,0.0010722866,0.0,0.0,0.001030894,0.0010119476,0.0010679455,0.0010904704,0.0010722477,0.0,0.0010469375,0.001030894,0.0010214123,0.0010319533,0.0011075122,0.0,0.0010605818,0.0,0.001030894,0.0010119476,0.0010679455,0.0010793406,0.0010722656,0.0,0.0010469375,0.001030894,0.0010214123,0.0010319533,0.001107519,0.0,0.0010605816,0.0010469375,0.0010395611,0.0010505837,0.0010565853,0.0010685304,0.0010722401,0.0010605816,0.0010469375,0.0010395611,0.0010505837,0.0010565853,0.0010685284,0.0,0.0010605823,0.0010469379,0.0010395611,0.0010505837,0.0010565853,0.0010685289,0.0,0.0,0.0010469379,0.001030894,0.0010214123,0.0010319533,0.0011075123,0.001072243,0.0010605816,0.0,0.0,0.0010605818,0.0010605818,0.0010549092,0.0010723007,0.0,0.0010469377,0.0,0.0010605818,0.0010469375,0.0010679482,0.001072434,0.0,0.0010605819,0.0010469379,0.0010395611,0.0,0.0010605825,0.0,0.0010605815,0.0,0.001030894,0.0010119476,0.0010679456,0.0010793454,0.0010722479,0.0,0.0010469375,0.001030894,0.0010214124,0.0010319537,0.0011075654,0.0010722611,0.0,0.0,0.001030894,0.0010119476,0.0010679455,0.0010904705,0.0,0.0010605818,0.001046938,0.0010395611,0.0010505837,0.0010565853,0.0010685285,0.0010722836,0.0010605818,0.0010469377,0.0,0.0010605818,0.0010469375,0.0010395623,0.0010722432,0.0,0.0010469379,0.001030894,0.0010214123,0.0010319533,0.0011075138,0.0010722445,0.0,0.0010469377,0.0010308942,0.0010214124,0.0010319533,0.0011075139,0.0,0.0010605818,0.0010605819,0.0010549087,0.0010661939,0.0,0.0009895389,0.0010723013,0.0,0.0010469377,0.001030894,0.0010214123,0.0010319533,0.0011075123,0.0010722469,0.0,0.0,0.001030894,0.0010119476,0.0010679455,0.0010904721,0.0010723573,0.0010605828,0.0,0.001030895,0.0010119482,0.0010679459,0.0010793477,0.0,0.0010605818,0.0010469377,0.0010395611,0.0010505837,0.0010565853,0.0010685284,0.0,0.0010605827,0.0,0.001030894,0.0010119476,0.0010679455,0.0010793406,0.0,0.0010605818,0.0010469379,0.0010395611,0.0010505837,0.0010565853,0.0010685286,0.0010722617,0.0010605818,0.0010469379,0.0010395616,0.0010505837,0.0010565853,0.001068529,0.0,0.0,0.0,0.001030894,0.0010119476,0.0010679455,0.0010904708,0.001072238,0.0010605816,0.0,0.001030894,0.0010119476,0.0010679455,0.0010793415,0.0010722574,0.0010605818,0.0010469375,0.0010679455,0.0,0.001030894,0.0010119479,0.0,0.0010605816,0.0010469375,0.0010395611,0.0010505837,0.0010565853,0.0010685294,0.0,0.0010605816,0.0010469379,0.0010395611,0.0010505837,0.0010565853,0.0010685289,0.0,0.0010605825,0.0010469377,0.0010395611,0.0010505837,0.0010565853,0.0010685304,0.0010722543,0.0010605816,0.0010469375,0.0010395611,0.0010505837,0.0010565853,0.0010685291,0.0,0.0,0.0010469379,0.001030894,0.0010214123,0.0010319533,0.0011075126,0.0,0.0010605816,0.0010469375,0.0010395611,0.0010505837,0.0010565853,0.0010685285,0.0010725503,0.0010605833,0.0010469379,0.0010395611,0.0010505837,0.0010565853,0.0010685308
k__Bacteria|p__Firmicutes|c__Clostridia|o__Eubacteriales|f__Clostridiaceae|g__Clostridium|s__Clostridium_SGB4648,0.0,0.0010587564,0.0010450725,0.0010376765,0.0010487253,0.0010547421,0.0010667224,0.0,0.0010587564,0.0010450725,0.0010376765,0.0010487253,0.0010547421,0.0010667223,0.0,0.0,0.0010450915,0.0010290027,0.0010194887,0.0010300485,0.0011058835,0.0010704773,0.0,0.0010450725,0.0010289899,0.001019488,0.0010300485,0.0011058835,0.0,0.0,0.0010450725,0.0010289899,0.001019488,0.0010300485,0.0011058836,0.0010704525,0.0010587564,0.0010450725,0.0010376765,0.0010487253,0.0010547421,0.0010667223,0.0,0.001058757,0.0010450728,0.0010376765,0.0010487253,0.0010547421,0.001066722,0.0010704523,0.0010587564,0.0010450725,0.0010376765,0.0010487253,0.0010547421,0.0010667223,0.0,0.0010587566,0.001045073,0.0010376767,0.0010487253,0.0010547421,0.0010667229,0.0,0.0010587564,0.0010450725,0.0010376765,0.0010487253,0.0010547421,0.0010667223,0.0,0.0010587564,0.0,0.0010289899,0.0010100069,0.0010661439,0.0010775785,0.0,0.0010587564,0.0010450725,0.0010376765,0.0010487253,0.0010547421,0.0010667219,0.0,0.0,0.0,0.0010289899,0.0010100069,0.0010661439,0.0010887559,0.0010704575,0.0010587564,0.0,0.0010289899,0.0010100069,0.0010661439,0.00107758,0.0010705112,0.0,0.0,0.00102899,0.0010100069,0.0010661439,0.0010887554,0.0010704722,0.0,0.0010450725,0.0,0.0010587564,0.0010450725,0.0010661436,0.0010704543,0.0,0.0,0.0010289899,0.0010100069,0.0010661439,0.0010887561,0.0,0.0010587578,0.0,0.0010289899,0.0010100069,0.0010661439,0.001077578,0.0,0.0,0.0010450735,0.0010587582,0.0,0.0010289899,0.0010587563,0.0010704779,0.0010587566,0.0,0.0010289898,0.0010100069,0.0010661439,0.0010775786,0.0,0.0,0.0010450728,0.0010289899,0.001019488,0.0010300485,0.0011058837,0.0,0.0,0.0010450725,0.0,0.0010587564,0.0010450725,0.0010661436,0.0,0.0010587594,0.0,0.0010587565,0.0,0.0010587564,0.0010450726,0.0,0.0,0.0010450977,0.0010289935,0.001019488,0.0010300485,0.0011058833,0.0,0.0010588055,0.0010587616,0.0010530658,0.0010643838,0.0,0.000987524,0.0,0.0010587582,0.0010450734,0.0,0.0010587566,0.0010450726,0.0010376779,0.001070458,0.0010587564,0.0010450725,0.0,0.0010587564,0.0010450725,0.0010376766,0.0,0.0010587566,0.0010450726,0.0010376765,0.0010487253,0.0010547421,0.0010667223,0.0010704522,0.0010587564,0.0010450725,0.0010376765,0.0010487253,0.0010547421,0.0010667223,0.0010704751,0.0,0.0,0.0010289899,0.0010100069,0.0010661439,0.0010887561,0.0010704591,0.0,0.0010450725,0.0010289899,0.001019488,0.0010300485,0.0011058832,0.0,0.0010587565,0.0,0.0010289899,0.0010100069,0.0010661439,0.0010775785,0.001070462,0.0,0.0010450725,0.0010289899,0.001019488,0.0010300485,0.0011058832,0.0,0.0010587564,0.0010450725,0.0010376765,0.0010487253,0.0010547421,0.0010667219,0.001070453,0.0010587564,0.0010450725,0.0010376765,0.0010487253,0.0010547421,0.0010667223,0.0,0.001058757,0.0010450726,0.0010376765,0.0010487253,0.0010547421,0.0010667224,0.0,0.0,0.0010450725,0.0010289899,0.001019488,0.0010300485,0.0011058836,0.0010704531,0.0010587564,0.0,0.0,0.0010587565,0.0010587564,0.0010530651,0.0010704754,0.0,0.0010450728,0.0,0.0010587565,0.0010450725,0.0010661439,0.0010705396,0.0,0.0010587565,0.0010450726,0.0010376765,0.0,0.0010587563,0.0,0.0010587563,0.0,0.0010289899,0.0010100069,0.001066144,0.001077578,0.0010704573,0.0,0.0010450725,0.0010289899,0.001019488,0.0010300488,0.0011058878,0.0010704666,0.0,0.0,0.0010289899,0.0010100069,0.0010661439,0.0010887561,0.0,0.0010587565,0.0010450726,0.0010376765,0.0010487253,0.0010547421,0.0010667223,0.0010704579,0.0010587565,0.0010450726,0.0,0.0010587564,0.0010450725,0.0010376775,0.001070454,0.0,0.0010450726,0.00102899,0.001019488,0.0010300485,0.0011058823,0.0010704543,0.0,0.0010450726,0.0010289899,0.001019488,0.0010300486,0.001105883,0.0,0.0010587565,0.0010587565,0.0010530653,0.0010643838,0.0,0.0009875472,0.0010704808,0.0,0.0010450727,0.0010289899,0.001019488,0.0010300485,0.0011058836,0.0010704545,0.0,0.0,0.0010289899,0.0010100069,0.0010661439,0.0010887559,0.0010705121,0.0010587572,0.0,0.0010289911,0.0010100069,0.001066144,0.0010775786,0.0,0.0010587565,0.0010450726,0.0010376765,0.0010487253,0.0010547421,0.0010667223,0.0,0.0010587575,0.0,0.0010289899,0.0010100069,0.0010661439,0.0010775785,0.0,0.0010587565,0.0010450726,0.0010376765,0.0010487253,0.0010547421,0.0010667224,0.0010704594,0.0010587564,0.0010450725,0.0010376769,0.0010487253,0.0010547421,0.0010667223,0.0,0.0,0.0,0.0010289899,0.0010100069,0.0010661439,0.001088756,0.0010704519,0.0010587564,0.0,0.0010289899,0.0010100069,0.0010661439,0.0010775785,0.0010704584,0.0010587565,0.0010450725,0.0010661439,0.0,0.0010289899,0.001010007,0.0,0.0010587564,0.0010450725,0.0010376765,0.0010487253,0.0010547421,0.001066722,0.0,0.0010587564,0.0010450725,0.0010376765,0.0010487253,0.0010547421,0.0010667223,0.0,0.0010587572,0.0010450726,0.0010376765,0.0010487253,0.0010547421,0.0010667216,0.0010704605,0.0010587564,0.0010450725,0.0010376765,0.0010487253,0.0010547421,0.0010667223,0.0,0.0,0.0010450725,0.0010289899,0.001019488,0.0010300485,0.0011058835,0.0,0.0010587564,0.0010450725,0.0010376765,0.0010487253,0.0010547421,0.0010667223,0.001070566,0.0010587575,0.0010450728,0.0010376764,0.0010487253,0.0010547421,0.0010667216
k__Bacteria|p__Firmicutes|c__Clostridia|o__Eubacteriales|f__Oscillospiraceae|g__GGB79118|s__GGB79118_SGB105839,0.0,0.001061564,0.0010479538,0.0010406062,0.001051646,0.0010576706,0.0010696158,0.0,0.0010615641,0.0010479538,0.0010406062,0.001051646,0.0010576706,0.001069616,0.0,0.0,0.0010479717,0.0010319568,0.0010224929,0.001033055,0.0011084273,0.0010732071,0.0,0.0010479538,0.0010319441,0.0010224921,0.001033055,0.0011084271,0.0,0.0,0.0010479538,0.0010319442,0.0010224921,0.001033055,0.0011084271,0.0010731876,0.0010615641,0.0010479538,0.0010406062,0.001051646,0.0010576706,0.0010696158,0.0,0.0010615649,0.0010479538,0.0010406062,0.001051646,0.0010576706,0.0010696158,0.0010731873,0.0010615641,0.0010479538,0.0010406062,0.001051646,0.0010576706,0.0010696158,0.0,0.0010615643,0.0010479542,0.0010406063,0.001051646,0.0010576706,0.0010696165,0.0,0.0010615641,0.0010479538,0.0010406062,0.001051646,0.0010576706,0.001069616,0.0,0.0010615641,0.0,0.0010319441,0.001013031,0.0010689204,0.0010803246,0.0,0.0010615641,0.0010479538,0.0010406061,0.001051646,0.0010576706,0.0010696162,0.0,0.0,0.0,0.0010319441,0.001013031,0.0010689204,0.0010914173,0.0010731916,0.0010615641,0.0,0.0010319442,0.001013031,0.0010689204,0.0010803282,0.0010732387,0.0,0.0,0.0010319443,0.001013031,0.0010689204,0.0010914166,0.0010732032,0.0,0.0010479538,0.0,0.0010615641,0.0010479538,0.0010689202,0.00107319,0.0,0.0,0.0010319441,0.001013031,0.0010689204,0.0010914155,0.0,0.0010615655,0.0,0.0010319441,0.001013031,0.0010689204,0.0010803237,0.0,0.0,0.0010479551,0.0010615659,0.0,0.0010319441,0.0010615642,0.0010732146,0.0010615643,0.0,0.001031944,0.001013031,0.0010689204,0.0010803236,0.0,0.0,0.001047954,0.0010319442,0.0010224921,0.001033055,0.0011084274,0.0,0.0,0.0010479538,0.0,0.0010615641,0.0010479538,0.0010689201,0.0,0.001061568,0.0,0.0010615642,0.0,0.0010615641,0.0010479538,0.0,0.0,0.0010479777,0.0010319476,0.0010224922,0.001033055,0.0011084274,0.0,0.0010616101,0.0010615691,0.0010559186,0.0010672165,0.0,0.000990617,0.0,0.0010615665,0.0010479547,0.0,0.0010615645,0.0010479538,0.0010406079,0.0010731921,0.0010615641,0.0010479538,0.0,0.0010615641,0.0010479538,0.0010406068,0.0,0.0010615642,0.0010479538,0.0010406061,0.001051646,0.0010576706,0.001069616,0.0010731872,0.0010615641,0.0010479538,0.0010406062,0.001051646,0.0010576706,0.001069616,0.0010732097,0.0,0.0,0.0010319441,0.001013031,0.0010689204,0.0010914155,0.0010731936,0.0,0.0010479538,0.0010319441,0.0010224921,0.001033055,0.0011084271,0.0,0.0010615642,0.0,0.0010319441,0.001013031,0.0010689204,0.0010803235,0.0010731952,0.0,0.0010479538,0.0010319442,0.0010224921,0.001033055,0.0011084307,0.0,0.0010615641,0.0010479538,0.0010406062,0.001051646,0.0010576706,0.0010696166,0.0010731878,0.0010615641,0.0010479538,0.0010406062,0.001051646,0.0010576706,0.0010696158,0.0,0.0010615647,0.0010479538,0.0010406061,0.001051646,0.0010576706,0.0010696158,0.0,0.0,0.0010479538,0.0010319441,0.0010224921,0.001033055,0.0011084273,0.0010731884,0.0010615641,0.0,0.0,0.0010615642,0.0010615641,0.0010559185,0.0010732103,0.0,0.001047954,0.0,0.0010615642,0.0010479538,0.0010689215,0.001073259,0.0,0.0010615642,0.0010479538,0.0010406061,0.0,0.0010615644,0.0,0.001061564,0.0,0.0010319441,0.001013031,0.0010689201,0.0010803245,0.0010731923,0.0,0.0010479538,0.0010319441,0.0010224922,0.0010330556,0.0011084629,0.0010732017,0.0,0.0,0.0010319441,0.001013031,0.0010689204,0.0010914154,0.0,0.0010615642,0.0010479538,0.0010406062,0.001051646,0.0010576706,0.001069616,0.0010731788,0.0010615642,0.0010479538,0.0,0.0010615641,0.0010479538,0.001040607,0.0010731895,0.0,0.0010479538,0.0010319443,0.0010224921,0.001033055,0.0011084281,0.00107319,0.0,0.0010479538,0.0010319442,0.0010224922,0.0010330551,0.001108428,0.0,0.0010615642,0.0010615642,0.0010559182,0.0010672166,0.0,0.000990652,0.0010732139,0.0,0.0010479538,0.0010319441,0.0010224921,0.001033055,0.0011084271,0.0010731908,0.0,0.0,0.0010319441,0.001013031,0.0010689204,0.0010914167,0.0010732341,0.0010615649,0.0,0.0010319451,0.0010130316,0.0010689202,0.0010803282,0.0,0.0010615641,0.0010479538,0.0010406061,0.001051646,0.0010576706,0.0010696158,0.0,0.0010615651,0.0,0.0010319441,0.001013031,0.0010689204,0.0010803235,0.0,0.0010615641,0.001047954,0.0010406061,0.001051646,0.0010576706,0.0010696158,0.0010731971,0.0010615641,0.0010479537,0.0010406062,0.001051646,0.0010576706,0.0010696158,0.0,0.0,0.0,0.0010319441,0.001013031,0.0010689204,0.0010914158,0.001073187,0.0010615641,0.0,0.0010319441,0.001013031,0.0010689204,0.0010803242,0.001073196,0.0010615641,0.0010479538,0.0010689204,0.0,0.0010319441,0.0010130312,0.0,0.0010615641,0.0010479538,0.0010406061,0.001051646,0.0010576706,0.0010696161,0.0,0.0010615641,0.0010479538,0.0010406061,0.001051646,0.0010576706,0.001069616,0.0,0.0010615648,0.0010479538,0.0010406061,0.001051646,0.0010576706,0.0010696164,0.0010731956,0.0010615641,0.0010479538,0.0010406061,0.001051646,0.0010576706,0.0010696163,0.0,0.0,0.0010479538,0.0010319441,0.0010224921,0.001033055,0.0011084272,0.0,0.0010615641,0.0010479538,0.0010406062,0.001051646,0.0010576706,0.001069616,0.0010732973,0.0010615656,0.0010479537,0.0010406061,0.001051646,0.0010576706,0.0010696169
k__Bacteria|p__Firmicutes|c__Erysipelotrichia|o__Erysipelotrichales|f__Erysipelotrichaceae|g__Catenibacterium|s__Candidatus_Catenibacterium_tridentinum,0.0,0.0010616872,0.0010480917,0.001040763,0.0010518315,0.0010578851,0.0010698492,0.0,0.0010616874,0.0010480917,0.001040763,0.0010518315,0.0010578851,0.001069849,0.0,0.0,0.0010480991,0.0010321017,0.0010226651,0.0010332578,0.001108575,0.0010732976,0.0,0.0010480917,0.0010320973,0.0010226647,0.0010332578,0.0011085742,0.0,0.0,0.0010480917,0.0010320973,0.0010226647,0.0010332578,0.0011085742,0.0010732968,0.0010616874,0.0010480917,0.001040763,0.0010518315,0.0010578851,0.0010698489,0.0,0.001061688,0.0010480918,0.001040763,0.0010518315,0.0010578851,0.0010698502,0.0010732965,0.0010616874,0.0010480917,0.001040763,0.0010518315,0.0010578851,0.0010698491,0.0,0.0010616877,0.0010480924,0.001040763,0.0010518315,0.0010578851,0.0010698492,0.0,0.0010616874,0.0010480917,0.001040763,0.0010518315,0.0010578851,0.001069849,0.0,0.0010616874,0.0,0.0010320973,0.0010132001,0.0010690469,0.0010804785,0.0,0.0010616874,0.0010480917,0.001040763,0.0010518315,0.0010578851,0.0010698497,0.0,0.0,0.0,0.0010320973,0.0010132001,0.0010690469,0.0010915555,0.0010732976,0.0010616874,0.0,0.0010320973,0.0010132001,0.0010690469,0.0010804824,0.0010733079,0.0,0.0,0.0010320974,0.0010132001,0.0010690469,0.001091555,0.0010733008,0.0,0.0010480917,0.0,0.0010616874,0.0010480917,0.0010690469,0.0010732972,0.0,0.0,0.0010320973,0.0010132001,0.0010690469,0.0010915534,0.0,0.0010616878,0.0,0.0010320973,0.0010132001,0.0010690469,0.0010804769,0.0,0.0,0.0010480927,0.0010616882,0.0,0.0010320973,0.0010616877,0.0010733018,0.0010616875,0.0,0.0010320971,0.0010132001,0.0010690469,0.0010804764,0.0,0.0,0.0010480919,0.0010320973,0.0010226647,0.0010332578,0.0011085747,0.0,0.0,0.0010480917,0.0,0.0010616874,0.0010480917,0.0010690468,0.0,0.0010616891,0.0,0.0010616875,0.0,0.0010616874,0.0010480917,0.0,0.0,0.0010480987,0.001032098,0.0010226647,0.0010332578,0.0011085748,0.0,0.0010616994,0.0010616885,0.0010560597,0.0010673855,0.0,0.0009908045,0.0,0.0010616885,0.0010480921,0.0,0.0010616875,0.0010480918,0.0010407654,0.0010732976,0.0010616874,0.0010480917,0.0,0.0010616874,0.0010480917,0.0010407638,0.0,0.0010616875,0.0010480917,0.001040763,0.0010518315,0.0010578851,0.0010698492,0.0010732964,0.0010616874,0.0010480917,0.001040763,0.0010518315,0.0010578851,0.001069849,0.001073303,0.0,0.0,0.0010320973,0.0010132001,0.0010690469,0.0010915531,0.0010732965,0.0,0.0010480917,0.0010320973,0.0010226647,0.0010332578,0.0011085746,0.0,0.0010616875,0.0,0.0010320973,0.0010132001,0.0010690469,0.0010804766,0.0010732986,0.0,0.0010480917,0.0010320973,0.0010226647,0.0010332578,0.001108582,0.0,0.0010616874,0.0010480917,0.001040763,0.0010518315,0.0010578851,0.0010698508,0.0010732962,0.0010616874,0.0010480917,0.001040763,0.0010518315,0.0010578851,0.0010698489,0.0,0.0010616877,0.0010480918,0.001040763,0.0010518315,0.0010578851,0.0010698492,0.0,0.0,0.0010480917,0.0010320973,0.0010226647,0.0010332578,0.0011085746,0.0010732963,0.0010616874,0.0,0.0,0.0010616875,0.0010616874,0.0010560601,0.0010732989,0.0,0.0010480921,0.0,0.0010616875,0.0010480917,0.0010690523,0.0010733182,0.0,0.0010616875,0.0010480918,0.001040763,0.0,0.0010616883,0.0,0.0010616872,0.0,0.0010320973,0.0010132001,0.0010690468,0.0010804832,0.0010732977,0.0,0.0010480917,0.0010320973,0.0010226647,0.001033258,0.001108637,0.0010733005,0.0,0.0,0.0010320973,0.0010132001,0.0010690469,0.001091553,0.0,0.0010616875,0.0010480917,0.001040763,0.0010518315,0.0010578851,0.001069849,0.001073278,0.0010616874,0.0010480918,0.0,0.0010616872,0.0010480917,0.0010407638,0.001073297,0.0,0.0010480918,0.0010320976,0.0010226647,0.0010332578,0.0011085769,0.001073297,0.0,0.0010480917,0.0010320973,0.0010226647,0.0010332579,0.0011085763,0.0,0.0010616874,0.0010616875,0.0010560595,0.0010673854,0.0,0.0009908428,0.0010732996,0.0,0.0010480918,0.0010320973,0.0010226647,0.0010332578,0.0011085742,0.001073298,0.0,0.0,0.0010320973,0.0010132001,0.0010690469,0.0010915549,0.0010733028,0.0010616876,0.0,0.001032098,0.0010132003,0.0010690469,0.0010804844,0.0,0.0010616874,0.0010480918,0.001040763,0.0010518315,0.0010578851,0.0010698489,0.0,0.0010616882,0.0,0.0010320973,0.0010132001,0.0010690469,0.0010804766,0.0,0.0010616874,0.0010480919,0.001040763,0.0010518315,0.0010578851,0.0010698494,0.0010733014,0.0010616874,0.0010480918,0.001040763,0.0010518315,0.0010578851,0.0010698495,0.0,0.0,0.0,0.0010320973,0.0010132001,0.0010690469,0.0010915537,0.0010732965,0.0010616874,0.0,0.0010320973,0.0010132001,0.0010690469,0.0010804775,0.0010732986,0.0010616874,0.0010480917,0.0010690469,0.0,0.0010320973,0.0010132003,0.0,0.0010616874,0.0010480917,0.001040763,0.0010518315,0.0010578851,0.0010698499,0.0,0.0010616874,0.0010480917,0.001040763,0.0010518315,0.0010578851,0.0010698494,0.0,0.0010616876,0.0010480918,0.001040763,0.0010518315,0.0010578851,0.0010698511,0.0010732978,0.0010616874,0.0010480917,0.001040763,0.0010518315,0.0010578851,0.0010698495,0.0,0.0,0.0010480917,0.0010320973,0.0010226647,0.0010332578,0.0011085748,0.0,0.0010616874,0.0010480917,0.001040763,0.0010518315,0.0010578851,0.001069849,0.0010733285,0.0010616884,0.0010480918,0.0010407629,0.0010518315,0.0010578851,0.0010698519
k__Bacteria|p__Firmicutes|c__CFGB76688|o__OFGB76688|f__FGB76688|g__GGB4250|s__GGB4250_SGB5751,0.0,0.0010615448,0.0010478438,0.0010403632,0.0010511712,0.0010569682,0.0010687548,0.0,0.0010615449,0.0010478438,0.0010403632,0.0010511712,0.0010569682,0.0010687547,0.0,0.0,0.0010478583,0.0010317481,0.0010221498,0.0010324745,0.001108128,0.0010732653,0.0,0.0010478438,0.0010317386,0.0010221491,0.0010324745,0.0011081272,0.0,0.0,0.0010478438,0.0010317386,0.0010221491,0.0010324745,0.0011081272,0.0010732537,0.0010615448,0.0010478438,0.0010403632,0.0010511712,0.0010569682,0.0010687547,0.0,0.0010615453,0.001047844,0.0010403632,0.0010511712,0.0010569682,0.0010687549,0.0010732536,0.0010615448,0.0010478438,0.0010403632,0.0010511712,0.0010569682,0.0010687548,0.0,0.001061545,0.0010478444,0.0010403633,0.0010511712,0.0010569682,0.0010687554,0.0,0.0010615449,0.0010478438,0.0010403632,0.0010511712,0.0010569682,0.0010687548,0.0,0.0010615449,0.0,0.0010317386,0.0010127263,0.0010688641,0.0010800493,0.0,0.0010615448,0.0010478438,0.0010403632,0.0010511712,0.0010569682,0.001068755,0.0,0.0,0.0,0.0010317386,0.0010127263,0.0010688641,0.0010912333,0.0010732561,0.0010615449,0.0,0.0010317386,0.0010127263,0.0010688641,0.0010800542,0.0010732865,0.0,0.0,0.0010317386,0.0010127263,0.0010688641,0.0010912325,0.0010732625,0.0,0.0010478438,0.0,0.0010615448,0.0010478438,0.001068864,0.001073255,0.0,0.0,0.0010317386,0.0010127263,0.0010688641,0.0010912319,0.0,0.001061546,0.0,0.0010317386,0.0010127263,0.0010688641,0.001080048,0.0,0.0,0.0010478449,0.0010615459,0.0,0.0010317386,0.001061545,0.0010732677,0.001061545,0.0,0.0010317385,0.0010127263,0.0010688641,0.0010800482,0.0,0.0,0.001047844,0.0010317386,0.0010221491,0.0010324745,0.0011081276,0.0,0.0,0.0010478438,0.0,0.0010615448,0.0010478438,0.0010688641,0.0,0.0010615479,0.0,0.001061545,0.0,0.0010615448,0.001047844,0.0,0.0,0.0010478618,0.0010317409,0.0010221491,0.0010324745,0.0011081278,0.0,0.0010615821,0.0010615488,0.0010557715,0.001066844,0.0,0.0009902117,0.0,0.0010615467,0.0010478446,0.0,0.001061545,0.001047844,0.0010403657,0.001073256,0.0010615448,0.0010478438,0.0,0.0010615448,0.0010478438,0.0010403641,0.0,0.001061545,0.001047844,0.0010403632,0.0010511712,0.0010569682,0.0010687547,0.0010732535,0.0010615448,0.0010478438,0.0010403632,0.0010511712,0.0010569682,0.0010687548,0.0010732665,0.0,0.0,0.0010317386,0.0010127263,0.0010688641,0.0010912318,0.0010732571,0.0,0.0010478438,0.0010317386,0.0010221491,0.0010324745,0.0011081274,0.0,0.001061545,0.0,0.0010317386,0.0010127263,0.0010688641,0.0010800479,0.0010732599,0.0,0.0010478438,0.0010317386,0.0010221491,0.0010324745,0.0011081331,0.0,0.0010615448,0.0010478438,0.0010403632,0.0010511712,0.0010569682,0.0010687558,0.0010732539,0.0010615448,0.0010478438,0.0010403632,0.0010511712,0.0010569682,0.0010687547,0.0,0.0010615451,0.001047844,0.0010403632,0.0010511712,0.0010569682,0.0010687548,0.0,0.0,0.0010478438,0.0010317386,0.0010221491,0.0010324745,0.0011081273,0.0010732537,0.0010615448,0.0,0.0,0.001061545,0.0010615449,0.0010557715,0.0010732654,0.0,0.0010478441,0.0,0.001061545,0.0010478438,0.0010688667,0.0010733034,0.0,0.001061545,0.001047844,0.0010403632,0.0,0.0010615451,0.0,0.0010615448,0.0,0.0010317386,0.0010127263,0.001068864,0.0010800523,0.0010732564,0.0,0.0010478438,0.0010317386,0.0010221491,0.0010324749,0.001108172,0.0010732625,0.0,0.0,0.0010317386,0.0010127263,0.0010688641,0.0010912317,0.0,0.001061545,0.001047844,0.0010403632,0.0010511712,0.0010569682,0.0010687547,0.0010732397,0.001061545,0.001047844,0.0,0.0010615448,0.0010478438,0.0010403641,0.0010732547,0.0,0.001047844,0.0010317387,0.0010221491,0.0010324745,0.0011081287,0.0010732551,0.0,0.001047844,0.0010317386,0.0010221491,0.0010324746,0.0011081289,0.0,0.001061545,0.0010615449,0.001055771,0.0010668437,0.0,0.0009902483,0.001073266,0.0,0.001047844,0.0010317386,0.0010221491,0.0010324745,0.0011081272,0.0010732552,0.0,0.0,0.0010317386,0.0010127263,0.0010688641,0.001091233,0.0010732845,0.0010615455,0.0,0.0010317394,0.0010127263,0.0010688641,0.0010800535,0.0,0.0010615449,0.001047844,0.0010403632,0.0010511712,0.0010569682,0.0010687547,0.0,0.0010615457,0.0,0.0010317386,0.0010127263,0.0010688641,0.0010800479,0.0,0.0010615449,0.001047844,0.0010403632,0.0010511712,0.0010569682,0.0010687549,0.0010732609,0.0010615449,0.0010478438,0.0010403633,0.0010511712,0.0010569682,0.0010687549,0.0,0.0,0.0,0.0010317386,0.0010127263,0.0010688641,0.001091232,0.0010732536,0.0010615448,0.0,0.0010317386,0.0010127263,0.0010688641,0.0010800486,0.0010732585,0.0010615449,0.0010478438,0.0010688641,0.0,0.0010317386,0.0010127265,0.0,0.0010615448,0.0010478438,0.0010403632,0.0010511712,0.0010569682,0.0010687554,0.0,0.0010615448,0.0010478438,0.0010403632,0.0010511712,0.0010569682,0.0010687549,0.0,0.0010615453,0.001047844,0.0010403632,0.0010511712,0.0010569682,0.0010687562,0.0010732581,0.0010615448,0.0010478438,0.0010403632,0.0010511712,0.0010569682,0.001068755,0.0,0.0,0.0010478438,0.0010317386,0.0010221491,0.0010324745,0.0011081275,0.0,0.0010615448,0.0010478438,0.0010403632,0.0010511712,0.0010569682,0.0010687548,0.0010733296,0.0010615459,0.0010478438,0.0010403632,0.0010511712,0.0010569682,0.0010687568
k__Bacteria|p__Firmicutes|c__Firmicutes_unclassified|o__Firmicutes_unclassified|f__Firmicutes_unclassified|g__GGB3680|s__GGB3680_SGB4994,0.0,0.0010616999,0.0010481437,0.0010408723,0.0010520412,0.0010581935,0.0010702258,0.0,0.0010616999,0.0010481437,0.0010408723,0.0010520412,0.0010581935,0.0010702257,0.0,0.0,0.001048146,0.0010321924,0.0010228175,0.0010335133,0.0011087074,0.0010732602,0.0,0.0010481437,0.0010321905,0.0010228176,0.0010335135,0.0011087077,0.0,0.0,0.0010481437,0.0010321905,0.0010228176,0.0010335135,0.0011087077,0.0010732717,0.0010616999,0.0010481437,0.0010408723,0.0010520412,0.0010581935,0.0010702258,0.0,0.0010617,0.0010481437,0.0010408723,0.0010520412,0.0010581935,0.0010702264,0.0010732719,0.0010616999,0.0010481437,0.0010408723,0.0010520412,0.0010581935,0.0010702258,0.0,0.0010617,0.0010481438,0.0010408723,0.0010520412,0.0010581935,0.001070226,0.0,0.0010616999,0.0010481437,0.0010408723,0.0010520412,0.0010581935,0.0010702258,0.0,0.0010616999,0.0,0.0010321905,0.0010133364,0.0010690752,0.0010806002,0.0,0.0010616999,0.0010481437,0.0010408721,0.0010520412,0.0010581935,0.0010702261,0.0,0.0,0.0,0.0010321905,0.0010133364,0.0010690752,0.0010916361,0.0010732687,0.0010616999,0.0,0.0010321905,0.0010133364,0.0010690752,0.0010805996,0.0010732518,0.0,0.0,0.0010321906,0.0010133364,0.0010690752,0.0010916366,0.0010732657,0.0,0.0010481437,0.0,0.0010616999,0.0010481437,0.0010690752,0.0010732707,0.0,0.0,0.0010321905,0.0010133364,0.0010690752,0.0010916365,0.0,0.0010616999,0.0,0.0010321905,0.0010133364,0.0010690752,0.0010806,0.0,0.0,0.0010481438,0.0010616999,0.0,0.0010321905,0.0010616999,0.0010732658,0.0010616998,0.0,0.0010321905,0.0010133364,0.0010690752,0.0010805997,0.0,0.0,0.0010481437,0.0010321905,0.0010228176,0.0010335135,0.0011087079,0.0,0.0,0.0010481437,0.0,0.0010616999,0.0010481437,0.0010690751,0.0,0.0010616995,0.0,0.0010617,0.0,0.0010616999,0.0010481437,0.0,0.0,0.0010481429,0.0010321905,0.0010228176,0.0010335133,0.0011087073,0.0,0.0010617056,0.0010616999,0.0010561271,0.0010675507,0.0,0.000990978,0.0,0.0010616998,0.0010481437,0.0,0.0010616999,0.0010481437,0.0010408731,0.0010732696,0.0010616999,0.0010481437,0.0,0.0010616999,0.0010481437,0.0010408727,0.0,0.0010617002,0.0010481437,0.0010408723,0.0010520412,0.0010581935,0.0010702258,0.0010732719,0.0010616999,0.0010481437,0.0010408723,0.0010520412,0.0010581935,0.0010702258,0.0010732637,0.0,0.0,0.0010321905,0.0010133364,0.0010690752,0.0010916365,0.0010732694,0.0,0.0010481437,0.0010321905,0.0010228176,0.0010335135,0.0011087077,0.0,0.0010617,0.0,0.0010321905,0.0010133364,0.0010690752,0.0010805996,0.0010732677,0.0,0.0010481437,0.0010321905,0.0010228176,0.0010335133,0.0011087089,0.0,0.0010616999,0.0010481437,0.0010408723,0.0010520412,0.0010581935,0.0010702264,0.0010732715,0.0010616999,0.0010481437,0.0010408723,0.0010520412,0.0010581935,0.0010702258,0.0,0.0010617,0.0010481437,0.0010408721,0.0010520412,0.0010581935,0.0010702258,0.0,0.0,0.0010481437,0.0010321905,0.0010228176,0.0010335135,0.0011087079,0.0010732709,0.0010616999,0.0,0.0,0.0010617,0.0010616999,0.0010561275,0.0010732615,0.0,0.001048144,0.0,0.0010617,0.0010481437,0.0010690772,0.0010732486,0.0,0.0010617,0.0010481437,0.0010408721,0.0,0.0010617002,0.0,0.0010616998,0.0,0.0010321905,0.0010133364,0.0010690751,0.001080603,0.0010732701,0.0,0.0010481437,0.0010321905,0.0010228176,0.0010335136,0.0011087125,0.0010732667,0.0,0.0,0.0010321905,0.0010133364,0.0010690752,0.0010916365,0.0,0.0010617,0.0010481437,0.0010408723,0.0010520412,0.0010581935,0.0010702257,0.0010732585,0.0010617,0.0010481437,0.0,0.0010616999,0.0010481437,0.0010408725,0.0010732706,0.0,0.0010481437,0.0010321906,0.0010228176,0.0010335133,0.0011087077,0.0010732703,0.0,0.0010481437,0.0010321905,0.0010228176,0.0010335133,0.0011087079,0.0,0.0010617,0.0010617002,0.0010561273,0.0010675506,0.0,0.0009909979,0.0010732609,0.0,0.0010481437,0.0010321905,0.0010228176,0.0010335135,0.0011087077,0.0010732701,0.0,0.0,0.0010321905,0.0010133364,0.0010690752,0.0010916363,0.0010732497,0.0010616998,0.0,0.0010321906,0.0010133366,0.0010690752,0.0010806009,0.0,0.0010617,0.0010481437,0.0010408723,0.0010520412,0.0010581935,0.0010702258,0.0,0.0010616997,0.0,0.0010321905,0.0010133364,0.0010690752,0.0010805996,0.0,0.0010617,0.0010481437,0.0010408721,0.0010520412,0.0010581935,0.001070226,0.0010732682,0.0010616999,0.0010481437,0.0010408722,0.0010520412,0.0010581935,0.001070226,0.0,0.0,0.0,0.0010321905,0.0010133364,0.0010690752,0.001091637,0.0010732717,0.0010616999,0.0,0.0010321905,0.0010133364,0.0010690752,0.0010805997,0.001073268,0.0010617,0.0010481437,0.0010690752,0.0,0.0010321905,0.0010133365,0.0,0.0010616999,0.0010481437,0.0010408721,0.0010520412,0.0010581935,0.0010702263,0.0,0.0010616999,0.0010481437,0.0010408721,0.0010520412,0.0010581935,0.0010702258,0.0,0.0010616997,0.0010481437,0.0010408721,0.0010520412,0.0010581935,0.0010702267,0.0010732686,0.0010616999,0.0010481437,0.0010408723,0.0010520412,0.0010581935,0.0010702261,0.0,0.0,0.0010481437,0.0010321905,0.0010228176,0.0010335135,0.0011087076,0.0,0.0010616999,0.0010481437,0.0010408723,0.0010520412,0.0010581935,0.0010702258,0.0010732472,0.0010617,0.0010481435,0.0010408721,0.0010520412,0.0010581935,0.0010702264
k__Bacteria|p__Firmicutes|c__Clostridia|o__Eubacteriales|f__Lachnospiraceae|g__Coprococcus|s__Coprococcus_sp_AF21_14LB,0.0,0.0010626192,0.0010488614,0.0010412742,0.0010518604,0.0010574453,0.001069069,0.0,0.0010626194,0.0010488614,0.0010412742,0.0010518604,0.0010574453,0.0010690688,0.0,0.0,0.0010488682,0.0010326994,0.0010229949,0.0010330972,0.001108835,0.0010743964,0.0,0.0010488614,0.0010326947,0.0010229949,0.0010330972,0.0011088342,0.0,0.0,0.0010488614,0.0010326947,0.0010229949,0.0010330972,0.0011088342,0.0010743807,0.0010626193,0.0010488614,0.0010412742,0.0010518604,0.0010574453,0.0010690687,0.0,0.0010626195,0.0010488614,0.0010412742,0.0010518604,0.0010574453,0.0010690697,0.0010743808,0.0010626193,0.0010488614,0.0010412742,0.0010518604,0.0010574453,0.001069069,0.0,0.0010626196,0.001048862,0.0010412744,0.0010518604,0.0010574453,0.0010690695,0.0,0.0010626194,0.0010488614,0.0010412742,0.0010518604,0.0010574453,0.0010690688,0.0,0.0010626194,0.0,0.0010326947,0.0010136156,0.001069892,0.0010808577,0.0,0.0010626193,0.0010488614,0.0010412742,0.0010518604,0.0010574453,0.0010690695,0.0,0.0,0.0,0.0010326947,0.0010136156,0.001069892,0.0010920947,0.0010743843,0.0010626194,0.0,0.0010326947,0.0010136156,0.001069892,0.0010808618,0.001074405,0.0,0.0,0.0010326947,0.0010136156,0.001069892,0.0010920946,0.001074389,0.0,0.0010488614,0.0,0.0010626193,0.0010488614,0.0010698922,0.0010743815,0.0,0.0,0.0010326947,0.0010136156,0.001069892,0.0010920933,0.0,0.00106262,0.0,0.0010326947,0.0010136156,0.001069892,0.0010808568,0.0,0.0,0.0010488621,0.0010626195,0.0,0.0010326947,0.0010626196,0.0010743903,0.0010626194,0.0,0.0010326946,0.0010136156,0.001069892,0.0010808564,0.0,0.0,0.0010488614,0.0010326947,0.0010229949,0.0010330972,0.0011088343,0.0,0.0,0.0010488614,0.0,0.0010626193,0.0010488614,0.0010698918,0.0,0.0010626208,0.0,0.0010626194,0.0,0.0010626193,0.0010488615,0.0,0.0,0.0010488674,0.0010326954,0.0010229949,0.0010330972,0.0011088346,0.0,0.0010626268,0.0010626204,0.0010567427,0.0010675945,0.0,0.0009910299,0.0,0.0010626201,0.0010488615,0.0,0.0010626195,0.0010488614,0.0010412763,0.001074383,0.0010626193,0.0010488614,0.0,0.0010626193,0.0010488614,0.0010412751,0.0,0.0010626194,0.0010488615,0.0010412742,0.0010518604,0.0010574453,0.0010690689,0.0010743807,0.0010626193,0.0010488614,0.0010412742,0.0010518604,0.0010574453,0.0010690688,0.0010743918,0.0,0.0,0.0010326947,0.0010136156,0.001069892,0.0010920933,0.001074381,0.0,0.0010488614,0.0010326947,0.0010229949,0.0010330972,0.0011088343,0.0,0.0010626194,0.0,0.0010326947,0.0010136156,0.001069892,0.0010808563,0.0010743882,0.0,0.0010488614,0.0010326947,0.0010229949,0.0010330972,0.0011088381,0.0,0.0010626193,0.0010488614,0.0010412742,0.0010518604,0.0010574453,0.0010690705,0.0010743809,0.0010626193,0.0010488614,0.0010412742,0.0010518604,0.0010574453,0.0010690687,0.0,0.0010626196,0.0010488614,0.0010412742,0.0010518604,0.0010574453,0.001069069,0.0,0.0,0.0010488614,0.0010326947,0.0010229949,0.0010330972,0.0011088345,0.0010743814,0.0010626193,0.0,0.0,0.0010626194,0.0010626194,0.0010567433,0.0010743988,0.0,0.0010488615,0.0,0.0010626194,0.0010488614,0.0010698944,0.0010744248,0.0,0.0010626194,0.0010488614,0.0010412742,0.0,0.0010626201,0.0,0.0010626192,0.0,0.0010326947,0.0010136156,0.0010698918,0.0010808621,0.0010743836,0.0,0.0010488614,0.0010326947,0.0010229949,0.0010330975,0.001108862,0.0010743886,0.0,0.0,0.0010326947,0.0010136156,0.001069892,0.0010920932,0.0,0.0010626194,0.0010488615,0.0010412742,0.0010518604,0.0010574453,0.0010690688,0.0010743928,0.0010626193,0.0010488614,0.0,0.0010626193,0.0010488614,0.0010412751,0.0010743809,0.0,0.0010488614,0.0010326947,0.0010229949,0.0010330972,0.0011088361,0.001074382,0.0,0.0010488615,0.0010326947,0.0010229949,0.0010330973,0.0011088359,0.0,0.0010626193,0.0010626194,0.0010567429,0.0010675944,0.0,0.0009910654,0.0010743898,0.0,0.0010488614,0.0010326947,0.0010229949,0.0010330972,0.0011088342,0.0010743828,0.0,0.0,0.0010326947,0.0010136156,0.001069892,0.0010920947,0.00107441,0.0010626194,0.0,0.0010326949,0.0010136153,0.001069892,0.0010808613,0.0,0.0010626193,0.0010488614,0.0010412742,0.0010518604,0.0010574453,0.0010690687,0.0,0.0010626196,0.0,0.0010326947,0.0010136156,0.001069892,0.0010808563,0.0,0.0010626193,0.0010488614,0.0010412742,0.0010518604,0.0010574453,0.0010690691,0.0010743872,0.0010626193,0.0010488614,0.0010412743,0.0010518604,0.0010574453,0.0010690694,0.0,0.0,0.0,0.0010326947,0.0010136156,0.001069892,0.0010920938,0.0010743806,0.0010626193,0.0,0.0010326947,0.0010136156,0.001069892,0.001080857,0.0010743865,0.0010626193,0.0010488614,0.001069892,0.0,0.0010326947,0.0010136158,0.0,0.0010626193,0.0010488614,0.0010412742,0.0010518604,0.0010574453,0.00106907,0.0,0.0010626193,0.0010488614,0.0010412742,0.0010518604,0.0010574453,0.0010690691,0.0,0.0010626193,0.0010488614,0.0010412742,0.0010518604,0.0010574453,0.001069071,0.0010743818,0.0010626193,0.0010488614,0.0010412742,0.0010518604,0.0010574453,0.0010690693,0.0,0.0,0.0010488614,0.0010326947,0.0010229949,0.0010330972,0.0011088345,0.0,0.0010626193,0.0010488614,0.0010412742,0.0010518604,0.0010574453,0.0010690688,0.0010744917,0.0010626198,0.0010488614,0.0010412743,0.0010518604,0.0010574453,0.0010690719
k__Bacteria|p__Firmicutes|c__CFGB75522|o__OFGB75522|f__FGB75522|g__GGB4249|s__GGB4249_SGB5749,0.0,0.0010615073,0.0010478216,0.0010403645,0.0010512151,0.0010570532,0.0010688691,0.0,0.0010615074,0.0010478216,0.0010403645,0.0010512151,0.0010570532,0.0010688691,0.0,0.0,0.0010478405,0.001031746,0.0010221686,0.0010325363,0.001108145,0.0010732467,0.0,0.0010478218,0.0010317329,0.0010221677,0.0010325363,0.0011081445,0.0,0.0,0.0010478218,0.0010317329,0.0010221677,0.0010325363,0.0011081446,0.001073202,0.0010615073,0.0010478216,0.0010403645,0.0010512151,0.0010570532,0.0010688691,0.0,0.0010615076,0.001047822,0.0010403645,0.0010512151,0.0010570532,0.0010688696,0.0010732021,0.0010615073,0.0010478216,0.0010403645,0.0010512151,0.0010570532,0.0010688691,0.0,0.0010615074,0.0010478222,0.0010403648,0.0010512151,0.0010570532,0.0010688697,0.0,0.0010615074,0.0010478216,0.0010403645,0.0010512151,0.0010570532,0.0010688691,0.0,0.0010615074,0.0,0.0010317329,0.0010127373,0.0010688337,0.0010800596,0.0,0.0010615073,0.0010478216,0.0010403647,0.0010512151,0.0010570532,0.0010688694,0.0,0.0,0.0,0.0010317329,0.0010127373,0.0010688337,0.0010912274,0.0010732134,0.0010615074,0.0,0.0010317329,0.0010127373,0.0010688337,0.0010800638,0.0010732836,0.0,0.0,0.001031733,0.0010127373,0.0010688337,0.0010912273,0.0010732324,0.0,0.0010478216,0.0,0.0010615073,0.0010478216,0.001068834,0.0010732056,0.0,0.0,0.0010317329,0.0010127373,0.0010688337,0.0010912266,0.0,0.0010615091,0.0,0.0010317329,0.0010127373,0.0010688337,0.001080058,0.0,0.0,0.0010478226,0.0010615084,0.0,0.0010317329,0.0010615074,0.0010732342,0.0010615074,0.0,0.0010317329,0.0010127373,0.0010688337,0.001080058,0.0,0.0,0.0010478221,0.0010317329,0.0010221677,0.0010325363,0.001108145,0.0,0.0,0.0010478218,0.0,0.0010615073,0.0010478216,0.0010688337,0.0,0.001061512,0.0,0.0010615075,0.0,0.0010615073,0.001047822,0.0,0.0,0.0010478431,0.0010317365,0.0010221676,0.0010325363,0.001108145,0.0,0.0010615535,0.0010615129,0.0010557568,0.0010668703,0.0,0.0009902401,0.0,0.0010615095,0.0010478229,0.0,0.0010615078,0.0010478218,0.0010403671,0.0010732111,0.0010615073,0.0010478216,0.0,0.0010615073,0.0010478216,0.0010403653,0.0,0.0010615075,0.0010478216,0.0010403645,0.0010512151,0.0010570532,0.0010688693,0.0010732021,0.0010615073,0.0010478216,0.0010403645,0.0010512151,0.0010570532,0.0010688691,0.0010732326,0.0,0.0,0.0010317329,0.0010127373,0.0010688337,0.0010912262,0.0010732084,0.0,0.0010478216,0.0010317329,0.0010221677,0.0010325363,0.0011081449,0.0,0.0010615075,0.0,0.0010317329,0.0010127373,0.0010688337,0.001080058,0.0010732231,0.0,0.0010478216,0.0010317329,0.0010221677,0.0010325363,0.0011081492,0.0,0.0010615073,0.0010478216,0.0010403645,0.0010512151,0.0010570532,0.0010688697,0.0010732032,0.0010615073,0.0010478216,0.0010403645,0.0010512151,0.0010570532,0.0010688691,0.0,0.001061508,0.0010478218,0.0010403647,0.0010512151,0.0010570532,0.0010688691,0.0,0.0,0.0010478218,0.0010317329,0.0010221677,0.0010325363,0.001108145,0.0010732054,0.0010615073,0.0,0.0,0.0010615075,0.0010615074,0.0010557565,0.00107325,0.0,0.001047822,0.0,0.0010615075,0.0010478216,0.0010688363,0.001073332,0.0,0.0010615075,0.0010478218,0.0010403645,0.0,0.0010615077,0.0,0.0010615073,0.0,0.0010317329,0.0010127373,0.0010688337,0.0010800634,0.0010732092,0.0,0.0010478216,0.0010317329,0.0010221676,0.0010325365,0.0011081808,0.0010732225,0.0,0.0,0.0010317329,0.0010127373,0.0010688337,0.0010912264,0.0,0.0010615075,0.001047822,0.0010403645,0.0010512151,0.0010570532,0.0010688691,0.0010732367,0.0010615074,0.0010478218,0.0,0.0010615074,0.0010478216,0.0010403655,0.0010732046,0.0,0.0010478216,0.001031733,0.0010221677,0.0010325363,0.0011081456,0.0010732065,0.0,0.0010478216,0.0010317329,0.0010221676,0.0010325363,0.0011081458,0.0,0.0010615074,0.0010615075,0.0010557561,0.0010668703,0.0,0.0009902756,0.001073243,0.0,0.0010478218,0.0010317329,0.0010221677,0.0010325363,0.0011081446,0.0010732085,0.0,0.0,0.0010317329,0.0010127373,0.0010688337,0.0010912274,0.0010732803,0.001061508,0.0,0.001031734,0.001012738,0.0010688341,0.0010800624,0.0,0.0010615075,0.0010478218,0.0010403645,0.0010512151,0.0010570532,0.0010688691,0.0,0.0010615088,0.0,0.0010317329,0.0010127373,0.0010688337,0.001080058,0.0,0.0010615074,0.0010478221,0.0010403645,0.0010512151,0.0010570532,0.0010688693,0.0010732164,0.0010615074,0.001047822,0.001040365,0.0010512151,0.0010570532,0.0010688694,0.0,0.0,0.0,0.0010317329,0.0010127373,0.0010688337,0.0010912267,0.0010732017,0.0010615073,0.0,0.0010317329,0.0010127373,0.0010688337,0.0010800586,0.0010732164,0.0010615075,0.0010478216,0.0010688337,0.0,0.0010317329,0.0010127375,0.0,0.0010615073,0.0010478218,0.0010403647,0.0010512151,0.0010570532,0.0010688696,0.0,0.0010615073,0.0010478216,0.0010403645,0.0010512151,0.0010570532,0.0010688694,0.0,0.001061508,0.0010478218,0.0010403645,0.0010512151,0.0010570532,0.0010688705,0.0010732124,0.0010615073,0.0010478218,0.0010403645,0.0010512151,0.0010570532,0.0010688695,0.0,0.0,0.0010478216,0.0010317329,0.0010221677,0.0010325363,0.001108145,0.0,0.0010615073,0.0010478216,0.0010403645,0.0010512151,0.0010570532,0.0010688691,0.0010734567,0.0010615089,0.001047822,0.0010403647,0.0010512151,0.0010570532,0.0010688708
k__Bacteria|p__Firmicutes|c__Negativicutes|o__Veillonellales|f__Veillonellaceae|g__Allisonella|s__Allisonella_histaminiformans,0.0,0.0010618655,0.0010480594,0.0010404176,0.0010509335,0.0010564447,0.0010680278,0.0,0.0010618655,0.0010480594,0.0010404176,0.0010509335,0.0010564447,0.0010680276,0.0,0.0,0.0010480753,0.001031856,0.0010220873,0.0010321139,0.0011080634,0.0010736752,0.0,0.0010480594,0.0010318431,0.0010220871,0.0010321139,0.0011080627,0.0,0.0,0.0010480594,0.0010318431,0.0010220867,0.0010321139,0.0011080627,0.0010736733,0.0010618655,0.0010480594,0.0010404176,0.0010509335,0.0010564447,0.0010680276,0.0,0.0010618656,0.0010480596,0.0010404176,0.0010509335,0.0010564447,0.0010680285,0.0010736735,0.0010618655,0.0010480594,0.0010404176,0.0010509335,0.0010564447,0.0010680276,0.0,0.001061866,0.00104806,0.0010404176,0.0010509335,0.0010564447,0.0010680282,0.0,0.0010618655,0.0010480594,0.0010404176,0.0010509335,0.0010564447,0.0010680276,0.0,0.0010618655,0.0,0.0010318431,0.0010127142,0.0010691348,0.0010800402,0.0,0.0010618655,0.0010480594,0.0010404176,0.0010509335,0.0010564447,0.0010680286,0.0,0.0,0.0,0.0010318431,0.0010127138,0.0010691348,0.001091329,0.0010736721,0.0010618655,0.0,0.0010318431,0.0010127138,0.0010691351,0.0010800436,0.0010736486,0.0,0.0,0.0010318432,0.0010127138,0.0010691351,0.0010913288,0.0010736705,0.0,0.0010480594,0.0,0.0010618655,0.0010480594,0.0010691347,0.0010736728,0.0,0.0,0.0010318431,0.0010127138,0.0010691348,0.0010913276,0.0,0.0010618665,0.0,0.0010318431,0.0010127138,0.0010691348,0.0010800388,0.0,0.0,0.0010480607,0.0010618656,0.0,0.0010318431,0.0010618656,0.0010736816,0.0010618656,0.0,0.001031843,0.0010127138,0.0010691348,0.0010800387,0.0,0.0,0.0010480596,0.0010318431,0.0010220867,0.0010321139,0.0011080628,0.0,0.0,0.0010480594,0.0,0.0010618655,0.0010480594,0.0010691349,0.0,0.0010618713,0.0,0.0010618656,0.0,0.0010618655,0.0010480596,0.0,0.0,0.0010480757,0.0010318459,0.001022087,0.0010321139,0.0011080635,0.0,0.0010619002,0.0010618698,0.001055937,0.001066723,0.0,0.0009900804,0.0,0.0010618671,0.0010480605,0.0,0.001061866,0.0010480596,0.0010404204,0.0010736765,0.0010618655,0.0010480594,0.0,0.0010618655,0.0010480594,0.0010404183,0.0,0.0010618657,0.0010480596,0.0010404176,0.0010509335,0.0010564447,0.0010680278,0.0010736735,0.0010618655,0.0010480594,0.0010404176,0.0010509335,0.0010564447,0.0010680276,0.0010736639,0.0,0.0,0.0010318431,0.0010127138,0.0010691348,0.0010913275,0.0010736692,0.0,0.0010480594,0.0010318431,0.0010220867,0.0010321139,0.001108063,0.0,0.0010618656,0.0,0.0010318431,0.0010127138,0.0010691348,0.0010800385,0.001073678,0.0,0.0010480594,0.0010318431,0.0010220867,0.0010321139,0.001108068,0.0,0.0010618655,0.0010480594,0.0010404176,0.0010509335,0.0010564447,0.0010680286,0.001073673,0.0010618655,0.0010480594,0.0010404176,0.0010509335,0.0010564447,0.0010680276,0.0,0.0010618662,0.0010480596,0.0010404176,0.0010509335,0.0010564447,0.0010680278,0.0,0.0,0.0010480594,0.0010318431,0.0010220867,0.0010321139,0.0011080628,0.0010736734,0.0010618655,0.0,0.0,0.0010618656,0.0010618655,0.0010559371,0.001073677,0.0,0.0010480598,0.0,0.0010618656,0.0010480594,0.0010691393,0.0010736568,0.0,0.0010618656,0.0010480596,0.0010404178,0.0,0.0010618662,0.0,0.0010618654,0.0,0.0010318431,0.0010127142,0.001069135,0.0010800457,0.0010736735,0.0,0.0010480594,0.0010318431,0.0010220868,0.0010321139,0.0011081056,0.001073681,0.0,0.0,0.0010318431,0.0010127138,0.0010691348,0.0010913274,0.0,0.0010618656,0.0010480596,0.0010404176,0.0010509335,0.0010564447,0.0010680276,0.0010736701,0.0010618656,0.0010480596,0.0,0.0010618656,0.0010480594,0.0010404184,0.0010736717,0.0,0.0010480596,0.0010318432,0.0010220871,0.0010321139,0.0011080651,0.0010736741,0.0,0.0010480596,0.001031843,0.001022087,0.001032114,0.0011080636,0.0,0.0010618656,0.0010618657,0.0010559367,0.0010667233,0.0,0.0009901259,0.0010736594,0.0,0.0010480596,0.0010318431,0.0010220867,0.0010321139,0.0011080627,0.0010736752,0.0,0.0,0.0010318431,0.0010127142,0.0010691351,0.0010913289,0.0010736514,0.0010618654,0.0,0.0010318438,0.0010127138,0.001069135,0.001080044,0.0,0.0010618656,0.0010480596,0.0010404176,0.0010509335,0.0010564447,0.0010680276,0.0,0.0010618673,0.0,0.0010318431,0.0010127138,0.0010691348,0.0010800385,0.0,0.0010618656,0.0010480596,0.0010404178,0.0010509335,0.0010564447,0.0010680278,0.0010736723,0.0010618658,0.0010480596,0.0010404178,0.0010509335,0.0010564447,0.0010680279,0.0,0.0,0.0,0.0010318431,0.0010127138,0.0010691348,0.0010913281,0.0010736734,0.0010618655,0.0,0.0010318431,0.0010127138,0.0010691348,0.0010800391,0.0010736769,0.0010618656,0.0010480594,0.0010691348,0.0,0.0010318431,0.0010127139,0.0,0.0010618655,0.0010480594,0.0010404178,0.0010509335,0.0010564447,0.0010680285,0.0,0.0010618655,0.0010480594,0.0010404176,0.0010509335,0.0010564447,0.0010680279,0.0,0.0010618657,0.0010480596,0.0010404176,0.0010509335,0.001056445,0.0010680303,0.0010736692,0.0010618655,0.0010480594,0.0010404176,0.0010509335,0.0010564447,0.001068028,0.0,0.0,0.0010480594,0.0010318431,0.0010220867,0.0010321139,0.001108063,0.0,0.0010618655,0.0010480594,0.0010404176,0.0010509335,0.0010564447,0.0010680276,0.001073784,0.0010618675,0.0010480597,0.0010404177,0.0010509335,0.0010564447,0.001068031
k__Bacteria|p__Firmicutes|c__CFGB1507|o__OFGB1507|f__FGB1507|g__GGB3819|s__GGB3819_SGB5184,0.0,0.0010591312,0.0010454548,0.001038061,0.0010491017,0.0010551127,0.0010670833,0.0,0.0010591313,0.0010454548,0.001038061,0.0010491017,0.0010551127,0.0010670833,0.0,0.0,0.0010454621,0.0010293835,0.0010198797,0.0010304331,0.0011062152,0.0010708543,0.0,0.0010454548,0.0010293789,0.0010198794,0.0010304329,0.0011062147,0.0,0.0,0.0010454548,0.0010293789,0.0010198794,0.0010304329,0.0011062147,0.0010708201,0.0010591312,0.0010454548,0.001038061,0.0010491017,0.0010551127,0.0010670832,0.0,0.0010591316,0.0010454549,0.001038061,0.0010491017,0.0010551127,0.0010670839,0.0010708203,0.0010591312,0.0010454548,0.001038061,0.0010491017,0.0010551127,0.0010670833,0.0,0.0010591315,0.0010454551,0.0010380611,0.0010491017,0.0010551127,0.0010670836,0.0,0.0010591313,0.0010454548,0.001038061,0.0010491017,0.0010551127,0.0010670832,0.0,0.0010591313,0.0,0.0010293789,0.0010104018,0.0010665136,0.0010779384,0.0,0.0010591312,0.0010454548,0.001038061,0.0010491017,0.0010551127,0.0010670831,0.0,0.0,0.0,0.0010293789,0.0010104018,0.0010665136,0.0010891067,0.00107083,0.0010591313,0.0,0.0010293789,0.0010104018,0.0010665136,0.0010779407,0.0010708875,0.0,0.0,0.0010293789,0.0010104018,0.0010665136,0.0010891068,0.0010708449,0.0,0.0010454548,0.0,0.0010591312,0.0010454548,0.0010665136,0.0010708228,0.0,0.0,0.0010293789,0.0010104018,0.0010665136,0.0010891065,0.0,0.001059132,0.0,0.0010293789,0.0010104018,0.0010665136,0.0010779377,0.0,0.0,0.0010454552,0.0010591322,0.0,0.0010293789,0.0010591313,0.0010708381,0.0010591315,0.0,0.0010293787,0.0010104018,0.0010665136,0.0010779374,0.0,0.0,0.0010454546,0.0010293789,0.0010198794,0.0010304329,0.0011062152,0.0,0.0,0.0010454548,0.0,0.0010591312,0.0010454548,0.0010665135,0.0,0.0010591326,0.0,0.0010591315,0.0,0.0010591312,0.0010454549,0.0,0.0,0.0010454626,0.00102938,0.0010198794,0.0010304329,0.0011062147,0.0,0.0010591467,0.001059133,0.0010534427,0.0010647513,0.0,0.0009879273,0.0,0.0010591325,0.0010454552,0.0,0.0010591315,0.0010454549,0.0010380629,0.0010708264,0.0010591312,0.0010454548,0.0,0.0010591312,0.0010454548,0.0010380616,0.0,0.0010591315,0.0010454549,0.001038061,0.0010491017,0.0010551127,0.0010670832,0.0010708203,0.0010591312,0.0010454548,0.001038061,0.0010491017,0.0010551127,0.0010670832,0.001070846,0.0,0.0,0.0010293789,0.0010104018,0.0010665136,0.0010891065,0.0010708242,0.0,0.0010454548,0.0010293789,0.0010198794,0.0010304329,0.0011062147,0.0,0.0010591315,0.0,0.0010293789,0.0010104018,0.0010665136,0.0010779375,0.0010708354,0.0,0.0010454548,0.0010293789,0.0010198794,0.0010304329,0.0011062182,0.0,0.0010591312,0.0010454548,0.001038061,0.0010491017,0.0010551127,0.001067084,0.0010708213,0.0010591312,0.0010454548,0.001038061,0.0010491017,0.0010551127,0.0010670832,0.0,0.0010591316,0.0010454545,0.001038061,0.0010491017,0.0010551127,0.0010670833,0.0,0.0,0.0010454548,0.0010293789,0.0010198794,0.0010304329,0.0011062151,0.0010708227,0.0010591312,0.0,0.0,0.0010591315,0.0010591313,0.0010534424,0.0010708557,0.0,0.0010454549,0.0,0.0010591315,0.0010454548,0.0010665166,0.0010709271,0.0,0.0010591313,0.0010454545,0.001038061,0.0,0.0010591317,0.0,0.0010591312,0.0,0.0010293789,0.0010104018,0.0010665135,0.0010779424,0.0010708258,0.0,0.0010454548,0.0010293789,0.0010198794,0.0010304335,0.0011062361,0.0010708332,0.0,0.0,0.0010293789,0.0010104018,0.0010665136,0.0010891063,0.0,0.0010591315,0.0010454549,0.001038061,0.0010491017,0.0010551127,0.0010670833,0.0010708525,0.0010591315,0.0010454549,0.0,0.0010591313,0.0010454548,0.0010380619,0.0010708226,0.0,0.0010454549,0.001029379,0.0010198794,0.0010304331,0.0011062155,0.0010708233,0.0,0.0010454549,0.0010293787,0.0010198794,0.0010304332,0.0011062155,0.0,0.0010591315,0.0010591315,0.0010534425,0.0010647513,0.0,0.0009879518,0.0010708517,0.0,0.0010454545,0.0010293789,0.0010198794,0.0010304329,0.0011062147,0.0010708246,0.0,0.0,0.0010293789,0.0010104018,0.0010665136,0.0010891069,0.0010708859,0.0010591319,0.0,0.0010293794,0.0010104019,0.0010665136,0.0010779409,0.0,0.0010591315,0.0010454545,0.001038061,0.0010491017,0.0010551127,0.0010670832,0.0,0.0010591319,0.0,0.0010293789,0.0010104018,0.0010665136,0.0010779375,0.0,0.0010591313,0.0010454549,0.001038061,0.0010491017,0.0010551127,0.0010670833,0.0010708318,0.0010591312,0.0010454549,0.0010380611,0.0010491017,0.0010551127,0.0010670834,0.0,0.0,0.0,0.0010293789,0.0010104018,0.0010665136,0.0010891067,0.00107082,0.0010591312,0.0,0.0010293789,0.0010104018,0.0010665136,0.0010779379,0.0010708298,0.0010591315,0.0010454548,0.0010665136,0.0,0.0010293789,0.001010402,0.0,0.0010591312,0.0010454548,0.001038061,0.0010491017,0.0010551127,0.0010670838,0.0,0.0010591312,0.0010454548,0.001038061,0.0010491017,0.0010551127,0.0010670832,0.0,0.0010591316,0.0010454545,0.001038061,0.0010491017,0.0010551127,0.0010670841,0.0010708276,0.0010591312,0.0010454548,0.001038061,0.0010491017,0.0010551127,0.0010670836,0.0,0.0,0.0010454548,0.0010293789,0.0010198794,0.0010304329,0.0011062152,0.0,0.0010591312,0.0010454548,0.001038061,0.0010491017,0.0010551127,0.0010670832,0.0010709947,0.001059132,0.0010454549,0.001038061,0.0010491017,0.0010551127,0.0010670844
k__Bacteria|p__Firmicutes|c__Clostridia|o__Eubacteriales|f__Eubacteriales_unclassified|g__Gemmiger|s__Gemmiger_SGB1481,0.0,0.0010620482,0.0010484523,0.0010411154,0.001052158,0.0010581877,0.0010701297,0.0,0.0010620485,0.0010484523,0.0010411154,0.001052158,0.0010581877,0.0010701299,0.0,0.0,0.0010484502,0.0010324557,0.001023016,0.0010335835,0.0011088706,0.0010736622,0.0,0.0010484523,0.001032457,0.001023016,0.0010335838,0.0011088706,0.0,0.0,0.0010484523,0.001032457,0.001023016,0.0010335838,0.0011088706,0.0010736574,0.0010620484,0.0010484523,0.0010411154,0.001052158,0.0010581877,0.0010701298,0.0,0.0010620484,0.0010484525,0.0010411154,0.001052158,0.0010581877,0.0010701303,0.0010736573,0.0010620484,0.0010484523,0.0010411154,0.001052158,0.0010581877,0.0010701297,0.0,0.0010620482,0.0010484525,0.0010411155,0.001052158,0.0010581877,0.0010701299,0.0,0.0010620485,0.0010484523,0.0010411154,0.001052158,0.0010581877,0.0010701298,0.0,0.0010620485,0.0,0.001032457,0.0010135581,0.0010693996,0.0010808022,0.0,0.0010620484,0.0010484523,0.0010411154,0.001052158,0.0010581877,0.0010701298,0.0,0.0,0.0,0.001032457,0.0010135581,0.0010693996,0.0010918766,0.0010736594,0.0010620485,0.0,0.001032457,0.0010135581,0.0010693996,0.0010808011,0.0010736639,0.0,0.0,0.0010324569,0.0010135581,0.0010693996,0.001091877,0.0010736601,0.0,0.0010484523,0.0,0.0010620484,0.0010484523,0.0010693996,0.0010736568,0.0,0.0,0.001032457,0.0010135581,0.0010693999,0.001091877,0.0,0.0010620479,0.0,0.001032457,0.0010135581,0.0010693999,0.0010808016,0.0,0.0,0.0010484526,0.0010620482,0.0,0.001032457,0.0010620484,0.0010736566,0.0010620482,0.0,0.0010324571,0.0010135581,0.0010693999,0.0010808015,0.0,0.0,0.0010484525,0.001032457,0.001023016,0.0010335838,0.0011088705,0.0,0.0,0.0010484523,0.0,0.0010620484,0.0010484523,0.0010693995,0.0,0.0010620469,0.0,0.0010620486,0.0,0.0010620484,0.0010484525,0.0,0.0,0.0010484504,0.0010324559,0.001023016,0.0010335835,0.0011088703,0.0,0.0010620309,0.0010620465,0.0010564122,0.0010677114,0.0,0.0009911528,0.0,0.0010620477,0.001048452,0.0,0.0010620482,0.0010484525,0.0010411157,0.0010736583,0.0010620484,0.0010484523,0.0,0.0010620484,0.0010484523,0.0010411155,0.0,0.0010620485,0.0010484525,0.0010411154,0.001052158,0.0010581877,0.0010701299,0.0010736575,0.0010620484,0.0010484523,0.0010411154,0.001052158,0.0010581877,0.0010701298,0.0010736609,0.0,0.0,0.001032457,0.0010135581,0.0010693999,0.0010918769,0.0010736553,0.0,0.0010484523,0.001032457,0.001023016,0.0010335838,0.0011088704,0.0,0.0010620486,0.0,0.001032457,0.0010135581,0.0010693999,0.0010808015,0.001073659,0.0,0.0010484523,0.001032457,0.001023016,0.0010335835,0.0011088693,0.0,0.0010620484,0.0010484523,0.0010411154,0.001052158,0.0010581877,0.0010701302,0.0010736577,0.0010620484,0.0010484523,0.0010411154,0.001052158,0.0010581877,0.0010701298,0.0,0.0010620485,0.0010484525,0.0010411154,0.001052158,0.0010581877,0.0010701297,0.0,0.0,0.0010484523,0.001032457,0.001023016,0.0010335838,0.0011088706,0.0010736578,0.0010620484,0.0,0.0,0.0010620486,0.0010620485,0.0010564126,0.001073663,0.0,0.0010484522,0.0,0.0010620486,0.0010484523,0.0010694007,0.001073673,0.0,0.0010620484,0.0010484525,0.0010411154,0.0,0.0010620485,0.0,0.0010620484,0.0,0.001032457,0.0010135581,0.0010693996,0.0010808043,0.0010736581,0.0,0.0010484523,0.001032457,0.001023016,0.0010335838,0.0011088656,0.0010736585,0.0,0.0,0.001032457,0.0010135581,0.0010693999,0.0010918769,0.0,0.0010620486,0.0010484525,0.0010411154,0.001052158,0.0010581877,0.0010701299,0.0010736809,0.0010620485,0.0010484525,0.0,0.0010620482,0.0010484523,0.0010411157,0.0010736572,0.0,0.0010484525,0.0010324572,0.001023016,0.0010335835,0.0011088706,0.0010736571,0.0,0.0010484525,0.001032457,0.001023016,0.0010335837,0.0011088701,0.0,0.0010620485,0.0010620485,0.0010564124,0.001067711,0.0,0.0009911743,0.0010736599,0.0,0.0010484525,0.001032457,0.001023016,0.0010335838,0.0011088706,0.0010736577,0.0,0.0,0.001032457,0.0010135581,0.0010693996,0.0010918771,0.0010736688,0.0010620479,0.0,0.0010324569,0.0010135578,0.0010693996,0.0010808024,0.0,0.0010620484,0.0010484525,0.0010411154,0.001052158,0.0010581877,0.0010701298,0.0,0.0010620479,0.0,0.001032457,0.0010135581,0.0010693999,0.0010808015,0.0,0.0010620484,0.0010484525,0.0010411154,0.001052158,0.0010581877,0.0010701297,0.0010736561,0.0010620481,0.0010484523,0.0010411151,0.001052158,0.0010581877,0.0010701298,0.0,0.0,0.0,0.001032457,0.0010135581,0.0010693999,0.0010918771,0.0010736572,0.0010620484,0.0,0.001032457,0.0010135581,0.0010693999,0.0010808012,0.0010736574,0.0010620484,0.0010484523,0.0010693999,0.0,0.001032457,0.0010135584,0.0,0.0010620484,0.0010484523,0.0010411154,0.001052158,0.0010581877,0.0010701302,0.0,0.0010620484,0.0010484523,0.0010411154,0.001052158,0.0010581877,0.0010701297,0.0,0.001062048,0.0010484525,0.0010411154,0.001052158,0.0010581877,0.0010701304,0.001073655,0.0010620484,0.0010484523,0.0010411154,0.001052158,0.0010581877,0.0010701299,0.0,0.0,0.0010484523,0.001032457,0.001023016,0.0010335838,0.0011088705,0.0,0.0010620484,0.0010484523,0.0010411154,0.001052158,0.0010581877,0.0010701298,0.0010737003,0.0010620479,0.0010484523,0.0010411153,0.001052158,0.0010581877,0.0010701305
k__Bacteria|p__Firmicutes|c__Clostridia|o__Eubacteriales|f__Christensenellaceae|g__Christensenellaceae_unclassified|s__Christensenellaceae_bacterium_NSJ_63,0.0,0.0010612266,0.0010476313,0.0010403125,0.0010514142,0.0010574973,0.0010694886,0.0,0.0010612268,0.0010476313,0.0010403125,0.0010514142,0.0010574973,0.0010694886,0.0,0.0,0.0010476366,0.0010316398,0.0010222158,0.0010328406,0.0011081959,0.0010728624,0.0,0.0010476313,0.0010316377,0.0010222157,0.0010328406,0.0011081956,0.0,0.0,0.0010476313,0.0010316377,0.0010222157,0.0010328406,0.0011081957,0.0010728365,0.0010612268,0.0010476313,0.0010403125,0.0010514142,0.0010574973,0.0010694887,0.0,0.0010612273,0.0010476314,0.0010403125,0.0010514142,0.0010574973,0.0010694898,0.0010728365,0.0010612268,0.0010476313,0.0010403125,0.0010514142,0.0010574973,0.0010694886,0.0,0.0010612269,0.0010476318,0.0010403125,0.0010514142,0.0010574973,0.0010694887,0.0,0.0010612268,0.0010476313,0.0010403125,0.0010514142,0.0010574973,0.0010694887,0.0,0.0010612268,0.0,0.0010316377,0.0010127422,0.0010685964,0.0010800625,0.0,0.0010612268,0.0010476313,0.0010403123,0.0010514142,0.0010574973,0.0010694886,0.0,0.0,0.0,0.0010316377,0.0010127422,0.0010685965,0.0010911396,0.0010728451,0.0010612268,0.0,0.0010316377,0.0010127422,0.0010685965,0.0010800661,0.0010729172,0.0,0.0,0.0010316378,0.0010127422,0.0010685964,0.0010911401,0.0010728616,0.0,0.0010476313,0.0,0.0010612268,0.0010476313,0.0010685965,0.001072839,0.0,0.0,0.0010316377,0.0010127422,0.0010685964,0.0010911395,0.0,0.0010612273,0.0,0.0010316377,0.0010127422,0.0010685964,0.0010800615,0.0,0.0,0.0010476315,0.0010612276,0.0,0.0010316377,0.001061227,0.0010728505,0.0010612269,0.0,0.0010316377,0.0010127422,0.0010685964,0.0010800612,0.0,0.0,0.0010476314,0.0010316377,0.0010222157,0.0010328406,0.001108196,0.0,0.0,0.0010476313,0.0,0.0010612268,0.0010476313,0.0010685966,0.0,0.0010612265,0.0,0.0010612269,0.0,0.0010612268,0.0010476314,0.0,0.0,0.0010476334,0.0010316381,0.0010222157,0.0010328406,0.001108195,0.0,0.0010612396,0.0010612282,0.0010556089,0.0010669689,0.0,0.0009903464,0.0,0.0010612276,0.0010476314,0.0,0.0010612269,0.0010476314,0.0010403147,0.0010728398,0.0010612268,0.0010476313,0.0,0.0010612268,0.0010476313,0.0010403136,0.0,0.0010612268,0.0010476314,0.0010403123,0.0010514142,0.0010574973,0.0010694887,0.0010728365,0.0010612268,0.0010476313,0.0010403125,0.0010514142,0.0010574973,0.0010694887,0.0010728636,0.0,0.0,0.0010316377,0.0010127422,0.0010685964,0.0010911394,0.0010728422,0.0,0.0010476313,0.0010316377,0.0010222157,0.0010328406,0.0011081955,0.0,0.0010612269,0.0,0.0010316377,0.0010127422,0.0010685964,0.0010800612,0.0010728502,0.0,0.0010476313,0.0010316377,0.0010222157,0.0010328406,0.0011082023,0.0,0.0010612268,0.0010476313,0.0010403125,0.0010514142,0.0010574973,0.0010694894,0.001072837,0.0010612268,0.0010476313,0.0010403125,0.0010514142,0.0010574973,0.0010694887,0.0,0.0010612267,0.0010476314,0.0010403123,0.0010514142,0.0010574973,0.0010694886,0.0,0.0,0.0010476313,0.0010316377,0.0010222157,0.0010328406,0.0011081956,0.0010728382,0.0010612268,0.0,0.0,0.0010612269,0.0010612268,0.0010556089,0.0010728652,0.0,0.0010476314,0.0,0.0010612269,0.0010476313,0.0010686007,0.0010729616,0.0,0.0010612269,0.0010476314,0.0010403123,0.0,0.0010612273,0.0,0.0010612267,0.0,0.0010316377,0.0010127422,0.0010685963,0.0010800683,0.0010728409,0.0,0.0010476313,0.0010316377,0.0010222157,0.0010328409,0.0011082448,0.0010728455,0.0,0.0,0.0010316377,0.0010127422,0.0010685964,0.0010911393,0.0,0.0010612269,0.0010476314,0.0010403125,0.0010514142,0.0010574973,0.0010694886,0.0010728484,0.0010612268,0.0010476314,0.0,0.0010612267,0.0010476313,0.0010403133,0.0010728391,0.0,0.0010476314,0.0010316378,0.0010222157,0.0010328406,0.0011081963,0.0010728386,0.0,0.0010476314,0.0010316377,0.0010222157,0.0010328406,0.001108197,0.0,0.0010612268,0.001061227,0.0010556089,0.0010669684,0.0,0.0009903687,0.0010728715,0.0,0.0010476314,0.0010316377,0.0010222157,0.0010328406,0.0011081957,0.0010728395,0.0,0.0,0.0010316377,0.0010127422,0.0010685964,0.0010911396,0.0010729029,0.0010612276,0.0,0.0010316384,0.0010127424,0.0010685965,0.0010800663,0.0,0.0010612267,0.0010476314,0.0010403123,0.0010514142,0.0010574973,0.0010694887,0.0,0.0010612268,0.0,0.0010316377,0.0010127422,0.0010685964,0.0010800612,0.0,0.0010612268,0.0010476314,0.0010403123,0.0010514142,0.0010574973,0.0010694885,0.0010728496,0.0010612268,0.0010476314,0.0010403125,0.0010514142,0.0010574973,0.0010694888,0.0,0.0,0.0,0.0010316377,0.0010127422,0.0010685964,0.0010911396,0.0010728363,0.0010612268,0.0,0.0010316377,0.0010127422,0.0010685964,0.0010800619,0.0010728427,0.0010612267,0.0010476313,0.0010685964,0.0,0.0010316377,0.0010127423,0.0,0.0010612268,0.0010476313,0.0010403123,0.0010514142,0.0010574973,0.001069489,0.0,0.0010612268,0.0010476313,0.0010403123,0.0010514142,0.0010574973,0.0010694885,0.0,0.0010612273,0.0010476314,0.0010403123,0.0010514142,0.0010574973,0.0010694898,0.0010728448,0.0010612268,0.0010476313,0.0010403123,0.0010514142,0.0010574973,0.0010694888,0.0,0.0,0.0010476313,0.0010316377,0.0010222157,0.0010328406,0.0011081957,0.0,0.0010612268,0.0010476313,0.0010403125,0.0010514142,0.0010574973,0.0010694887,0.0010729795,0.0010612274,0.0010476314,0.0010403125,0.0010514142,0.0010574973,0.0010694895
k__Bacteria|p__Firmicutes|c__Clostridia|o__Clostridia_unclassified|f__Clostridia_unclassified|g__GGB33586|s__GGB33586_SGB53517,0.0,0.0010601337,0.0010463768,0.0010388443,0.0010496088,0.0010553543,0.0010671254,0.0,0.0010601339,0.0010463768,0.0010388443,0.0010496088,0.0010553543,0.0010671252,0.0,0.0,0.0010463905,0.0010302254,0.0010205725,0.001030847,0.0011067913,0.0010719034,0.0,0.0010463768,0.0010302153,0.0010205721,0.0010308466,0.0011067904,0.0,0.0,0.0010463768,0.0010302153,0.0010205718,0.0010308466,0.0011067903,0.001071897,0.0010601338,0.0010463768,0.0010388443,0.0010496088,0.0010553543,0.0010671252,0.0,0.0010601338,0.0010463769,0.0010388443,0.0010496088,0.0010553543,0.0010671265,0.001071897,0.0010601338,0.0010463768,0.0010388443,0.0010496088,0.0010553543,0.0010671254,0.0,0.0010601339,0.0010463778,0.0010388445,0.0010496088,0.0010553543,0.0010671259,0.0,0.0010601339,0.0010463768,0.0010388443,0.0010496088,0.0010553543,0.0010671254,0.0,0.0010601339,0.0,0.0010302153,0.0010111469,0.0010674612,0.0010786176,0.0,0.0010601338,0.0010463768,0.0010388443,0.0010496088,0.0010553543,0.0010671263,0.0,0.0,0.0,0.0010302153,0.0010111465,0.0010674612,0.0010898634,0.0010718975,0.0010601339,0.0,0.0010302153,0.0010111465,0.0010674612,0.0010786236,0.0010718994,0.0,0.0,0.0010302153,0.0010111465,0.0010674612,0.0010898631,0.0010718979,0.0,0.0010463768,0.0,0.0010601338,0.0010463768,0.0010674614,0.0010718975,0.0,0.0,0.0010302153,0.0010111465,0.0010674612,0.001089861,0.0,0.001060135,0.0,0.0010302153,0.0010111465,0.0010674612,0.0010786154,0.0,0.0,0.0010463782,0.0010601344,0.0,0.0010302153,0.0010601338,0.0010719087,0.0010601339,0.0,0.0010302153,0.0010111465,0.0010674612,0.0010786153,0.0,0.0,0.001046377,0.0010302153,0.0010205718,0.0010308466,0.0011067906,0.0,0.0,0.0010463768,0.0,0.0010601338,0.0010463768,0.0010674613,0.0,0.0010601387,0.0,0.001060134,0.0,0.0010601338,0.0010463769,0.0,0.0,0.0010463926,0.0010302177,0.0010205721,0.0010308466,0.0011067912,0.0,0.0010601599,0.0010601373,0.0010543112,0.0010653466,0.0,0.0009885841,0.0,0.0010601357,0.0010463779,0.0,0.001060134,0.001046377,0.0010388477,0.0010718999,0.0010601338,0.0010463768,0.0,0.0010601338,0.0010463768,0.0010388457,0.0,0.0010601339,0.0010463769,0.0010388443,0.0010496088,0.0010553543,0.0010671252,0.0010718969,0.0010601338,0.0010463768,0.0010388443,0.0010496088,0.0010553543,0.0010671254,0.0010718978,0.0,0.0,0.0010302153,0.0010111465,0.0010674612,0.001089861,0.0010718951,0.0,0.0010463768,0.0010302153,0.0010205718,0.0010308466,0.001106791,0.0,0.001060134,0.0,0.0010302153,0.0010111465,0.0010674612,0.0010786148,0.0010719032,0.0,0.0010463768,0.0010302153,0.0010205718,0.0010308466,0.0011067999,0.0,0.0010601338,0.0010463768,0.0010388443,0.0010496088,0.0010553543,0.0010671271,0.0010718968,0.0010601338,0.0010463768,0.0010388443,0.0010496088,0.0010553543,0.0010671252,0.0,0.0010601344,0.001046377,0.0010388443,0.0010496088,0.0010553543,0.0010671254,0.0,0.0,0.0010463768,0.0010302153,0.0010205718,0.0010308466,0.0011067904,0.0010718971,0.0010601338,0.0,0.0,0.001060134,0.0010601339,0.0010543113,0.0010719061,0.0,0.0010463772,0.0,0.001060134,0.0010463768,0.0010674665,0.001071911,0.0,0.0010601339,0.001046377,0.0010388443,0.0,0.0010601345,0.0,0.0010601338,0.0,0.0010302153,0.0010111465,0.0010674611,0.0010786254,0.001071899,0.0,0.0010463768,0.0010302153,0.0010205721,0.001030847,0.0011068622,0.0010719072,0.0,0.0,0.0010302153,0.0010111465,0.0010674612,0.001089861,0.0,0.001060134,0.0010463769,0.0010388443,0.0010496088,0.0010553543,0.0010671252,0.0010718837,0.0010601339,0.001046377,0.0,0.0010601337,0.0010463768,0.0010388455,0.0010718966,0.0,0.001046377,0.0010302153,0.0010205718,0.0010308466,0.001106794,0.001071898,0.0,0.0010463769,0.0010302153,0.0010205721,0.001030847,0.0011067931,0.0,0.0010601339,0.0010601339,0.0010543105,0.0010653464,0.0,0.0009886366,0.001071892,0.0,0.001046377,0.0010302153,0.0010205718,0.0010308466,0.0011067903,0.001071899,0.0,0.0,0.0010302153,0.0010111469,0.0010674612,0.0010898632,0.0010718998,0.0010601341,0.0,0.001030216,0.001011147,0.0010674612,0.0010786237,0.0,0.0010601338,0.001046377,0.0010388443,0.0010496088,0.0010553543,0.0010671252,0.0,0.0010601351,0.0,0.0010302153,0.0010111465,0.0010674612,0.0010786148,0.0,0.0010601338,0.001046377,0.0010388443,0.0010496088,0.0010553543,0.0010671254,0.0010719015,0.0010601338,0.0010463769,0.0010388447,0.0010496088,0.0010553543,0.0010671259,0.0,0.0,0.0,0.0010302153,0.0010111465,0.0010674612,0.0010898618,0.0010718966,0.0010601338,0.0,0.0010302153,0.0010111465,0.0010674612,0.0010786161,0.0010719023,0.0010601338,0.0010463768,0.0010674612,0.0,0.0010302153,0.001011147,0.0,0.0010601338,0.0010463768,0.0010388443,0.0010496088,0.0010553543,0.0010671266,0.0,0.0010601338,0.0010463768,0.0010388443,0.0010496088,0.0010553543,0.0010671256,0.0,0.0010601339,0.001046377,0.0010388443,0.0010496088,0.0010553545,0.0010671287,0.0010718956,0.0010601338,0.0010463768,0.0010388443,0.0010496088,0.0010553543,0.0010671257,0.0,0.0,0.0010463768,0.0010302153,0.0010205721,0.0010308466,0.001106791,0.0,0.0010601338,0.0010463768,0.0010388443,0.0010496088,0.0010553543,0.0010671254,0.001072002,0.0010601353,0.0010463771,0.0010388446,0.0010496088,0.0010553543,0.0010671297
k__Bacteria|p__Firmicutes|c__Clostridia|o__Eubacteriales|f__Oscillospiraceae|g__Anaerotruncus|s__Anaerotruncus_rubiinfantis,0.0,0.001061487,0.0010478826,0.0010405451,0.0010516054,0.0010576496,0.00106961,0.0,0.001061487,0.0010478826,0.0010405451,0.0010516054,0.0010576496,0.00106961,0.0,0.0,0.0010478991,0.0010318906,0.0010224389,0.0010330214,0.0011083826,0.0010731299,0.0,0.0010478826,0.001031879,0.0010224377,0.0010330214,0.0011083819,0.0,0.0,0.0010478826,0.0010318793,0.0010224377,0.0010330214,0.0011083819,0.0010731049,0.0010614869,0.0010478826,0.0010405451,0.0010516054,0.0010576496,0.00106961,0.0,0.0010614877,0.0010478826,0.0010405451,0.0010516054,0.0010576496,0.0010696101,0.0010731049,0.0010614869,0.0010478826,0.0010405451,0.0010516054,0.0010576496,0.00106961,0.0,0.0010614872,0.0010478832,0.0010405452,0.0010516054,0.0010576496,0.0010696106,0.0,0.001061487,0.0010478826,0.0010405451,0.0010516054,0.0010576496,0.00106961,0.0,0.001061487,0.0,0.001031879,0.0010129731,0.0010688474,0.0010802724,0.0,0.0010614869,0.0010478826,0.0010405451,0.0010516054,0.0010576496,0.0010696108,0.0,0.0,0.0,0.001031879,0.0010129731,0.0010688474,0.00109136,0.0010731114,0.001061487,0.0,0.0010318793,0.0010129731,0.0010688474,0.0010802804,0.0010731759,0.0,0.0,0.0010318793,0.0010129731,0.0010688474,0.0010913594,0.0010731238,0.0,0.0010478826,0.0,0.0010614869,0.0010478826,0.0010688475,0.0010731082,0.0,0.0,0.001031879,0.0010129731,0.0010688474,0.0010913572,0.0,0.001061489,0.0,0.0010318793,0.0010129731,0.0010688474,0.0010802712,0.0,0.0,0.0010478835,0.0010614882,0.0,0.001031879,0.0010614871,0.0010731305,0.0010614872,0.0,0.001031879,0.0010129731,0.0010688474,0.0010802709,0.0,0.0,0.0010478827,0.0010318793,0.0010224377,0.0010330214,0.0011083824,0.0,0.0,0.0010478826,0.0,0.0010614869,0.0010478826,0.0010688474,0.0,0.0010614919,0.0,0.0010614871,0.0,0.0010614869,0.0010478827,0.0,0.0,0.0010479023,0.0010318826,0.0010224378,0.0010330214,0.0011083827,0.0,0.0010615388,0.0010614919,0.0010558513,0.0010671696,0.0,0.0009905708,0.0,0.0010614903,0.0010478838,0.0,0.0010614872,0.0010478826,0.0010405476,0.0010731084,0.0010614869,0.0010478826,0.0,0.0010614869,0.0010478826,0.0010405465,0.0,0.001061487,0.0010478827,0.0010405451,0.0010516054,0.0010576496,0.00106961,0.0010731046,0.0010614869,0.0010478826,0.0010405451,0.0010516054,0.0010576496,0.00106961,0.0010731319,0.0,0.0,0.001031879,0.0010129731,0.0010688474,0.001091357,0.001073111,0.0,0.0010478826,0.001031879,0.0010224377,0.0010330214,0.0011083822,0.0,0.0010614871,0.0,0.001031879,0.0010129731,0.0010688474,0.0010802707,0.0010731186,0.0,0.0010478826,0.001031879,0.0010224377,0.0010330214,0.0011083906,0.0,0.0010614869,0.0010478826,0.0010405451,0.0010516054,0.0010576496,0.0010696121,0.0010731049,0.0010614869,0.0010478826,0.0010405451,0.0010516054,0.0010576496,0.00106961,0.0,0.0010614877,0.0010478826,0.0010405451,0.0010516054,0.0010576496,0.00106961,0.0,0.0,0.0010478826,0.001031879,0.0010224377,0.0010330214,0.001108382,0.0010731064,0.0010614869,0.0,0.0,0.0010614871,0.001061487,0.0010558518,0.0010731347,0.0,0.0010478827,0.0,0.0010614871,0.0010478826,0.0010688496,0.0010732069,0.0,0.0010614872,0.0010478826,0.0010405451,0.0,0.0010614881,0.0,0.0010614869,0.0,0.001031879,0.0010129731,0.0010688474,0.001080275,0.0010731097,0.0,0.0010478826,0.001031879,0.0010224378,0.0010330222,0.0011084484,0.0010731195,0.0,0.0,0.001031879,0.0010129731,0.0010688474,0.0010913569,0.0,0.0010614871,0.0010478827,0.0010405451,0.0010516054,0.0010576496,0.00106961,0.0010730894,0.001061487,0.0010478826,0.0,0.0010614868,0.0010478826,0.0010405459,0.0010731074,0.0,0.0010478826,0.0010318793,0.0010224377,0.0010330214,0.0011083845,0.0010731085,0.0,0.0010478827,0.0010318793,0.0010224378,0.0010330214,0.0011083843,0.0,0.0010614871,0.0010614874,0.001055851,0.0010671697,0.0,0.000990612,0.0010731398,0.0,0.0010478826,0.001031879,0.0010224377,0.0010330214,0.0011083819,0.0010731098,0.0,0.0,0.001031879,0.0010129731,0.0010688474,0.0010913592,0.0010731579,0.001061488,0.0,0.0010318804,0.0010129731,0.0010688473,0.0010802796,0.0,0.0010614869,0.0010478826,0.0010405451,0.0010516054,0.0010576496,0.00106961,0.0,0.0010614882,0.0,0.001031879,0.0010129731,0.0010688474,0.0010802707,0.0,0.0010614869,0.0010478827,0.0010405451,0.0010516054,0.0010576496,0.00106961,0.0010731207,0.0010614871,0.0010478826,0.0010405453,0.0010516054,0.0010576496,0.0010696105,0.0,0.0,0.0,0.001031879,0.0010129731,0.0010688474,0.0010913576,0.0010731043,0.0010614869,0.0,0.001031879,0.0010129731,0.0010688474,0.0010802719,0.001073118,0.0010614869,0.0010478826,0.0010688474,0.0,0.001031879,0.0010129733,0.0,0.0010614869,0.0010478826,0.0010405451,0.0010516054,0.0010576496,0.001069611,0.0,0.0010614869,0.0010478826,0.0010405451,0.0010516054,0.0010576496,0.0010696104,0.0,0.0010614876,0.0010478826,0.0010405451,0.0010516054,0.00105765,0.0010696121,0.0010731146,0.0010614869,0.0010478826,0.0010405451,0.0010516054,0.0010576496,0.0010696106,0.0,0.0,0.0010478826,0.001031879,0.0010224377,0.0010330214,0.0011083822,0.0,0.0010614869,0.0010478826,0.0010405451,0.0010516054,0.0010576496,0.00106961,0.0010732643,0.001061489,0.001047883,0.0010405452,0.0010516054,0.00105765,0.0010696129
k__Bacteria|p__Firmicutes|c__Clostridia|o__Eubacteriales|f__Lachnospiraceae|g__Mediterraneibacter|s__Mediterraneibacter_massiliensis,0.0,0.001062974,0.0010491897,0.0010415562,0.0010520495,0.0010575452,0.0010691014,0.0,0.001062974,0.0010491897,0.0010415562,0.0010520495,0.0010575452,0.0010691013,0.0,0.0,0.0010491913,0.0010329945,0.001023247,0.0010332554,0.001109044,0.0010747707,0.0,0.0010491897,0.0010329947,0.0010232468,0.0010332554,0.0011090438,0.0,0.0,0.0010491897,0.0010329947,0.0010232468,0.0010332554,0.0011090438,0.00107476,0.0010629739,0.0010491897,0.0010415562,0.0010520495,0.0010575452,0.0010691013,0.0,0.0010629742,0.00104919,0.0010415562,0.0010520495,0.0010575452,0.0010691019,0.00107476,0.0010629739,0.0010491897,0.0010415562,0.0010520495,0.0010575452,0.0010691014,0.0,0.0010629741,0.0010491901,0.0010415565,0.0010520495,0.0010575452,0.0010691017,0.0,0.001062974,0.0010491897,0.0010415562,0.0010520495,0.0010575452,0.0010691014,0.0,0.0010629743,0.0,0.0010329947,0.0010138849,0.0010702282,0.0010811021,0.0,0.0010629739,0.0010491897,0.0010415562,0.0010520495,0.0010575452,0.0010691019,0.0,0.0,0.0,0.0010329947,0.0010138849,0.0010702282,0.0010923644,0.0010747641,0.001062974,0.0,0.0010329947,0.0010138849,0.0010702282,0.0010811054,0.0010747968,0.0,0.0,0.0010329946,0.0010138849,0.0010702282,0.0010923644,0.0010747683,0.0,0.0010491897,0.0,0.0010629739,0.0010491897,0.001070228,0.0010747612,0.0,0.0,0.0010329947,0.0010138849,0.0010702282,0.0010923638,0.0,0.0010629745,0.0,0.0010329947,0.0010138849,0.0010702282,0.0010811016,0.0,0.0,0.0010491897,0.0010629746,0.0,0.0010329947,0.0010629743,0.001074765,0.0010629741,0.0,0.0010329946,0.0010138849,0.0010702282,0.0010811016,0.0,0.0,0.0010491898,0.0010329947,0.0010232468,0.0010332554,0.0011090437,0.0,0.0,0.0010491897,0.0,0.0010629739,0.0010491897,0.0010702282,0.0,0.0010629738,0.0,0.0010629741,0.0,0.0010629739,0.0010491898,0.0,0.0,0.0010491917,0.0010329947,0.0010232468,0.0010332554,0.0011090436,0.0,0.0010629781,0.0010629742,0.0010570525,0.0010678126,0.0,0.000991263,0.0,0.0010629749,0.0010491897,0.0,0.0010629741,0.0010491898,0.0010415573,0.0010747605,0.0010629739,0.0010491897,0.0,0.0010629739,0.0010491897,0.0010415567,0.0,0.0010629743,0.0010491898,0.0010415562,0.0010520495,0.0010575452,0.0010691014,0.0010747599,0.0010629739,0.0010491897,0.0010415562,0.0010520495,0.0010575452,0.0010691014,0.0010747735,0.0,0.0,0.0010329947,0.0010138849,0.0010702282,0.0010923637,0.0010747623,0.0,0.0010491897,0.0010329947,0.0010232468,0.0010332554,0.0011090435,0.0,0.0010629741,0.0,0.0010329947,0.0010138849,0.0010702282,0.0010811015,0.0010747667,0.0,0.0010491897,0.0010329947,0.0010232468,0.0010332554,0.0011090455,0.0,0.0010629739,0.0010491897,0.0010415562,0.0010520495,0.0010575452,0.0010691028,0.0010747602,0.0010629739,0.0010491897,0.0010415562,0.0010520495,0.0010575452,0.0010691013,0.0,0.0010629742,0.0010491898,0.0010415562,0.0010520495,0.0010575452,0.0010691014,0.0,0.0,0.0010491897,0.0010329947,0.0010232468,0.0010332554,0.0011090438,0.0010747601,0.0010629739,0.0,0.0,0.0010629741,0.001062974,0.001057053,0.0010747692,0.0,0.0010491896,0.0,0.0010629741,0.0010491897,0.0010702289,0.0010748135,0.0,0.0010629741,0.0010491898,0.0010415562,0.0,0.0010629743,0.0,0.0010629742,0.0,0.0010329947,0.0010138849,0.001070228,0.0010811063,0.0010747615,0.0,0.0010491897,0.0010329947,0.0010232468,0.001033256,0.0011090619,0.001074762,0.0,0.0,0.0010329947,0.0010138849,0.0010702282,0.0010923636,0.0,0.0010629745,0.0010491898,0.0010415562,0.0010520495,0.0010575452,0.0010691013,0.0010747572,0.001062974,0.0010491898,0.0,0.001062974,0.0010491897,0.0010415568,0.0010747615,0.0,0.0010491898,0.0010329945,0.0010232468,0.0010332554,0.0011090445,0.0010747607,0.0,0.0010491898,0.0010329947,0.0010232468,0.0010332554,0.001109045,0.0,0.001062974,0.0010629741,0.0010570526,0.0010678123,0.0,0.0009912853,0.0010747751,0.0,0.0010491898,0.0010329947,0.0010232468,0.0010332554,0.0011090438,0.0010747613,0.0,0.0,0.0010329947,0.0010138849,0.0010702282,0.0010923645,0.001074793,0.0010629747,0.0,0.001032995,0.001013885,0.0010702282,0.0010811047,0.0,0.0010629742,0.0010491898,0.0010415562,0.0010520495,0.0010575452,0.0010691013,0.0,0.0010629738,0.0,0.0010329947,0.0010138849,0.0010702282,0.0010811015,0.0,0.0010629742,0.0010491898,0.0010415562,0.0010520495,0.0010575452,0.0010691015,0.0010747666,0.001062974,0.00104919,0.0010415564,0.0010520493,0.0010575452,0.0010691019,0.0,0.0,0.0,0.0010329947,0.0010138849,0.0010702282,0.0010923642,0.00107476,0.0010629739,0.0,0.0010329947,0.0010138849,0.0010702282,0.001081102,0.0010747631,0.0010629742,0.0010491897,0.0010702282,0.0,0.0010329947,0.001013885,0.0,0.0010629739,0.0010491897,0.0010415562,0.0010520495,0.0010575452,0.0010691021,0.0,0.0010629739,0.0010491897,0.0010415562,0.0010520495,0.0010575452,0.0010691015,0.0,0.0010629743,0.0010491898,0.0010415562,0.0010520495,0.0010575452,0.001069103,0.0010747635,0.0010629739,0.0010491897,0.0010415562,0.0010520495,0.0010575452,0.001069102,0.0,0.0,0.0010491897,0.0010329947,0.0010232468,0.0010332554,0.001109044,0.0,0.0010629739,0.0010491897,0.0010415562,0.0010520495,0.0010575452,0.0010691014,0.0010748084,0.0010629742,0.00104919,0.0010415562,0.0010520495,0.0010575455,0.001069103
k__Bacteria|p__Firmicutes|c__Clostridia|o__Eubacteriales|f__Lachnospiraceae|g__Blautia|s__Blautia_sp_OF03_15BH,0.0,0.0010589395,0.0010452957,0.0010379539,0.0010490913,0.0010551967,0.001067236,0.0,0.00105894,0.0010452957,0.0010379539,0.0010490913,0.0010551967,0.0010672358,0.0,0.0,0.0010453055,0.0010292601,0.0010198089,0.0010304606,0.0011061591,0.0010706066,0.0,0.0010452957,0.0010292544,0.0010198085,0.0010304606,0.0011061588,0.0,0.0,0.0010452957,0.0010292544,0.0010198085,0.0010304606,0.0011061588,0.0010705983,0.0010589398,0.0010452957,0.0010379539,0.0010490913,0.0010551967,0.0010672358,0.0,0.0010589402,0.0010452959,0.0010379539,0.0010490913,0.0010551967,0.0010672365,0.0010705979,0.0010589398,0.0010452957,0.0010379539,0.0010490913,0.0010551967,0.001067236,0.0,0.0010589401,0.0010452961,0.0010379539,0.0010490913,0.0010551967,0.001067236,0.0,0.00105894,0.0010452957,0.0010379539,0.0010490913,0.0010551967,0.001067236,0.0,0.00105894,0.0,0.0010292544,0.0010103142,0.0010663397,0.0010778583,0.0,0.0010589398,0.0010452957,0.0010379539,0.0010490913,0.0010551967,0.0010672361,0.0,0.0,0.0,0.0010292544,0.0010103142,0.0010663397,0.0010889948,0.001070601,0.00105894,0.0,0.0010292544,0.0010103142,0.0010663397,0.001077862,0.00107063,0.0,0.0,0.0010292545,0.0010103142,0.0010663397,0.0010889948,0.001070608,0.0,0.0010452957,0.0,0.0010589398,0.0010452957,0.0010663397,0.0010705994,0.0,0.0,0.0010292544,0.0010103142,0.0010663397,0.0010889937,0.0,0.0010589407,0.0,0.0010292544,0.0010103142,0.0010663397,0.0010778572,0.0,0.0,0.0010452962,0.0010589408,0.0,0.0010292544,0.00105894,0.001070607,0.0010589398,0.0,0.0010292544,0.0010103142,0.0010663397,0.0010778569,0.0,0.0,0.001045296,0.0010292544,0.0010198085,0.0010304606,0.0011061592,0.0,0.0,0.0010452957,0.0,0.0010589398,0.0010452957,0.0010663397,0.0,0.0010589414,0.0,0.00105894,0.0,0.0010589398,0.0010452957,0.0,0.0,0.0010453047,0.0010292558,0.0010198085,0.0010304606,0.0011061588,0.0,0.0010589695,0.0010589424,0.001053301,0.0010647052,0.0,0.0009878791,0.0,0.0010589414,0.0010452962,0.0,0.0010589401,0.0010452955,0.0010379562,0.0010705991,0.0010589398,0.0010452957,0.0,0.0010589398,0.0010452957,0.0010379547,0.0,0.0010589401,0.0010452957,0.0010379539,0.0010490913,0.0010551967,0.001067236,0.0010705979,0.0010589398,0.0010452957,0.0010379539,0.0010490913,0.0010551967,0.001067236,0.0010706101,0.0,0.0,0.0010292544,0.0010103142,0.0010663397,0.0010889937,0.0010706008,0.0,0.0010452957,0.0010292544,0.0010198085,0.0010304606,0.0011061587,0.0,0.00105894,0.0,0.0010292544,0.0010103142,0.0010663397,0.0010778569,0.0010706047,0.0,0.0010452957,0.0010292544,0.0010198085,0.0010304606,0.0011061647,0.0,0.0010589398,0.0010452957,0.0010379539,0.0010490913,0.0010551967,0.0010672369,0.001070598,0.0010589398,0.0010452957,0.0010379539,0.0010490913,0.0010551967,0.0010672358,0.0,0.0010589402,0.0010452955,0.0010379539,0.0010490913,0.0010551967,0.001067236,0.0,0.0,0.0010452955,0.0010292544,0.0010198085,0.0010304606,0.0011061588,0.0010705981,0.0010589398,0.0,0.0,0.00105894,0.00105894,0.0010533012,0.0010706065,0.0,0.0010452959,0.0,0.0010589397,0.0010452957,0.0010663428,0.0010706484,0.0,0.00105894,0.0010452959,0.0010379539,0.0,0.0010589403,0.0,0.0010589397,0.0,0.0010292544,0.0010103142,0.0010663393,0.0010778634,0.0010705997,0.0,0.0010452957,0.0010292544,0.0010198085,0.0010304612,0.0011062007,0.0010706015,0.0,0.0,0.0010292544,0.0010103142,0.0010663397,0.0010889936,0.0,0.00105894,0.0010452957,0.0010379539,0.0010490913,0.0010551967,0.0010672358,0.0010705807,0.0010589397,0.0010452955,0.0,0.0010589398,0.0010452957,0.0010379547,0.0010705992,0.0,0.0010452959,0.0010292545,0.0010198085,0.0010304606,0.0011061598,0.0010705988,0.0,0.0010452957,0.0010292543,0.0010198085,0.0010304609,0.0011061605,0.0,0.00105894,0.0010589401,0.0010533008,0.0010647051,0.0,0.0009879086,0.0010706122,0.0,0.0010452955,0.0010292544,0.0010198085,0.0010304606,0.0011061588,0.0010705992,0.0,0.0,0.0010292544,0.0010103142,0.0010663397,0.0010889944,0.0010706217,0.0010589404,0.0,0.0010292552,0.0010103142,0.0010663397,0.0010778621,0.0,0.00105894,0.0010452955,0.0010379539,0.0010490913,0.0010551967,0.0010672358,0.0,0.0010589402,0.0,0.0010292544,0.0010103142,0.0010663397,0.0010778569,0.0,0.00105894,0.001045296,0.0010379539,0.0010490913,0.0010551967,0.001067236,0.0010706051,0.0010589398,0.0010452959,0.001037954,0.0010490913,0.0010551967,0.0010672362,0.0,0.0,0.0,0.0010292544,0.0010103142,0.0010663397,0.0010889942,0.0010705979,0.0010589398,0.0,0.0010292544,0.0010103142,0.0010663397,0.0010778577,0.0010706013,0.00105894,0.0010452957,0.0010663397,0.0,0.0010292544,0.0010103142,0.0,0.0010589398,0.0010452957,0.0010379539,0.0010490913,0.0010551967,0.0010672363,0.0,0.0010589398,0.0010452957,0.0010379539,0.0010490913,0.0010551967,0.0010672361,0.0,0.0010589402,0.0010452955,0.0010379539,0.0010490913,0.0010551967,0.0010672375,0.0010706024,0.0010589398,0.0010452957,0.0010379539,0.0010490913,0.0010551967,0.0010672362,0.0,0.0,0.0010452957,0.0010292544,0.0010198085,0.0010304606,0.0011061591,0.0,0.0010589398,0.0010452957,0.0010379539,0.0010490913,0.0010551967,0.001067236,0.0010706506,0.0010589408,0.0010452955,0.0010379538,0.0010490913,0.0010551967,0.0010672376
k__Bacteria|p__Firmicutes|c__Clostridia|o__Eubacteriales|f__Peptostreptococcaceae|g__Peptacetobacter|s__Peptacetobacter_hiranonis,0.0,0.0010589245,0.0010451309,0.0010375697,0.0010483245,0.0010540539,0.0010658306,0.0,0.0010589242,0.0010451309,0.0010375697,0.0010483245,0.0010540539,0.0010658305,0.0,0.0,0.0010451558,0.0010289499,0.0010192606,0.0010295196,0.0011056786,0.0010707557,0.0,0.0010451309,0.0010289323,0.0010192594,0.0010295196,0.0011056784,0.0,0.0,0.0010451309,0.0010289323,0.0010192594,0.0010295196,0.0011056784,0.001070724,0.0010589241,0.0010451309,0.0010375697,0.0010483245,0.0010540539,0.0010658305,0.0,0.001058925,0.0010451309,0.0010375697,0.0010483245,0.0010540539,0.0010658306,0.0010707241,0.0010589241,0.0010451309,0.0010375697,0.0010483245,0.0010540539,0.0010658306,0.0,0.0010589247,0.0010451316,0.00103757,0.0010483245,0.0010540539,0.001065831,0.0,0.0010589242,0.0010451309,0.0010375697,0.0010483245,0.0010540539,0.0010658305,0.0,0.0010589242,0.0,0.0010289323,0.0010098277,0.0010662632,0.0010774191,0.0,0.0010589241,0.0010451309,0.0010375697,0.0010483245,0.0010540539,0.0010658306,0.0,0.0,0.0,0.0010289323,0.0010098277,0.0010662632,0.0010887069,0.0010707304,0.0010589242,0.0,0.0010289323,0.0010098277,0.0010662632,0.0010774226,0.0010707765,0.0,0.0,0.0010289324,0.0010098277,0.0010662632,0.0010887062,0.0010707455,0.0,0.0010451309,0.0,0.0010589241,0.0010451309,0.0010662631,0.0010707264,0.0,0.0,0.0010289323,0.0010098277,0.0010662632,0.0010887058,0.0,0.0010589265,0.0,0.0010289323,0.0010098277,0.0010662632,0.0010774175,0.0,0.0,0.0010451323,0.0010589261,0.0,0.0010289323,0.0010589244,0.0010707536,0.0010589247,0.0,0.0010289322,0.0010098277,0.0010662632,0.0010774177,0.0,0.0,0.0010451309,0.0010289323,0.0010192594,0.0010295196,0.0011056784,0.0,0.0,0.0010451309,0.0,0.0010589241,0.0010451309,0.0010662631,0.0,0.0010589305,0.0,0.0010589244,0.0,0.0010589241,0.0010451309,0.0,0.0,0.0010451609,0.0010289368,0.0010192598,0.0010295196,0.0011056787,0.0,0.00105899,0.0010589318,0.0010530755,0.001064106,0.0,0.0009872252,0.0,0.0010589275,0.0010451323,0.0,0.001058925,0.0010451308,0.0010375726,0.0010707319,0.0010589241,0.0010451309,0.0,0.0010589241,0.0010451309,0.0010375704,0.0,0.0010589245,0.0010451309,0.0010375697,0.0010483245,0.0010540539,0.0010658305,0.0010707238,0.0010589241,0.0010451309,0.0010375697,0.0010483245,0.0010540539,0.0010658305,0.0010707456,0.0,0.0,0.0010289323,0.0010098277,0.0010662632,0.0010887058,0.0010707293,0.0,0.0010451309,0.0010289323,0.0010192594,0.0010295196,0.0011056783,0.0,0.0010589244,0.0,0.0010289323,0.0010098277,0.0010662632,0.0010774179,0.0010707383,0.0,0.0010451309,0.0010289323,0.0010192594,0.0010295196,0.0011056834,0.0,0.0010589241,0.0010451309,0.0010375697,0.0010483245,0.0010540539,0.0010658308,0.0010707246,0.0010589241,0.0010451309,0.0010375697,0.0010483245,0.0010540539,0.0010658305,0.0,0.0010589251,0.0010451308,0.0010375697,0.0010483245,0.0010540539,0.0010658306,0.0,0.0,0.0010451309,0.0010289323,0.0010192594,0.0010295196,0.0011056784,0.0010707258,0.0010589241,0.0,0.0,0.0010589244,0.0010589242,0.0010530747,0.0010707561,0.0,0.0010451312,0.0,0.0010589244,0.0010451309,0.0010662664,0.0010708118,0.0,0.0010589246,0.0010451308,0.0010375697,0.0,0.0010589246,0.0,0.0010589241,0.0,0.0010289323,0.0010098277,0.0010662631,0.001077421,0.0010707299,0.0,0.0010451309,0.0010289323,0.0010192596,0.00102952,0.0011057134,0.0010707433,0.0,0.0,0.0010289323,0.0010098277,0.0010662632,0.0010887057,0.0,0.0010589244,0.0010451309,0.0010375697,0.0010483245,0.0010540539,0.0010658305,0.0010707319,0.0010589244,0.0010451308,0.0,0.0010589242,0.0010451309,0.0010375712,0.0010707255,0.0,0.0010451308,0.0010289323,0.0010192594,0.0010295196,0.0011056792,0.0010707274,0.0,0.0010451309,0.0010289323,0.0010192598,0.0010295197,0.0011056791,0.0,0.0010589244,0.0010589247,0.0010530746,0.0010641062,0.0,0.0009872639,0.0010707498,0.0,0.0010451308,0.0010289323,0.0010192594,0.0010295196,0.0011056784,0.0010707283,0.0,0.0,0.0010289323,0.0010098277,0.0010662632,0.0010887065,0.0010707774,0.0010589254,0.0,0.0010289333,0.0010098283,0.0010662634,0.0010774222,0.0,0.0010589244,0.0010451308,0.0010375697,0.0010483245,0.0010540539,0.0010658305,0.0,0.0010589266,0.0,0.0010289323,0.0010098277,0.0010662632,0.0010774179,0.0,0.0010589244,0.0010451309,0.0010375697,0.0010483245,0.0010540539,0.0010658306,0.0010707342,0.0010589245,0.0010451309,0.0010375702,0.0010483245,0.0010540539,0.0010658306,0.0,0.0,0.0,0.0010289323,0.0010098277,0.0010662632,0.0010887061,0.0010707235,0.0010589241,0.0,0.0010289323,0.0010098277,0.0010662632,0.0010774182,0.0010707349,0.0010589244,0.0010451309,0.0010662632,0.0,0.0010289323,0.0010098277,0.0,0.0010589241,0.0010451309,0.0010375697,0.0010483245,0.0010540539,0.0010658307,0.0,0.0010589241,0.0010451309,0.0010375697,0.0010483245,0.0010540539,0.0010658306,0.0,0.0010589253,0.0010451308,0.0010375697,0.0010483245,0.0010540539,0.001065831,0.0010707319,0.0010589241,0.0010451309,0.0010375697,0.0010483245,0.0010540539,0.0010658305,0.0,0.0,0.0010451309,0.0010289323,0.0010192594,0.0010295196,0.0011056786,0.0,0.0010589241,0.0010451309,0.0010375697,0.0010483245,0.0010540539,0.0010658305,0.0010709092,0.0010589266,0.0010451309,0.0010375698,0.0010483245,0.0010540539,0.0010658316
k__Bacteria|p__Firmicutes|c__Tissierellia|o__Tissierellales|f__Peptoniphilaceae|g__Parvimonas|s__Parvimonas_parva,0.0,0.0010602159,0.0010462477,0.0010384029,0.0010486185,0.0010538262,0.0010652205,0.0,0.001060216,0.0010462477,0.0010384029,0.0010486185,0.0010538262,0.0010652202,0.0,0.0,0.0010462595,0.00102987,0.0010198978,0.0010296102,0.0011061967,0.0010722346,0.0,0.0010462477,0.0010298631,0.0010198969,0.0010296102,0.0011061962,0.0,0.0,0.0010462477,0.0010298634,0.0010198972,0.0010296102,0.0011061963,0.0010721795,0.0010602159,0.0010462477,0.0010384029,0.0010486185,0.0010538262,0.0010652202,0.0,0.0010602167,0.0010462478,0.0010384029,0.0010486185,0.0010538262,0.0010652209,0.0010721794,0.0010602159,0.0010462477,0.0010384029,0.0010486185,0.0010538262,0.0010652202,0.0,0.0010602161,0.0010462482,0.0010384033,0.0010486185,0.0010538262,0.0010652209,0.0,0.001060216,0.0010462477,0.0010384029,0.0010486185,0.0010538262,0.0010652203,0.0,0.001060216,0.0,0.0010298631,0.0010105623,0.0010674549,0.0010780888,0.0,0.0010602159,0.0010462477,0.0010384029,0.0010486185,0.0010538262,0.0010652202,0.0,0.0,0.0,0.0010298631,0.0010105623,0.0010674549,0.0010895483,0.0010721964,0.001060216,0.0,0.0010298634,0.0010105623,0.0010674549,0.0010780939,0.001072312,0.0,0.0,0.0010298635,0.0010105623,0.0010674549,0.001089548,0.0010722236,0.0,0.0010462477,0.0,0.0010602159,0.0010462477,0.0010674553,0.0010721852,0.0,0.0,0.0010298631,0.0010105623,0.0010674549,0.0010895472,0.0,0.0010602174,0.0,0.0010298634,0.0010105623,0.0010674549,0.0010780877,0.0,0.0,0.0010462481,0.0010602177,0.0,0.0010298631,0.0010602163,0.0010722158,0.0010602163,0.0,0.0010298633,0.0010105623,0.0010674549,0.0010780874,0.0,0.0,0.0010462478,0.0010298631,0.0010198972,0.0010296102,0.0011061968,0.0,0.0,0.0010462477,0.0,0.0010602159,0.0010462477,0.001067455,0.0,0.001060218,0.0,0.0010602161,0.0,0.0010602159,0.0010462477,0.0,0.0,0.0010462619,0.0010298658,0.001019897,0.0010296102,0.0011061963,0.0,0.0010602499,0.0010602197,0.001054093,0.0010645932,0.0,0.0009877506,0.0,0.0010602181,0.0010462484,0.0,0.0010602161,0.0010462477,0.0010384052,0.0010721885,0.0010602159,0.0010462477,0.0,0.0010602159,0.0010462477,0.0010384042,0.0,0.0010602161,0.0010462477,0.0010384029,0.0010486185,0.0010538262,0.0010652203,0.0010721794,0.0010602159,0.0010462477,0.0010384029,0.0010486185,0.0010538262,0.0010652203,0.0010722297,0.0,0.0,0.0010298631,0.0010105623,0.0010674549,0.0010895472,0.0010721906,0.0,0.0010462477,0.0010298631,0.0010198972,0.0010296102,0.0011061965,0.0,0.0010602161,0.0,0.0010298631,0.0010105623,0.0010674549,0.0010780876,0.0010722049,0.0,0.0010462477,0.0010298634,0.0010198972,0.0010296102,0.001106203,0.0,0.0010602159,0.0010462477,0.0010384029,0.0010486185,0.0010538262,0.0010652214,0.001072181,0.0010602159,0.0010462477,0.0010384029,0.0010486185,0.0010538262,0.0010652202,0.0,0.0010602166,0.0010462477,0.0010384029,0.0010486185,0.0010538262,0.0010652205,0.0,0.0,0.0010462477,0.0010298631,0.0010198972,0.0010296102,0.0011061967,0.0010721838,0.0010602159,0.0,0.0,0.0010602161,0.001060216,0.001054093,0.0010722397,0.0,0.0010462478,0.0,0.0010602161,0.0010462477,0.0010674581,0.0010723751,0.0,0.0010602161,0.0010462477,0.0010384029,0.0,0.0010602166,0.0,0.0010602159,0.0,0.0010298631,0.0010105623,0.001067455,0.0010780933,0.0010721893,0.0,0.0010462477,0.0010298631,0.001019897,0.0010296108,0.0011062473,0.0010722001,0.0,0.0,0.0010298631,0.0010105623,0.0010674549,0.0010895468,0.0,0.0010602161,0.0010462477,0.0010384029,0.0010486185,0.0010538262,0.0010652202,0.0010722161,0.001060216,0.0010462477,0.0,0.001060216,0.0010462477,0.0010384043,0.0010721846,0.0,0.0010462477,0.0010298634,0.0010198972,0.0010296102,0.0011061976,0.0010721852,0.0,0.0010462477,0.0010298634,0.001019897,0.0010296103,0.0011061982,0.0,0.001060216,0.0010602161,0.0010540925,0.0010645931,0.0,0.000987777,0.0010722455,0.0,0.0010462477,0.0010298634,0.0010198972,0.0010296102,0.0011061963,0.0010721874,0.0,0.0,0.0010298631,0.0010105623,0.0010674549,0.0010895481,0.0010722987,0.0010602173,0.0,0.0010298645,0.0010105623,0.0010674553,0.0010780938,0.0,0.001060216,0.0010462477,0.0010384029,0.0010486185,0.0010538262,0.0010652202,0.0,0.0010602165,0.0,0.0010298631,0.0010105623,0.0010674549,0.0010780874,0.0,0.001060216,0.0010462478,0.0010384029,0.0010486185,0.0010538262,0.0010652202,0.0010722026,0.001060216,0.0010462478,0.0010384033,0.0010486185,0.0010538262,0.0010652205,0.0,0.0,0.0,0.0010298631,0.0010105623,0.0010674549,0.0010895475,0.001072179,0.0010602159,0.0,0.0010298631,0.0010105623,0.0010674549,0.0010780883,0.0010721964,0.001060216,0.0010462477,0.0010674549,0.0,0.0010298631,0.0010105624,0.0,0.0010602159,0.0010462477,0.0010384029,0.0010486185,0.0010538262,0.0010652205,0.0,0.0010602159,0.0010462477,0.0010384029,0.0010486185,0.0010538262,0.0010652203,0.0,0.0010602167,0.0010462477,0.0010384029,0.0010486185,0.0010538262,0.001065221,0.0010721966,0.0010602159,0.0010462477,0.0010384029,0.0010486185,0.0010538262,0.0010652208,0.0,0.0,0.0010462477,0.0010298634,0.0010198972,0.0010296102,0.0011061965,0.0,0.0010602159,0.0010462477,0.0010384029,0.0010486185,0.0010538262,0.0010652203,0.001072435,0.0010602173,0.0010462478,0.0010384028,0.0010486185,0.0010538262,0.0010652214
k__Bacteria|p__Firmicutes|c__Tissierellia|o__Tissierellales|f__Peptoniphilaceae|g__Anaerococcus|s__Anaerococcus_vaginalis,0.0,0.0010630315,0.0010492203,0.0010415463,0.0010519665,0.0010573915,0.001068897,0.0,0.0010630316,0.0010492203,0.0010415463,0.0010519665,0.0010573915,0.001068897,0.0,0.0,0.0010492371,0.0010330084,0.0010232077,0.0010331413,0.0011090077,0.001074878,0.0,0.0010492203,0.0010329968,0.0010232071,0.0010331413,0.001109007,0.0,0.0,0.0010492203,0.0010329968,0.0010232071,0.0010331413,0.001109007,0.0010748429,0.0010630315,0.0010492203,0.0010415463,0.0010519665,0.0010573915,0.001068897,0.0,0.0010630321,0.0010492204,0.0010415463,0.0010519665,0.0010573915,0.0010688974,0.001074843,0.0010630315,0.0010492203,0.0010415463,0.0010519665,0.0010573915,0.001068897,0.0,0.001063032,0.001049221,0.0010415463,0.0010519665,0.0010573915,0.0010688975,0.0,0.0010630316,0.0010492203,0.0010415463,0.0010519665,0.0010573915,0.001068897,0.0,0.0010630316,0.0,0.0010329968,0.0010138579,0.0010702733,0.0010810783,0.0,0.0010630315,0.0010492203,0.0010415463,0.0010519665,0.0010573915,0.0010688972,0.0,0.0,0.0,0.0010329968,0.0010138579,0.0010702733,0.0010923671,0.0010748515,0.0010630316,0.0,0.0010329968,0.0010138579,0.0010702733,0.0010810829,0.0010749088,0.0,0.0,0.0010329969,0.0010138579,0.0010702733,0.0010923668,0.0010748669,0.0,0.0010492203,0.0,0.0010630315,0.0010492203,0.0010702733,0.0010748454,0.0,0.0,0.0010329968,0.0010138579,0.0010702733,0.0010923662,0.0,0.001063033,0.0,0.0010329968,0.0010138579,0.0010702733,0.0010810774,0.0,0.0,0.0010492218,0.0010630325,0.0,0.0010329968,0.0010630316,0.0010748683,0.001063032,0.0,0.0010329968,0.0010138579,0.0010702733,0.001081077,0.0,0.0,0.0010492204,0.0010329968,0.0010232071,0.0010331413,0.0011090075,0.0,0.0,0.0010492203,0.0,0.0010630315,0.0010492203,0.0010702731,0.0,0.0010630358,0.0,0.0010630316,0.0,0.0010630315,0.0010492203,0.0,0.0,0.00104924,0.001033,0.0010232072,0.0010331413,0.0011090076,0.0,0.0010630717,0.0010630363,0.0010570718,0.0010677598,0.0,0.0009912086,0.0,0.0010630339,0.0010492214,0.0,0.001063032,0.0010492203,0.0010415489,0.0010748499,0.0010630315,0.0010492203,0.0,0.0010630315,0.0010492203,0.0010415469,0.0,0.0010630317,0.0010492203,0.0010415463,0.0010519665,0.0010573915,0.001068897,0.0010748429,0.0010630315,0.0010492203,0.0010415463,0.0010519665,0.0010573915,0.001068897,0.001074869,0.0,0.0,0.0010329968,0.0010138579,0.0010702733,0.0010923663,0.0010748473,0.0,0.0010492203,0.0010329968,0.0010232071,0.0010331413,0.0011090074,0.0,0.0010630316,0.0,0.0010329968,0.0010138579,0.0010702733,0.0010810769,0.0010748592,0.0,0.0010492203,0.0010329968,0.0010232071,0.0010331413,0.0011090122,0.0,0.0010630315,0.0010492203,0.0010415463,0.0010519665,0.0010573915,0.001068898,0.0010748438,0.0010630315,0.0010492203,0.0010415463,0.0010519665,0.0010573915,0.001068897,0.0,0.0010630321,0.0010492203,0.0010415463,0.0010519665,0.0010573915,0.001068897,0.0,0.0,0.0010492203,0.0010329968,0.0010232071,0.0010331413,0.0011090073,0.0010748449,0.0010630315,0.0,0.0,0.0010630316,0.0010630316,0.0010570715,0.0010748786,0.0,0.0010492207,0.0,0.0010630316,0.0010492203,0.0010702765,0.0010749501,0.0,0.0010630316,0.0010492203,0.0010415463,0.0,0.0010630321,0.0,0.0010630314,0.0,0.0010329968,0.0010138579,0.0010702732,0.0010810825,0.0010748488,0.0,0.0010492203,0.0010329968,0.0010232072,0.0010331419,0.0011090424,0.0010748605,0.0,0.0,0.0010329968,0.0010138579,0.0010702733,0.0010923662,0.0,0.0010630316,0.0010492203,0.0010415463,0.0010519665,0.0010573915,0.001068897,0.0010748587,0.0010630315,0.0010492203,0.0,0.0010630315,0.0010492203,0.0010415474,0.0010748447,0.0,0.0010492203,0.0010329969,0.0010232071,0.0010331413,0.0011090082,0.0010748465,0.0,0.0010492203,0.0010329968,0.0010232072,0.0010331414,0.0011090084,0.0,0.0010630315,0.0010630316,0.0010570711,0.0010677599,0.0,0.0009912451,0.0010748747,0.0,0.0010492203,0.0010329968,0.0010232071,0.0010331413,0.001109007,0.0010748475,0.0,0.0,0.0010329968,0.0010138579,0.0010702733,0.0010923669,0.0010749063,0.0010630323,0.0,0.0010329979,0.0010138581,0.0010702733,0.0010810824,0.0,0.0010630316,0.0010492203,0.0010415463,0.0010519665,0.0010573915,0.001068897,0.0,0.0010630331,0.0,0.0010329968,0.0010138579,0.0010702733,0.0010810769,0.0,0.0010630316,0.0010492204,0.0010415463,0.0010519665,0.0010573915,0.0010688971,0.0010748553,0.0010630315,0.0010492206,0.0010415465,0.0010519665,0.0010573915,0.0010688971,0.0,0.0,0.0,0.0010329968,0.0010138579,0.0010702733,0.0010923664,0.0010748428,0.0010630315,0.0,0.0010329968,0.0010138579,0.0010702733,0.0010810776,0.0010748549,0.0010630316,0.0010492203,0.0010702733,0.00066202297,0.0010329968,0.0010138579,0.0,0.0010630315,0.0010492203,0.0010415463,0.0010519665,0.0010573915,0.0010688977,0.0,0.0010630315,0.0010492203,0.0010415463,0.0010519665,0.0010573915,0.0010688971,0.0,0.001063032,0.0010492203,0.0010415463,0.0010519665,0.0010573915,0.0010688984,0.0010748503,0.0010630315,0.0010492203,0.0010415463,0.0010519665,0.0010573915,0.0010688973,0.0,0.0,0.0010492203,0.0010329968,0.0010232071,0.0010331413,0.0011090074,0.0,0.0010630315,0.0010492203,0.0010415463,0.0010519665,0.0010573915,0.001068897,0.0010750444,0.001063033,0.0010492206,0.0010415463,0.0010519665,0.0010573915,0.001068899
k__Bacteria|p__Firmicutes|c__Negativicutes|o__Veillonellales|f__Veillonellaceae|g__Veillonellaceae_unclassified|s__Veillonellaceae_bacterium_DNF00626,0.0,0.0010601132,0.0010465011,0.0010391815,0.001050319,0.0010564309,0.0010684581,0.0,0.001060113,0.0010465011,0.0010391815,0.001050319,0.0010564309,0.001068458,0.0,0.0,0.0010465202,0.001030505,0.0010210692,0.0010317257,0.0011072264,0.001071759,0.0,0.0010465011,0.0010304917,0.0010210689,0.0010317257,0.0011072261,0.0,0.0,0.0010465011,0.0010304917,0.0010210689,0.0010317257,0.0011072261,0.00107174,0.001060113,0.0010465011,0.0010391815,0.001050319,0.0010564309,0.0010684578,0.0,0.0010601135,0.0010465012,0.0010391815,0.001050319,0.0010564309,0.0010684587,0.0010717398,0.001060113,0.0010465011,0.0010391815,0.001050319,0.0010564309,0.0010684581,0.0,0.0010601134,0.0010465019,0.0010391816,0.001050319,0.0010564309,0.0010684581,0.0,0.0010601134,0.0010465011,0.0010391815,0.001050319,0.0010564309,0.001068458,0.0,0.001060113,0.0,0.0010304917,0.0010115824,0.0010675003,0.0010790094,0.0,0.001060113,0.0010465011,0.0010391815,0.001050319,0.0010564309,0.0010684578,0.0,0.0,0.0,0.0010304917,0.0010115824,0.0010675003,0.0010901076,0.0010717439,0.0010601134,0.0,0.0010304917,0.0010115824,0.0010675003,0.0010790114,0.0010717621,0.0,0.0,0.0010304918,0.0010115824,0.0010675003,0.0010901076,0.001071751,0.0,0.0010465011,0.0,0.001060113,0.0010465011,0.0010675003,0.001071741,0.0,0.0,0.0010304917,0.0010115824,0.0010675003,0.0010901076,0.0,0.0010601148,0.0,0.0010304917,0.0010115824,0.0010675003,0.0010790081,0.0,0.0,0.0010465027,0.0010601145,0.0,0.0010304917,0.0010601134,0.0010717579,0.0010601134,0.0,0.0010304915,0.0010115824,0.0010675003,0.0010790083,0.0,0.0,0.0010465013,0.0010304917,0.0010210689,0.0010317257,0.0011072262,0.0,0.0,0.0010465011,0.0,0.001060113,0.0010465011,0.0010675004,0.0,0.0010601179,0.0,0.0010601131,0.0,0.001060113,0.0010465012,0.0,0.0,0.0010465245,0.0010304948,0.0010210689,0.0010317257,0.0011072261,0.0,0.0010601584,0.0010601182,0.0010544956,0.0010658944,0.0,0.0009891773,0.0,0.0010601155,0.0010465021,0.0,0.0010601134,0.0010465012,0.001039184,0.0010717456,0.001060113,0.0010465011,0.0,0.001060113,0.0010465011,0.0010391818,0.0,0.0010601134,0.0010465012,0.0010391815,0.001050319,0.0010564309,0.001068458,0.0010717398,0.001060113,0.0010465011,0.0010391815,0.001050319,0.0010564309,0.001068458,0.0010717507,0.0,0.0,0.0010304917,0.0010115824,0.0010675003,0.0010901075,0.0010717416,0.0,0.0010465011,0.0010304917,0.0010210689,0.0010317257,0.0011072261,0.0,0.0010601131,0.0,0.0010304917,0.0010115824,0.0010675003,0.001079008,0.0010717501,0.0,0.0010465011,0.0010304917,0.0010210689,0.0010317257,0.0011072299,0.0,0.001060113,0.0010465011,0.0010391815,0.001050319,0.0010564309,0.0010684582,0.0010717403,0.001060113,0.0010465011,0.0010391815,0.001050319,0.0010564309,0.0010684578,0.0,0.0010601138,0.0010465012,0.0010391815,0.001050319,0.0010564309,0.0010684581,0.0,0.0,0.0010465011,0.0010304917,0.0010210689,0.0010317257,0.0011072261,0.0010717404,0.001060113,0.0,0.0,0.0010601131,0.001060113,0.0010544951,0.0010717572,0.0,0.0010465014,0.0,0.0010601131,0.0010465011,0.0010675038,0.0010717819,0.0,0.0010601134,0.0010465012,0.0010391815,0.0,0.0010601134,0.0,0.0010601128,0.0,0.0010304917,0.0010115824,0.0010675003,0.0010790149,0.0010717439,0.0,0.0010465011,0.0010304917,0.0010210689,0.0010317261,0.0011072501,0.0010717524,0.0,0.0,0.0010304917,0.0010115824,0.0010675003,0.0010901076,0.0,0.0010601134,0.0010465012,0.0010391815,0.001050319,0.0010564309,0.001068458,0.0010717382,0.0010601133,0.0010465012,0.0,0.0010601133,0.0010465011,0.0010391827,0.0010717403,0.0,0.0010465012,0.0010304917,0.0010210689,0.0010317257,0.0011072266,0.0010717417,0.0,0.0010465012,0.0010304917,0.0010210689,0.0010317258,0.0011072269,0.0,0.0010601133,0.0010601134,0.0010544948,0.0010658945,0.0,0.0009892128,0.0010717474,0.0,0.0010465012,0.0010304917,0.0010210689,0.0010317257,0.0011072261,0.0010717418,0.0,0.0,0.0010304917,0.0010115824,0.0010675003,0.0010901077,0.0010717694,0.0010601139,0.0,0.0010304927,0.0010115826,0.0010675003,0.0010790115,0.0,0.0010601133,0.0010465012,0.0010391815,0.001050319,0.0010564309,0.0010684578,0.0,0.0010601149,0.0,0.0010304917,0.0010115824,0.0010675003,0.0010790083,0.0,0.0010601133,0.0010465013,0.0010391815,0.001050319,0.0010564309,0.0010684582,0.001071745,0.0010601133,0.0010465011,0.0010391817,0.001050319,0.0010564309,0.0010684582,0.0,0.0,0.0,0.0010304917,0.0010115824,0.0010675003,0.001090108,0.0010717395,0.001060113,0.0,0.0010304917,0.0010115824,0.0010675003,0.0010790086,0.0010717462,0.0010601133,0.0010465011,0.0010675003,0.0011555597,0.0010304917,0.0010115821,0.0,0.001060113,0.0010465011,0.0010391815,0.001050319,0.0010564309,0.0010684585,0.0,0.001060113,0.0010465011,0.0010391815,0.001050319,0.0010564309,0.0010684581,0.0,0.0010601138,0.0010465012,0.0010391815,0.001050319,0.0010564309,0.001068459,0.0010717432,0.001060113,0.0010465011,0.0010391815,0.001050319,0.0010564309,0.0010684583,0.0,0.0,0.0010465011,0.0010304917,0.0010210689,0.0010317257,0.0011072262,0.0,0.001060113,0.0010465011,0.0010391815,0.001050319,0.0010564309,0.001068458,0.0010718568,0.0010601149,0.0010465011,0.0010391816,0.001050319,0.0010564309,0.0010684591
k__Bacteria|p__Firmicutes|c__Tissierellia|o__Tissierellales|f__Peptoniphilaceae|g__Anaerococcus|s__Anaerococcus_lactolyticus,0.0,0.0010615665,0.0010480825,0.0010409196,0.001052283,0.0010586258,0.0010707929,0.0,0.0010615666,0.0010480825,0.0010409196,0.001052283,0.0010586258,0.0010707929,0.0,0.0,0.0010480898,0.0010322105,0.0010229449,0.0010338394,0.0011088232,0.0010730765,0.0,0.0010480825,0.0010322052,0.0010229447,0.0010338394,0.0011088233,0.0,0.0,0.0010480825,0.0010322052,0.0010229447,0.0010338394,0.0011088232,0.0010730708,0.0010615665,0.0010480825,0.0010409196,0.001052283,0.0010586258,0.0010707929,0.0,0.0010615671,0.0010480825,0.0010409196,0.001052283,0.0010586258,0.0010707934,0.0010730709,0.0010615665,0.0010480825,0.0010409196,0.001052283,0.0010586258,0.001070793,0.0,0.0010615666,0.0010480825,0.0010409196,0.001052283,0.0010586258,0.0010707933,0.0,0.0010615666,0.0010480825,0.0010409196,0.001052283,0.0010586258,0.0010707929,0.0,0.0010615666,0.0,0.0010322052,0.001013431,0.0010689744,0.0010806851,0.0,0.0010615665,0.0010480825,0.0010409196,0.001052283,0.0010586258,0.0010707933,0.0,0.0,0.0,0.0010322052,0.001013431,0.0010689744,0.0010916498,0.0010730722,0.0010615669,0.0,0.0010322052,0.001013431,0.0010689744,0.0010806872,0.0010730897,0.0,0.0,0.0010322054,0.001013431,0.0010689744,0.0010916494,0.0010730766,0.0,0.0010480825,0.0,0.0010615665,0.0010480825,0.0010689745,0.0010730716,0.0,0.0,0.0010322052,0.001013431,0.0010689744,0.0010916488,0.0,0.0010615673,0.0,0.0010322052,0.001013431,0.0010689744,0.0010806845,0.0,0.0,0.0010480831,0.0010615672,0.0,0.0010322052,0.0010615666,0.0010730792,0.0010615666,0.0,0.0010322053,0.001013431,0.0010689744,0.0010806846,0.0,0.0,0.0010480826,0.0010322052,0.0010229447,0.0010338394,0.0011088235,0.0,0.0,0.0010480825,0.0,0.0010615665,0.0010480825,0.0010689745,0.0,0.001061568,0.0,0.0010615668,0.0,0.0010615665,0.0010480826,0.0,0.0,0.0010480889,0.0010322065,0.0010229446,0.0010338394,0.0011088232,0.0,0.0010615836,0.0010615683,0.0010560987,0.0010677121,0.0,0.000991158,0.0,0.0010615675,0.0010480826,0.0,0.0010615668,0.0010480825,0.0010409211,0.0010730717,0.0010615665,0.0010480825,0.0,0.0010615665,0.0010480825,0.0010409201,0.0,0.0010615668,0.0010480826,0.0010409196,0.001052283,0.0010586258,0.0010707929,0.0010730708,0.0010615665,0.0010480825,0.0010409196,0.001052283,0.0010586258,0.0010707929,0.0010730783,0.0,0.0,0.0010322052,0.001013431,0.0010689744,0.0010916487,0.0010730722,0.0,0.0010480825,0.0010322052,0.0010229447,0.0010338394,0.0011088233,0.0,0.001061567,0.0,0.0010322052,0.001013431,0.0010689744,0.0010806846,0.0010730741,0.0,0.0010480825,0.0010322052,0.0010229447,0.0010338394,0.0011088254,0.0,0.0010615665,0.0010480825,0.0010409196,0.001052283,0.0010586258,0.001070794,0.0010730708,0.0010615665,0.0010480825,0.0010409196,0.001052283,0.0010586258,0.0010707929,0.0,0.0010615669,0.0010480825,0.0010409196,0.001052283,0.0010586258,0.0010707929,0.0,0.0,0.0010480825,0.0010322052,0.0010229447,0.0010338394,0.0011088232,0.001073071,0.0010615665,0.0,0.0,0.0010615668,0.0010615666,0.0010560988,0.0010730779,0.0,0.0010480826,0.0,0.0010615668,0.0010480825,0.0010689762,0.0010731033,0.0,0.0010615668,0.0010480825,0.0010409196,0.0,0.0010615672,0.0,0.0010615668,0.0,0.0010322052,0.001013431,0.0010689745,0.0010806869,0.0010730722,0.0,0.0010480825,0.0010322052,0.0010229446,0.0010338398,0.0011088458,0.001073075,0.0,0.0,0.0010322052,0.001013431,0.0010689744,0.0010916486,0.0,0.0010615668,0.0010480826,0.0010409196,0.001052283,0.0010586258,0.0010707929,0.001073065,0.0010615666,0.0010480825,0.0,0.0010615665,0.0010480825,0.0010409199,0.0010730714,0.0,0.0010480825,0.0010322054,0.0010229447,0.0010338394,0.0011088242,0.0010730716,0.0,0.0010480826,0.0010322052,0.0010229446,0.0010338394,0.0011088239,0.0,0.0010615666,0.0010615668,0.0010560985,0.0010677121,0.0,0.0009911855,0.0010730799,0.0,0.0010480825,0.0010322052,0.0010229447,0.0010338394,0.0011088232,0.0010730721,0.0,0.0,0.0010322052,0.001013431,0.0010689744,0.0010916495,0.0010730838,0.001061567,0.0,0.0010322056,0.0010134307,0.0010689746,0.0010806877,0.0,0.0010615666,0.0010480825,0.0010409196,0.001052283,0.0010586258,0.0010707929,0.0,0.0010615671,0.0,0.0010322052,0.001013431,0.0010689744,0.0010806846,0.0,0.0010615668,0.0010480826,0.0010409196,0.001052283,0.0010586258,0.001070793,0.0010730745,0.0010615666,0.0010480825,0.0010409196,0.001052283,0.0010586258,0.001070793,0.0,0.0,0.0,0.0010322052,0.001013431,0.0010689744,0.0010916492,0.0010730709,0.0010615665,0.0,0.0010322052,0.001013431,0.0010689744,0.0010806846,0.0010730736,0.0010615666,0.0010480825,0.0010689744,0.0019931751,0.0010322052,0.0010134313,0.0,0.0010615665,0.0010480825,0.0010409196,0.001052283,0.0010586258,0.0010707934,0.0,0.0010615665,0.0010480825,0.0010409196,0.001052283,0.0010586258,0.001070793,0.0,0.0010615669,0.0010480825,0.0010409196,0.001052283,0.0010586258,0.001070794,0.0010730728,0.0010615668,0.0010480825,0.0010409196,0.001052283,0.0010586258,0.0010707931,0.0,0.0,0.0010480825,0.0010322052,0.0010229447,0.0010338394,0.0011088233,0.0,0.0010615665,0.0010480825,0.0010409196,0.001052283,0.0010586258,0.0010707929,0.0010731416,0.0010615675,0.0010480825,0.0010409196,0.001052283,0.0010586258,0.0010707943
k__Bacteria|p__Firmicutes|c__Tissierellia|o__Tissierellales|f__Peptoniphilaceae|g__Peptoniphilus|s__Peptoniphilus_coxii,0.0,0.0010592865,0.0010456612,0.0010383395,0.0010495008,0.001055631,0.0010676831,0.0,0.0010592866,0.0010456612,0.0010383395,0.0010495008,0.001055631,0.0010676828,0.0,0.0,0.0010456757,0.0010296478,0.0010202146,0.0010308917,0.0011065038,0.0010709587,0.0,0.0010456612,0.001029639,0.0010202138,0.0010308917,0.0011065031,0.0,0.0,0.0010456612,0.001029639,0.0010202138,0.0010308917,0.0011065031,0.0010709271,0.0010592866,0.0010456612,0.0010383395,0.0010495008,0.001055631,0.0010676828,0.0,0.0010592873,0.0010456612,0.0010383395,0.0010495008,0.001055631,0.001067684,0.0010709271,0.0010592866,0.0010456612,0.0010383395,0.0010495008,0.001055631,0.0010676829,0.0,0.001059287,0.0010456619,0.0010383396,0.0010495008,0.001055631,0.0010676834,0.0,0.0010592866,0.0010456612,0.0010383395,0.0010495008,0.001055631,0.0010676829,0.0,0.0010592866,0.0,0.001029639,0.0010107179,0.0010666865,0.0010782256,0.0,0.0010592866,0.0010456612,0.0010383395,0.0010495008,0.001055631,0.0010676833,0.0,0.0,0.0,0.001029639,0.0010107179,0.0010666865,0.0010893423,0.001070937,0.0010592866,0.0,0.001029639,0.0010107179,0.0010666865,0.0010782323,0.0010710156,0.0,0.0,0.001029639,0.0010107179,0.0010666865,0.0010893417,0.0010709545,0.0,0.0010456612,0.0,0.0010592866,0.0010456612,0.0010666867,0.0010709307,0.0,0.0,0.001029639,0.0010107179,0.0010666865,0.0010893402,0.0,0.0010592882,0.0,0.001029639,0.0010107179,0.0010666865,0.001078224,0.0,0.0,0.0010456622,0.0010592885,0.0,0.001029639,0.001059287,0.0010709529,0.001059287,0.0,0.0010296389,0.0010107179,0.0010666865,0.0010782235,0.0,0.0,0.0010456613,0.001029639,0.0010202138,0.0010308917,0.0011065037,0.0,0.0,0.0010456612,0.0,0.0010592866,0.0010456612,0.0010666866,0.0,0.0010592891,0.0,0.0010592868,0.0,0.0010592866,0.0010456613,0.0,0.0,0.0010456756,0.0010296414,0.001020214,0.0010308917,0.0011065033,0.0,0.0010593266,0.0010592908,0.001053667,0.0010650929,0.0,0.000988306,0.0,0.0010592887,0.0010456621,0.0,0.0010592871,0.0010456612,0.0010383428,0.0010709324,0.0010592866,0.0010456612,0.0,0.0010592866,0.0010456612,0.0010383406,0.0,0.001059287,0.0010456613,0.0010383395,0.0010495008,0.001055631,0.0010676831,0.0010709269,0.0010592866,0.0010456612,0.0010383395,0.0010495008,0.001055631,0.0010676829,0.0010709612,0.0,0.0,0.001029639,0.0010107179,0.0010666865,0.0010893402,0.0010709349,0.0,0.0010456612,0.001029639,0.0010202138,0.0010308917,0.0011065033,0.0,0.0010592868,0.0,0.001029639,0.0010107179,0.0010666865,0.0010782236,0.0010709445,0.0,0.0010456612,0.001029639,0.0010202138,0.0010308917,0.001106512,0.0,0.0010592866,0.0010456612,0.0010383395,0.0010495008,0.001055631,0.0010676846,0.0010709278,0.0010592866,0.0010456612,0.0010383395,0.0010495008,0.001055631,0.0010676828,0.0,0.0010592871,0.0010456612,0.0010383395,0.0010495008,0.001055631,0.0010676831,0.0,0.0,0.0010456612,0.001029639,0.0010202138,0.0010308917,0.0011065034,0.001070929,0.0010592866,0.0,0.0,0.0010592868,0.0010592866,0.0010536672,0.0010709607,0.0,0.0010456613,0.0,0.0010592868,0.0010456612,0.0010666908,0.0010710581,0.0,0.001059287,0.0010456612,0.0010383395,0.0,0.0010592875,0.0,0.0010592865,0.0,0.001029639,0.0010107179,0.0010666865,0.0010782325,0.0010709334,0.0,0.0010456612,0.001029639,0.001020214,0.0010308925,0.001106578,0.0010709413,0.0,0.0,0.001029639,0.0010107179,0.0010666865,0.0010893398,0.0,0.0010592868,0.0010456613,0.0010383395,0.0010495008,0.001055631,0.0010676828,0.0010709249,0.0010592866,0.0010456612,0.0,0.0010592868,0.0010456612,0.0010383407,0.0010709304,0.0,0.0010456612,0.001029639,0.0010202138,0.0010308917,0.0011065053,0.0010709306,0.0,0.0010456613,0.001029639,0.001020214,0.0010308919,0.001106506,0.0,0.001059287,0.001059287,0.0010536667,0.0010650926,0.0,0.0009883448,0.0010709679,0.0,0.0010456612,0.001029639,0.0010202138,0.0010308917,0.0011065031,0.0010709319,0.0,0.0,0.001029639,0.0010107179,0.0010666865,0.0010893416,0.0010710036,0.0010592879,0.0,0.0010296401,0.0010107179,0.0010666865,0.0010782318,0.0,0.0010592868,0.0010456612,0.0010383395,0.0010495008,0.001055631,0.0010676828,0.0,0.0010592873,0.0,0.001029639,0.0010107179,0.0010666865,0.0010782236,0.0,0.0010592866,0.0010456613,0.0010383395,0.0010495008,0.001055631,0.0010676829,0.0010709441,0.0010592869,0.0010456612,0.0010383396,0.0010495008,0.001055631,0.0010676833,0.0,0.0,0.0,0.001029639,0.0010107179,0.0010666865,0.0010893407,0.0010709268,0.0010592866,0.0,0.001029639,0.0010107179,0.0010666865,0.0010782245,0.0010709376,0.0010592868,0.0010456612,0.0010666865,0.0010871864,0.001029639,0.001010718,0.0,0.0010592866,0.0010456612,0.0010383395,0.0010495008,0.001055631,0.0010676838,0.0,0.0010592866,0.0010456612,0.0010383395,0.0010495008,0.001055631,0.0010676831,0.0,0.0010592873,0.0010456612,0.0010383395,0.0010495008,0.001055631,0.0010676854,0.0010709388,0.0010592866,0.0010456612,0.0010383395,0.0010495008,0.001055631,0.0010676836,0.0,0.0,0.0010456612,0.001029639,0.0010202138,0.0010308917,0.0011065038,0.0,0.0010592866,0.0010456612,0.0010383395,0.0010495008,0.001055631,0.0010676829,0.0010710926,0.001059288,0.0010456612,0.0010383395,0.0010495008,0.001055631,0.0010676857
k__Bacteria|p__Firmicutes|c__Tissierellia|o__Tissierellales|f__Peptoniphilaceae|g__Peptoniphilus|s__Peptoniphilus_obesi,0.0,0.0010605182,0.001046948,0.0010396811,0.0010508974,0.001057089,0.0010691659,0.0,0.0010605186,0.001046948,0.0010396811,0.0010508974,0.001057089,0.0010691658,0.0,0.0,0.0010469514,0.0010309839,0.0010216137,0.0010323529,0.0011076905,0.0010721195,0.0,0.001046948,0.001030982,0.0010216136,0.0010323529,0.0011076905,0.0,0.0,0.001046948,0.001030982,0.0010216136,0.0010323529,0.0011076905,0.001072105,0.0010605184,0.001046948,0.0010396811,0.0010508974,0.001057089,0.0010691658,0.0,0.0010605186,0.0010469481,0.0010396811,0.0010508974,0.001057089,0.0010691663,0.0010721053,0.0010605184,0.001046948,0.0010396811,0.0010508974,0.001057089,0.001069166,0.0,0.0010605184,0.0010469483,0.0010396813,0.0010508974,0.001057089,0.0010691665,0.0,0.0010605183,0.001046948,0.0010396811,0.0010508974,0.001057089,0.0010691659,0.0,0.0010605183,0.0,0.001030982,0.001012117,0.0010679138,0.0010794933,0.0,0.0010605182,0.001046948,0.0010396811,0.0010508974,0.001057089,0.0010691663,0.0,0.0,0.0,0.001030982,0.001012117,0.0010679138,0.0010905497,0.0010721098,0.0010605183,0.0,0.001030982,0.001012117,0.0010679138,0.0010794956,0.001072139,0.0,0.0,0.001030982,0.001012117,0.0010679138,0.0010905493,0.0010721178,0.0,0.001046948,0.0,0.0010605184,0.001046948,0.0010679138,0.0010721064,0.0,0.0,0.001030982,0.001012117,0.0010679138,0.0010905486,0.0,0.0010605186,0.0,0.001030982,0.001012117,0.0010679138,0.0010794929,0.0,0.0,0.0010469479,0.0010605187,0.0,0.001030982,0.0010605184,0.0010721111,0.0010605184,0.0,0.0010309819,0.001012117,0.0010679138,0.0010794929,0.0,0.0,0.001046948,0.001030982,0.0010216136,0.0010323529,0.0011076906,0.0,0.0,0.001046948,0.0,0.0010605184,0.001046948,0.0010679137,0.0,0.0010605183,0.0,0.0010605187,0.0,0.0010605184,0.0010469481,0.0,0.0,0.0010469495,0.0010309824,0.0010216137,0.0010323529,0.0011076906,0.0,0.0010605277,0.0010605187,0.0010549503,0.001066425,0.0,0.0009897521,0.0,0.0010605187,0.0010469481,0.0,0.0010605184,0.0010469483,0.0010396822,0.0010721072,0.0010605182,0.001046948,0.0,0.0010605184,0.001046948,0.0010396817,0.0,0.0010605184,0.0010469481,0.0010396811,0.0010508974,0.001057089,0.0010691659,0.0010721053,0.0010605184,0.001046948,0.0010396811,0.0010508974,0.001057089,0.0010691659,0.0010721172,0.0,0.0,0.001030982,0.001012117,0.0010679138,0.0010905485,0.0010721073,0.0,0.001046948,0.001030982,0.0010216136,0.0010323529,0.0011076905,0.0,0.0010605187,0.0,0.001030982,0.001012117,0.0010679138,0.0010794927,0.0010721112,0.0,0.001046948,0.001030982,0.0010216136,0.0010323529,0.0011076932,0.0,0.0010605182,0.001046948,0.0010396811,0.0010508974,0.001057089,0.0010691669,0.0010721055,0.0010605184,0.001046948,0.0010396811,0.0010508974,0.001057089,0.0010691658,0.0,0.0010605186,0.0010469483,0.0010396811,0.0010508974,0.001057089,0.0010691659,0.0,0.0,0.001046948,0.001030982,0.0010216136,0.0010323529,0.0011076906,0.0010721064,0.0010605182,0.0,0.0,0.0010605187,0.0010605186,0.0010549508,0.0010721211,0.0,0.0010469479,0.0,0.0010605187,0.001046948,0.0010679155,0.0010721617,0.0,0.0010605184,0.0010469483,0.0010396811,0.0,0.0010605186,0.0,0.0010605182,0.0,0.001030982,0.001012117,0.0010679137,0.0010794936,0.0010721068,0.0,0.001046948,0.001030982,0.0010216137,0.0010323531,0.0011077155,0.0010721084,0.0,0.0,0.001030982,0.001012117,0.0010679138,0.0010905485,0.0,0.0010605184,0.0010469481,0.0010396811,0.0010508974,0.001057089,0.0010691658,0.0010721262,0.0010605183,0.0010469483,0.0,0.0010605182,0.001046948,0.0010396815,0.0010721065,0.0,0.0010469483,0.001030982,0.0010216136,0.0010323529,0.0011076913,0.0010721064,0.0,0.0010469481,0.001030982,0.0010216137,0.0010323529,0.0011076906,0.0,0.0010605183,0.0010605183,0.0010549504,0.0010664248,0.0,0.0009897758,0.0010721234,0.0,0.0010469483,0.001030982,0.0010216136,0.0010323529,0.0011076905,0.001072108,0.0,0.0,0.001030982,0.001012117,0.0010679138,0.0010905494,0.0010721328,0.0010605184,0.0,0.0010309824,0.0010121166,0.0010679137,0.0010794962,0.0,0.0010605183,0.0010469483,0.0010396811,0.0010508974,0.001057089,0.0010691658,0.0,0.0010605183,0.0,0.001030982,0.001012117,0.0010679138,0.0010794927,0.0,0.0010605183,0.0010469483,0.0010396811,0.0010508974,0.001057089,0.001069166,0.0010721112,0.0010605183,0.0010469479,0.0010396811,0.0010508974,0.001057089,0.001069166,0.0,0.0,0.0,0.001030982,0.001012117,0.0010679138,0.0010905488,0.0010721049,0.0010605184,0.0,0.001030982,0.001012117,0.0010679138,0.0010794932,0.0010721092,0.0010605183,0.001046948,0.0010679138,0.0022831338,0.001030982,0.0010121173,0.0,0.0010605184,0.001046948,0.0010396811,0.0010508974,0.001057089,0.0010691663,0.0,0.0010605184,0.001046948,0.0010396811,0.0010508974,0.001057089,0.001069166,0.0,0.0010605186,0.0010469483,0.0010396811,0.0010508974,0.001057089,0.0010691669,0.001072109,0.0010605184,0.001046948,0.0010396811,0.0010508974,0.001057089,0.0010691661,0.0,0.0,0.001046948,0.001030982,0.0010216136,0.0010323529,0.0011076907,0.0,0.0010605182,0.001046948,0.0010396811,0.0010508974,0.001057089,0.0010691659,0.0010721965,0.0010605186,0.0010469479,0.001039681,0.0010508974,0.001057089,0.0010691672
k__Bacteria|p__Firmicutes|c__Clostridia|o__Eubacteriales|f__Peptostreptococcaceae|g__Paeniclostridium|s__Eubacterium_tenue,0.0,0.0010605657,0.0010469495,0.0010396147,0.0010507102,0.0010567836,0.0010687772,0.0,0.0010605659,0.0010469495,0.0010396147,0.0010507102,0.0010567836,0.0010687772,0.0,0.0,0.0010469641,0.0010309456,0.0010214973,0.0010321124,0.001107587,0.0010722307,0.0,0.0010469498,0.0010309354,0.0010214967,0.0010321124,0.0011075865,0.0,0.0,0.0010469498,0.0010309354,0.0010214967,0.0010321124,0.0011075864,0.0010721959,0.0010605658,0.0010469495,0.0010396147,0.0010507102,0.0010567836,0.0010687772,0.0,0.0010605665,0.0010469499,0.0010396147,0.0010507102,0.0010567836,0.0010687776,0.0010721958,0.0010605658,0.0010469495,0.0010396147,0.0010507102,0.0010567836,0.0010687772,0.0,0.0010605659,0.0010469505,0.0010396148,0.0010507102,0.0010567836,0.0010687775,0.0,0.0010605659,0.0010469495,0.0010396147,0.0010507102,0.0010567836,0.0010687772,0.0,0.0010605659,0.0,0.0010309354,0.0010120199,0.0010679415,0.001079407,0.0,0.0010605658,0.0010469495,0.0010396147,0.0010507102,0.0010567836,0.0010687773,0.0,0.0,0.0,0.0010309354,0.0010120199,0.0010679415,0.0010905088,0.0010722047,0.0010605659,0.0,0.0010309354,0.0010120199,0.0010679415,0.0010794105,0.001072267,0.0,0.0,0.0010309357,0.0010120199,0.0010679415,0.0010905083,0.00107222,0.0,0.0010469498,0.0,0.0010605658,0.0010469495,0.0010679414,0.0010721987,0.0,0.0,0.0010309354,0.0010120199,0.0010679415,0.0010905074,0.0,0.001060567,0.0,0.0010309354,0.0010120199,0.0010679415,0.0010794058,0.0,0.0,0.0010469514,0.0010605672,0.0,0.0010309354,0.0010605659,0.0010722219,0.0010605659,0.0,0.0010309354,0.0010120199,0.0010679415,0.0010794059,0.0,0.0,0.00104695,0.0010309354,0.0010214967,0.0010321124,0.0011075868,0.0,0.0,0.0010469498,0.0,0.0010605658,0.0010469495,0.0010679414,0.0,0.0010605693,0.0,0.0010605659,0.0,0.0010605658,0.0010469499,0.0,0.0,0.0010469689,0.0010309381,0.0010214967,0.0010321124,0.0011075871,0.0,0.0010605975,0.0010605695,0.0010549331,0.0010662891,0.0,0.0009896072,0.0,0.0010605683,0.0010469508,0.0,0.0010605659,0.0010469499,0.001039617,0.0010722025,0.0010605658,0.0010469495,0.0,0.0010605658,0.0010469495,0.0010396156,0.0,0.0010605659,0.0010469499,0.0010396147,0.0010507102,0.0010567836,0.001068777,0.0010721957,0.0010605658,0.0010469495,0.0010396147,0.0010507102,0.0010567836,0.0010687772,0.0010722268,0.0,0.0,0.0010309354,0.0010120199,0.0010679415,0.0010905075,0.0010722002,0.0,0.0010469495,0.0010309354,0.0010214967,0.0010321124,0.0011075867,0.0,0.0010605659,0.0,0.0010309354,0.0010120199,0.0010679415,0.0010794058,0.0010722099,0.0,0.0010469498,0.0010309354,0.0010214967,0.0010321124,0.0011075909,0.0,0.0010605658,0.0010469498,0.0010396147,0.0010507102,0.0010567836,0.0010687782,0.0010721965,0.0010605658,0.0010469495,0.0010396147,0.0010507102,0.0010567836,0.0010687772,0.0,0.0010605663,0.0010469499,0.0010396147,0.0010507102,0.0010567836,0.0010687772,0.0,0.0,0.0010469498,0.0010309354,0.0010214967,0.0010321124,0.0011075868,0.0010721979,0.0010605658,0.0,0.0,0.0010605659,0.0010605659,0.0010549332,0.001072233,0.0,0.0010469499,0.0,0.0010605659,0.0010469498,0.0010679442,0.0010723048,0.0,0.001060566,0.0010469499,0.0010396147,0.0,0.0010605664,0.0,0.0010605657,0.0,0.0010309354,0.0010120199,0.0010679415,0.0010794087,0.0010722025,0.0,0.0010469498,0.0010309354,0.0010214967,0.001032113,0.0011076157,0.0010722141,0.0,0.0,0.0010309354,0.0010120199,0.0010679415,0.0010905074,0.0,0.0010605659,0.0010469499,0.0010396147,0.0010507102,0.0010567836,0.0010687772,0.001072212,0.0010605658,0.0010469499,0.0,0.0010605657,0.0010469498,0.0010396158,0.001072198,0.0,0.0010469499,0.0010309358,0.0010214967,0.0010321124,0.0011075877,0.0010721995,0.0,0.0010469499,0.0010309354,0.0010214967,0.0010321126,0.0011075876,0.0,0.0010605658,0.0010605659,0.0010549326,0.0010662891,0.0,0.0009896416,0.0010722318,0.0,0.0010469499,0.0010309354,0.0010214967,0.0010321124,0.0011075868,0.0010722002,0.0,0.0,0.0010309354,0.0010120199,0.0010679415,0.0010905084,0.0010722639,0.0010605664,0.0,0.0010309363,0.0010120202,0.0010679415,0.0010794114,0.0,0.0010605658,0.0010469499,0.0010396147,0.0010507102,0.0010567836,0.0010687772,0.0,0.001060567,0.0,0.0010309354,0.0010120199,0.0010679415,0.0010794058,0.0,0.0010605658,0.00104695,0.0010396147,0.0010507102,0.0010567836,0.0010687773,0.0010722085,0.0010605659,0.0010469499,0.001039615,0.0010507102,0.0010567836,0.0010687773,0.0,0.0,0.0,0.0010309354,0.0010120199,0.0010679415,0.0010905077,0.0010721956,0.0010605658,0.0,0.0010309354,0.0010120199,0.0010679415,0.0010794061,0.0010722089,0.0010605658,0.0010469498,0.0010679415,0.0,0.0010309354,0.0010120203,0.0,0.0010605658,0.0010469498,0.0010396147,0.0010507102,0.0010567836,0.0010687776,0.0,0.0010605658,0.0010469498,0.0010396147,0.0010507102,0.0010567836,0.0010687774,0.0,0.0010605664,0.0010469499,0.0010396147,0.0010507102,0.0010567836,0.001068778,0.0010722039,0.0010605658,0.0010469498,0.0010396147,0.0010507102,0.0010567836,0.0010687775,0.0,0.0,0.0010469498,0.0010309354,0.0010214967,0.0010321124,0.001107587,0.0,0.0010605658,0.0010469495,0.0010396147,0.0010507102,0.0010567836,0.0010687772,0.001072378,0.0010605674,0.0010469499,0.0010396147,0.0010507102,0.0010567836,0.0010687786
k__Bacteria|p__Firmicutes|c__Clostridia|o__Eubacteriales|f__Oscillospiraceae|g__Anaeromassilibacillus|s__Anaeromassilibacillus_sp_An250,0.0,0.0010614893,0.0010479295,0.0010406577,0.0010518333,0.0010579904,0.0010700296,0.0,0.0010614893,0.0010479295,0.0010406577,0.0010518333,0.0010579904,0.0010700293,0.0,0.0,0.0010479501,0.0010319881,0.0010226007,0.0010333013,0.0011085246,0.001073112,0.0,0.0010479297,0.0010319732,0.0010226001,0.0010333013,0.0011085238,0.0,0.0,0.0010479297,0.0010319732,0.0010226001,0.0010333013,0.0011085238,0.0010730649,0.0010614892,0.0010479295,0.0010406577,0.0010518333,0.0010579904,0.0010700293,0.0,0.00106149,0.0010479299,0.0010406577,0.0010518333,0.0010579904,0.0010700298,0.001073065,0.0010614892,0.0010479295,0.0010406577,0.0010518333,0.0010579904,0.0010700296,0.0,0.0010614895,0.0010479303,0.001040658,0.0010518333,0.0010579904,0.0010700302,0.0,0.0010614893,0.0010479295,0.0010406577,0.0010518333,0.0010579904,0.0010700295,0.0,0.0010614893,0.0,0.0010319732,0.0010131166,0.0010688677,0.0010804019,0.0,0.0010614892,0.0010479295,0.0010406577,0.0010518333,0.0010579904,0.0010700296,0.0,0.0,0.0,0.0010319732,0.0010131166,0.0010688677,0.0010914418,0.0010730763,0.0010614893,0.0,0.0010319732,0.0010131166,0.0010688677,0.0010804065,0.0010731525,0.0,0.0,0.0010319736,0.0010131166,0.0010688677,0.0010914416,0.0010730957,0.0,0.0010479295,0.0,0.0010614892,0.0010479295,0.001068868,0.0010730685,0.0,0.0,0.0010319732,0.0010131166,0.0010688677,0.0010914409,0.0,0.0010614912,0.0,0.0010319732,0.0010131166,0.0010688677,0.0010804005,0.0,0.0,0.001047931,0.0010614907,0.0,0.0010319732,0.0010614893,0.001073099,0.0010614895,0.0,0.0010319734,0.0010131166,0.0010688677,0.0010804003,0.0,0.0,0.0010479299,0.0010319732,0.0010226001,0.0010333013,0.0011085243,0.0,0.0,0.0010479295,0.0,0.0010614892,0.0010479295,0.0010688679,0.0,0.0010614945,0.0,0.0010614893,0.0,0.0010614892,0.0010479296,0.0,0.0,0.0010479554,0.0010319774,0.0010226002,0.0010333013,0.0011085243,0.0,0.0010615384,0.0010614952,0.0010559171,0.0010673471,0.0,0.0009907639,0.0,0.001061492,0.001047931,0.0,0.0010614899,0.0010479296,0.0010406605,0.001073074,0.0010614892,0.0010479295,0.0,0.0010614892,0.0010479295,0.0010406589,0.0,0.0010614896,0.0010479296,0.0010406577,0.0010518333,0.0010579904,0.0010700293,0.0010730649,0.0010614892,0.0010479295,0.0010406577,0.0010518333,0.0010579904,0.0010700296,0.0010730997,0.0,0.0,0.0010319732,0.0010131166,0.0010688677,0.001091441,0.0010730716,0.0,0.0010479295,0.0010319732,0.0010226001,0.0010333013,0.001108524,0.0,0.0010614893,0.0,0.0010319732,0.0010131166,0.0010688677,0.0010804001,0.0010730857,0.0,0.0010479295,0.0010319732,0.0010226001,0.0010333013,0.0011085297,0.0,0.0010614892,0.0010479295,0.0010406577,0.0010518333,0.0010579904,0.0010700304,0.001073066,0.0010614892,0.0010479295,0.0010406577,0.0010518333,0.0010579904,0.0010700293,0.0,0.00106149,0.0010479299,0.001040658,0.0010518333,0.0010579904,0.0010700296,0.0,0.0,0.0010479297,0.0010319732,0.0010226001,0.0010333013,0.0011085239,0.0010730682,0.0010614892,0.0,0.0,0.0010614893,0.0010614893,0.0010559168,0.0010731156,0.0,0.0010479299,0.0,0.0010614893,0.0010479295,0.0010688702,0.0010732018,0.0,0.0010614896,0.0010479299,0.0010406577,0.0,0.0010614898,0.0,0.0010614891,0.0,0.0010319732,0.0010131166,0.001068868,0.0010804054,0.0010730731,0.0,0.0010479295,0.0010319732,0.0010226002,0.0010333019,0.0011085585,0.0010730886,0.0,0.0,0.0010319732,0.0010131166,0.0010688677,0.001091441,0.0,0.0010614896,0.0010479299,0.0010406577,0.0010518333,0.0010579904,0.0010700297,0.0010730956,0.0010614893,0.0010479299,0.0,0.0010614895,0.0010479295,0.0010406591,0.0010730678,0.0,0.0010479299,0.0010319736,0.0010226001,0.0010333013,0.0011085249,0.0010730698,0.0,0.0010479296,0.0010319732,0.0010226002,0.0010333016,0.0011085253,0.0,0.0010614893,0.0010614896,0.0010559164,0.0010673471,0.0,0.0009908036,0.0010731086,0.0,0.0010479299,0.0010319732,0.0010226001,0.0010333013,0.0011085238,0.0010730708,0.0,0.0,0.0010319732,0.0010131166,0.0010688677,0.0010914417,0.0010731509,0.00106149,0.0,0.0010319743,0.0010131167,0.0010688679,0.0010804057,0.0,0.0010614892,0.0010479296,0.0010406577,0.0010518333,0.0010579904,0.0010700296,0.0,0.001061491,0.0,0.0010319735,0.0010131166,0.0010688677,0.0010804002,0.0,0.0010614896,0.0010479299,0.0010406577,0.0010518333,0.0010579904,0.0010700295,0.0010730803,0.0010614895,0.0010479299,0.0010406581,0.0010518333,0.0010579904,0.0010700298,0.0,0.0,0.0,0.0010319732,0.0010131166,0.0010688677,0.0010914415,0.0010730644,0.0010614892,0.0,0.0010319732,0.0010131166,0.0010688677,0.0010804009,0.0010730808,0.0010614895,0.0010479295,0.0010688677,0.0,0.0010319732,0.0010131167,0.0,0.0010614892,0.0010479295,0.001040658,0.0010518333,0.0010579904,0.00107003,0.0,0.0010614892,0.0010479297,0.0010406577,0.0010518333,0.0010579904,0.0010700298,0.0,0.0010614898,0.0010479299,0.0010406577,0.0010518333,0.0010579904,0.0010700307,0.0010730751,0.0010614893,0.0010479295,0.0010406577,0.0010518333,0.0010579904,0.0010700298,0.0,0.0,0.0010479295,0.0010319732,0.0010226001,0.0010333013,0.001108524,0.0,0.0010614892,0.0010479295,0.0010406577,0.0010518333,0.0010579904,0.0010700296,0.0010733274,0.0010614912,0.0010479299,0.0010406579,0.0010518333,0.0010579904,0.0010700312
k__Bacteria|p__Firmicutes|c__Bacilli|o__Lactobacillales|f__Lactobacillaceae|g__Schleiferilactobacillus|s__Schleiferilactobacillus_harbinensis,0.0,0.0010577211,0.0010441111,0.0010368453,0.0010481564,0.0010544251,0.001066596,0.0,0.0010577212,0.0010441111,0.0010368453,0.0010481564,0.0010544251,0.0010665959,0.0,0.0,0.0010441261,0.0010281174,0.0010187412,0.0010295655,0.0011052619,0.0010694119,0.0,0.0010441111,0.0010281076,0.0010187407,0.0010295655,0.0011052612,0.0,0.0,0.0010441111,0.0010281076,0.0010187407,0.0010295655,0.001105261,0.001069349,0.0010577211,0.0010441111,0.0010368453,0.0010481564,0.0010544251,0.0010665959,0.0,0.0010577217,0.0010441112,0.0010368453,0.0010481564,0.0010544251,0.0010665966,0.001069349,0.0010577211,0.0010441111,0.0010368453,0.0010481564,0.0010544251,0.0010665959,0.0,0.0010577213,0.0010441119,0.0010368454,0.0010481564,0.0010544251,0.0010665965,0.0,0.0010577212,0.0010441111,0.0010368453,0.0010481564,0.0010544251,0.001066596,0.0,0.0010577212,0.0,0.0010281076,0.0010092095,0.0010651615,0.0010768549,0.0,0.0010577211,0.0010441111,0.0010368453,0.0010481564,0.0010544251,0.0010665961,0.0,0.0,0.0,0.0010281076,0.0010092095,0.0010651615,0.0010879617,0.0010693666,0.0010577212,0.0,0.0010281076,0.0010092095,0.0010651615,0.0010768598,0.0010694731,0.0,0.0,0.001028108,0.0010092095,0.0010651615,0.0010879613,0.0010693918,0.0,0.0010441111,0.0,0.0010577211,0.0010441111,0.0010651614,0.0010693538,0.0,0.0,0.0010281076,0.0010092095,0.0010651615,0.0010879607,0.0,0.0010577227,0.0,0.0010281076,0.0010092095,0.0010651615,0.0010768537,0.0,0.0,0.0010441124,0.0010577227,0.0,0.0010281076,0.0010577212,0.0010693879,0.0010577213,0.0,0.0010281077,0.0010092095,0.0010651615,0.0010768534,0.0,0.0,0.0010441112,0.0010281076,0.0010187407,0.0010295655,0.0011052616,0.0,0.0,0.0010441111,0.0,0.0010577211,0.0010441111,0.0010651613,0.0,0.0010577247,0.0,0.0010577213,0.0,0.0010577211,0.0010441112,0.0,0.0,0.001044131,0.0010281105,0.0010187406,0.0010295655,0.0011052615,0.0,0.0010577531,0.0010577252,0.0010521562,0.0010637341,0.0,0.0009868246,0.0,0.0010577234,0.001044112,0.0,0.0010577213,0.0010441112,0.0010368478,0.0010693609,0.0010577211,0.0010441111,0.0,0.0010577211,0.0010441111,0.0010368461,0.0,0.0010577213,0.0010441112,0.0010368453,0.0010481564,0.0010544251,0.001066596,0.001069349,0.0010577211,0.0010441111,0.0010368453,0.0010481564,0.0010544251,0.001066596,0.0010693971,0.0,0.0,0.0010281076,0.0010092095,0.0010651615,0.0010879607,0.0010693574,0.0,0.0010441111,0.0010281076,0.0010187407,0.0010295655,0.0011052614,0.0,0.0010577213,0.0,0.0010281076,0.0010092095,0.0010651615,0.0010768533,0.0010693771,0.0,0.0010441111,0.0010281076,0.0010187407,0.0010295655,0.0011052664,0.0,0.0010577211,0.0010441111,0.0010368453,0.0010481564,0.0010544251,0.001066597,0.0010693508,0.0010577211,0.0010441111,0.0010368453,0.0010481564,0.0010544251,0.0010665959,0.0,0.0010577216,0.0010441112,0.0010368453,0.0010481564,0.0010544251,0.001066596,0.0,0.0,0.0010441111,0.0010281076,0.0010187407,0.0010295655,0.0011052612,0.0010693535,0.0010577211,0.0,0.0,0.0010577213,0.0010577212,0.001052156,0.001069415,0.0,0.0010441112,0.0,0.0010577213,0.0010441111,0.0010651646,0.0010695388,0.0,0.0010577213,0.0010441112,0.0010368453,0.0,0.0010577217,0.0,0.0010577209,0.0,0.0010281076,0.0010092095,0.0010651614,0.0010768601,0.00106936,0.0,0.0010441111,0.0010281076,0.0010187406,0.0010295662,0.0011053024,0.0010693761,0.0,0.0,0.0010281076,0.0010092095,0.0010651615,0.0010879607,0.0,0.0010577213,0.0010441112,0.0010368453,0.0010481564,0.0010544251,0.0010665959,0.0010694042,0.0010577212,0.0010441112,0.0,0.0010577211,0.0010441111,0.0010368467,0.0010693531,0.0,0.0010441112,0.001028108,0.0010187407,0.0010295655,0.0011052627,0.0010693549,0.0,0.0010441112,0.0010281077,0.0010187406,0.0010295657,0.0011052628,0.0,0.0010577212,0.0010577214,0.0010521555,0.0010637341,0.0,0.0009868586,0.0010694065,0.0,0.0010441112,0.0010281076,0.0010187407,0.0010295655,0.001105261,0.001069357,0.0,0.0,0.0010281076,0.0010092095,0.0010651615,0.0010879616,0.0010694726,0.001057722,0.0,0.0010281086,0.0010092097,0.0010651614,0.0010768592,0.0,0.001057721,0.0010441112,0.0010368453,0.0010481564,0.0010544251,0.0010665959,0.0,0.0010577223,0.0,0.0010281076,0.0010092095,0.0010651615,0.0010768533,0.0,0.0010577213,0.0010441112,0.0010368453,0.0010481564,0.0010544251,0.0010665959,0.0010693702,0.0010577212,0.0010441112,0.0010368455,0.0010481564,0.0010544251,0.0010665961,0.0,0.0,0.0,0.0010281076,0.0010092095,0.0010651615,0.0010879609,0.0010693485,0.0010577211,0.0,0.0010281076,0.0010092095,0.0010651615,0.0010768542,0.0010693679,0.0010577212,0.0010441111,0.0010651615,0.0,0.0010281076,0.0010092098,0.0,0.0010577211,0.0010441111,0.0010368453,0.0010481564,0.0010544251,0.0010665966,0.0,0.0010577211,0.0010441111,0.0010368453,0.0010481564,0.0010544251,0.001066596,0.0,0.0010577217,0.0010441112,0.0010368453,0.0010481564,0.0010544251,0.0010665973,0.0010693632,0.0010577209,0.0010441111,0.0010368453,0.0010481564,0.0010544251,0.0010665962,0.0,0.0,0.0010441111,0.0010281076,0.0010187407,0.0010295655,0.0011052616,0.0,0.0010577211,0.0010441111,0.0010368453,0.0010481564,0.0010544251,0.001066596,0.0010696675,0.0010577225,0.0010441112,0.0010368454,0.0010481564,0.0010544251,0.0010665978
k__Bacteria|p__Firmicutes|c__Bacilli|o__Lactobacillales|f__Carnobacteriaceae|g__Granulicatella|s__Granulicatella_SGB8245,0.0,0.0010602368,0.0010466097,0.0010392652,0.0010503553,0.0010564214,0.0010684147,0.0,0.001060237,0.0010466097,0.0010392652,0.0010503553,0.0010564214,0.0010684147,0.0,0.0,0.0010466162,0.0010305882,0.0010211362,0.0010317446,0.001107282,0.0010719186,0.0,0.0010466097,0.0010305843,0.0010211356,0.0010317443,0.0011072808,0.0,0.0,0.0010466097,0.0010305843,0.0010211356,0.0010317443,0.0011072806,0.001071878,0.0010602368,0.0010466097,0.0010392652,0.0010503553,0.0010564214,0.0010684144,0.0,0.0010602376,0.0010466097,0.0010392652,0.0010503553,0.0010564214,0.0010684158,0.0010718779,0.0010602368,0.0010466097,0.0010392652,0.0010503553,0.0010564214,0.0010684148,0.0,0.001060237,0.0010466103,0.0010392653,0.0010503553,0.0010564214,0.0010684154,0.0,0.001060237,0.0010466097,0.0010392652,0.0010503553,0.0010564214,0.0010684147,0.0,0.001060237,0.0,0.0010305843,0.0010116578,0.0010676151,0.0010790798,0.0,0.0010602368,0.0010466097,0.0010392652,0.0010503553,0.0010564214,0.0010684159,0.0,0.0,0.0,0.0010305843,0.0010116578,0.0010676151,0.0010901953,0.0010718904,0.001060237,0.0,0.0010305843,0.0010116578,0.0010676151,0.0010790885,0.0010719674,0.0,0.0,0.0010305843,0.0010116578,0.0010676151,0.0010901943,0.0010719061,0.0,0.0010466097,0.0,0.0010602368,0.0010466097,0.0010676157,0.0010718819,0.0,0.0,0.0010305843,0.0010116578,0.0010676151,0.0010901915,0.0,0.001060238,0.0,0.0010305843,0.0010116578,0.0010676151,0.0010790778,0.0,0.0,0.0010466108,0.0010602378,0.0,0.0010305843,0.0010602372,0.0010719004,0.001060237,0.0,0.0010305842,0.0010116578,0.0010676151,0.0010790771,0.0,0.0,0.0010466098,0.0010305843,0.0010211356,0.0010317443,0.0011072814,0.0,0.0,0.0010466097,0.0,0.0010602368,0.0010466097,0.0010676153,0.0,0.0010602389,0.0,0.0010602371,0.0,0.0010602368,0.00104661,0.0,0.0,0.0010466161,0.0010305851,0.0010211357,0.0010317443,0.0011072818,0.0,0.001060249,0.0010602381,0.0010545949,0.0010659475,0.0,0.0009892414,0.0,0.0010602388,0.0010466105,0.0,0.0010602371,0.0010466097,0.0010392686,0.001071884,0.0010602368,0.0010466097,0.0,0.0010602368,0.0010466097,0.0010392668,0.0,0.0010602371,0.0010466098,0.0010392652,0.0010503553,0.0010564214,0.0010684147,0.001071878,0.0010602368,0.0010466097,0.0010392652,0.0010503553,0.0010564214,0.0010684147,0.0010719142,0.0,0.0,0.0010305843,0.0010116578,0.0010676151,0.0010901912,0.0010718827,0.0,0.0010466097,0.0010305843,0.0010211356,0.0010317443,0.0011072813,0.0,0.0010602371,0.0,0.0010305843,0.0010116578,0.0010676151,0.0010790769,0.0010718971,0.0,0.0010466097,0.0010305843,0.0010211356,0.0010317446,0.0011072919,0.0,0.0010602368,0.0010466097,0.0010392652,0.0010503553,0.0010564214,0.0010684178,0.0010718786,0.0010602368,0.0010466097,0.0010392652,0.0010503553,0.0010564214,0.0010684144,0.0,0.0010602372,0.0010466097,0.0010392652,0.0010503553,0.0010564214,0.0010684147,0.0,0.0,0.0010466097,0.0010305843,0.0010211356,0.0010317443,0.0011072811,0.001071881,0.0010602368,0.0,0.0,0.0010602371,0.001060237,0.0010545957,0.0010719233,0.0,0.0010466098,0.0,0.0010602371,0.0010466097,0.0010676202,0.0010720144,0.0,0.0010602371,0.0010466097,0.0010392652,0.0,0.0010602382,0.0,0.0010602368,0.0,0.0010305843,0.0010116578,0.0010676151,0.0010790864,0.0010718846,0.0,0.0010466097,0.0010305843,0.0010211357,0.0010317451,0.0011073647,0.0010718948,0.0,0.0,0.0010305843,0.0010116578,0.0010676151,0.0010901913,0.0,0.0010602371,0.0010466098,0.0010392652,0.0010503553,0.0010564214,0.0010684147,0.0010719041,0.001060237,0.0010466097,0.0,0.0010602368,0.0010466097,0.0010392664,0.0010718812,0.0,0.0010466097,0.0010305843,0.0010211356,0.0010317443,0.0011072848,0.0010718826,0.0,0.0010466098,0.0010305842,0.0010211357,0.0010317448,0.0011072846,0.0,0.001060237,0.0010602371,0.001054595,0.0010659473,0.0,0.0009892897,0.0010719206,0.0,0.0010466097,0.0010305843,0.0010211356,0.0010317443,0.0011072806,0.0010718849,0.0,0.0,0.0010305843,0.0010116578,0.0010676151,0.0010901944,0.0010719585,0.0010602374,0.0,0.0010305851,0.0010116578,0.0010676155,0.0010790891,0.0,0.001060237,0.0010466097,0.0010392652,0.0010503553,0.0010564214,0.0010684144,0.0,0.0010602373,0.0,0.0010305843,0.0010116578,0.0010676151,0.0010790769,0.0,0.001060237,0.0010466098,0.0010392652,0.0010503553,0.0010564214,0.0010684148,0.0010718977,0.001060237,0.0010466097,0.0010392654,0.0010503553,0.0010564214,0.0010684152,0.0,0.0,0.0,0.0010305843,0.0010116578,0.0010676151,0.0010901925,0.0010718774,0.0010602368,0.0,0.0010305843,0.0010116578,0.0010676151,0.0010790785,0.0010718934,0.001060237,0.0010466097,0.0010676151,0.0,0.0010305843,0.0010116579,0.0,0.0010602368,0.0010466097,0.0010392652,0.0010503553,0.0010564214,0.0010684164,0.0,0.0010602368,0.0010466097,0.0010392652,0.0010503553,0.0010564214,0.001068415,0.0,0.0010602372,0.0010466097,0.0010392652,0.0010503553,0.0010564214,0.0010684185,0.0010718872,0.0010602368,0.0010466097,0.0010392652,0.0010503553,0.0010564214,0.0010684155,0.0,0.0,0.0010466097,0.0010305843,0.0010211356,0.0010317443,0.0011072818,0.0,0.0010602368,0.0010466097,0.0010392652,0.0010503553,0.0010564214,0.0010684147,0.0010721029,0.001060238,0.0010466097,0.0010392653,0.0010503553,0.0010564214,0.0010684195
k__Bacteria|p__Firmicutes|c__Clostridia|o__Eubacteriales|f__Lachnospiraceae|g__Roseburia|s__Roseburia_sp_AF02_12,0.0,0.0010609982,0.0010473563,0.0010399739,0.001050972,0.001056952,0.0010688744,0.0,0.0010609983,0.0010473563,0.0010399739,0.001050972,0.001056952,0.0010688743,0.0,0.0,0.0010473623,0.0010313195,0.0010218263,0.0010323438,0.0011078615,0.0010726636,0.0,0.0010473563,0.0010313141,0.001021826,0.0010323438,0.0011078614,0.0,0.0,0.0010473563,0.0010313141,0.001021826,0.0010323438,0.0011078614,0.001072652,0.0010609983,0.0010473563,0.0010399739,0.001050972,0.001056952,0.0010688744,0.0,0.0010609985,0.0010473563,0.0010399739,0.001050972,0.001056952,0.0010688741,0.0010726524,0.0010609983,0.0010473563,0.0010399739,0.001050972,0.001056952,0.0010688743,0.0,0.0010609984,0.0010473564,0.0010399737,0.001050972,0.001056952,0.0010688747,0.0,0.0010609983,0.0010473563,0.0010399739,0.001050972,0.001056952,0.0010688744,0.0,0.0010609983,0.0,0.0010313141,0.001012368,0.0010683539,0.0010797228,0.0,0.0010609983,0.0010473563,0.0010399739,0.001050972,0.001056952,0.0010688746,0.0,0.0,0.0,0.0010313141,0.001012368,0.0010683539,0.0010908496,0.0010726542,0.0010609983,0.0,0.0010313141,0.001012368,0.0010683539,0.0010797232,0.0010726699,0.0,0.0,0.0010313139,0.001012368,0.0010683539,0.0010908492,0.0010726578,0.0,0.0010473563,0.0,0.0010609983,0.0010473563,0.0010683538,0.0010726529,0.0,0.0,0.0010313141,0.001012368,0.0010683539,0.0010908487,0.0,0.0010609988,0.0,0.0010313141,0.001012368,0.0010683539,0.0010797222,0.0,0.0,0.001047357,0.0010609989,0.0,0.0010313141,0.0010609984,0.0010726645,0.0010609984,0.0,0.001031314,0.001012368,0.0010683539,0.0010797224,0.0,0.0,0.0010473565,0.0010313141,0.001021826,0.0010323438,0.0011078613,0.0,0.0,0.0010473563,0.0,0.0010609983,0.0010473563,0.0010683538,0.0,0.0010610006,0.0,0.0010609984,0.0,0.0010609983,0.0010473564,0.0,0.0,0.0010473665,0.0010313153,0.0010218259,0.0010323438,0.0011078616,0.0,0.001061005,0.0010609992,0.0010553193,0.0010665793,0.0,0.0009899181,0.0,0.0010609991,0.0010473568,0.0,0.0010609984,0.0010473563,0.0010399745,0.0010726554,0.0010609983,0.0010473563,0.0,0.0010609983,0.0010473563,0.0010399743,0.0,0.0010609984,0.0010473564,0.0010399739,0.001050972,0.001056952,0.0010688744,0.0010726523,0.0010609983,0.0010473563,0.0010399739,0.001050972,0.001056952,0.0010688744,0.0010726597,0.0,0.0,0.0010313141,0.001012368,0.0010683539,0.0010908486,0.0010726524,0.0,0.0010473563,0.0010313141,0.001021826,0.0010323438,0.0011078614,0.0,0.0010609984,0.0,0.0010313141,0.001012368,0.0010683539,0.0010797222,0.0010726553,0.0,0.0010473563,0.0010313141,0.001021826,0.0010323438,0.0011078601,0.0,0.0010609983,0.0010473563,0.0010399739,0.001050972,0.001056952,0.0010688747,0.0010726528,0.0010609983,0.0010473563,0.0010399739,0.001050972,0.001056952,0.0010688744,0.0,0.0010609989,0.0010473563,0.0010399739,0.001050972,0.001056952,0.0010688744,0.0,0.0,0.0010473563,0.0010313141,0.001021826,0.0010323438,0.0011078615,0.0010726531,0.0010609983,0.0,0.0,0.0010609984,0.0010609983,0.0010553198,0.0010726664,0.0,0.0010473563,0.0,0.0010609984,0.0010473563,0.0010683542,0.0010726827,0.0,0.0010609984,0.0010473563,0.0010399739,0.0,0.0010609986,0.0,0.0010609982,0.0,0.0010313141,0.001012368,0.0010683538,0.001079721,0.0010726547,0.0,0.0010473563,0.0010313141,0.0010218259,0.0010323438,0.0011078623,0.0010726616,0.0,0.0,0.0010313141,0.001012368,0.0010683539,0.0010908486,0.0,0.0010609984,0.0010473564,0.0010399739,0.001050972,0.001056952,0.0010688743,0.0010726678,0.0010609984,0.0010473563,0.0,0.0010609983,0.0010473563,0.001039974,0.0010726526,0.0,0.0010473563,0.0010313139,0.001021826,0.0010323438,0.001107862,0.0010726537,0.0,0.0010473564,0.0010313141,0.0010218259,0.0010323438,0.0011078609,0.0,0.0010609984,0.0010609984,0.0010553193,0.001066579,0.0,0.0009899447,0.0010726602,0.0,0.0010473563,0.0010313141,0.001021826,0.0010323438,0.0011078614,0.0010726546,0.0,0.0,0.0010313141,0.001012368,0.0010683539,0.0010908496,0.0010726706,0.0010609984,0.0,0.0010313143,0.0010123681,0.0010683539,0.0010797237,0.0,0.0010609983,0.0010473563,0.0010399739,0.001050972,0.001056952,0.0010688744,0.0,0.0010609992,0.0,0.0010313141,0.001012368,0.0010683539,0.0010797222,0.0,0.0010609983,0.0010473565,0.0010399739,0.001050972,0.001056952,0.0010688743,0.0010726542,0.0010609983,0.0010473563,0.0010399737,0.001050972,0.001056952,0.0010688745,0.0,0.0,0.0,0.0010313141,0.001012368,0.0010683539,0.0010908488,0.0010726522,0.0010609983,0.0,0.0010313141,0.001012368,0.0010683539,0.0010797222,0.0010726572,0.0010609983,0.0010473563,0.0010683539,0.0,0.0010313141,0.0010123681,0.0,0.0010609983,0.0010473563,0.0010399739,0.001050972,0.001056952,0.0010688745,0.0,0.0010609983,0.0010473563,0.0010399739,0.001050972,0.001056952,0.0010688744,0.0,0.0010609984,0.0010473563,0.0010399739,0.001050972,0.001056952,0.0010688746,0.0010726528,0.0010609983,0.0010473563,0.0010399739,0.001050972,0.001056952,0.0010688745,0.0,0.0,0.0010473563,0.0010313141,0.001021826,0.0010323438,0.0011078616,0.0,0.0010609983,0.0010473563,0.0010399739,0.001050972,0.001056952,0.0010688744,0.0010727545,0.0010609991,0.0010473563,0.0010399738,0.0010509718,0.0010569519,0.0010688751
k__Bacteria|p__Firmicutes|c__Clostridia|o__Eubacteriales|f__Clostridiaceae|g__Clostridium|s__Clostridium_sp_AF34_10BH,0.0,0.0010587453,0.0010451417,0.0010378633,0.0010491179,0.0010553374,0.0010674588,0.0,0.0010587455,0.0010451417,0.0010378633,0.0010491179,0.0010553374,0.0010674589,0.0,0.0,0.0010451392,0.0010291414,0.0010197626,0.0010305343,0.001106125,0.0010703575,0.0,0.0010451417,0.0010291432,0.0010197626,0.0010305343,0.0011061247,0.0,0.0,0.0010451417,0.0010291432,0.0010197626,0.0010305343,0.0011061247,0.0010703659,0.0010587455,0.0010451417,0.0010378633,0.0010491179,0.0010553374,0.0010674589,0.0,0.0010587455,0.0010451418,0.0010378633,0.0010491179,0.0010553374,0.0010674594,0.001070366,0.0010587455,0.0010451417,0.0010378633,0.0010491179,0.0010553374,0.0010674588,0.0,0.0010587457,0.0010451415,0.0010378631,0.0010491179,0.0010553374,0.0010674591,0.0,0.0010587455,0.0010451417,0.0010378633,0.0010491179,0.0010553374,0.0010674589,0.0,0.0010587455,0.0,0.0010291432,0.0010102476,0.0010661661,0.001077797,0.0,0.0010587455,0.0010451417,0.0010378632,0.0010491179,0.001055337,0.0010674597,0.0,0.0,0.0,0.0010291432,0.0010102476,0.0010661661,0.0010888942,0.0010703652,0.0010587455,0.0,0.0010291432,0.0010102476,0.0010661661,0.0010777988,0.0010703481,0.0,0.0,0.001029143,0.0010102476,0.0010661661,0.0010888941,0.0010703598,0.0,0.0010451417,0.0,0.0010587455,0.0010451417,0.001066166,0.0010703651,0.0,0.0,0.0010291432,0.0010102476,0.0010661661,0.0010888933,0.0,0.0010587452,0.0,0.0010291432,0.0010102476,0.0010661661,0.0010777963,0.0,0.0,0.0010451415,0.0010587454,0.0,0.0010291432,0.0010587457,0.0010703586,0.0010587454,0.0,0.001029143,0.0010102476,0.0010661661,0.0010777962,0.0,0.0,0.0010451418,0.0010291432,0.0010197626,0.0010305343,0.0011061246,0.0,0.0,0.0010451417,0.0,0.0010587455,0.0010451417,0.001066166,0.0,0.0010587445,0.0,0.0010587457,0.0,0.0010587455,0.0010451418,0.0,0.0,0.001045138,0.0010291422,0.0010197627,0.0010305343,0.0011061247,0.0,0.0010587334,0.0010587439,0.0010531672,0.0010646866,0.0,0.0009878584,0.0,0.0010587451,0.0010451414,0.0,0.0010587454,0.0010451418,0.0010378639,0.0010703644,0.0010587455,0.0010451417,0.0,0.0010587455,0.0010451417,0.0010378637,0.0,0.0010587455,0.0010451418,0.0010378632,0.0010491179,0.0010553374,0.0010674589,0.0010703658,0.0010587455,0.0010451417,0.0010378633,0.0010491179,0.0010553374,0.0010674589,0.0010703597,0.0,0.0,0.0010291432,0.0010102476,0.0010661661,0.0010888933,0.0010703629,0.0,0.0010451417,0.0010291432,0.0010197626,0.0010305343,0.0011061247,0.0,0.0010587457,0.0,0.0010291432,0.0010102476,0.0010661661,0.0010777962,0.0010703638,0.0,0.0010451417,0.0010291432,0.0010197626,0.0010305343,0.0011061274,0.0,0.0010587455,0.0010451417,0.0010378633,0.0010491179,0.0010553374,0.00106746,0.0010703658,0.0010587455,0.0010451417,0.0010378633,0.0010491179,0.0010553374,0.0010674589,0.0,0.0010587455,0.0010451418,0.0010378632,0.0010491179,0.0010553374,0.0010674588,0.0,0.0,0.0010451417,0.0010291432,0.0010197626,0.0010305343,0.0011061248,0.0010703653,0.0010587455,0.0,0.0,0.0010587457,0.0010587455,0.0010531677,0.0010703582,0.0,0.0010451416,0.0,0.0010587457,0.0010451417,0.0010661675,0.0010703421,0.0,0.0010587457,0.0010451418,0.0010378632,0.0,0.0010587461,0.0,0.0010587454,0.0,0.0010291432,0.0010102476,0.001066166,0.0010777999,0.0010703644,0.0,0.0010451417,0.0010291432,0.0010197627,0.0010305344,0.0011061509,0.0010703607,0.0,0.0,0.0010291432,0.0010102476,0.0010661661,0.0010888929,0.0,0.0010587457,0.0010451418,0.0010378633,0.0010491179,0.0010553374,0.0010674589,0.0010703674,0.0010587457,0.0010451418,0.0,0.0010587454,0.0010451417,0.0010378634,0.0010703653,0.0,0.0010451418,0.0010291431,0.0010197626,0.0010305343,0.0011061264,0.0010703651,0.0,0.0010451418,0.0010291432,0.0010197627,0.0010305344,0.0011061254,0.0,0.0010587457,0.0010587457,0.0010531672,0.0010646865,0.0,0.0009878892,0.0010703567,0.0,0.0010451418,0.0010291432,0.0010197626,0.0010305343,0.0011061247,0.0010703659,0.0,0.0,0.0010291432,0.0010102476,0.0010661661,0.0010888942,0.0010703494,0.0010587451,0.0,0.0010291432,0.0010102477,0.0010661661,0.0010777998,0.0,0.0010587455,0.0010451418,0.0010378632,0.0010491179,0.0010553374,0.0010674589,0.0,0.0010587451,0.0,0.0010291432,0.0010102476,0.0010661661,0.0010777962,0.0,0.0010587457,0.0010451418,0.0010378632,0.0010491179,0.0010553374,0.0010674588,0.0010703638,0.0010587455,0.0010451418,0.0010378632,0.0010491179,0.0010553374,0.0010674592,0.0,0.0,0.0,0.0010291432,0.0010102476,0.0010661661,0.0010888935,0.001070366,0.0010587455,0.0,0.0010291432,0.0010102476,0.0010661661,0.0010777962,0.0010703633,0.0010587455,0.0010451417,0.0010661661,0.0,0.0010291432,0.0010102479,0.0,0.0010587455,0.0010451417,0.0010378632,0.0010491179,0.0010553374,0.0010674596,0.0,0.0010587455,0.0010451417,0.0010378632,0.0010491179,0.0010553374,0.0010674589,0.0,0.0010587452,0.0010451418,0.0010378632,0.0010491179,0.001055337,0.001067461,0.0010703624,0.0010587455,0.0010451417,0.0010378632,0.0010491179,0.0010553374,0.0010674594,0.0,0.0,0.0010451417,0.0010291432,0.0010197626,0.0010305343,0.001106125,0.0,0.0010587455,0.0010451417,0.0010378633,0.0010491179,0.0010553374,0.0010674589,0.001070353,0.0010587454,0.0010451416,0.0010378631,0.0010491179,0.001055337,0.0010674612
k__Bacteria|p__Firmicutes|c__CFGB75721|o__OFGB75721|f__FGB75721|g__GGB9524|s__GGB9524_SGB14924,0.0,0.0010611601,0.0010476809,0.0010405334,0.0010519382,0.0010583185,0.0010705185,0.0,0.0010611602,0.0010476809,0.0010405334,0.0010519382,0.0010583185,0.0010705185,0.0,0.0,0.001047689,0.0010318155,0.0010225654,0.0010335,0.0011085039,0.0010727047,0.0,0.0010476809,0.0010318091,0.001022565,0.0010335,0.0011085036,0.0,0.0,0.0010476809,0.0010318091,0.001022565,0.0010335,0.0011085034,0.0010726604,0.0010611601,0.0010476809,0.0010405334,0.0010519382,0.0010583185,0.0010705185,0.0,0.0010611604,0.0010476809,0.0010405334,0.0010519382,0.0010583185,0.0010705182,0.0010726609,0.0010611601,0.0010476809,0.0010405334,0.0010519382,0.0010583185,0.0010705185,0.0,0.0010611602,0.0010476809,0.0010405335,0.0010519382,0.0010583185,0.0010705193,0.0,0.0010611602,0.0010476809,0.0010405334,0.0010519382,0.0010583185,0.0010705185,0.0,0.0010611602,0.0,0.0010318091,0.0010130417,0.0010685788,0.0010803314,0.0,0.0010611601,0.0010476809,0.0010405334,0.0010519382,0.0010583185,0.0010705191,0.0,0.0,0.0,0.0010318091,0.0010130417,0.0010685788,0.0010912936,0.0010726718,0.0010611602,0.0,0.0010318091,0.0010130417,0.0010685788,0.0010803356,0.001072741,0.0,0.0,0.0010318093,0.0010130417,0.0010685788,0.001091293,0.0010726872,0.0,0.0010476809,0.0,0.0010611601,0.0010476809,0.0010685787,0.0010726636,0.0,0.0,0.0010318091,0.0010130417,0.0010685788,0.0010912924,0.0,0.001061161,0.0,0.0010318091,0.0010130417,0.0010685788,0.0010803313,0.0,0.0,0.001047681,0.0010611608,0.0,0.0010318091,0.0010611602,0.0010726869,0.0010611602,0.0,0.0010318091,0.0010130417,0.0010685788,0.001080331,0.0,0.0,0.0010476809,0.0010318091,0.001022565,0.0010335,0.0011085033,0.0,0.0,0.0010476809,0.0,0.0010611601,0.0010476809,0.0010685787,0.0,0.0010611624,0.0,0.0010611602,0.0,0.0010611601,0.0010476809,0.0,0.0,0.0010476917,0.0010318109,0.0010225651,0.0010335,0.001108504,0.0,0.001061176,0.0010611621,0.0010557075,0.0010673624,0.0,0.0009907781,0.0,0.0010611614,0.0010476809,0.0,0.0010611604,0.0010476809,0.0010405342,0.001072668,0.0010611601,0.0010476809,0.0,0.0010611601,0.0010476809,0.0010405341,0.0,0.0010611604,0.0010476809,0.0010405334,0.0010519382,0.0010583185,0.0010705184,0.0010726608,0.0010611601,0.0010476809,0.0010405334,0.0010519382,0.0010583185,0.0010705185,0.0010726906,0.0,0.0,0.0010318091,0.0010130417,0.0010685788,0.0010912921,0.0010726658,0.0,0.0010476809,0.0010318091,0.001022565,0.0010335,0.0011085036,0.0,0.0010611602,0.0,0.0010318091,0.0010130417,0.0010685788,0.0010803312,0.0010726778,0.0,0.0010476809,0.0010318091,0.001022565,0.0010335,0.0011085032,0.0,0.0010611601,0.0010476809,0.0010405334,0.0010519382,0.0010583185,0.0010705196,0.001072662,0.0010611601,0.0010476809,0.0010405334,0.0010519382,0.0010583185,0.0010705185,0.0,0.0010611605,0.0010476809,0.0010405334,0.0010519382,0.0010583185,0.0010705185,0.0,0.0,0.0010476809,0.0010318091,0.001022565,0.0010335,0.0011085036,0.001072664,0.0010611601,0.0,0.0,0.0010611602,0.0010611602,0.0010557078,0.001072708,0.0,0.0010476806,0.0,0.0010611602,0.0010476809,0.0010685776,0.0010727852,0.0,0.0010611602,0.0010476809,0.0010405334,0.0,0.0010611606,0.0,0.00106116,0.0,0.0010318091,0.0010130417,0.0010685788,0.0010803307,0.0010726672,0.0,0.0010476809,0.0010318091,0.0010225651,0.0010335003,0.0011085115,0.0010726784,0.0,0.0,0.0010318091,0.0010130417,0.0010685788,0.001091292,0.0,0.0010611602,0.0010476809,0.0010405334,0.0010519382,0.0010583185,0.0010705185,0.0010727153,0.0010611604,0.0010476809,0.0,0.0010611601,0.0010476809,0.001040534,0.0010726632,0.0,0.0010476809,0.001031809,0.001022565,0.0010335,0.0011085042,0.0010726649,0.0,0.0010476809,0.0010318091,0.0010225651,0.0010335002,0.0011085036,0.0,0.0010611604,0.0010611604,0.0010557073,0.0010673624,0.0,0.0009908065,0.001072701,0.0,0.0010476809,0.0010318091,0.001022565,0.0010335,0.0011085034,0.0010726673,0.0,0.0,0.0010318091,0.0010130417,0.0010685788,0.0010912935,0.0010727412,0.0010611604,0.0,0.0010318098,0.0010130417,0.0010685787,0.0010803337,0.0,0.0010611602,0.0010476809,0.0010405334,0.0010519382,0.0010583185,0.0010705185,0.0,0.0010611606,0.0,0.0010318091,0.0010130417,0.0010685788,0.0010803312,0.0,0.0010611602,0.0010476809,0.0010405334,0.0010519382,0.0010583185,0.0010705186,0.0010726736,0.0010611601,0.0010476809,0.0010405335,0.0010519382,0.0010583185,0.0010705186,0.0,0.0,0.0,0.0010318091,0.0010130417,0.0010685788,0.0010912925,0.0010726604,0.0010611601,0.0,0.0010318091,0.0010130417,0.0010685788,0.0010803315,0.001072675,0.0010611602,0.0010476809,0.0010685788,0.0,0.0010318091,0.0010130418,0.0,0.0010611601,0.0010476809,0.0010405334,0.0010519382,0.0010583185,0.001070519,0.0,0.0010611601,0.0010476809,0.0010405334,0.0010519382,0.0010583185,0.0010705186,0.0,0.0010611602,0.0010476809,0.0010405334,0.0010519382,0.0010583185,0.0010705196,0.0010726687,0.0010611601,0.0010476809,0.0010405334,0.0010519382,0.0010583185,0.0010705189,0.0,0.0,0.0010476809,0.0010318091,0.001022565,0.0010335,0.0011085036,0.0,0.0010611601,0.0010476809,0.0010405334,0.0010519382,0.0010583185,0.0010705185,0.0010729191,0.001061161,0.0010476809,0.0010405334,0.0010519382,0.0010583185,0.0010705204
k__Bacteria|p__Firmicutes|c__Clostridia|o__Eubacteriales|f__Oscillospiraceae|g__Dysosmobacter|s__Dysosmobacter_sp_NSJ_60,0.0,0.0010597022,0.0010462392,0.0010391473,0.0010506969,0.0010572117,0.0010695262,0.0,0.0010597025,0.0010462392,0.0010391473,0.0010506969,0.0010572117,0.0010695262,0.0,0.0,0.001046248,0.0010303932,0.0010212004,0.001032278,0.0011073541,0.0010712268,0.0,0.0010462392,0.0010303875,0.0010212001,0.001032278,0.0011073541,0.0,0.0,0.0010462392,0.0010303875,0.0010212001,0.001032278,0.0011073541,0.0010711887,0.0010597024,0.0010462392,0.0010391473,0.0010506969,0.0010572117,0.001069526,0.0,0.0010597027,0.0010462393,0.0010391473,0.0010506969,0.0010572117,0.0010695268,0.0010711888,0.0010597024,0.0010462392,0.0010391473,0.0010506969,0.0010572117,0.0010695261,0.0,0.0010597026,0.0010462397,0.0010391475,0.0010506969,0.0010572117,0.0010695265,0.0,0.0010597025,0.0010462392,0.0010391473,0.0010506969,0.0010572117,0.0010695261,0.0,0.0010597025,0.0,0.0010303875,0.0010116432,0.0010671597,0.0010790621,0.0,0.0010597024,0.0010462392,0.0010391473,0.0010506969,0.0010572117,0.0010695258,0.0,0.0,0.0,0.0010303875,0.0010116432,0.0010671597,0.0010900112,0.001071199,0.0010597025,0.0,0.0010303875,0.0010116432,0.0010671597,0.0010790637,0.0010712637,0.0,0.0,0.0010303876,0.0010116432,0.0010671597,0.0010900113,0.0010712158,0.0,0.0010462392,0.0,0.0010597024,0.0010462392,0.0010671596,0.0010711913,0.0,0.0,0.0010303875,0.0010116432,0.0010671597,0.0010900116,0.0,0.0010597032,0.0,0.0010303875,0.0010116432,0.0010671597,0.0010790614,0.0,0.0,0.00104624,0.0010597031,0.0,0.0010303875,0.0010597026,0.0010712065,0.0010597026,0.0,0.0010303875,0.0010116432,0.0010671597,0.0010790613,0.0,0.0,0.0010462394,0.0010303875,0.0010212001,0.001032278,0.0011073542,0.0,0.0,0.0010462392,0.0,0.0010597024,0.0010462392,0.0010671596,0.0,0.0010597033,0.0,0.0010597025,0.0,0.0010597024,0.0010462393,0.0,0.0,0.0010462477,0.0010303886,0.0010212002,0.001032278,0.0011073536,0.0,0.0010597232,0.0010597046,0.0010543031,0.0010661057,0.0,0.0009894066,0.0,0.0010597033,0.0010462396,0.0,0.0010597026,0.0010462393,0.0010391489,0.0010711949,0.0010597024,0.0010462392,0.0,0.0010597024,0.0010462392,0.001039148,0.0,0.0010597025,0.0010462393,0.0010391473,0.0010506969,0.0010572117,0.0010695262,0.001071189,0.0010597024,0.0010462392,0.0010391473,0.0010506969,0.0010572117,0.0010695261,0.0010712175,0.0,0.0,0.0010303875,0.0010116432,0.0010671597,0.0010900116,0.0010711934,0.0,0.0010462392,0.0010303875,0.0010212001,0.001032278,0.0011073541,0.0,0.0010597025,0.0,0.0010303875,0.0010116432,0.0010671597,0.0010790612,0.0010712043,0.0,0.0010462392,0.0010303875,0.0010212001,0.001032278,0.0011073566,0.0,0.0010597024,0.0010462392,0.0010391473,0.0010506969,0.0010572117,0.0010695269,0.0010711898,0.0010597024,0.0010462392,0.0010391473,0.0010506969,0.0010572117,0.001069526,0.0,0.0010597025,0.0010462393,0.0010391473,0.0010506969,0.0010572117,0.0010695262,0.0,0.0,0.0010462392,0.0010303875,0.0010212001,0.001032278,0.001107354,0.0010711914,0.0010597024,0.0,0.0,0.0010597025,0.0010597025,0.0010543033,0.0010712278,0.0,0.0010462393,0.0,0.0010597025,0.0010462392,0.0010671618,0.0010713107,0.0,0.0010597026,0.0010462393,0.0010391473,0.0,0.0010597025,0.0,0.0010597022,0.0,0.0010303875,0.0010116432,0.0010671596,0.0010790642,0.0010711944,0.0,0.0010462392,0.0010303875,0.0010212002,0.0010322783,0.001107364,0.0010712023,0.0,0.0,0.0010303875,0.0010116432,0.0010671597,0.0010900117,0.0,0.0010597025,0.0010462393,0.0010391473,0.0010506969,0.0010572117,0.0010695262,0.0010712276,0.0010597025,0.0010462393,0.0,0.0010597024,0.0010462392,0.001039148,0.0010711909,0.0,0.0010462393,0.0010303875,0.0010212001,0.001032278,0.0011073538,0.0010711916,0.0,0.0010462393,0.0010303875,0.0010212002,0.0010322782,0.0011073543,0.0,0.0010597022,0.0010597026,0.0010543029,0.0010661057,0.0,0.0009894294,0.0010712263,0.0,0.0010462393,0.0010303875,0.0010212001,0.001032278,0.0011073541,0.0010711928,0.0,0.0,0.0010303875,0.0010116432,0.0010671597,0.0010900113,0.0010712611,0.0010597028,0.0,0.0010303882,0.0010116432,0.0010671597,0.0010790639,0.0,0.0010597025,0.0010462393,0.0010391473,0.0010506969,0.0010572117,0.001069526,0.0,0.0010597027,0.0,0.0010303875,0.0010116432,0.0010671597,0.0010790612,0.0,0.0010597025,0.0010462394,0.0010391473,0.0010506969,0.0010572117,0.0010695261,0.0010712005,0.0010597025,0.0010462392,0.0010391475,0.0010506969,0.0010572117,0.0010695263,0.0,0.0,0.0,0.0010303875,0.0010116432,0.0010671597,0.0010900117,0.0010711885,0.0010597024,0.0,0.0010303875,0.0010116432,0.0010671597,0.0010790617,0.0010711991,0.0010597025,0.0010462392,0.0010671597,0.0,0.0010303875,0.0010116433,0.0,0.0010597024,0.0010462392,0.0010391473,0.0010506969,0.0010572117,0.0010695265,0.0,0.0010597024,0.0010462392,0.0010391473,0.0010506969,0.0010572117,0.0010695262,0.0,0.0010597026,0.0010462393,0.0010391473,0.0010506969,0.0010572117,0.0010695264,0.0010711963,0.0010597024,0.0010462392,0.0010391473,0.0010506969,0.0010572117,0.0010695263,0.0,0.0,0.0010462392,0.0010303875,0.0010212001,0.001032278,0.001107354,0.0,0.0010597024,0.0010462392,0.0010391473,0.0010506969,0.0010572117,0.0010695261,0.0010713915,0.001059703,0.0010462392,0.0010391473,0.0010506969,0.0010572117,0.0010695267
k__Bacteria|p__Firmicutes|c__Clostridia|o__Eubacteriales|f__Clostridiaceae|g__Clostridium|s__Clostridium_sp_AF36_4,0.0,0.0010592405,0.0010456359,0.0010383457,0.0010495635,0.0010557492,0.0010678407,0.0,0.001059241,0.0010456359,0.0010383457,0.0010495635,0.0010557492,0.0010678406,0.0,0.0,0.0010456435,0.00102964,0.0010202435,0.0010309789,0.0011065308,0.0010708825,0.0,0.0010456359,0.0010296359,0.0010202432,0.0010309789,0.0011065303,0.0,0.0,0.0010456359,0.0010296359,0.0010202432,0.0010309789,0.0011065302,0.0010708616,0.0010592409,0.0010456359,0.0010383457,0.0010495635,0.0010557492,0.0010678406,0.0,0.0010592412,0.0010456361,0.0010383457,0.0010495635,0.0010557492,0.0010678412,0.0010708614,0.0010592409,0.0010456359,0.0010383457,0.0010495635,0.0010557492,0.0010678406,0.0,0.0010592408,0.0010456366,0.0010383461,0.0010495635,0.0010557492,0.001067841,0.0,0.001059241,0.0010456359,0.0010383457,0.0010495635,0.0010557492,0.0010678407,0.0,0.001059241,0.0,0.0010296359,0.0010107377,0.0010666501,0.0010782424,0.0,0.0010592409,0.0010456359,0.0010383456,0.0010495635,0.0010557492,0.0010678406,0.0,0.0,0.0,0.0010296359,0.0010107377,0.0010666501,0.0010893373,0.001070868,0.001059241,0.0,0.0010296359,0.0010107377,0.0010666501,0.0010782456,0.0010709126,0.0,0.0,0.0010296358,0.0010107377,0.0010666501,0.0010893373,0.001070878,0.0,0.0010456359,0.0,0.0010592409,0.0010456359,0.0010666501,0.0010708631,0.0,0.0,0.0010296359,0.0010107377,0.0010666501,0.0010893367,0.0,0.0010592414,0.0,0.0010296359,0.0010107377,0.0010666501,0.0010782412,0.0,0.0,0.0010456365,0.0010592417,0.0,0.0010296359,0.001059241,0.0010708723,0.0010592408,0.0,0.0010296358,0.0010107377,0.0010666501,0.001078241,0.0,0.0,0.0010456363,0.0010296359,0.0010202432,0.0010309789,0.0011065305,0.0,0.0,0.0010456359,0.0,0.0010592409,0.0010456359,0.00106665,0.0,0.0010592415,0.0,0.0010592411,0.0,0.0010592409,0.001045636,0.0,0.0,0.0010456432,0.0010296365,0.0010202432,0.0010309789,0.0011065302,0.0,0.0010592592,0.0010592423,0.0010536511,0.0010651324,0.0,0.0009883451,0.0,0.0010592417,0.0010456364,0.0,0.0010592408,0.001045636,0.0010383477,0.0010708647,0.0010592409,0.0010456359,0.0,0.0010592409,0.0010456359,0.0010383466,0.0,0.001059241,0.001045636,0.0010383456,0.0010495635,0.0010557492,0.0010678406,0.0010708617,0.0010592409,0.0010456359,0.0010383457,0.0010495635,0.0010557492,0.0010678407,0.0010708811,0.0,0.0,0.0010296359,0.0010107377,0.0010666501,0.0010893367,0.001070865,0.0,0.0010456359,0.0010296359,0.0010202432,0.0010309789,0.0011065302,0.0,0.0010592411,0.0,0.0010296359,0.0010107377,0.0010666501,0.0010782412,0.0010708715,0.0,0.0010456359,0.0010296359,0.0010202432,0.0010309789,0.0011065353,0.0,0.0010592409,0.0010456359,0.0010383457,0.0010495635,0.0010557492,0.0010678417,0.0010708619,0.0010592409,0.0010456359,0.0010383457,0.0010495635,0.0010557492,0.0010678406,0.0,0.001059241,0.001045636,0.0010383456,0.0010495635,0.0010557492,0.0010678407,0.0,0.0,0.0010456359,0.0010296359,0.0010202432,0.0010309789,0.0011065302,0.0010708626,0.0010592409,0.0,0.0,0.0010592411,0.0010592407,0.0010536512,0.0010708824,0.0,0.001045636,0.0,0.0010592411,0.0010456359,0.0010666533,0.0010709413,0.0,0.0010592408,0.001045636,0.0010383456,0.0,0.0010592414,0.0,0.0010592409,0.0,0.0010296359,0.0010107377,0.0010666501,0.0010782467,0.0010708652,0.0,0.0010456359,0.0010296359,0.0010202432,0.0010309796,0.0011065667,0.001070869,0.0,0.0,0.0010296359,0.0010107377,0.0010666501,0.0010893367,0.0,0.0010592411,0.001045636,0.0010383457,0.0010495635,0.0010557492,0.0010678406,0.0010708718,0.001059241,0.001045636,0.0,0.0010592407,0.0010456359,0.0010383468,0.0010708632,0.0,0.001045636,0.0010296359,0.0010202432,0.0010309789,0.0011065314,0.0010708631,0.0,0.001045636,0.0010296359,0.0010202432,0.001030979,0.0011065317,0.0,0.0010592407,0.0010592411,0.0010536512,0.0010651324,0.0,0.0009883734,0.0010708831,0.0,0.001045636,0.0010296359,0.0010202432,0.0010309789,0.0011065302,0.0010708637,0.0,0.0,0.0010296359,0.0010107377,0.0010666501,0.0010893373,0.0010709097,0.0010592412,0.0,0.0010296364,0.0010107377,0.0010666503,0.0010782459,0.0,0.0010592408,0.001045636,0.0010383456,0.0010495635,0.0010557492,0.0010678406,0.0,0.0010592409,0.0,0.0010296359,0.0010107377,0.0010666501,0.0010782412,0.0,0.001059241,0.0010456363,0.0010383456,0.0010495635,0.0010557492,0.0010678406,0.0010708706,0.0010592407,0.001045636,0.0010383457,0.0010495635,0.0010557492,0.0010678408,0.0,0.0,0.0,0.0010296359,0.0010107377,0.0010666501,0.0010893372,0.0010708612,0.0010592409,0.0,0.0010296359,0.0010107377,0.0010666501,0.0010782416,0.0010708667,0.0010592408,0.0010456359,0.0010666501,0.0,0.0010296359,0.0010107378,0.0,0.0010592409,0.0010456359,0.0010383456,0.0010495635,0.0010557492,0.0010678411,0.0,0.0010592407,0.0010456359,0.0010383456,0.0010495635,0.0010557492,0.0010678407,0.0,0.0010592411,0.001045636,0.0010383456,0.0010495635,0.0010557492,0.0010678418,0.0010708674,0.0010592409,0.0010456359,0.0010383456,0.0010495635,0.0010557492,0.001067841,0.0,0.0,0.0010456359,0.0010296359,0.0010202432,0.0010309789,0.0011065307,0.0,0.0010592409,0.0010456359,0.0010383457,0.0010495635,0.0010557492,0.0010678407,0.0010709803,0.0010592415,0.001045636,0.0010383456,0.0010495635,0.0010557492,0.001067842
k__Bacteria|p__Firmicutes|c__Erysipelotrichia|o__Erysipelotrichales|f__Erysipelotrichaceae|g__Longibaculum|s__Longibaculum_muris,0.0,0.0010587599,0.0010451435,0.0010378463,0.001049068,0.0010552547,0.0010673536,0.0,0.0010587599,0.0010451435,0.0010378463,0.001049068,0.0010552547,0.0010673538,0.0,0.0,0.0010451609,0.0010291428,0.0010197329,0.0010304698,0.0011060983,0.0010704234,0.0,0.0010451435,0.0010291317,0.001019732,0.0010304698,0.0011060976,0.0,0.0,0.0010451435,0.0010291317,0.001019732,0.0010304698,0.0011060972,0.0010703922,0.0010587596,0.0010451435,0.0010378463,0.001049068,0.0010552547,0.0010673536,0.0,0.0010587602,0.0010451436,0.0010378463,0.001049068,0.0010552547,0.0010673541,0.0010703923,0.0010587596,0.0010451435,0.0010378463,0.001049068,0.0010552547,0.0010673536,0.0,0.00105876,0.0010451444,0.0010378464,0.001049068,0.0010552547,0.0010673542,0.0,0.0010587599,0.0010451435,0.0010378463,0.001049068,0.0010552547,0.0010673536,0.0,0.0010587599,0.0,0.0010291317,0.0010102226,0.0010661748,0.0010777753,0.0,0.0010587599,0.0010451435,0.0010378462,0.001049068,0.0010552547,0.0010673546,0.0,0.0,0.0,0.0010291317,0.0010102226,0.0010661748,0.0010888854,0.0010704004,0.0010587599,0.0,0.0010291317,0.0010102226,0.0010661748,0.0010777836,0.0010704723,0.0,0.0,0.0010291318,0.0010102226,0.0010661748,0.0010888848,0.001070417,0.0,0.0010451435,0.0,0.0010587599,0.0010451435,0.0010661749,0.0010703958,0.0,0.0,0.0010291317,0.0010102226,0.0010661748,0.0010888831,0.0,0.0010587616,0.0,0.0010291317,0.0010102226,0.0010661748,0.001077774,0.0,0.0,0.0010451443,0.0010587614,0.0,0.0010291317,0.00105876,0.001070419,0.00105876,0.0,0.0010291317,0.0010102226,0.0010661748,0.0010777736,0.0,0.0,0.0010451436,0.0010291317,0.001019732,0.0010304698,0.0011060981,0.0,0.0,0.0010451435,0.0,0.0010587596,0.0010451435,0.0010661748,0.0,0.0010587646,0.0,0.00105876,0.0,0.0010587596,0.0010451435,0.0,0.0,0.0010451638,0.0010291353,0.0010197322,0.0010304698,0.0011060982,0.0,0.0010588112,0.0010587655,0.0010531644,0.0010646508,0.0,0.000987825,0.0,0.0010587629,0.0010451447,0.0,0.0010587601,0.0010451436,0.0010378492,0.0010703976,0.0010587599,0.0010451435,0.0,0.0010587596,0.0010451435,0.0010378476,0.0,0.0010587601,0.0010451435,0.0010378462,0.001049068,0.0010552547,0.0010673538,0.001070392,0.0010587596,0.0010451435,0.0010378463,0.001049068,0.0010552547,0.0010673536,0.0010704192,0.0,0.0,0.0010291317,0.0010102226,0.0010661748,0.001088883,0.0010703997,0.0,0.0010451435,0.0010291317,0.001019732,0.0010304698,0.001106098,0.0,0.0010587597,0.0,0.0010291317,0.0010102226,0.0010661748,0.0010777735,0.001070409,0.0,0.0010451435,0.0010291317,0.001019732,0.0010304698,0.0011061071,0.0,0.0010587599,0.0010451435,0.0010378463,0.001049068,0.0010552547,0.0010673555,0.0010703928,0.0010587596,0.0010451435,0.0010378463,0.001049068,0.0010552547,0.0010673536,0.0,0.0010587604,0.0010451436,0.0010378462,0.001049068,0.0010552547,0.001067354,0.0,0.0,0.0010451435,0.0010291317,0.001019732,0.0010304698,0.0011060977,0.0010703942,0.0010587599,0.0,0.0,0.00105876,0.0010587599,0.0010531641,0.001070425,0.0,0.0010451436,0.0,0.0010587597,0.0010451435,0.0010661781,0.0010705137,0.0,0.00105876,0.0010451436,0.0010378462,0.0,0.0010587606,0.0,0.0010587597,0.0,0.0010291317,0.0010102226,0.0010661749,0.0010777802,0.0010703973,0.0,0.0010451435,0.0010291317,0.0010197322,0.0010304705,0.0011061718,0.0010704075,0.0,0.0,0.0010291317,0.0010102226,0.0010661748,0.0010888829,0.0,0.00105876,0.0010451435,0.0010378463,0.001049068,0.0010552547,0.0010673538,0.0010703873,0.00105876,0.0010451436,0.0,0.00105876,0.0010451435,0.0010378476,0.0010703952,0.0,0.0010451436,0.0010291318,0.001019732,0.0010304698,0.0011060996,0.001070396,0.0,0.0010451435,0.0010291317,0.0010197322,0.00103047,0.0011061,0.0,0.00105876,0.0010587601,0.0010531637,0.0010646506,0.0,0.0009878642,0.0010704282,0.0,0.0010451436,0.0010291317,0.001019732,0.0010304698,0.0011060972,0.0010703973,0.0,0.0,0.0010291317,0.0010102226,0.0010661748,0.0010888849,0.0010704595,0.001058761,0.0,0.001029133,0.0010102227,0.0010661749,0.0010777817,0.0,0.0010587601,0.0010451436,0.0010378462,0.001049068,0.0010552547,0.0010673536,0.0,0.0010587613,0.0,0.0010291317,0.0010102226,0.0010661748,0.0010777735,0.0,0.00105876,0.0010451436,0.0010378462,0.001049068,0.0010552547,0.0010673538,0.0010704091,0.0010587599,0.0010451435,0.0010378466,0.001049068,0.0010552547,0.0010673541,0.0,0.0,0.0,0.0010291317,0.0010102226,0.0010661748,0.0010888834,0.001070392,0.0010587596,0.0,0.0010291317,0.0010102226,0.0010661748,0.0010777747,0.0010704037,0.0010587601,0.0010451435,0.0010661748,0.0,0.0010291317,0.0010102227,0.0,0.0010587596,0.0010451435,0.0010378462,0.001049068,0.0010552547,0.0010673546,0.0,0.0010587599,0.0010451435,0.0010378462,0.001049068,0.0010552547,0.0010673542,0.0,0.0010587607,0.0010451436,0.0010378462,0.001049068,0.0010552547,0.0010673561,0.0010704029,0.0010587599,0.0010451435,0.0010378462,0.001049068,0.0010552547,0.0010673542,0.0,0.0,0.0010451435,0.0010291317,0.001019732,0.0010304698,0.0011060981,0.0,0.0010587599,0.0010451435,0.0010378463,0.001049068,0.0010552547,0.0010673536,0.0010705655,0.0010587617,0.0010451435,0.0010378461,0.001049068,0.0010552547,0.0010673569
k__Bacteria|p__Firmicutes|c__Bacilli|o__Lactobacillales|f__Streptococcaceae|g__Streptococcus|s__Streptococcus_SGB14888,0.0,0.0010583848,0.0010446816,0.0010372646,0.0010482891,0.0010542797,0.0010662471,0.0,0.001058385,0.0010446816,0.0010372646,0.0010482891,0.0010542797,0.0010662471,0.0,0.0,0.0010446775,0.0010285769,0.0010190551,0.0010295893,0.0011055162,0.0010700899,0.0,0.0010446816,0.0010285788,0.001019055,0.0010295893,0.001105516,0.0,0.0,0.0010446816,0.0010285788,0.001019055,0.0010295893,0.001105516,0.0010700994,0.0010583849,0.0010446816,0.0010372646,0.0010482891,0.0010542797,0.001066247,0.0,0.0010583849,0.0010446816,0.0010372646,0.0010482891,0.0010542797,0.0010662475,0.0010700995,0.0010583849,0.0010446816,0.0010372646,0.0010482891,0.0010542797,0.0010662472,0.0,0.0010583849,0.0010446814,0.0010372647,0.0010482891,0.0010542797,0.0010662475,0.0,0.001058385,0.0010446816,0.0010372646,0.0010482891,0.0010542797,0.0010662471,0.0,0.001058385,0.0,0.0010285788,0.0010095753,0.0010657726,0.0010771882,0.0,0.0010583849,0.0010446816,0.0010372646,0.0010482891,0.0010542797,0.0010662476,0.0,0.0,0.0,0.0010285788,0.0010095753,0.0010657726,0.0010883878,0.0010700973,0.001058385,0.0,0.0010285788,0.0010095753,0.0010657726,0.0010771889,0.001070082,0.0,0.0,0.0010285788,0.0010095753,0.0010657726,0.0010883871,0.001070092,0.0,0.0010446816,0.0,0.0010583849,0.0010446816,0.0010657726,0.0010700983,0.0,0.0,0.0010285788,0.0010095753,0.0010657726,0.0010883864,0.0,0.0010583843,0.0,0.0010285788,0.0010095753,0.0010657726,0.0010771872,0.0,0.0,0.0010446815,0.0010583844,0.0,0.0010285788,0.0010583849,0.0010700915,0.0010583848,0.0,0.0010285787,0.0010095753,0.0010657726,0.0010771872,0.0,0.0,0.0010446815,0.0010285788,0.001019055,0.0010295893,0.0011055161,0.0,0.0,0.0010446816,0.0,0.0010583849,0.0010446816,0.0010657726,0.0,0.001058384,0.0,0.001058385,0.0,0.0010583849,0.0010446818,0.0,0.0,0.0010446766,0.0010285773,0.0010190551,0.0010295893,0.001105516,0.0,0.001058365,0.0010583823,0.0010526733,0.00106397,0.0,0.0009870745,0.0,0.0010583842,0.0010446813,0.0,0.0010583848,0.0010446815,0.0010372649,0.0010700983,0.0010583849,0.0010446816,0.0,0.0010583849,0.0010446816,0.0010372653,0.0,0.001058385,0.0010446818,0.0010372646,0.0010482891,0.0010542797,0.0010662471,0.0010700998,0.0010583849,0.0010446816,0.0010372646,0.0010482891,0.0010542797,0.0010662471,0.0010700921,0.0,0.0,0.0010285788,0.0010095753,0.0010657726,0.0010883864,0.0010700952,0.0,0.0010446816,0.0010285788,0.001019055,0.0010295893,0.0011055161,0.0,0.001058385,0.0,0.0010285788,0.0010095753,0.0010657726,0.001077187,0.0010700949,0.0,0.0010446816,0.0010285788,0.001019055,0.0010295893,0.0011055182,0.0,0.0010583849,0.0010446816,0.0010372646,0.0010482891,0.0010542797,0.0010662482,0.0010700993,0.0010583849,0.0010446816,0.0010372646,0.0010482891,0.0010542797,0.001066247,0.0,0.0010583849,0.0010446815,0.0010372646,0.0010482891,0.0010542797,0.0010662471,0.0,0.0,0.0010446816,0.0010285788,0.001019055,0.0010295893,0.001105516,0.001070099,0.0010583849,0.0,0.0,0.001058385,0.001058385,0.0010526741,0.0010700932,0.0,0.0010446815,0.0,0.001058385,0.0010446816,0.0010657744,0.0010700788,0.0,0.001058385,0.0010446816,0.0010372646,0.0,0.0010583851,0.0,0.0010583848,0.0,0.0010285788,0.0010095753,0.0010657726,0.001077188,0.0010700981,0.0,0.0010446816,0.0010285788,0.0010190551,0.0010295891,0.0011055394,0.0010700978,0.0,0.0,0.0010285788,0.0010095753,0.0010657726,0.0010883864,0.0,0.001058385,0.0010446818,0.0010372646,0.0010482891,0.0010542797,0.0010662471,0.0010701073,0.001058385,0.0010446816,0.0,0.0010583848,0.0010446816,0.0010372647,0.0010700986,0.0,0.0010446816,0.0010285788,0.001019055,0.0010295893,0.0011055174,0.0010700985,0.0,0.0010446818,0.0010285787,0.0010190551,0.0010295894,0.0011055161,0.0,0.001058385,0.001058385,0.0010526737,0.0010639699,0.0,0.0009871032,0.0010700873,0.0,0.0010446815,0.0010285788,0.001019055,0.0010295893,0.001105516,0.0010700993,0.0,0.0,0.0010285788,0.0010095753,0.0010657726,0.0010883876,0.0010700802,0.0010583842,0.0,0.0010285786,0.0010095756,0.0010657724,0.0010771909,0.0,0.0010583849,0.0010446816,0.0010372646,0.0010482891,0.0010542797,0.001066247,0.0,0.0010583847,0.0,0.0010285788,0.0010095753,0.0010657726,0.001077187,0.0,0.0010583849,0.0010446815,0.0010372646,0.0010482891,0.0010542797,0.0010662472,0.001070096,0.0010583849,0.0010446814,0.0010372645,0.0010482891,0.0010542797,0.0010662472,0.0,0.0,0.0,0.0010285788,0.0010095753,0.0010657726,0.0010883866,0.0010700996,0.0010583849,0.0,0.0010285788,0.0010095753,0.0010657726,0.0010771872,0.0010700972,0.0010583849,0.0010446816,0.0010657726,0.0,0.0010285788,0.0010095756,0.0,0.0010583849,0.0010446816,0.0010372646,0.0010482891,0.0010542797,0.0010662477,0.0,0.0010583849,0.0010446816,0.0010372646,0.0010482891,0.0010542797,0.0010662471,0.0,0.0010583844,0.0010446816,0.0010372646,0.0010482891,0.0010542797,0.0010662484,0.0010700944,0.0010583849,0.0010446816,0.0010372646,0.0010482891,0.0010542797,0.0010662474,0.0,0.0,0.0010446816,0.0010285788,0.001019055,0.0010295893,0.0011055163,0.0,0.0010583849,0.0010446816,0.0010372646,0.0010482891,0.0010542797,0.0010662471,0.0010701219,0.0010583848,0.0010446814,0.0010372646,0.0010482891,0.0010542797,0.0010662492
k__Bacteria|p__Firmicutes|c__Clostridia|o__Eubacteriales|f__Lachnospiraceae|g__Lachnospiraceae_unclassified|s__Lachnospiraceae_bacterium_NSJ_29,0.0,0.0010621555,0.0010483615,0.0010407317,0.0010512583,0.0010567823,0.0010683698,0.0,0.0010621555,0.0010483615,0.0010407317,0.0010512583,0.0010567823,0.0010683696,0.0,0.0,0.0010483772,0.001032167,0.0010224147,0.0010324533,0.0011083406,0.0010739913,0.0,0.0010483615,0.0010321578,0.0010224135,0.001032453,0.0011083399,0.0,0.0,0.0010483615,0.0010321578,0.0010224135,0.001032453,0.0011083399,0.0010739518,0.0010621554,0.0010483615,0.0010407317,0.0010512583,0.0010567823,0.0010683695,0.0,0.001062156,0.0010483618,0.0010407317,0.0010512583,0.0010567823,0.00106837,0.0010739516,0.0010621554,0.0010483615,0.0010407317,0.0010512583,0.0010567823,0.0010683698,0.0,0.0010621556,0.0010483622,0.0010407318,0.0010512583,0.0010567823,0.0010683706,0.0,0.0010621555,0.0010483615,0.0010407317,0.0010512583,0.0010567823,0.0010683698,0.0,0.0010621555,0.0,0.0010321578,0.0010130408,0.0010694233,0.0010803374,0.0,0.0010621554,0.0010483615,0.0010407317,0.0010512583,0.0010567823,0.0010683704,0.0,0.0,0.0,0.0010321578,0.0010130408,0.0010694233,0.0010916132,0.0010739639,0.0010621555,0.0,0.0010321578,0.0010130408,0.0010694233,0.0010803466,0.0010740721,0.0,0.0,0.0010321579,0.0010130411,0.0010694233,0.0010916123,0.0010739862,0.0,0.0010483615,0.0,0.0010621554,0.0010483615,0.0010694236,0.0010739564,0.0,0.0,0.0010321578,0.0010130408,0.0010694233,0.0010916108,0.0,0.0010621572,0.0,0.0010321578,0.0010130408,0.0010694233,0.0010803358,0.0,0.0,0.0010483619,0.0010621576,0.0,0.0010321578,0.0010621556,0.001073985,0.0010621559,0.0,0.0010321578,0.0010130411,0.0010694233,0.0010803355,0.0,0.0,0.0010483616,0.0010321578,0.0010224135,0.001032453,0.0011083406,0.0,0.0,0.0010483615,0.0,0.0010621554,0.0010483615,0.0010694236,0.0,0.0010621585,0.0,0.0010621556,0.0,0.0010621554,0.0010483616,0.0,0.0,0.0010483805,0.0010321608,0.001022414,0.0010324533,0.0011083405,0.0,0.0010622026,0.0010621608,0.0010562385,0.001067034,0.0,0.0009904196,0.0,0.0010621579,0.0010483623,0.0,0.0010621556,0.0010483616,0.0010407346,0.0010739579,0.0010621554,0.0010483615,0.0,0.0010621554,0.0010483615,0.001040733,0.0,0.0010621557,0.0010483616,0.0010407317,0.0010512583,0.0010567823,0.0010683698,0.0010739515,0.0010621554,0.0010483615,0.0010407317,0.0010512583,0.0010567823,0.0010683698,0.0010739929,0.0,0.0,0.0010321578,0.0010130408,0.0010694233,0.0010916106,0.0010739634,0.0,0.0010483615,0.0010321578,0.0010224135,0.001032453,0.0011083402,0.0,0.0010621556,0.0,0.0010321578,0.0010130408,0.0010694233,0.0010803354,0.0010739729,0.0,0.0010483615,0.0010321578,0.0010224135,0.0010324533,0.00110835,0.0,0.0010621554,0.0010483615,0.0010407317,0.0010512583,0.0010567823,0.0010683713,0.0010739526,0.0010621554,0.0010483615,0.0010407317,0.0010512583,0.0010567823,0.0010683695,0.0,0.001062156,0.0010483616,0.0010407317,0.0010512583,0.0010567823,0.0010683698,0.0,0.0,0.0010483615,0.0010321578,0.0010224135,0.001032453,0.00110834,0.0010739543,0.0010621554,0.0,0.0,0.0010621556,0.0010621555,0.0010562382,0.0010739947,0.0,0.0010483614,0.0,0.0010621556,0.0010483615,0.0010694256,0.0010741231,0.0,0.0010621556,0.0010483616,0.0010407317,0.0,0.001062156,0.0,0.0010621554,0.0,0.0010321578,0.0010130408,0.0010694234,0.0010803422,0.0010739588,0.0,0.0010483615,0.0010321578,0.001022414,0.0010324538,0.00110843,0.0010739695,0.0,0.0,0.0010321578,0.0010130408,0.0010694233,0.0010916103,0.0,0.0010621556,0.0010483616,0.0010407317,0.0010512583,0.0010567823,0.0010683698,0.0010739587,0.0010621555,0.0010483616,0.0,0.0010621555,0.0010483615,0.001040733,0.0010739561,0.0,0.0010483616,0.0010321576,0.0010224135,0.001032453,0.001108342,0.001073956,0.0,0.0010483616,0.0010321578,0.001022414,0.0010324534,0.0011083425,0.0,0.0010621555,0.0010621556,0.001056238,0.0010670336,0.0,0.0009904607,0.0010740082,0.0,0.0010483616,0.0010321578,0.0010224135,0.001032453,0.0011083399,0.001073958,0.0,0.0,0.0010321578,0.0010130408,0.0010694233,0.0010916126,0.0010740526,0.0010621569,0.0,0.0010321591,0.0010130412,0.0010694236,0.0010803443,0.0,0.0010621556,0.0010483616,0.0010407317,0.0010512583,0.0010567823,0.0010683695,0.0,0.0010621562,0.0,0.0010321578,0.0010130408,0.0010694233,0.0010803354,0.0,0.0010621556,0.0010483616,0.0010407317,0.0010512583,0.0010567823,0.00106837,0.001073972,0.0010621555,0.0010483618,0.0010407318,0.0010512583,0.0010567823,0.00106837,0.0,0.0,0.0,0.0010321578,0.0010130408,0.0010694233,0.0010916109,0.0010739513,0.0010621554,0.0,0.0010321578,0.0010130408,0.0010694233,0.0010803365,0.0010739642,0.0010621556,0.0010483615,0.0010694233,0.0,0.0010321578,0.0010130408,0.0,0.0010621554,0.0010483615,0.0010407317,0.0010512583,0.0010567823,0.0010683705,0.0,0.0010621554,0.0010483615,0.0010407317,0.0010512583,0.0010567823,0.00106837,0.0,0.0010621565,0.0010483616,0.0010407317,0.0010512583,0.0010567823,0.0010683723,0.0010739671,0.0010621554,0.0010483615,0.0010407317,0.0010512583,0.0010567823,0.0010683703,0.0,0.0,0.0010483615,0.0010321578,0.0010224135,0.001032453,0.0011083403,0.0,0.0010621554,0.0010483615,0.0010407317,0.0010512583,0.0010567823,0.0010683695,0.0010741531,0.001062157,0.0010483618,0.0010407317,0.0010512583,0.0010567823,0.0010683727
k__Bacteria|p__Firmicutes|c__Clostridia|o__Eubacteriales|f__Eubacteriaceae|g__Anaerofustis|s__Anaerofustis_stercorihominis,0.0,0.0010602209,0.001046551,0.0010391439,0.0010501249,0.0010560836,0.0010680021,0.0,0.001060221,0.001046551,0.0010391439,0.0010501249,0.0010560836,0.0010680021,0.0,0.0,0.0010465591,0.0010304868,0.0010209673,0.001031464,0.0011071337,0.0010719105,0.0,0.001046551,0.0010304805,0.0010209671,0.001031464,0.0011071333,0.0,0.0,0.001046551,0.0010304805,0.0010209671,0.001031464,0.0011071335,0.0010719022,0.0010602209,0.001046551,0.0010391439,0.0010501249,0.0010560836,0.001068002,0.0,0.0010602208,0.001046551,0.0010391439,0.0010501249,0.0010560836,0.0010680023,0.0010719023,0.0010602209,0.001046551,0.0010391439,0.0010501249,0.0010560836,0.0010680021,0.0,0.0010602211,0.0010465512,0.0010391439,0.0010501249,0.0010560836,0.0010680024,0.0,0.001060221,0.001046551,0.0010391439,0.0010501249,0.0010560836,0.0010680021,0.0,0.001060221,0.0,0.0010304805,0.0010115067,0.001067582,0.0010789412,0.0,0.0010602209,0.001046551,0.0010391439,0.0010501249,0.0010560836,0.0010680023,0.0,0.0,0.0,0.0010304805,0.0010115067,0.001067582,0.0010900989,0.0010719039,0.001060221,0.0,0.0010304805,0.0010115067,0.001067582,0.001078943,0.0010719162,0.0,0.0,0.0010304804,0.0010115067,0.001067582,0.0010900986,0.0010719071,0.0,0.001046551,0.0,0.0010602209,0.001046551,0.001067582,0.0010719026,0.0,0.0,0.0010304805,0.0010115067,0.001067582,0.0010900984,0.0,0.0010602217,0.0,0.0010304805,0.0010115067,0.001067582,0.0010789405,0.0,0.0,0.001046551,0.0010602211,0.0,0.0010304805,0.0010602211,0.0010719111,0.0010602211,0.0,0.0010304803,0.0010115067,0.001067582,0.0010789406,0.0,0.0,0.0010465512,0.0010304805,0.0010209671,0.001031464,0.0011071335,0.0,0.0,0.001046551,0.0,0.0010602209,0.001046551,0.0010675822,0.0,0.0010602238,0.0,0.001060221,0.0,0.0010602209,0.0010465508,0.0,0.0,0.0010465602,0.0010304822,0.0010209671,0.001031464,0.0011071335,0.0,0.0010602453,0.0010602231,0.0010545189,0.0010657649,0.0,0.0009890315,0.0,0.0010602222,0.0010465513,0.0,0.0010602211,0.001046551,0.0010391449,0.0010719044,0.0010602209,0.001046551,0.0,0.0010602209,0.001046551,0.0010391446,0.0,0.0010602211,0.0010465512,0.0010391439,0.0010501249,0.0010560836,0.0010680021,0.0010719023,0.0010602209,0.001046551,0.0010391439,0.0010501249,0.0010560836,0.0010680021,0.0010719025,0.0,0.0,0.0010304805,0.0010115067,0.001067582,0.0010900983,0.0010719021,0.0,0.001046551,0.0010304805,0.0010209671,0.001031464,0.0011071335,0.0,0.001060221,0.0,0.0010304805,0.0010115067,0.001067582,0.0010789405,0.0010719091,0.0,0.001046551,0.0010304805,0.0010209671,0.001031464,0.0011071357,0.0,0.0010602209,0.001046551,0.0010391439,0.0010501249,0.0010560836,0.0010680024,0.0010719023,0.0010602209,0.001046551,0.0010391439,0.0010501249,0.0010560836,0.001068002,0.0,0.0010602212,0.001046551,0.0010391439,0.0010501249,0.0010560836,0.0010680021,0.0,0.0,0.001046551,0.0010304805,0.0010209671,0.001031464,0.0011071335,0.0010719029,0.0010602209,0.0,0.0,0.001060221,0.001060221,0.0010545186,0.0010719118,0.0,0.001046551,0.0,0.001060221,0.001046551,0.0010675832,0.0010719334,0.0,0.0010602211,0.001046551,0.0010391439,0.0,0.001060221,0.0,0.0010602208,0.0,0.0010304805,0.0010115067,0.001067582,0.0010789443,0.001071903,0.0,0.001046551,0.0010304805,0.0010209669,0.0010314641,0.001107154,0.0010719069,0.0,0.0,0.0010304805,0.0010115067,0.001067582,0.0010900985,0.0,0.001060221,0.0010465512,0.0010391439,0.0010501249,0.0010560836,0.0010680021,0.0010719089,0.001060221,0.001046551,0.0,0.001060221,0.001046551,0.0010391445,0.0010719022,0.0,0.0010465509,0.0010304804,0.0010209671,0.001031464,0.0011071338,0.001071903,0.0,0.0010465512,0.0010304805,0.0010209671,0.001031464,0.0011071335,0.0,0.001060221,0.0010602211,0.0010545186,0.0010657649,0.0,0.0009890595,0.0010719061,0.0,0.001046551,0.0010304805,0.0010209671,0.001031464,0.0011071335,0.001071904,0.0,0.0,0.0010304805,0.0010115067,0.001067582,0.001090099,0.00107191,0.0010602211,0.0,0.001030481,0.0010115068,0.001067582,0.0010789426,0.0,0.001060221,0.001046551,0.0010391439,0.0010501249,0.0010560836,0.001068002,0.0,0.0010602219,0.0,0.0010304805,0.0010115067,0.001067582,0.0010789405,0.0,0.0010602211,0.0010465512,0.0010391439,0.0010501249,0.0010560836,0.0010680022,0.0010719041,0.001060221,0.001046551,0.0010391439,0.0010501249,0.0010560836,0.0010680022,0.0,0.0,0.0,0.0010304805,0.0010115067,0.001067582,0.0010900985,0.0010719021,0.0010602209,0.0,0.0010304805,0.0010115067,0.001067582,0.0010789408,0.0010719051,0.001060221,0.001046551,0.001067582,0.0,0.0010304805,0.0010115068,0.0,0.0010602209,0.001046551,0.0010391439,0.0010501249,0.0010560836,0.0010680025,0.0,0.0010602209,0.001046551,0.0010391439,0.0010501249,0.0010560836,0.0010680022,0.0,0.0010602212,0.001046551,0.0010391439,0.0010501249,0.0010560836,0.0010680035,0.0010719028,0.0010602209,0.001046551,0.0010391439,0.0010501249,0.0010560836,0.0010680023,0.0,0.0,0.001046551,0.0010304805,0.0010209671,0.001031464,0.0011071336,0.0,0.0010602209,0.001046551,0.0010391439,0.0010501249,0.0010560836,0.0010680021,0.001072021,0.001060222,0.001046551,0.0010391438,0.0010501249,0.0010560836,0.0010680035
k__Bacteria|p__Firmicutes|c__CFGB76783|o__OFGB76783|f__FGB76783|g__GGB80011|s__GGB80011_SGB15265,0.0,0.0010608502,0.0010473004,0.0010400567,0.0010513023,0.0010575248,0.001069619,0.0,0.0010608503,0.0010473004,0.0010400567,0.0010513023,0.0010575248,0.0010696187,0.0,0.0,0.0010473261,0.0010313743,0.0010220123,0.001032782,0.0011080296,0.0010724525,0.0,0.0010473005,0.0010313556,0.0010220113,0.001032782,0.0011080283,0.0,0.0,0.0010473005,0.0010313556,0.0010220113,0.001032782,0.0011080283,0.0010724176,0.0010608502,0.0010473004,0.0010400567,0.0010513023,0.0010575248,0.0010696186,0.0,0.001060851,0.0010473008,0.0010400567,0.0010513023,0.0010575248,0.0010696196,0.0010724176,0.0010608502,0.0010473004,0.0010400567,0.0010513023,0.0010575248,0.001069619,0.0,0.0010608507,0.0010473012,0.0010400567,0.0010513023,0.0010575248,0.0010696199,0.0,0.0010608503,0.0010473004,0.0010400567,0.0010513023,0.0010575248,0.0010696187,0.0,0.0010608503,0.0,0.0010313556,0.0010125119,0.0010682468,0.0010798542,0.0,0.0010608502,0.0010473004,0.0010400567,0.0010513023,0.0010575248,0.0010696197,0.0,0.0,0.0,0.0010313556,0.0010125119,0.0010682468,0.0010908876,0.0010724263,0.0010608503,0.0,0.0010313556,0.0010125119,0.0010682468,0.0010798621,0.0010724738,0.0,0.0,0.0010313557,0.0010125119,0.0010682468,0.0010908869,0.00107244,0.0,0.0010473005,0.0,0.0010608502,0.0010473004,0.001068247,0.0010724206,0.0,0.0,0.0010313556,0.0010125119,0.0010682468,0.001090885,0.0,0.0010608525,0.0,0.0010313556,0.0010125119,0.0010682468,0.0010798518,0.0,0.0,0.0010473024,0.001060852,0.0,0.0010313556,0.0010608507,0.001072449,0.0010608507,0.0,0.0010313556,0.0010125119,0.0010682468,0.0010798513,0.0,0.0,0.0010473008,0.0010313556,0.0010220113,0.001032782,0.0011080288,0.0,0.0,0.0010473004,0.0,0.0010608502,0.0010473004,0.0010682471,0.0,0.0010608579,0.0,0.0010608505,0.0,0.0010608502,0.0010473006,0.0,0.0,0.0010473299,0.0010313604,0.0010220114,0.001032782,0.0011080294,0.0,0.0010609154,0.0010608578,0.0010553056,0.0010668065,0.0,0.0009901816,0.0,0.0010608541,0.001047302,0.0,0.0010608512,0.0010473008,0.0010400608,0.0010724261,0.0010608502,0.0010473004,0.0,0.0010608502,0.0010473004,0.0010400582,0.0,0.0010608505,0.0010473005,0.0010400567,0.0010513023,0.0010575248,0.0010696191,0.0010724174,0.0010608502,0.0010473004,0.0010400567,0.0010513023,0.0010575248,0.0010696187,0.001072443,0.0,0.0,0.0010313556,0.0010125119,0.0010682468,0.0010908848,0.0010724221,0.0,0.0010473004,0.0010313556,0.0010220113,0.001032782,0.0011080288,0.0,0.0010608505,0.0,0.0010313556,0.0010125119,0.0010682468,0.0010798512,0.0010724367,0.0,0.0010473004,0.0010313556,0.0010220113,0.001032782,0.0011080401,0.0,0.0010608502,0.0010473004,0.0010400567,0.0010513023,0.0010575248,0.0010696211,0.0010724182,0.0010608502,0.0010473004,0.0010400567,0.0010513023,0.0010575248,0.0010696186,0.0,0.001060851,0.0010473008,0.0010400567,0.0010513023,0.0010575248,0.001069619,0.0,0.0,0.0010473005,0.0010313556,0.0010220113,0.001032782,0.0011080285,0.0010724199,0.0010608502,0.0,0.0,0.0010608505,0.0010608503,0.0010553055,0.001072457,0.0,0.0010473011,0.0,0.0010608505,0.0010473005,0.0010682517,0.0010725061,0.0,0.0010608507,0.0010473008,0.0010400567,0.0,0.0010608515,0.0,0.0010608502,0.0,0.0010313556,0.0010125119,0.0010682469,0.00107986,0.001072424,0.0,0.0010473005,0.0010313556,0.0010220114,0.0010327825,0.0011081132,0.0010724389,0.0,0.0,0.0010313556,0.0010125119,0.0010682468,0.0010908847,0.0,0.0010608505,0.0010473006,0.0010400567,0.0010513023,0.0010575248,0.0010696187,0.0010724254,0.0010608505,0.0010473008,0.0,0.0010608503,0.0010473005,0.0010400583,0.0010724196,0.0,0.0010473008,0.0010313557,0.0010220113,0.001032782,0.0011080317,0.0010724221,0.0,0.0010473005,0.0010313556,0.0010220114,0.001032782,0.0011080311,0.0,0.0010608505,0.0010608505,0.0010553047,0.0010668067,0.0,0.0009902416,0.0010724483,0.0,0.0010473008,0.0010313556,0.0010220113,0.001032782,0.0011080283,0.0010724236,0.0,0.0,0.0010313556,0.0010125119,0.0010682468,0.001090887,0.0010724695,0.001060851,0.0,0.001031357,0.001012512,0.0010682471,0.001079862,0.0,0.0010608503,0.0010473008,0.0010400567,0.0010513023,0.0010575248,0.0010696186,0.0,0.0010608527,0.0,0.0010313556,0.0010125119,0.0010682468,0.0010798513,0.0,0.0010608505,0.0010473008,0.0010400567,0.0010513023,0.0010575248,0.001069619,0.0010724317,0.0010608506,0.0010473008,0.001040057,0.0010513023,0.0010575248,0.0010696193,0.0,0.0,0.0,0.0010313556,0.0010125119,0.0010682468,0.0010908853,0.0010724171,0.0010608502,0.0,0.0010313556,0.0010125119,0.0010682468,0.0010798525,0.0010724331,0.0010608503,0.0010473005,0.0010682468,0.0,0.0010313556,0.001012512,0.0,0.0010608502,0.0010473005,0.0010400567,0.0010513023,0.0010575248,0.0010696201,0.0,0.0010608502,0.0010473005,0.0010400567,0.0010513023,0.0010575248,0.0010696193,0.0,0.001060851,0.0010473008,0.0010400567,0.0010513023,0.0010575248,0.0010696221,0.0010724256,0.0010608502,0.0010473005,0.0010400567,0.0010513023,0.0010575248,0.0010696196,0.0,0.0,0.0010473004,0.0010313556,0.0010220113,0.001032782,0.0011080288,0.0,0.0010608502,0.0010473004,0.0010400567,0.0010513023,0.0010575248,0.0010696187,0.001072634,0.001060853,0.0010473009,0.0010400568,0.0010513023,0.0010575248,0.0010696232
k__Bacteria|p__Firmicutes|c__Clostridia|o__Eubacteriales|f__Christensenellaceae|g__Christensenella|s__Christensenella_minuta,0.0,0.0010610083,0.001047383,0.001040025,0.0010510655,0.0010570872,0.0010690388,0.0,0.0010610084,0.001047383,0.001040025,0.0010510655,0.0010570872,0.0010690385,0.0,0.0,0.0010474034,0.0010313719,0.0010218966,0.001032457,0.0011079228,0.0010726958,0.0,0.0010473832,0.0010313584,0.0010218957,0.001032457,0.0011079222,0.0,0.0,0.001047383,0.0010313584,0.0010218957,0.001032457,0.0011079222,0.0010726469,0.0010610083,0.001047383,0.001040025,0.0010510655,0.0010570872,0.0010690383,0.0,0.0010610089,0.0010473833,0.001040025,0.0010510655,0.0010570872,0.0010690392,0.001072647,0.0010610083,0.001047383,0.001040025,0.0010510655,0.0010570872,0.0010690384,0.0,0.0010610088,0.0010473842,0.0010400253,0.0010510655,0.0010570872,0.0010690391,0.0,0.0010610084,0.001047383,0.001040025,0.0010510655,0.0010570872,0.0010690383,0.0,0.0010610084,0.0,0.0010313584,0.0010124312,0.0010683705,0.0010797807,0.0,0.0010610083,0.001047383,0.001040025,0.0010510655,0.0010570872,0.0010690389,0.0,0.0,0.0,0.0010313584,0.0010124312,0.0010683705,0.0010908897,0.0010726603,0.0010610084,0.0,0.0010313584,0.0010124312,0.0010683705,0.0010797874,0.0010727395,0.0,0.0,0.0010313586,0.0010124312,0.0010683705,0.0010908896,0.0010726814,0.0,0.0010473832,0.0,0.0010610083,0.001047383,0.0010683709,0.0010726509,0.0,0.0,0.0010313584,0.0010124312,0.0010683705,0.0010908884,0.0,0.0010610104,0.0,0.0010313584,0.0010124312,0.0010683705,0.0010797794,0.0,0.0,0.0010473843,0.0010610098,0.0,0.0010313584,0.0010610088,0.0010726796,0.0010610088,0.0,0.0010313586,0.0010124312,0.0010683705,0.001079779,0.0,0.0,0.0010473834,0.0010313584,0.0010218957,0.001032457,0.0011079225,0.0,0.0,0.0010473832,0.0,0.0010610083,0.001047383,0.0010683709,0.0,0.001061014,0.0,0.0010610085,0.0,0.0010610083,0.0010473833,0.0,0.0,0.0010474058,0.0010313622,0.0010218957,0.001032457,0.0011079226,0.0,0.0010610628,0.0010610147,0.0010553537,0.0010666539,0.0,0.0009900088,0.0,0.0010610115,0.0010473845,0.0,0.0010610089,0.0010473831,0.0010400284,0.0010726564,0.0010610083,0.001047383,0.0,0.0010610083,0.001047383,0.0010400262,0.0,0.0010610085,0.0010473833,0.001040025,0.0010510655,0.0010570872,0.0010690386,0.0010726467,0.0010610083,0.001047383,0.001040025,0.0010510655,0.0010570872,0.0010690383,0.0010726805,0.0,0.0,0.0010313584,0.0010124312,0.0010683705,0.0010908884,0.0010726537,0.0,0.001047383,0.0010313584,0.0010218957,0.001032457,0.0011079224,0.0,0.0010610085,0.0,0.0010313584,0.0010124312,0.0010683705,0.0010797789,0.0010726722,0.0,0.0010473832,0.0010313584,0.0010218957,0.001032457,0.001107931,0.0,0.0010610083,0.001047383,0.001040025,0.0010510655,0.0010570872,0.0010690397,0.0010726481,0.0010610083,0.001047383,0.001040025,0.0010510655,0.0010570872,0.0010690383,0.0,0.0010610092,0.0010473833,0.001040025,0.0010510655,0.0010570872,0.0010690388,0.0,0.0,0.0010473832,0.0010313584,0.0010218957,0.001032457,0.0011079224,0.0010726504,0.0010610083,0.0,0.0,0.0010610085,0.0010610084,0.0010553533,0.0010726978,0.0,0.0010473833,0.0,0.0010610085,0.0010473832,0.0010683748,0.0010727969,0.0,0.0010610088,0.0010473833,0.001040025,0.0,0.001061009,0.0,0.0010610083,0.0,0.0010313584,0.0010124312,0.0010683706,0.0010797877,0.0010726547,0.0,0.0010473832,0.0010313584,0.0010218957,0.0010324572,0.0011079835,0.0010726682,0.0,0.0,0.0010313584,0.0010124312,0.0010683705,0.0010908884,0.0,0.0010610085,0.0010473833,0.001040025,0.0010510655,0.0010570872,0.0010690385,0.0010726766,0.0010610084,0.0010473831,0.0,0.0010610083,0.001047383,0.0010400263,0.00107265,0.0,0.0010473833,0.0010313586,0.0010218957,0.001032457,0.001107924,0.001072652,0.0,0.0010473831,0.0010313586,0.0010218957,0.0010324571,0.0011079242,0.0,0.0010610088,0.0010610088,0.001055353,0.001066654,0.0,0.0009900494,0.0010726907,0.0,0.0010473833,0.0010313584,0.0010218957,0.001032457,0.0011079222,0.0010726539,0.0,0.0,0.0010313584,0.0010124312,0.0010683705,0.0010908897,0.0010727333,0.0010610096,0.0,0.0010313597,0.0010124313,0.0010683709,0.0010797861,0.0,0.0010610084,0.0010473833,0.001040025,0.0010510655,0.0010570872,0.0010690383,0.0,0.0010610103,0.0,0.0010313584,0.0010124312,0.0010683705,0.0010797789,0.0,0.0010610088,0.0010473834,0.001040025,0.0010510655,0.0010570872,0.0010690384,0.001072665,0.0010610087,0.0010473833,0.0010400254,0.0010510655,0.0010570872,0.0010690388,0.0,0.0,0.0,0.0010313584,0.0010124312,0.0010683705,0.001090889,0.0010726465,0.0010610083,0.0,0.0010313584,0.0010124312,0.0010683705,0.00107978,0.0010726628,0.0010610084,0.0010473832,0.0010683705,0.0,0.0010313584,0.0010124313,0.0,0.0010610083,0.0010473832,0.001040025,0.0010510655,0.0010570872,0.0010690393,0.0,0.0010610083,0.0010473832,0.001040025,0.0010510655,0.0010570872,0.0010690389,0.0,0.0010610092,0.0010473833,0.001040025,0.0010510655,0.0010570872,0.0010690406,0.0010726587,0.0010610083,0.0010473832,0.001040025,0.0010510655,0.0010570872,0.001069039,0.0,0.0,0.0010473832,0.0010313584,0.0010218957,0.001032457,0.0011079226,0.0,0.0010610083,0.001047383,0.001040025,0.0010510655,0.0010570872,0.0010690383,0.001072931,0.0010610105,0.0010473833,0.001040025,0.0010510655,0.0010570872,0.0010690411
k__Bacteria|p__Firmicutes|c__CFGB3009|o__OFGB3009|f__FGB3009|g__GGB48538|s__GGB48538_SGB66596,0.0,0.0010584405,0.0010448208,0.0010375251,0.00104876,0.001054958,0.0010670692,0.0,0.0010584407,0.0010448208,0.0010375251,0.00104876,0.001054958,0.0010670691,0.0,0.0,0.0010448274,0.0010288104,0.001019408,0.0010301578,0.0011058237,0.0010701062,0.0,0.0010448208,0.0010288056,0.0010194078,0.0010301578,0.0011058231,0.0,0.0,0.0010448208,0.0010288056,0.0010194078,0.0010301578,0.0011058231,0.0010700768,0.0010584405,0.0010448208,0.0010375251,0.00104876,0.001054958,0.0010670692,0.0,0.0010584409,0.0010448209,0.0010375251,0.00104876,0.001054958,0.0010670696,0.001070077,0.0010584405,0.0010448208,0.0010375251,0.00104876,0.001054958,0.0010670692,0.0,0.0010584408,0.0010448212,0.0010375251,0.00104876,0.001054958,0.0010670698,0.0,0.0010584407,0.0010448208,0.0010375251,0.00104876,0.001054958,0.0010670692,0.0,0.0010584407,0.0,0.0010288056,0.0010098936,0.0010658613,0.0010774764,0.0,0.0010584405,0.0010448208,0.0010375251,0.00104876,0.001054958,0.0010670695,0.0,0.0,0.0,0.0010288056,0.0010098936,0.0010658613,0.0010885899,0.0010700845,0.0010584407,0.0,0.0010288056,0.0010098936,0.0010658613,0.0010774798,0.0010701392,0.0,0.0,0.0010288057,0.0010098936,0.0010658613,0.0010885899,0.0010700966,0.0,0.0010448208,0.0,0.0010584405,0.0010448208,0.0010658612,0.0010700786,0.0,0.0,0.0010288056,0.0010098936,0.0010658613,0.0010885895,0.0,0.0010584414,0.0,0.0010288056,0.0010098936,0.0010658613,0.0010774751,0.0,0.0,0.0010448211,0.0010584412,0.0,0.0010288056,0.0010584408,0.0010700917,0.0010584408,0.0,0.0010288059,0.0010098936,0.0010658613,0.001077475,0.0,0.0,0.0010448209,0.0010288056,0.0010194078,0.0010301578,0.0011058236,0.0,0.0,0.0010448208,0.0,0.0010584405,0.0010448208,0.0010658613,0.0,0.0010584419,0.0,0.0010584408,0.0,0.0010584405,0.0010448209,0.0,0.0,0.001044828,0.0010288068,0.0010194076,0.0010301578,0.0011058231,0.0,0.0010584526,0.0010584424,0.0010528462,0.0010643475,0.0,0.0009874897,0.0,0.0010584414,0.0010448211,0.0,0.0010584408,0.0010448209,0.0010375266,0.0010700814,0.0010584405,0.0010448208,0.0,0.0010584405,0.0010448208,0.001037526,0.0,0.0010584408,0.0010448209,0.0010375251,0.00104876,0.001054958,0.0010670692,0.0010700768,0.0010584405,0.0010448208,0.0010375251,0.00104876,0.001054958,0.0010670692,0.0010700974,0.0,0.0,0.0010288056,0.0010098936,0.0010658613,0.0010885895,0.0010700804,0.0,0.0010448208,0.0010288056,0.0010194078,0.0010301578,0.0011058233,0.0,0.0010584408,0.0,0.0010288056,0.0010098936,0.0010658613,0.0010774749,0.0010700898,0.0,0.0010448208,0.0010288056,0.0010194078,0.0010301578,0.001105827,0.0,0.0010584405,0.0010448208,0.0010375251,0.00104876,0.001054958,0.00106707,0.0010700775,0.0010584405,0.0010448208,0.0010375251,0.00104876,0.001054958,0.0010670692,0.0,0.0010584409,0.0010448206,0.0010375251,0.00104876,0.001054958,0.0010670692,0.0,0.0,0.0010448208,0.0010288056,0.0010194078,0.0010301578,0.0011058231,0.0010700788,0.0010584405,0.0,0.0,0.0010584408,0.0010584407,0.0010528463,0.0010701086,0.0,0.0010448206,0.0,0.0010584408,0.0010448208,0.0010658628,0.001070175,0.0,0.0010584408,0.0010448209,0.0010375251,0.0,0.001058441,0.0,0.0010584405,0.0,0.0010288056,0.0010098936,0.0010658612,0.0010774795,0.0010700811,0.0,0.0010448208,0.0010288056,0.0010194076,0.001030158,0.0011058515,0.0010700886,0.0,0.0,0.0010288056,0.0010098936,0.0010658613,0.0010885895,0.0,0.0010584408,0.0010448209,0.0010375251,0.00104876,0.001054958,0.0010670691,0.00107011,0.0010584407,0.0010448209,0.0,0.0010584407,0.0010448208,0.0010375256,0.0010700785,0.0,0.0010448209,0.0010288057,0.0010194075,0.0010301578,0.0011058239,0.0010700793,0.0,0.0010448209,0.0010288056,0.0010194076,0.0010301579,0.0011058239,0.0,0.0010584407,0.0010584409,0.0010528462,0.0010643475,0.0,0.0009875186,0.001070103,0.0,0.0010448209,0.0010288056,0.0010194078,0.0010301578,0.0011058234,0.0010700801,0.0,0.0,0.0010288056,0.0010098936,0.0010658613,0.00108859,0.0010701371,0.001058441,0.0,0.0010288063,0.0010098938,0.0010658613,0.0010774784,0.0,0.0010584407,0.0010448209,0.0010375251,0.00104876,0.001054958,0.0010670692,0.0,0.001058441,0.0,0.0010288056,0.0010098936,0.0010658613,0.0010774749,0.0,0.0010584408,0.0010448209,0.0010375251,0.00104876,0.001054958,0.0010670694,0.0010700863,0.0010584407,0.0010448209,0.0010375251,0.00104876,0.001054958,0.0010670694,0.0,0.0,0.0,0.0010288056,0.0010098936,0.0010658613,0.0010885899,0.0010700766,0.0010584405,0.0,0.0010288056,0.0010098936,0.0010658613,0.0010774756,0.0010700845,0.0010584407,0.0010448208,0.0010658613,0.0,0.0010288056,0.0010098943,0.0,0.0010584405,0.0010448208,0.0010375251,0.00104876,0.001054958,0.00106707,0.0,0.0010584405,0.0010448208,0.0010375251,0.00104876,0.001054958,0.0010670695,0.0,0.0010584408,0.0010448209,0.0010375251,0.00104876,0.001054958,0.0010670709,0.0010700825,0.0010584405,0.0010448208,0.0010375251,0.00104876,0.001054958,0.0010670695,0.0,0.0,0.0010448208,0.0010288056,0.0010194078,0.0010301578,0.0011058236,0.0,0.0010584405,0.0010448208,0.0010375251,0.00104876,0.001054958,0.0010670692,0.0010702634,0.0010584411,0.0010448209,0.0010375251,0.00104876,0.001054958,0.0010670711
k__Bacteria|p__Firmicutes|c__Clostridia|o__Eubacteriales|f__Lachnospiraceae|g__GGB3636|s__GGB3636_SGB4929,0.0,0.0010611269,0.0010474002,0.0010398909,0.0010506624,0.0010564207,0.0010681864,0.0,0.0010611269,0.0010474002,0.0010398909,0.0010506624,0.0010564207,0.0010681864,0.0,0.0,0.0010474151,0.0010312804,0.0010216498,0.0010319356,0.0011077027,0.0010728657,0.0,0.0010474002,0.0010312689,0.0010216495,0.0010319356,0.0011077027,0.0,0.0,0.0010474002,0.0010312689,0.0010216495,0.0010319356,0.0011077026,0.0010728608,0.0010611269,0.0010474002,0.0010398909,0.0010506624,0.0010564207,0.0010681865,0.0,0.0010611273,0.0010474005,0.0010398909,0.0010506624,0.0010564207,0.001068187,0.0010728608,0.0010611269,0.0010474002,0.0010398909,0.0010506624,0.0010564207,0.0010681864,0.0,0.0010611272,0.0010474006,0.0010398909,0.0010506624,0.0010564207,0.0010681867,0.0,0.0010611269,0.0010474002,0.0010398909,0.0010506624,0.0010564207,0.0010681865,0.0,0.0010611269,0.0,0.0010312689,0.0010122295,0.0010684453,0.0010795984,0.0,0.0010611269,0.0010474002,0.0010398908,0.0010506624,0.0010564207,0.0010681864,0.0,0.0,0.0,0.0010312689,0.0010122295,0.001068445,0.0010908096,0.0010728609,0.0010611269,0.0,0.0010312689,0.0010122295,0.001068445,0.0010795998,0.0010728623,0.0,0.0,0.001031269,0.0010122295,0.0010684453,0.0010908094,0.0010728629,0.0,0.0010474002,0.0,0.0010611269,0.0010474002,0.001068445,0.001072861,0.0,0.0,0.0010312689,0.0010122295,0.0010684453,0.0010908091,0.0,0.0010611283,0.0,0.0010312689,0.0010122295,0.0010684453,0.0010795976,0.0,0.0,0.0010474012,0.0010611276,0.0,0.0010312689,0.001061127,0.001072872,0.0010611272,0.0,0.0010312686,0.0010122295,0.0010684453,0.0010795975,0.0,0.0,0.0010474003,0.0010312689,0.0010216495,0.0010319356,0.0011077031,0.0,0.0,0.0010474002,0.0,0.0010611269,0.0010474002,0.001068445,0.0,0.0010611311,0.0,0.001061127,0.0,0.0010611269,0.0010474003,0.0,0.0,0.0010474167,0.0010312714,0.0010216495,0.0010319356,0.0011077028,0.0,0.0010611641,0.0010611311,0.0010553263,0.0010663646,0.0,0.0009896854,0.0,0.0010611287,0.0010474011,0.0,0.0010611275,0.0010474003,0.0010398927,0.001072863,0.0010611269,0.0010474002,0.0,0.0010611269,0.0010474002,0.0010398915,0.0,0.0010611272,0.0010474003,0.0010398908,0.0010506624,0.0010564207,0.0010681865,0.0010728608,0.0010611269,0.0010474002,0.0010398909,0.0010506624,0.0010564207,0.0010681865,0.0010728625,0.0,0.0,0.0010312689,0.0010122295,0.0010684453,0.0010908091,0.0010728608,0.0,0.0010474002,0.0010312689,0.0010216495,0.0010319356,0.0011077027,0.0,0.001061127,0.0,0.0010312689,0.0010122295,0.0010684453,0.0010795975,0.0010728645,0.0,0.0010474002,0.0010312689,0.0010216495,0.0010319356,0.0011077054,0.0,0.0010611269,0.0010474002,0.0010398909,0.0010506624,0.0010564207,0.0010681871,0.0010728606,0.0010611269,0.0010474002,0.0010398909,0.0010506624,0.0010564207,0.0010681865,0.0,0.0010611276,0.0010474005,0.0010398908,0.0010506624,0.0010564207,0.0010681864,0.0,0.0,0.0010474002,0.0010312689,0.0010216495,0.0010319356,0.0011077027,0.0010728609,0.0010611269,0.0,0.0,0.001061127,0.0010611269,0.0010553261,0.001072869,0.0,0.0010474005,0.0,0.001061127,0.0010474002,0.0010684468,0.0010728689,0.0,0.001061127,0.0010474003,0.0010398908,0.0,0.0010611274,0.0,0.0010611268,0.0,0.0010312689,0.0010122295,0.0010684449,0.0010796005,0.0010728621,0.0,0.0010474002,0.0010312689,0.0010216495,0.0010319357,0.0011077198,0.001072868,0.0,0.0,0.0010312689,0.0010122295,0.0010684453,0.0010908092,0.0,0.001061127,0.0010474003,0.0010398909,0.0010506624,0.0010564207,0.0010681864,0.0010728565,0.0010611272,0.0010474003,0.0,0.001061127,0.0010474002,0.0010398914,0.0010728603,0.0,0.0010474003,0.0010312689,0.0010216495,0.0010319356,0.0011077032,0.0010728615,0.0,0.0010474003,0.0010312689,0.0010216495,0.0010319356,0.001107703,0.0,0.0010611272,0.0010611272,0.0010553258,0.0010663643,0.0,0.0009897196,0.0010728649,0.0,0.0010474003,0.0010312689,0.0010216495,0.0010319356,0.0011077026,0.0010728617,0.0,0.0,0.0010312689,0.0010122295,0.0010684453,0.0010908095,0.0010728594,0.0010611272,0.0,0.0010312693,0.0010122296,0.0010684453,0.0010796003,0.0,0.0010611272,0.0010474003,0.0010398908,0.0010506624,0.0010564207,0.0010681865,0.0,0.0010611285,0.0,0.0010312689,0.0010122295,0.0010684453,0.0010795975,0.0,0.001061127,0.0010474003,0.0010398908,0.0010506624,0.0010564207,0.0010681865,0.0010728613,0.0010611269,0.0010474003,0.001039891,0.0010506624,0.0010564207,0.0010681866,0.0,0.0,0.0,0.0010312689,0.0010122295,0.0010684453,0.0010908095,0.0010728606,0.0010611269,0.0,0.0010312689,0.0010122295,0.0010684453,0.0010795976,0.0010728647,0.0010611272,0.0010474002,0.0010684453,0.0,0.0010312689,0.0010122296,0.0,0.0010611269,0.0010474002,0.0010398908,0.0010506624,0.0010564207,0.0010681868,0.0,0.0010611269,0.0010474002,0.0010398908,0.0010506624,0.0010564207,0.0010681865,0.0,0.0010611273,0.0010474003,0.0010398908,0.0010506624,0.0010564207,0.0010681873,0.0010728608,0.0010611269,0.0010474002,0.0010398908,0.0010506624,0.0010564207,0.0010681867,0.0,0.0,0.0010474002,0.0010312689,0.0010216495,0.0010319356,0.0011077026,0.0,0.0010611269,0.0010474002,0.0010398909,0.0010506624,0.0010564207,0.0010681865,0.0010729323,0.0010611283,0.0010474005,0.0010398907,0.0010506624,0.0010564207,0.0010681876
k__Bacteria|p__Firmicutes|c__CFGB76238|o__OFGB76238|f__FGB76238|g__GGB3478|s__GGB3478_SGB14857,0.0,0.0010590125,0.0010454007,0.0010381045,0.0010493195,0.0010555014,0.0010675932,0.0,0.0010590127,0.0010454007,0.0010381045,0.0010493195,0.0010555014,0.001067593,0.0,0.0,0.0010454104,0.0010293974,0.0010199951,0.0010307265,0.0011063204,0.0010706888,0.0,0.0010454007,0.001029393,0.0010199944,0.0010307265,0.0011063194,0.0,0.0,0.0010454007,0.001029393,0.0010199944,0.0010307265,0.0011063194,0.0010706406,0.0010590126,0.0010454007,0.0010381045,0.0010493195,0.0010555014,0.0010675929,0.0,0.0010590134,0.0010454007,0.0010381045,0.0010493195,0.0010555014,0.0010675946,0.0010706409,0.0010590126,0.0010454007,0.0010381045,0.0010493195,0.0010555014,0.001067593,0.0,0.0010590128,0.0010454018,0.0010381048,0.0010493195,0.0010555014,0.0010675938,0.0,0.0010590127,0.0010454007,0.0010381045,0.0010493195,0.0010555014,0.001067593,0.0,0.0010590127,0.0,0.001029393,0.0010104876,0.001066424,0.0010780162,0.0,0.0010590126,0.0010454007,0.0010381044,0.0010493195,0.0010555014,0.0010675937,0.0,0.0,0.0,0.001029393,0.0010104876,0.001066424,0.0010891197,0.001070656,0.0010590127,0.0,0.001029393,0.0010104876,0.001066424,0.0010780243,0.0010707534,0.0,0.0,0.0010293932,0.0010104876,0.001066424,0.0010891197,0.0010706785,0.0,0.0010454007,0.0,0.0010590126,0.0010454007,0.0010664243,0.0010706449,0.0,0.0,0.001029393,0.0010104876,0.001066424,0.0010891184,0.0,0.0010590137,0.0,0.001029393,0.0010104876,0.001066424,0.001078015,0.0,0.0,0.0010454012,0.001059014,0.0,0.001029393,0.0010590133,0.0010706612,0.0010590128,0.0,0.0010293929,0.0010104876,0.001066424,0.0010780144,0.0,0.0,0.0010454009,0.001029393,0.0010199944,0.0010307265,0.0011063198,0.0,0.0,0.0010454007,0.0,0.0010590126,0.0010454007,0.0010664244,0.0,0.0010590128,0.0,0.0010590128,0.0,0.0010590126,0.0010454007,0.0,0.0,0.0010454054,0.0010293939,0.0010199944,0.0010307265,0.0011063196,0.0,0.001059044,0.0010590156,0.0010534176,0.001064897,0.0,0.000988094,0.0,0.0010590144,0.0010454011,0.0,0.0010590128,0.0010454007,0.0010381081,0.0010706469,0.0010590126,0.0010454007,0.0,0.0010590126,0.0010454007,0.0010381058,0.0,0.0010590131,0.0010454007,0.0010381044,0.0010493195,0.0010555014,0.0010675932,0.0010706407,0.0010590126,0.0010454007,0.0010381045,0.0010493195,0.0010555014,0.001067593,0.0010706829,0.0,0.0,0.001029393,0.0010104876,0.001066424,0.0010891184,0.0010706494,0.0,0.0010454007,0.001029393,0.0010199944,0.0010307265,0.0011063197,0.0,0.0010590128,0.0,0.001029393,0.0010104876,0.001066424,0.0010780144,0.001070665,0.0,0.0010454007,0.001029393,0.0010199944,0.0010307265,0.00110633,0.0,0.0010590126,0.0010454007,0.0010381045,0.0010493195,0.0010555014,0.0010675952,0.0010706418,0.0010590126,0.0010454007,0.0010381045,0.0010493195,0.0010555014,0.0010675929,0.0,0.001059013,0.0010454007,0.0010381044,0.0010493195,0.0010555014,0.0010675932,0.0,0.0,0.0010454007,0.001029393,0.0010199944,0.0010307265,0.0011063195,0.0010706439,0.0010590126,0.0,0.0,0.0010590128,0.0010590127,0.0010534178,0.0010706885,0.0,0.0010454007,0.0,0.0010590128,0.0010454007,0.0010664297,0.0010708182,0.0,0.0010590127,0.0010454007,0.0010381044,0.0,0.0010590135,0.0,0.0010590126,0.0,0.001029393,0.0010104876,0.0010664241,0.0010780252,0.0010706477,0.0,0.0010454007,0.001029393,0.0010199944,0.0010307273,0.001106391,0.0010706541,0.0,0.0,0.001029393,0.0010104876,0.001066424,0.0010891183,0.0,0.0010590128,0.0010454007,0.0010381045,0.0010493195,0.0010555014,0.001067593,0.0010706697,0.0010590127,0.0010454007,0.0,0.0010590126,0.0010454007,0.0010381058,0.0010706446,0.0,0.0010454007,0.0010293933,0.0010199944,0.0010307265,0.0011063218,0.0010706449,0.0,0.0010454007,0.001029393,0.0010199944,0.0010307266,0.0011063226,0.0,0.0010590127,0.0010590131,0.0010534176,0.0010648969,0.0,0.0009881271,0.0010706926,0.0,0.0010454007,0.001029393,0.0010199944,0.0010307265,0.0011063194,0.0010706467,0.0,0.0,0.001029393,0.0010104876,0.001066424,0.0010891196,0.001070745,0.0010590137,0.0,0.0010293942,0.001010488,0.0010664241,0.0010780231,0.0,0.0010590126,0.0010454007,0.0010381044,0.0010493195,0.0010555014,0.0010675929,0.0,0.0010590126,0.0,0.001029393,0.0010104876,0.001066424,0.0010780144,0.0,0.0010590127,0.0010454009,0.0010381044,0.0010493195,0.0010555014,0.001067593,0.0010706632,0.0010590128,0.0010454007,0.0010381046,0.0010493195,0.0010555014,0.0010675937,0.0,0.0,0.0,0.001029393,0.0010104876,0.001066424,0.001089119,0.0010706403,0.0010590126,0.0,0.001029393,0.0010104876,0.001066424,0.0010780159,0.0010706534,0.0010590126,0.0010454007,0.001066424,0.0,0.001029393,0.0010104877,0.0,0.0010590126,0.0010454007,0.0010381043,0.0010493195,0.0010555014,0.0010675942,0.0,0.0010590126,0.0010454007,0.0010381044,0.0010493195,0.0010555014,0.0010675933,0.0,0.0010590134,0.0010454007,0.0010381044,0.0010493195,0.0010555014,0.0010675958,0.0010706543,0.0010590126,0.0010454007,0.0010381044,0.0010493195,0.0010555014,0.0010675937,0.0,0.0,0.0010454007,0.001029393,0.0010199944,0.0010307265,0.0011063201,0.0,0.0010590126,0.0010454007,0.0010381045,0.0010493195,0.0010555014,0.001067593,0.0010708738,0.0010590134,0.0010454007,0.0010381046,0.0010493195,0.0010555014,0.0010675961
k__Bacteria|p__Firmicutes|c__Clostridia|o__Eubacteriales|f__Oscillospiraceae|g__Oscillospiraceae_unclassified|s__Eubacterium_siraeum,0.0,0.00105903,0.0010453134,0.0010378633,0.0010488086,0.0010547254,0.0010666318,0.0,0.0010590301,0.0010453134,0.0010378633,0.0010488086,0.0010547254,0.0010666315,0.0,0.0,0.001045319,0.0010292,0.0010196383,0.0010300934,0.0011060074,0.0010707645,0.0,0.0010453134,0.0010291957,0.0010196379,0.0010300934,0.0011060067,0.0,0.0,0.0010453134,0.0010291957,0.0010196379,0.0010300934,0.0011060063,0.0010707565,0.00105903,0.0010453134,0.0010378633,0.0010488086,0.0010547254,0.0010666314,0.0,0.00105903,0.0010453135,0.0010378633,0.0010488086,0.0010547254,0.0010666325,0.0010707568,0.00105903,0.0010453134,0.0010378633,0.0010488086,0.0010547254,0.0010666316,0.0,0.0010590302,0.0010453138,0.0010378634,0.0010488086,0.0010547254,0.0010666323,0.0,0.0010590301,0.0010453134,0.0010378633,0.0010488086,0.0010547254,0.0010666315,0.0,0.0010590301,0.0,0.0010291957,0.0010101753,0.0010663981,0.0010777344,0.0,0.00105903,0.0010453134,0.0010378632,0.0010488086,0.0010547254,0.0010666326,0.0,0.0,0.0,0.0010291957,0.0010101753,0.0010663981,0.0010889454,0.0010707594,0.0010590301,0.0,0.0010291957,0.0010101753,0.0010663981,0.0010777398,0.0010707778,0.0,0.0,0.0010291958,0.0010101753,0.0010663981,0.0010889447,0.001070766,0.0,0.0010453134,0.0,0.00105903,0.0010453134,0.0010663983,0.0010707577,0.0,0.0,0.0010291957,0.0010101753,0.0010663981,0.0010889426,0.0,0.0010590303,0.0,0.0010291957,0.0010101753,0.0010663981,0.0010777328,0.0,0.0,0.0010453138,0.0010590302,0.0,0.0010291957,0.0010590302,0.0010707648,0.0010590302,0.0,0.0010291957,0.0010101753,0.0010663981,0.0010777325,0.0,0.0,0.0010453135,0.0010291957,0.0010196379,0.0010300934,0.001106007,0.0,0.0,0.0010453134,0.0,0.00105903,0.0010453134,0.0010663983,0.0,0.0010590316,0.0,0.0010590302,0.0,0.00105903,0.0010453135,0.0,0.0,0.0010453161,0.0010291964,0.0010196379,0.0010300934,0.0011060073,0.0,0.0010590408,0.001059031,0.0010532866,0.0010645034,0.0,0.0009876606,0.0,0.0010590306,0.0010453137,0.0,0.00105903,0.0010453135,0.0010378659,0.0010707582,0.00105903,0.0010453134,0.0,0.00105903,0.0010453134,0.001037865,0.0,0.0010590302,0.0010453135,0.0010378632,0.0010488086,0.0010547254,0.0010666315,0.0010707567,0.00105903,0.0010453134,0.0010378633,0.0010488086,0.0010547254,0.0010666315,0.0010707637,0.0,0.0,0.0010291957,0.0010101753,0.0010663981,0.0010889423,0.0010707569,0.0,0.0010453134,0.0010291957,0.0010196379,0.0010300934,0.0011060068,0.0,0.0010590302,0.0,0.0010291957,0.0010101753,0.0010663981,0.0010777324,0.0010707614,0.0,0.0010453134,0.0010291957,0.0010196379,0.0010300934,0.0011060156,0.0,0.00105903,0.0010453134,0.0010378633,0.0010488086,0.0010547254,0.0010666336,0.0010707568,0.00105903,0.0010453134,0.0010378633,0.0010488086,0.0010547254,0.0010666314,0.0,0.0010590301,0.0010453135,0.0010378632,0.0010488086,0.0010547254,0.0010666318,0.0,0.0,0.0010453134,0.0010291957,0.0010196379,0.0010300934,0.0011060067,0.0010707577,0.00105903,0.0,0.0,0.0010590302,0.0010590301,0.0010532874,0.0010707704,0.0,0.0010453137,0.0,0.0010590302,0.0010453134,0.0010664024,0.0010707977,0.0,0.0010590303,0.0010453135,0.0010378632,0.0,0.001059031,0.0,0.00105903,0.0,0.0010291957,0.0010101753,0.0010663981,0.0010777378,0.001070758,0.0,0.0010453134,0.0010291957,0.0010196379,0.0010300936,0.0011060801,0.0010707609,0.0,0.0,0.0010291957,0.0010101753,0.0010663981,0.001088942,0.0,0.0010590302,0.0010453135,0.0010378633,0.0010488086,0.0010547254,0.0010666315,0.001070762,0.0010590301,0.0010453135,0.0,0.00105903,0.0010453134,0.0010378641,0.0010707574,0.0,0.0010453135,0.0010291958,0.0010196379,0.0010300934,0.0011060097,0.0010707582,0.0,0.0010453135,0.0010291957,0.0010196379,0.0010300935,0.0011060082,0.0,0.0010590301,0.0010590302,0.0010532866,0.0010645032,0.0,0.0009877023,0.0010707676,0.0,0.0010453135,0.0010291957,0.0010196379,0.0010300934,0.0011060063,0.0010707602,0.0,0.0,0.0010291957,0.0010101753,0.0010663981,0.0010889446,0.0010707668,0.00105903,0.0,0.0010291961,0.0010101756,0.0010663981,0.0010777408,0.0,0.0010590301,0.0010453135,0.0010378632,0.0010488086,0.0010547254,0.0010666314,0.0,0.0010590304,0.0,0.0010291957,0.0010101753,0.0010663981,0.0010777324,0.0,0.0010590301,0.0010453135,0.0010378632,0.0010488086,0.0010547254,0.0010666319,0.0010707633,0.0010590302,0.0010453135,0.0010378633,0.0010488086,0.0010547254,0.001066632,0.0,0.0,0.0,0.0010291957,0.0010101753,0.0010663981,0.0010889432,0.0010707562,0.00105903,0.0,0.0010291957,0.0010101753,0.0010663981,0.0010777335,0.0010707612,0.0010590301,0.0010453134,0.0010663981,0.0,0.0010291957,0.0010101756,0.0,0.00105903,0.0010453134,0.0010378632,0.0010488086,0.0010547254,0.0010666327,0.0,0.00105903,0.0010453134,0.0010378632,0.0010488086,0.0010547254,0.0010666319,0.0,0.0010590301,0.0010453135,0.0010378632,0.0010488086,0.0010547254,0.0010666344,0.0010707584,0.00105903,0.0010453134,0.0010378632,0.0010488086,0.0010547254,0.0010666323,0.0,0.0,0.0010453134,0.0010291957,0.0010196379,0.0010300934,0.001106007,0.0,0.00105903,0.0010453134,0.0010378633,0.0010488086,0.0010547254,0.0010666315,0.0010708576,0.0010590309,0.0010453135,0.0010378632,0.0010488086,0.0010547254,0.0010666354
k__Bacteria|p__Firmicutes|c__Clostridia|o__Eubacteriales|f__Eubacteriaceae|g__Eubacterium|s__Eubacterium_limosum,0.0,0.0010602251,0.0010466865,0.0010394726,0.0010507911,0.0010570817,0.0010692322,0.0,0.0010602253,0.0010466865,0.0010394726,0.0010507911,0.0010570817,0.0010692321,0.0,0.0,0.0010466914,0.0010307572,0.0010214411,0.001032284,0.0011075486,0.001071808,0.0,0.0010466865,0.0010307544,0.0010214408,0.001032284,0.0011075485,0.0,0.0,0.0010466865,0.0010307544,0.0010214408,0.001032284,0.0011075484,0.0010717823,0.0010602252,0.0010466865,0.0010394726,0.0010507911,0.0010570817,0.0010692321,0.0,0.0010602251,0.0010466867,0.0010394726,0.0010507911,0.0010570817,0.0010692322,0.0010717825,0.0010602252,0.0010466865,0.0010394726,0.0010507911,0.0010570817,0.0010692322,0.0,0.0010602251,0.001046687,0.0010394729,0.0010507911,0.0010570817,0.0010692325,0.0,0.0010602253,0.0010466865,0.0010394726,0.0010507911,0.0010570817,0.0010692322,0.0,0.0010602253,0.0,0.0010307544,0.0010119254,0.0010676401,0.0010793192,0.0,0.0010602252,0.0010466865,0.0010394726,0.0010507911,0.0010570817,0.0010692325,0.0,0.0,0.0,0.0010307544,0.0010119254,0.0010676401,0.0010903443,0.0010717905,0.0010602253,0.0,0.0010307544,0.0010119254,0.0010676401,0.0010793224,0.0010718338,0.0,0.0,0.0010307544,0.0010119254,0.0010676401,0.001090344,0.0010718006,0.0,0.0010466865,0.0,0.0010602252,0.0010466865,0.00106764,0.0010717844,0.0,0.0,0.0010307544,0.0010119254,0.0010676401,0.0010903435,0.0,0.0010602257,0.0,0.0010307544,0.0010119254,0.0010676401,0.0010793187,0.0,0.0,0.0010466867,0.0010602255,0.0,0.0010307544,0.0010602254,0.0010717947,0.0010602251,0.0,0.0010307543,0.0010119254,0.0010676401,0.0010793186,0.0,0.0,0.0010466867,0.0010307544,0.0010214408,0.001032284,0.0011075484,0.0,0.0,0.0010466865,0.0,0.0010602252,0.0010466865,0.00106764,0.0,0.001060226,0.0,0.0010602254,0.0,0.0010602252,0.0010466867,0.0,0.0,0.0010466916,0.0010307552,0.001021441,0.001032284,0.0011075485,0.0,0.001060238,0.0010602262,0.0010547085,0.0010662837,0.0,0.0009896006,0.0,0.0010602257,0.0010466868,0.0,0.0010602251,0.0010466865,0.0010394737,0.0010717867,0.0010602252,0.0010466865,0.0,0.0010602252,0.0010466865,0.0010394732,0.0,0.0010602253,0.0010466867,0.0010394726,0.0010507911,0.0010570817,0.0010692321,0.0010717824,0.0010602252,0.0010466865,0.0010394726,0.0010507911,0.0010570817,0.0010692322,0.001071799,0.0,0.0,0.0010307544,0.0010119254,0.0010676401,0.0010903435,0.0010717853,0.0,0.0010466865,0.0010307544,0.0010214408,0.001032284,0.0011075485,0.0,0.0010602254,0.0,0.0010307544,0.0010119254,0.0010676401,0.0010793185,0.0010717954,0.0,0.0010466865,0.0010307544,0.0010214408,0.001032284,0.001107552,0.0,0.0010602252,0.0010466865,0.0010394726,0.0010507911,0.0010570817,0.0010692327,0.0010717832,0.0010602252,0.0010466865,0.0010394726,0.0010507911,0.0010570817,0.0010692321,0.0,0.0010602253,0.0010466865,0.0010394723,0.0010507911,0.0010570817,0.0010692322,0.0,0.0,0.0010466865,0.0010307544,0.0010214408,0.001032284,0.0011075485,0.0010717846,0.0010602252,0.0,0.0,0.0010602254,0.0010602253,0.0010547086,0.0010718105,0.0,0.0010466867,0.0,0.0010602254,0.0010466865,0.0010676415,0.0010718663,0.0,0.0010602254,0.0010466865,0.0010394726,0.0,0.0010602257,0.0,0.0010602252,0.0,0.0010307546,0.0010119254,0.0010676401,0.0010793223,0.001071786,0.0,0.0010466865,0.0010307546,0.001021441,0.0010322842,0.0011075785,0.0010717901,0.0,0.0,0.0010307544,0.0010119254,0.0010676401,0.001090343,0.0,0.0010602254,0.0010466867,0.0010394726,0.0010507911,0.0010570817,0.0010692321,0.0010718177,0.0010602253,0.0010466865,0.0,0.0010602252,0.0010466865,0.0010394733,0.0010717842,0.0,0.0010466865,0.0010307544,0.0010214408,0.001032284,0.0011075492,0.001071785,0.0,0.0010466867,0.0010307546,0.001021441,0.001032284,0.0011075492,0.0,0.0010602253,0.0010602254,0.0010547083,0.0010662837,0.0,0.000989626,0.0010718054,0.0,0.0010466865,0.0010307544,0.0010214408,0.001032284,0.0011075484,0.0010717869,0.0,0.0,0.0010307544,0.0010119254,0.0010676401,0.0010903444,0.0010718305,0.0010602253,0.0,0.0010307549,0.0010119256,0.00106764,0.0010793218,0.0,0.0010602253,0.0010466865,0.0010394726,0.0010507911,0.0010570817,0.0010692321,0.0,0.0010602253,0.0,0.0010307544,0.0010119254,0.0010676401,0.0010793185,0.0,0.0010602254,0.0010466867,0.0010394726,0.0010507911,0.0010570817,0.0010692322,0.0010717914,0.0010602253,0.0010466867,0.0010394726,0.0010507911,0.0010570817,0.0010692322,0.0,0.0,0.0,0.0010307544,0.0010119254,0.0010676401,0.0010903435,0.0010717822,0.0010602252,0.0,0.0010307544,0.0010119254,0.0010676401,0.001079319,0.0010717892,0.0010602253,0.0010466865,0.0010676401,0.0,0.0010307544,0.0010119255,0.0,0.0010602252,0.0010466865,0.0010394726,0.0010507911,0.0010570817,0.0010692326,0.0,0.0010602252,0.0010466865,0.0010394726,0.0010507911,0.0010570817,0.0010692324,0.0,0.0010602253,0.0010466865,0.0010394726,0.0010507911,0.0010570817,0.0010692334,0.0010717879,0.0010602252,0.0010466865,0.0010394726,0.0010507911,0.0010570817,0.0010692324,0.0,0.0,0.0010466865,0.0010307544,0.0010214408,0.001032284,0.0011075486,0.0,0.0010602252,0.0010466865,0.0010394726,0.0010507911,0.0010570817,0.0010692322,0.0010719378,0.0010602257,0.0010466867,0.0010394724,0.0010507911,0.0010570817,0.0010692338
k__Bacteria|p__Firmicutes|c__Tissierellia|o__Tissierellales|f__Peptoniphilaceae|g__Lagierella|s__Lagierella_massiliensis,0.0,0.0010613503,0.0010476887,0.0010402695,0.0010511918,0.0010570996,0.0010689662,0.0,0.0010613507,0.0010476887,0.0010402695,0.0010511918,0.0010570996,0.0010689663,0.0,0.0,0.0010477068,0.0010316367,0.0010220998,0.0010325407,0.0011080904,0.0010730647,0.0,0.0010476887,0.001031625,0.0010220992,0.0010325407,0.0011080896,0.0,0.0,0.0010476884,0.001031625,0.0010220992,0.0010325407,0.0011080897,0.001073023,0.0010613506,0.0010476887,0.0010402695,0.0010511918,0.0010570996,0.0010689662,0.0,0.0010613513,0.0010476888,0.0010402695,0.0010511918,0.0010570996,0.0010689674,0.0010730231,0.0010613506,0.0010476887,0.0010402695,0.0010511918,0.0010570996,0.0010689662,0.0,0.0010613508,0.0010476896,0.0010402696,0.0010511918,0.0010570996,0.001068967,0.0,0.0010613507,0.0010476887,0.0010402695,0.0010511918,0.0010570996,0.0010689663,0.0,0.0010613507,0.0,0.001031625,0.0010126563,0.0010686903,0.001079986,0.0,0.0010613506,0.0010476887,0.0010402695,0.0010511918,0.0010570996,0.0010689668,0.0,0.0,0.0,0.001031625,0.0010126563,0.0010686903,0.00109113,0.0010730342,0.0010613507,0.0,0.001031625,0.0010126563,0.0010686903,0.0010799922,0.0010731089,0.0,0.0,0.001031625,0.0010126563,0.0010686903,0.0010911297,0.0010730532,0.0,0.0010476884,0.0,0.0010613506,0.0010476887,0.0010686903,0.0010730267,0.0,0.0,0.001031625,0.0010126563,0.0010686903,0.0010911287,0.0,0.0010613522,0.0,0.001031625,0.0010126563,0.0010686903,0.0010799842,0.0,0.0,0.00104769,0.0010613521,0.0,0.001031625,0.0010613508,0.0010730498,0.0010613508,0.0,0.0010316249,0.0010126563,0.0010686903,0.001079984,0.0,0.0,0.0010476889,0.001031625,0.0010220992,0.0010325407,0.00110809,0.0,0.0,0.0010476887,0.0,0.0010613506,0.0010476887,0.0010686903,0.0,0.001061355,0.0,0.0010613507,0.0,0.0010613506,0.0010476888,0.0,0.0,0.0010477075,0.001031628,0.0010220992,0.0010325407,0.00110809,0.0,0.0010613987,0.0010613559,0.0010556367,0.0010668207,0.0,0.0009901905,0.0,0.0010613531,0.0010476899,0.0,0.0010613508,0.0010476888,0.0010402733,0.001073031,0.0010613506,0.0010476887,0.0,0.0010613506,0.0010476887,0.0010402709,0.0,0.0010613506,0.0010476885,0.0010402695,0.0010511918,0.0010570996,0.0010689663,0.001073023,0.0010613506,0.0010476887,0.0010402695,0.0010511918,0.0010570996,0.0010689663,0.0010730547,0.0,0.0,0.001031625,0.0010126563,0.0010686903,0.0010911286,0.0010730292,0.0,0.0010476887,0.001031625,0.0010220992,0.0010325407,0.0011080899,0.0,0.0010613507,0.0,0.001031625,0.0010126563,0.0010686903,0.001079984,0.0010730448,0.0,0.0010476887,0.001031625,0.0010220992,0.0010325407,0.0011080989,0.0,0.0010613506,0.0010476887,0.0010402695,0.0010511918,0.0010570996,0.0010689679,0.0010730239,0.0010613506,0.0010476887,0.0010402695,0.0010511918,0.0010570996,0.0010689662,0.0,0.001061351,0.0010476888,0.0010402695,0.0010511918,0.0010570996,0.0010689666,0.0,0.0,0.0010476887,0.001031625,0.0010220992,0.0010325407,0.0011080897,0.0010730255,0.0010613506,0.0,0.0,0.0010613507,0.0010613507,0.0010556362,0.0010730658,0.0,0.001047689,0.0,0.0010613507,0.0010476884,0.0010686958,0.0010731616,0.0,0.0010613509,0.0010476888,0.0010402695,0.0,0.0010613513,0.0,0.0010613505,0.0,0.001031625,0.0010126563,0.0010686903,0.0010799939,0.0010730298,0.0,0.0010476887,0.001031625,0.0010220992,0.0010325413,0.0011081548,0.0010730423,0.0,0.0,0.001031625,0.0010126563,0.0010686903,0.0010911287,0.0,0.0010613507,0.0010476888,0.0010402695,0.0010511918,0.0010570996,0.0010689663,0.0010730387,0.0010613506,0.0010476888,0.0,0.0010613503,0.0010476887,0.0010402708,0.0010730255,0.0,0.0010476888,0.001031625,0.0010220992,0.0010325407,0.0011080914,0.001073027,0.0,0.0010476888,0.001031625,0.0010220992,0.0010325408,0.0011080919,0.0,0.0010613506,0.0010613509,0.0010556361,0.0010668209,0.0,0.0009902293,0.0010730604,0.0,0.0010476888,0.001031625,0.0010220992,0.0010325407,0.0011080897,0.0010730284,0.0,0.0,0.001031625,0.0010126563,0.0010686903,0.0010911297,0.0010731021,0.0010613516,0.0,0.001031626,0.0010126563,0.0010686904,0.0010799917,0.0,0.0010613505,0.0010476888,0.0010402695,0.0010511918,0.0010570996,0.0010689662,0.0,0.0010613521,0.0,0.001031625,0.0010126563,0.0010686903,0.001079984,0.0,0.0010613505,0.0010476889,0.0010402695,0.0010511918,0.0010570996,0.0010689662,0.0010730401,0.0010613508,0.0010476887,0.0010402699,0.0010511918,0.0010570996,0.0010689667,0.0,0.0,0.0,0.001031625,0.0010126563,0.0010686903,0.0010911294,0.0010730225,0.0010613506,0.0,0.001031625,0.0010126563,0.0010686903,0.001079985,0.0010730361,0.0010613505,0.0010476887,0.0010686903,0.0,0.001031625,0.0010126564,0.0,0.0010613506,0.0010476887,0.0010402695,0.0010511918,0.0010570996,0.0010689673,0.0,0.0010613506,0.0010476887,0.0010402695,0.0010511918,0.0010570996,0.0010689667,0.0,0.0010613512,0.0010476888,0.0010402695,0.0010511918,0.0010570996,0.0010689687,0.0010730334,0.0010613506,0.0010476887,0.0010402695,0.0010511918,0.0010570996,0.0010689668,0.0,0.0,0.0010476887,0.001031625,0.0010220992,0.0010325407,0.00110809,0.0,0.0010613506,0.0010476887,0.0010402695,0.0010511918,0.0010570996,0.0010689663,0.0010732656,0.0010613522,0.0010476887,0.0010402696,0.0010511918,0.0010570996,0.0010689689
k__Bacteria|p__Firmicutes|c__Tissierellia|o__Tissierellales|f__Peptoniphilaceae|g__Anaerococcus|s__Anaerococcus_prevotii,0.0,0.0010585175,0.001044869,0.001037529,0.0010486842,0.0010548045,0.0010668603,0.0,0.0010585176,0.001044869,0.001037529,0.0010486842,0.0010548045,0.0010668599,0.0,0.0,0.0010448837,0.0010288315,0.0010193802,0.0010300482,0.001105797,0.0010702113,0.0,0.001044869,0.0010288233,0.0010193796,0.0010300482,0.0011057963,0.0,0.0,0.001044869,0.0010288233,0.0010193796,0.0010300482,0.0011057961,0.0010701811,0.0010585175,0.001044869,0.001037529,0.0010486842,0.0010548045,0.0010668598,0.0,0.0010585182,0.001044869,0.001037529,0.0010486842,0.0010548045,0.0010668611,0.001070181,0.0010585175,0.001044869,0.001037529,0.0010486842,0.0010548045,0.0010668602,0.0,0.001058518,0.0010448698,0.0010375294,0.0010486842,0.0010548045,0.0010668609,0.0,0.0010585176,0.001044869,0.001037529,0.0010486842,0.0010548045,0.0010668599,0.0,0.0010585176,0.0,0.0010288233,0.0010098792,0.0010659248,0.0010774643,0.0,0.0010585178,0.001044869,0.0010375289,0.0010486842,0.0010548045,0.0010668604,0.0,0.0,0.0,0.0010288233,0.0010098792,0.0010659248,0.0010886067,0.0010701909,0.0010585176,0.0,0.0010288233,0.0010098792,0.0010659248,0.0010774732,0.0010702722,0.0,0.0,0.0010288234,0.0010098792,0.0010659248,0.0010886068,0.001070208,0.0,0.001044869,0.0,0.0010585178,0.001044869,0.0010659248,0.0010701842,0.0,0.0,0.0010288233,0.0010098792,0.0010659248,0.0010886057,0.0,0.0010585194,0.0,0.0010288233,0.0010098792,0.0010659248,0.0010774627,0.0,0.0,0.0010448692,0.0010585191,0.0,0.0010288233,0.001058518,0.0010702,0.001058518,0.0,0.0010288233,0.0010098792,0.0010659248,0.0010774626,0.0,0.0,0.001044869,0.0010288233,0.0010193796,0.0010300482,0.0011057965,0.0,0.0,0.001044869,0.0,0.0010585175,0.001044869,0.0010659248,0.0,0.0010585199,0.0,0.0010585177,0.0,0.0010585175,0.001044869,0.0,0.0,0.0010448823,0.0010288258,0.0010193797,0.0010300482,0.0011057965,0.0,0.0010585642,0.0010585226,0.0010528812,0.0010643041,0.0,0.0009874478,0.0,0.0010585197,0.0010448697,0.0,0.0010585181,0.001044869,0.0010375326,0.0010701853,0.0010585175,0.001044869,0.0,0.0010585175,0.001044869,0.0010375304,0.0,0.001058518,0.001044869,0.0010375289,0.0010486842,0.0010548045,0.0010668602,0.0010701809,0.0010585175,0.001044869,0.001037529,0.0010486842,0.0010548045,0.0010668602,0.0010702097,0.0,0.0,0.0010288233,0.0010098792,0.0010659248,0.0010886057,0.0010701894,0.0,0.001044869,0.0010288233,0.0010193796,0.0010300482,0.0011057964,0.0,0.0010585177,0.0,0.0010288233,0.0010098792,0.0010659248,0.0010774623,0.0010702009,0.0,0.001044869,0.0010288233,0.0010193796,0.0010300482,0.0011058078,0.0,0.0010585178,0.001044869,0.001037529,0.0010486842,0.0010548045,0.0010668616,0.0010701817,0.0010585175,0.001044869,0.001037529,0.0010486842,0.0010548045,0.0010668598,0.0,0.001058518,0.001044869,0.0010375289,0.0010486842,0.0010548045,0.0010668603,0.0,0.0,0.001044869,0.0010288233,0.0010193796,0.0010300482,0.0011057962,0.0010701824,0.0010585175,0.0,0.0,0.001058518,0.0010585176,0.0010528809,0.0010702111,0.0,0.0010448687,0.0,0.0010585177,0.001044869,0.0010659293,0.0010703194,0.0,0.0010585181,0.001044869,0.0010375289,0.0,0.0010585183,0.0,0.0010585175,0.0,0.0010288233,0.0010098792,0.0010659248,0.001077474,0.0010701857,0.0,0.001044869,0.0010288233,0.0010193797,0.0010300488,0.0011058867,0.0010701924,0.0,0.0,0.0010288233,0.0010098792,0.0010659248,0.0010886056,0.0,0.001058518,0.001044869,0.001037529,0.0010486842,0.0010548045,0.0010668602,0.0010701809,0.0010585176,0.001044869,0.0,0.0010585176,0.001044869,0.0010375307,0.0010701839,0.0,0.001044869,0.0010288235,0.0010193796,0.0010300482,0.001105798,0.0010701837,0.0,0.001044869,0.0010288233,0.0010193797,0.0010300482,0.0011057992,0.0,0.001058518,0.0010585181,0.0010528807,0.001064304,0.0,0.0009874855,0.0010702179,0.0,0.001044869,0.0010288233,0.0010193796,0.0010300482,0.0011057961,0.0010701845,0.0,0.0,0.0010288233,0.0010098792,0.0010659248,0.0010886065,0.0010702581,0.001058519,0.0,0.0010288245,0.0010098798,0.0010659249,0.0010774705,0.0,0.0010585177,0.001044869,0.0010375289,0.0010486842,0.0010548045,0.0010668598,0.0,0.0010585185,0.0,0.0010288233,0.0010098792,0.0010659248,0.0010774623,0.0,0.001058518,0.001044869,0.0010375289,0.0010486842,0.0010548045,0.0010668603,0.0010701972,0.001058518,0.001044869,0.0010375294,0.0010486842,0.0010548045,0.0010668606,0.0,0.0,0.0,0.0010288233,0.0010098792,0.0010659248,0.0010886062,0.0010701807,0.0010585175,0.0,0.0010288233,0.0010098792,0.0010659248,0.0010774636,0.0010701884,0.0010585177,0.001044869,0.0010659248,0.0,0.0010288233,0.0010098794,0.0,0.0010585175,0.001044869,0.0010375289,0.0010486842,0.0010548045,0.0010668612,0.0,0.0010585178,0.001044869,0.0010375289,0.0010486842,0.0010548045,0.0010668603,0.0,0.0010585187,0.001044869,0.0010375289,0.0010486842,0.0010548045,0.0010668627,0.0010701923,0.0010585178,0.001044869,0.0010375289,0.0010486842,0.0010548045,0.0010668607,0.0,0.0,0.001044869,0.0010288233,0.0010193796,0.0010300482,0.0011057969,0.0,0.0010585175,0.001044869,0.001037529,0.0010486842,0.0010548045,0.0010668602,0.0010703553,0.0010585189,0.001044869,0.001037529,0.0010486842,0.0010548045,0.0010668631
k__Bacteria|p__Firmicutes|c__Negativicutes|o__Veillonellales|f__Veillonellaceae|g__Veillonella|s__Veillonella_sp_3310,0.0,0.0010621352,0.0010485023,0.0010411089,0.0010520504,0.001057981,0.0010698532,0.0,0.0010621352,0.0010485023,0.0010411089,0.0010520504,0.001057981,0.0010698527,0.0,0.0,0.0010485097,0.0010324703,0.001022969,0.0010334327,0.0011088275,0.0010738282,0.0,0.0010485023,0.0010324676,0.0010229686,0.0010334327,0.0011088265,0.0,0.0,0.0010485023,0.0010324676,0.0010229686,0.0010334327,0.0011088264,0.0010737794,0.0010621351,0.0010485023,0.0010411089,0.0010520504,0.001057981,0.0010698527,0.0,0.0010621359,0.0010485024,0.0010411089,0.0010520504,0.001057981,0.0010698541,0.0010737797,0.0010621351,0.0010485023,0.0010411089,0.0010520504,0.001057981,0.0010698531,0.0,0.0010621353,0.0010485032,0.0010411092,0.0010520504,0.001057981,0.0010698534,0.0,0.0010621352,0.0010485023,0.0010411089,0.0010520504,0.001057981,0.0010698527,0.0,0.0010621352,0.0,0.0010324676,0.0010135277,0.0010694695,0.001080777,0.0,0.0010621351,0.0010485023,0.0010411089,0.0010520504,0.001057981,0.0010698533,0.0,0.0,0.0,0.0010324676,0.0010135277,0.0010694695,0.0010918889,0.0010737957,0.0010621352,0.0,0.0010324676,0.0010135277,0.0010694695,0.0010807867,0.0010739162,0.0,0.0,0.001032468,0.0010135277,0.0010694695,0.001091889,0.00107382,0.0,0.0010485023,0.0,0.0010621351,0.0010485023,0.0010694698,0.0010737843,0.0,0.0,0.0010324676,0.0010135277,0.0010694695,0.0010918874,0.0,0.0010621364,0.0,0.0010324676,0.0010135277,0.0010694695,0.0010807756,0.0,0.0,0.0010485025,0.0010621366,0.0,0.0010324676,0.0010621356,0.0010738038,0.0010621353,0.0,0.0010324676,0.0010135277,0.0010694695,0.0010807747,0.0,0.0,0.0010485024,0.0010324676,0.0010229686,0.0010334327,0.0011088271,0.0,0.0,0.0010485023,0.0,0.0010621351,0.0010485023,0.0010694698,0.0,0.0010621354,0.0,0.0010621353,0.0,0.0010621351,0.0010485024,0.0,0.0,0.001048507,0.0010324687,0.0010229686,0.0010334327,0.0011088264,0.0045780796,0.0010621606,0.0010621377,0.0010564454,0.0010676451,0.0,0.0009910904,0.0,0.0010621371,0.0010485027,0.0,0.0010621353,0.0010485025,0.0010411125,0.0010737845,0.0010621351,0.0010485023,0.0,0.0010621351,0.0010485023,0.0010411107,0.0,0.0010621354,0.0010485024,0.0010411089,0.0010520504,0.001057981,0.0010698528,0.0010737792,0.0010621351,0.0010485023,0.0010411089,0.0010520504,0.001057981,0.0010698527,0.0010738282,0.0,0.0,0.0010324676,0.0010135277,0.0010694695,0.0010918874,0.0010737897,0.0,0.0010485023,0.0010324676,0.0010229686,0.0010334327,0.0011088267,0.0,0.0010621353,0.0,0.0010324676,0.0010135277,0.0010694695,0.0010807749,0.0010738055,0.0,0.0010485023,0.0010324676,0.0010229686,0.0010334327,0.0011088391,0.0,0.0010621351,0.0010485023,0.0010411089,0.0010520504,0.001057981,0.0010698554,0.0010737806,0.0010621351,0.0010485023,0.0010411089,0.0010520504,0.001057981,0.0010698527,0.0,0.0010621356,0.0010485025,0.0010411089,0.0010520504,0.001057981,0.0010698532,0.0,0.0,0.001048502,0.0010324676,0.0010229686,0.0010334327,0.0011088265,0.0010737824,0.0010621351,0.0,0.0,0.0010621353,0.0010621352,0.0010564455,0.00107383,0.0,0.0010485022,0.0,0.0010621353,0.0010485023,0.0010694744,0.0010739816,0.0,0.0010621353,0.0010485025,0.0010411089,0.0,0.0010621361,0.0,0.0010621351,0.0,0.0010324676,0.0010135277,0.0010694695,0.0010807869,0.0010737869,0.0,0.0010485023,0.0010324676,0.0010229686,0.0010334336,0.0011089138,0.0010737939,0.0,0.0,0.0010324676,0.0010135277,0.0010694695,0.0010918872,0.0,0.0010621353,0.0010485024,0.0010411089,0.0010520504,0.001057981,0.0010698527,0.0010737972,0.0010621352,0.0010485025,0.0,0.0010621353,0.0010485023,0.0010411104,0.0010737843,0.0,0.0010485025,0.0010324679,0.0010229686,0.0010334327,0.0011088287,0.0010737841,0.0,0.0010485024,0.0010324679,0.0010229686,0.0010334329,0.0011088302,0.0,0.0010621352,0.0010621354,0.0010564453,0.0010676451,0.0,0.0009911256,0.0010738424,0.0,0.0010485025,0.0010324676,0.0010229686,0.0010334327,0.0011088264,0.0010737852,0.0,0.0,0.0010324676,0.0010135277,0.0010694695,0.0010918886,0.0010738968,0.0010621365,0.0,0.0010324687,0.0010135283,0.0010694697,0.0010807851,0.0,0.0010621353,0.0010485025,0.0010411089,0.0010520504,0.001057981,0.0010698527,0.0,0.0010621351,0.0,0.0010324676,0.0010135277,0.0010694695,0.0010807749,0.0,0.0010621353,0.0010485024,0.0010411089,0.0010520504,0.001057981,0.001069853,0.0010738042,0.0010621352,0.0010485024,0.001041109,0.0010520504,0.001057981,0.0010698535,0.0,0.0,0.0,0.0010324676,0.0010135277,0.0010694695,0.0010918878,0.0010737791,0.0010621351,0.0,0.0010324676,0.0010135277,0.0010694695,0.0010807763,0.0010737934,0.0010621353,0.0010485023,0.0010694695,0.0,0.0010324676,0.0010135279,0.0,0.0010621351,0.0010485023,0.0010411089,0.0010520504,0.001057981,0.0010698542,0.0,0.0010621351,0.0010485023,0.0010411089,0.0010520504,0.001057981,0.0010698531,0.0,0.001062136,0.0010485025,0.0010411089,0.0010520504,0.001057981,0.001069856,0.0010737954,0.0010621351,0.0010485023,0.0010411089,0.0010520504,0.001057981,0.0010698535,0.0,0.0,0.0010485023,0.0010324676,0.0010229686,0.0010334327,0.0011088272,0.0,0.0010621351,0.0010485023,0.0010411089,0.0010520504,0.001057981,0.0010698527,0.0010740135,0.001062136,0.0010485022,0.0010411089,0.0010520504,0.001057981,0.0010698562
k__Bacteria|p__Firmicutes|c__Clostridia|o__Eubacteriales|f__Lachnospiraceae|g__Lachnospira|s__Lachnospira_sp_NSJ_43,0.0,0.0010603212,0.0010466585,0.0010392603,0.0010502528,0.0010562239,0.0010681496,0.0,0.0010603213,0.0010466585,0.0010392603,0.0010502528,0.0010562239,0.0010681495,0.0,0.0,0.0010466645,0.0010305996,0.0010210916,0.0010316008,0.0011072394,0.001072,0.0,0.0010466585,0.0010305956,0.0010210912,0.0010316008,0.001107239,0.0,0.0,0.0010466585,0.0010305956,0.0010210912,0.0010316008,0.001107239,0.0010719955,0.0010603212,0.0010466585,0.0010392603,0.0010502528,0.0010562239,0.0010681496,0.0,0.0010603218,0.0010466586,0.0010392603,0.0010502528,0.0010562239,0.0010681497,0.0010719954,0.0010603212,0.0010466585,0.0010392603,0.0010502528,0.0010562239,0.0010681496,0.0,0.0010603215,0.001046659,0.0010392604,0.0010502528,0.0010562239,0.0010681498,0.0,0.0010603213,0.0010466585,0.0010392603,0.0010502528,0.0010562239,0.0010681496,0.0,0.0010603213,0.0,0.0010305956,0.0010116297,0.0010676833,0.0010790529,0.0,0.0010603212,0.0010466585,0.0010392603,0.0010502528,0.0010562239,0.0010681498,0.0,0.0,0.0,0.0010305956,0.0010116297,0.0010676833,0.0010902033,0.0010719966,0.0010603213,0.0,0.0010305956,0.0010116297,0.0010676833,0.0010790563,0.0010720218,0.0,0.0,0.0010305956,0.0010116297,0.0010676833,0.0010902032,0.001072001,0.0,0.0010466585,0.0,0.0010603212,0.0010466585,0.0010676833,0.0010719963,0.0,0.0,0.0010305956,0.0010116297,0.0010676833,0.001090202,0.0,0.001060322,0.0,0.0010305956,0.0010116297,0.0010676833,0.0010790521,0.0,0.0,0.0010466591,0.0010603222,0.0,0.0010305956,0.0010603215,0.001072004,0.0010603215,0.0,0.0010305955,0.0010116297,0.0010676833,0.001079052,0.0,0.0,0.0010466587,0.0010305956,0.0010210912,0.0010316008,0.0011072394,0.0,0.0,0.0010466585,0.0,0.0010603212,0.0010466585,0.0010676833,0.0,0.0010603224,0.0,0.0010603215,0.0,0.0010603212,0.0010466586,0.0,0.0,0.0010466672,0.0010305968,0.0010210912,0.0010316008,0.0011072393,0.0,0.0010603323,0.0010603225,0.0010546276,0.0010658847,0.0,0.0009891632,0.0,0.0010603225,0.0010466591,0.0,0.0010603215,0.0010466586,0.0010392617,0.001071996,0.0010603212,0.0010466585,0.0,0.0010603212,0.0010466585,0.001039261,0.0,0.0010603215,0.0010466586,0.0010392603,0.0010502528,0.0010562239,0.0010681495,0.0010719954,0.0010603212,0.0010466585,0.0010392603,0.0010502528,0.0010562239,0.0010681496,0.0010720057,0.0,0.0,0.0010305956,0.0010116297,0.0010676833,0.0010902022,0.0010719979,0.0,0.0010466585,0.0010305956,0.0010210912,0.0010316008,0.0011072393,0.0,0.0010603215,0.0,0.0010305956,0.0010116297,0.0010676833,0.0010790522,0.0010719972,0.0,0.0010466585,0.0010305956,0.0010210912,0.0010316008,0.0011072422,0.0,0.0010603212,0.0010466585,0.0010392603,0.0010502528,0.0010562239,0.0010681506,0.0010719952,0.0010603212,0.0010466585,0.0010392603,0.0010502528,0.0010562239,0.0010681496,0.0,0.0010603216,0.0010466586,0.0010392603,0.0010502528,0.0010562239,0.0010681496,0.0,0.0,0.0010466585,0.0010305956,0.0010210912,0.0010316008,0.001107239,0.0010719951,0.0010603212,0.0,0.0,0.0010603215,0.0010603213,0.0010546276,0.0010720004,0.0,0.0010466587,0.0,0.0010603215,0.0010466585,0.0010676846,0.0010720316,0.0,0.0010603215,0.0010466586,0.0010392603,0.0,0.0010603217,0.0,0.0010603212,0.0,0.0010305956,0.0010116297,0.0010676833,0.0010790544,0.0010719971,0.0,0.0010466585,0.0010305956,0.0010210912,0.001031601,0.0011072699,0.0010719997,0.0,0.0,0.0010305956,0.0010116297,0.0010676833,0.001090202,0.0,0.0010603215,0.0010466586,0.0010392603,0.0010502528,0.0010562239,0.0010681495,0.0010719802,0.0010603213,0.0010466586,0.0,0.0010603213,0.0010466585,0.0010392609,0.0010719963,0.0,0.0010466586,0.0010305956,0.0010210912,0.0010316008,0.00110724,0.001071996,0.0,0.0010466586,0.0010305956,0.0010210912,0.0010316008,0.0011072402,0.0,0.0010603213,0.0010603215,0.0010546274,0.0010658845,0.0,0.0009891911,0.0010720053,0.0,0.0010466586,0.0010305956,0.0010210912,0.0010316008,0.0011072393,0.0010719963,0.0,0.0,0.0010305956,0.0010116297,0.0010676833,0.0010902032,0.0010720168,0.0010603217,0.0,0.0010305961,0.0010116299,0.0010676833,0.0010790562,0.0,0.0010603215,0.0010466586,0.0010392603,0.0010502528,0.0010562239,0.0010681496,0.0,0.0010603217,0.0,0.0010305956,0.0010116297,0.0010676833,0.001079052,0.0,0.0010603213,0.0010466587,0.0010392603,0.0010502528,0.0010562239,0.0010681497,0.0010720001,0.0010603213,0.0010466586,0.0010392604,0.0010502528,0.0010562239,0.0010681497,0.0,0.0,0.0,0.0010305956,0.0010116297,0.0010676833,0.0010902025,0.0010719954,0.0010603212,0.0,0.0010305956,0.0010116297,0.0010676833,0.0010790526,0.001071998,0.0010603215,0.0010466585,0.0010676833,0.0,0.0010305956,0.0010116298,0.0,0.0010603212,0.0010466585,0.0010392603,0.0010502528,0.0010562239,0.00106815,0.0,0.0010603212,0.0010466585,0.0010392603,0.0010502528,0.0010562239,0.0010681496,0.0,0.0010603215,0.0010466586,0.0010392603,0.0010502528,0.0010562239,0.0010681506,0.0010719986,0.0010603212,0.0010466585,0.0010392603,0.0010502528,0.0010562239,0.0010681498,0.0,0.0,0.0010466585,0.0010305956,0.0010210912,0.0010316008,0.0011072395,0.0,0.0010603212,0.0010466585,0.0010392603,0.0010502528,0.0010562239,0.0010681496,0.0010720334,0.0010603219,0.0010466586,0.0010392603,0.0010502528,0.0010562239,0.0010681509
k__Bacteria|p__Firmicutes|c__CFGB3012|o__OFGB3012|f__FGB3012|g__GGB9480|s__GGB9480_SGB14875,0.0,0.0010583567,0.0010446938,0.0010373369,0.001048467,0.0010545613,0.0010666016,0.0,0.001058357,0.0010446938,0.0010373369,0.001048467,0.0010545613,0.0010666015,0.0,0.0,0.0010447034,0.0010286391,0.0010191725,0.0010298142,0.0011056195,0.0010700582,0.0,0.0010446938,0.0010286338,0.001019172,0.0010298142,0.0011056194,0.0,0.0,0.0010446938,0.0010286338,0.001019172,0.0010298142,0.0011056194,0.0010700336,0.0010583568,0.0010446938,0.0010373369,0.001048467,0.0010545613,0.0010666015,0.0,0.0010583573,0.0010446939,0.0010373369,0.001048467,0.0010545613,0.001066602,0.0010700335,0.0010583568,0.0010446938,0.0010373369,0.001048467,0.0010545613,0.0010666015,0.0,0.0010583571,0.0010446941,0.001037337,0.001048467,0.0010545613,0.0010666021,0.0,0.001058357,0.0010446938,0.0010373369,0.001048467,0.0010545613,0.0010666015,0.0,0.001058357,0.0,0.0010286338,0.0010096745,0.0010657617,0.001077278,0.0,0.0010583568,0.0010446938,0.0010373369,0.001048467,0.0010545613,0.0010666016,0.0,0.0,0.0,0.0010286338,0.0010096745,0.0010657617,0.0010884356,0.0010700412,0.001058357,0.0,0.0010286338,0.0010096745,0.0010657617,0.001077282,0.0010700985,0.0,0.0,0.0010286338,0.0010096745,0.0010657617,0.0010884354,0.0010700526,0.0,0.0010446938,0.0,0.0010583568,0.0010446938,0.0010657618,0.0010700357,0.0,0.0,0.0010286338,0.0010096745,0.0010657617,0.0010884352,0.0,0.0010583579,0.0,0.0010286338,0.0010096745,0.0010657617,0.0010772769,0.0,0.0,0.0010446943,0.0010583581,0.0,0.0010286338,0.0010583571,0.0010700495,0.0010583571,0.0,0.0010286337,0.0010096745,0.0010657617,0.0010772767,0.0,0.0,0.001044694,0.0010286338,0.001019172,0.0010298142,0.0011056195,0.0,0.0,0.0010446938,0.0,0.0010583568,0.0010446938,0.0010657615,0.0,0.0010583575,0.0,0.0010583571,0.0,0.0010583568,0.0010446939,0.0,0.0,0.0010447057,0.001028635,0.0010191721,0.0010298142,0.0011056194,0.0,0.0010583809,0.0010583594,0.0010527036,0.0010641029,0.0,0.0009872228,0.0,0.0010583581,0.0010446942,0.0,0.0010583571,0.0010446938,0.0010373384,0.0010700377,0.0010583568,0.0010446938,0.0,0.0010583568,0.0010446938,0.0010373375,0.0,0.001058357,0.0010446939,0.0010373369,0.001048467,0.0010545613,0.0010666015,0.0010700338,0.0010583568,0.0010446938,0.0010373369,0.001048467,0.0010545613,0.0010666015,0.0010700576,0.0,0.0,0.0010286338,0.0010096745,0.0010657617,0.0010884352,0.0010700395,0.0,0.0010446938,0.0010286338,0.001019172,0.0010298142,0.0011056194,0.0,0.0010583571,0.0,0.0010286338,0.0010096745,0.0010657617,0.0010772768,0.0010700452,0.0,0.0010446938,0.0010286338,0.001019172,0.0010298142,0.0011056237,0.0,0.0010583568,0.0010446938,0.0010373369,0.001048467,0.0010545613,0.0010666025,0.0010700345,0.0010583568,0.0010446938,0.0010373369,0.001048467,0.0010545613,0.0010666015,0.0,0.0010583572,0.0010446938,0.0010373369,0.001048467,0.0010545613,0.0010666016,0.0,0.0,0.0010446938,0.0010286338,0.001019172,0.0010298142,0.0011056195,0.0010700347,0.0010583568,0.0,0.0,0.0010583571,0.001058357,0.0010527032,0.0010700576,0.0,0.0010446939,0.0,0.0010583571,0.0010446938,0.001065763,0.0010701278,0.0,0.0010583571,0.0010446938,0.0010373369,0.0,0.0010583573,0.0,0.0010583568,0.0,0.0010286338,0.0010096745,0.0010657617,0.0010772812,0.0010700382,0.0,0.0010446938,0.0010286338,0.0010191721,0.0010298145,0.0011056571,0.0010700434,0.0,0.0,0.0010286338,0.0010096745,0.0010657617,0.0010884351,0.0,0.0010583571,0.0010446939,0.0010373369,0.001048467,0.0010545613,0.0010666015,0.001070048,0.001058357,0.0010446938,0.0053716744,0.0010583567,0.0010446938,0.0010373377,0.001070036,0.0,0.0010446938,0.0010286338,0.001019172,0.0010298142,0.0011056201,0.0010700357,0.0,0.0010446939,0.0010286337,0.0010191721,0.0010298142,0.0011056205,0.0,0.001058357,0.0010583571,0.0010527034,0.0010641029,0.0,0.000987254,0.0010700623,0.0,0.0010446938,0.0010286338,0.001019172,0.0010298142,0.0011056194,0.0010700363,0.0,0.0,0.0010286338,0.0010096745,0.0010657617,0.0010884355,0.0010700965,0.0010583574,0.0,0.0010286344,0.0010096751,0.0010657617,0.001077281,0.0,0.0010583568,0.0010446938,0.0010373369,0.001048467,0.0010545613,0.0010666015,0.0,0.0010583573,0.0,0.0010286338,0.0010096745,0.0010657617,0.0010772768,0.0,0.001058357,0.001044694,0.0010373369,0.001048467,0.0010545613,0.0010666016,0.0010700434,0.001058357,0.0010446938,0.001037337,0.001048467,0.0010545613,0.0010666016,0.0,0.0,0.0,0.0010286338,0.0010096745,0.0010657617,0.0010884352,0.0010700334,0.0010583568,0.0,0.0010286338,0.0010096745,0.0010657617,0.0010772775,0.0010700397,0.0010583568,0.0010446938,0.0010657617,0.0,0.0010286338,0.0010096747,0.0,0.0010583568,0.0010446938,0.0010373369,0.001048467,0.0010545613,0.001066602,0.0,0.0010583568,0.0010446938,0.0010373369,0.001048467,0.0010545613,0.0010666016,0.0,0.0010583573,0.0010446938,0.0010373369,0.001048467,0.0010545613,0.001066603,0.0010700411,0.0010583568,0.0010446938,0.0010373369,0.001048467,0.0010545613,0.0010666017,0.0,0.0,0.0010446938,0.0010286338,0.001019172,0.0010298142,0.0011056195,0.0,0.0010583568,0.0010446938,0.0010373369,0.001048467,0.0010545613,0.0010666015,0.0010701516,0.0010583574,0.0010446938,0.0010373369,0.001048467,0.0010545613,0.0010666031
k__Bacteria|p__Firmicutes|c__CFGB14224|o__OFGB14224|f__FGB14224|g__GGB38873|s__GGB38873_SGB47522,0.0,0.0010592479,0.0010456521,0.0010383748,0.0010496156,0.0010558234,0.0010679304,0.0,0.001059248,0.0010456521,0.0010383748,0.0010496156,0.0010558234,0.0010679303,0.0,0.0,0.001045662,0.0010296667,0.0010202829,0.0010310414,0.0011065651,0.0010708869,0.0,0.0010456521,0.0010296614,0.0010202824,0.0010310414,0.0011065645,0.0,0.0,0.0010456521,0.0010296614,0.0010202824,0.0010310414,0.0011065642,0.0010708603,0.001059248,0.0010456521,0.0010383748,0.0010496156,0.0010558234,0.0010679303,0.0,0.0010592482,0.0010456522,0.0010383748,0.0010496156,0.0010558234,0.0010679308,0.0010708601,0.001059248,0.0010456521,0.0010383748,0.0010496156,0.0010558234,0.0010679303,0.0,0.0010592481,0.0010456525,0.001038375,0.0010496156,0.0010558234,0.0010679311,0.0,0.001059248,0.0010456521,0.0010383748,0.0010496156,0.0010558234,0.0010679303,0.0,0.001059248,0.0,0.0010296614,0.0010107729,0.0010666609,0.0010782751,0.0,0.001059248,0.0010456521,0.0010383748,0.0010496156,0.0010558234,0.001067931,0.0,0.0,0.0,0.0010296614,0.0010107729,0.0010666609,0.001089363,0.0010708686,0.001059248,0.0,0.0010296614,0.0010107729,0.0010666609,0.0010782831,0.0010709383,0.0,0.0,0.0010296614,0.0010107729,0.0010666609,0.001089362,0.0010708825,0.0,0.0010456521,0.0,0.001059248,0.0010456521,0.0010666607,0.0010708633,0.0,0.0,0.0010296614,0.0010107729,0.0010666609,0.0010893602,0.0,0.0010592489,0.0,0.0010296614,0.0010107729,0.0010666609,0.0010782736,0.0,0.0,0.0010456524,0.0010592492,0.0,0.0010296614,0.0010592481,0.0010708818,0.0010592481,0.0,0.0010296613,0.0010107729,0.0010666609,0.0010782733,0.0,0.0,0.0010456522,0.0010296614,0.0010202824,0.0010310414,0.0011065647,0.0,0.0,0.0010456521,0.0,0.001059248,0.0010456521,0.0010666607,0.0,0.0010592497,0.0,0.0010592481,0.0,0.001059248,0.0010456522,0.0,0.0,0.0010456627,0.0010296631,0.0010202824,0.0010310414,0.0011065651,0.0,0.0010592745,0.0010592507,0.0010536709,0.0010651741,0.0,0.0009883957,0.0,0.0010592494,0.0010456527,0.0,0.0010592479,0.0010456522,0.0010383774,0.0010708644,0.001059248,0.0010456521,0.0,0.001059248,0.0010456521,0.0010383762,0.0,0.0010592481,0.0010456522,0.0010383748,0.0010496156,0.0010558234,0.0010679303,0.00107086,0.001059248,0.0010456521,0.0010383748,0.0010496156,0.0010558234,0.0010679303,0.0010708871,0.0,0.0,0.0010296614,0.0010107729,0.0010666609,0.0010893599,0.0010708671,0.0,0.0010456521,0.0010296614,0.0010202824,0.0010310414,0.0011065644,0.0,0.0010592481,0.0,0.0010296614,0.0010107729,0.0010666609,0.0010782732,0.0010708745,0.0,0.0010456521,0.0010296614,0.0010202824,0.0010310414,0.0011065727,0.0,0.001059248,0.0010456521,0.0010383748,0.0010496156,0.0010558234,0.0010679323,0.001070861,0.001059248,0.0010456521,0.0010383748,0.0010496156,0.0010558234,0.0010679303,0.0,0.0010592483,0.0010456522,0.0010383748,0.0010496156,0.0010558234,0.0010679304,0.0,0.0,0.0010456521,0.0010296614,0.0010202824,0.0010310414,0.0011065645,0.0010708618,0.001059248,0.0,0.0,0.0010592481,0.001059248,0.0010536712,0.0010708892,0.0,0.001045652,0.0,0.0010592481,0.0010456521,0.0010666635,0.0010709759,0.0,0.0010592481,0.0010456522,0.0010383748,0.0,0.0010592489,0.0,0.0010592479,0.0,0.0010296614,0.0010107729,0.0010666607,0.0010782798,0.001070865,0.0,0.0010456521,0.0010296614,0.0010202824,0.0010310418,0.0011066446,0.001070872,0.0,0.0,0.0010296614,0.0010107729,0.0010666609,0.0010893595,0.0,0.0010592481,0.0010456522,0.0010383748,0.0010496156,0.0010558234,0.0010679303,0.001070867,0.001059248,0.0010456522,0.0,0.001059248,0.0010456521,0.001038376,0.0010708632,0.0,0.0010456522,0.0010296614,0.0010202824,0.0010310414,0.0011065671,0.0010708635,0.0052992664,0.0010456522,0.0010296614,0.0010202824,0.0010310414,0.0011065669,0.0,0.001059248,0.0010592481,0.0010536707,0.001065174,0.0,0.0009884363,0.0010708943,0.0,0.0010456522,0.0010296614,0.0010202824,0.0010310414,0.0011065642,0.0010708651,0.0,0.0,0.0010296614,0.0010107729,0.0010666609,0.0010893623,0.001070927,0.0010592488,0.0,0.0010296622,0.0010107734,0.0010666609,0.0010782819,0.0,0.001059248,0.0010456522,0.0010383748,0.0010496156,0.0010558234,0.0010679303,0.0,0.0010592483,0.0,0.0010296614,0.0010107729,0.0010666609,0.0010782732,0.0,0.001059248,0.0010456522,0.0010383748,0.0010496156,0.0010558234,0.0010679304,0.0010708752,0.001059248,0.0010456522,0.001038375,0.0010496156,0.0010558234,0.0010679307,0.0,0.0,0.0,0.0010296614,0.0010107729,0.0010666609,0.0010893604,0.0010708598,0.001059248,0.0,0.0010296614,0.0010107729,0.0010666609,0.0010782743,0.0010708689,0.001059248,0.0010456521,0.0010666609,0.0,0.0010296614,0.0010107731,0.0,0.001059248,0.0010456521,0.0010383748,0.0010496156,0.0010558234,0.0010679313,0.0,0.001059248,0.0010456521,0.0010383748,0.0010496156,0.0010558234,0.0010679306,0.0,0.0010592485,0.0010456522,0.0010383748,0.0010496156,0.0010558234,0.0010679334,0.0010708697,0.001059248,0.0010456521,0.0010383748,0.0010496156,0.0010558234,0.0010679311,0.0,0.0,0.0010456521,0.0010296614,0.0010202824,0.0010310414,0.0011065649,0.0,0.001059248,0.0010456521,0.0010383748,0.0010496156,0.0010558234,0.0010679303,0.001071019,0.0010592488,0.0010456522,0.0010383748,0.0010496156,0.0010558234,0.0010679341
k__Bacteria|p__Firmicutes|c__Bacilli|o__Lactobacillales|f__Lactobacillaceae|g__Lactobacillus|s__Lactobacillus_helveticus,0.0,0.0010597784,0.0010461736,0.0010388722,0.0010500526,0.0010562044,0.0010682647,0.0,0.0010597786,0.0010461736,0.0010388722,0.0010500526,0.0010562044,0.0010682647,0.0,0.0,0.0010461926,0.0010301867,0.0010207696,0.0010314682,0.0011069744,0.0010714313,0.0,0.0010461739,0.0010301729,0.0010207684,0.0010314682,0.0011069735,0.0,0.0,0.0010461739,0.0010301729,0.0010207684,0.0010314682,0.0011069735,0.0010713986,0.0010597785,0.0010461736,0.0010388722,0.0010500526,0.0010562044,0.0010682642,0.0,0.0010597794,0.0010461739,0.0010388722,0.0010500526,0.0010562044,0.0010682651,0.0010713985,0.0010597785,0.0010461736,0.0010388722,0.0010500526,0.0010562044,0.0010682646,0.0,0.0010597788,0.0010461744,0.0010388724,0.0010500526,0.0010562044,0.001068265,0.0,0.0010597786,0.0010461736,0.0010388722,0.0010500526,0.0010562044,0.0010682644,0.0,0.0010597786,0.0,0.0010301729,0.0010112728,0.0010671759,0.0010787294,0.0,0.0010597785,0.0010461736,0.0010388722,0.0010500526,0.0010562044,0.0010682651,0.0,0.0,0.0,0.0010301729,0.0010112728,0.0010671759,0.001089823,0.0010714062,0.0010597786,0.0,0.0010301729,0.0010112728,0.0010671759,0.0010787359,0.0010714724,0.0,0.0,0.0010301729,0.0010112728,0.0010671759,0.0010898224,0.0010714205,0.0,0.0010461739,0.0,0.0010597785,0.0010461736,0.0010671761,0.0010714016,0.0,0.0,0.0010301729,0.0010112728,0.0010671759,0.0010898205,0.0,0.0010597804,0.0,0.0010301729,0.0010112728,0.0010671759,0.0010787274,0.0,0.0,0.0010461756,0.0010597801,0.0,0.0010301729,0.0010597785,0.0010714296,0.0010597788,0.0,0.0010301728,0.0010112728,0.0010671759,0.0010787272,0.0,0.0,0.001046174,0.0010301729,0.0010207684,0.0010314682,0.0011069741,0.0,0.0,0.0010461739,0.0,0.0010597785,0.0010461736,0.0010671761,0.0,0.0010597842,0.0,0.0010597787,0.0,0.0010597785,0.001046174,0.0,0.0,0.0010461983,0.0010301768,0.0010207688,0.0010314682,0.0011069746,0.0,0.0010598236,0.0010597836,0.0010541786,0.0010656201,0.0,0.0009888826,0.0,0.0010597819,0.0010461754,0.0,0.0010597788,0.001046174,0.0010388754,0.0010714048,0.0010597785,0.0010461736,0.0,0.0010597785,0.0010461736,0.0010388737,0.0,0.0010597786,0.001046174,0.0010388722,0.0010500526,0.0010562044,0.0010682646,0.0010713984,0.0010597785,0.0010461736,0.0010388722,0.0010500526,0.0010562044,0.0010682647,0.00107143,0.0,0.0,0.0010301729,0.0010112728,0.0010671759,0.0010898205,0.0010714039,0.0,0.0010461736,0.0010301729,0.0010207684,0.0010314682,0.0011069741,0.0,0.0010597787,0.0,0.0010301729,0.0010112728,0.0010671759,0.0010787271,0.0010714136,0.0,0.0010461736,0.0010301729,0.0010207684,0.0010314682,0.0011069818,0.0,0.0010597785,0.0010461736,0.0010388722,0.0010500526,0.0010562044,0.0010682667,0.0010713988,0.0010597785,0.0010461736,0.0010388722,0.0010500526,0.0010562044,0.0010682642,0.0,0.0010597792,0.001046174,0.0010388723,0.0010500526,0.0010562044,0.0010682647,0.0,0.0,0.0010461739,0.0010301729,0.0010207684,0.0010314682,0.0011069739,0.0010714005,0.0010597785,0.0,0.0,0.0010597787,0.0010597786,0.0010541786,0.0010714359,0.0,0.0010461742,0.0,0.0010597787,0.0010461739,0.0010671794,0.0010715075,0.0,0.0010597785,0.001046174,0.0010388722,0.0,0.0010597792,0.0,0.0010597785,0.0,0.0010301729,0.0010112728,0.0010671759,0.0010787327,0.0010714054,0.0,0.0010461739,0.0010301729,0.0010207688,0.0010314687,0.0011070329,0.0010714199,0.0,0.0,0.0010301729,0.0010112728,0.0010671759,0.0010898204,0.0,0.0010597787,0.001046174,0.0010388722,0.0010500526,0.0010562044,0.0010682647,0.0010713938,0.0010597785,0.0010461736,0.0,0.0010597784,0.0010461739,0.0010388735,0.001071401,0.0,0.001046174,0.0010301728,0.0010207684,0.0010314682,0.0011069763,0.0010714028,0.0,0.001046174,0.0010301728,0.0010207688,0.0010314683,0.001106976,0.0,0.0010597785,0.0010597785,0.0010541779,0.0010656203,0.0,0.0009889293,0.0010714349,0.0,0.001046174,0.0010301729,0.0010207684,0.0010314682,0.0011069735,0.0010714036,0.0,0.0,0.0010301729,0.0010112728,0.0010671759,0.0010898225,0.0010714626,0.0010597794,0.0,0.0010301739,0.001011273,0.0010671762,0.0010787362,0.0,0.0010597785,0.001046174,0.0010388722,0.0010500526,0.0010562044,0.0010682646,0.0,0.00105978,0.0,0.0010301729,0.0010112728,0.0010671759,0.0010787271,0.0,0.0010597785,0.001046174,0.0010388722,0.0010500526,0.0010562044,0.0010682646,0.0010714135,0.0010597784,0.0010461739,0.0010388725,0.0010500526,0.0010562044,0.0010682648,0.0,0.0,0.0,0.0010301729,0.0010112728,0.0010671759,0.001089821,0.0010713983,0.0010597785,0.0,0.0010301729,0.0010112728,0.0010671759,0.0010787282,0.0010714137,0.0010597785,0.0010461736,0.0010671759,0.0,0.0010301729,0.0010112729,0.0,0.0010597785,0.0010461739,0.0010388723,0.0010500526,0.0010562044,0.0010682656,0.0,0.0010597785,0.0010461739,0.0010388722,0.0010500526,0.0010562044,0.0010682647,0.0,0.0010597792,0.001046174,0.0010388722,0.0010500526,0.0010562044,0.0010682665,0.0010714073,0.0010597785,0.0010461739,0.0010388722,0.0010500526,0.0010562044,0.0010682652,0.0,0.0,0.0010461736,0.0010301729,0.0010207684,0.0010314682,0.0011069739,0.0,0.0010597785,0.0010461736,0.0010388722,0.0010500526,0.0010562044,0.0010682647,0.0010715965,0.0010597806,0.0010461739,0.0010388724,0.0010500526,0.0010562048,0.0010682676
k__Bacteria|p__Firmicutes|c__Clostridia|o__Eubacteriales|f__Lachnospiraceae|g__GGB3424|s__GGB3424_SGB4551,0.0,0.0010610857,0.0010475221,0.0010402531,0.0010514467,0.0010576193,0.0010696747,0.0,0.001061086,0.0010475221,0.0010402531,0.0010514467,0.0010576193,0.0010696747,0.0,0.0,0.0010475277,0.0010315668,0.0010221918,0.0010329103,0.0011081791,0.0010726608,0.0,0.0010475221,0.0010315625,0.0010221917,0.0010329103,0.001108179,0.0,0.0,0.0010475221,0.0010315625,0.0010221917,0.0010329103,0.001108179,0.0010726653,0.0010610858,0.0010475221,0.0010402531,0.0010514467,0.0010576193,0.0010696747,0.0,0.001061086,0.0010475222,0.0010402531,0.0010514467,0.0010576193,0.0010696752,0.0010726654,0.0010610858,0.0010475221,0.0010402531,0.0010514467,0.0010576193,0.0010696747,0.0,0.001061086,0.0010475225,0.0010402532,0.0010514467,0.0010576193,0.0010696751,0.0,0.001061086,0.0010475221,0.0010402531,0.0010514467,0.0010576193,0.0010696747,0.0,0.001061086,0.0,0.0010315625,0.0010127026,0.0010684718,0.0010800252,0.0,0.0010610858,0.0010475221,0.0010402531,0.0010514467,0.0010576193,0.001069675,0.0,0.0,0.0,0.0010315625,0.0010127026,0.0010684715,0.0010910708,0.0010726631,0.001061086,0.0,0.0010315625,0.0010127026,0.0010684718,0.0010800252,0.0010726496,0.0,0.0,0.0010315625,0.0010127026,0.0010684718,0.0010910707,0.0010726611,0.0,0.0010475224,0.0,0.0010610858,0.0010475221,0.0010684715,0.0010726642,0.0,0.0,0.0010315625,0.0010127026,0.0010684718,0.001091071,0.0,0.0010610861,0.0,0.0010315625,0.0010127026,0.0010684718,0.0010800245,0.0,0.0,0.0010475226,0.001061086,0.0,0.0010315625,0.0010610858,0.0010726643,0.001061086,0.0,0.0010315625,0.0010127026,0.0010684718,0.0010800246,0.0,0.0,0.0010475223,0.0010315625,0.0010221917,0.0010329103,0.0011081791,0.0,0.0,0.0010475221,0.0,0.0010610858,0.0010475221,0.0010684715,0.0,0.0010610868,0.0,0.001061086,0.0,0.0010610858,0.0010475221,0.0,0.0,0.0010475281,0.0010315628,0.0010221917,0.0010329103,0.0011081788,0.0,0.0010610877,0.0010610864,0.0010555157,0.0010669655,0.0,0.0009903426,0.0,0.001061086,0.0010475223,0.0,0.0010610861,0.0010475223,0.0010402541,0.0010726657,0.0010610858,0.0010475221,0.0,0.0010610858,0.0010475221,0.0010402532,0.0,0.001061086,0.0010475221,0.0010402531,0.0010514467,0.0010576193,0.0010696749,0.0010726654,0.0010610858,0.0010475221,0.0010402531,0.0010514467,0.0010576193,0.0010696747,0.0010726595,0.0,0.0,0.0010315625,0.0010127026,0.0010684718,0.0010910709,0.0010726631,0.0,0.0010475221,0.0010315625,0.0010221917,0.0010329103,0.001108179,0.0,0.001061086,0.0,0.0010315625,0.0010127026,0.0010684718,0.0010800243,0.0010726635,0.0,0.0010475221,0.0010315625,0.0010221917,0.0010329103,0.001108179,0.0,0.0010610858,0.0010475221,0.0010402531,0.0010514467,0.0010576193,0.0010696751,0.0010726652,0.0010610858,0.0010475221,0.0010402531,0.0010514467,0.0010576193,0.0010696747,0.0,0.0010610861,0.0010475223,0.0010402531,0.0010514467,0.0010576193,0.0010696747,0.0,0.0,0.0010475224,0.0010315625,0.0010221917,0.0010329103,0.001108179,0.0010726646,0.0010610858,0.0,0.0,0.001061086,0.001061086,0.0010555157,0.0010726595,0.0,0.0010475223,0.0,0.001061086,0.0010475221,0.0010684732,0.0010726493,0.0,0.0010610858,0.0010475223,0.0010402531,0.0,0.001061086,0.0,0.0010610857,0.0,0.0010315625,0.0010127026,0.0010684715,0.0010800273,0.001072665,0.0,0.0010475221,0.0010315625,0.0010221917,0.0010329103,0.0011081853,0.0010726671,0.0,0.0,0.0010315625,0.0010127026,0.0010684718,0.0010910709,0.0,0.001061086,0.0010475221,0.0010402531,0.0010514467,0.0010576193,0.0010696747,0.0010726615,0.0010610858,0.0010475225,0.0,0.0010610858,0.0010475221,0.0010402534,0.0010726642,0.0,0.0010475225,0.0010315626,0.0010221917,0.0010329103,0.0011081791,0.0010726644,0.0,0.0010475221,0.0010315625,0.0010221917,0.0010329103,0.0011081789,0.0,0.0010610858,0.001061086,0.0010555155,0.0010669655,0.0,0.0009903687,0.0010726537,0.0,0.0010475223,0.0010315625,0.0010221917,0.0010329103,0.001108179,0.0010726642,0.0,0.0,0.0010315625,0.0010127026,0.0010684718,0.0010910712,0.001072655,0.0010610856,0.0,0.0010315626,0.0010127022,0.0010684716,0.0010800256,0.0,0.001061086,0.0010475225,0.0010402531,0.0010514467,0.0010576193,0.0010696747,0.0,0.0010610864,0.0,0.0010315625,0.0010127026,0.0010684718,0.0010800243,0.0,0.0010610858,0.0010475223,0.0010402531,0.0010514467,0.0010576193,0.0010696749,0.0010726615,0.0010610857,0.0010475222,0.0010402532,0.0010514467,0.0010576193,0.001069675,0.0,0.0,0.0,0.0010315625,0.0010127026,0.0010684718,0.0010910713,0.0010726654,0.0010610858,0.0,0.0010315625,0.0010127026,0.0010684718,0.0010800245,0.0010726631,0.001061086,0.0010475221,0.0010684718,0.0,0.0010315625,0.0010127027,0.0,0.0010610858,0.0010475221,0.0010402531,0.0010514467,0.0010576193,0.0010696752,0.0,0.0010610858,0.0010475221,0.0010402531,0.0010514467,0.0010576193,0.0010696749,0.0,0.0010610858,0.0010475223,0.0010402531,0.0010514467,0.0010576193,0.0010696757,0.0010726618,0.0010610858,0.0010475221,0.0010402531,0.0010514467,0.0010576193,0.0010696751,0.0,0.0,0.0010475221,0.0010315625,0.0010221917,0.0010329103,0.0011081792,0.0,0.0010610858,0.0010475221,0.0010402531,0.0010514467,0.0010576193,0.0010696747,0.001072689,0.0010610862,0.0010475222,0.0010402531,0.0010514467,0.0010576193,0.0010696759
k__Bacteria|p__Firmicutes|c__Bacilli|o__Bacillales|f__Staphylococcaceae|g__Staphylococcus|s__Staphylococcus_hominis,0.0,0.0010613938,0.0010478534,0.0010406118,0.0010518434,0.0010580552,0.0010701338,0.0,0.0010613938,0.0010478534,0.0010406118,0.0010518434,0.0010580552,0.0010701336,0.0,0.0,0.001047864,0.0010319264,0.0010225758,0.001033334,0.0011085047,0.0010729592,0.0,0.0010478534,0.0010319174,0.0010225754,0.001033334,0.0011085053,0.0,0.0,0.0010478534,0.0010319174,0.0010225754,0.001033334,0.0011085053,0.0010729508,0.0010613936,0.0010478534,0.0010406118,0.0010518434,0.0010580552,0.0010701336,0.0,0.0010613938,0.0010478534,0.0010406118,0.0010518434,0.0010580552,0.0010701336,0.0010729512,0.0010613936,0.0010478534,0.0010406118,0.0010518434,0.0010580552,0.0010701336,0.0,0.0010613939,0.0010478531,0.0010406118,0.0010518434,0.0010580552,0.0010701336,0.0,0.0010613938,0.0010478534,0.0010406118,0.0010518434,0.0010580552,0.0010701338,0.0,0.0010613938,0.0,0.0010319174,0.0010130818,0.0010687821,0.0010803682,0.0,0.0010613936,0.0010478534,0.0010406118,0.0010518434,0.0010580552,0.0010701334,0.0,0.0,0.0,0.0010319174,0.0010130818,0.0010687821,0.0010913897,0.0010729503,0.0010613938,0.0,0.0010319174,0.0010130818,0.0010687821,0.001080367,0.0010729566,0.0,0.0,0.0010319175,0.0010130818,0.0010687821,0.00109139,0.0010729545,0.0,0.0010478534,0.0,0.0010613936,0.0010478534,0.0010687822,0.001072951,0.0,0.0,0.0010319174,0.0010130818,0.0010687821,0.0010913903,0.0,0.0010613945,0.0,0.0010319174,0.0010130818,0.0010687821,0.0010803683,0.0,0.0,0.0010478541,0.0010613939,0.0,0.0010319174,0.0010613935,0.0010729638,0.0010613939,0.0,0.0010319173,0.0010130818,0.0010687821,0.0010803685,0.0,0.0,0.0010478535,0.0010319174,0.0010225754,0.001033334,0.0011085051,0.0,0.0,0.0010478534,0.0,0.0010613936,0.0010478534,0.0010687821,0.0,0.0010613966,0.0,0.0010613939,0.0,0.0010613936,0.0010478535,0.0,0.0,0.0010478649,0.0010319197,0.0010225754,0.001033334,0.0011085048,0.001994821,0.001061417,0.0010613962,0.0010558502,0.0010673357,0.0,0.0009907417,0.0,0.0010613949,0.0010478537,0.0,0.001061394,0.0010478534,0.0010406125,0.0010729524,0.0010613936,0.0010478534,0.0,0.0010613936,0.0010478534,0.001040612,0.0,0.0010613935,0.0010478535,0.0010406118,0.0010518434,0.0010580552,0.0010701338,0.0010729508,0.0010613936,0.0010478534,0.0010406118,0.0010518434,0.0010580552,0.0010701338,0.0010729546,0.0,0.0,0.0010319174,0.0010130818,0.0010687821,0.0010913903,0.0010729507,0.0,0.0010478534,0.0010319174,0.0010225754,0.001033334,0.001108505,0.0,0.0010613939,0.0,0.0010319174,0.0010130818,0.0010687821,0.0010803684,0.0010729528,0.0,0.0010478534,0.0010319174,0.0010225754,0.001033334,0.0011085017,0.0,0.0010613936,0.0010478534,0.0010406118,0.0010518434,0.0010580552,0.0010701338,0.0010729509,0.0010613936,0.0010478534,0.0010406118,0.0010518434,0.0010580552,0.0010701336,0.0,0.001061394,0.0010478534,0.0010406118,0.0010518434,0.0010580552,0.0010701335,0.0,0.0,0.0010478534,0.0010319174,0.0010225754,0.001033334,0.0011085055,0.0010729515,0.0010613936,0.0,0.0,0.0010613939,0.0010613938,0.0010558503,0.0010729615,0.0,0.0010478535,0.0,0.0010613939,0.0010478534,0.0010687818,0.00107297,0.0,0.0010613939,0.0010478534,0.0010406115,0.0,0.0010613936,0.0,0.0010613936,0.0,0.0010319174,0.0010130818,0.0010687821,0.0010803668,0.0010729525,0.0,0.0010478534,0.0010319174,0.0010225752,0.0010333342,0.001108476,0.0010729576,0.0,0.0,0.0010319174,0.0010130818,0.0010687821,0.0010913903,0.0,0.0010613939,0.0010478535,0.0010406118,0.0010518434,0.0010580552,0.0010701336,0.0010729509,0.0010613938,0.0010478534,0.0,0.0010613938,0.0010478534,0.0010406116,0.0010729504,0.0,0.0010478534,0.0010319174,0.0010225754,0.001033334,0.0011085045,0.0010729516,0.0,0.0010478535,0.0010319174,0.0010225754,0.0010333341,0.0011085044,0.0,0.0010613938,0.0010613936,0.0010558498,0.0010673355,0.0,0.0009907603,0.001072958,0.0,0.0010478534,0.0010319174,0.0010225754,0.001033334,0.0011085053,0.0010729522,0.0,0.0,0.0010319174,0.0010130818,0.0010687821,0.0010913901,0.0010729546,0.0010613936,0.0,0.0010319178,0.0010130819,0.0010687821,0.0010803675,0.0,0.0010613939,0.0010478534,0.0010406118,0.0010518434,0.0010580552,0.0010701336,0.0,0.0010613946,0.0,0.0010319174,0.0010130818,0.0010687821,0.0010803684,0.0,0.0010613935,0.0010478531,0.0010406115,0.0010518434,0.0010580552,0.0010701336,0.0010729512,0.0010613938,0.0010478531,0.0010406116,0.0010518434,0.0010580552,0.0010701335,0.0,0.0,0.0,0.0010319174,0.0010130818,0.0010687821,0.0010913905,0.0010729509,0.0010613936,0.0,0.0010319174,0.0010130818,0.0010687821,0.0010803683,0.001072956,0.0010613939,0.0010478534,0.0010687821,0.0,0.0010319174,0.0010130819,0.0,0.0010613936,0.0010478534,0.0010406118,0.0010518434,0.0010580552,0.0010701334,0.0,0.0010613934,0.0010478534,0.0010406115,0.0010518434,0.0010580552,0.0010701335,0.0,0.0010613936,0.0010478534,0.0010406118,0.0010518434,0.0010580552,0.0010701331,0.0010729508,0.0010613936,0.0010478534,0.0010406115,0.0010518434,0.0010580552,0.0010701335,0.0,0.0,0.0010478534,0.0010319174,0.0010225754,0.001033334,0.0011085048,0.0,0.0010613936,0.0010478534,0.0010406118,0.0010518434,0.0010580552,0.0010701338,0.001073053,0.0010613945,0.0010478534,0.0010406119,0.0010518434,0.0010580552,0.0010701331
k__Bacteria|p__Firmicutes|c__Negativicutes|o__Veillonellales|f__Veillonellaceae|g__Veillonella|s__Veillonella_SGB6928,0.0,0.0010610026,0.001047139,0.0010394313,0.0010498598,0.0010552811,0.0010668134,0.0,0.0010610026,0.001047139,0.0010394313,0.0010498598,0.0010552811,0.0010668131,0.0,0.0,0.001047152,0.0010308713,0.0010210393,0.0010309735,0.0011071726,0.0010728847,0.0,0.001047139,0.0010308635,0.0010210389,0.0010309735,0.001107172,0.0,0.0,0.001047139,0.0010308635,0.0010210389,0.0010309735,0.001107172,0.0010728659,0.0010610025,0.001047139,0.0010394313,0.0010498598,0.0010552811,0.001066813,0.0,0.0010610031,0.0010471392,0.0010394313,0.0010498598,0.0010552811,0.001066814,0.0010728659,0.0010610025,0.001047139,0.0010394313,0.0010498598,0.0010552811,0.0010668131,0.0,0.0010610027,0.0010471396,0.0010394314,0.0010498598,0.0010552811,0.0010668137,0.0,0.0010610026,0.001047139,0.0010394313,0.0010498598,0.0010552811,0.0010668131,0.0,0.0010610026,0.0,0.0010308635,0.0010116745,0.0010682675,0.0010790974,0.0,0.0010610025,0.001047139,0.0010394313,0.0010498598,0.0010552811,0.0010668134,0.0,0.0,0.0,0.0010308635,0.0010116745,0.0010682675,0.001090446,0.0010728711,0.0010610026,0.0,0.0010308635,0.0010116745,0.0010682675,0.0010791017,0.0010729141,0.0,0.0,0.0010308635,0.0010116745,0.0010682675,0.0010904464,0.0010728808,0.0,0.001047139,0.0,0.0010610025,0.001047139,0.0010682675,0.0010728666,0.0,0.0,0.0010308635,0.0010116745,0.0010682675,0.001090446,0.0,0.0010610035,0.0,0.0010308635,0.0010116745,0.0010682675,0.0010790958,0.0,0.0,0.0010471399,0.0010610038,0.0,0.0010308635,0.001061003,0.0010728764,0.0010610027,0.0,0.0010308634,0.0010116745,0.0010682675,0.0010790958,0.0,0.0,0.0010471393,0.0010308635,0.0010210389,0.0010309735,0.0011071721,0.0,0.0,0.001047139,0.0,0.0010610025,0.001047139,0.0010682674,0.0,0.0010610042,0.0,0.0010610027,0.0,0.0010610025,0.0010471392,0.0,0.0,0.0010471509,0.0010308649,0.0010210387,0.0010309735,0.001107172,0.0,0.001061032,0.0010610061,0.0010550107,0.0010657159,0.0,0.00098898,0.0,0.001061004,0.0010471395,0.0,0.0010610027,0.0010471392,0.0010394341,0.0010728689,0.0010610025,0.001047139,0.0,0.0010610025,0.001047139,0.0010394318,0.0,0.0010610028,0.0010471392,0.0010394313,0.0010498598,0.0010552811,0.0010668134,0.001072866,0.0010610025,0.001047139,0.0010394313,0.0010498598,0.0010552811,0.0010668131,0.0010728831,0.0,0.0,0.0010308635,0.0010116745,0.0010682675,0.0010904464,0.0010728689,0.0,0.001047139,0.0010308635,0.0010210389,0.0010309735,0.0011071719,0.0,0.0010610027,0.0,0.0010308635,0.0010116745,0.0010682675,0.0010790956,0.0010728765,0.0,0.001047139,0.0010308635,0.0010210389,0.0010309735,0.0011071785,0.0,0.0010610025,0.001047139,0.0010394313,0.0010498598,0.0010552811,0.0010668142,0.0010728661,0.0010610025,0.001047139,0.0010394313,0.0010498598,0.0010552811,0.001066813,0.0,0.0010610028,0.0010471392,0.0010394313,0.0010498598,0.0010552811,0.0010668134,0.0,0.0,0.001047139,0.0010308635,0.0010210389,0.0010309735,0.0011071719,0.0010728659,0.0010610025,0.0,0.0,0.0010610027,0.0010610026,0.0010550106,0.0010728828,0.0,0.0010471392,0.0,0.0010610027,0.001047139,0.0010682715,0.0010729462,0.0,0.0010610027,0.0010471392,0.0010394313,0.0,0.001061003,0.0,0.0010610025,0.0,0.0010308635,0.0010116745,0.0010682675,0.0010791031,0.0010728689,0.0,0.001047139,0.0010308635,0.001021039,0.0010309737,0.001107218,0.0010728755,0.0,0.0,0.0010308635,0.0010116745,0.0010682675,0.0010904464,0.0,0.0010610027,0.0010471392,0.0010394313,0.0010498598,0.0010552811,0.0010668131,0.0010728679,0.0010610027,0.0010471392,0.0,0.0010610026,0.001047139,0.0010394324,0.0010728667,0.0,0.0010471392,0.0010308637,0.0010210389,0.0010309735,0.0011071727,0.001072867,0.0,0.0010471392,0.0010308635,0.0010210387,0.0010309736,0.0011071734,0.0,0.0010610027,0.001061003,0.0010550106,0.0010657159,0.0,0.0009890147,0.0010728837,0.0,0.0010471392,0.0010308635,0.0010210389,0.0010309735,0.001107172,0.0010728667,0.0,0.0,0.0010308635,0.0010116745,0.0010682675,0.0010904463,0.001072912,0.0010610032,0.0,0.0010308643,0.0010116746,0.0010682675,0.001079101,0.0,0.0010610027,0.0010471392,0.0010394313,0.0010498598,0.0010552811,0.001066813,0.0,0.0010610034,0.0,0.0010308635,0.0010116745,0.0010682675,0.0010790956,0.0,0.001061003,0.0010471393,0.0010394313,0.0010498598,0.0010552811,0.0010668134,0.0010728731,0.0010610028,0.0010471392,0.0010394314,0.0010498598,0.0010552811,0.0010668136,0.0,0.0,0.0,0.0010308635,0.0010116745,0.0010682675,0.0010904465,0.0010728658,0.0010610025,0.0,0.0010308635,0.0010116745,0.0010682675,0.0010790962,0.0010728695,0.0010610027,0.001047139,0.0010682675,0.0,0.0010308635,0.0010116746,0.0,0.0010610025,0.001047139,0.0010394313,0.0010498598,0.0010552811,0.0010668138,0.0,0.0010610025,0.001047139,0.0010394313,0.0010498598,0.0010552811,0.0010668131,0.0,0.0010610031,0.0010471392,0.0010394313,0.0010498598,0.0010552811,0.0010668146,0.0010728701,0.0010610025,0.001047139,0.0010394313,0.0010498598,0.0010552811,0.0010668134,0.0,0.0,0.001047139,0.0010308635,0.0010210389,0.0010309735,0.0011071721,0.0,0.0010610025,0.001047139,0.0010394313,0.0010498598,0.0010552811,0.0010668131,0.0010729919,0.0010610034,0.0010471392,0.0010394312,0.0010498598,0.0010552811,0.001066815
k__Bacteria|p__Firmicutes|c__Tissierellia|o__Tissierellales|f__Peptoniphilaceae|g__Anaerococcus|s__Anaerococcus_octavius,0.0,0.0010606605,0.0010471384,0.001039939,0.0010512688,0.0010575724,0.0010697261,0.0,0.0010606607,0.0010471384,0.001039939,0.0010512688,0.0010575724,0.0010697261,0.0,0.0,0.0010471512,0.0010312295,0.0010219245,0.0010327805,0.0011079588,0.0010722402,0.0,0.0010471384,0.0010312226,0.0010219242,0.0010327805,0.001107958,0.0,0.0,0.0010471384,0.0010312226,0.0010219242,0.0010327805,0.001107958,0.0010722021,0.0010606606,0.0010471384,0.001039939,0.0010512688,0.0010575724,0.001069726,0.0,0.0010606614,0.0010471385,0.001039939,0.0010512688,0.0010575724,0.0010697269,0.0010722019,0.0010606606,0.0010471384,0.001039939,0.0010512688,0.0010575724,0.001069726,0.0,0.0010606607,0.0010471394,0.0010399391,0.0010512684,0.0010575728,0.0010697264,0.0,0.0010606607,0.0010471384,0.001039939,0.0010512688,0.0010575724,0.001069726,0.0,0.0010606607,0.0,0.0010312226,0.0010124096,0.0010680727,0.0010797597,0.0,0.0010606606,0.0010471384,0.0010399389,0.0010512688,0.0010575724,0.0010697262,0.0,0.0,0.0,0.0010312226,0.0010124096,0.0010680727,0.0010907651,0.0010722129,0.0010606607,0.0,0.0010312226,0.0010124096,0.0010680727,0.0010797665,0.0010722965,0.0,0.0,0.0010312228,0.0010124096,0.0010680727,0.0010907649,0.00107223,0.0,0.0010471384,0.0,0.0010606606,0.0010471384,0.0010680726,0.0010722051,0.0,0.0,0.0010312226,0.0010124096,0.0010680727,0.0010907647,0.0,0.0010606621,0.0,0.0010312226,0.0010124096,0.0010680727,0.0010797585,0.0,0.0,0.0010471393,0.0010606622,0.0,0.0010312226,0.001060661,0.0010722234,0.0010606607,0.0,0.0010312225,0.0010124096,0.0010680727,0.001079758,0.0,0.0,0.0010471385,0.0010312226,0.0010219242,0.0010327805,0.0011079581,0.0,0.0,0.0010471384,0.0,0.0010606606,0.0010471384,0.0010680726,0.0,0.0010606629,0.0,0.0010606608,0.0,0.0010606606,0.0010471385,0.0,0.0,0.0010471533,0.0010312245,0.0010219243,0.0010327805,0.001107958,0.0,0.0010606906,0.0010606644,0.0010551581,0.0010667421,0.0,0.000990106,0.0,0.0010606628,0.0010471389,0.0,0.0010606608,0.0010471385,0.001039942,0.0010722075,0.0010606606,0.0010471384,0.0,0.0010606606,0.0010471384,0.0010399398,0.0,0.0010606607,0.0010471385,0.0010399389,0.0010512688,0.0010575724,0.0010697263,0.0010722019,0.0010606606,0.0010471384,0.001039939,0.0010512688,0.0010575724,0.001069726,0.0010722365,0.0,0.0,0.0010312226,0.0010124096,0.0010680727,0.0010907645,0.0010722093,0.0,0.0010471384,0.0010312226,0.0010219242,0.0010327805,0.0011079583,0.0,0.0010606608,0.0,0.0010312226,0.0010124096,0.0010680727,0.0010797582,0.0010722209,0.0,0.0010471384,0.0010312226,0.0010219242,0.0010327805,0.0011079656,0.0,0.0010606606,0.0010471384,0.001039939,0.0010512688,0.0010575724,0.0010697274,0.0010722029,0.0010606606,0.0010471384,0.001039939,0.0010512688,0.0010575724,0.001069726,0.0,0.0010606609,0.0010471385,0.0010399389,0.0010512688,0.0010575724,0.0010697264,0.0,0.0,0.0010471384,0.0010312226,0.0010219242,0.0010327805,0.0011079581,0.0010722035,0.0010606606,0.0,0.0,0.0010606608,0.0010606607,0.0010551577,0.0010722376,0.0,0.0010471385,0.0,0.0010606608,0.0010471384,0.0010680767,0.001072345,0.0,0.0010606608,0.0010471385,0.0010399389,0.0,0.001060661,0.0,0.0010606606,0.0,0.0010312226,0.0010124096,0.0010680725,0.0010797667,0.0010722085,0.0,0.0010471384,0.0010312226,0.0010219243,0.0010327811,0.0011080115,0.0010722182,0.0,0.0,0.0010312226,0.0010124096,0.0010680727,0.0010907645,0.0,0.0010606608,0.0010471385,0.001039939,0.0010512688,0.0010575724,0.0010697261,0.0010722082,0.0010606607,0.0010471385,0.0,0.0010606606,0.0010471384,0.00103994,0.0010722049,0.0,0.0010471385,0.0010312226,0.0010219242,0.0010327805,0.0011079593,0.0010722051,0.0,0.0010471385,0.0010312226,0.0010219243,0.0010327806,0.0011079604,0.0,0.0010606607,0.001060661,0.0010551577,0.0010667421,0.0,0.0009901387,0.0010722389,0.017608836,0.0010471385,0.0010312226,0.0010219242,0.0010327805,0.001107958,0.0010722054,0.0,0.0,0.0010312226,0.0010124096,0.0010680727,0.001090765,0.0010722934,0.0010606621,0.0,0.0010312237,0.0010124102,0.0010680726,0.0010797646,0.0,0.0010606607,0.0010471385,0.0010399389,0.0010512688,0.0010575724,0.001069726,0.0,0.0010606614,0.0,0.0010312226,0.0010124096,0.0010680727,0.0010797582,0.0,0.0010606608,0.0010471385,0.0010399389,0.0010512688,0.0010575724,0.0010697261,0.0010722189,0.0010606609,0.0010471387,0.001039939,0.0010512688,0.0010575724,0.0010697268,0.0,0.0,0.0,0.0010312226,0.0010124096,0.0010680727,0.0010907648,0.0010722016,0.0010606606,0.0,0.0010312226,0.0010124096,0.0010680727,0.0010797593,0.0010722121,0.0010606607,0.0010471384,0.0010680727,0.0,0.0010312226,0.0010124096,0.0,0.0010606606,0.0010471384,0.0010399389,0.0010512688,0.0010575724,0.001069727,0.0,0.0010606606,0.0010471384,0.0010399389,0.0010512688,0.0010575724,0.0010697262,0.0,0.0010606614,0.0010471385,0.0010399389,0.0010512688,0.0010575724,0.0010697279,0.0010722129,0.0010606606,0.0010471384,0.0010399389,0.0010512688,0.0010575724,0.0010697265,0.0,0.0,0.0010471384,0.0010312226,0.0010219242,0.0010327805,0.0011079586,0.0,0.0010606606,0.0010471384,0.001039939,0.0010512688,0.0010575724,0.001069726,0.0010724013,0.0010606616,0.0010471385,0.0010399389,0.0010512688,0.0010575728,0.0010697282
k__Bacteria|p__Firmicutes|c__Bacilli|o__Lactobacillales|f__Lactobacillaceae|g__Fructobacillus|s__Fructobacillus_fructosus,0.0,0.0010626144,0.0010489709,0.0010415524,0.0010524332,0.0010583076,0.0010701332,0.0,0.0010626145,0.0010489709,0.0010415524,0.0010524332,0.0010583076,0.0010701328,0.0,0.0,0.0010489844,0.0010329338,0.0010234002,0.0010338036,0.0011091897,0.0010742956,0.0,0.0010489709,0.001032925,0.0010233994,0.0010338036,0.0011091888,0.0,0.0,0.0010489709,0.001032925,0.0010233994,0.0010338036,0.0011091884,0.0010742678,0.0010626141,0.0010489709,0.0010415524,0.0010524332,0.0010583076,0.0010701328,0.0,0.0010626152,0.0010489713,0.0010415524,0.0010524332,0.0010583076,0.0010701339,0.0010742679,0.0010626141,0.0010489709,0.0010415524,0.0010524332,0.0010583076,0.0010701332,0.0,0.0010626145,0.0010489717,0.0010415524,0.0010524332,0.0010583076,0.0010701336,0.0,0.0010626141,0.0010489709,0.0010415524,0.0010524332,0.0010583076,0.001070133,0.0,0.0010626145,0.0,0.001032925,0.001013972,0.001069934,0.0010811804,0.0,0.0010626141,0.0010489709,0.0010415524,0.0010524332,0.0010583076,0.001070134,0.0,0.0,0.0,0.001032925,0.001013972,0.001069934,0.001092303,0.001074276,0.0010626141,0.0,0.001032925,0.001013972,0.001069934,0.0010811884,0.0010743351,0.0,0.0,0.001032925,0.001013972,0.001069934,0.0010923019,0.0010742879,0.0,0.0010489709,0.0,0.0010626141,0.0010489709,0.0010699342,0.0010742712,0.0,0.0,0.001032925,0.001013972,0.001069934,0.0010922992,0.0,0.0010626157,0.0,0.001032925,0.001013972,0.001069934,0.0010811787,0.0,0.0,0.0010489724,0.0010626158,0.0,0.001032925,0.0010626145,0.0010742925,0.0010626145,0.0,0.0010329249,0.001013972,0.001069934,0.0010811782,0.0,0.0,0.001048971,0.001032925,0.0010233994,0.0010338036,0.001109189,0.0,0.0,0.0010489709,0.0,0.0010626141,0.0010489709,0.0010699341,0.0,0.0010626182,0.0,0.0010626146,0.0,0.0010626141,0.0010489712,0.0,0.0,0.0010489871,0.0010329273,0.0010233995,0.0010338036,0.0011091898,0.0,0.0010626478,0.0010626176,0.0010569002,0.0010680387,0.0,0.0009915206,0.0,0.0010626168,0.0010489721,0.0,0.0010626146,0.001048971,0.0010415554,0.0010742729,0.0010626141,0.0010489709,0.0,0.0010626141,0.0010489709,0.001041554,0.0,0.0010626146,0.001048971,0.0010415524,0.0010524332,0.0010583076,0.001070133,0.0010742676,0.0010626141,0.0010489709,0.0010415524,0.0010524332,0.0010583076,0.001070133,0.0010742967,0.0,0.0,0.001032925,0.001013972,0.001069934,0.001092299,0.0010742727,0.0,0.0010489709,0.001032925,0.0010233994,0.0010338036,0.0011091889,0.0025551054,0.0010626146,0.0,0.001032925,0.001013972,0.001069934,0.0010811781,0.0010742814,0.0,0.0010489709,0.001032925,0.0010233994,0.0010338036,0.0011091989,0.0,0.0010626141,0.0010489709,0.0010415524,0.0010524332,0.0010583076,0.0010701355,0.001074268,0.0010626141,0.0010489709,0.0010415524,0.0010524332,0.0010583076,0.0010701328,0.0,0.001062615,0.001048971,0.0010415524,0.0010524332,0.0010583076,0.0010701332,0.0,0.0,0.0010489709,0.001032925,0.0010233994,0.0010338036,0.0011091889,0.0010742694,0.0010626141,0.0,0.0,0.0010626146,0.0010626145,0.001056901,0.0010743008,0.0,0.0010489712,0.0,0.0010626146,0.0010489709,0.0010699383,0.0010743671,0.0,0.0010626146,0.001048971,0.0010415524,0.0,0.0010626155,0.0012244431,0.0010626144,0.0,0.001032925,0.001013972,0.001069934,0.001081185,0.0010742737,0.0,0.0010489709,0.001032925,0.0010233995,0.0010338041,0.0011092694,0.0010742837,0.0,0.0,0.001032925,0.001013972,0.001069934,0.0010922987,0.0,0.0010626146,0.001048971,0.0010415524,0.0010524332,0.0010583076,0.0010701328,0.0010742671,0.0010626145,0.001048971,0.0,0.0010626145,0.0010489709,0.0010415537,0.0010742703,0.0,0.001048971,0.001032925,0.0010233994,0.0010338036,0.0011091926,0.0010742715,0.0,0.001048971,0.001032925,0.0010233995,0.0010338037,0.0011091917,0.0,0.0010626145,0.0010626146,0.0010568998,0.0010680387,0.0,0.0009915684,0.0010743001,0.0,0.001048971,0.001032925,0.0010233994,0.0010338036,0.0011091884,0.0010742735,0.0,0.0,0.001032925,0.001013972,0.001069934,0.001092302,0.0010743258,0.0010626153,0.0,0.0010329259,0.001013972,0.001069934,0.0010811891,0.0,0.0010626145,0.001048971,0.0010415524,0.0010524332,0.0010583076,0.0010701328,0.0,0.0010626155,0.0,0.001032925,0.001013972,0.001069934,0.0010811781,0.0,0.0010626145,0.0010489713,0.0010415524,0.0010524332,0.0010583076,0.0010701331,0.001074284,0.0010626145,0.0010489712,0.0010415524,0.0010524332,0.0010583076,0.0010701334,0.0,0.0,0.0,0.001032925,0.001013972,0.001069934,0.0010922998,0.0010742673,0.0010626141,0.0,0.001032925,0.001013972,0.001069934,0.0010811792,0.0010742808,0.0010626145,0.0010489709,0.001069934,0.0,0.001032925,0.0010139721,0.00064246595,0.0010626141,0.0010489709,0.0010415524,0.0010524332,0.0010583076,0.0010701343,0.0,0.0010626141,0.0010489709,0.0010415524,0.0010524332,0.0010583076,0.0010701333,0.0,0.001062615,0.001048971,0.0010415524,0.0010524332,0.0010583076,0.0010701361,0.0010742763,0.0010626144,0.0010489709,0.0010415524,0.0010524332,0.0010583076,0.0010701336,0.0,0.0,0.0010489709,0.001032925,0.0010233994,0.0010338036,0.0011091891,0.0,0.0010626141,0.0010489709,0.0010415524,0.0010524332,0.0010583076,0.001070133,0.0010744235,0.001062616,0.0010489712,0.0010415523,0.0010524332,0.0010583076,0.0010701371
k__Bacteria|p__Firmicutes|c__Clostridia|o__Eubacteriales|f__Clostridiaceae|g__Clostridium|s__Clostridium_sp_NSJ_6,0.0,0.0010619118,0.001048105,0.0010404612,0.0010509718,0.0010564784,0.0010680574,0.0,0.0010619119,0.001048105,0.0010404612,0.0010509718,0.0010564784,0.0010680574,0.0,0.0,0.0010481076,0.0010318884,0.0010221294,0.0010321516,0.0011080983,0.001073749,0.0,0.001048105,0.001031888,0.0010221293,0.0010321516,0.0011080987,0.0,0.0,0.001048105,0.001031888,0.0010221293,0.0010321516,0.0011080988,0.0010737203,0.0010619119,0.001048105,0.0010404612,0.0010509718,0.0010564784,0.0010680573,0.0,0.001061912,0.0010481051,0.0010404612,0.0010509718,0.0010564784,0.0010680577,0.0010737204,0.0010619119,0.001048105,0.0010404612,0.0010509718,0.0010564784,0.0010680574,0.0,0.0010619117,0.0010481053,0.0010404614,0.0010509718,0.0010564784,0.0010680575,0.0,0.0010619119,0.001048105,0.0010404612,0.0010509718,0.0010564784,0.0010680573,0.0,0.0010619119,0.0,0.001031888,0.0010127578,0.00106918,0.0010800785,0.0,0.0010619119,0.001048105,0.0010404612,0.0010509718,0.0010564784,0.001068057,0.0,0.0,0.0,0.001031888,0.0010127578,0.00106918,0.0010913669,0.0010737291,0.0010619119,0.0,0.001031888,0.0010127578,0.00106918,0.0010800788,0.0010737893,0.0,0.0,0.001031888,0.0010127578,0.00106918,0.0010913671,0.0010737443,0.0,0.001048105,0.0,0.0010619119,0.001048105,0.0010691799,0.0010737224,0.0,0.0,0.001031888,0.0010127578,0.00106918,0.0010913676,0.0,0.0010619119,0.0,0.001031888,0.0010127578,0.00106918,0.0010800783,0.0,0.0,0.001048105,0.0010619123,0.0,0.001031888,0.0010619119,0.0010737308,0.0010619117,0.0,0.0010318878,0.0010127578,0.00106918,0.0010800782,0.0,0.0,0.0010481051,0.001031888,0.0010221293,0.0010321516,0.0011080988,0.0,0.0,0.001048105,0.0,0.0010619119,0.001048105,0.00106918,0.0,0.0010619104,0.0,0.001061912,0.0,0.0010619119,0.0010481051,0.0,0.0,0.0010481054,0.0010318881,0.0010221294,0.0010321516,0.0011080978,0.0,0.00106192,0.001061912,0.0010559809,0.0010667621,0.0,0.0009901122,0.0,0.001061912,0.0010481048,0.0,0.0010619118,0.001048105,0.001040462,0.0010737239,0.0010619119,0.001048105,0.0,0.0010619119,0.001048105,0.0010404617,0.0,0.001061912,0.0010481051,0.0010404612,0.0010509718,0.0010564784,0.0010680574,0.0010737204,0.0010619119,0.001048105,0.0010404612,0.0010509718,0.0010564784,0.0010680573,0.0010737452,0.0,0.0,0.001031888,0.0010127578,0.00106918,0.0010913674,0.0010737253,0.0,0.001048105,0.001031888,0.0010221293,0.0010321516,0.0011080983,0.0,0.001061912,0.0,0.001031888,0.0010127578,0.00106918,0.0010800783,0.0010737322,0.0,0.001048105,0.001031888,0.0010221293,0.0010321516,0.0011080989,0.0,0.0010619119,0.001048105,0.0010404612,0.0010509718,0.0010564784,0.0010680576,0.0010737211,0.0010619119,0.001048105,0.0010404612,0.0010509718,0.0010564784,0.0010680573,0.0,0.0010619119,0.001048105,0.0010404612,0.0010509718,0.0010564784,0.0010680574,0.0,0.0,0.001048105,0.001031888,0.0010221293,0.0010321516,0.0011080989,0.0010737225,0.0010619119,0.0,0.0,0.001061912,0.0010619119,0.0010559809,0.001073749,0.0,0.0010481048,0.0,0.001061912,0.001048105,0.0010691809,0.0010738285,0.0,0.0010619117,0.001048105,0.0010404612,0.0,0.0010619119,0.0,0.0010619118,0.0,0.001031888,0.0010127578,0.0010691799,0.0010800804,0.0010737242,0.0,0.001048105,0.001031888,0.0010221294,0.0010321519,0.001108098,0.0010737263,0.0,0.0,0.001031888,0.0010127578,0.00106918,0.0010913679,0.0,0.001061912,0.0010481051,0.0010404612,0.0010509718,0.0010564784,0.0010680574,0.0010737542,0.001061912,0.001048105,0.0,0.0010619118,0.001048105,0.0010404618,0.0010737226,0.0,0.001048105,0.0010318878,0.0010221293,0.0010321516,0.0011080976,0.0010737221,0.0,0.0010481051,0.001031888,0.0010221294,0.0010321516,0.0011080983,0.0,0.0010619117,0.0010619119,0.0010559809,0.0010667619,0.0,0.0009901231,0.001073755,0.0,0.001048105,0.001031888,0.0010221293,0.0010321516,0.0011080988,0.0010737232,0.0,0.0,0.001031888,0.0010127578,0.00106918,0.001091367,0.0010737838,0.0010619123,0.0,0.0010318883,0.0010127578,0.00106918,0.0010800791,0.0,0.0010619119,0.001048105,0.0010404612,0.0010509718,0.0010564784,0.0010680573,0.0,0.0010619115,0.0,0.001031888,0.0010127578,0.00106918,0.0010800783,0.0,0.0010619119,0.0010481051,0.0010404612,0.0010509718,0.0010564784,0.0010680574,0.0010737296,0.0010619116,0.0010481051,0.0010404614,0.0010509718,0.0010564784,0.0010680574,0.0,0.0,0.0,0.001031888,0.0010127578,0.00106918,0.0010913677,0.00107372,0.0010619119,0.0,0.001031888,0.0010127578,0.00106918,0.0010800785,0.001073726,0.0010619119,0.001048105,0.00106918,0.0,0.001031888,0.0010127578,0.0,0.0010619119,0.001048105,0.0010404612,0.0010509718,0.0010564784,0.0010680573,0.0,0.0010619119,0.001048105,0.0010404612,0.0010509718,0.0010564784,0.0010680571,0.0,0.0010619119,0.001048105,0.0010404612,0.0010509718,0.0010564784,0.0010680571,0.0010737276,0.0010619119,0.001048105,0.0010404612,0.0010509718,0.0010564784,0.0010680573,0.0,0.0,0.001048105,0.001031888,0.0010221293,0.0010321516,0.0011080985,0.0,0.0010619119,0.001048105,0.0010404612,0.0010509718,0.0010564784,0.0010680573,0.0010738524,0.0010619117,0.0010481051,0.0010404612,0.0010509718,0.0010564784,0.0010680569
k__Bacteria|p__Firmicutes|c__Clostridia|o__Eubacteriales|f__Clostridiaceae|g__Clostridium|s__Clostridium_SGB6177,0.0,0.0010603782,0.0010467261,0.0010393424,0.0010503589,0.0010563532,0.0010682945,0.0,0.0010603783,0.0010467261,0.0010393424,0.0010503589,0.0010563532,0.0010682945,0.0,0.0,0.0010467414,0.0010306865,0.0010211859,0.001031719,0.0011073193,0.0010720866,0.0,0.0010467261,0.0010306746,0.001021185,0.001031719,0.0011073196,0.0,0.0,0.0010467261,0.0010306746,0.001021185,0.001031719,0.0011073195,0.0010720423,0.0010603782,0.0010467261,0.0010393424,0.0010503589,0.0010563532,0.0010682944,0.0,0.0010603785,0.0010467264,0.0010393424,0.0010503589,0.0010563532,0.0010682943,0.0010720426,0.0010603782,0.0010467261,0.0010393424,0.0010503589,0.0010563532,0.0010682944,0.0,0.0010603784,0.0010467262,0.0010393425,0.0010503589,0.0010563532,0.001068295,0.0,0.0010603783,0.0010467261,0.0010393424,0.0010503589,0.0010563532,0.0010682944,0.0,0.0010603783,0.0,0.0010306746,0.0010117199,0.0010677432,0.001079134,0.0,0.0010603782,0.0010467261,0.0010393424,0.0010503589,0.0010563532,0.0010682942,0.0,0.0,0.0,0.0010306746,0.0010117199,0.0010677432,0.001090273,0.0010720529,0.0010603783,0.0,0.0010306746,0.0010117199,0.0010677432,0.0010791344,0.0010721233,0.0,0.0,0.0010306744,0.0010117199,0.0010677432,0.0010902724,0.0010720722,0.0,0.0010467261,0.0,0.0010603782,0.0010467261,0.0010677432,0.0010720459,0.0,0.0,0.0010306746,0.0010117199,0.0010677432,0.0010902727,0.0,0.0010603794,0.0,0.0010306746,0.0010117199,0.0010677432,0.0010791336,0.0,0.0,0.001046727,0.0010603791,0.0,0.0010306746,0.0010603782,0.0010720751,0.0010603784,0.0,0.0010306744,0.0010117199,0.0010677432,0.001079134,0.0,0.0,0.0010467262,0.0010306746,0.001021185,0.001031719,0.0011073197,0.0,0.0,0.0010467261,0.0,0.0010603782,0.0010467261,0.0010677432,0.0,0.0010603823,0.0,0.0010603783,0.0,0.0010603782,0.0010467262,0.0,0.0,0.0010467446,0.0010306778,0.0010211851,0.001031719,0.0011073194,0.0,0.0010604186,0.0010603826,0.0010546984,0.0010659784,0.0,0.0009892609,0.0,0.0010603801,0.0010467272,0.0,0.0010603784,0.0010467264,0.0010393434,0.001072051,0.0010603782,0.0010467261,0.0,0.0010603782,0.0010467261,0.0010393428,0.0,0.0010603784,0.0010467262,0.0010393424,0.0010503589,0.0010563532,0.0010682944,0.0010720424,0.0010603782,0.0010467261,0.0010393424,0.0010503589,0.0010563532,0.0010682944,0.0010720735,0.0,0.0,0.0010306746,0.0010117199,0.0010677432,0.0010902727,0.0010720482,0.0,0.0010467261,0.0010306746,0.001021185,0.001031719,0.0011073193,0.0,0.0010603783,0.0,0.0010306746,0.0010117199,0.0010677432,0.001079134,0.0010720607,0.0,0.0010467261,0.0010306746,0.001021185,0.001031719,0.0011073183,0.0,0.0010603782,0.0010467261,0.0010393424,0.0010503589,0.0010563532,0.0010682945,0.0010720437,0.0010603782,0.0010467261,0.0010393424,0.0010503589,0.0010563532,0.0010682944,0.0,0.0010603789,0.0010467264,0.0010393424,0.0010503589,0.0010563532,0.0010682945,0.0,0.0,0.0010467261,0.0010306746,0.001021185,0.001031719,0.0011073195,0.0010720463,0.0010603782,0.0,0.0,0.0010603782,0.0010603783,0.0010546983,0.0010720927,0.0,0.0010467264,0.0,0.0010603783,0.0010467261,0.0010677429,0.0010721703,0.0,0.0010603783,0.0010467264,0.0010393424,0.0,0.0010603783,0.0,0.001060378,0.0,0.0010306746,0.0010117199,0.0010677433,0.0010791321,0.0010720495,0.0,0.0010467261,0.0010306746,0.0010211851,0.0010317194,0.0011073111,0.0010720629,0.0,0.0,0.0010306746,0.0010117199,0.0010677432,0.0010902729,0.0,0.0010603782,0.0010467262,0.0010393424,0.0010503589,0.0010563532,0.0010682945,0.0010720881,0.0010603783,0.0010467264,0.0,0.0010603783,0.0010467261,0.001039343,0.0010720448,0.0,0.0010467264,0.0010306746,0.001021185,0.001031719,0.0011073188,0.0010720469,0.0,0.0010467262,0.0010306744,0.0010211851,0.0010317191,0.0011073186,0.0,0.0010603783,0.0010603784,0.0010546979,0.0010659783,0.0,0.0009892826,0.0010720884,0.0,0.0010467264,0.0010306746,0.001021185,0.001031719,0.0011073195,0.0010720489,0.0,0.0,0.0010306746,0.0010117204,0.0010677432,0.0010902726,0.0010721149,0.0010603786,0.0,0.001030675,0.0010117205,0.0010677432,0.0010791346,0.0,0.0010603783,0.0010467264,0.0010393424,0.0010503589,0.0010563532,0.0010682944,0.0,0.0010603796,0.0,0.0010306746,0.0010117199,0.0010677432,0.001079134,0.0,0.0010603783,0.0010467262,0.0010393424,0.0010503589,0.0010563532,0.0010682945,0.0010720541,0.0010603782,0.0010467264,0.0010393425,0.0010503589,0.0010563532,0.0010682944,0.0,0.0,0.0,0.0010306746,0.0010117199,0.0010677432,0.001090273,0.0010720419,0.0010603782,0.0,0.0010306746,0.0010117199,0.0010677432,0.001079134,0.0010720578,0.0010603783,0.0010467261,0.0010677432,0.0,0.0010306746,0.00101172,0.0,0.0010603782,0.0010467261,0.0010393424,0.0010503589,0.0010563532,0.0010682942,0.0,0.0010603782,0.0010467261,0.0010393424,0.0010503589,0.0010563532,0.0010682946,0.0,0.0010603784,0.0010467264,0.0010393424,0.0010503589,0.0010563532,0.0010682937,0.0010720519,0.0010603782,0.0010467261,0.0010393424,0.0010503589,0.0010563532,0.0010682944,0.0018373376,0.0025832187,0.0010467261,0.0010306746,0.001021185,0.001031719,0.0011073195,0.0,0.0010603782,0.0010467261,0.0010393424,0.0010503589,0.0010563532,0.0010682944,0.0010723111,0.0010603798,0.0010467264,0.0010393424,0.0010503589,0.0010563532,0.0010682938
k__Bacteria|p__Firmicutes|c__Tissierellia|o__Tissierellales|f__Peptoniphilaceae|g__Anaerococcus|s__Anaerococcus_degeneri,0.0,0.001059028,0.0010453578,0.0010379759,0.0010490401,0.0010550739,0.0010670619,0.0012689986,0.0010590281,0.0010453578,0.0010379759,0.0010490401,0.0010550739,0.0010670619,0.0,0.0,0.0010453641,0.0010292925,0.0010198017,0.0010303791,0.0011061503,0.0010707418,0.0,0.0010453578,0.001029289,0.0010198014,0.0010303791,0.0011061499,0.0,0.0,0.0010453578,0.001029289,0.0010198014,0.0010303791,0.0011061497,0.001070711,0.001059028,0.0010453578,0.0010379759,0.0010490401,0.0010550739,0.0010670618,0.0,0.0010590283,0.0010453579,0.0010379759,0.0010490401,0.0010550739,0.0010670626,0.0010707112,0.001059028,0.0010453578,0.0010379759,0.0010490401,0.0010550739,0.0010670619,0.0,0.0010590282,0.0010453584,0.0010379759,0.0010490401,0.0010550739,0.0010670625,0.0,0.0010590281,0.0010453578,0.0010379759,0.0010490401,0.0010550739,0.0010670619,0.0,0.0010590281,0.0,0.001029289,0.0010103195,0.0010664152,0.0010778633,0.0,0.001059028,0.0010453578,0.0010379758,0.0010490401,0.0010550739,0.0010670625,0.0,0.0,0.0,0.001029289,0.0010103195,0.0010664152,0.0010890267,0.0010707196,0.0010590281,0.0,0.001029289,0.0010103195,0.0010664152,0.0010778686,0.0010707778,0.0,0.0,0.0010292891,0.0010103195,0.0010664152,0.0010890266,0.0010707331,0.0,0.0010453578,0.0,0.001059028,0.0010453578,0.0010664155,0.0010707133,0.0,0.0,0.001029289,0.0010103195,0.0010664152,0.0010890258,0.0,0.0010590288,0.0,0.001029289,0.0010103195,0.0010664152,0.0010778628,0.0,0.0,0.001045358,0.0010590287,0.0,0.001029289,0.0010590283,0.0010707257,0.0010590282,0.0,0.0010292889,0.0010103195,0.0010664152,0.0010778626,0.0,0.0,0.0010453579,0.001029289,0.0010198014,0.0010303791,0.0011061499,0.0,0.0,0.0010453578,0.0,0.001059028,0.0010453578,0.0010664153,0.0,0.0010590294,0.0,0.0010590281,0.0,0.001059028,0.0010453578,0.0,0.0,0.0010453624,0.0010292898,0.0010198014,0.0010303791,0.0011061501,0.0,0.0010590424,0.0010590297,0.00105335,0.0010646827,0.0,0.0009878551,0.0,0.0010590289,0.001045358,0.0,0.0010590282,0.0010453578,0.0010379776,0.001070715,0.001059028,0.0010453578,0.0,0.001059028,0.0010453578,0.0010379767,0.0,0.0010590282,0.0010453578,0.0010379758,0.0010490401,0.0010550739,0.0010670618,0.0010707111,0.001059028,0.0010453578,0.0010379759,0.0010490401,0.0010550739,0.0010670619,0.0010707332,0.0,0.0,0.001029289,0.0010103195,0.0010664152,0.0010890254,0.0010707148,0.0,0.0010453578,0.001029289,0.0010198014,0.0010303791,0.0011061501,0.0,0.0010590281,0.0,0.001029289,0.0010103195,0.0010664152,0.0010778625,0.0010707255,0.0,0.0010453578,0.001029289,0.0010198014,0.0010303791,0.001106155,0.0,0.001059028,0.0010453578,0.0010379759,0.0010490401,0.0010550739,0.0010670632,0.0010707118,0.001059028,0.0010453578,0.0010379759,0.0010490401,0.0010550739,0.0010670618,0.0,0.0010590283,0.0010453578,0.0010379758,0.0010490401,0.0010550739,0.0010670619,0.0,0.0,0.0010453578,0.001029289,0.0010198014,0.0010303791,0.0011061499,0.0010707132,0.001059028,0.0,0.0,0.0010590281,0.0010590281,0.0010533505,0.0010707437,0.0,0.0010453578,0.0,0.0010590281,0.0010453578,0.0010664179,0.001070822,0.0,0.0010590282,0.0010453578,0.0010379758,0.0,0.0010590286,0.0,0.0010590279,0.0,0.001029289,0.0010103195,0.0010664151,0.0010778672,0.0010707151,0.0,0.0010453578,0.001029289,0.0010198017,0.0010303793,0.0011061892,0.0010707213,0.0,0.0,0.001029289,0.0010103195,0.0010664152,0.0010890255,0.0,0.0010590281,0.0010453578,0.0010379759,0.0010490401,0.0010550739,0.0010670619,0.0010707403,0.0010590281,0.0010453578,0.0,0.001059028,0.0010453578,0.0010379764,0.001070713,0.0,0.0010453578,0.001029289,0.0010198014,0.0010303791,0.0011061513,0.0010707137,0.0,0.0010453578,0.001029289,0.0010198017,0.0010303791,0.0011061511,0.0,0.0010590281,0.0010590281,0.0010533503,0.0010646827,0.0,0.000987884,0.0010707402,0.0,0.0010453578,0.001029289,0.0010198014,0.0010303791,0.0011061497,0.0010707154,0.0,0.0,0.001029289,0.0010103195,0.0010664152,0.0010890267,0.0010707723,0.0010590283,0.0,0.0010292897,0.0010103195,0.0010664152,0.0010778675,0.0,0.0010590281,0.0010453578,0.0010379758,0.0010490401,0.0010550739,0.0010670618,0.0,0.0010590283,0.0,0.001029289,0.0010103195,0.0010664152,0.0010778625,0.0,0.0010590281,0.0010453579,0.0010379758,0.0010490401,0.0010550739,0.0010670619,0.0010707235,0.0010590281,0.0010453578,0.001037976,0.0010490401,0.0010550739,0.0010670624,0.0,0.0,0.0,0.001029289,0.0010103195,0.0010664152,0.0010890258,0.0010707107,0.001059028,0.0,0.001029289,0.0010103195,0.0010664152,0.0010778633,0.0010707198,0.0010590281,0.0010453578,0.0010664152,0.0,0.001029289,0.0010103196,0.0,0.001059028,0.0010453578,0.0010379758,0.0010490401,0.0010550739,0.0010670628,0.0,0.001059028,0.0010453578,0.0010379758,0.0010490401,0.0010550739,0.0010670623,0.0,0.0010590283,0.0010453578,0.0010379758,0.0010490401,0.0010550739,0.0010670638,0.0010707173,0.001059028,0.0010453578,0.0010379758,0.0010490401,0.0010550739,0.0010670625,0.0,0.0,0.0010453578,0.001029289,0.0010198014,0.0010303791,0.0011061503,0.0,0.001059028,0.0010453578,0.0010379759,0.0010490401,0.0010550739,0.0010670619,0.0010709054,0.0010590287,0.0010453578,0.0010379759,0.0010490401,0.0010550739,0.0010670642
k__Bacteria|p__Firmicutes|c__CFGB3012|o__OFGB3012|f__FGB3012|g__GGB9480|s__GGB9480_SGB14874,0.0,0.0010600713,0.0010464212,0.001039047,0.0010500907,0.0010561098,0.0010680729,0.0,0.0010600712,0.0010464212,0.001039047,0.0010500907,0.0010561098,0.0010680726,0.0,0.0,0.0010464388,0.0010303834,0.0010208937,0.0010314531,0.0011070741,0.0010717638,0.0,0.0010464212,0.0010303723,0.0010208929,0.0010314531,0.0011070734,0.0,0.0,0.0010464212,0.0010303723,0.0010208929,0.0010314531,0.0011070732,0.0010717339,0.001060071,0.0010464212,0.001039047,0.0010500907,0.0010561098,0.0010680726,0.0,0.0010600719,0.0010464214,0.001039047,0.0010500907,0.0010561098,0.0010680736,0.0010717337,0.001060071,0.0010464212,0.001039047,0.0010500907,0.0010561098,0.0010680729,0.0,0.0010600714,0.001046422,0.0010390474,0.0010500907,0.0010561098,0.001068073,0.0,0.0010600712,0.0010464212,0.001039047,0.0010500907,0.0010561098,0.0010680727,0.0,0.0010600712,0.0,0.0010303723,0.0010114213,0.0010674439,0.0010788646,0.0,0.001060071,0.0010464212,0.001039047,0.0010500907,0.0010561098,0.0010680734,0.0,0.0,0.0,0.0010303723,0.0010114213,0.0010674439,0.001090003,0.0010717424,0.0010600712,0.0,0.0010303723,0.0010114213,0.0010674439,0.0010788715,0.0010718082,0.0,0.0,0.0010303723,0.0010114213,0.0010674439,0.0010900025,0.0010717575,0.0,0.0010464212,0.0,0.001060071,0.0010464212,0.0010674439,0.0010717374,0.0,0.0,0.0010303723,0.0010114213,0.0010674439,0.0010900008,0.0,0.0010600731,0.0,0.0010303723,0.0010114213,0.0010674439,0.0010788632,0.0,0.0,0.0010464224,0.0010600727,0.0,0.0010303723,0.0010600714,0.0010717615,0.0010600714,0.0,0.0010303722,0.0010114213,0.0010674439,0.0010788627,0.0,0.0,0.0010464215,0.0010303723,0.0010208929,0.0010314531,0.0011070736,0.0,0.0,0.0010464212,0.0,0.001060071,0.0010464212,0.0010674439,0.0,0.0010600762,0.0,0.0010600713,0.0,0.001060071,0.0010464214,0.0,0.0,0.0010464425,0.001030376,0.0010208929,0.0010314531,0.0011070739,0.0,0.001060123,0.0010600765,0.0010544012,0.0010657086,0.0,0.0009889764,0.0,0.0010600743,0.0010464225,0.0,0.0010600715,0.0010464214,0.0010390503,0.0010717394,0.001060071,0.0010464212,0.0,0.001060071,0.0010464212,0.0010390484,0.0,0.0010600712,0.0010464214,0.001039047,0.0010500907,0.0010561098,0.0010680729,0.0010717334,0.001060071,0.0010464212,0.001039047,0.0010500907,0.0010561098,0.0010680729,0.0010717615,0.0,0.0,0.0010303723,0.0010114213,0.0010674439,0.0010900007,0.0010717401,0.0,0.0010464212,0.0010303723,0.0010208929,0.0010314531,0.0011070735,0.0,0.0010600713,0.0,0.0010303723,0.0010114213,0.0010674439,0.0010788626,0.001071751,0.0,0.0010464212,0.0010303723,0.0010208929,0.0010314531,0.0011070822,0.0,0.001060071,0.0010464212,0.001039047,0.0010500907,0.0010561098,0.0010680744,0.001071734,0.001060071,0.0010464212,0.001039047,0.0010500907,0.0010561098,0.0010680726,0.0,0.0010600719,0.0010464214,0.0010390471,0.0010500907,0.0010561098,0.0010680729,0.0,0.0,0.0010464212,0.0010303723,0.0010208929,0.0010314531,0.0011070733,0.0010717355,0.001060071,0.0,0.0,0.0010600713,0.0010600712,0.001054401,0.0010717658,0.0,0.0010464217,0.0,0.0010600713,0.0010464212,0.0010674482,0.0010718465,0.0,0.0010600714,0.0010464214,0.001039047,0.0,0.001060072,0.0,0.001060071,0.0,0.0010303723,0.0010114213,0.0010674438,0.0010788713,0.0010717395,0.0,0.0010464212,0.0010303723,0.0010208929,0.001031454,0.001107141,0.001071749,0.0,0.0,0.0010303723,0.0010114213,0.0010674439,0.0010900006,0.0,0.0010600713,0.0010464214,0.001039047,0.0010500907,0.0010561098,0.0010680726,0.0010717227,0.0010600712,0.0010464214,0.0,0.001060071,0.0010464212,0.0010390483,0.0010717363,0.0,0.0010464214,0.0010303723,0.0010208929,0.0010314531,0.0011070755,0.0010717375,0.0,0.0010464214,0.0010303723,0.0010208929,0.0010314533,0.001107076,0.0,0.0010600713,0.0010600715,0.0010544005,0.0010657085,0.0,0.0009890152,0.0010717676,0.0,0.0010464214,0.0010303723,0.0010208929,0.0010314531,0.0011070732,0.0010717387,0.0,0.0,0.0010303723,0.0010114213,0.0010674439,0.0010900026,0.0010717957,0.0010600724,0.0,0.0010303736,0.0010114218,0.0010674439,0.0010788708,0.0,0.001060071,0.0010464214,0.001039047,0.0010500907,0.0010561098,0.0010680726,0.0,0.0010600728,0.0,0.0010303723,0.0010114213,0.0010674439,0.0010788626,0.0,0.001060071,0.0010464215,0.001039047,0.0010500907,0.0010561098,0.001068073,0.00107175,0.0010600713,0.0010464214,0.0010390473,0.0010500907,0.0010561098,0.001068073,0.0,0.0,0.0,0.0010303723,0.0010114213,0.0010674439,0.0010900013,0.0010717331,0.001060071,0.0,0.0010303723,0.0010114213,0.0010674439,0.0010788637,0.0010717459,0.001060071,0.0010464212,0.0010674439,0.0,0.0010303723,0.0010114216,0.0,0.001060071,0.0010464212,0.001039047,0.0010500907,0.0010561098,0.0010680736,0.0,0.001060071,0.0010464212,0.001039047,0.0010500907,0.0010561098,0.001068073,0.0,0.001060072,0.0010464214,0.001039047,0.0010500907,0.0010561098,0.001068075,0.0010717441,0.001060071,0.0010464212,0.001039047,0.0010500907,0.0010561098,0.0010680734,0.0,0.0,0.0010464212,0.0010303723,0.0010208929,0.0010314531,0.0011070737,0.0,0.001060071,0.0010464212,0.001039047,0.0010500907,0.0010561098,0.0010680727,0.0010718994,0.0010600731,0.0010464214,0.0010390473,0.0010500907,0.0010561098,0.0010680753
k__Bacteria|p__Firmicutes|c__Clostridia|o__Eubacteriales|f__Eubacteriaceae|g__Eubacterium|s__Eubacterium_maltosivorans,0.0,0.0010614574,0.0010478159,0.0010404242,0.0010513914,0.0010573436,0.0010692398,0.0,0.0010614573,0.0010478159,0.0010404242,0.0010513914,0.0010573436,0.0010692398,0.0,0.0,0.0010478342,0.0010317863,0.0010222767,0.0010327637,0.001108242,0.0010731423,0.0,0.0010478159,0.0010317733,0.0010222759,0.0010327637,0.001108241,0.0,0.0,0.0010478159,0.0010317733,0.0010222759,0.0010327637,0.001108241,0.0010731105,0.0010614572,0.0010478159,0.0010404242,0.0010513914,0.0010573436,0.0010692398,0.0,0.001061458,0.001047816,0.0010404242,0.0010513914,0.0010573436,0.0010692405,0.0010731106,0.0010614572,0.0010478159,0.0010404242,0.0010513914,0.0010573436,0.0010692398,0.0,0.0010614577,0.0010478164,0.0010404243,0.0010513914,0.0010573436,0.0010692406,0.0,0.0010614573,0.0010478159,0.0010404242,0.0010513914,0.0010573436,0.0010692398,0.0,0.0010614573,0.0,0.0010317733,0.0010128263,0.001068803,0.0010801401,0.0,0.0010614572,0.0010478159,0.0010404242,0.0010513914,0.0010573436,0.0010692405,0.0,0.0,0.0,0.0010317733,0.0010128263,0.001068803,0.0010912643,0.0010731177,0.0010614573,0.0,0.0010317733,0.0010128263,0.001068803,0.0010801468,0.0010731708,0.0,0.0,0.0010317733,0.0010128263,0.001068803,0.0010912636,0.0010731305,0.0,0.0010478159,0.0,0.0010614572,0.0010478159,0.0010688032,0.0010731128,0.0,0.0,0.0010317733,0.0010128263,0.001068803,0.0010912621,0.0,0.0010614591,0.0,0.0010317733,0.0010128263,0.001068803,0.0010801385,0.0,0.0,0.0010478172,0.0010614586,0.0,0.0010317733,0.0010614574,0.0010731358,0.0010614577,0.0,0.0010317732,0.0010128263,0.001068803,0.0010801383,0.0,0.0,0.001047816,0.0010317733,0.0010222759,0.0010327637,0.0011082415,0.0,0.0,0.0010478159,0.0,0.0010614572,0.0010478159,0.0010688031,0.0,0.0010614622,0.0,0.0010614574,0.0,0.0010614572,0.0010478159,0.0,0.0,0.0010478371,0.0010317767,0.0010222761,0.0010327637,0.001108242,0.0,0.0010615021,0.0010614624,0.0010557699,0.0010669971,0.0,0.0009903836,0.0,0.0010614599,0.0010478168,0.0,0.0010614577,0.0010478159,0.0010404274,0.0010731166,0.0010614572,0.0010478159,0.0,0.0010614572,0.0010478159,0.0010404254,0.0,0.0010614573,0.0010478159,0.0010404242,0.0010513914,0.0010573436,0.0010692398,0.0010731103,0.0010614572,0.0010478159,0.0010404242,0.0010513914,0.0010573436,0.0010692398,0.0010731332,0.0,0.0,0.0010317733,0.0010128263,0.001068803,0.0010912621,0.0010731146,0.0,0.0010478159,0.0010317733,0.0010222759,0.0010327637,0.0011082416,0.0,0.0010614574,0.0,0.0010317733,0.0010128263,0.001068803,0.001080138,0.0010731256,0.0,0.0010478159,0.0010317733,0.0010222759,0.0010327637,0.0011082488,0.0,0.0010614572,0.0010478159,0.0010404242,0.0010513914,0.0010573436,0.0010692417,0.001073111,0.0010614572,0.0010478159,0.0010404242,0.0010513914,0.0010573436,0.0010692398,0.0,0.0010614581,0.0010478159,0.0010404242,0.0010513914,0.0010573436,0.00106924,0.0,0.0,0.0010478159,0.0010317733,0.0010222759,0.0010327637,0.0011082414,0.0010731121,0.0010614572,0.0,0.0,0.0010614574,0.0010614573,0.00105577,0.0010731443,0.0,0.0010478159,0.0,0.0010614574,0.0010478159,0.0010688062,0.0010732092,0.0,0.0010614577,0.0010478159,0.0010404242,0.0,0.0010614581,0.0,0.0010614572,0.0,0.0010317733,0.0010128263,0.0010688029,0.0010801443,0.0010731157,0.0,0.0010478159,0.0010317733,0.0010222759,0.0010327642,0.0011082987,0.0010731281,0.0,0.0,0.0010317733,0.0010128263,0.001068803,0.0010912622,0.0,0.0010614574,0.0010478159,0.0010404242,0.0010513914,0.0010573436,0.0010692398,0.0010731207,0.0010614576,0.0010478159,0.0,0.0010614572,0.0010478159,0.0010404255,0.001073112,0.0,0.0010478159,0.0010317733,0.0010222759,0.0010327637,0.0011082434,0.0010731138,0.0,0.0010478159,0.0010317733,0.0010222761,0.0010327639,0.001108243,0.0,0.0010614576,0.0010614577,0.0010557694,0.0010669973,0.0,0.0009904291,0.0010731368,0.0,0.0010478159,0.0010317733,0.0010222759,0.0010327637,0.001108241,0.0010731152,0.0,0.0,0.0010317733,0.0010128263,0.001068803,0.0010912641,0.001073168,0.0010614581,0.0,0.0010317743,0.0010128268,0.001068803,0.0010801455,0.0,0.0010614573,0.0010478159,0.0010404242,0.0010513914,0.0010573436,0.0010692398,0.0,0.0010614588,0.0,0.0010317733,0.0010128263,0.001068803,0.001080138,0.0,0.0010614573,0.001047816,0.0010404242,0.0010513914,0.0010573436,0.0010692398,0.0010731231,0.0010614576,0.0010478159,0.0010404246,0.0010513914,0.0010573436,0.0010692402,0.0,0.0,0.0,0.0010317733,0.0010128263,0.001068803,0.0010912626,0.0010731102,0.0010614572,0.0,0.0010317733,0.0010128263,0.001068803,0.0010801391,0.0010731221,0.0010614573,0.0010478159,0.001068803,0.0,0.0010317733,0.0010128265,0.0,0.0010614572,0.0010478159,0.0010404242,0.0010513914,0.0010573436,0.001069241,0.0,0.0010614572,0.0010478159,0.0010404242,0.0010513914,0.0010573436,0.0010692402,0.0,0.0010614579,0.0010478159,0.0010404242,0.0010513914,0.0010573436,0.0010692421,0.0010731174,0.0010614572,0.0010478159,0.0010404242,0.0010513914,0.0010573436,0.0010692403,0.0,0.0,0.0010478159,0.0010317733,0.0010222759,0.0010327637,0.0011082415,0.0,0.0010614572,0.0010478159,0.0010404242,0.0010513914,0.0010573436,0.0010692398,0.0010733266,0.0010614591,0.0010478159,0.0010404242,0.0010513914,0.0010573436,0.0010692431
k__Bacteria|p__Firmicutes|c__Clostridia|o__Eubacteriales|f__Clostridiaceae|g__Lactonifactor|s__Lactonifactor_sp_BIOML_A6,0.0,0.0010602338,0.0010464553,0.0010388893,0.0010495913,0.0010552761,0.0010670037,0.0,0.0010602339,0.0010464553,0.0010388893,0.0010495913,0.0010552761,0.0010670034,0.0,0.0,0.0010464666,0.0010302778,0.0010205935,0.0010308042,0.0011068061,0.001072054,0.0,0.0010464553,0.001030271,0.0010205928,0.0010308042,0.0011068054,0.0,0.0,0.0010464553,0.001030271,0.0010205928,0.0010308042,0.0011068054,0.0010720175,0.0010602338,0.0010464553,0.0010388893,0.0010495913,0.0010552761,0.0010670034,0.0,0.0010602344,0.0010464556,0.0010388893,0.0010495913,0.0010552761,0.001067004,0.0010720176,0.0010602338,0.0010464553,0.0010388893,0.0010495913,0.0010552761,0.0010670035,0.0,0.001060234,0.0010464562,0.0010388894,0.0010495913,0.0010552761,0.0010670042,0.0,0.0010602339,0.0010464553,0.0010388893,0.0010495913,0.0010552761,0.0010670034,0.0,0.0010602339,0.0,0.001030271,0.0010111784,0.0010675503,0.0010786458,0.0,0.0010602338,0.0010464553,0.0010388893,0.0010495913,0.0010552761,0.0010670042,0.0,0.0,0.0,0.001030271,0.0010111784,0.0010675503,0.0010899134,0.0010720278,0.0010602339,0.0,0.001030271,0.0010111784,0.0010675503,0.0010786528,0.0010721067,0.0,0.0,0.0010302712,0.0010111784,0.0010675503,0.001089913,0.0010720447,0.0,0.0010464553,0.0,0.0010602338,0.0010464553,0.0010675505,0.001072021,0.0,0.0,0.001030271,0.0010111784,0.0010675503,0.0010899117,0.0,0.0010602351,0.0,0.001030271,0.0010111784,0.0010675503,0.0010786447,0.0,0.0,0.0010464563,0.001060235,0.0,0.001030271,0.001060234,0.0010720405,0.001060234,0.0,0.001030271,0.0010111784,0.0010675503,0.0010786443,0.0,0.0,0.0010464556,0.001030271,0.0010205928,0.0010308042,0.0011068058,0.0,0.0,0.0010464553,0.0,0.0010602338,0.0010464553,0.0010675504,0.0,0.0010602361,0.0,0.001060234,0.0,0.0010602338,0.0010464555,0.0,0.0,0.0010464677,0.0010302729,0.0010205929,0.0010308042,0.0011068059,0.0,0.001060265,0.0010602371,0.0010543786,0.0010653528,0.0,0.000988586,0.0,0.0010602357,0.0010464562,0.0,0.001060234,0.0010464556,0.0010388917,0.0010720225,0.0010602338,0.0010464553,0.0,0.0010602338,0.0010464553,0.0010388906,0.0,0.001060234,0.0010464555,0.0010388893,0.0010495913,0.0010552761,0.0010670034,0.0010720172,0.0010602338,0.0010464553,0.0010388893,0.0010495913,0.0010552761,0.0010670034,0.0010720508,0.0,0.0,0.001030271,0.0010111784,0.0010675503,0.0010899114,0.0010720245,0.0,0.0010464553,0.001030271,0.0010205928,0.0010308042,0.0011068056,0.0,0.001060234,0.0,0.001030271,0.0010111784,0.0010675503,0.0010786443,0.0010720346,0.0,0.0010464553,0.001030271,0.0010205928,0.0010308042,0.0011068134,0.0,0.0010602338,0.0010464553,0.0010388893,0.0010495913,0.0010552761,0.0010670054,0.001072018,0.0010602338,0.0010464553,0.0010388893,0.0010495913,0.0010552761,0.0010670034,0.0,0.0010602341,0.0010464556,0.0010388893,0.0010495913,0.0010552761,0.0010670037,0.0016233111,0.0,0.0010464553,0.001030271,0.0010205928,0.0010308042,0.0011068055,0.0010720198,0.0010602338,0.0,0.0,0.001060234,0.0010602339,0.0010543788,0.0010720568,0.0,0.0010464556,0.0,0.001060234,0.0010464553,0.0010675535,0.0010721525,0.0,0.0010602339,0.0010464556,0.0010388893,0.0,0.0010602345,0.0,0.0010602338,0.0,0.001030271,0.0010111784,0.0010675503,0.0010786499,0.0010720234,0.0,0.0010464553,0.001030271,0.0010205929,0.0010308047,0.0011068643,0.0010720323,0.0,0.0,0.001030271,0.0010111784,0.0010675503,0.0010899114,0.0,0.001060234,0.0010464555,0.0010388893,0.0010495913,0.0010552761,0.0010670034,0.0010720332,0.0010602339,0.0010464556,0.0,0.0010602339,0.0010464553,0.0010388903,0.0010720205,0.0,0.0010464556,0.0010302712,0.0010205928,0.0010308042,0.0011068074,0.0010720214,0.0,0.0010464555,0.001030271,0.0010205929,0.0010308042,0.0011068076,0.0,0.0010602339,0.001060234,0.0010543785,0.0010653527,0.0,0.0009886215,0.0010720593,0.0,0.0010464556,0.001030271,0.0010205928,0.0010308042,0.0011068054,0.001072023,0.0,0.0,0.001030271,0.0010111784,0.0010675503,0.0010899131,0.0010720973,0.0010602347,0.0,0.001030272,0.001011179,0.0010675503,0.0010786521,0.0,0.001060234,0.0010464556,0.0010388893,0.0010495913,0.0010552761,0.0010670034,0.0,0.0010602345,0.0,0.001030271,0.0010111784,0.0010675503,0.0010786443,0.0,0.0010602339,0.0010464556,0.0010388893,0.0010495913,0.0010552761,0.0010670035,0.0010720352,0.0010602338,0.0010464556,0.0010388894,0.0010495913,0.0010552761,0.0010670038,0.0,0.0,0.0,0.001030271,0.0010111784,0.0010675503,0.0010899119,0.0010720171,0.0010602338,0.0,0.001030271,0.0010111784,0.0010675503,0.0010786451,0.0010720296,0.001060234,0.0010464553,0.0010675503,0.0,0.001030271,0.0010111785,0.0,0.0010602338,0.0010464553,0.0010388893,0.0010495913,0.0010552761,0.0010670044,0.0,0.0010602338,0.0010464553,0.0010388893,0.0010495913,0.0010552761,0.0010670037,0.0,0.0010602343,0.0010464556,0.0010388893,0.0010495913,0.0010552761,0.0010670054,0.0010720283,0.0010602338,0.0010464553,0.0010388893,0.0010495913,0.0010552761,0.0010670038,0.0,0.0,0.0010464553,0.001030271,0.0010205928,0.0010308042,0.0011068059,0.0,0.0010602338,0.0010464553,0.0010388893,0.0010495913,0.0010552761,0.0010670034,0.0010722065,0.001060235,0.0010464556,0.0010388892,0.0010495913,0.0010552761,0.0010670064
k__Bacteria|p__Firmicutes|c__Bacilli|o__Lactobacillales|f__Streptococcaceae|g__Streptococcus|s__Streptococcus_rubneri,0.0,0.0010618105,0.0010481654,0.0010407611,0.0010516943,0.0010576154,0.0010694849,0.0,0.0010618104,0.0010481654,0.0010407611,0.0010516943,0.0010576154,0.0010694849,0.0,0.0,0.0010481853,0.0010321311,0.0010226092,0.0010330627,0.0011085215,0.0010735191,0.0,0.0010481654,0.0010321187,0.0010226081,0.0010330627,0.0011085211,0.0,0.0,0.0010481654,0.0010321187,0.0010226081,0.0010330627,0.0011085211,0.0010734666,0.0010618103,0.0010481654,0.0010407611,0.0010516943,0.0010576154,0.0010694847,0.0,0.0010618113,0.0010481655,0.0010407611,0.0010516943,0.0010576154,0.0010694857,0.0010734667,0.0010618103,0.0010481654,0.0010407611,0.0010516943,0.0010576154,0.0010694847,0.0,0.0010618108,0.0010481663,0.0010407616,0.0010516943,0.0010576154,0.0010694854,0.0,0.0010618104,0.0010481654,0.0010407611,0.0010516943,0.0010576154,0.0010694847,0.0,0.0010618104,0.0,0.0010321187,0.0010131667,0.0010691471,0.0010804489,0.0,0.0010618103,0.0010481654,0.0010407611,0.0010516943,0.0010576154,0.0010694853,0.0,0.0,0.0,0.0010321187,0.0010131667,0.0010691471,0.0010915753,0.0010734821,0.0010618104,0.0,0.0010321187,0.0010131667,0.0010691471,0.0010804555,0.0010735766,0.0,0.0,0.0010321187,0.0010131667,0.0010691471,0.0010915747,0.0010735069,0.0,0.0010481654,0.0,0.0010618103,0.0010481654,0.001069147,0.0010734721,0.0,0.0,0.0010321187,0.0010131667,0.0010691471,0.0010915732,0.0,0.0010618126,0.0,0.0010321187,0.0010131667,0.0010691471,0.0010804475,0.0,0.0,0.0010481668,0.0010618123,0.0,0.0010321187,0.0010618108,0.0010735033,0.0010618108,0.0,0.0010321186,0.0010131667,0.0010691471,0.001080447,0.0,0.0,0.0010481655,0.0010321187,0.0010226081,0.0010330627,0.0011085216,0.0,0.0,0.0010481654,0.0,0.0010618103,0.0010481654,0.001069147,0.0,0.0010618153,0.0,0.0010618104,0.0,0.0010618103,0.0010481655,0.0,0.0,0.0010481878,0.0010321225,0.0010226084,0.0010330627,0.0011085216,0.0,0.0010618689,0.0010618167,0.0010561111,0.0010673037,0.0,0.0009907157,0.0,0.0010618138,0.0010481665,0.0,0.0010618108,0.0010481656,0.0010407645,0.0010734769,0.0010618103,0.0010481654,0.0,0.0010618103,0.0010481654,0.0010407623,0.0,0.0010618108,0.0010481655,0.0010407611,0.0010516943,0.0010576154,0.0010694847,0.0010734664,0.0010618103,0.0010481654,0.0010407611,0.0010516943,0.0010576154,0.0010694847,0.0010735093,0.0,0.0,0.0010321187,0.0010131667,0.0010691471,0.0010915732,0.0010734759,0.0,0.0010481654,0.0010321187,0.0010226081,0.0010330627,0.0011085212,0.0,0.0010618104,0.0,0.0010321187,0.0010131667,0.0010691471,0.0010804472,0.0010734932,0.0,0.0010481654,0.0010321187,0.0010226081,0.0010330627,0.0011085306,0.0,0.0010618103,0.0010481654,0.0010407611,0.0010516943,0.0010576154,0.001069486,0.001073468,0.0010618103,0.0010481654,0.0010407611,0.0010516943,0.0010576154,0.0010694847,0.0,0.0010618111,0.0010481656,0.0010407611,0.0010516943,0.0010576154,0.0010694849,0.0,0.0,0.0010481654,0.0010321187,0.0010226081,0.0010330627,0.0011085212,0.0010734707,0.0010618103,0.0,0.0,0.0010618104,0.0010618104,0.0010561106,0.001073522,0.0,0.0010481657,0.0,0.0010618104,0.0010481654,0.0010691521,0.0010736379,0.0,0.0010618108,0.0010481656,0.0010407611,0.0,0.0010618112,0.0,0.0010618102,0.0,0.0010321187,0.0010131667,0.0010691469,0.0010804546,0.0010734757,0.0,0.0010481654,0.0010321187,0.0010226084,0.0010330636,0.0011085926,0.0010734885,0.0,0.0,0.0010321187,0.0010131667,0.0010691471,0.0010915732,0.0,0.0010618108,0.0010481655,0.0010407611,0.0010516943,0.0010576154,0.0010694849,0.0010734928,0.0010618106,0.0010481656,0.0,0.0010618106,0.0010481654,0.0010407629,0.001073471,0.0,0.0010481656,0.0010321188,0.0010226084,0.0010330627,0.0011085233,0.0010734726,0.0,0.0010481655,0.0010321187,0.0010226084,0.0010330628,0.0011085233,0.0,0.0010618106,0.0010618108,0.0010561104,0.0010673035,0.0,0.0009907535,0.0010735221,0.0,0.0010481656,0.0010321187,0.0010226081,0.0010330627,0.0011085209,0.0010734751,0.0,0.0,0.0010321187,0.0010131667,0.0010691471,0.0010915747,0.0010735661,0.0010618117,0.0,0.00103212,0.001013167,0.001069147,0.0010804555,0.0,0.0010618108,0.0010481656,0.0010407611,0.0010516943,0.0010576154,0.0010694847,0.0,0.0010618122,0.0,0.0010321187,0.0010131667,0.0010691471,0.0010804472,0.0,0.0010618106,0.0010481655,0.0010407611,0.0010516943,0.0010576154,0.0010694849,0.0010734886,0.0010618106,0.0010481655,0.0010407617,0.0010516944,0.0010576154,0.001069485,0.0,0.0,0.0,0.0010321187,0.0010131667,0.0010691471,0.0010915736,0.0010734663,0.0010618103,0.0,0.0010321187,0.0010131667,0.0010691471,0.0010804482,0.0010734842,0.0010618108,0.0010481654,0.0010691471,0.0,0.0010321187,0.0010131669,0.0,0.0010618103,0.0010481654,0.0010407611,0.0010516943,0.0010576154,0.0010694853,0.0,0.0010618103,0.0010481654,0.0010407611,0.0010516943,0.0010576154,0.001069485,0.0,0.0010618113,0.0010481656,0.0010407611,0.0010516944,0.0010576154,0.0010694864,0.0010734822,0.0010618103,0.0010481654,0.0010407611,0.0010516943,0.0010576154,0.0010694853,0.0,0.0,0.0010481654,0.0010321187,0.0010226081,0.0010330627,0.0011085216,0.0,0.0010618103,0.0010481654,0.0010407611,0.0010516943,0.0010576154,0.0010694847,0.0010737291,0.0010618127,0.0010481657,0.0010407612,0.0010516944,0.0010576154,0.001069487
k__Bacteria|p__Firmicutes|c__Erysipelotrichia|o__Erysipelotrichales|f__Erysipelotrichaceae|g__Solobacterium|s__Solobacterium_moorei,0.0,0.0010621371,0.0010484293,0.0010409263,0.0010516753,0.0010574174,0.0010691574,0.0,0.0010621373,0.0010484293,0.0010409263,0.0010516753,0.0010574174,0.0010691575,0.0,0.0,0.0010484474,0.0010323267,0.0010227043,0.0010329705,0.0011085948,0.0010738863,0.0,0.0010484293,0.0010323162,0.0010227035,0.0010329705,0.0011085941,0.0,0.0,0.0010484293,0.0010323162,0.0010227035,0.0010329705,0.0011085942,0.0010738522,0.0010621372,0.0010484293,0.0010409263,0.0010516753,0.0010574174,0.0010691575,0.0,0.0010621382,0.0010484296,0.0010409263,0.0010516753,0.0010574174,0.0010691584,0.001073852,0.0010621372,0.0010484293,0.0010409263,0.0010516753,0.0010574174,0.0010691575,0.0,0.0010621372,0.0010484306,0.0010409266,0.0010516753,0.0010574174,0.0010691583,0.0,0.0010621373,0.0010484293,0.0010409263,0.0010516753,0.0010574174,0.0010691575,0.0,0.0010621373,0.0,0.0010323162,0.0010132939,0.0010694407,0.0010805657,0.0,0.0010621372,0.0010484293,0.0010409263,0.0010516753,0.0010574174,0.0010691578,0.0,0.0,0.0,0.0010323162,0.0010132939,0.0010694411,0.0010917553,0.001073864,0.0010621373,0.0,0.0010323162,0.0010132939,0.0010694411,0.0010805746,0.0010739509,0.0,0.0,0.0010323164,0.0010132939,0.0010694411,0.0010917543,0.001073885,0.0,0.0010484293,0.0,0.0010621372,0.0010484293,0.001069441,0.0010738571,0.0,0.0,0.0010323162,0.0010132939,0.0010694407,0.0010917523,0.0,0.001062139,0.0,0.0010323162,0.0010132939,0.0010694407,0.0010805642,0.0,0.0,0.0010484303,0.0010621394,0.0,0.0010323162,0.0010621375,0.0010738804,0.0010621372,0.0,0.0010323162,0.0010132939,0.0010694407,0.0010805636,0.0,0.0,0.0010484296,0.0010323162,0.0010227035,0.0010329705,0.0011085947,0.0,0.0,0.0010484293,0.0,0.0010621372,0.0010484293,0.001069441,0.0,0.0010621403,0.0,0.0010621373,0.0,0.0010621372,0.0010484294,0.0,0.0,0.0010484486,0.0010323193,0.0010227035,0.0010329705,0.0011085947,0.0,0.0010621952,0.0010621428,0.0010563423,0.0010673543,0.0,0.0009907705,0.0,0.00106214,0.0010484306,0.0,0.0010621374,0.0010484294,0.0010409299,0.0010738584,0.0010621372,0.0010484293,0.0,0.0010621372,0.0010484293,0.001040928,0.0,0.0010621373,0.0010484294,0.0010409263,0.0010516753,0.0010574174,0.0010691574,0.001073852,0.0010621372,0.0010484293,0.0010409263,0.0010516753,0.0010574174,0.0010691575,0.0010738913,0.0,0.0,0.001032316,0.0010132939,0.0010694407,0.001091752,0.0010738627,0.0,0.0010484293,0.0010323162,0.0010227035,0.0010329705,0.0011085945,0.0,0.0010621373,0.0,0.0010323162,0.0010132939,0.0010694407,0.001080564,0.0010738708,0.0,0.0010484293,0.0010323162,0.0010227035,0.0010329705,0.001108607,0.0,0.0010621372,0.0010484293,0.0010409263,0.0010516753,0.0010574174,0.0010691592,0.0010738528,0.0010621372,0.0010484293,0.0010409263,0.0010516753,0.0010574174,0.0010691575,0.0,0.0010621378,0.0010484294,0.0010409263,0.0010516753,0.0010574174,0.0010691574,0.0,0.0,0.0010484293,0.0010323162,0.0010227035,0.0010329705,0.0011085942,0.0010738545,0.0010621372,0.0,0.0,0.0010621373,0.0010621373,0.0010563423,0.00107389,0.0,0.0010484298,0.0,0.0010621373,0.0010484293,0.0010694462,0.0010739944,0.0,0.0010621373,0.0010484294,0.0010409263,0.0,0.0010621384,0.0,0.0010621371,0.0,0.0010323162,0.0010132939,0.001069441,0.0010805711,0.0010738588,0.0026941139,0.0010484293,0.0010323162,0.0010227035,0.0010329714,0.0011086941,0.0010738664,0.0,0.0,0.0010323162,0.0010132939,0.0010694407,0.001091752,0.0,0.0010621373,0.0010484294,0.0010409263,0.0010516753,0.0010574174,0.0010691575,0.0010738485,0.0010621374,0.0010484294,0.0,0.0010621372,0.0010484293,0.0010409281,0.0010738565,0.0,0.0010484294,0.0010323164,0.0010227035,0.0010329705,0.001108597,0.0010738566,0.0,0.0010484294,0.0010323162,0.0010227035,0.0010329707,0.0011085971,0.0,0.0010621374,0.0010621374,0.0010563418,0.0010673542,0.0,0.0009908113,0.0010739021,0.0,0.0010484294,0.0010323162,0.0010227035,0.0010329705,0.0011085942,0.0010738586,0.0,0.0,0.001032316,0.0010132939,0.0010694411,0.0010917543,0.0010739341,0.0010621386,0.0,0.0010323176,0.0010132943,0.001069441,0.0010805748,0.0,0.0010621373,0.0010484294,0.0010409263,0.0010516753,0.0010574174,0.0010691575,0.0,0.0010621381,0.0,0.001032316,0.0010132939,0.0010694407,0.001080564,0.0,0.0010621373,0.0010484296,0.0010409263,0.0010516753,0.0010574174,0.0010691575,0.0010738733,0.0010621372,0.0010484296,0.0010409266,0.0010516753,0.0010574174,0.0010691576,0.0,0.0,0.0,0.0010323162,0.0010132939,0.0010694407,0.0010917524,0.0010738514,0.0010621372,0.0,0.0010323162,0.0010132939,0.0010694407,0.0010805652,0.0010738642,0.0010621373,0.0010484293,0.0010694407,0.0,0.0010323162,0.001013294,0.0,0.0010621372,0.0010484293,0.0010409263,0.0010516753,0.0010574174,0.0010691582,0.0,0.0010621372,0.0010484293,0.0010409263,0.0010516753,0.0010574174,0.0010691578,0.0,0.0010621382,0.0010484294,0.0010409263,0.0010516753,0.0010574176,0.0010691596,0.0010738677,0.0010621372,0.0010484293,0.0010409263,0.0010516753,0.0010574174,0.0010691582,0.0,0.0,0.0010484293,0.0010323162,0.0010227035,0.0010329705,0.0011085949,0.0,0.0010621372,0.0010484293,0.0010409263,0.0010516753,0.0010574174,0.0010691575,0.001073983,0.001062139,0.0010484296,0.0010409261,0.0010516753,0.0010574176,0.0010691601
k__Bacteria|p__Firmicutes|c__Erysipelotrichia|o__Erysipelotrichales|f__Turicibacteraceae|g__Turicibacter|s__Turicibacter_sanguinis,0.0,0.0010590598,0.0010454779,0.0010382254,0.0010495149,0.0010557702,0.0010679124,0.0,0.0010590599,0.0010454779,0.0010382254,0.0010495149,0.0010557702,0.0010679124,0.0,0.0,0.0010454903,0.0010295109,0.0010201489,0.001030957,0.0011064531,0.0010706948,0.0,0.0010454779,0.0010295023,0.0010201486,0.0010309573,0.0011064529,0.0,0.0,0.0010454779,0.0010295023,0.0010201486,0.0010309573,0.0011064529,0.001070659,0.0010590598,0.0010454779,0.0010382254,0.0010495149,0.0010557702,0.0010679127,0.0,0.0010590599,0.0010454779,0.0010382254,0.0010495149,0.0010557702,0.0010679129,0.0010706591,0.0010590598,0.0010454779,0.0010382254,0.0010495149,0.0010557702,0.0010679126,0.0,0.00105906,0.0010454785,0.0010382254,0.0010495149,0.0010557702,0.001067913,0.0,0.0010590599,0.0010454779,0.0010382254,0.0010495149,0.0010557702,0.0010679128,0.0,0.0010590599,0.0,0.0010295023,0.0010106302,0.0010664826,0.0010781435,0.0,0.0010590598,0.0010454779,0.0010382253,0.0010495149,0.0010557702,0.0010679124,0.0,0.0,0.0,0.0010295023,0.0010106302,0.0010664826,0.0010892155,0.0010706679,0.0010590599,0.0,0.0010295023,0.0010106297,0.0010664826,0.001078145,0.0010707232,0.0,0.0,0.0010295024,0.0010106297,0.0010664826,0.0010892159,0.0010706828,0.0,0.0010454779,0.0,0.0010590598,0.0010454779,0.0010664823,0.0010706612,0.0,0.0,0.0010295023,0.0010106302,0.0010664826,0.001089216,0.0,0.0010590608,0.0,0.0010295023,0.0010106302,0.0010664826,0.001078143,0.0,0.0,0.0010454785,0.0010590608,0.0,0.0010295023,0.00105906,0.0010706811,0.00105906,0.0,0.0010295023,0.0010106302,0.0010664826,0.0010781429,0.0,0.0,0.001045478,0.0010295023,0.0010201486,0.0010309573,0.001106453,0.0,0.0,0.0010454779,0.0,0.0010590598,0.0010454779,0.0010664823,0.0,0.0010590624,0.0,0.00105906,0.0,0.0010590598,0.001045478,0.0,0.0,0.0010454913,0.0010295045,0.0010201485,0.0010309573,0.0011064527,0.0,0.0010590883,0.0010590632,0.0010535067,0.0010650583,0.0,0.0009882622,0.0,0.001059061,0.0010454787,0.0,0.00105906,0.0010454779,0.0010382268,0.0010706658,0.0010590598,0.0010454779,0.0021254122,0.0010590598,0.0010454779,0.0010382257,0.0,0.00105906,0.001045478,0.0010382253,0.0010495149,0.0010557702,0.0010679124,0.0010706591,0.0010590598,0.0010454779,0.0010382254,0.0010495149,0.0010557702,0.0010679124,0.0010706815,0.0,0.0,0.0010295023,0.0010106302,0.0010664826,0.0010892162,0.0010706636,0.0,0.0010454779,0.0010295023,0.0010201486,0.0010309573,0.0011064529,0.0,0.00105906,0.0,0.0010295023,0.0010106302,0.0010664826,0.0010781429,0.0010706749,0.0,0.0010454779,0.0010295023,0.0010201486,0.0010309573,0.0011064537,0.0,0.0010590598,0.0010454779,0.0010382254,0.0010495149,0.0010557702,0.0010679127,0.0010706602,0.0010590598,0.0010454779,0.0010382254,0.0010495149,0.0010557702,0.0010679124,0.0,0.0010590601,0.0010454779,0.0010382253,0.0010495149,0.0010557702,0.0010679124,0.0,0.0,0.0010454779,0.0010295023,0.0010201486,0.0010309573,0.0011064529,0.0010706616,0.0010590598,0.0,0.0,0.00105906,0.0010590599,0.0010535063,0.0010706962,0.0,0.001045478,0.0,0.00105906,0.0010454779,0.0010664838,0.0010707648,0.0,0.00105906,0.0010454779,0.0010382253,0.0,0.00105906,0.0,0.0010590598,0.0,0.0010295023,0.0010106297,0.0010664825,0.0010781462,0.0010706646,0.0,0.0010454779,0.0010295023,0.0010201485,0.0010309573,0.0011064574,0.0010706738,0.0,0.0,0.0010295023,0.0010106302,0.0010664826,0.0010892162,0.0,0.00105906,0.001045478,0.0010382254,0.0010495149,0.0010557702,0.0010679124,0.0010706958,0.0010590599,0.0010454779,0.0,0.0010590599,0.0010454779,0.001038226,0.0010706609,0.0,0.0010454779,0.0010295024,0.0010201486,0.0010309573,0.0011064525,0.0010706622,0.0,0.001045478,0.0010295023,0.0010201485,0.001030957,0.0011064529,0.0,0.0010590599,0.00105906,0.0010535063,0.0010650582,0.0,0.0009882849,0.0010706886,0.0,0.0010454779,0.0010295023,0.0010201486,0.0010309573,0.0011064529,0.0010706632,0.0,0.0,0.0010295023,0.0010106302,0.0010664826,0.001089216,0.0010707239,0.0010590601,0.0,0.001029503,0.0010106298,0.0010664826,0.001078144,0.0,0.0010590599,0.0010454779,0.0010382253,0.0010495149,0.0010557702,0.0010679127,0.0,0.0010590608,0.0,0.0010295023,0.0010106302,0.0010664826,0.0010781429,0.0,0.0010590599,0.001045478,0.0010382253,0.0010495149,0.0010557702,0.0010679126,0.0010706687,0.0010590599,0.0010454779,0.0010382255,0.0010495149,0.0010557702,0.0010679126,0.0,0.0,0.0,0.0010295023,0.0010106302,0.0010664826,0.0010892163,0.0010706587,0.0010590598,0.0,0.0010295023,0.0010106302,0.0010664826,0.0010781434,0.0010706687,0.0010590599,0.0010454779,0.0010664826,0.0,0.0010295023,0.0010106304,0.0,0.0010590598,0.0010454779,0.0010382253,0.0010495149,0.0010557702,0.0010679127,0.0,0.0010590598,0.0010454779,0.0010382253,0.0010495149,0.0010557702,0.0010679127,0.0,0.0010590601,0.0010454779,0.0010382253,0.0010495149,0.0010557702,0.001067913,0.001070666,0.0010590598,0.0010454779,0.0010382253,0.0010495149,0.0010557702,0.0010679128,0.0,0.0,0.0010454779,0.0010295023,0.0010201486,0.0010309573,0.0011064531,0.0,0.0010590598,0.0010454779,0.0010382254,0.0010495149,0.0010557702,0.0010679124,0.0010708724,0.0010590607,0.0010454779,0.0010382254,0.0010495149,0.0010557702,0.0010679131
k__Bacteria|p__Firmicutes|c__Tissierellia|o__Tissierellales|f__Peptoniphilaceae|g__Anaerococcus|s__Anaerococcus_jeddahensis,0.0,0.0010602595,0.0010463404,0.0010385667,0.0010489053,0.0010542335,0.0010657116,0.0,0.0010602598,0.0010463404,0.0010385667,0.0010489053,0.0010542335,0.0010657114,0.0,0.0,0.0010463516,0.0010300138,0.0010201157,0.001029954,0.0011063869,0.0010722062,0.0,0.0010463404,0.0010300075,0.0010201149,0.001029954,0.0011063857,0.0,0.0,0.0010463404,0.0010300075,0.0010201149,0.001029954,0.0011063858,0.0010721766,0.0010602596,0.0010463404,0.0010385667,0.0010489053,0.0010542335,0.0010657114,0.0,0.0010602605,0.0010463406,0.0010385667,0.0010489053,0.0010542335,0.0010657118,0.0010721764,0.0010602596,0.0010463404,0.0010385667,0.0010489053,0.0010542335,0.0010657116,0.0,0.0010602598,0.0010463409,0.0010385668,0.0010489053,0.0010542335,0.0010657122,0.0,0.0010602598,0.0010463404,0.0010385667,0.0010489053,0.0010542335,0.0010657114,0.0,0.0010602598,0.0,0.0010300075,0.0010107603,0.0010675179,0.0010782685,0.0,0.0010602596,0.0010463404,0.0010385667,0.0010489053,0.0010542335,0.0010657121,0.0,0.0,0.0,0.0010300075,0.0010107603,0.0010675179,0.0010896797,0.0010721866,0.0010602598,0.0,0.0010300075,0.0010107603,0.0010675179,0.0010782778,0.0010722686,0.0,0.0,0.0010300078,0.0010107603,0.0010675179,0.0010896784,0.0010722012,0.0018070977,0.0010463404,0.0,0.0010602596,0.0010463404,0.0010675179,0.0010721801,0.0,0.0,0.0010300075,0.0010107603,0.0010675179,0.0010896766,0.0,0.001060261,0.0,0.0010300075,0.0010107603,0.0010675179,0.0010782669,0.0,0.0,0.001046341,0.0010602613,0.0,0.0010300075,0.0010602598,0.0010721987,0.0010602598,0.0,0.0010300075,0.0010107603,0.0010675179,0.0010782667,0.0,0.0,0.0010463406,0.0010300075,0.0010201149,0.001029954,0.0011063862,0.0,0.0,0.0010463404,0.0,0.0010602596,0.0010463404,0.0010675178,0.0,0.001060262,0.0,0.0010602599,0.0,0.0010602596,0.0010463406,0.0,0.0,0.0010463546,0.0010300096,0.0010201149,0.001029954,0.0011063868,0.0,0.0010602959,0.0010602629,0.0010542048,0.0010648251,0.0,0.0009880101,0.0,0.0010602621,0.0010463411,0.0,0.0010602598,0.0010463406,0.0010385693,0.0010721808,0.0010602596,0.0010463404,0.0,0.0010602596,0.0010463404,0.0010385681,0.0,0.0010602598,0.0010463406,0.0010385667,0.0010489053,0.0010542335,0.0010657114,0.0010721763,0.0010602596,0.0010463404,0.0010385667,0.0010489053,0.0010542335,0.0010657114,0.0010722097,0.0,0.0,0.0010300075,0.0010107603,0.0010675179,0.0010896763,0.0010721848,0.0,0.0010463404,0.0010300075,0.0010201149,0.001029954,0.0011063862,0.0,0.0010602599,0.0,0.0010300075,0.0010107603,0.0010675179,0.0010782664,0.001072193,0.0,0.0010463404,0.0010300075,0.0010201149,0.001029954,0.0011063961,0.0,0.0010602596,0.0010463404,0.0010385667,0.0010489053,0.0010542335,0.0010657137,0.0010721771,0.0010602596,0.0010463404,0.0010385667,0.0010489053,0.0010542335,0.0010657114,0.0,0.0010602602,0.0010463406,0.0010385667,0.0010489053,0.0010542335,0.0010657116,0.0,0.0,0.0010463404,0.0010300075,0.0010201149,0.001029954,0.0011063858,0.001072178,0.0010602596,0.0,0.0,0.0010602599,0.0010602598,0.0010542052,0.0010722076,0.0,0.0010463403,0.0,0.0010602599,0.0010463404,0.0010675207,0.0010723065,0.0,0.0010602596,0.0010463406,0.0010385667,0.0,0.0010602605,0.00121877,0.0010602596,0.0,0.0010300075,0.0010107603,0.001067518,0.0010782724,0.0010721817,0.0,0.0010463404,0.0010300075,0.0010201149,0.0010299544,0.0011064754,0.0010721897,0.0,0.0,0.0010300075,0.0010107603,0.0010675179,0.0010896762,0.0,0.0010602599,0.0010463406,0.0010385667,0.0010489053,0.0010542335,0.0010657114,0.0010721773,0.0010602598,0.0010463406,0.0,0.0010602595,0.0010463404,0.0010385681,0.0010721801,0.0,0.0010463406,0.0010300077,0.0010201149,0.001029954,0.0011063889,0.0010721801,0.0013674472,0.0010463406,0.0010300075,0.0010201149,0.001029954,0.0011063886,0.0,0.0010602598,0.0010602598,0.0010542048,0.0010648248,0.0,0.0009880527,0.0010722176,0.0,0.0010463406,0.0010300075,0.0010201149,0.001029954,0.0011063858,0.0010721816,0.0,0.0,0.0010300075,0.0010107603,0.0010675179,0.0010896787,0.001072253,0.0010602608,0.0,0.0010300087,0.0010107603,0.0010675179,0.0010782764,0.0,0.0010602596,0.0010463403,0.0010385667,0.0010489053,0.0010542335,0.0010657114,0.0,0.00106026,0.0,0.0010300075,0.0010107603,0.0010675179,0.0010782664,0.0,0.0010602596,0.0010463406,0.0010385667,0.0010489053,0.0010542335,0.0010657113,0.001072194,0.0010602595,0.0010463406,0.0010385669,0.0010489053,0.0010542335,0.0010657117,0.0,0.0,0.0,0.0010300075,0.0010107603,0.0010675179,0.0010896767,0.001072176,0.0010602596,0.0,0.0010300075,0.0010107603,0.0010675179,0.0010782676,0.0010721871,0.0010602596,0.0010463404,0.0010675179,0.0,0.0010300075,0.0010107604,0.0,0.0010602596,0.0010463404,0.0010385667,0.0010489053,0.0010542335,0.0010657122,0.0,0.0010602596,0.0010463404,0.0010385667,0.0010489053,0.0010542335,0.0010657117,0.0,0.0010602603,0.0010463406,0.0010385667,0.0010489053,0.0010542335,0.0010657142,0.0010721887,0.0010602596,0.0010463404,0.0010385667,0.0010489053,0.0010542335,0.0010657122,0.0,0.0,0.0010463404,0.0010300075,0.0010201149,0.001029954,0.0011063863,0.0,0.0010602596,0.0010463404,0.0010385667,0.0010489053,0.0010542335,0.0010657114,0.0010723446,0.0010602609,0.0010463406,0.0010385667,0.0010489053,0.0010542335,0.001065715
k__Bacteria|p__Firmicutes|c__Bacilli|o__Lactobacillales|f__Enterococcaceae|g__Enterococcus|s__Enterococcus_italicus,0.0,0.0010620214,0.0010484679,0.0010411935,0.0010523465,0.0010584848,0.0010705033,0.0,0.0010620216,0.0010484679,0.0010411935,0.0010523465,0.0010584848,0.0010705033,0.0,0.0,0.0010484749,0.0010325218,0.0010231413,0.0010338218,0.0011089816,0.0010735883,0.0,0.0010484679,0.001032517,0.001023141,0.0010338218,0.0011089809,0.0,0.0,0.0010484679,0.001032517,0.001023141,0.0010338218,0.001108981,0.0010735906,0.0010620215,0.0010484679,0.0010411935,0.0010523465,0.0010584848,0.0010705033,0.0,0.0010620218,0.0010484679,0.0010411935,0.0010523465,0.0010584848,0.0010705042,0.0010735908,0.0010620215,0.0010484679,0.0010411935,0.0010523465,0.0010584848,0.0010705031,0.0,0.0010620216,0.0010484682,0.0010411937,0.0010523465,0.0010584848,0.0010705037,0.0012294865,0.0010620216,0.0010484679,0.0010411935,0.0010523465,0.0010584848,0.0010705033,0.0,0.0010620216,0.0,0.001032517,0.0010136645,0.0010693908,0.0010808995,0.0,0.0010620215,0.0010484679,0.0010411935,0.0010523465,0.0010584848,0.0010705042,0.0,0.0,0.0,0.001032517,0.0010136645,0.0010693908,0.0010919329,0.0010735906,0.0010620216,0.0,0.001032517,0.0010136645,0.0010693908,0.001080905,0.0010735966,0.0,0.0,0.001032517,0.0010136645,0.0010693908,0.0010919326,0.0010735922,0.0,0.0010484679,0.0,0.0010620215,0.0010484679,0.001069391,0.0010735913,0.0,0.0,0.001032517,0.0010136645,0.0010693908,0.0010919305,0.0,0.0010620219,0.0,0.001032517,0.0010136645,0.0010693908,0.0010808982,0.0,0.0,0.001048468,0.0010620216,0.0,0.001032517,0.0010620218,0.0010735934,0.0010620216,0.0,0.0010325168,0.0010136645,0.0010693908,0.0010808979,0.0,0.0,0.0010484679,0.001032517,0.001023141,0.0010338218,0.0011089812,0.0,0.0,0.0010484679,0.0,0.0010620215,0.0010484679,0.0010693909,0.0,0.0010620236,0.0,0.0010620217,0.0,0.0010620215,0.001048468,0.0,0.0,0.0010484718,0.001032518,0.001023141,0.0010338218,0.0011089816,0.0,0.0010620415,0.0010620232,0.0010564459,0.0010678527,0.0,0.0009913149,0.0,0.0010620226,0.0010484683,0.0,0.0010620217,0.0010484679,0.0010411959,0.00107359,0.0010620215,0.0010484679,0.0,0.0010620215,0.0010484679,0.0010411947,0.0,0.0010620216,0.001048468,0.0010411935,0.0010523465,0.0010584848,0.0010705033,0.0010735906,0.0010620215,0.0010484679,0.0010411935,0.0010523465,0.0010584848,0.0010705033,0.0010735912,0.0,0.0,0.0010325172,0.0010136645,0.0010693908,0.0010919304,0.0010735904,0.0,0.0010484679,0.001032517,0.001023141,0.0010338218,0.0011089812,0.0,0.0010620217,0.0,0.001032517,0.0010136645,0.0010693908,0.0010808979,0.0010735932,0.0,0.0010484679,0.001032517,0.001023141,0.0010338218,0.0011089896,0.0,0.0010620215,0.0010484679,0.0010411935,0.0010523465,0.0010584848,0.0010705052,0.00107359,0.0010620215,0.0010484679,0.0010411935,0.0010523465,0.0010584848,0.0010705033,0.0,0.0010620218,0.0010484679,0.0010411935,0.0010523465,0.0010584848,0.0010705033,0.0,0.0,0.0010484679,0.001032517,0.001023141,0.0010338218,0.001108981,0.0010735906,0.0010620215,0.0,0.0,0.0010620217,0.0010620216,0.0010564466,0.0010735923,0.0,0.0010484679,0.0,0.0010620217,0.0010484679,0.0010693949,0.0010736056,0.0,0.0010620217,0.0010484679,0.0010411935,0.0,0.0010620224,0.0,0.0010620215,0.0,0.001032517,0.0010136645,0.0010693908,0.001080904,0.0010735902,0.0,0.0010484679,0.0010325172,0.001023141,0.0010338222,0.0011090484,0.0010735914,0.0,0.0,0.001032517,0.0010136645,0.0010693908,0.0010919303,0.0,0.0010620217,0.001048468,0.0010411935,0.0010523465,0.0010584848,0.0010705033,0.0010735731,0.0010620216,0.0010484679,0.0,0.0010620215,0.0010484679,0.0010411942,0.0010735908,0.0,0.0010484679,0.0010325172,0.001023141,0.0010338218,0.0011089838,0.0010735911,0.0,0.001048468,0.001032517,0.001023141,0.0010338218,0.001108983,0.0,0.0010620216,0.0010620216,0.0010564459,0.0010678525,0.0,0.0009913542,0.0010735923,0.0,0.0010484679,0.001032517,0.001023141,0.0010338218,0.001108981,0.0010735923,0.0,0.0,0.001032517,0.0010136645,0.0010693908,0.0010919324,0.0010735838,0.0010620216,0.0,0.0010325175,0.0010136646,0.0010693908,0.0010809058,0.0,0.0010620216,0.0010484679,0.0010411935,0.0010523465,0.0010584848,0.0010705033,0.0,0.001062022,0.0,0.001032517,0.0010136645,0.0010693908,0.0010808979,0.0,0.0010620215,0.0010484679,0.0010411935,0.0010523465,0.0010584848,0.0010705031,0.0010735953,0.0010620216,0.0010484679,0.0010411937,0.0010523465,0.0010584848,0.0010705036,0.0,0.0,0.0,0.001032517,0.0010136645,0.0010693908,0.001091931,0.0010735906,0.0010620215,0.0,0.001032517,0.0010136645,0.0010693908,0.0010808989,0.0010735929,0.0010620216,0.0010484679,0.0010693908,0.0,0.001032517,0.0010136646,0.0,0.0010620215,0.0010484679,0.0010411935,0.0010523465,0.0010584848,0.0010705044,0.0,0.0010620215,0.0010484679,0.0010411935,0.0010523465,0.0010584848,0.0010705036,0.0,0.0010620217,0.0010484679,0.0010411935,0.0010523465,0.0010584848,0.0010705058,0.0010735911,0.0010620215,0.0010484679,0.0010411935,0.0010523465,0.0010584848,0.0010705037,0.0,0.0,0.0010484679,0.001032517,0.001023141,0.0010338218,0.0011089813,0.0,0.0010620215,0.0010484679,0.0010411935,0.0010523465,0.0010584848,0.0010705033,0.001073638,0.0010620226,0.0010484679,0.0010411935,0.0010523465,0.0010584848,0.0010705065
k__Bacteria|p__Firmicutes|c__Bacilli|o__Lactobacillales|f__Aerococcaceae|g__Abiotrophia|s__Abiotrophia_sp_HMSC24B09,0.0,0.0010588426,0.0010452229,0.0010379192,0.0010491265,0.0010552993,0.0010673874,0.0,0.0010588428,0.0010452229,0.0010379192,0.0010491265,0.0010552993,0.0010673873,0.0,0.0,0.0010452303,0.0010292123,0.0010198012,0.0010305241,0.0011061556,0.0010704969,0.0,0.0010452229,0.0010292076,0.0010198011,0.0010305241,0.0011061553,0.0,0.0,0.0010452229,0.0010292076,0.0010198011,0.0010305241,0.0011061552,0.0010704779,0.0010588428,0.0010452229,0.0010379192,0.0010491265,0.0010552993,0.0010673873,0.0,0.001058843,0.0010452231,0.0010379192,0.0010491265,0.0010552993,0.001067388,0.0010704782,0.0010588428,0.0010452229,0.0010379192,0.0010491265,0.0010552993,0.0010673874,0.0,0.0010588429,0.0010452236,0.0010379193,0.0010491265,0.0010552993,0.0010673876,0.0,0.0010588428,0.0010452229,0.0010379192,0.0010491265,0.0010552993,0.0010673874,0.0,0.001058843,0.0,0.0010292076,0.0010102944,0.0010662548,0.0010778399,0.0,0.0010588428,0.0010452229,0.0010379192,0.0010491265,0.0010552993,0.0010673875,0.0,0.0,0.0,0.0010292076,0.0010102944,0.0010662548,0.0010889516,0.001070483,0.001058843,0.0,0.0010292076,0.0010102944,0.0010662548,0.0010778442,0.0010705226,0.0,0.0,0.0010292076,0.0010102944,0.0010662548,0.0010889517,0.001070493,0.0,0.0010452229,0.0,0.0010588428,0.0010452229,0.0010662547,0.0010704793,0.0,0.0,0.0010292076,0.0010102944,0.0010662548,0.0010889515,0.0,0.0010588435,0.0,0.0010292076,0.0010102944,0.0010662548,0.001077839,0.0,0.0,0.0010452232,0.001058843,0.0,0.0010292076,0.0010588431,0.0010704856,0.0010588429,0.0,0.0010292077,0.0010102944,0.0010662548,0.0010778389,0.0,0.0,0.0010452232,0.0010292076,0.0010198011,0.0010305241,0.0011061556,0.0,0.0,0.0010452229,0.0,0.0010588428,0.0010452229,0.0010662546,0.0,0.0010588437,0.0,0.0010588429,0.0,0.0010588428,0.001045223,0.0,0.0,0.0010452277,0.0010292084,0.0010198009,0.0010305241,0.0011061551,0.0,0.0010588621,0.0010588447,0.0010532402,0.0010647126,0.0,0.0009878882,0.0,0.0010588436,0.0010452234,0.0,0.001058843,0.001045223,0.0010379213,0.0010704802,0.0010588428,0.0010452229,0.0,0.0010588428,0.0010452229,0.0010379201,0.0,0.0010588429,0.001045223,0.0010379192,0.0010491265,0.0010552993,0.0010673873,0.0010704781,0.0010588428,0.0010452229,0.0010379192,0.0010491265,0.0010552993,0.0010673874,0.0010704919,0.0,0.0,0.0010292076,0.0010102944,0.0010662548,0.0010889514,0.0010704806,0.0,0.0010452229,0.0010292076,0.0010198011,0.0010305241,0.0011061555,0.0,0.0010588429,0.0,0.0010292076,0.0010102944,0.0010662548,0.0010778388,0.0010704878,0.0,0.0010452229,0.0010292076,0.0010198011,0.0010305241,0.0011061612,0.0,0.0010588428,0.0010452229,0.0010379192,0.0010491265,0.0010552993,0.0010673887,0.0010704786,0.0010588428,0.0010452229,0.0010379192,0.0010491265,0.0010552993,0.0010673873,0.0,0.0010588431,0.001045223,0.0010379192,0.0010491265,0.0010552993,0.0010673874,0.0,0.0,0.0010452229,0.0010292076,0.0010198011,0.0010305241,0.0011061551,0.001070479,0.0010588428,0.0,0.0,0.0010588429,0.0010588428,0.0010532403,0.0010704971,0.0,0.0010452231,0.0,0.0010588429,0.0010452229,0.0010662574,0.0010705539,0.0,0.0010588428,0.001045223,0.0010379192,0.0,0.0010588431,0.0,0.0010588429,0.0,0.0010292076,0.0010102944,0.0010662547,0.0010778437,0.0010704803,0.0,0.0010452229,0.0010292076,0.0010198011,0.0010305246,0.0011061928,0.0010704839,0.0,0.0,0.0010292076,0.0010102944,0.0010662548,0.0010889514,0.0,0.0010588431,0.001045223,0.0010379192,0.0010491265,0.0010552993,0.0010673873,0.0010704905,0.0010588428,0.001045223,0.0,0.0010588426,0.0010452229,0.0010379199,0.0010704789,0.0,0.0010452233,0.0010292078,0.0010198011,0.0010305241,0.0011061562,0.0010704794,0.0,0.001045223,0.0010292076,0.0010198011,0.0010305244,0.0011061562,0.0,0.0010588428,0.0010588429,0.0010532403,0.0010647126,0.0,0.0009879174,0.0010704967,0.0,0.001045223,0.0010292076,0.0010198011,0.0010305241,0.0011061552,0.00107048,0.0,0.0,0.0010292076,0.0010102944,0.0010662548,0.0010889516,0.0010705151,0.0010588431,0.0,0.0010292082,0.0010102945,0.0010662548,0.0010778434,0.0,0.0010588428,0.001045223,0.0010379192,0.0010491265,0.0010552993,0.0010673873,0.0,0.001058843,0.0,0.0010292076,0.0010102944,0.0010662548,0.0010778388,0.0,0.0010588429,0.0010452232,0.0010379192,0.0010491265,0.0010552993,0.0010673874,0.0010704856,0.0010588426,0.001045223,0.0010379193,0.0010491265,0.0010552993,0.0010673878,0.0,0.0,0.0,0.0010292076,0.0010102944,0.0010662548,0.0010889517,0.001070478,0.0010588428,0.0,0.0010292076,0.0010102944,0.0010662548,0.0010778394,0.0010704829,0.0010588428,0.0010452229,0.0010662548,0.0,0.0010292076,0.0010102945,0.0,0.0010588428,0.0010452229,0.0010379192,0.0010491265,0.0010552993,0.001067388,0.0,0.0010588428,0.0010452229,0.0010379192,0.0010491265,0.0010552993,0.0010673875,0.0,0.001058843,0.001045223,0.0010379192,0.0010491265,0.0010552993,0.0010673889,0.0010704823,0.001058843,0.0010452229,0.0010379192,0.0010491265,0.0010552993,0.0010673875,0.0,0.0,0.0010452229,0.0010292076,0.0010198011,0.0010305241,0.0011061556,0.0,0.0010588428,0.0010452229,0.0010379192,0.0010491265,0.0010552993,0.0010673874,0.0010706276,0.0010588435,0.001045223,0.0010379192,0.0010491265,0.0010552993,0.0010673892
k__Bacteria|p__Firmicutes|c__CFGB3070|o__OFGB3070|f__FGB3070|g__GGB9512|s__GGB9512_SGB14909,0.0,0.0010598633,0.001046232,0.0010388889,0.001049994,0.0010560725,0.0010680798,0.0,0.0010598635,0.001046232,0.0010388889,0.001049994,0.0010560725,0.0010680797,0.0,0.0,0.00104624,0.0010302063,0.0010207559,0.0010313779,0.0011069594,0.0010715446,0.0,0.001046232,0.0010302023,0.0010207554,0.0010313779,0.0011069592,0.0,0.0,0.0010462317,0.0010302023,0.0010207554,0.0010313779,0.0011069593,0.001071509,0.0010598634,0.001046232,0.0010388889,0.001049994,0.0010560725,0.0010680797,0.0,0.0010598636,0.0010462317,0.0010388889,0.001049994,0.0010560725,0.0010680804,0.0010715089,0.0010598634,0.001046232,0.0010388889,0.001049994,0.0010560725,0.0010680797,0.0,0.0010598635,0.0010462324,0.001038889,0.001049994,0.0010560725,0.0010680804,0.0,0.0010598635,0.001046232,0.0010388889,0.001049994,0.0010560725,0.0010680797,0.0,0.0010598635,0.0,0.0010302023,0.0010112723,0.0010672482,0.0010787279,0.0,0.0010598634,0.001046232,0.0010388888,0.001049994,0.0010560725,0.0010680797,0.0,0.0,0.0,0.0010302023,0.0010112723,0.0010672482,0.0010898474,0.00107152,0.0010598635,0.0,0.0010302023,0.0010112723,0.0010672482,0.0010787308,0.0010715935,0.0,0.0,0.0010302023,0.0010112723,0.0010672482,0.0010898476,0.0010715377,0.0,0.0010462317,0.0,0.0010598634,0.001046232,0.0010672482,0.0010715121,0.0,0.0,0.0010302023,0.0010112723,0.0010672482,0.0010898475,0.0,0.0010598644,0.0,0.0010302023,0.0010112723,0.0010672482,0.0010787272,0.0,0.0,0.0010462317,0.0010598648,0.0,0.0010302023,0.0010598635,0.0010715297,0.0010598635,0.0,0.0010302023,0.0010112723,0.0010672482,0.0010787272,0.0,0.0,0.001046232,0.0010302023,0.0010207554,0.0010313779,0.0011069594,0.0,0.0,0.001046232,0.0,0.0010598634,0.001046232,0.0010672482,0.0,0.0010598636,0.0,0.0010598635,0.0,0.0010598634,0.0010462317,0.0,0.0,0.0010462413,0.0010302038,0.0010207555,0.0010313779,0.001106959,0.0,0.0010598876,0.0010598658,0.0010542229,0.0010655917,0.0,0.0009888434,0.0,0.0010598643,0.0010462322,0.0,0.0010598635,0.0010462321,0.0010388906,0.0010715148,0.0010598634,0.001046232,0.0,0.0010598634,0.001046232,0.0010388896,0.0,0.0010598637,0.0010462317,0.0010388888,0.001049994,0.0010560725,0.0010680797,0.001071509,0.0010598634,0.001046232,0.0010388889,0.001049994,0.0010560725,0.0010680797,0.0010715385,0.0,0.0,0.0010302023,0.0010112723,0.0010672482,0.0010898474,0.0010715162,0.0,0.001046232,0.0010302023,0.0010207554,0.0010313779,0.0011069592,0.0,0.0010598635,0.0,0.0010302023,0.0010112723,0.0010672482,0.0010787271,0.0010715257,0.0,0.001046232,0.0010302023,0.0010207554,0.0010313779,0.0011069624,0.0,0.0010598634,0.001046232,0.0010388889,0.001049994,0.0010560725,0.0010680801,0.00107151,0.0010598634,0.001046232,0.0010388889,0.001049994,0.0010560725,0.0010680797,0.0,0.0010598637,0.0010462317,0.0010388888,0.001049994,0.0010560725,0.0010680798,0.0,0.0,0.0010462317,0.0010302023,0.0010207554,0.0010313779,0.0011069594,0.0010715113,0.0010598634,0.0,0.0,0.0010598635,0.0010598635,0.0010542225,0.0010715433,0.0,0.0010462318,0.0,0.0010598635,0.0010462317,0.0010672498,0.001071638,0.0,0.0010598635,0.0010462321,0.0010388888,0.0,0.0010598637,0.0,0.0010598633,0.0,0.0010302023,0.0010112723,0.001067248,0.0010787324,0.0010715147,0.0,0.0010462317,0.0010302023,0.0010207555,0.0010313784,0.0011069904,0.0010715196,0.0,0.0,0.0010302023,0.0010112723,0.0010672482,0.0010898474,0.0,0.0010598635,0.0010462317,0.0010388889,0.001049994,0.0010560725,0.0010680797,0.0010715403,0.0010598634,0.0010462321,0.0,0.0010598636,0.001046232,0.0010388901,0.0010715121,0.0,0.0010462321,0.0010302024,0.0010207554,0.0010313779,0.0011069593,0.0010715119,0.0,0.001046232,0.0010302023,0.0010207555,0.0010313779,0.0011069602,0.0,0.0010598634,0.0010598635,0.0010542228,0.0010655917,0.0,0.0009888667,0.0010715476,0.0,0.0010462321,0.0010302023,0.0010207554,0.0010313779,0.0011069593,0.001071513,0.0,0.0,0.0010302023,0.0010112723,0.0010672482,0.0010898478,0.001071591,0.0010598642,0.0,0.0010302031,0.0010112724,0.0010672482,0.0010787296,0.0,0.0010598635,0.0010462321,0.0010388888,0.001049994,0.0010560725,0.0010680797,0.0,0.0010598637,0.0,0.0010302023,0.0010112723,0.0010672482,0.0010787271,0.0,0.0010598634,0.0010462321,0.0010388888,0.001049994,0.0010560725,0.0010680798,0.0010715218,0.0010598634,0.001046232,0.0010388892,0.001049994,0.0010560725,0.0010680798,0.0,0.0,0.0,0.0010302023,0.0010112723,0.0010672482,0.0010898475,0.0010715085,0.0010598634,0.0,0.0010302023,0.0010112723,0.0010672482,0.0010787274,0.0010715161,0.0010598635,0.001046232,0.0010672482,0.0,0.0010302023,0.0010112724,0.0,0.0010598634,0.0010462317,0.0010388888,0.001049994,0.0010560725,0.00106808,0.0,0.0010598634,0.001046232,0.0010388888,0.001049994,0.0010560725,0.0010680798,0.0,0.0010598638,0.0010462321,0.0010388888,0.001049994,0.0010560725,0.0010680808,0.0010715197,0.0010598634,0.0010462317,0.0010388888,0.001049994,0.0010560725,0.0010680801,0.0,0.0,0.001046232,0.0010302023,0.0010207554,0.0010313779,0.0011069597,0.0,0.0010598634,0.001046232,0.0010388889,0.001049994,0.0010560725,0.0010680797,0.001071678,0.001059864,0.0010462317,0.001038889,0.001049994,0.0010560725,0.0010680809
k__Bacteria|p__Firmicutes|c__Negativicutes|o__Veillonellales|f__Veillonellaceae|g__Anaeroglobus|s__Anaeroglobus_geminatus,0.0,0.0010616707,0.0010481318,0.0010408867,0.0010521028,0.001058301,0.001070366,0.0,0.001061671,0.0010481318,0.0010408867,0.0010521028,0.001058301,0.0010703659,0.0,0.0,0.0010481448,0.0010322056,0.0010228523,0.0010335953,0.0011087392,0.0010732556,0.0,0.0010481323,0.0010321971,0.0010228514,0.0010335953,0.0011087384,0.0,0.0,0.0010481323,0.0010321971,0.0010228514,0.0010335953,0.0011087384,0.0010732269,0.0010616708,0.0010481318,0.0010408867,0.0010521028,0.001058301,0.0010703658,0.0,0.0010616716,0.0010481323,0.0010408867,0.0010521028,0.001058301,0.0010703665,0.0010732267,0.0010616708,0.0010481318,0.0010408867,0.0010521028,0.001058301,0.001070366,0.0,0.0010616711,0.0010481325,0.0010408872,0.0010521028,0.001058301,0.0010703667,0.0,0.001061671,0.0010481318,0.0010408867,0.0010521028,0.001058301,0.0010703659,0.0,0.001061671,0.0,0.0010321971,0.0010133624,0.001069054,0.0010806256,0.0,0.0010616708,0.0010481318,0.0010408867,0.0010521028,0.001058301,0.0010703664,0.0,0.0,0.0,0.0010321971,0.0010133624,0.001069054,0.0010916453,0.0010732365,0.001061671,0.0,0.0010321971,0.0010133624,0.001069054,0.001080632,0.0010733018,0.0,0.0,0.0010321975,0.0010133624,0.001069054,0.0010916445,0.0010732503,0.0,0.0010481318,0.0,0.0010616708,0.0010481318,0.0010690542,0.0010732302,0.0,0.0,0.0010321971,0.0010133624,0.001069054,0.0010916427,0.0,0.0010616721,0.0,0.0010321974,0.0010133624,0.001069054,0.0010806238,0.0,0.0,0.0010481329,0.0010616722,0.0,0.0010321971,0.0010616713,0.0010732492,0.0010616711,0.0,0.0010321974,0.0010133624,0.001069054,0.0010806235,0.0,0.0,0.0010481323,0.0010321971,0.0010228514,0.0010335953,0.0011087388,0.0,0.0,0.0010481318,0.0,0.0010616708,0.0010481318,0.0010690539,0.0,0.0010616732,0.0,0.0010616711,0.0,0.0010616708,0.0010481324,0.0,0.0,0.0010481452,0.0010321994,0.0010228516,0.0010335953,0.0011087391,0.0,0.0010617083,0.0010616744,0.0010561239,0.001067593,0.0,0.0009910336,0.0,0.0010616732,0.0010481328,0.0,0.0010616711,0.0010481322,0.0010408898,0.0010732318,0.0010616708,0.0010481318,0.0,0.0010616708,0.0010481318,0.0010408881,0.0,0.001061671,0.001048132,0.0010408867,0.0010521028,0.001058301,0.0010703659,0.0010732267,0.0010616708,0.0010481318,0.0010408867,0.0010521028,0.001058301,0.0010703659,0.001073258,0.0,0.0,0.0010321971,0.0010133624,0.001069054,0.0010916423,0.0010732333,0.0,0.0010481318,0.0010321971,0.0010228514,0.0010335953,0.0011087387,0.0,0.0010616711,0.0,0.0010321971,0.0010133624,0.001069054,0.0010806234,0.0010732424,0.0,0.0010481318,0.0010321974,0.0010228514,0.0010335953,0.0011087477,0.0,0.0010616708,0.0010481318,0.0010408867,0.0010521028,0.001058301,0.001070368,0.0010732273,0.0010616708,0.0010481318,0.0010408867,0.0010521028,0.001058301,0.0010703658,0.0052338894,0.0010616714,0.0010481321,0.0010408867,0.0010521028,0.001058301,0.001070366,0.0,0.0,0.0010481318,0.0010321971,0.0010228514,0.0010335953,0.0011087385,0.0010732289,0.0010616708,0.0,0.0,0.0010616711,0.001061671,0.0010561242,0.0010732599,0.0,0.0010481323,0.0,0.0010616711,0.0010481318,0.0010690577,0.0010733356,0.0,0.001061671,0.0010481322,0.0010408867,0.0,0.001061672,0.0,0.0010616708,0.0,0.0010321971,0.0010133624,0.001069054,0.0010806303,0.0010732323,0.0,0.0010481318,0.0010321974,0.0010228516,0.001033596,0.0011088119,0.0010732398,0.0,0.0,0.0010321971,0.0010133624,0.001069054,0.0010916423,0.0,0.0010616711,0.001048132,0.0010408867,0.0010521028,0.001058301,0.0010703659,0.0010732339,0.001061671,0.0010481321,0.0,0.0010616708,0.0010481318,0.0010408881,0.0010732297,0.0,0.0010481322,0.0010321976,0.0010228514,0.0010335953,0.001108741,0.0010732302,0.0,0.0010481324,0.0010321974,0.0010228516,0.0010335955,0.0011087412,0.0,0.001061671,0.001061671,0.0010561238,0.0010675929,0.0,0.0009910763,0.0010732657,0.0,0.0010481321,0.0010321971,0.0010228514,0.0010335953,0.0011087384,0.001073232,0.0,0.0,0.0010321971,0.0010133624,0.001069054,0.0010916443,0.0010732901,0.0010616718,0.0,0.0010321983,0.0010133631,0.0010690541,0.0010806327,0.0,0.0010616708,0.0010481321,0.0010408867,0.0010521028,0.001058301,0.0010703658,0.0,0.0010616715,0.0,0.0010321971,0.0010133624,0.001069054,0.0010806234,0.0,0.001061671,0.0010481323,0.0010408867,0.0010521028,0.001058301,0.001070366,0.0010732423,0.0010616708,0.0010481323,0.0010408871,0.0010521028,0.001058301,0.0010703664,0.0,0.0,0.0,0.0010321971,0.0010133624,0.001069054,0.001091643,0.0010732264,0.0010616708,0.0,0.0010321971,0.0010133624,0.001069054,0.0010806244,0.001073238,0.0010616708,0.0010481318,0.001069054,0.0,0.0010321971,0.0010133625,0.0,0.0010616708,0.0010481318,0.0010408867,0.0010521028,0.001058301,0.0010703669,0.0,0.0010616708,0.0010481318,0.0010408867,0.0010521028,0.001058301,0.0010703659,0.0,0.0010616715,0.0010481321,0.0010408867,0.0010521028,0.001058301,0.0010703683,0.0010732368,0.0010616708,0.0010481318,0.0010408867,0.0010521028,0.001058301,0.0010703664,0.0,0.0,0.0010481318,0.0010321971,0.0010228514,0.0010335953,0.0011087388,0.0,0.0010616708,0.0010481318,0.0010408867,0.0010521028,0.001058301,0.0010703659,0.0010733689,0.0010616722,0.0010481323,0.001040887,0.0010521028,0.001058301,0.001070369
k__Bacteria|p__Firmicutes|c__Clostridia|o__Eubacteriales|f__Peptostreptococcaceae|g__Terrisporobacter|s__Terrisporobacter_glycolicus,0.0,0.001061836,0.0010481868,0.0010407756,0.0010516954,0.0010576037,0.0010694639,0.0,0.0010618364,0.0010481868,0.0010407756,0.0010516954,0.0010576037,0.0010694637,0.0,0.0,0.0010481897,0.0010321373,0.0010226178,0.0010330587,0.0011085287,0.0010735106,0.0,0.0010481866,0.0010321354,0.0010226177,0.0010330587,0.0011085285,0.0,0.0,0.0010481868,0.0010321354,0.0010226177,0.0010330587,0.0011085286,0.0010734962,0.0010618364,0.0010481868,0.0010407756,0.0010516954,0.0010576037,0.0010694636,0.0,0.0010618365,0.0010481867,0.0010407756,0.0010516954,0.0010576037,0.001069464,0.0010734961,0.0010618364,0.0010481868,0.0010407756,0.0010516954,0.0010576037,0.0010694638,0.0,0.0010618364,0.001048187,0.0010407757,0.0010516954,0.0010576037,0.0010694643,0.0,0.0010618364,0.0010481868,0.0010407756,0.0010516954,0.0010576037,0.0010694637,0.0,0.0010618364,0.0,0.0010321354,0.0010131785,0.0010691705,0.0010804584,0.0013176927,0.0010618364,0.0010481868,0.0010407756,0.0010516954,0.0010576037,0.0010694641,0.0,0.0,0.0,0.0010321354,0.0010131785,0.0010691705,0.0010915883,0.0010734993,0.0010618364,0.0,0.0010321354,0.0010131785,0.0010691705,0.0010804599,0.001073515,0.0,0.0,0.0010321353,0.0010131785,0.0010691705,0.0010915883,0.0010735034,0.0,0.0010481868,0.0,0.0010618364,0.0010481868,0.0010691705,0.0010734962,0.0,0.0,0.0010321354,0.0010131785,0.0010691705,0.0010915883,0.0,0.0010618364,0.0,0.0010321354,0.0010131785,0.0010691705,0.0010804579,0.0,0.0,0.0010481873,0.0010618364,0.0,0.0010321354,0.0010618365,0.0010734997,0.0010618364,0.0,0.0010321354,0.0010131785,0.0010691705,0.0010804579,0.0,0.0,0.0010481868,0.0010321354,0.0010226177,0.0010330587,0.0011085285,0.0,0.0,0.0010481868,0.0,0.0010618364,0.0010481868,0.0010691704,0.0,0.0010618364,0.0,0.0010618365,0.0,0.0010618364,0.0010481869,0.0,0.0,0.0010481887,0.0010321353,0.0010226176,0.0010330587,0.0011085283,0.0,0.0010618329,0.001061836,0.0010561292,0.0010673096,0.0,0.0009907166,0.0,0.0010618363,0.0010481867,0.0,0.0010618364,0.0010481869,0.0010407766,0.0010734982,0.0010618364,0.0010481868,0.0,0.0010618364,0.0010481868,0.001040776,0.0,0.0010618363,0.0010481869,0.0010407756,0.0010516954,0.0010576037,0.0010694639,0.0010734964,0.0010618364,0.0010481868,0.0010407756,0.0010516954,0.0010576037,0.0010694637,0.0010735029,0.0,0.0,0.0010321354,0.0010131785,0.0010691705,0.0010915883,0.0010734954,0.0,0.0010481868,0.0010321354,0.0010226177,0.0010330587,0.0011085282,0.0,0.0010618365,0.0,0.0010321354,0.0010131785,0.0010691705,0.0010804577,0.0010735011,0.0,0.0010481868,0.0010321354,0.0010226177,0.0010330587,0.0011085289,0.0,0.0010618364,0.0010481868,0.0010407756,0.0010516954,0.0010576037,0.0010694647,0.0010734966,0.0010618364,0.0010481868,0.0010407756,0.0010516954,0.0010576037,0.0010694636,0.0,0.0010618365,0.0010481869,0.0010407756,0.0010516954,0.0010576037,0.0010694637,0.0,0.0,0.0010481868,0.0010321354,0.0010226177,0.0010330587,0.0011085286,0.0010734969,0.0010618364,0.0,0.0,0.0010618365,0.0010618364,0.0010561295,0.0010735105,0.0,0.0010481867,0.0,0.0010618365,0.0010481868,0.0010691718,0.0010735355,0.0,0.0010618364,0.0010481869,0.0010407756,0.0,0.0010618366,0.0,0.0010618363,0.0,0.0010321354,0.0010131785,0.0010691705,0.0010804604,0.0010734979,0.0,0.0010481868,0.0010321354,0.0010226176,0.0010330589,0.0011085304,0.0010735014,0.0,0.0,0.0010321354,0.0010131785,0.0010691705,0.0010915882,0.0,0.0010618365,0.0010481869,0.0010407756,0.0010516954,0.0010576037,0.0010694637,0.0010735227,0.0010618365,0.0010481869,0.0,0.0010618361,0.0010481868,0.0010407759,0.0010734961,0.0,0.0010481869,0.0010321352,0.0010226177,0.0010330587,0.0011085289,0.0010734968,0.0,0.0010481869,0.0010321354,0.0010226176,0.0010330589,0.0011085287,0.0,0.0010618363,0.0010618364,0.0010561293,0.0010673094,0.0,0.0009907422,0.0010735027,0.0,0.0010481869,0.0010321354,0.0010226177,0.0010330587,0.0011085286,0.0010734973,0.0,0.0,0.0010321354,0.0010131785,0.0010691705,0.0010915888,0.001073521,0.001061836,0.0,0.0010321356,0.0010131785,0.0010691705,0.0010804597,0.0,0.0010618365,0.0010481869,0.0010407756,0.0010516954,0.0010576037,0.0010694636,0.0,0.0010618361,0.0,0.0010321354,0.0010131785,0.0010691705,0.0010804577,0.0,0.0010618365,0.0010481868,0.0010407756,0.0010516954,0.0010576037,0.0010694639,0.0010734987,0.0010618363,0.0010481867,0.0010407758,0.0010516954,0.0010576037,0.001069464,0.0,0.0,0.0,0.0010321354,0.0010131785,0.0010691705,0.0010915885,0.0010734961,0.0010618364,0.0,0.0010321354,0.0010131785,0.0010691705,0.0010804579,0.0010734992,0.0010618365,0.0010481868,0.0010691705,0.0,0.0010321354,0.0010131786,0.0,0.0010618364,0.0010481868,0.0010407756,0.0010516954,0.0010576037,0.0010694643,0.0,0.0010618364,0.0010481868,0.0010407756,0.0010516954,0.0010576037,0.001069464,0.0,0.0010618363,0.0010481869,0.0010407756,0.0010516954,0.0010576037,0.001069465,0.0010734955,0.0010618364,0.0010481868,0.0010407756,0.0010516954,0.0010576037,0.0010694639,0.0,0.0,0.0010481868,0.0010321354,0.0010226177,0.0010330587,0.0011085285,0.0,0.0010618364,0.0010481868,0.0010407756,0.0010516954,0.0010576037,0.0010694637,0.0010736039,0.0010618364,0.0010481867,0.0010407756,0.0010516954,0.0010576037,0.0010694654
k__Bacteria|p__Firmicutes|c__Negativicutes|o__Acidaminococcales|f__Acidaminococcaceae|g__Phascolarctobacterium|s__Phascolarctobacterium_faecium,0.0,0.0010599272,0.001046242,0.0010388189,0.0010497818,0.0010557208,0.0010676299,0.0,0.001059927,0.001046242,0.0010388189,0.0010497818,0.0010557208,0.0010676299,0.0,0.0,0.0010462647,0.0010301722,0.0010206271,0.0010311031,0.0011068446,0.0010716616,0.0,0.001046242,0.0010301559,0.0010206259,0.0010311031,0.0011068438,0.0,0.0,0.001046242,0.0010301559,0.0010206259,0.0010311031,0.0011068438,0.0010716235,0.001059927,0.001046242,0.0010388189,0.0010497818,0.0010557208,0.0010676298,0.0,0.0010599281,0.001046242,0.0010388189,0.0010497818,0.0010557208,0.0010676306,0.0010716233,0.001059927,0.001046242,0.0010388189,0.0010497818,0.0010557208,0.0010676299,0.0,0.0010599274,0.0010462428,0.001038819,0.0010497818,0.0010557208,0.0010676305,0.0,0.001059927,0.001046242,0.0010388189,0.0010497818,0.0010557208,0.0010676299,0.0,0.001059927,0.0,0.0010301559,0.0010111667,0.0010672883,0.0010786343,0.005156558,0.001059927,0.001046242,0.0010388189,0.0010497818,0.0010557208,0.0010676301,0.0,0.0,0.0,0.0010301559,0.0010111667,0.0010672883,0.0010898084,0.0010716325,0.001059927,0.0,0.0010301559,0.0010111667,0.0010672883,0.0010786396,0.0010716848,0.0,0.0,0.0010301559,0.0010111667,0.0010672883,0.0010898077,0.0010716475,0.0,0.001046242,0.0,0.001059927,0.001046242,0.0010672887,0.0010716262,0.0,0.0,0.0010301559,0.0010111667,0.0010672883,0.0010898064,0.0,0.001059929,0.0,0.0010301559,0.0010111667,0.0010672883,0.0010786323,0.0,0.0,0.0010462439,0.0010599286,0.0,0.0010301559,0.0010599274,0.0010716544,0.0010599274,0.0,0.0010301558,0.0010111667,0.0010672883,0.0010786323,0.0,0.0,0.0010462421,0.0010301559,0.0010206259,0.0010311031,0.0011068443,0.0,0.0,0.001046242,0.0,0.001059927,0.001046242,0.0010672886,0.0,0.0010599336,0.0,0.0010599272,0.0,0.001059927,0.0010462421,0.0,0.0,0.0010462694,0.00103016,0.0010206258,0.0010311031,0.0011068447,0.0,0.0010599791,0.0010599336,0.0010542105,0.0010654395,0.0,0.0009886846,0.0,0.0010599304,0.0010462435,0.0,0.0010599276,0.001046242,0.0010388222,0.0010716319,0.001059927,0.001046242,0.0,0.001059927,0.001046242,0.0010388198,0.0,0.0010599272,0.0010462421,0.0010388189,0.0010497818,0.0010557208,0.0010676298,0.0010716233,0.001059927,0.001046242,0.0010388189,0.0010497818,0.0010557208,0.0010676299,0.0010716523,0.0,0.0,0.0010301559,0.0010111667,0.0010672883,0.0010898064,0.0010716276,0.0,0.001046242,0.0010301559,0.0010206259,0.0010311031,0.0011068442,0.0,0.0010599272,0.0,0.0010301559,0.0010111667,0.0010672883,0.001078632,0.0010716409,0.0,0.001046242,0.0010301559,0.0010206259,0.0010311031,0.0011068508,0.0,0.001059927,0.001046242,0.0010388189,0.0010497818,0.0010557208,0.0010676314,0.0010716238,0.001059927,0.001046242,0.0010388189,0.0010497818,0.0010557208,0.0010676298,0.0,0.0010599279,0.001046242,0.0010388189,0.0010497818,0.0010557208,0.0010676299,0.0,0.0,0.001046242,0.0010301559,0.0010206259,0.0010311031,0.0011068443,0.0010716255,0.001059927,0.0,0.0,0.0010599272,0.001059927,0.0010542104,0.0010716628,0.0,0.0010462423,0.0,0.0010599272,0.001046242,0.0010672926,0.001071722,0.0,0.0010599275,0.001046242,0.0010388189,0.0,0.0010599279,0.0,0.0010599269,0.0,0.0010301559,0.0010111667,0.0010672887,0.0010786386,0.0010716304,0.0,0.001046242,0.0010301559,0.0010206258,0.0010311035,0.0011068935,0.0010716453,0.0,0.0,0.0010301559,0.0010111667,0.0010672883,0.0010898063,0.0,0.0010599272,0.0010462421,0.0010388189,0.0010497818,0.0010557208,0.0010676299,0.0010716349,0.0010599274,0.001046242,0.0,0.0010599269,0.001046242,0.0010388202,0.0010716253,0.0,0.001046242,0.0010301563,0.0010206259,0.0010311031,0.0011068461,0.0010716276,0.0,0.0010462421,0.0010301559,0.0010206258,0.0010311031,0.0011068459,0.0,0.0010599274,0.0010599274,0.0010542095,0.0010654398,0.0,0.0009887322,0.0010716559,0.0,0.001046242,0.0010301559,0.0010206259,0.0010311031,0.0011068438,0.0010716289,0.0,0.0,0.0010301559,0.0010111667,0.0010672883,0.0010898078,0.0010716851,0.0010599282,0.0,0.001030157,0.0010111673,0.0010672887,0.0010786398,0.0,0.001059927,0.001046242,0.0010388189,0.0010497818,0.0010557208,0.0010676298,0.0,0.0010599295,0.0,0.0010301559,0.0010111667,0.0010672883,0.0010786322,0.0,0.0010599273,0.0010462421,0.0010388189,0.0010497818,0.0010557208,0.0010676299,0.0010716366,0.0010599274,0.001046242,0.0010388193,0.0010497818,0.0010557208,0.0010676302,0.0,0.0,0.0,0.0010301559,0.0010111667,0.0010672883,0.0010898069,0.0010716228,0.001059927,0.0,0.0010301559,0.0010111667,0.0010672883,0.0010786328,0.0010716384,0.0010599273,0.001046242,0.0010672883,0.0,0.0010301559,0.0010111668,0.0,0.001059927,0.001046242,0.0010388189,0.0010497818,0.0010557208,0.0010676306,0.0,0.001059927,0.001046242,0.0010388189,0.0010497818,0.0010557208,0.00106763,0.0,0.0010599277,0.001046242,0.0010388189,0.0010497818,0.0010557208,0.0010676318,0.0010716313,0.001059927,0.001046242,0.0010388189,0.0010497818,0.0010557208,0.0010676301,0.0,0.0,0.001046242,0.0010301559,0.0010206259,0.0010311031,0.0011068444,0.0,0.001059927,0.001046242,0.0010388189,0.0010497818,0.0010557208,0.0010676299,0.0010718376,0.0010599297,0.0010462423,0.0010388189,0.0010497818,0.0010557208,0.0010676325
k__Bacteria|p__Firmicutes|c__Bacilli|o__Lactobacillales|f__Streptococcaceae|g__Lactococcus|s__Lactococcus_cremoris,0.0,0.0010596622,0.001045957,0.0010385107,0.0010494412,0.001055347,0.0010672366,0.0,0.0010596623,0.001045957,0.0010385107,0.0010494412,0.001055347,0.0010672366,0.0,0.0,0.0010459806,0.0010298684,0.0010202974,0.0010307396,0.0011065645,0.001071411,0.0,0.001045957,0.0010298507,0.0010202965,0.0010307396,0.0011065637,0.0,0.0,0.001045957,0.0010298507,0.0010202965,0.0010307396,0.0011065637,0.0010713774,0.0010596622,0.001045957,0.0010385107,0.0010494412,0.001055347,0.0010672366,0.0,0.001059663,0.0010459574,0.0010385107,0.0010494412,0.001055347,0.0010672368,0.0010713775,0.0010596622,0.001045957,0.0010385107,0.0010494412,0.001055347,0.0010672366,0.0,0.0010596627,0.001045958,0.0010385108,0.0010494412,0.001055347,0.0010672375,0.0,0.0010596623,0.001045957,0.0010385107,0.0010494412,0.001055347,0.0010672366,0.0,0.0010596623,0.0,0.0010298507,0.0010108409,0.0010670212,0.0010783381,0.0,0.0010596622,0.001045957,0.0010385107,0.0010494412,0.001055347,0.0010672372,0.0,0.0,0.0,0.0010298507,0.0010108409,0.0010670212,0.0010895339,0.0010713845,0.0010596623,0.0,0.0010298507,0.0010108409,0.0010670212,0.0010783426,0.0010714252,0.0,0.0,0.0010298507,0.0010108409,0.0010670212,0.001089533,0.0010713983,0.0018562032,0.001045957,0.0,0.0010596622,0.001045957,0.0010670212,0.0010713799,0.0,0.0,0.0010298507,0.0010108409,0.0010670212,0.001089532,0.0,0.001059664,0.0,0.0010298507,0.0010108409,0.0010670212,0.0010783364,0.0,0.0,0.0010459592,0.0010596637,0.0,0.0010298507,0.0010596624,0.0010714082,0.0010596627,0.0,0.0010298506,0.0010108409,0.0010670212,0.0010783366,0.0,0.0,0.0010459576,0.0010298507,0.0010202965,0.0010307396,0.0011065641,0.0,0.0,0.001045957,0.0,0.0010596622,0.001045957,0.0010670213,0.0,0.0010596688,0.0,0.0010596624,0.0,0.0010596622,0.0010459571,0.0,0.0,0.0010459854,0.001029855,0.0010202965,0.0010307396,0.0011065647,0.0,0.0010597138,0.0010596687,0.0010539229,0.0010651217,0.0,0.0009883362,0.0,0.0010596651,0.0010459585,0.0,0.0010596627,0.0010459572,0.0010385136,0.001071386,0.0010596622,0.001045957,0.0,0.0010596622,0.001045957,0.0010385115,0.0,0.0010596624,0.0010459571,0.0010385107,0.0010494412,0.001055347,0.0010672366,0.0010713774,0.0010596622,0.001045957,0.0010385107,0.0010494412,0.001055347,0.0010672366,0.0010713992,0.0,0.0,0.0010298507,0.0010108409,0.0010670212,0.0010895319,0.001071381,0.0,0.001045957,0.0010298507,0.0010202965,0.0010307396,0.001106564,0.0,0.0010596624,0.0,0.0010298507,0.0010108409,0.0010670212,0.0010783362,0.0010713917,0.0,0.001045957,0.0010298507,0.0010202965,0.0010307396,0.0011065693,0.0,0.0010596622,0.001045957,0.0010385107,0.0010494412,0.001055347,0.0010672377,0.0010713782,0.0010596622,0.001045957,0.0010385107,0.0010494412,0.001055347,0.0010672366,0.0,0.001059663,0.0010459572,0.0010385107,0.0010494412,0.001055347,0.0010672366,0.0,0.0,0.001045957,0.0010298507,0.0010202965,0.0010307396,0.0011065637,0.0010713798,0.0010596622,0.0,0.0,0.0010596624,0.0010596623,0.0010539228,0.001071415,0.0,0.0010459578,0.0,0.0010596624,0.001045957,0.0010670248,0.0010714584,0.0,0.0010596623,0.0010459572,0.0010385107,0.0,0.0010596629,0.0,0.0010596622,0.0,0.0010298507,0.0010108409,0.0010670212,0.0010783394,0.0010713838,0.0,0.001045957,0.0010298507,0.0010202965,0.0010307397,0.0011066089,0.0010713995,0.0,0.0,0.0010298507,0.0010108409,0.0010670212,0.0010895317,0.0,0.0010596624,0.0010459571,0.0010385107,0.0010494412,0.001055347,0.0010672366,0.0010713983,0.0010596623,0.0010459572,0.0,0.0010596623,0.001045957,0.001038512,0.0010713788,0.0,0.0010459572,0.0010298509,0.0010202965,0.0010307396,0.0011065655,0.0010713814,0.0,0.0010459571,0.0010298506,0.0010202965,0.0010307396,0.0011065645,0.0,0.0010596623,0.0010596624,0.001053922,0.0010651216,0.0,0.0009883834,0.001071402,0.0,0.0010459572,0.0010298507,0.0010202965,0.0010307396,0.0011065637,0.0010713829,0.0,0.0,0.0010298507,0.0010108409,0.0010670212,0.0010895336,0.0010714276,0.0010596629,0.0,0.0010298517,0.001010841,0.0010670213,0.0010783427,0.0,0.0010596623,0.0010459572,0.0010385107,0.0010494412,0.001055347,0.0010672366,0.0,0.0010596643,0.0,0.0010298507,0.0010108409,0.0010670212,0.0010783364,0.0,0.0010596623,0.0010459571,0.0010385107,0.0010494412,0.001055347,0.0010672368,0.0010713876,0.0010596622,0.0010459572,0.0010385109,0.0010494412,0.001055347,0.0010672369,0.0,0.0,0.0,0.0010298507,0.0010108409,0.0010670212,0.0010895322,0.001071377,0.0010596622,0.0,0.0010298507,0.0010108409,0.0010670212,0.001078337,0.0010713907,0.0010596623,0.001045957,0.0010670212,0.0,0.0010298507,0.001010841,0.0,0.0010596622,0.001045957,0.0010385107,0.0010494412,0.001055347,0.0010672373,0.0,0.0010596622,0.001045957,0.0010385107,0.0010494412,0.001055347,0.001067237,0.0,0.0010596627,0.0010459572,0.0010385107,0.0010494412,0.001055347,0.001067238,0.0010713838,0.0010596622,0.001045957,0.0010385107,0.0010494412,0.001055347,0.001067237,0.03772738,0.0019313766,0.001045957,0.0010298507,0.0010202965,0.0010307396,0.0011065638,0.0,0.0010596622,0.001045957,0.0010385107,0.0010494412,0.001055347,0.0010672366,0.0010716034,0.0010596646,0.0010459574,0.0010385108,0.0010494412,0.001055347,0.0010672391
k__Bacteria|p__Firmicutes|c__Clostridia|o__Eubacteriales|f__Lachnospiraceae|g__Blautia|s__Blautia_faecicola,0.0,0.001057702,0.0010441308,0.0010369224,0.0010483348,0.0010547027,0.0010669434,0.0,0.0010577018,0.0010441308,0.0010369224,0.0010483348,0.0010547027,0.0010669433,0.0,0.0,0.0010441443,0.0010281785,0.0010188612,0.0010297893,0.0011053676,0.001069314,0.0,0.0010441308,0.0010281681,0.0010188606,0.0010297891,0.0011053671,0.0,0.0,0.0010441308,0.0010281685,0.0010188606,0.0010297891,0.0011053672,0.0010692929,0.0010577017,0.0010441308,0.0010369224,0.0010483348,0.0010547027,0.0010669433,0.0,0.0010577023,0.0010441308,0.0010369224,0.0010483348,0.0010547027,0.0010669437,0.0010692929,0.0010577017,0.0010441308,0.0010369224,0.0010483348,0.0010547027,0.0010669434,0.0,0.0010577022,0.0010441311,0.0010369226,0.0010483348,0.0010547027,0.001066944,0.0,0.0010577018,0.0010441308,0.0010369224,0.0010483348,0.0010547027,0.0010669433,0.0,0.0010577018,0.0,0.0010281685,0.0010093126,0.0010651585,0.0010769482,0.0,0.0010577017,0.0010441308,0.0010369224,0.0010483348,0.0010547027,0.001066944,0.0,0.0,0.0,0.0010281685,0.0010093126,0.0010651585,0.0010880167,0.0010692975,0.0010577021,0.0,0.0010281685,0.0010093126,0.0010651585,0.0010769533,0.0010693328,0.0,0.0,0.0010281684,0.0010093126,0.0010651585,0.0010880162,0.0010693064,0.0,0.0010441308,0.0,0.0010577017,0.0010441308,0.0010651586,0.0010692945,0.0,0.0,0.0010281685,0.0010093126,0.0010651585,0.0010880147,0.0,0.0010577033,0.0,0.0010281681,0.0010093126,0.0010651585,0.001076947,0.0,0.0,0.0010441318,0.0010577027,0.0,0.0010281685,0.0010577018,0.0010693114,0.0010577022,0.0,0.0010281684,0.0010093126,0.0010651585,0.0010769465,0.0,0.0,0.0010441309,0.0010281685,0.0010188606,0.0010297891,0.0011053672,0.0,0.0,0.0010441308,0.0,0.0010577017,0.0010441308,0.0010651585,0.0,0.0010577063,0.0,0.0010577019,0.0,0.0010577017,0.0010441309,0.0,0.0,0.0010441465,0.001028171,0.0010188606,0.0010297893,0.0011053677,0.0,0.0010577382,0.0010577057,0.0010521921,0.0010638689,0.0,0.0009869713,0.0,0.0010577043,0.0010441317,0.0,0.0010577022,0.0010441309,0.0010369248,0.0010692967,0.0010577017,0.0010441308,0.0,0.0010577017,0.0010441308,0.0010369236,0.0,0.0010577019,0.0010441309,0.0010369224,0.0010483348,0.0010547027,0.0010669434,0.0010692925,0.0010577017,0.0010441308,0.0010369224,0.0010483348,0.0010547027,0.0010669433,0.001069308,0.0,0.0,0.0010281685,0.0010093126,0.0010651585,0.0010880146,0.0010692951,0.0,0.0010441308,0.0010281681,0.0010188606,0.0010297891,0.0011053674,0.0,0.0010577019,0.0,0.0010281681,0.0010093126,0.0010651585,0.0010769465,0.0010693035,0.0,0.0010441308,0.0010281681,0.0010188606,0.0010297893,0.0011053731,0.0,0.0010577017,0.0010441308,0.0010369224,0.0010483348,0.0010547027,0.001066945,0.0010692929,0.0010577017,0.0010441308,0.0010369224,0.0010483348,0.0010547027,0.0010669433,0.0,0.0010577025,0.0010441309,0.0010369224,0.0010483348,0.0010547027,0.0010669434,0.0,0.0,0.0010441308,0.0010281685,0.0010188606,0.0010297891,0.0011053672,0.0010692943,0.0010577017,0.0,0.0,0.0010577019,0.0010577018,0.0010521924,0.0010693169,0.0,0.0010441309,0.0,0.0010577019,0.0010441308,0.0010651613,0.0010693604,0.0,0.0010577021,0.0010441309,0.0010369224,0.0,0.0010577026,0.0,0.0010577019,0.0,0.0010281685,0.0010093126,0.0010651586,0.0010769505,0.0010692962,0.0,0.0010441308,0.0010281681,0.0010188606,0.0010297897,0.0011054135,0.0010693049,0.0,0.0,0.0010281685,0.0010093126,0.0010651585,0.0010880146,0.0,0.0010577019,0.0010441309,0.0010369224,0.0010483348,0.0010547027,0.0010669433,0.0010692942,0.0010577019,0.0010441309,0.0,0.0010577018,0.0010441308,0.001036923,0.0010692938,0.0,0.0010441309,0.0010281685,0.0010188606,0.0010297893,0.001105369,0.0010692956,0.0,0.0010441309,0.0010281684,0.0010188606,0.0010297894,0.0011053685,0.0,0.0010577021,0.0010577021,0.0010521916,0.0010638686,0.0,0.000987011,0.0010693129,0.0,0.0010441309,0.0010281681,0.0010188606,0.0010297891,0.0011053667,0.001069297,0.0,0.0,0.0010281685,0.0010093126,0.0010651585,0.0010880162,0.0010693248,0.0010577023,0.0,0.0010281693,0.001009313,0.0010651586,0.0010769533,0.0,0.0010577018,0.0010441309,0.0010369224,0.0010483348,0.0010547027,0.0010669433,0.0,0.0010577032,0.0,0.0010281685,0.0010093126,0.0010651585,0.0010769465,0.0,0.0010577019,0.0010441309,0.0010369224,0.0010483348,0.0010547027,0.0010669434,0.0010693026,0.001057702,0.0010441308,0.0010369226,0.0010483348,0.0010547027,0.0010669437,0.0,0.0,0.0,0.0010281681,0.0010093126,0.0010651585,0.0010880152,0.0010692924,0.0010577017,0.0,0.0010281681,0.0010093126,0.0010651585,0.0010769474,0.0010693029,0.0010577018,0.0010441308,0.0010651585,0.0,0.0010281681,0.0010093128,0.0,0.0010577017,0.0010441308,0.0010369224,0.0010483348,0.0010547027,0.0010669443,0.0,0.0010577017,0.0010441308,0.0010369224,0.0010483348,0.0010547027,0.0010669436,0.0,0.0010577022,0.0010441309,0.0010369224,0.0010483348,0.0010547027,0.0010669451,0.0010692977,0.001057702,0.0010441308,0.0010369224,0.0010483348,0.0010547027,0.0010669439,0.0,0.0,0.0010441308,0.0010281681,0.0010188606,0.0010297891,0.0011053672,0.0,0.0010577017,0.0010441308,0.0010369224,0.0010483348,0.0010547027,0.0010669433,0.0010694573,0.0010577036,0.0010441308,0.0010369223,0.0010483348,0.0010547027,0.001066946
k__Bacteria|p__Firmicutes|c__Tissierellia|o__Tissierellales|f__Peptoniphilaceae|g__Anaerococcus|s__Anaerococcus_SGB53821,0.0,0.0010588826,0.0010451172,0.001037598,0.001048428,0.0010542303,0.001066059,0.0,0.0010588826,0.0010451172,0.001037598,0.001048428,0.0010542303,0.0010660589,0.0,0.0,0.0010451414,0.001028966,0.0010193199,0.0010296556,0.001105732,0.0010706834,0.0,0.0010451172,0.0010289479,0.001019319,0.0010296556,0.0011057316,0.0,0.0,0.0010451172,0.0010289479,0.001019319,0.0010296556,0.0011057316,0.0010706558,0.0010588825,0.0010451172,0.001037598,0.001048428,0.0010542303,0.0010660589,0.0,0.0010588833,0.0010451172,0.001037598,0.001048428,0.0010542303,0.0010660593,0.0010706559,0.0010588825,0.0010451172,0.001037598,0.001048428,0.0010542303,0.001066059,0.0,0.001058883,0.0010451176,0.0010375985,0.001048428,0.0010542303,0.0010660595,0.0,0.0010588826,0.0010451172,0.001037598,0.001048428,0.0010542303,0.001066059,0.0,0.0010588826,0.0,0.0010289479,0.0010098744,0.001066234,0.0010774615,0.0,0.0010588825,0.0010451172,0.001037598,0.001048428,0.0010542303,0.001066059,0.0,0.0,0.0,0.0010289479,0.0010098744,0.001066234,0.001088721,0.0010706618,0.0010588826,0.0,0.0010289479,0.0010098744,0.001066234,0.0010774637,0.0010706915,0.0,0.0,0.0010289482,0.0010098744,0.001066234,0.0010887204,0.001070674,0.0,0.0010451172,0.0,0.0010588825,0.0010451172,0.0010662338,0.0010706582,0.0,0.0,0.0010289479,0.0010098744,0.001066234,0.0010887198,0.0,0.0010588845,0.0,0.0010289479,0.0010098744,0.001066234,0.0010774598,0.0,0.0,0.0010451189,0.001058884,0.0,0.0010289479,0.0010588827,0.0010706849,0.001058883,0.0,0.0010289481,0.0010098744,0.001066234,0.0010774599,0.0,0.0,0.0010451172,0.0010289479,0.001019319,0.0010296556,0.0011057322,0.0,0.0,0.0010451172,0.0,0.0010588825,0.0010451172,0.0010662338,0.0,0.0010588891,0.0,0.0010588827,0.0,0.0010588825,0.0010451172,0.0,0.0,0.0010451457,0.0010289525,0.0010193192,0.0010296556,0.0011057318,0.0,0.0010589417,0.0010588893,0.0010530743,0.0010641781,0.0,0.0009873047,0.0,0.0010588855,0.0010451186,0.0,0.001058883,0.0010451172,0.0010376011,0.0010706639,0.0010588825,0.0010451172,0.0,0.0010588825,0.0010451172,0.0010375989,0.0,0.0010588828,0.0010451172,0.001037598,0.001048428,0.0010542303,0.0010660591,0.0010706559,0.0010588825,0.0010451172,0.001037598,0.001048428,0.0010542303,0.001066059,0.0010706747,0.0,0.0,0.0010289479,0.0010098744,0.001066234,0.0010887197,0.0010706589,0.0,0.0010451172,0.0010289479,0.001019319,0.0010296556,0.0011057319,0.0,0.0010588827,0.0,0.0010289479,0.0010098744,0.001066234,0.0010774598,0.0010706693,0.0,0.0010451172,0.0010289479,0.001019319,0.0010296556,0.0011057366,0.0,0.0010588825,0.0010451172,0.001037598,0.001048428,0.0010542303,0.0010660596,0.0010706565,0.0010588825,0.0010451172,0.001037598,0.001048428,0.0010542303,0.0010660589,0.0,0.0010588834,0.0010451172,0.001037598,0.001048428,0.0010542303,0.001066059,0.0,0.0,0.0010451172,0.0010289479,0.001019319,0.0010296556,0.0011057317,0.0010706576,0.0010588825,0.0,0.0,0.0010588827,0.0010588826,0.0010530738,0.0010706857,0.0,0.0010451175,0.0,0.0010588827,0.0010451172,0.0010662376,0.0010707176,0.0,0.0010588827,0.0010451172,0.001037598,0.0,0.0010588833,0.0,0.0010588825,0.0,0.0010289479,0.0010098744,0.0010662338,0.0010774649,0.0010706617,0.0,0.0010451172,0.0010289479,0.0010193192,0.0010296559,0.0011057665,0.001070674,0.0,0.0,0.0010289479,0.0010098744,0.001066234,0.0010887198,0.0,0.0010588827,0.0010451172,0.001037598,0.001048428,0.0010542303,0.0010660589,0.0010706608,0.0010588827,0.0010451172,0.0,0.0010588826,0.0010451172,0.0010375994,0.0010706568,0.0,0.0010451172,0.0010289482,0.001019319,0.0010296556,0.001105733,0.0010706593,0.0,0.0010451172,0.0010289479,0.0010193192,0.0010296556,0.0011057325,0.0,0.0010588827,0.0010588828,0.0010530733,0.0010641783,0.0,0.0009873466,0.0010706773,0.0,0.0010451172,0.0010289479,0.001019319,0.0010296556,0.0011057316,0.0010706602,0.0,0.0,0.0010289479,0.0010098744,0.001066234,0.0010887205,0.0010706931,0.0010588834,0.0,0.0010289493,0.001009875,0.001066234,0.0010774649,0.0,0.0010588827,0.0010451172,0.001037598,0.001048428,0.0010542303,0.0010660589,0.0,0.001058885,0.0,0.0010289482,0.0010098744,0.001066234,0.0010774598,0.0,0.0010588827,0.0010451172,0.001037598,0.001048428,0.0010542303,0.001066059,0.0010706641,0.0010588826,0.0010451172,0.0010375984,0.001048428,0.0010542303,0.0010660589,0.0,0.0,0.0,0.0010289479,0.0010098744,0.001066234,0.0010887202,0.0010706554,0.0010588825,0.0,0.0010289479,0.0010098744,0.001066234,0.0010774602,0.0010706672,0.0010588827,0.0010451172,0.001066234,0.0,0.0010289479,0.0010098745,0.0,0.0010588825,0.0010451172,0.0010375984,0.001048428,0.0010542303,0.0010660592,0.0,0.0010588825,0.0010451172,0.001037598,0.001048428,0.0010542303,0.0010660591,0.0,0.0010588834,0.0010451172,0.001037598,0.001048428,0.0010542303,0.0010660598,0.0010706619,0.0010588825,0.0010451172,0.001037598,0.001048428,0.0010542303,0.001066059,0.0,0.0,0.0010451172,0.0010289479,0.001019319,0.0010296556,0.0011057319,0.0,0.0010588825,0.0010451172,0.001037598,0.001048428,0.0010542303,0.001066059,0.001070824,0.0010588849,0.0010451174,0.0010375982,0.001048428,0.0010542303,0.0010660603
k__Bacteria|p__Firmicutes|c__Clostridia|o__Eubacteriales|f__Lachnospiraceae|g__GGB79912|s__GGB79912_SGB4550,0.0,0.0010613775,0.0010477379,0.0010403509,0.0010513284,0.0010572905,0.0010691948,0.0,0.0010613776,0.0010477379,0.0010403509,0.0010513284,0.0010572905,0.0010691946,0.0,0.0,0.0010477513,0.0010317054,0.0010222056,0.0010327029,0.0011081812,0.0010730565,0.0,0.0010477379,0.0010316974,0.0010222049,0.0010327032,0.0011081813,0.0,0.0,0.0010477379,0.0010316974,0.0010222049,0.0010327032,0.0011081813,0.0010730289,0.0010613776,0.0010477379,0.0010403509,0.0010513284,0.0010572905,0.001069195,0.0,0.001061378,0.001047738,0.0010403509,0.0010513284,0.0010572905,0.0010691951,0.0010730287,0.0010613776,0.0010477379,0.0010403509,0.0010513284,0.0010572905,0.001069195,0.0,0.0010613777,0.0010477386,0.0010403509,0.0010513284,0.0010572905,0.0010691953,0.0,0.0010613776,0.0010477379,0.0010403509,0.0010513284,0.0010572905,0.0010691948,0.0,0.0010613776,0.0,0.0010316974,0.0010127528,0.0010687258,0.001080072,0.0,0.0010613776,0.0010477379,0.0010403509,0.0010513284,0.0010572905,0.0010691946,0.0,0.0,0.0,0.0010316974,0.0010127528,0.0010687258,0.0010911934,0.0010730358,0.0010613776,0.0,0.0010316974,0.0010127528,0.0010687258,0.0010800748,0.0010731035,0.0,0.0,0.0010316976,0.0010127528,0.0010687258,0.0010911936,0.0010730526,0.0,0.0010477379,0.0,0.0010613776,0.0010477379,0.0010687257,0.0010730315,0.0,0.0,0.0010316974,0.0010127528,0.0010687258,0.0010911939,0.0,0.0010613787,0.0,0.0010316974,0.0010127528,0.0010687258,0.0010800717,0.0,0.0,0.0010477384,0.0010613789,0.0,0.0010316974,0.0010613776,0.0010730498,0.0010613777,0.0,0.0010316974,0.0010127528,0.0010687258,0.0010800714,0.0,0.0,0.001047738,0.0010316974,0.0010222049,0.0010327032,0.0011081817,0.0,0.0,0.0010477379,0.0,0.0010613776,0.0010477379,0.0010687257,0.0,0.0010613791,0.0,0.0010613777,0.0,0.0010613776,0.0010477379,0.0,0.0,0.0010477527,0.0010316999,0.0010222046,0.0010327032,0.0011081811,0.0,0.0010614141,0.0010613815,0.0010556942,0.0010669321,0.0,0.0009903038,0.0,0.0010613792,0.0010477384,0.0,0.0010613777,0.001047738,0.0010403527,0.0010730324,0.0010613776,0.0010477379,0.0,0.0010613776,0.0010477379,0.0010403515,0.0,0.0010613777,0.0010477379,0.0010403509,0.0010513284,0.0010572905,0.0010691946,0.0010730285,0.0010613776,0.0010477379,0.0010403509,0.0010513284,0.0010572905,0.001069195,0.0010730572,0.0,0.0,0.0010316974,0.0010127528,0.0010687258,0.0010911939,0.0010730361,0.0,0.0010477379,0.0010316974,0.0010222049,0.0010327032,0.0011081814,0.0,0.0010613777,0.0,0.0010316974,0.0010127528,0.0010687258,0.0010800713,0.0010730404,0.0,0.0010477379,0.0010316974,0.0010222049,0.0010327029,0.001108184,0.0,0.0010613776,0.0010477379,0.0010403509,0.0010513284,0.0010572905,0.0010691952,0.0010730295,0.0010613776,0.0010477379,0.0010403509,0.0010513284,0.0010572905,0.001069195,0.0,0.0010613779,0.001047738,0.0010403509,0.0010513284,0.0010572905,0.0010691948,0.0,0.0,0.0010477379,0.0010316974,0.0010222049,0.0010327032,0.0011081814,0.00107303,0.0010613776,0.0,0.0,0.0010613777,0.0010613776,0.001055694,0.0010730561,0.0,0.0010477378,0.0,0.0010613777,0.0010477379,0.0010687272,0.0010731412,0.0,0.0010613777,0.001047738,0.0010403509,0.0,0.0010613776,0.0,0.0010613775,0.0,0.0010316974,0.0010127528,0.0010687258,0.0010800743,0.0010730338,0.0,0.0010477379,0.0010316974,0.0010222046,0.0010327036,0.0011081973,0.0010730396,0.0,0.0,0.0010316974,0.0010127528,0.0010687258,0.0010911938,0.0,0.0010613777,0.0010477379,0.0010403509,0.0010513284,0.0010572905,0.0010691946,0.0010730289,0.0010613776,0.001047738,0.0,0.0010613775,0.0010477379,0.0010403517,0.0010730311,0.0,0.001047738,0.0010316976,0.0010222049,0.0010327032,0.0011081811,0.0010730311,0.0,0.0010477379,0.0010316974,0.0010222046,0.0010327031,0.001108182,0.0,0.0010613776,0.0010613778,0.0010556941,0.001066932,0.0,0.0009903237,0.0010730651,0.0,0.001047738,0.0010316974,0.0010222049,0.0010327032,0.0011081813,0.0010730315,0.0,0.0,0.0010316974,0.0010127528,0.0010687258,0.0010911938,0.0010730969,0.0010613784,0.0,0.0010316983,0.001012753,0.0010687257,0.0010800739,0.0,0.0010613776,0.001047738,0.0010403509,0.0010513284,0.0010572905,0.001069195,0.0,0.0010613782,0.0,0.0010316974,0.0010127528,0.0010687258,0.0010800713,0.0,0.0010613777,0.001047738,0.0010403509,0.0010513284,0.0010572905,0.0010691948,0.0010730412,0.0010613776,0.001047738,0.0010403509,0.0010513284,0.0010572905,0.0010691949,0.0,0.0,0.0,0.0010316974,0.0010127528,0.0010687258,0.0010911939,0.0010730284,0.0010613776,0.0,0.0010316974,0.0010127528,0.0010687258,0.0010800718,0.0010730363,0.0010613776,0.0010477379,0.0010687258,0.0,0.0010316974,0.001012753,0.0,0.0010613776,0.0010477379,0.0010403509,0.0010513284,0.0010572905,0.0010691949,0.0,0.0010613776,0.0010477379,0.0010403509,0.0010513284,0.0010572905,0.0010691948,0.0,0.001061378,0.001047738,0.0010403509,0.0010513284,0.0010572905,0.001069195,0.0010730386,0.0010613776,0.0010477379,0.0010403509,0.0010513284,0.0010572905,0.001069195,0.0,0.0,0.0010477379,0.0010316974,0.0010222049,0.0010327032,0.0011081814,0.0,0.0010613776,0.0010477379,0.0010403509,0.0010513284,0.0010572905,0.001069195,0.0010731485,0.0010613784,0.001047738,0.0010403508,0.0010513284,0.0010572905,0.0010691949
k__Bacteria|p__Firmicutes|c__Clostridia|o__Eubacteriales|f__Eubacteriales_unclassified|g__Gemmiger|s__Gemmiger_SGB15299,0.0,0.0010607499,0.0010470721,0.0010396424,0.0010505662,0.001056472,0.0010683457,0.0,0.0010607502,0.0010470721,0.0010396424,0.0010505662,0.001056472,0.0010683456,0.0,0.0,0.0010470751,0.0010309952,0.001021456,0.0010318964,0.001107545,0.0010724438,0.0,0.0010470721,0.0010309927,0.0010214559,0.0010318964,0.001107545,0.0,0.0,0.0010470721,0.0010309925,0.0010214559,0.0010318964,0.0011075451,0.0010724377,0.0010607501,0.0010470721,0.0010396424,0.0010505662,0.001056472,0.0010683456,0.0,0.0010607501,0.0010470722,0.0010396424,0.0010505662,0.001056472,0.0010683457,0.001072438,0.0010607501,0.0010470721,0.0010396424,0.0010505662,0.001056472,0.0010683456,0.0,0.00106075,0.0010470722,0.0010396426,0.0010505662,0.001056472,0.0010683462,0.0,0.0010607502,0.0010470721,0.0010396424,0.0010505662,0.001056472,0.0010683456,0.0,0.00106075,0.0,0.0010309925,0.0010120084,0.0010680964,0.0010793968,0.0,0.0010607501,0.0010470721,0.0010396424,0.0010505662,0.0010564717,0.0010683459,0.0,0.0,0.0,0.0010309925,0.0010120084,0.0010680964,0.0010905605,0.0010724397,0.0010607502,0.0,0.0010309925,0.0010120084,0.0010680964,0.0010793977,0.0010724474,0.0,0.0,0.0010309926,0.0010120084,0.0010680964,0.0010905603,0.0010724415,0.0,0.0010470721,0.0,0.0010607501,0.0010470721,0.0010680964,0.0010724377,0.0,0.0,0.0010309927,0.0010120084,0.0010680964,0.0010905598,0.0,0.00106075,0.0,0.0010309925,0.0010120084,0.0010680964,0.001079396,0.0,0.0,0.0010470725,0.0010607503,0.0,0.0010309925,0.00106075,0.0010724403,0.00106075,0.0,0.0010309927,0.0010120084,0.0010680964,0.0010793962,0.0,0.0,0.0010470722,0.0010309925,0.0010214559,0.0010318964,0.0011075449,0.0,0.0,0.0010470721,0.0,0.0010607501,0.0010470721,0.0010680963,0.0,0.00106075,0.0,0.0010607503,0.0,0.0010607501,0.0010470722,0.0,0.0,0.0010470753,0.0010309925,0.001021456,0.0010318964,0.0011075451,0.0,0.0010607515,0.0010607496,0.0010550256,0.0010662142,0.0,0.0009895203,0.0,0.0010607501,0.0010470721,0.0,0.0010607501,0.0010470722,0.0010396432,0.0010724396,0.0010607501,0.0010470721,0.0,0.0010607501,0.0010470721,0.0010396428,0.0,0.0010607501,0.0010470722,0.0010396424,0.0010505662,0.001056472,0.0010683456,0.0010724381,0.0010607501,0.0010470721,0.0010396424,0.0010505662,0.001056472,0.0010683456,0.0010724418,0.0,0.0,0.0010309927,0.0010120084,0.0010680964,0.0010905598,0.0010724369,0.0,0.0010470721,0.0010309927,0.0010214559,0.0010318964,0.0011075451,0.0,0.0010607503,0.0,0.0010309927,0.0010120084,0.0010680964,0.0010793963,0.0010724395,0.0,0.0010470721,0.0010309925,0.0010214559,0.0010318964,0.0011075462,0.0,0.0010607501,0.0010470721,0.0010396424,0.0010505662,0.001056472,0.0010683462,0.0010724382,0.0010607501,0.0010470721,0.0010396424,0.0010505662,0.001056472,0.0010683456,0.0,0.0010607502,0.0010470722,0.0010396424,0.0010505662,0.001056472,0.0010683457,0.0,0.0,0.0010470721,0.0010309925,0.0010214559,0.0010318964,0.0011075451,0.0010724383,0.0010607501,0.0,0.0,0.0010607503,0.0010607502,0.0010550261,0.0010724447,0.0,0.0010470724,0.0,0.0010607503,0.0010470721,0.0010680975,0.0010724578,0.0,0.00106075,0.0010470722,0.0010396424,0.0,0.0010607502,0.0,0.0010607498,0.0,0.0010309927,0.0010120084,0.0010680964,0.0010793967,0.0010724388,0.0,0.0010470721,0.0010309927,0.001021456,0.0010318964,0.0011075599,0.0010724411,0.0,0.0,0.0010309925,0.0010120084,0.0010680964,0.0010905596,0.0,0.00106075,0.0010470722,0.0010396424,0.0010505662,0.001056472,0.0010683456,0.0010724557,0.0010607502,0.0010470722,0.0,0.0010607499,0.0010470721,0.0010396427,0.0010724379,0.0,0.0010470722,0.0010309927,0.0010214559,0.0010318964,0.0011075455,0.0010724383,0.0,0.0010470722,0.0010309925,0.001021456,0.0010318964,0.0011075448,0.0,0.00106075,0.00106075,0.0010550254,0.0010662139,0.0,0.0009895468,0.0010724409,0.0,0.0010470722,0.0010309927,0.0010214559,0.0010318964,0.0011075451,0.001072439,0.0,0.0,0.0010309927,0.0010120084,0.0010680964,0.0010905605,0.0010724486,0.0010607498,0.0,0.0010309928,0.0010120085,0.0010680964,0.0010793986,0.0,0.00106075,0.0010470722,0.0010396424,0.0010505662,0.001056472,0.0010683456,0.0,0.00106075,0.0,0.0010309925,0.0010120084,0.0010680964,0.0010793963,0.0,0.00106075,0.0010470722,0.0010396424,0.0010505662,0.001056472,0.0010683457,0.0010724383,0.0010607499,0.0010470722,0.0010396425,0.0010505662,0.001056472,0.0010683457,0.0,0.0,0.0,0.0010309927,0.0010120084,0.0010680964,0.00109056,0.0010724379,0.0010607501,0.0,0.0010309927,0.0010120084,0.0010680964,0.0010793961,0.0010724392,0.00106075,0.0010470721,0.0010680964,0.0,0.0010309927,0.0010120085,0.0,0.0010607501,0.0010470721,0.0010396424,0.0010505662,0.001056472,0.0010683461,0.0,0.0010607501,0.0010470721,0.0010396424,0.0010505662,0.001056472,0.0010683457,0.0,0.00106075,0.0010470722,0.0010396424,0.0010505662,0.0010564717,0.0010683464,0.0010724377,0.0010607501,0.0010470721,0.0010396424,0.0010505662,0.001056472,0.0010683459,0.0,0.0,0.0010470721,0.0010309925,0.0010214559,0.0010318964,0.0011075452,0.0,0.0010607501,0.0010470721,0.0010396424,0.0010505662,0.001056472,0.0010683456,0.001072508,0.0010607502,0.0010470722,0.0010396424,0.0010505662,0.0010564717,0.0010683469
k__Bacteria|p__Firmicutes|c__Clostridia|o__Eubacteriales|f__Lachnospiraceae|g__Blautia|s__Blautia_SGB4793,0.0,0.0010580374,0.0010445571,0.0010374745,0.0010490967,0.0010556728,0.0010680538,0.0,0.0010580375,0.0010445571,0.0010374745,0.0010490967,0.0010556728,0.0010680538,0.0,0.0,0.0010445586,0.0010286899,0.0010195122,0.0010306572,0.0011059269,0.0010695282,0.0,0.0010445571,0.0010286894,0.0010195123,0.0010306572,0.0011059275,0.0,0.0,0.0010445571,0.0010286894,0.0010195123,0.0010306572,0.0011059275,0.0010695419,0.0010580374,0.0010445571,0.0010374745,0.0010490967,0.0010556728,0.0010680537,0.0,0.0010580376,0.0010445571,0.0010374745,0.0010490967,0.0010556728,0.0010680541,0.001069542,0.0010580374,0.0010445571,0.0010374745,0.0010490967,0.0010556728,0.0010680538,0.0,0.0010580375,0.0010445571,0.0010374747,0.0010490967,0.0010556728,0.0010680539,0.0,0.0010580375,0.0010445571,0.0010374745,0.0010490967,0.0010556728,0.0010680538,0.0,0.0010580375,0.0,0.0010286894,0.0010099323,0.0010655241,0.0010775075,0.0,0.0010580374,0.0010445571,0.0010374745,0.0010490967,0.0010556728,0.0010680538,0.0,0.0,0.0,0.0010286894,0.0010099323,0.0010655241,0.0010884824,0.0010695388,0.0010580375,0.0,0.0010286894,0.0010099323,0.0010655241,0.001077507,0.0010695317,0.0,0.0,0.0010286896,0.0010099323,0.0010655241,0.0010884827,0.0010695368,0.0,0.0010445571,0.0,0.0010580374,0.0010445571,0.0010655238,0.0010695411,0.0,0.0,0.0010286894,0.0010099323,0.0010655241,0.0010884824,0.0,0.0010580375,0.0,0.0010286894,0.0010099323,0.0010655241,0.0010775077,0.0,0.0,0.0010445571,0.0010580377,0.0,0.0010286894,0.0010580375,0.0010695353,0.0010580375,0.0,0.0010286892,0.0010099323,0.0010655241,0.0010775077,0.0,0.0,0.0010445572,0.0010286894,0.0010195123,0.0010306572,0.0011059274,0.0,0.0,0.0010445571,0.0,0.0010580374,0.0010445571,0.0010655238,0.0,0.001058036,0.0,0.0010580375,0.0,0.0010580374,0.0010445572,0.0,0.0,0.0010445556,0.0010286891,0.0010195121,0.0010306572,0.0011059267,0.0,0.0010580423,0.0010580372,0.001052648,0.0010645282,0.0,0.0009876818,0.0,0.0010580373,0.0010445566,0.0,0.0010580376,0.0010445571,0.0010374752,0.0010695383,0.0010580374,0.0010445571,0.0,0.0010580374,0.0010445571,0.0010374747,0.0,0.0010580376,0.0010445572,0.0010374745,0.0010490967,0.0010556728,0.0010680538,0.0010695419,0.0010580374,0.0010445571,0.0010374745,0.0010490967,0.0010556728,0.0010680538,0.001069539,0.0,0.0,0.0010286894,0.0010099323,0.0010655241,0.0010884826,0.0010695416,0.0,0.0010445571,0.0010286894,0.0010195123,0.0010306572,0.0011059272,0.0,0.0010580379,0.0,0.0010286894,0.0010099323,0.0010655241,0.0010775076,0.0010695362,0.0,0.0010445571,0.0010286894,0.0010195123,0.0010306572,0.0011059265,0.0,0.0010580374,0.0010445571,0.0010374745,0.0010490967,0.0010556728,0.001068054,0.0010695414,0.0010580374,0.0010445571,0.0010374745,0.0010490967,0.0010556728,0.0010680537,0.0,0.0010580376,0.0010445571,0.0010374745,0.0010490967,0.0010556728,0.0010680538,0.0,0.0,0.0010445571,0.0010286894,0.0010195123,0.0010306572,0.0011059274,0.0010695405,0.0010580374,0.0,0.0,0.0010580379,0.0010580375,0.0010526485,0.0010695285,0.0,0.0010445568,0.0,0.0010580375,0.0010445571,0.001065525,0.0010695286,0.0,0.0010580375,0.0010445571,0.0010374745,0.0,0.0010580375,0.0,0.0010580376,0.0,0.0010286894,0.0010099323,0.0010655241,0.0010775073,0.0010695403,0.0,0.0010445571,0.0010286894,0.0010195124,0.0010306576,0.0011059226,0.0010695359,0.0,0.0,0.0010286894,0.0010099323,0.0010655241,0.0010884827,0.0,0.0010580375,0.0010445572,0.0010374745,0.0010490967,0.0010556728,0.0010680538,0.0010695205,0.0010580375,0.0010445571,0.0,0.0010580374,0.0010445571,0.0010374751,0.0010695414,0.0,0.0010445571,0.0010286894,0.0010195123,0.0010306572,0.001105927,0.0010695402,0.0,0.0010445572,0.0010286894,0.0010195121,0.0010306573,0.001105927,0.0,0.0010580375,0.0010580375,0.0010526484,0.0010645278,0.0,0.0009876951,0.0010695371,0.0,0.0010445571,0.0010286894,0.0010195123,0.0010306572,0.0011059275,0.0010695399,0.0,0.0,0.0010286894,0.0010099323,0.0010655241,0.0010884824,0.0010695272,0.0010580376,0.0,0.0010286898,0.0010099323,0.0010655238,0.0010775083,0.0,0.0010580375,0.0010445571,0.0010374745,0.0010490967,0.0010556728,0.0010680537,0.0,0.0010580373,0.0,0.0010286894,0.0010099323,0.0010655241,0.0010775076,0.0,0.0010580375,0.0010445572,0.0010374745,0.0010490967,0.0010556728,0.0010680538,0.0010695397,0.0010580374,0.0010445568,0.0010374747,0.0010490967,0.0010556728,0.0010680539,0.0,0.0,0.0,0.0010286894,0.0010099323,0.0010655241,0.0010884827,0.001069542,0.0010580374,0.0,0.0010286894,0.0010099323,0.0010655241,0.0010775076,0.0010695375,0.0010580375,0.0010445571,0.0010655241,0.0,0.0010286894,0.0010099323,0.0,0.0010580374,0.0010445571,0.0010374745,0.0010490967,0.0010556728,0.0010680537,0.0,0.0010580374,0.0010445571,0.0010374745,0.0010490967,0.0010556728,0.0010680535,0.0,0.0010580375,0.0010445571,0.0010374745,0.0010490967,0.0010556728,0.0010680535,0.00106954,0.0010580374,0.0010445571,0.0010374745,0.0010490967,0.0010556728,0.0010680539,0.0,0.0,0.0010445571,0.0010286894,0.0010195123,0.0010306572,0.0011059274,0.0,0.0010580374,0.0010445571,0.0010374745,0.0010490967,0.0010556728,0.0010680538,0.0010694788,0.0010580374,0.0010445568,0.0010374746,0.0010490967,0.0010556728,0.0010680534
k__Bacteria|p__Firmicutes|c__Bacilli|o__Lactobacillales|f__Lactobacillaceae|g__Lactobacillus|s__Lactobacillus_delbrueckii,0.0,0.0010626898,0.0010488632,0.0010411735,0.0010515779,0.001056985,0.001068483,0.0,0.0010626899,0.0010488632,0.0010411735,0.0010515779,0.001056985,0.001068483,0.0,0.0,0.0010488734,0.0010326307,0.0010228185,0.0010327343,0.0011086778,0.0010745458,0.0,0.0010488632,0.0010326238,0.0010228178,0.0010327343,0.0011086771,0.0,0.0,0.0010488632,0.0010326238,0.0010228178,0.0010327343,0.0011086771,0.0010745167,0.0010626898,0.0010488632,0.0010411735,0.0010515779,0.001056985,0.0010684829,0.0,0.0010626907,0.0010488632,0.0010411735,0.0010515779,0.001056985,0.0010684839,0.0010745167,0.0010626898,0.0010488632,0.0010411735,0.0010515779,0.001056985,0.001068483,0.0,0.0010626904,0.001048864,0.0010411736,0.0010515779,0.001056985,0.0010684833,0.0,0.0010626899,0.0010488632,0.0010411735,0.0010515779,0.001056985,0.001068483,0.0,0.0010626899,0.0,0.0010326238,0.0010134688,0.001069933,0.0010807263,0.0,0.0010626898,0.0010488632,0.0010411734,0.0010515779,0.001056985,0.0010684835,0.0,0.0,0.0,0.0010326238,0.0010134688,0.001069933,0.0010920322,0.0010745252,0.0010626899,0.0,0.0010326238,0.0010134688,0.001069933,0.0010807313,0.0010745832,0.0,0.0,0.0010326238,0.0010134688,0.001069933,0.0010920318,0.0010745372,0.0,0.0010488632,0.0,0.0010626898,0.0010488632,0.001069933,0.0010745194,0.0,0.0,0.0010326238,0.0010134688,0.001069933,0.0010920309,0.0,0.0010626911,0.0,0.0010326238,0.0010134688,0.001069933,0.0010807245,0.0,0.0,0.0010488644,0.0010626913,0.0,0.0010326238,0.0010626903,0.001074538,0.0010626904,0.0,0.0010326237,0.0010134688,0.001069933,0.0010807242,0.0,0.0,0.0010488633,0.0010326238,0.0010228178,0.0010327343,0.0011086772,0.0,0.0,0.0010488632,0.0,0.0010626898,0.0010488632,0.001069933,0.0,0.0010626928,0.0,0.00106269,0.0,0.0010626898,0.0010488634,0.0,0.0,0.0010488766,0.0010326256,0.0010228179,0.0010327343,0.0011086775,0.0,0.0010627086,0.0010626925,0.001056715,0.0010673892,0.0,0.0009908059,0.0,0.0010626921,0.0010488641,0.0,0.0010626904,0.0010488632,0.001041176,0.0010745219,0.0010626898,0.0010488632,0.0,0.0010626898,0.0010488632,0.0010411745,0.0,0.00106269,0.0010488633,0.0010411734,0.0010515779,0.001056985,0.001068483,0.0010745166,0.0010626898,0.0010488632,0.0010411735,0.0010515779,0.001056985,0.001068483,0.0010745451,0.0,0.0,0.0010326238,0.0010134688,0.001069933,0.0010920304,0.0010745206,0.0,0.0010488632,0.0010326238,0.0010228178,0.0010327343,0.0011086774,0.0,0.00106269,0.0,0.0010326238,0.0010134688,0.001069933,0.0010807242,0.0010745308,0.0,0.0010488632,0.0010326238,0.0010228178,0.0010327343,0.0011086835,0.0,0.0010626898,0.0010488632,0.0010411735,0.0010515779,0.001056985,0.0010684847,0.0010745171,0.0010626898,0.0010488632,0.0010411735,0.0010515779,0.001056985,0.0010684829,0.0,0.0010626904,0.0010488632,0.0010411734,0.0010515779,0.001056985,0.001068483,0.0,0.0,0.0010488632,0.0010326238,0.0010228178,0.0010327343,0.0011086772,0.0010745182,0.0010626898,0.0,0.0,0.00106269,0.0010626899,0.0010567154,0.0010745482,0.0,0.0010488635,0.0,0.00106269,0.0010488632,0.0010699363,0.0010746148,0.0,0.0010626903,0.0010488632,0.0010411734,0.0,0.0010626907,0.0,0.00106269,0.0,0.0010326238,0.0010134688,0.0010699328,0.0010807316,0.0010745226,0.0,0.0010488632,0.0010326238,0.0010228179,0.0010327348,0.001108726,0.0010745317,0.0,0.0,0.0010326238,0.0010134688,0.001069933,0.0010920306,0.0,0.00106269,0.0010488633,0.0010411735,0.0010515779,0.001056985,0.001068483,0.0010745245,0.0010626903,0.0010488632,0.0,0.0010626899,0.0010488632,0.0010411746,0.0010745187,0.0,0.0010488632,0.001032624,0.0010228178,0.0010327343,0.0011086791,0.0010745197,0.0,0.0010488633,0.0010326238,0.0010228179,0.0010327343,0.0011086793,0.0,0.0010626903,0.0010626904,0.0010567148,0.001067389,0.0,0.0009908448,0.0010745472,0.0,0.0010488632,0.0010326238,0.0010228178,0.0010327343,0.0011086771,0.0010745205,0.0,0.0,0.0010326238,0.0010134688,0.001069933,0.001092032,0.0010745793,0.0010626907,0.0,0.0010326246,0.0010134688,0.001069933,0.0010807317,0.0,0.00106269,0.0010488632,0.0010411734,0.0010515779,0.001056985,0.0010684829,0.0,0.0010626907,0.0,0.0010326238,0.0010134688,0.001069933,0.0010807242,0.0,0.00106269,0.0010488633,0.0010411734,0.0010515779,0.001056985,0.001068483,0.0010745294,0.0010626902,0.0010488632,0.0010411736,0.0010515779,0.001056985,0.0010684833,0.0,0.0,0.0,0.0010326238,0.0010134688,0.001069933,0.001092031,0.0010745163,0.0010626898,0.0,0.0010326238,0.0010134688,0.001069933,0.0010807251,0.0010745276,0.00106269,0.0010488632,0.001069933,0.0,0.0010326238,0.0010134688,0.0,0.0010626898,0.0010488632,0.0010411734,0.0010515779,0.001056985,0.0010684838,0.0,0.0010626898,0.0010488632,0.0010411734,0.0010515779,0.001056985,0.0010684831,0.0,0.0010626904,0.0010488632,0.0010411734,0.0010515779,0.001056985,0.0010684851,0.0010745237,0.0010626898,0.0010488632,0.0010411734,0.0010515779,0.001056985,0.0010684835,0.0,0.0,0.0010488632,0.0010326238,0.0010228178,0.0010327343,0.0011086775,0.0,0.0010626898,0.0010488632,0.0010411735,0.0010515779,0.001056985,0.001068483,0.0010746729,0.0010626913,0.0010488632,0.0010411734,0.0010515779,0.001056985,0.0010684857
k__Bacteria|p__Firmicutes|c__Bacilli|o__Lactobacillales|f__Lactobacillaceae|g__Weissella|s__Weissella_confusa,0.0,0.001058654,0.001044998,0.0010376446,0.0010487713,0.0010548641,0.0010668989,0.0,0.0010586543,0.001044998,0.0010376446,0.0010487713,0.0010548641,0.0010668989,0.0,0.0,0.0010449924,0.0010289405,0.0010194863,0.0010301266,0.0011058853,0.001070337,0.0,0.001044998,0.0010289445,0.0010194866,0.0010301266,0.0011058856,0.0,0.0,0.001044998,0.0010289445,0.0010194866,0.0010301266,0.0011058856,0.0010703241,0.0010586542,0.001044998,0.0010376446,0.0010487713,0.0010548641,0.0010668988,0.0,0.0010586542,0.0010449981,0.0010376446,0.0010487713,0.0010548641,0.0010668993,0.0010703243,0.0010586542,0.001044998,0.0010376446,0.0010487713,0.0010548641,0.0010668988,0.0,0.0010586543,0.0010449978,0.0010376447,0.0010487713,0.0010548641,0.0010668988,0.0,0.0010586543,0.001044998,0.0010376446,0.0010487713,0.0010548641,0.0010668988,0.0,0.0010586543,0.0,0.0010289445,0.001009992,0.0010660553,0.0010775647,0.0,0.0010586542,0.001044998,0.0010376446,0.0010487713,0.0010548641,0.0010668988,0.0,0.0,0.0,0.0010289445,0.001009992,0.0010660553,0.0010887149,0.0010703295,0.0010586543,0.0,0.0010289445,0.001009992,0.0010660553,0.001077564,0.0010703589,0.0,0.0,0.0010289446,0.001009992,0.0010660553,0.0010887153,0.0010703346,0.0,0.001044998,0.0,0.0010586542,0.001044998,0.0010660555,0.0010703253,0.0,0.0,0.0010289445,0.001009992,0.0010660555,0.001088715,0.0,0.0010586537,0.0,0.0010289445,0.001009992,0.0010660555,0.0010775648,0.0,0.0,0.0010449976,0.001058654,0.0,0.0010289445,0.0010586545,0.0010703264,0.001058654,0.0,0.0010289445,0.001009992,0.0010660555,0.0010775647,0.0,0.0,0.0010449981,0.0010289445,0.0010194866,0.0010301266,0.0011058858,0.0,0.0,0.001044998,0.0,0.0010586542,0.001044998,0.0010660551,0.0,0.0010586518,0.0,0.0010586543,0.0,0.0010586542,0.0010449981,0.0,0.0,0.0010449899,0.0010289431,0.0010194866,0.0010301266,0.001105885,0.0,0.0010586358,0.0010586515,0.0010530037,0.001064399,0.0,0.0009875377,0.0,0.0010586536,0.0010449977,0.0,0.001058654,0.001044998,0.0010376446,0.0010703249,0.0010586542,0.001044998,0.0,0.0010586542,0.001044998,0.0010376449,0.0,0.0010586543,0.0010449981,0.0010376446,0.0010487713,0.0010548641,0.0010668988,0.0010703243,0.0010586542,0.001044998,0.0010376446,0.0010487713,0.0010548641,0.0010668988,0.0010703373,0.0,0.0,0.0010289445,0.001009992,0.0010660555,0.0010887149,0.0010703246,0.0,0.001044998,0.0010289445,0.0010194866,0.0010301266,0.0011058854,0.0,0.0010586543,0.0,0.0010289445,0.001009992,0.0010660555,0.0010775647,0.0010703296,0.0,0.001044998,0.0010289445,0.0010194866,0.0010301266,0.0011058844,0.0,0.0010586542,0.001044998,0.0010376446,0.0010487713,0.0010548641,0.0010668994,0.0010703246,0.0010586542,0.001044998,0.0010376446,0.0010487713,0.0010548641,0.0010668988,0.0,0.0010586542,0.001044998,0.0010376446,0.0010487713,0.0010548641,0.0010668986,0.0,0.0,0.001044998,0.0010289445,0.0010194866,0.0010301266,0.0011058856,0.0010703257,0.0010586542,0.0,0.0,0.0010586543,0.0010586543,0.0010530042,0.0010703416,0.0,0.0010449978,0.0,0.0010586543,0.001044998,0.0010660556,0.0010703783,0.0,0.0010586543,0.001044998,0.0010376446,0.0,0.0010586545,0.0,0.001058654,0.0,0.0010289445,0.001009992,0.0010660551,0.0010775657,0.0010703261,0.0,0.001044998,0.0010289445,0.0010194866,0.0010301266,0.0011058791,0.0010703257,0.0,0.0,0.0010289445,0.001009992,0.0010660555,0.0010887148,0.0,0.0010586543,0.0010449981,0.0010376446,0.0010487713,0.0010548641,0.0010668989,0.0010703556,0.0010586543,0.001044998,0.0,0.0010586542,0.001044998,0.0010376447,0.0010703253,0.0,0.001044998,0.0010289447,0.0010194866,0.0010301266,0.0011058855,0.001070325,0.0,0.0010449981,0.0010289445,0.0010194866,0.0010301267,0.0011058855,0.0,0.0010586543,0.0010586543,0.0010530041,0.0010643987,0.0,0.0009875501,0.0010703427,0.0,0.001044998,0.0010289445,0.0010194866,0.0010301266,0.0011058856,0.0010703264,0.0,0.0,0.0010289445,0.001009992,0.0010660553,0.0010887154,0.0010703536,0.0010586539,0.0,0.0010289444,0.0010099921,0.0010660553,0.0010775655,0.0,0.0010586542,0.001044998,0.0010376446,0.0010487713,0.0010548641,0.0010668988,0.0,0.0010586533,0.0,0.0010289445,0.001009992,0.0010660555,0.0010775647,0.0,0.0010586542,0.0010449981,0.0010376446,0.0010487713,0.0010548641,0.0010668988,0.0010703284,0.0010586542,0.0010449981,0.0010376445,0.0010487713,0.0010548641,0.0010668987,0.0,0.0,0.0,0.0010289445,0.001009992,0.0010660555,0.0010887153,0.0010703242,0.0010586542,0.0,0.0010289445,0.001009992,0.0010660555,0.0010775645,0.0010703278,0.0010586542,0.001044998,0.0010660555,0.0,0.0010289445,0.0010099921,0.0,0.0010586542,0.001044998,0.0010376446,0.0010487713,0.0010548641,0.0010668987,0.0,0.0010586542,0.001044998,0.0010376446,0.0010487713,0.0010548641,0.0010668987,0.0,0.0010586538,0.001044998,0.0010376446,0.0010487713,0.0010548641,0.0010668988,0.0010703257,0.0010586542,0.001044998,0.0010376446,0.0010487713,0.0010548641,0.0010668988,0.0,0.0,0.001044998,0.0010289445,0.0010194866,0.0010301266,0.0011058856,0.0,0.0010586542,0.001044998,0.0010376446,0.0010487713,0.0010548641,0.0010668988,0.0010703981,0.0010586537,0.0010449977,0.0010376446,0.0010487713,0.0010548641,0.0010668988
k__Bacteria|p__Firmicutes|c__Clostridia|o__Eubacteriales|f__Eubacteriales_unclassified|g__Fenollaria|s__Fenollaria_timonensis,0.0,0.0010605372,0.0010471554,0.0010401645,0.0010518637,0.0010585302,0.0010709389,0.0,0.0010605373,0.0010471554,0.0010401645,0.0010518637,0.0010585302,0.001070939,0.0,0.0,0.0010471566,0.0010313874,0.001022305,0.0010335394,0.0011082954,0.0010719452,0.0,0.0010471554,0.0010313872,0.0010223051,0.0010335397,0.0011082954,0.0,0.0,0.0010471554,0.0010313872,0.0010223051,0.0010335397,0.0011082955,0.001071946,0.0010605373,0.0010471554,0.0010401645,0.0010518637,0.0010585302,0.0010709389,0.0,0.0010605373,0.0010471551,0.0010401645,0.0010518637,0.0010585302,0.0010709398,0.0010719462,0.0010605373,0.0010471554,0.0010401645,0.0010518637,0.0010585302,0.0010709389,0.0,0.0010605373,0.0010471556,0.0010401645,0.0010518637,0.0010585302,0.0010709392,0.0,0.0010605373,0.0010471554,0.0010401645,0.0010518637,0.0010585302,0.001070939,0.0,0.0010605373,0.0,0.0010313872,0.0010127291,0.0010680095,0.0010800463,0.0,0.0010605373,0.0010471554,0.0010401644,0.0010518637,0.0010585302,0.0010709392,0.0,0.0,0.0,0.0010313872,0.0010127291,0.0010680095,0.0010909104,0.0010719468,0.0010605373,0.0,0.0010313872,0.0010127291,0.0010680095,0.0010800471,0.0010719438,0.0,0.0,0.0010313875,0.0010127291,0.0010680095,0.0010909111,0.0010719482,0.0,0.0010471554,0.0,0.0010605373,0.0010471554,0.0010680092,0.0010719454,0.0,0.0,0.0010313872,0.0010127291,0.0010680095,0.0010909109,0.0,0.001060537,0.0,0.0010313872,0.0010127291,0.0010680095,0.0010800457,0.0,0.0,0.0010471548,0.0010605371,0.0,0.0010313872,0.0010605376,0.0010719392,0.0010605373,0.0,0.0010313874,0.0010127291,0.0010680095,0.001080046,0.0,0.0,0.0010471555,0.0010313872,0.0010223051,0.0010335397,0.0011082954,0.0,0.0,0.0010471554,0.0,0.0010605373,0.0010471554,0.0010680094,0.0,0.001060536,0.0,0.0010605374,0.0,0.0010605373,0.0010471555,0.0,0.0,0.0010471495,0.0010313867,0.001022305,0.0010335394,0.001108295,0.0,0.0010605416,0.0010605372,0.0010552347,0.0010671796,0.0,0.0009905777,0.0,0.0010605366,0.001047155,0.0,0.0010605373,0.0010471554,0.0010401659,0.0010719454,0.0010605373,0.0010471554,0.0,0.0010605373,0.0010471554,0.0010401648,0.0,0.0010605374,0.0010471555,0.0010401644,0.0010518637,0.0010585302,0.001070939,0.0010719462,0.0010605373,0.0010471554,0.0010401645,0.0010518637,0.0010585302,0.001070939,0.001071942,0.0,0.0,0.0010313872,0.0010127291,0.0010680095,0.0010909108,0.0010719446,0.0,0.0010471554,0.0010313872,0.0010223051,0.0010335397,0.0011082953,0.0,0.0010605374,0.0,0.0010313872,0.0010127291,0.0010680095,0.0010800457,0.0010719481,0.0,0.0010471554,0.0010313872,0.0010223051,0.0010335394,0.0011082982,0.0,0.0010605373,0.0010471554,0.0010401645,0.0010518637,0.0010585302,0.0010709395,0.001071946,0.0010605373,0.0010471554,0.0010401645,0.0010518637,0.0010585302,0.0010709389,0.0,0.0010605372,0.0010471554,0.0010401644,0.0010518637,0.0010585302,0.0010709389,0.0,0.0,0.0010471554,0.0010313872,0.0010223051,0.0010335397,0.0011082952,0.0010719458,0.0010605373,0.0,0.0,0.0010605374,0.0010605373,0.0010552349,0.0010719445,0.0,0.0010471551,0.0,0.0010605374,0.0010471554,0.0010680127,0.0010719582,0.0,0.0010605374,0.0010471554,0.0010401645,0.0,0.0010605376,0.0,0.0010605372,0.0,0.0010313872,0.0010127291,0.0010680095,0.0010800513,0.001071945,0.0,0.0010471554,0.0010313872,0.001022305,0.0010335398,0.0011083146,0.0010719411,0.0,0.0,0.0010313872,0.0010127291,0.0010680095,0.0010909108,0.0,0.0010605374,0.0010471555,0.0010401645,0.0010518637,0.0010585302,0.001070939,0.0010719547,0.0010605373,0.0010471554,0.0,0.0010605373,0.0010471554,0.001040165,0.0010719453,0.0,0.0010471554,0.0010313874,0.0010223051,0.0010335397,0.0011082956,0.0010719451,0.0,0.0010471555,0.0010313872,0.001022305,0.0010335398,0.0011082959,0.0,0.0010605373,0.0010605374,0.0010552349,0.0010671797,0.0,0.0009905978,0.0010719418,0.0,0.0010471554,0.0010313872,0.0010223051,0.0010335397,0.0011082955,0.0010719456,0.0,0.0,0.0010313872,0.0010127291,0.0010680095,0.0010909108,0.0010719424,0.0010605371,0.0,0.0010313874,0.0010127292,0.0010680093,0.0010800477,0.0,0.0010605373,0.0010471554,0.0010401644,0.0010518637,0.0010585302,0.0010709389,0.0,0.0010605371,0.0,0.0010313872,0.0010127291,0.0010680095,0.001080046,0.0,0.0010605374,0.0010471555,0.0010401645,0.0010518637,0.0010585302,0.0010709389,0.001071946,0.0010605373,0.0010471554,0.0010401644,0.0010518637,0.0010585302,0.0010709391,0.0,0.0,0.0,0.0010313872,0.0010127291,0.0010680095,0.001090911,0.001071946,0.0010605373,0.0,0.0010313872,0.0010127291,0.0010680095,0.0010800461,0.0010719427,0.0010605373,0.0010471554,0.0010680095,0.0,0.0010313872,0.0010127294,0.0,0.0010605373,0.0010471554,0.0010401644,0.0010518637,0.0010585302,0.0010709394,0.0,0.0010605373,0.0010471554,0.0010401645,0.0010518637,0.0010585302,0.001070939,0.0,0.0010605372,0.0010471554,0.0010401644,0.0010518637,0.0010585302,0.0010709402,0.0010719447,0.0010605373,0.0010471554,0.0010401644,0.0010518637,0.0010585302,0.0010709394,0.0,0.0,0.0010471554,0.0010313872,0.0010223051,0.0010335397,0.0011082957,0.0,0.0010605373,0.0010471554,0.0010401645,0.0010518637,0.0010585302,0.001070939,0.0010719828,0.0010605371,0.0010471551,0.0010401643,0.0010518637,0.0010585302,0.0010709399
k__Bacteria|p__Firmicutes|c__CFGB1437|o__OFGB1437|f__FGB1437|g__GGB51420|s__GGB51420_SGB4586,0.0,0.0010626141,0.0010488466,0.0010412458,0.0010518075,0.0010573688,0.0010689758,0.0,0.0010626141,0.0010488466,0.0010412458,0.0010518075,0.0010573688,0.0010689757,0.0,0.0,0.0010488456,0.0010326699,0.0010229558,0.0010330331,0.0011088002,0.0010743968,0.0,0.0010488466,0.0010326698,0.0010229555,0.0010330331,0.0011088001,0.0,0.0,0.0010488466,0.0010326698,0.0010229555,0.0010330331,0.0011088001,0.0010743847,0.0010626141,0.0010488466,0.0010412458,0.0010518075,0.0010573688,0.0010689755,0.0,0.0010626143,0.0010488466,0.0010412458,0.0010518075,0.0010573688,0.0010689761,0.0010743847,0.0010626141,0.0010488466,0.0010412458,0.0010518075,0.0010573688,0.0010689757,0.0,0.001062614,0.0010488465,0.0010412458,0.0010518075,0.0010573688,0.0010689764,0.0,0.0010626141,0.0010488466,0.0010412458,0.0010518075,0.0010573688,0.0010689757,0.0,0.0010626141,0.0,0.0010326698,0.0010135804,0.0010698829,0.0010808253,0.0,0.0010626141,0.0010488466,0.0010412456,0.0010518075,0.0010573688,0.0010689762,0.0,0.0,0.0,0.0010326698,0.0010135804,0.0010698829,0.0010920725,0.0010743885,0.0010626141,0.0,0.0010326698,0.0010135804,0.0010698829,0.0010808258,0.0010744038,0.0,0.0,0.0010326699,0.0010135804,0.0010698829,0.0010920722,0.0010743939,0.0,0.0010488466,0.0,0.0010626141,0.0010488466,0.001069883,0.0010743854,0.0,0.0,0.0010326698,0.0010135804,0.0010698829,0.0010920712,0.0,0.0010626137,0.0,0.0010326698,0.0010135804,0.0010698829,0.0010808245,0.0,0.0,0.0010488466,0.0010626137,0.0,0.0010326698,0.0010626143,0.0010743903,0.001062614,0.0,0.0010326698,0.0010135804,0.0010698829,0.0010808244,0.0,0.0,0.0010488468,0.0010326698,0.0010229555,0.0010330331,0.0011088002,0.0,0.0,0.0010488466,0.0,0.0010626141,0.0010488466,0.0010698829,0.0,0.0010626132,0.0,0.0010626143,0.0,0.0010626141,0.0010488468,0.0,0.0,0.0010488428,0.0010326691,0.0010229556,0.0010330331,0.0011088002,0.0,0.0010626008,0.0010626126,0.0010567238,0.0010675522,0.0,0.0009909774,0.0,0.0010626136,0.0010488463,0.0,0.0010626141,0.0010488466,0.0010412466,0.001074387,0.0010626141,0.0010488466,0.0,0.0010626141,0.0010488466,0.0010412465,0.0,0.0010626144,0.0010488468,0.0010412456,0.0010518075,0.0010573688,0.0010689758,0.0010743849,0.0010626141,0.0010488466,0.0010412458,0.0010518075,0.0010573688,0.0010689757,0.0010743927,0.0,0.0,0.0010326698,0.0010135804,0.0010698829,0.0010920712,0.0010743842,0.0,0.0010488466,0.0010326698,0.0010229555,0.0010330331,0.0011088,0.0,0.0010626143,0.0,0.0010326698,0.0010135804,0.0010698829,0.0010808244,0.0010743883,0.0,0.0010488466,0.0010326698,0.0010229555,0.0010330331,0.0011088017,0.0,0.0010626141,0.0010488466,0.0010412458,0.0010518075,0.0010573688,0.0010689766,0.0010743851,0.0010626141,0.0010488466,0.0010412458,0.0010518075,0.0010573688,0.0010689755,0.0,0.0010626143,0.0010488466,0.0010412456,0.0010518075,0.0010573688,0.0010689755,0.0,0.0,0.0010488466,0.0010326698,0.0010229555,0.0010330331,0.0011088002,0.0010743863,0.0010626141,0.0,0.0,0.0010626143,0.0010626141,0.0010567247,0.0010744025,0.0,0.0010488465,0.0,0.0010626143,0.0010488466,0.0010698844,0.0010744215,0.0,0.001062614,0.0010488466,0.0010412456,0.0,0.0010626148,0.0,0.001062614,0.0,0.0010326698,0.0010135804,0.0010698829,0.001080826,0.0010743866,0.0,0.0010488466,0.0010326698,0.0010229556,0.0010330331,0.001108816,0.001074388,0.0,0.0,0.0010326698,0.0010135804,0.0010698829,0.0010920712,0.0,0.0010626143,0.0010488468,0.0010412458,0.0010518075,0.0010573688,0.0010689757,0.0010744196,0.0010626143,0.0010488466,0.0,0.0010626141,0.0010488466,0.0010412461,0.0010743854,0.0,0.0010488466,0.0010326699,0.0010229555,0.0010330331,0.0011088012,0.0010743857,0.0,0.0010488468,0.0010326697,0.0010229556,0.0010330332,0.0011088002,0.0,0.0010626143,0.0010626141,0.0010567241,0.0010675521,0.0,0.000991004,0.0010743962,0.0,0.0010488466,0.0010326698,0.0010229555,0.0010330331,0.0011088001,0.0010743877,0.0,0.0,0.0010326698,0.0010135804,0.0010698829,0.0010920723,0.0010744034,0.0010626134,0.0,0.0010326697,0.0010135799,0.001069883,0.0010808273,0.0,0.0010626143,0.0010488466,0.0010412456,0.0010518075,0.0010573688,0.0010689755,0.0,0.0010626138,0.0,0.0010326698,0.0010135804,0.0010698829,0.0010808244,0.0,0.0010626141,0.0010488468,0.0010412456,0.0010518075,0.0010573688,0.0010689757,0.0010743877,0.0010626139,0.0010488466,0.0010412455,0.0010518075,0.0010573688,0.0010689757,0.0,0.0,0.0,0.0010326698,0.0010135804,0.0010698829,0.0010920718,0.0010743843,0.0010626141,0.0,0.0010326698,0.0010135804,0.0010698829,0.0010808245,0.0010743882,0.0010626143,0.0010488466,0.0010698829,0.0,0.0010326698,0.0010135805,0.0,0.0010626141,0.0010488466,0.0010412456,0.0010518075,0.0010573688,0.0010689762,0.0,0.0010626141,0.0010488466,0.0010412456,0.0010518075,0.0010573688,0.0010689758,0.0,0.0010626137,0.0010488466,0.0010412456,0.0010518075,0.0010573688,0.0010689768,0.001074385,0.0010626141,0.0010488466,0.0010412456,0.0010518075,0.0010573688,0.001068976,0.0,0.0,0.0010488466,0.0010326698,0.0010229555,0.0010330331,0.0011088002,0.0,0.0010626141,0.0010488466,0.0010412458,0.0010518075,0.0010573688,0.0010689757,0.0010744863,0.001062614,0.0010488466,0.0010412455,0.0010518075,0.0010573688,0.0010689773
k__Bacteria|p__Firmicutes|c__Clostridia|o__Eubacteriales|f__Clostridiaceae|g__Clostridium|s__Clostridium_sp_12_A,0.0,0.0010588508,0.0010453002,0.0010380975,0.0010494819,0.0010558291,0.0010680385,0.0,0.0010588511,0.0010453002,0.0010380975,0.0010494819,0.0010558291,0.0010680385,0.0,0.0,0.0010453023,0.0010293586,0.0010200558,0.0010309605,0.0011063779,0.0010704456,0.0,0.0010453002,0.0010293575,0.0010200557,0.0010309605,0.0011063783,0.0,0.0,0.0010453002,0.0010293575,0.0010200557,0.0010309605,0.0011063783,0.001070421,0.001058851,0.0010453002,0.0010380975,0.0010494819,0.0010558291,0.0010680385,0.0,0.001058851,0.0010453003,0.0010380975,0.0010494819,0.0010558291,0.0010680391,0.0010704211,0.001058851,0.0010453002,0.0010380975,0.0010494819,0.0010558291,0.0010680385,0.0,0.0010588509,0.0010453005,0.0010380977,0.0010494819,0.0010558291,0.0010680387,0.0,0.0010588511,0.0010453002,0.0010380975,0.0010494819,0.0010558291,0.0010680385,0.0,0.0010588511,0.0,0.0010293575,0.0010105204,0.0010662908,0.001078043,0.0,0.001058851,0.0010453002,0.0010380975,0.0010494819,0.0010558291,0.0010680383,0.0,0.0,0.0,0.0010293575,0.0010105204,0.0010662908,0.0010890847,0.0010704279,0.0010588511,0.0,0.0010293575,0.0010105204,0.0010662908,0.0010780417,0.0010704759,0.0,0.0,0.0010293575,0.0010105204,0.0010662908,0.001089085,0.0010704404,0.0,0.0010453002,0.0,0.001058851,0.0010453002,0.0010662908,0.0010704226,0.0,0.0,0.0010293575,0.0010105204,0.0010662908,0.0010890856,0.0,0.0010588509,0.0,0.0010293575,0.0010105204,0.0010662908,0.0010780429,0.0,0.0,0.0010453005,0.0010588514,0.0,0.0010293575,0.0010588511,0.0010704328,0.0010588509,0.0,0.0010293574,0.0010105204,0.0010662908,0.0010780427,0.0,0.0,0.0010453003,0.0010293575,0.0010200557,0.0010309605,0.0011063782,0.0,0.0,0.0010453002,0.0,0.001058851,0.0010453002,0.0010662909,0.0,0.0010588495,0.0,0.0010588513,0.0,0.001058851,0.0010453003,0.0,0.0,0.0010453,0.0010293574,0.0010200557,0.0010309605,0.0011063775,0.0,0.0010588472,0.0010588507,0.0010533456,0.0010649908,0.0,0.0009881854,0.0,0.0010588507,0.0010453002,0.0,0.001058851,0.0010453003,0.0010380985,0.0010704246,0.001058851,0.0010453002,0.0,0.001058851,0.0010453002,0.0010380981,0.0,0.0010588511,0.0010453003,0.0010380975,0.0010494819,0.0010558291,0.0010680385,0.0010704213,0.001058851,0.0010453002,0.0010380975,0.0010494819,0.0010558291,0.0010680385,0.0010704426,0.0,0.0,0.0010293575,0.0010105204,0.0010662908,0.0010890855,0.0010704241,0.0,0.0010453002,0.0010293575,0.0010200557,0.0010309605,0.0011063779,0.0,0.0010588513,0.0,0.0010293575,0.0010105204,0.0010662908,0.0010780429,0.0010704298,0.0,0.0010453002,0.0010293575,0.0010200557,0.0010309605,0.0011063762,0.0,0.001058851,0.0010453002,0.0010380975,0.0010494819,0.0010558291,0.0010680385,0.001070422,0.001058851,0.0010453002,0.0010380975,0.0010494819,0.0010558291,0.0010680385,0.0,0.0010588508,0.0010453003,0.0010380975,0.0010494819,0.0010558291,0.0010680385,0.0,0.0,0.0010453002,0.0010293575,0.0010200557,0.0010309605,0.0011063783,0.0010704228,0.001058851,0.0,0.0,0.0010588513,0.0010588511,0.0010533457,0.0010704481,0.0,0.0010453003,0.0,0.0010588513,0.0010453002,0.001066292,0.0010705102,0.0,0.0010588509,0.0010453003,0.0010380975,0.0,0.0010588511,0.0,0.001058851,0.0,0.0010293575,0.0010105204,0.0010662908,0.0010780442,0.0010704255,0.0,0.0010453002,0.0010293575,0.0010200557,0.0010309608,0.0011063641,0.0010704291,0.0,0.0,0.0010293575,0.0010105204,0.0010662908,0.0010890852,0.0,0.0010588513,0.0010453003,0.0010380975,0.0010494819,0.0010558291,0.0010680385,0.0010704553,0.0010588511,0.0010453003,0.0,0.001058851,0.0010453002,0.001038098,0.0010704224,0.0,0.0010453003,0.0010293579,0.0010200557,0.0010309605,0.0011063775,0.0010704226,0.0,0.0010453003,0.0010293575,0.0010200557,0.0010309606,0.0011063778,0.0,0.0010588509,0.0010588509,0.0010533457,0.0010649904,0.0,0.0009881968,0.001070447,0.0,0.0010453003,0.0010293575,0.0010200557,0.0010309605,0.0011063783,0.0010704233,0.0,0.0,0.0010293575,0.0010105204,0.0010662908,0.0010890851,0.0010704763,0.0010588509,0.0,0.0010293579,0.0010105199,0.0010662908,0.0010780427,0.0,0.0010588511,0.0010453003,0.0010380975,0.0010494819,0.0010558291,0.0010680385,0.0,0.0010588506,0.0,0.0010293575,0.0010105204,0.0010662908,0.0010780429,0.0,0.0010588508,0.0010453003,0.0010380975,0.0010494819,0.0010558291,0.0010680386,0.0010704279,0.0010588508,0.0010453003,0.0010380978,0.0010494819,0.0010558291,0.0010680384,0.0,0.0,0.0,0.0010293575,0.0010105204,0.0010662908,0.0010890857,0.0010704208,0.001058851,0.0,0.0010293575,0.0010105204,0.0010662908,0.0010780427,0.0010704262,0.0010588511,0.0010453002,0.0010662908,0.0,0.0010293575,0.0010105205,0.0,0.001058851,0.0010453002,0.0010380975,0.0010494819,0.0010558291,0.0010680384,0.0,0.001058851,0.0010453002,0.0010380975,0.0010494819,0.0010558291,0.0010680383,0.0,0.0010588508,0.0010453003,0.0010380975,0.0010494819,0.0010558291,0.001068038,0.0010704256,0.001058851,0.0010453002,0.0010380975,0.0010494819,0.0010558291,0.0010680385,0.0,0.0,0.0010453002,0.0010293575,0.0010200557,0.0010309605,0.0011063782,0.0,0.001058851,0.0010453002,0.0010380975,0.0010494819,0.0010558291,0.0010680385,0.0010705561,0.0010588509,0.0010453003,0.0010380977,0.0010494819,0.0010558291,0.001068038
k__Bacteria|p__Firmicutes|c__Clostridia|o__Eubacteriales|f__Lachnospiraceae|g__Robinsoniella|s__Robinsoniella_peoriensis,0.0022326552,0.0010599075,0.0010461258,0.0010385612,0.0010492775,0.0010549743,0.0010667148,0.0,0.0010599076,0.0010461258,0.0010385612,0.0010492775,0.0010549743,0.0010667145,0.0,0.0,0.0010461435,0.001029951,0.0010202625,0.0010304864,0.0011065262,0.0010717063,0.0,0.0010461258,0.0010299381,0.0010202619,0.0010304864,0.0011065258,0.0,0.0,0.0010461258,0.0010299381,0.0010202619,0.0010304864,0.0011065257,0.0010716945,0.0010599075,0.0010461258,0.0010385612,0.0010492775,0.0010549743,0.0010667146,0.0,0.001059908,0.0010461258,0.0010385612,0.0010492775,0.0010549743,0.0010667149,0.0010716948,0.0010599075,0.0010461258,0.0010385612,0.0010492775,0.0010549743,0.0010667148,0.0,0.0010599077,0.001046126,0.0010385615,0.0010492775,0.0010549743,0.001066715,0.0,0.0010599076,0.0010461258,0.0010385612,0.0010492775,0.0010549743,0.0010667146,0.0,0.0010599076,0.0,0.0010299381,0.0010108432,0.0010672299,0.0010783407,0.0,0.0010599075,0.0010461258,0.0010385612,0.0010492775,0.0010549743,0.0010667146,0.0,0.0,0.0,0.0010299381,0.0010108432,0.0010672299,0.0010896131,0.0010716962,0.0010599076,0.0,0.0010299381,0.0010108432,0.0010672299,0.0010783442,0.0010717189,0.0,0.0,0.0010299385,0.0010108432,0.0010672299,0.0010896124,0.0010717037,0.0,0.0010461258,0.0,0.0010599075,0.0010461258,0.0010672298,0.0010716958,0.0,0.0,0.0010299381,0.0010108432,0.0010672299,0.0010896118,0.0,0.0010599091,0.0015364436,0.0010299381,0.0010108432,0.0010672299,0.0010783396,0.0,0.0,0.0010461267,0.0010599084,0.0,0.0010299381,0.0010599074,0.0010717129,0.0010599077,0.0,0.0010299382,0.0010108432,0.0010672299,0.0010783395,0.0,0.0,0.0010461258,0.0010299381,0.0010202619,0.0010304864,0.001106526,0.0,0.0,0.0010461258,0.0,0.0010599075,0.0010461258,0.0010672299,0.0,0.0010599124,0.0,0.0010599077,0.0,0.0010599075,0.0010461258,0.0,0.0,0.0010461464,0.0010299416,0.0010202619,0.0010304864,0.0011065259,0.0,0.0010599538,0.0010599125,0.0010540544,0.0010650438,0.0,0.0009882463,0.0,0.0010599098,0.0010461266,0.0,0.0010599077,0.0010461258,0.0010385637,0.001071698,0.0010599075,0.0010461258,0.0,0.0010599075,0.0010461258,0.0010385622,0.0,0.0010599077,0.0010461258,0.0010385612,0.0010492775,0.0010549743,0.0010667146,0.0010716947,0.0010599075,0.0010461258,0.0010385612,0.0010492775,0.0010549743,0.0010667146,0.0010717036,0.0,0.0,0.0010299381,0.0010108432,0.0010672299,0.0010896118,0.0010716969,0.0,0.0010461258,0.0010299381,0.0010202619,0.0010304864,0.001106526,0.0,0.0010599077,0.0,0.0010299381,0.0010108432,0.0010672299,0.0010783395,0.0010717013,0.0,0.0010461258,0.0010299381,0.0010202619,0.0010304864,0.0011065305,0.0,0.0010599075,0.0010461258,0.0010385612,0.0010492775,0.0010549743,0.0010667155,0.0010716945,0.0010599075,0.0010461258,0.0010385612,0.0010492775,0.0010549743,0.0010667146,0.0,0.0010599081,0.0010461258,0.0010385612,0.0010492775,0.0010549743,0.0010667148,0.0,0.0,0.0010461258,0.0010299381,0.0010202619,0.0010304864,0.0011065258,0.0010716949,0.0010599075,0.0,0.0,0.0010599077,0.0010599076,0.0010540542,0.0010717083,0.0,0.0010461261,0.0,0.0010599077,0.0010461258,0.0010672318,0.0010717367,0.0,0.0010599077,0.0010461258,0.0010385612,0.0,0.0010599078,0.0,0.0010599075,0.0,0.0010299381,0.0010108432,0.0010672298,0.0010783428,0.0010716971,0.0,0.0010461258,0.0010299381,0.0010202619,0.0010304867,0.0011065619,0.0010717051,0.0,0.0,0.0010299381,0.0010108432,0.0010672299,0.0010896119,0.0,0.0010599077,0.0010461258,0.0010385612,0.0010492775,0.0010549743,0.0010667145,0.0010716843,0.0010599076,0.0010461258,0.0,0.0010599075,0.0010461258,0.0010385622,0.0010716951,0.0,0.0010461258,0.0010299383,0.0010202619,0.0010304864,0.0011065267,0.0010716964,0.0,0.0010461258,0.001029938,0.0010202619,0.0010304864,0.0011065266,0.0,0.0010599076,0.0010599076,0.001054054,0.0010650436,0.0,0.0009882831,0.001071707,0.0,0.0010461258,0.0010299381,0.0010202619,0.0010304864,0.0011065257,0.0010716969,0.0,0.0,0.0010299381,0.0010108432,0.0010672299,0.0010896125,0.0010717127,0.001059908,0.0,0.0010299392,0.0010108433,0.0010672299,0.001078344,0.0,0.0010599076,0.0010461258,0.0010385612,0.0010492775,0.0010549743,0.0010667146,0.0,0.0010599089,0.0,0.0010299382,0.0010108432,0.0010672299,0.0010783395,0.0,0.0010599076,0.0010461258,0.0010385612,0.0010492775,0.0010549743,0.0010667148,0.0010716993,0.0010599076,0.0010461258,0.0010385617,0.0010492775,0.0010549743,0.0010667146,0.0,0.0,0.0,0.0010299381,0.0010108432,0.0010672299,0.0010896123,0.0010716943,0.0010599075,0.0,0.0010299381,0.0010108432,0.0010672299,0.0010783399,0.0010717007,0.0010599076,0.0010461258,0.0010672299,0.0,0.0010299381,0.0010108433,0.0,0.0010599075,0.0010461258,0.0010385612,0.0010492775,0.0010549743,0.0010667151,0.0,0.0010599075,0.0010461258,0.0010385612,0.0010492775,0.0010549743,0.0010667148,0.0,0.0010599081,0.0010461258,0.0010385612,0.0010492775,0.0010549743,0.0010667158,0.0010716979,0.0010599075,0.0010461258,0.0010385612,0.0010492775,0.0010549743,0.0010667148,0.0,0.0,0.0010461258,0.0010299381,0.0010202619,0.0010304864,0.0011065259,0.0,0.0010599075,0.0010461258,0.0010385612,0.0010492775,0.0010549743,0.0010667146,0.0010717991,0.0010599091,0.0010461261,0.0010385612,0.0010492775,0.0010549743,0.0010667163
k__Bacteria|p__Firmicutes|c__Erysipelotrichia|o__Erysipelotrichales|f__Erysipelotrichaceae|g__Erysipelotrichaceae_unclassified|s__Erysipelotrichaceae_bacterium_3_1_53,0.0,0.001058974,0.0010454007,0.0010381622,0.0010494794,0.0010557616,0.001067924,0.0,0.0010589741,0.0010454007,0.0010381622,0.0010494794,0.0010557616,0.0010679238,0.0,0.0,0.001045409,0.0010294392,0.0010200952,0.0010309315,0.0011064088,0.0010705921,0.0,0.0010454007,0.0010294338,0.0010200947,0.0010309315,0.0011064085,0.0,0.0,0.0010454007,0.0010294338,0.0010200947,0.0010309315,0.0011064085,0.0010705654,0.001058974,0.0010454007,0.0010381622,0.0010494794,0.0010557616,0.001067924,0.0,0.0010589745,0.0010454007,0.0010381622,0.0010494794,0.0010557616,0.0010679243,0.0010705653,0.001058974,0.0010454007,0.0010381622,0.0010494794,0.0010557616,0.001067924,0.0,0.0010589741,0.001045401,0.0010381623,0.0010494794,0.0010557616,0.0010679245,0.0,0.0010589741,0.0010454007,0.0010381622,0.0010494794,0.0010557616,0.001067924,0.0,0.0010589741,0.0,0.0010294338,0.0010105714,0.001066402,0.0010780903,0.0,0.001058974,0.0010454007,0.0010381622,0.0010494794,0.0010557616,0.001067924,0.0,0.0,0.0,0.0010294338,0.0010105714,0.001066402,0.0010891553,0.0010705732,0.0010589741,0.0,0.0010294338,0.0010105714,0.001066402,0.001078093,0.0010706218,0.0,0.0,0.0010294338,0.0010105714,0.001066402,0.001089155,0.0010705852,0.0,0.0010454007,0.0,0.001058974,0.0010454007,0.001066402,0.0010705675,0.0,0.0,0.0010294338,0.0010105714,0.001066402,0.0010891545,0.0,0.0010589748,0.0,0.0010294338,0.0010105714,0.001066402,0.0010780897,0.0,0.0,0.0010454012,0.0010589749,0.0,0.0010294338,0.0010589741,0.0010705807,0.0010589741,0.0,0.0010294337,0.0010105714,0.001066402,0.0010780893,0.0,0.0,0.0010454009,0.0010294338,0.0010200947,0.0010309315,0.0011064087,0.0,0.0,0.0010454007,0.0,0.001058974,0.0010454007,0.0010664021,0.0,0.0010589749,0.0,0.0010589741,0.0,0.001058974,0.0010454007,0.0,0.0,0.0010454088,0.001029435,0.0010200948,0.0010309315,0.0011064087,0.0,0.0010589943,0.0010589757,0.0010534343,0.0010650136,0.0,0.0009882146,0.0,0.0010589751,0.0010454011,0.0,0.0010589742,0.0010454007,0.0010381638,0.0010705696,0.001058974,0.0010454007,0.0,0.001058974,0.0010454007,0.0010381626,0.0,0.0010589742,0.0010454007,0.0010381622,0.0010494794,0.0010557616,0.0010679238,0.0010705655,0.001058974,0.0010454007,0.0010381622,0.0010494794,0.0010557616,0.001067924,0.00107059,0.0,0.0,0.0010294338,0.0010105714,0.001066402,0.0010891544,0.00107057,0.0,0.0010454007,0.0010294338,0.0010200947,0.0010309315,0.0011064085,0.0,0.0010589741,0.0,0.0010294338,0.0010105714,0.001066402,0.0010780893,0.0010705764,0.0,0.0010454007,0.0010294338,0.0010200947,0.0010309315,0.0011064112,0.0,0.001058974,0.0010454007,0.0010381622,0.0010494794,0.0010557616,0.0010679248,0.0010705661,0.001058974,0.0010454007,0.0010381622,0.0010494794,0.0010557616,0.001067924,0.0,0.0010589742,0.0010454007,0.0010381622,0.0010494794,0.0010557616,0.001067924,0.0,0.0,0.0010454007,0.0010294338,0.0010200947,0.0010309315,0.0011064087,0.0010705672,0.001058974,0.0,0.0,0.0010589741,0.0010589741,0.0010534343,0.0010705934,0.0,0.0010454007,0.0,0.0010589741,0.0010454007,0.001066404,0.001070653,0.0,0.0010589741,0.0010454007,0.0010381622,0.0,0.0010589743,0.0,0.0010589738,0.0,0.0010294338,0.0010105714,0.001066402,0.0010780914,0.0010705701,0.0,0.0010454007,0.0010294338,0.0010200948,0.0010309321,0.0011064282,0.0010705751,0.0,0.0,0.0010294338,0.0010105714,0.001066402,0.0010891544,0.0,0.0010589741,0.0010454007,0.0010381622,0.0010494794,0.0010557616,0.0010679238,0.0010705855,0.0010589741,0.0010454007,0.0,0.001058974,0.0010454007,0.0010381629,0.0010705675,0.0,0.0010454007,0.0010294341,0.0010200947,0.0010309315,0.0011064094,0.0010705678,0.0,0.0010454007,0.0010294337,0.0010200948,0.0010309316,0.0011064095,0.0,0.0010589741,0.0010589741,0.0010534341,0.0010650136,0.0,0.0009882401,0.0010705948,0.0,0.0010454007,0.0010294338,0.0010200947,0.0010309315,0.0011064085,0.001070569,0.0,0.0,0.0010294338,0.0010105714,0.001066402,0.0010891551,0.0010706199,0.0010589743,0.0,0.0010294344,0.0010105715,0.001066402,0.0010780933,0.0,0.0010589741,0.0010454007,0.0010381622,0.0010494794,0.0010557616,0.001067924,0.0,0.0010589744,0.0,0.0010294338,0.0010105714,0.001066402,0.0010780893,0.0,0.0010589741,0.0010454009,0.0010381622,0.0010494794,0.0010557616,0.0010679241,0.001070576,0.001058974,0.0010454007,0.0010381624,0.0010494794,0.0010557616,0.0010679241,0.0,0.0,0.0,0.0010294338,0.0010105714,0.001066402,0.0010891547,0.0010705651,0.001058974,0.0,0.0010294338,0.0010105714,0.001066402,0.0010780898,0.0010705733,0.0010589741,0.0010454007,0.001066402,0.009534991,0.0010294338,0.0010105716,0.0,0.001058974,0.0010454007,0.0010381619,0.0010494794,0.0010557616,0.0010679241,0.0,0.001058974,0.0010454007,0.0010381622,0.0010494794,0.0010557616,0.0010679237,0.0,0.0010589742,0.0010454007,0.0010381622,0.0010494794,0.0010557616,0.0010679242,0.0010705729,0.001058974,0.0010454007,0.0010381622,0.0010494794,0.0010557616,0.0010679242,0.0,0.0,0.0010454007,0.0010294338,0.0010200947,0.0010309315,0.0011064088,0.0,0.001058974,0.0010454007,0.0010381622,0.0010494794,0.0010557616,0.001067924,0.0010707029,0.0010589745,0.0010454004,0.0010381623,0.0010494794,0.0010557616,0.0010679247
k__Bacteria|p__Firmicutes|c__Bacilli|o__Lactobacillales|f__Lactobacillaceae|g__Lacticaseibacillus|s__Lacticaseibacillus_zeae,0.0,0.0010624826,0.0010488647,0.0010414855,0.00105244,0.0010583864,0.0010702638,0.0,0.0010624827,0.0010488647,0.0010414855,0.00105244,0.0010583864,0.0010702638,0.0,0.0,0.0010488672,0.0010328462,0.0010233606,0.00103384,0.0011091589,0.0010741436,0.0,0.0010488643,0.0010328451,0.0010233608,0.00103384,0.0011091587,0.0,0.0,0.0010488643,0.0010328451,0.0010233608,0.00103384,0.0011091587,0.0010741124,0.0010624827,0.0010488647,0.0010414855,0.00105244,0.0010583864,0.0010702638,0.0,0.0010624826,0.0010488644,0.0010414855,0.00105244,0.0010583864,0.0010702651,0.0010741125,0.0010624827,0.0010488647,0.0010414855,0.00105244,0.0010583864,0.0010702639,0.0,0.0010624828,0.001048865,0.0010414856,0.00105244,0.0010583864,0.0010702641,0.0,0.0010624827,0.0010488647,0.0010414855,0.00105244,0.0010583864,0.0010702639,0.0,0.0010624827,0.0,0.0010328451,0.0010139202,0.0010698154,0.0010811316,0.0,0.0010624827,0.0010488647,0.0010414855,0.00105244,0.0010583864,0.0010702638,0.0,0.0,0.0,0.0010328451,0.0010139202,0.0010698154,0.0010922258,0.0010741219,0.0010624827,0.0,0.0010328451,0.0010139202,0.0010698154,0.0010811315,0.0010741596,0.0,0.0,0.0010328451,0.0010139197,0.0010698154,0.0010922265,0.0010741339,0.0,0.0010488647,0.0,0.0010624827,0.0010488647,0.0010698154,0.001074114,0.0,0.0,0.0010328451,0.0010139202,0.0010698154,0.0010922266,0.0,0.0010624827,0.0,0.0010328451,0.0010139202,0.0010698154,0.0010811307,0.0,0.0,0.0010488648,0.0010624827,0.0,0.0010328451,0.0010624828,0.0010741208,0.0010624826,0.0,0.0010328451,0.0010139202,0.0010698154,0.0010811306,0.0,0.0,0.0010488646,0.0010328451,0.0010233608,0.00103384,0.0011091589,0.0,0.0,0.0010488647,0.0,0.0010624827,0.0010488647,0.0010698152,0.0,0.001062482,0.0,0.0010624828,0.0,0.0010624827,0.0010488647,0.0,0.0,0.0010488641,0.0010328448,0.0010233605,0.00103384,0.0011091584,0.0,0.001062484,0.0010624827,0.0010568062,0.0010680179,0.0,0.0009914889,0.0,0.0010624826,0.0010488646,0.0,0.0010624826,0.0010488644,0.0010414871,0.0010741177,0.0010624827,0.0010488647,0.0,0.0010624827,0.0010488647,0.0010414862,0.0,0.0010624828,0.0010488643,0.0010414855,0.00105244,0.0010583864,0.0010702638,0.0010741126,0.0010624827,0.0010488647,0.0010414855,0.00105244,0.0010583864,0.0010702639,0.001074132,0.0,0.0,0.0010328451,0.0010139202,0.0010698154,0.0010922265,0.0010741139,0.0,0.0010488647,0.0010328451,0.0010233608,0.00103384,0.0011091589,0.0,0.0010624828,0.0,0.0010328451,0.0010139202,0.0010698154,0.0010811305,0.0010741258,0.0,0.0010488647,0.0010328451,0.0010233608,0.00103384,0.0011091608,0.0,0.0010624827,0.0010488647,0.0010414855,0.00105244,0.0010583864,0.0010702644,0.0010741135,0.0010624827,0.0010488647,0.0010414855,0.00105244,0.0010583864,0.0010702638,0.0,0.0010624828,0.0010488644,0.0010414855,0.00105244,0.0010583864,0.0010702638,0.0,0.0,0.0010488647,0.0010328451,0.0010233608,0.00103384,0.0011091589,0.0010741148,0.0010624827,0.0,0.0,0.0010624828,0.0010624827,0.0010568063,0.0010741431,0.0,0.0010488646,0.0,0.0010624828,0.0010488647,0.0010698192,0.0010741974,0.0,0.001062483,0.0010488644,0.0010414855,0.0,0.0010624828,0.0,0.0010624826,0.0,0.0010328451,0.0010139202,0.0010698154,0.001081137,0.0010741167,0.0,0.0010488647,0.0010328451,0.0010233609,0.0010338405,0.0011091642,0.0010741196,0.0,0.0,0.0010328451,0.0010139202,0.0010698154,0.0010922266,0.0,0.0010624828,0.0010488643,0.0010414855,0.00105244,0.0010583864,0.0010702638,0.0010741598,0.0010624828,0.0010488644,0.0,0.0010624826,0.0010488647,0.0010414864,0.0010741139,0.0,0.0010488648,0.0010328452,0.0010233608,0.00103384,0.0011091591,0.0010741143,0.0,0.0010488647,0.0010328451,0.0010233605,0.0010338401,0.0011091591,0.0,0.0010624828,0.0010624828,0.0010568062,0.0010680177,0.0,0.0009915098,0.0010741359,0.0,0.0010488644,0.0010328451,0.0010233608,0.00103384,0.0011091587,0.0010741156,0.0,0.0,0.0010328451,0.0010139202,0.0010698154,0.0010922262,0.0010741659,0.0010624826,0.0,0.0010328453,0.00101392,0.0010698154,0.0010811328,0.0,0.0010624827,0.0010488644,0.0010414855,0.00105244,0.0010583864,0.0010702638,0.0,0.0010624828,0.0,0.0010328451,0.0010139202,0.0010698154,0.0010811305,0.0,0.0010624827,0.0010488648,0.0010414855,0.00105244,0.0010583864,0.0010702639,0.0010741203,0.0010624828,0.0010488644,0.0010414857,0.00105244,0.0010583864,0.001070264,0.0,0.0,0.0,0.0010328451,0.0010139202,0.0010698154,0.001092227,0.0010741121,0.0010624827,0.0,0.0010328451,0.0010139202,0.0010698154,0.0010811308,0.0010741185,0.0010624827,0.0010488647,0.0010698154,0.0,0.0010328451,0.0010139203,0.0,0.0010624827,0.0010488647,0.0010414855,0.00105244,0.0010583864,0.0010702645,0.0,0.0010624827,0.0010488647,0.0010414855,0.00105244,0.0010583864,0.001070264,0.0,0.0010624827,0.0010488644,0.0010414855,0.00105244,0.0010583864,0.0010702646,0.0010741163,0.0010624827,0.0010488643,0.0010414855,0.00105244,0.0010583864,0.0010702641,0.0,0.0,0.0010488647,0.0010328451,0.0010233608,0.00103384,0.001109159,0.0,0.0010624827,0.0010488647,0.0010414855,0.00105244,0.0010583864,0.0010702639,0.0010742602,0.0010624827,0.0010488644,0.0010414856,0.00105244,0.0010583864,0.001070265
k__Bacteria|p__Firmicutes|c__CFGB1507|o__OFGB1507|f__FGB1507|g__GGB3818|s__GGB3818_SGB5183,0.0,0.0010621278,0.0010484996,0.001041113,0.0010520663,0.0010580093,0.0010698893,0.0,0.001062128,0.0010484996,0.001041113,0.0010520663,0.0010580093,0.0010698896,0.0,0.0,0.0010485067,0.001032474,0.0010229782,0.0010334544,0.0011088344,0.0010737695,0.0,0.0010484996,0.0010324697,0.0010229778,0.0010334544,0.0011088346,0.0,0.0,0.0010484996,0.0010324697,0.0010229778,0.0010334544,0.0011088346,0.0010737674,0.0010621279,0.0010484996,0.001041113,0.0010520663,0.0010580093,0.0010698895,0.0,0.0010621281,0.0010484997,0.001041113,0.0010520663,0.0010580093,0.0010698894,0.0010737675,0.0010621279,0.0010484996,0.001041113,0.0010520663,0.0010580093,0.0010698896,0.0,0.001062128,0.0010484998,0.0010411132,0.0010520663,0.0010580093,0.0010698896,0.0,0.001062128,0.0010484996,0.001041113,0.0010520663,0.0010580093,0.0010698896,0.0,0.001062128,0.0,0.0010324697,0.001013535,0.0010694643,0.0010807815,0.0,0.0010621279,0.0010484996,0.001041113,0.0010520663,0.0010580093,0.0010698895,0.0,0.0,0.0,0.0010324697,0.001013535,0.0010694643,0.0010918899,0.001073769,0.001062128,0.0,0.0010324697,0.001013535,0.0010694643,0.0010807833,0.0010737882,0.0,0.0,0.0010324698,0.001013535,0.0010694643,0.0010918895,0.001073774,0.0,0.0010484994,0.0,0.0010621279,0.0010484996,0.0010694641,0.0010737684,0.0,0.0,0.0010324697,0.001013535,0.0010694643,0.0010918889,0.0,0.0010621283,0.0,0.0010324697,0.001013535,0.0010694643,0.001080781,0.0,0.0,0.0010484996,0.0010621287,0.0,0.0010324697,0.001062128,0.0010737745,0.001062128,0.0,0.0010324696,0.001013535,0.0010694643,0.0010807809,0.0,0.0,0.0010484995,0.0010324697,0.0010229778,0.0010334544,0.0011088345,0.0,0.0,0.0010484996,0.0,0.0010621279,0.0010484996,0.0010694641,0.0,0.0010621286,0.0,0.001062128,0.0,0.0010621279,0.0010484994,0.0,0.0,0.0010485083,0.0010324707,0.0010229779,0.0010334544,0.0011088345,0.0,0.0010621515,0.0010621296,0.0010564447,0.0010676561,0.0,0.0009910928,0.0,0.0010621288,0.0010484998,0.0,0.0010621281,0.0010484994,0.0010411139,0.0010737684,0.0010621279,0.0010484996,0.0,0.0010621279,0.0010484996,0.0010411134,0.0,0.001062128,0.0010484996,0.001041113,0.0010520663,0.0010580093,0.0010698895,0.0010737674,0.0010621279,0.0010484996,0.001041113,0.0010520663,0.0010580093,0.0010698896,0.0010737737,0.0,0.0,0.0010324697,0.001013535,0.0010694643,0.0010918889,0.0010737703,0.0,0.0010484996,0.0010324697,0.0010229778,0.0010334544,0.0011088343,0.0,0.001062128,0.0,0.0010324697,0.001013535,0.0010694643,0.0010807811,0.0010737699,0.0,0.0010484996,0.0010324697,0.0010229778,0.0010334544,0.0011088372,0.0,0.0010621279,0.0010484996,0.001041113,0.0010520663,0.0010580093,0.0010698899,0.0010737674,0.0010621279,0.0010484996,0.001041113,0.0010520663,0.0010580093,0.0010698895,0.0,0.0010621283,0.0010484994,0.001041113,0.0010520663,0.0010580093,0.0010698895,0.0,0.0,0.0010484994,0.0010324697,0.0010229778,0.0010334544,0.0011088345,0.0010737673,0.0010621279,0.0,0.0,0.001062128,0.001062128,0.0010564446,0.001073768,0.0,0.0010484995,0.0,0.001062128,0.0010484994,0.0010694657,0.0010737987,0.0,0.0010621279,0.0010484994,0.001041113,0.0,0.001062128,0.0,0.0010621278,0.0,0.0010324697,0.001013535,0.0010694641,0.0010807823,0.0010737681,0.0,0.0010484996,0.0010324697,0.0010229775,0.0010334547,0.0011088648,0.001073768,0.0,0.0,0.0010324697,0.001013535,0.0010694643,0.0010918889,0.0,0.001062128,0.0010484996,0.001041113,0.0010520663,0.0010580093,0.0010698896,0.0010737553,0.001062128,0.0010484994,0.0,0.0010621278,0.0010484994,0.0010411137,0.0010737685,0.0,0.0010484994,0.0010324697,0.0010229778,0.0010334544,0.001108835,0.0010737677,0.0,0.0010484996,0.0010324697,0.0010229775,0.0010334544,0.0011088346,0.0,0.001062128,0.001062128,0.0010564445,0.0010676561,0.0,0.000991116,0.0010737758,0.0,0.0010484994,0.0010324697,0.0010229778,0.0010334544,0.0011088346,0.0010737687,0.0,0.0,0.0010324697,0.001013535,0.0010694643,0.0010918896,0.0010737813,0.0010621285,0.0,0.0010324703,0.0010135351,0.0010694643,0.0010807835,0.0,0.0010621279,0.0010484994,0.001041113,0.0010520663,0.0010580093,0.0010698895,0.0,0.0010621282,0.0,0.0010324697,0.001013535,0.0010694643,0.0010807808,0.0,0.0010621279,0.0010484997,0.001041113,0.0010520663,0.0010580093,0.0010698896,0.0010737708,0.0010621278,0.0010484994,0.0010411132,0.0010520663,0.0010580093,0.0010698894,0.0,0.0,0.0,0.0010324697,0.001013535,0.0010694643,0.001091889,0.0010737672,0.0010621279,0.0,0.0010324697,0.001013535,0.0010694643,0.0010807812,0.0010737675,0.0010621279,0.0010484996,0.0010694643,0.0,0.0010324697,0.0010135346,0.0,0.0010621279,0.0010484996,0.001041113,0.0010520663,0.0010580093,0.0010698894,0.0,0.0010621279,0.0010484996,0.001041113,0.0010520663,0.0010580093,0.0010698896,0.0,0.0010621285,0.0010484994,0.001041113,0.0010520663,0.0010580093,0.00106989,0.0010737715,0.0010621279,0.0010484996,0.001041113,0.0010520663,0.0010580093,0.0010698895,0.0,0.0,0.0010484996,0.0010324697,0.0010229778,0.0010334544,0.0011088345,0.0,0.0010621279,0.0010484996,0.001041113,0.0010520663,0.0010580093,0.0010698896,0.0010737919,0.0010621283,0.0010484994,0.0010411128,0.0010520663,0.0010580093,0.0010698901
k__Bacteria|p__Firmicutes|c__Erysipelotrichia|o__Erysipelotrichales|f__Erysipelotrichaceae|g__Holdemania|s__Holdemania_filiformis,0.0,0.0010624703,0.0010487807,0.0010412976,0.0010520701,0.0010578373,0.0010695901,0.0,0.0010624704,0.0010487807,0.0010412976,0.0010520701,0.0010578373,0.00106959,0.0,0.0,0.0010488026,0.0010327013,0.0010230951,0.0010333869,0.0011089268,0.0010742118,0.0,0.0010487807,0.0010326863,0.001023094,0.0010333869,0.0011089256,0.0,0.0,0.0010487807,0.0010326863,0.0010230939,0.0010333869,0.0011089256,0.0010741676,0.0010624703,0.0010487807,0.0010412976,0.0010520701,0.0010578373,0.0010695901,0.0,0.0010624711,0.001048781,0.0010412976,0.0010520701,0.0010578373,0.0010695904,0.0010741676,0.0010624703,0.0010487807,0.0010412976,0.0010520701,0.0010578373,0.0010695901,0.0,0.0010624707,0.0010487818,0.0010412977,0.0010520701,0.0010578373,0.0010695907,0.0,0.0010624704,0.0010487807,0.0010412976,0.0010520701,0.0010578373,0.0010695901,0.0,0.0010624704,0.0,0.0010326863,0.0010136828,0.001069774,0.001080919,0.0,0.0010624703,0.0010487807,0.0010412976,0.0010520701,0.0010578373,0.0010695908,0.0,0.0,0.0,0.0010326863,0.0010136828,0.001069774,0.0010920881,0.0010741793,0.0010624704,0.0,0.0010326863,0.0010136828,0.001069774,0.0010809279,0.0010742544,0.0,0.0,0.0010326866,0.0010136833,0.001069774,0.0010920868,0.0010741979,0.0,0.0010487807,0.0,0.0010624703,0.0010487807,0.0010697743,0.0010741719,0.0,0.0,0.0010326863,0.0010136828,0.001069774,0.0010920853,0.0,0.0010624726,0.0,0.0010326863,0.0010136828,0.001069774,0.0010809172,0.0,0.0,0.0010487824,0.0010624719,0.0,0.0010326863,0.0010624704,0.0010742008,0.0010624707,0.0,0.0010326862,0.0010136828,0.001069774,0.0010809167,0.0,0.0,0.001048781,0.0010326863,0.0010230939,0.0010333869,0.0011089261,0.0,0.0,0.0010487807,0.0,0.0010624703,0.0010487807,0.0010697743,0.0,0.0010624772,0.0,0.0010624704,0.0,0.0010624703,0.0010487809,0.0,0.0,0.0010488079,0.0010326906,0.001023094,0.0010333869,0.001108927,0.0,0.0010625314,0.0010624769,0.0010566944,0.0010677279,0.0,0.0009911816,0.0,0.0010624742,0.0010487826,0.0,0.0010624707,0.001048781,0.0010413011,0.0010741763,0.0010624703,0.0010487807,0.0,0.0010624703,0.0010487807,0.001041299,0.0,0.0010624705,0.0010487809,0.0010412976,0.0010520701,0.0010578373,0.0010695902,0.0010741674,0.0010624703,0.0010487807,0.0010412976,0.0010520701,0.0010578373,0.0010695901,0.0010742014,0.0,0.0,0.0010326863,0.0010136828,0.001069774,0.0010920848,0.001074174,0.0,0.0010487807,0.0010326863,0.0010230939,0.0010333869,0.001108926,0.0,0.0010624704,0.0,0.0010326863,0.0010136828,0.001069774,0.0010809166,0.0010741898,0.0,0.0010487807,0.0010326863,0.001023094,0.0010333869,0.0011089371,0.0,0.0010624703,0.0010487807,0.0010412976,0.0010520701,0.0010578373,0.0010695922,0.0010741682,0.0010624703,0.0010487807,0.0010412976,0.0010520701,0.0010578373,0.0010695901,0.0,0.0010624711,0.001048781,0.0010412976,0.0010520701,0.0010578373,0.0010695901,0.0,0.0,0.0010487807,0.0010326863,0.0010230939,0.0010333869,0.0011089259,0.0010741703,0.0010624703,0.0,0.0,0.0010624704,0.0010624704,0.0010566941,0.0010742133,0.0,0.0010487813,0.0,0.0010624704,0.0010487807,0.0010697788,0.0010743042,0.0,0.0010624704,0.001048781,0.0010412976,0.0,0.0010624712,0.0,0.0010624701,0.0,0.0010326863,0.0010136828,0.0010697742,0.0010809237,0.0010741745,0.0,0.0010487807,0.0010326863,0.001023094,0.0010333874,0.0011090104,0.0010741898,0.0,0.0,0.0010326863,0.0010136828,0.001069774,0.0010920848,0.0,0.0010624704,0.0010487809,0.0010412976,0.0010520701,0.0010578373,0.00106959,0.0010741784,0.0010624704,0.001048781,0.0,0.0010624703,0.0010487807,0.001041299,0.0010741707,0.0,0.001048781,0.0010326867,0.001023094,0.0010333869,0.0011089287,0.0010741728,0.0,0.0010487809,0.0010326866,0.001023094,0.001033387,0.0011089282,0.0,0.0010624704,0.0010624705,0.0010566937,0.001067728,0.0,0.0009912337,0.0010742109,0.0,0.001048781,0.0010326863,0.0010230939,0.0010333869,0.0011089256,0.001074175,0.0,0.0,0.0010326863,0.0010136833,0.001069774,0.0010920872,0.0010742431,0.0010624714,0.0,0.0010326878,0.0010136834,0.0010697743,0.0010809273,0.0,0.0010624704,0.001048781,0.0010412976,0.0010520701,0.0010578373,0.0010695901,0.0,0.0010624725,0.0,0.0010326863,0.0010136828,0.001069774,0.0010809166,0.0,0.0010624704,0.001048781,0.0010412976,0.0010520701,0.0010578373,0.0010695902,0.0010741865,0.0010624706,0.0010487811,0.0010412979,0.0010520701,0.0010578373,0.0010695906,0.0,0.0,0.0,0.0010326863,0.0010136828,0.001069774,0.0010920854,0.001074167,0.0010624703,0.0,0.0010326863,0.0010136828,0.001069774,0.0010809178,0.001074185,0.0010624704,0.0010487807,0.001069774,0.0,0.0010326863,0.0010136835,0.0,0.0010624703,0.0010487807,0.0010412976,0.0010520701,0.0010578373,0.001069591,0.0,0.0010624703,0.0010487807,0.0010412976,0.0010520701,0.0010578373,0.0010695904,0.0,0.0010624714,0.001048781,0.0010412976,0.0010520701,0.0010578373,0.0010695928,0.0010741793,0.0010624703,0.0010487807,0.0010412976,0.0010520701,0.0010578373,0.0010695907,0.0,0.0,0.0010487807,0.0010326863,0.001023094,0.0010333869,0.0011089264,0.0,0.0010624703,0.0010487807,0.0010412976,0.0010520701,0.0010578373,0.0010695901,0.0010744318,0.0010624729,0.0010487811,0.0010412976,0.0010520701,0.0010578373,0.0010695938
k__Bacteria|p__Firmicutes|c__Clostridia|o__Clostridia_unclassified|f__Clostridia_unclassified|g__Clostridia_unclassified|s__Clostridia_bacterium_UC5_1_1E11,0.0,0.0010612209,0.0010475909,0.0010402212,0.0010512342,0.0010572303,0.0010691608,0.0,0.001061221,0.0010475909,0.0010402212,0.0010512342,0.0010572303,0.0010691608,0.0,0.0,0.0010475948,0.0010315629,0.0010220861,0.0010326202,0.0011080819,0.001072859,0.0,0.0010475909,0.0010315607,0.001022086,0.0010326202,0.0011080822,0.0,0.0,0.0010475909,0.0010315607,0.001022086,0.0010326202,0.0011080822,0.001072863,0.0010612209,0.0010475909,0.0010402212,0.0010512342,0.0010572303,0.0010691608,0.0,0.0010612212,0.0010475909,0.0010402212,0.0010512342,0.0010572303,0.0010691612,0.0010728632,0.0010612209,0.0010475909,0.0010402212,0.0010512342,0.0010572303,0.0010691609,0.0,0.0010612211,0.001047591,0.0010402213,0.0010512342,0.0010572303,0.0010691611,0.0,0.001061221,0.0010475909,0.0010402212,0.0010512342,0.0010572303,0.0010691608,0.0,0.001061221,0.0,0.0010315607,0.0010126273,0.0010685765,0.0010799574,0.0,0.0010612209,0.0010475909,0.0010402212,0.0010512342,0.0010572303,0.0010691608,0.0,0.0,0.0,0.0010315607,0.0010126273,0.0010685765,0.0010910708,0.0010728629,0.001061221,0.0,0.0010315607,0.0010126273,0.0010685765,0.0010799569,0.001072861,0.0,0.0,0.0010315608,0.0010126273,0.0010685765,0.0010910706,0.0010728629,0.0,0.0010475909,0.0,0.0010612209,0.0010475909,0.0010685764,0.0010728628,0.0,0.0,0.0010315607,0.0010126273,0.0010685765,0.0010910705,0.0,0.0010612209,0.0,0.0010315607,0.0010126273,0.0010685765,0.0010799569,0.0,0.0,0.0010475911,0.0010612212,0.0,0.0010315607,0.001061221,0.001072863,0.0010612208,0.0,0.0010315607,0.0010126273,0.0010685765,0.0010799571,0.0,0.0,0.0010475909,0.0010315607,0.001022086,0.0010326202,0.001108082,0.0,0.0,0.0010475909,0.0,0.0010612209,0.0010475909,0.0010685765,0.0,0.0010612204,0.0,0.0010612211,0.0,0.0010612209,0.001047591,0.0,0.0,0.0010475947,0.0010315609,0.001022086,0.0010326202,0.0011080819,0.0,0.0010612292,0.001061221,0.0010555539,0.0010668276,0.0,0.0009901886,0.0,0.0010612208,0.0010475907,0.0,0.0010612209,0.0010475909,0.0010402219,0.001072863,0.0010612209,0.0010475909,0.0,0.0010612209,0.0010475909,0.0010402211,0.0,0.0010612211,0.001047591,0.0010402212,0.0010512342,0.0010572303,0.0010691608,0.0010728631,0.0010612209,0.0010475909,0.0010402212,0.0010512342,0.0010572303,0.0010691608,0.0010728638,0.0,0.0,0.0010315607,0.0010126273,0.0010685765,0.0010910704,0.0010728629,0.0,0.0010475909,0.0010315607,0.001022086,0.0010326202,0.001108082,0.0,0.0010612211,0.0,0.0010315607,0.0010126273,0.0010685765,0.0010799571,0.0010728622,0.0,0.0010475909,0.0010315607,0.001022086,0.0010326202,0.0011080818,0.0,0.0010612209,0.0010475909,0.0010402212,0.0010512342,0.0010572303,0.0010691608,0.0010728632,0.0010612209,0.0010475909,0.0010402212,0.0010512342,0.0010572303,0.0010691608,0.0,0.0010612209,0.0010475909,0.0010402212,0.0010512342,0.0010572303,0.0010691608,0.0,0.0,0.0010475909,0.0010315607,0.001022086,0.0010326202,0.0011080824,0.0010728623,0.0010612209,0.0,0.0,0.0010612211,0.001061221,0.001055554,0.0010728575,0.0,0.0010475907,0.0,0.0010612211,0.0010475909,0.0010685776,0.0010728621,0.0,0.0010612211,0.0010475909,0.0010402212,0.0,0.001061221,0.0,0.0010612209,0.0,0.0010315607,0.0010126273,0.0010685765,0.0010799589,0.0010728629,0.0,0.0010475909,0.0010315607,0.001022086,0.0010326203,0.0011080899,0.0010728614,0.0,0.0,0.0010315607,0.0010126273,0.0010685765,0.0010910705,0.0,0.0010612211,0.001047591,0.0010402212,0.0010512342,0.0010572303,0.0010691608,0.001072859,0.001061221,0.0010475909,0.0,0.0010612209,0.0010475909,0.0010402218,0.0010728628,0.0,0.0010475909,0.0010315608,0.001022086,0.0010326202,0.0011080822,0.0010728623,0.0,0.001047591,0.0010315607,0.001022086,0.0010326201,0.0011080818,0.0,0.001061221,0.001061221,0.001055554,0.0010668276,0.0,0.0009902095,0.0010728615,0.0,0.0010475909,0.0010315607,0.001022086,0.0010326202,0.0011080822,0.0010728625,0.0,0.0,0.0010315607,0.0010126273,0.0010685765,0.0010910707,0.0010728622,0.0010612208,0.0,0.0010315608,0.0010126274,0.0010685765,0.0010799583,0.0,0.001061221,0.0010475909,0.0010402212,0.0010512342,0.0010572303,0.0010691608,0.0,0.0010612208,0.0,0.0010315607,0.0010126273,0.0010685765,0.0010799571,0.0,0.001061221,0.0010475909,0.0010402212,0.0010512342,0.0010572303,0.0010691609,0.0010728613,0.0010612207,0.0010475906,0.0010402212,0.0010512342,0.0010572303,0.0010691608,0.0,0.0,0.0,0.0010315607,0.0010126273,0.0010685765,0.0010910707,0.0010728631,0.0010612209,0.0,0.0010315607,0.0010126273,0.0010685765,0.0010799569,0.0010728603,0.001061221,0.0010475909,0.0010685765,0.0,0.0010315607,0.0010126274,0.0,0.0010612209,0.0010475909,0.0010402212,0.0010512342,0.0010572303,0.0010691609,0.0,0.0010612209,0.0010475909,0.0010402212,0.0010512342,0.0010572303,0.0010691609,0.0,0.0010612209,0.0010475909,0.0010402212,0.0010512342,0.0010572303,0.0010691611,0.0010728625,0.0010612209,0.0010475909,0.0010402212,0.0010512342,0.0010572303,0.0010691608,0.0,0.0,0.0010475909,0.0010315607,0.001022086,0.0010326202,0.0011080822,0.0,0.0010612209,0.0010475909,0.0010402212,0.0010512342,0.0010572303,0.0010691608,0.0010728424,0.0010612209,0.0010475906,0.0010402211,0.0010512342,0.0010572303,0.0010691611
k__Bacteria|p__Firmicutes|c__Negativicutes|o__Veillonellales|f__Veillonellaceae|g__Colibacter|s__Colibacter_massiliensis,0.0,0.0010586516,0.0010449057,0.0010374209,0.0010483176,0.0010541845,0.0010660613,0.0,0.0010586517,0.0010449057,0.0010374209,0.0010483176,0.0010541845,0.0010660612,0.0,0.0,0.0010449387,0.001028781,0.0010191653,0.0010295681,0.001105604,0.0010704517,0.0,0.0010449057,0.0010287581,0.001019164,0.0010295681,0.0011056033,0.0,0.0,0.0010449057,0.0010287581,0.001019164,0.0010295681,0.001105603,0.0010704066,0.0010586516,0.0010449057,0.0010374209,0.0010483176,0.0010541845,0.0010660612,0.0,0.0010586526,0.0010449061,0.0010374209,0.0010483176,0.0010541845,0.0010660621,0.0010704066,0.0010586516,0.0010449057,0.0010374209,0.0010483176,0.0010541845,0.0010660612,0.0,0.001058652,0.0010449069,0.001037421,0.0010483176,0.0010541845,0.0010660621,0.0,0.0010586517,0.0010449057,0.0010374209,0.0010483176,0.0010541845,0.0010660612,0.0,0.0010586517,0.0,0.0010287581,0.0010097068,0.0010660161,0.0010773096,0.0,0.0010586516,0.0010449057,0.0010374209,0.0010483176,0.0010541845,0.0010660618,0.0,0.0,0.0,0.0010287581,0.0010097068,0.0010660161,0.0010885507,0.0010704178,0.0010586517,0.0,0.0010287581,0.0010097068,0.0010660161,0.0010773173,0.0010704901,0.0,0.0,0.0010287582,0.0010097068,0.0010660161,0.0010885496,0.0010704395,0.0,0.0010449057,0.0,0.0010586516,0.0010449057,0.001066016,0.001070411,0.0,0.0,0.0010287581,0.0010097068,0.0010660161,0.0010885483,0.0,0.0010586546,0.0,0.0010287581,0.0010097068,0.0010660161,0.0010773076,0.0,0.0,0.0010449078,0.001058654,0.0,0.0010287581,0.0010586517,0.0010704478,0.001058652,0.0,0.001028758,0.0010097068,0.0010660161,0.0010773074,0.0,0.0,0.0010449061,0.0010287581,0.001019164,0.0010295681,0.0011056036,0.0,0.0,0.0010449057,0.0,0.0010586516,0.0010449057,0.001066016,0.0,0.0010586602,0.0,0.0010586518,0.0,0.0010586516,0.0010449059,0.0,0.0,0.0010449436,0.0010287642,0.0010191641,0.0010295681,0.001105604,0.0,0.0010587424,0.0010586617,0.0010528761,0.0010640459,0.0,0.0009871668,0.0,0.0010586561,0.0010449077,0.0,0.0010586523,0.0010449059,0.0010374252,0.0010704175,0.0010586516,0.0010449057,0.0,0.0010586516,0.0010449057,0.001037422,0.0,0.0010586518,0.0010449059,0.0010374209,0.0010483176,0.0010541845,0.0010660616,0.0010704065,0.0010586516,0.0010449057,0.0010374209,0.0010483176,0.0010541845,0.0010660612,0.0010704402,0.20718466,0.5668598,0.0010287581,0.0010097068,0.0010660161,0.0010885483,0.0010704153,0.0,0.0010449057,0.0010287581,0.001019164,0.0010295681,0.0011056034,0.0,0.0010586518,0.0,0.0010287581,0.0010097068,0.0010660161,0.0010773073,0.0010704302,0.0,0.0010449057,0.0010287581,0.001019164,0.0010295681,0.0011056149,0.0,0.0010586516,0.0010449057,0.0010374209,0.0010483176,0.0010541845,0.0010660626,0.0010704076,0.0010586516,0.0010449057,0.0010374209,0.0010483176,0.0010541845,0.0010660612,0.0,0.0010586526,0.0010449059,0.0010374209,0.0010483176,0.0010541845,0.0010660616,0.0,0.0,0.0010449057,0.0010287581,0.001019164,0.0010295681,0.0011056033,0.0010704095,0.0010586516,0.0,0.0,0.0010586518,0.0010586517,0.0010528755,0.0010704548,0.0,0.0010449064,0.0,0.0010586518,0.0010449057,0.0010660221,0.0010705413,0.0,0.001058652,0.0010449059,0.0010374209,0.0,0.0010586525,0.0,0.0010586516,0.0,0.0010287581,0.0010097068,0.0010660159,0.001077316,0.0010704153,0.0,0.0010449057,0.0010287581,0.0010191641,0.001029569,0.0011056877,0.0010704326,0.0,0.0,0.0010287581,0.0010097068,0.0010660161,0.0010885482,0.0,0.0010586518,0.0010449059,0.0010374209,0.0010483176,0.0010541845,0.0010660612,0.0010704113,0.0010586517,0.0010449059,0.0,0.0010586516,0.0010449057,0.0010374228,0.0010704095,0.0,0.0010449059,0.0010287582,0.001019164,0.0010295681,0.0011056055,0.0010704121,0.0,0.0010449059,0.0010287581,0.0010191641,0.0010295684,0.0011056054,0.0,0.0010586517,0.001058652,0.001052875,0.0010640463,0.0,0.0009872186,0.0010704474,0.0,0.0010449059,0.0010287581,0.001019164,0.0010295681,0.001105603,0.0010704135,0.0,0.0,0.0010287581,0.0010097068,0.0010660161,0.0010885497,0.0010704849,0.0010586532,0.0,0.0010287599,0.0010097075,0.0010660164,0.0010773167,0.0,0.0010586517,0.0010449059,0.0010374209,0.0010483176,0.0010541845,0.0010660612,0.0,0.0010586545,0.0,0.0010287581,0.0010097068,0.0010660161,0.0010773075,0.0,0.0010586517,0.0010449059,0.0010374209,0.0010483176,0.0010541845,0.0010660613,0.0010704251,0.0010586518,0.0010449061,0.0010374212,0.0010483176,0.0010541845,0.0010660617,0.0,0.0,0.0,0.0010287581,0.0010097068,0.0010660161,0.0010885488,0.001070406,0.0010586516,0.0,0.0010287581,0.0010097068,0.0010660161,0.0010773088,0.0010704232,0.0010586517,0.0010449057,0.0010660161,0.0,0.0010287581,0.001009707,0.0,0.0010586516,0.0010449057,0.0010374209,0.0010483176,0.0010541845,0.001066062,0.0,0.0010586516,0.0010449057,0.0010374209,0.0010483176,0.0010541845,0.0010660616,0.0,0.0010586529,0.0010449059,0.0010374209,0.0010483176,0.0010541845,0.0010660631,0.00107042,0.0010586516,0.0010449057,0.0010374209,0.0010483176,0.0010541845,0.0010660618,0.0,0.0,0.0010449057,0.0010287581,0.001019164,0.0010295681,0.0011056036,0.0,0.0010586516,0.0010449057,0.0010374209,0.0010483176,0.0010541845,0.0010660612,0.00107067,0.0010586547,0.0010449061,0.0010374209,0.0010483176,0.0010541845,0.0010660639
k__Bacteria|p__Firmicutes|c__Clostridia|o__Eubacteriales|f__Clostridiaceae|g__GGB9580|s__GGB9580_SGB14996,0.0,0.001061781,0.0010479622,0.001040304,0.0010507929,0.001056278,0.0010678435,0.0,0.0010617811,0.0010479622,0.001040304,0.0010507929,0.001056278,0.0010678434,0.0,0.0,0.0010479519,0.0010317271,0.0010219589,0.001031959,0.0011079535,0.0010735943,0.0,0.0010479622,0.0010317329,0.0010219592,0.001031959,0.0011079536,0.0,0.0,0.0010479622,0.0010317329,0.0010219592,0.001031959,0.0011079535,0.0010736005,0.001061781,0.0010479622,0.001040304,0.0010507929,0.001056278,0.0010678435,0.0,0.001061781,0.0010479623,0.001040304,0.0010507929,0.001056278,0.0010678441,0.001073601,0.001061781,0.0010479622,0.001040304,0.0010507929,0.001056278,0.0010678435,0.0,0.0010617811,0.0010479618,0.0010403038,0.0010507929,0.001056278,0.0010678438,0.0,0.0010617811,0.0010479622,0.001040304,0.0010507929,0.001056278,0.0010678435,0.0,0.0010617811,0.0,0.0010317329,0.00101259,0.001069047,0.001079927,0.0,0.001061781,0.0010479622,0.001040304,0.0010507929,0.001056278,0.001067844,0.0,0.0,0.0,0.0010317329,0.00101259,0.001069047,0.0010912293,0.0010735998,0.0010617811,0.0,0.0010317329,0.00101259,0.001069047,0.0010799258,0.0010735913,0.0,0.0,0.0010317327,0.00101259,0.001069047,0.0010912291,0.0010735963,0.0,0.0010479622,0.0,0.001061781,0.0010479622,0.0010690471,0.0010735998,0.0,0.0,0.0010317329,0.00101259,0.001069047,0.0010912283,0.0,0.00106178,0.0,0.0010317329,0.00101259,0.001069047,0.0010799263,0.0,0.0,0.0010479621,0.00106178,0.0,0.0010317329,0.0010617813,0.0010735907,0.0010617808,0.0,0.0010317329,0.00101259,0.001069047,0.0010799265,0.0,0.0,0.0010479625,0.0010317329,0.0010219592,0.001031959,0.0011079537,0.0,0.0,0.0010479622,0.0,0.001061781,0.0010479622,0.0010690471,0.0,0.0010617779,0.0,0.0010617811,0.0,0.001061781,0.0010479623,0.0,0.0,0.0010479476,0.0010317301,0.001021959,0.001031959,0.0011079534,0.0,0.0010617408,0.0010617764,0.0010558354,0.001066597,0.0,0.0009899323,0.0,0.0010617793,0.0010479615,0.0,0.0010617808,0.0010479622,0.0010403038,0.0010735987,0.001061781,0.0010479622,0.0,0.001061781,0.0010479622,0.0010403047,0.0,0.0010617812,0.0010479623,0.001040304,0.0010507929,0.001056278,0.0010678434,0.0010736011,0.001061781,0.0010479622,0.001040304,0.0010507929,0.001056278,0.0010678435,0.0010735982,0.0,0.0,0.0010317329,0.00101259,0.001069047,0.0010912284,0.0010735965,0.0,0.0010479622,0.0010317329,0.0010219592,0.001031959,0.0011079536,0.0,0.0010617811,0.0,0.0010317329,0.00101259,0.001069047,0.0010799262,0.0010735955,0.0,0.0010479622,0.0010317329,0.0010219592,0.001031959,0.0011079534,0.0,0.001061781,0.0010479622,0.001040304,0.0010507929,0.001056278,0.0010678448,0.0010736006,0.001061781,0.0010479622,0.001040304,0.0010507929,0.001056278,0.0010678435,0.0,0.0010617807,0.0010479622,0.001040304,0.0010507929,0.001056278,0.0010678432,0.0,0.0,0.0010479622,0.0010317329,0.0010219592,0.001031959,0.0011079536,0.0010736012,0.001061781,0.0,0.0,0.0010617811,0.0010617811,0.0010558367,0.0010736012,0.0,0.0010479622,0.0,0.0010617814,0.0010479622,0.0010690478,0.001073591,0.0,0.0010617811,0.0010479622,0.001040304,0.0,0.0010617815,0.0,0.0010617808,0.0,0.0010317329,0.00101259,0.0010690471,0.0010799259,0.0010735998,0.0,0.0010479622,0.0010317329,0.001021959,0.0010319586,0.0011079537,0.0010735976,0.0,0.0,0.0010317329,0.00101259,0.001069047,0.0010912283,0.0,0.0010617811,0.0010479623,0.001040304,0.0010507929,0.001056278,0.0010678434,0.0010736267,0.001061781,0.0010479622,0.0,0.001061781,0.0010479622,0.0010403036,0.0010736,0.0,0.0010479622,0.001031733,0.0010219592,0.001031959,0.0011079547,0.0010735998,0.0,0.0010479623,0.0010317329,0.001021959,0.001031959,0.0011079531,0.0,0.001061781,0.0010617812,0.0010558361,0.0010665966,0.0,0.0009899536,0.0010735983,0.0,0.0010479622,0.0010317329,0.0010219592,0.001031959,0.0011079535,0.0010736008,0.0,0.0,0.0010317329,0.00101259,0.001069047,0.0010912293,0.001073587,0.00106178,0.0,0.0010317324,0.0010125898,0.0010690471,0.0010799287,0.0,0.0010617811,0.0010479622,0.001040304,0.0010507929,0.001056278,0.0010678435,0.0,0.00106178,0.0,0.0010317329,0.00101259,0.001069047,0.0010799262,0.0,0.0010617811,0.0010479625,0.001040304,0.0010507929,0.001056278,0.0010678436,0.0010735975,0.0010617807,0.001047962,0.0010403036,0.0010507929,0.001056278,0.0010678436,0.0,0.0,0.0,0.0010317329,0.00101259,0.001069047,0.0010912289,0.0010736008,0.001061781,0.0,0.0010317329,0.00101259,0.001069047,0.0010799264,0.0010735996,0.0010617811,0.0010479622,0.001069047,0.0,0.0010317329,0.0010125901,0.0,0.001061781,0.0010479622,0.0010403037,0.0010507929,0.001056278,0.001067844,0.0,0.001061781,0.0010479622,0.001040304,0.0010507929,0.001056278,0.0010678435,0.0,0.0010617803,0.0010479622,0.001040304,0.0010507929,0.001056278,0.0010678442,0.0010735951,0.001061781,0.0010479622,0.001040304,0.0010507929,0.001056278,0.0010678438,0.0,0.0,0.0010479622,0.0010317329,0.0010219592,0.001031959,0.0011079535,0.0,0.001061781,0.0010479622,0.001040304,0.0010507929,0.001056278,0.0010678435,0.0010736209,0.0010617803,0.001047962,0.001040304,0.0010507929,0.001056278,0.0010678448
k__Bacteria|p__Firmicutes|c__Clostridia|o__Eubacteriales|f__Lachnospiraceae|g__Eisenbergiella|s__Eisenbergiella_tayi,0.0,0.0010585584,0.0010449738,0.001037727,0.001049044,0.001055323,0.0010674894,0.0,0.0010585586,0.0010449738,0.001037727,0.001049044,0.001055323,0.0010674894,0.0,0.0,0.0010449698,0.0010289921,0.0010196478,0.0010304825,0.0011060305,0.0010701717,0.0,0.0010449736,0.0010289955,0.0010196479,0.0010304825,0.0011060301,0.0,0.0,0.0010449738,0.0010289955,0.0010196482,0.0010304825,0.0011060301,0.001070161,0.0010585586,0.0010449738,0.001037727,0.001049044,0.001055323,0.0010674892,0.0,0.0010585588,0.0010449737,0.001037727,0.001049044,0.001055323,0.0010674908,0.0010701611,0.0010585586,0.0010449738,0.001037727,0.001049044,0.001055323,0.0010674894,0.0,0.0010585587,0.0010449741,0.0010377271,0.001049044,0.001055323,0.0010674894,0.0,0.0010585586,0.0010449738,0.001037727,0.001049044,0.001055323,0.0010674894,0.0,0.0010585586,0.0,0.0010289955,0.0010101214,0.001065991,0.001077683,0.0,0.0010585586,0.0010449738,0.001037727,0.001049044,0.001055323,0.0010674899,0.0,0.0,0.0,0.0010289955,0.0010101214,0.001065991,0.0010887601,0.0010701648,0.0010585586,0.0,0.0010289955,0.0010101214,0.001065991,0.0010776863,0.0010701889,0.0,0.0,0.0010289955,0.0010101214,0.001065991,0.0010887607,0.0010701682,0.0,0.0010449738,0.0,0.0010585586,0.0010449738,0.0010659909,0.001070161,0.0,0.0,0.0010289955,0.0010101214,0.001065991,0.0010887599,0.0,0.0010585582,0.0,0.0010289955,0.0010101214,0.001065991,0.001077682,0.0,0.0,0.0010449738,0.001058558,0.0,0.0010289955,0.0010585588,0.0010701548,0.0010585584,0.0,0.0010289953,0.0010101214,0.001065991,0.0010776814,0.0,0.0,0.0010449737,0.0010289955,0.0010196482,0.0010304825,0.0011060305,0.0,0.0,0.0010449738,0.0,0.0010585586,0.0010449738,0.0010659911,0.0,0.0010585566,0.0,0.0010585587,0.0,0.0010585586,0.001044974,0.0,0.0,0.0010449634,0.0010289937,0.001019648,0.0010304825,0.0011060301,0.0,0.0010585387,0.0010585564,0.0010530107,0.0010645917,0.0,0.0009877577,0.0,0.0010585581,0.0010449735,0.0,0.0010585584,0.0010449736,0.001037729,0.0010701605,0.0010585586,0.0010449738,0.0,0.0010585586,0.0010449738,0.001037728,0.0,0.0010585586,0.001044974,0.001037727,0.001049044,0.001055323,0.0010674894,0.0010701614,0.0010585586,0.0010449738,0.001037727,0.001049044,0.001055323,0.0010674894,0.0010701709,0.0,0.0,0.0010289955,0.0010101214,0.001065991,0.0010887599,0.0010701598,0.0,0.0010449738,0.0010289955,0.0010196482,0.0010304825,0.0011060304,0.0,0.0010585587,0.0,0.0010289955,0.0010101214,0.001065991,0.0010776814,0.0010701667,0.0,0.0010449738,0.0010289955,0.0010196479,0.0010304825,0.001106036,0.0,0.0010585586,0.0010449738,0.001037727,0.001049044,0.001055323,0.0010674911,0.0010701611,0.0010585586,0.0010449738,0.001037727,0.001049044,0.001055323,0.0010674892,0.0,0.0010585585,0.0010449736,0.001037727,0.001049044,0.001055323,0.0010674894,0.0,0.0,0.0010449738,0.0010289955,0.0010196482,0.0010304825,0.0011060302,0.0010701615,0.0010585586,0.0,0.0,0.0010585587,0.0010585586,0.0010530115,0.0010701728,0.0,0.0010449736,0.0,0.0010585587,0.0010449738,0.0010659952,0.001070213,0.0,0.0010585587,0.0010449736,0.001037727,0.0,0.001058559,0.0,0.0010585585,0.0,0.0010289955,0.0010101214,0.0010659909,0.0010776892,0.001070162,0.0,0.0010449738,0.0010289955,0.001019648,0.0010304828,0.0011060638,0.0010701625,0.0,0.0,0.0010289955,0.0010101214,0.001065991,0.0010887599,0.0,0.0010585587,0.001044974,0.001037727,0.001049044,0.001055323,0.0010674894,0.001070176,0.0010585586,0.0010449736,0.0,0.0010585585,0.0010449738,0.0010377272,0.0010701612,0.0,0.0010449738,0.0010289956,0.0010196482,0.0010304825,0.0011060319,0.0010701612,0.0,0.001044974,0.0010289955,0.001019648,0.0010304825,0.001106032,0.0,0.0010585586,0.0010585586,0.001053011,0.0010645916,0.0,0.0009877856,0.0010701688,0.0,0.0010449736,0.0010289955,0.0010196482,0.0010304825,0.0011060301,0.0010701616,0.0,0.0,0.0010289955,0.0010101214,0.001065991,0.0010887603,0.0010701853,0.0010585585,0.0,0.0010289955,0.0010101215,0.001065991,0.0010776871,0.0,0.0010585585,0.0010449736,0.001037727,0.001049044,0.001055323,0.0010674894,0.0,0.0010585581,0.0,0.0010289951,0.0010101214,0.001065991,0.0010776814,0.0,0.0010585585,0.0010449737,0.001037727,0.001049044,0.001055323,0.0010674894,0.0010701667,0.0010585586,0.0010449736,0.0010377271,0.001049044,0.001055323,0.0010674897,0.0,0.0,0.0,0.0010289955,0.0010101214,0.001065991,0.0010887603,0.0010701611,0.0010585586,0.0,0.0010289955,0.0010101214,0.001065991,0.0010776821,0.0010701634,0.0010585585,0.0010449738,0.001065991,0.0,0.0010289955,0.0010101215,0.0,0.0010585586,0.0010449738,0.001037727,0.001049044,0.001055323,0.0010674905,0.0,0.0010585586,0.0010449738,0.001037727,0.001049044,0.001055323,0.0010674894,0.0,0.0010585582,0.0010449736,0.001037727,0.001049044,0.001055323,0.0010674915,0.0010701604,0.0010585586,0.0010449738,0.001037727,0.001049044,0.001055323,0.0010674896,0.0,0.0,0.0010449738,0.0010289955,0.0010196479,0.0010304825,0.0011060305,0.0,0.0010585586,0.0010449738,0.001037727,0.001049044,0.001055323,0.0010674894,0.0010702614,0.0010585584,0.0010449736,0.0010377269,0.001049044,0.001055323,0.001067492
k__Bacteria|p__Firmicutes|c__Clostridia|o__Eubacteriales|f__Oscillospiraceae|g__Ruminococcus|s__Ruminococcus_bromii,0.0,0.0010615118,0.0010478459,0.0010404176,0.0010513181,0.0010572051,0.0010690555,0.0,0.0010615119,0.0010478459,0.0010404176,0.0010513181,0.0010572051,0.0010690555,0.0,0.0,0.001047864,0.0010317903,0.0010222432,0.001032662,0.0011082112,0.0010732098,0.0,0.001047846,0.0010317777,0.0010222422,0.001032662,0.00110821,0.0,0.0,0.0010478459,0.0010317777,0.0010222422,0.001032662,0.0011082098,0.0010731879,0.0010615118,0.0010478459,0.0010404176,0.0010513181,0.0010572051,0.0010690555,0.0,0.0010615124,0.0010478462,0.0010404176,0.0010513181,0.0010572051,0.0010690565,0.0010731881,0.0010615118,0.0010478459,0.0010404176,0.0010513181,0.0010572051,0.0010690555,0.0,0.0010615123,0.001047847,0.0010404176,0.0010513181,0.0010572051,0.0010690559,0.0,0.0010615119,0.0010478459,0.0010404176,0.0010513181,0.0010572051,0.0010690555,0.0,0.0010615119,0.0,0.0010317777,0.001012804,0.0010688466,0.0010801208,0.0,0.0010615118,0.0010478459,0.0010404176,0.0010513181,0.0010572051,0.0010690565,0.0,0.0,0.0,0.0010317777,0.001012804,0.0010688466,0.0010912695,0.0010731927,0.0010615119,0.0,0.0010317777,0.001012804,0.0010688466,0.001080129,0.0010732342,0.0,0.0,0.0010317778,0.001012804,0.0010688466,0.0010912688,0.0010732028,0.0,0.0010478459,0.0,0.0010615118,0.0010478459,0.0010688466,0.00107319,0.0,0.0,0.0010317777,0.001012804,0.0010688466,0.0010912665,0.0,0.0010615139,0.0,0.0010317777,0.001012804,0.0010688466,0.0010801186,0.0,0.0,0.0010478474,0.0010615131,0.0,0.0010317777,0.0010615123,0.0010732099,0.0010615123,0.0,0.0010317776,0.001012804,0.0010688466,0.0010801181,0.0,0.0,0.0010478462,0.0010317777,0.0010222422,0.001032662,0.0011082105,0.0,0.0,0.0010478459,0.0,0.0010615118,0.0010478459,0.0010688466,0.0,0.0010615182,0.0,0.001061512,0.0,0.0010615118,0.0010478462,0.0,0.0,0.0010478663,0.0010317812,0.0010222424,0.001032662,0.0011082109,0.0,0.0010615571,0.0010615172,0.0010557891,0.0010669512,0.0,0.0009903355,0.0,0.0010615152,0.0010478473,0.0,0.0010615124,0.0010478462,0.0010404213,0.0010731926,0.0010615118,0.0010478459,0.0,0.0010615118,0.0010478459,0.0010404192,0.0,0.001061512,0.001047846,0.0010404176,0.0010513181,0.0010572051,0.0010690555,0.0010731877,0.0010615118,0.0010478459,0.0010404176,0.0010513181,0.0010572051,0.0010690555,0.0010732039,0.0,0.0,0.0010317777,0.001012804,0.0010688466,0.0010912665,0.00107319,0.0,0.0010478459,0.0010317777,0.0010222422,0.001032662,0.0011082104,0.0,0.001061512,0.0,0.0010317777,0.001012804,0.0010688466,0.001080118,0.0010732014,0.0,0.0010478459,0.0010317777,0.0010222422,0.001032662,0.0011082215,0.0,0.0010615118,0.0010478459,0.0010404176,0.0010513181,0.0010572051,0.0010690576,0.0010731878,0.0010615118,0.0010478459,0.0010404176,0.0010513181,0.0010572051,0.0010690555,0.0,0.0010615127,0.0010478462,0.0010404176,0.0010513181,0.0010572051,0.0010690555,0.0,0.0,0.0010478459,0.0010317777,0.0010222422,0.001032662,0.00110821,0.0010731888,0.0010615118,0.0,0.0,0.001061512,0.0010615119,0.0010557892,0.0010732126,0.0,0.0010478464,0.0,0.001061512,0.001047846,0.0010688521,0.0010732665,0.0,0.001061512,0.0010478462,0.0010404176,0.0,0.0010615131,0.0,0.0010615118,0.0,0.0010317777,0.001012804,0.0010688466,0.0010801274,0.0010731919,0.0,0.0010478459,0.0010317777,0.0010222424,0.0010326626,0.0011082946,0.0010732036,0.0,0.0,0.0010317777,0.001012804,0.0010688466,0.0010912664,0.0,0.001061512,0.001047846,0.0010404176,0.0010513181,0.0010572051,0.0010690555,0.0010731731,0.001061512,0.0010478459,0.0,0.0010615119,0.0010478459,0.0010404187,0.0010731891,0.0,0.0010478462,0.0010317778,0.0010222422,0.001032662,0.0011082136,0.0010731911,0.0,0.0010478462,0.0010317777,0.0010222424,0.0010326622,0.0011082127,0.0,0.001061512,0.001061512,0.0010557885,0.0010669511,0.0,0.0009903857,0.0010732051,0.0,0.0010478462,0.0010317777,0.0010222422,0.001032662,0.0011082098,0.0010731921,0.0,0.0,0.0010317777,0.001012804,0.0010688466,0.001091269,0.0010732228,0.0010615127,0.0,0.0010317791,0.0010128041,0.0010688467,0.0010801284,0.0,0.001061512,0.0010478462,0.0010404176,0.0010513181,0.0010572051,0.0010690555,0.0,0.0010615138,0.0,0.0010317777,0.001012804,0.0010688466,0.001080118,0.0,0.0010615119,0.0010478462,0.0010404176,0.0010513181,0.0010572051,0.0010690555,0.0010732004,0.0010615122,0.0010478462,0.0010404177,0.0010513181,0.0010572051,0.001069056,0.0,0.0,0.0,0.0010317777,0.001012804,0.0010688466,0.0010912674,0.0010731874,0.0010615118,0.0,0.0010317777,0.001012804,0.0010688466,0.0010801195,0.0010731992,0.001061512,0.0010478459,0.0010688466,0.0,0.0010317777,0.0010128041,0.0,0.0010615118,0.0010478459,0.0010404176,0.0010513181,0.0010572051,0.001069057,0.0,0.0010615118,0.001047846,0.0010404176,0.0010513181,0.0010572051,0.0010690559,0.0,0.0010615126,0.0010478462,0.0010404176,0.0010513181,0.0010572051,0.0010690585,0.001073193,0.0010615118,0.0010478459,0.0010404176,0.0010513181,0.0010572051,0.001069056,0.0,0.0,0.0010478459,0.0010317777,0.0010222422,0.001032662,0.0011082107,0.0,0.0010615118,0.0010478459,0.0010404176,0.0010513181,0.0010572051,0.0010690555,0.0010733753,0.0010615143,0.0010478462,0.0010404176,0.0010513181,0.0010572051,0.0010690596
k__Bacteria|p__Firmicutes|c__Tissierellia|o__Tissierellales|f__Peptoniphilaceae|g__Anaerococcus|s__Anaerococcus_provencensis,0.0,0.0010600507,0.0010464458,0.001039138,0.0010502978,0.0010564312,0.0010684743,0.0,0.0010600509,0.0010464458,0.001039138,0.0010502978,0.0010564312,0.0010684743,0.0,0.0,0.0010464598,0.001030454,0.0010210334,0.0010317125,0.0011071973,0.0010717037,0.0,0.0010464458,0.001030444,0.0010210332,0.0010317125,0.0011071968,0.0,0.0,0.0010464458,0.001030444,0.0010210332,0.0010317125,0.0011071968,0.001071671,0.0010600509,0.0010464458,0.001039138,0.0010502978,0.0010564312,0.0010684741,0.0,0.0010600514,0.0010464458,0.001039138,0.0010502978,0.0010564312,0.0010684746,0.0010716711,0.0010600509,0.0010464458,0.001039138,0.0010502978,0.0010564312,0.0010684743,0.0,0.001060051,0.0010464464,0.001039138,0.0010502978,0.0010564312,0.0010684748,0.0,0.0010600509,0.0010464458,0.001039138,0.0010502978,0.0010564312,0.0010684743,0.0,0.0010600509,0.0,0.001030444,0.0010115424,0.0010674425,0.0010789733,0.0,0.0010600509,0.0010464458,0.001039138,0.0010502978,0.0010564312,0.0010684746,0.0,0.0,0.0,0.001030444,0.0010115424,0.0010674425,0.0010900646,0.0010716789,0.0010600509,0.0,0.001030444,0.0010115424,0.0010674425,0.0010789768,0.0010717256,0.0,0.0,0.001030444,0.0010115424,0.0010674425,0.0010900645,0.0010716907,0.0,0.0010464458,0.0,0.0010600509,0.0010464458,0.0010674424,0.0010716725,0.0,0.0,0.001030444,0.0010115424,0.0010674425,0.0010900646,0.0,0.0010600521,0.0,0.001030444,0.0010115424,0.0010674425,0.0010789719,0.0,0.0,0.001046447,0.0010600517,0.0,0.001030444,0.001060051,0.0010716901,0.001060051,0.0,0.001030444,0.0010115424,0.0010674425,0.0010789721,0.0,0.0,0.0010464459,0.001030444,0.0010210332,0.0010317125,0.0011071967,0.0,0.0,0.0010464458,0.0,0.0010600509,0.0010464458,0.0010674422,0.0,0.001060054,0.0,0.001060051,0.0,0.0010600509,0.0010464459,0.0,0.0,0.0010464627,0.0010304463,0.001021033,0.0010317125,0.0011071969,0.0,0.0010600794,0.0010600544,0.0010544442,0.0010658653,0.0,0.0009891472,0.0,0.0010600524,0.0010464465,0.0,0.0010600513,0.0010464459,0.00103914,0.0010716779,0.0010600509,0.0010464458,0.0,0.0010600509,0.0010464458,0.0010391384,0.0,0.0010600509,0.0010464459,0.001039138,0.0010502978,0.0010564312,0.0010684743,0.0010716713,0.0010600509,0.0010464458,0.001039138,0.0010502978,0.0010564312,0.0010684743,0.0010716912,0.0,0.0,0.001030444,0.0010115424,0.0010674425,0.0010900645,0.0010716736,0.0,0.0010464458,0.001030444,0.0010210332,0.0010317125,0.0011071968,0.0,0.001060051,0.0,0.001030444,0.0010115424,0.0010674425,0.0010789717,0.0010716862,0.0,0.0010464458,0.001030444,0.0010210332,0.0010317125,0.0011072009,0.0,0.0010600509,0.0010464458,0.001039138,0.0010502978,0.0010564312,0.0010684751,0.0010716721,0.0010600509,0.0010464458,0.001039138,0.0010502978,0.0010564312,0.0010684741,0.0,0.0010600514,0.0010464459,0.001039138,0.0010502978,0.0010564312,0.0010684743,0.0,0.0,0.0010464458,0.001030444,0.0010210332,0.0010317125,0.0011071969,0.001071673,0.0010600509,0.0,0.0,0.001060051,0.0010600509,0.0010544441,0.0010717037,0.0,0.0010464462,0.0,0.001060051,0.0010464458,0.0010674448,0.001071763,0.0,0.0010600509,0.0010464459,0.001039138,0.0,0.0010600511,0.0,0.0010600508,0.0,0.001030444,0.0010115424,0.0010674422,0.0010789771,0.0010716761,0.0,0.0010464458,0.001030444,0.001021033,0.001031713,0.0011072253,0.0010716872,0.0,0.0,0.001030444,0.0010115424,0.0010674425,0.0010900644,0.0,0.001060051,0.0010464459,0.001039138,0.0010502978,0.0010564312,0.0010684743,0.0010717035,0.0010600511,0.0010464459,0.0,0.0010600508,0.0010464458,0.0010391388,0.0010716721,0.0,0.0010464459,0.001030444,0.0010210332,0.0010317125,0.0011071975,0.0010716738,0.0,0.0010464459,0.001030444,0.001021033,0.0010317127,0.0011071974,0.0,0.001060051,0.001060051,0.0010544438,0.0010658652,0.0,0.0009891837,0.001071694,0.005117606,0.0010464459,0.001030444,0.0010210332,0.0010317125,0.0011071968,0.0010716745,0.0,0.0,0.001030444,0.0010115424,0.0010674425,0.001090065,0.0010717293,0.0010600513,0.0,0.0010304446,0.0010115424,0.0010674424,0.001078976,0.0,0.0010600509,0.0010464459,0.001039138,0.0010502978,0.0010564312,0.0010684741,0.0,0.0010600518,0.0,0.001030444,0.0010115424,0.0010674425,0.0010789719,0.0,0.0010600509,0.0010464459,0.001039138,0.0010502978,0.0010564312,0.0010684743,0.0010716792,0.001060051,0.0010464458,0.001039138,0.0010502978,0.0010564312,0.0010684747,0.0,0.0,0.0,0.001030444,0.0010115424,0.0010674425,0.0010900648,0.0010716708,0.0010600509,0.0,0.001030444,0.0010115424,0.0010674425,0.0010789724,0.0010716803,0.0010600509,0.0010464458,0.0010674425,0.0,0.001030444,0.0010115426,0.0,0.0010600509,0.0010464458,0.001039138,0.0010502978,0.0010564312,0.001068475,0.0,0.0010600509,0.0010464458,0.001039138,0.0010502978,0.0010564312,0.0010684744,0.0,0.001060051,0.0010464459,0.001039138,0.0010502978,0.0010564312,0.0010684759,0.0010716756,0.0010600509,0.0010464458,0.001039138,0.0010502978,0.0010564312,0.0010684745,0.0,0.0,0.0010464458,0.001030444,0.0010210332,0.0010317125,0.0011071967,0.0,0.0010600509,0.0010464458,0.001039138,0.0010502978,0.0010564312,0.0010684743,0.0010718767,0.0010600521,0.0010464458,0.0010391378,0.0010502978,0.0010564312,0.0010684764
k__Bacteria|p__Firmicutes|c__Bacilli|o__Bacillales|f__Staphylococcaceae|g__Staphylococcus|s__Staphylococcus_haemolyticus,0.0,0.0010588489,0.0010451172,0.0010376485,0.0010485676,0.0010544573,0.0010663477,0.0,0.0010588488,0.0010451172,0.0010376485,0.0010485676,0.0010544573,0.0010663475,0.0,0.0,0.0010451379,0.0010289988,0.0010194076,0.0010298346,0.001105811,0.0010706102,0.0,0.0010451172,0.0010289837,0.0010194068,0.0010298346,0.0011058097,0.0,0.0,0.0010451172,0.0010289837,0.0010194068,0.0010298346,0.0011058096,0.0010705903,0.0010588488,0.0010451172,0.0010376485,0.0010485676,0.0010544573,0.0010663474,0.0,0.0010588493,0.0010451172,0.0010376485,0.0010485676,0.0010544573,0.0010663484,0.0010705903,0.0010588488,0.0010451172,0.0010376485,0.0010485676,0.0010544573,0.0010663476,0.0,0.0010588492,0.0010451176,0.0010376486,0.0010485676,0.0010544573,0.0010663484,0.0,0.0010588488,0.0010451172,0.0010376485,0.0010485676,0.0010544573,0.0010663475,0.0,0.0010588488,0.0,0.0010289837,0.0010099476,0.0010662148,0.0010775285,0.0,0.0010588488,0.0010451172,0.0010376485,0.0010485676,0.0010544573,0.0010663487,0.0,0.0,0.0,0.0010289837,0.0010099476,0.0010662148,0.0010887557,0.0010705952,0.0010588488,0.0,0.0010289837,0.0010099476,0.0010662148,0.0010775378,0.0010706333,0.0,0.0,0.0010289839,0.0010099476,0.0010662148,0.0010887544,0.0010706058,0.0,0.0010451172,0.0,0.0010588488,0.0010451172,0.0010662148,0.0010705929,0.0,0.0,0.0010289837,0.0010099476,0.0010662148,0.0010887518,0.0,0.0010588509,0.0,0.0010289837,0.0010099476,0.0010662148,0.0010775262,0.0,0.0,0.0010451183,0.00105885,0.0,0.0010289837,0.0010588492,0.0010706143,0.0010588492,0.0,0.0010289837,0.0010099476,0.0010662148,0.0010775257,0.0,0.0,0.0010451175,0.0010289837,0.0010194068,0.0010298346,0.0011058106,0.0,0.0,0.0010451172,0.0,0.0010588488,0.0010451172,0.0010662149,0.0,0.0010588553,0.0,0.0010588492,0.0,0.0010588488,0.0010451172,0.0,0.0,0.0010451375,0.0010289878,0.0010194068,0.0010298346,0.0011058111,0.0,0.0010589054,0.0010588552,0.0010530886,0.0010642798,0.0,0.0009874234,0.0,0.001058852,0.0010451182,0.0,0.0010588494,0.0010451172,0.0010376528,0.0010705952,0.0010588488,0.0010451172,0.0,0.0010588488,0.0010451172,0.0010376504,0.0,0.0010588489,0.0010451172,0.0010376485,0.0010485676,0.0010544573,0.0010663475,0.0010705901,0.0010588488,0.0010451172,0.0010376485,0.0010485676,0.0010544573,0.0010663475,0.0010706051,0.0,0.0,0.0010289837,0.0010099476,0.0010662148,0.0010887516,0.001070594,0.0,0.0010451172,0.0010289837,0.0010194068,0.0010298346,0.0011058105,0.0,0.0010588489,0.0,0.0010289837,0.0010099476,0.0010662148,0.0010775256,0.0010706038,0.0,0.0010451172,0.0010289837,0.0010194068,0.0010298346,0.0011058234,0.0,0.0010588488,0.0010451172,0.0010376485,0.0010485676,0.0010544573,0.00106635,0.0010705902,0.0010588488,0.0010451172,0.0010376485,0.0010485676,0.0010544573,0.0010663474,0.0,0.0010588496,0.0010451172,0.0010376485,0.0010485676,0.0010544573,0.0010663477,0.0,0.0,0.0010451172,0.0010289837,0.0010194068,0.0010298346,0.0011058099,0.0010705917,0.0010588488,0.0,0.0,0.0010588489,0.0010588488,0.0010530888,0.0010706155,0.0,0.0010451175,0.0,0.0010588489,0.0010451172,0.0010662203,0.0010706634,0.0,0.0010588492,0.0010451172,0.0010376485,0.0,0.0010588502,0.0,0.0010588487,0.0,0.0010289837,0.0010099476,0.0010662149,0.001077535,0.001070594,0.0,0.0010451172,0.0010289837,0.0010194068,0.0010298351,0.0011059183,0.0010706047,0.0,0.0,0.0010289837,0.0010099476,0.0010662148,0.0010887515,0.0,0.0010588492,0.0010451172,0.0010376485,0.0010485676,0.0010544573,0.0010663475,0.0010705793,0.0010588488,0.0010451172,0.0,0.0010588488,0.0010451172,0.0010376499,0.0010705919,0.0,0.0010451172,0.0010289839,0.0010194068,0.0010298346,0.0011058138,0.0010705935,0.0,0.0010451172,0.0010289837,0.0010194068,0.0010298346,0.0011058128,0.0,0.001058849,0.0010588492,0.0010530881,0.00106428,0.0,0.0009874818,0.0010706114,0.0,0.0010451172,0.0010289837,0.0010194068,0.0010298346,0.0011058096,0.0010705956,0.0,0.0,0.0010289837,0.0010099476,0.0010662148,0.0010887545,0.0010706176,0.0010588496,0.0,0.0010289851,0.0010099477,0.0010662149,0.0010775375,0.0,0.0010588488,0.0010451172,0.0010376485,0.0010485676,0.0010544573,0.0010663474,0.0,0.0010588509,0.0,0.0010289837,0.0010099476,0.0010662148,0.0010775256,0.0,0.0010588492,0.0010451172,0.0010376485,0.0010485676,0.0010544573,0.0010663478,0.0010706026,0.001058849,0.0010451174,0.0010376489,0.0010485676,0.0010544573,0.0010663479,0.0,0.0,0.0,0.0010289837,0.0010099476,0.0010662148,0.0010887523,0.0010705899,0.0010588488,0.0,0.0010289837,0.0010099476,0.0010662148,0.0010775271,0.0010706009,0.0010588488,0.0010451172,0.0010662148,0.0,0.0010289837,0.0010099477,0.0,0.0010588488,0.0010451172,0.0010376485,0.0010485676,0.0010544573,0.001066349,0.0,0.0010588488,0.0010451172,0.0010376485,0.0010485676,0.0010544573,0.0010663482,0.0,0.0010588495,0.0010451172,0.0010376485,0.0010485676,0.0010544575,0.0010663513,0.0010705965,0.001058849,0.0010451172,0.0010376485,0.0010485676,0.0010544573,0.0010663483,0.0,0.0,0.0010451172,0.0010289837,0.0010194068,0.0010298346,0.0011058104,0.0,0.0010588488,0.0010451172,0.0010376485,0.0010485676,0.0010544573,0.0010663475,0.0010707817,0.0010588514,0.0010451174,0.0010376488,0.0010485676,0.0010544573,0.0010663527
k__Bacteria|p__Firmicutes|c__Clostridia|o__Eubacteriales|f__Lachnospiraceae|g__Anaerobutyricum|s__Anaerobutyricum_hallii,0.0,0.0010618024,0.0010479873,0.0010403338,0.0010508308,0.0010563236,0.0010678944,0.0,0.0010618026,0.0010479873,0.0010403338,0.0010508308,0.0010563236,0.0010678944,0.0,0.0,0.0010480051,0.0010317741,0.001021994,0.001032001,0.0011079832,0.0010736441,0.0,0.0010479873,0.0010317616,0.0010219932,0.001032001,0.0011079827,0.0,0.0,0.0010479873,0.0010317616,0.0010219932,0.001032001,0.0011079827,0.0010736189,0.0010618025,0.0010479873,0.0010403338,0.0010508308,0.0010563236,0.0010678943,0.0,0.0010618033,0.0010479876,0.0010403338,0.0010508308,0.0010563236,0.0010678947,0.001073619,0.0010618025,0.0010479873,0.0010403338,0.0010508308,0.0010563236,0.0010678944,0.0,0.0010618026,0.0010479882,0.0010403338,0.0010508308,0.0010563236,0.001067895,0.0,0.0010618026,0.0010479873,0.0010403338,0.0010508308,0.0010563236,0.0010678944,0.0,0.0010618026,0.0,0.0010317616,0.001012623,0.0010690695,0.0010799579,0.0,0.0010618025,0.0010479873,0.0010403338,0.0010508308,0.0010563236,0.0010678945,0.0,0.0,0.0,0.0010317616,0.001012623,0.0010690695,0.0010912563,0.0010736249,0.0010618026,0.0,0.0010317616,0.001012623,0.0010690695,0.0010799633,0.0010736786,0.0,0.0,0.0010317618,0.001012623,0.0010690695,0.0010912556,0.0010736395,0.0,0.0010479873,0.0,0.0010618025,0.0010479873,0.0010690696,0.0010736218,0.0,0.0,0.0010317616,0.001012623,0.0010690695,0.0010912544,0.0,0.001061804,0.0,0.0010317616,0.001012623,0.0010690695,0.0010799564,0.0,0.0,0.0010479885,0.0010618038,0.0,0.0010317616,0.0010618026,0.0010736432,0.0010618026,0.0,0.0010317616,0.001012623,0.0010690695,0.0010799562,0.0,0.0,0.0010479876,0.0010317616,0.0010219932,0.001032001,0.0011079833,0.0,0.0,0.0010479873,0.0,0.0010618025,0.0010479873,0.0010690695,0.0,0.0010618068,0.0,0.0010618026,0.0,0.0010618025,0.0010479874,0.0,0.0,0.001048008,0.001031765,0.0010219932,0.001032001,0.0011079833,0.0,0.0010618491,0.0010618074,0.0010558628,0.0010666307,0.0,0.0009899776,0.0,0.0010618053,0.0010479885,0.0,0.001061803,0.0010479876,0.0010403367,0.0010736238,0.0010618025,0.0010479873,0.0,0.0010618025,0.0010479873,0.001040335,0.0,0.0010618026,0.0010479874,0.0010403338,0.0010508308,0.0010563236,0.0010678944,0.0010736189,0.0010618025,0.0010479873,0.0010403338,0.0010508308,0.0010563236,0.0010678944,0.0010736428,0.0,0.0,0.0010317616,0.001012623,0.0010690695,0.0010912542,0.0010736247,0.0,0.0010479873,0.0010317616,0.0010219932,0.001032001,0.001107983,0.0,0.0010618026,0.0,0.0010317616,0.001012623,0.0010690695,0.0010799561,0.0010736304,0.0,0.0010479873,0.0010317616,0.0010219932,0.001032001,0.0011079907,0.0,0.0010618025,0.0010479873,0.0010403338,0.0010508308,0.0010563236,0.0010678959,0.0010736194,0.0010618025,0.0010479873,0.0010403338,0.0010508308,0.0010563236,0.0010678943,0.0,0.0010618031,0.0010479876,0.0010403338,0.0010508308,0.0010563236,0.0010678944,0.0,0.0,0.0010479873,0.0010317616,0.0010219932,0.001032001,0.0011079826,0.0010736204,0.0010618025,0.0,0.0,0.0010618026,0.0010618026,0.0010558629,0.0010736461,0.0,0.0010479876,0.0,0.0010618026,0.0010479873,0.0010690731,0.0010737116,0.0,0.0010618026,0.0010479876,0.0010403338,0.0,0.0010618031,0.0,0.0010618024,0.0,0.0010317616,0.001012623,0.0010690696,0.0010799601,0.0010736235,0.0,0.0010479873,0.0010317616,0.0010219932,0.0010320015,0.0011080418,0.0010736336,0.0,0.0,0.0010317616,0.001012623,0.0010690695,0.0010912542,0.0,0.0010618026,0.0010479874,0.0010403338,0.0010508308,0.0010563236,0.0010678944,0.0010736134,0.0010618026,0.0010479873,0.0,0.0010618025,0.0010479873,0.0010403348,0.0010736211,0.0,0.0010479876,0.001031762,0.0010219932,0.001032001,0.0011079845,0.001073622,0.0,0.0010479874,0.0010317616,0.0010219932,0.0010320011,0.0011079843,0.0,0.0010618026,0.0010618027,0.0010558624,0.0010666307,0.0,0.0009900184,0.0010736495,0.0,0.0010479873,0.0010317616,0.0010219932,0.001032001,0.0011079827,0.001073623,0.0,0.0,0.0010317616,0.001012623,0.0010690695,0.0010912557,0.0010736688,0.0010618034,0.0,0.0010317628,0.001012623,0.0010690696,0.0010799634,0.0,0.0010618025,0.0010479873,0.0010403338,0.0010508308,0.0010563236,0.0010678943,0.0,0.0010618038,0.0,0.0010317616,0.001012623,0.0010690695,0.0010799561,0.0,0.0010618026,0.0010479876,0.0010403338,0.0010508308,0.0010563236,0.0010678945,0.001073631,0.0010618025,0.0010479876,0.0010403341,0.0010508308,0.0010563236,0.0010678946,0.0,0.0,0.0,0.0010317616,0.001012623,0.0010690695,0.0010912548,0.0010736188,0.0010618025,0.0,0.0010317616,0.001012623,0.0010690695,0.0010799569,0.001073629,0.0010618025,0.0010479873,0.0010690695,0.0,0.0010317616,0.0010126232,0.0,0.0010618025,0.0010479873,0.0010403338,0.0010508308,0.0010563236,0.0010678951,0.0,0.0010618025,0.0010479873,0.0010403338,0.0010508308,0.0010563236,0.0010678945,0.0,0.0010618032,0.0010479876,0.0010403338,0.0010508308,0.0010563236,0.0010678957,0.0010736277,0.0010618025,0.0010479873,0.0010403338,0.0010508308,0.0010563236,0.0010678949,0.0,0.0,0.0010479873,0.0010317616,0.0010219932,0.001032001,0.0011079831,0.0,0.0010618025,0.0010479873,0.0010403338,0.0010508308,0.0010563236,0.0010678944,0.0010737783,0.0010618044,0.0010479876,0.0010403336,0.0010508308,0.0010563236,0.0010678965
k__Bacteria|p__Firmicutes|c__Clostridia|o__Eubacteriales|f__Lachnospiraceae|g__Dorea|s__Dorea_phocaeensis,0.0,0.0010580511,0.0010444929,0.0010372965,0.0010487183,0.0010550976,0.001067341,0.0,0.0010580509,0.0010444929,0.0010372965,0.0010487183,0.0010550976,0.0010673411,0.0,0.0,0.0010445083,0.0010285538,0.0010192492,0.0010301882,0.0011056968,0.0010696631,0.0,0.0010444929,0.0010285437,0.0010192483,0.0010301882,0.0011056958,0.0,0.0,0.001044493,0.0010285437,0.0010192483,0.0010301882,0.0011056961,0.0010696291,0.0010580508,0.0010444929,0.0010372965,0.0010487183,0.0010550976,0.0010673411,0.0,0.0010580515,0.001044493,0.0010372965,0.0010487183,0.0010550976,0.001067342,0.0010696289,0.0010580508,0.0010444929,0.0010372965,0.0010487183,0.0010550976,0.001067341,0.0,0.0010580512,0.0010444939,0.0010372966,0.0010487183,0.0010550976,0.0010673415,0.0,0.0010580509,0.0010444929,0.0010372965,0.0010487183,0.0010550976,0.0010673412,0.0,0.0010580509,0.0,0.0010285437,0.0010097015,0.0010655053,0.0010773015,0.0,0.0010580508,0.0010444929,0.0010372965,0.0010487183,0.0010550976,0.0010673413,0.0,0.0,0.0,0.0010285437,0.0010097015,0.0010655053,0.0010883542,0.0010696385,0.0010580509,0.0,0.0010285437,0.0010097015,0.0010655053,0.0010773076,0.001069706,0.0,0.0,0.0010285438,0.0010097015,0.0010655053,0.0010883539,0.0010696525,0.0,0.0010444929,0.0,0.0010580508,0.0010444929,0.0010655056,0.0010696322,0.0,0.0,0.0010285437,0.0010097015,0.0010655053,0.0010883528,0.0,0.0010580525,0.0,0.0010285437,0.0010097015,0.0010655053,0.0010772997,0.0,0.0,0.0010444943,0.0010580526,0.0,0.0010285437,0.0010580511,0.0010696547,0.0010580512,0.0,0.0010285437,0.0010097015,0.0010655053,0.0010772994,0.0,0.0,0.0010444932,0.0010285437,0.0010192483,0.0010301882,0.0011056962,0.0,0.0,0.0010444929,0.0,0.0010580508,0.0010444929,0.0010655056,0.0,0.0010580546,0.0,0.0010580509,0.0,0.0010580508,0.0010444932,0.0,0.0,0.0010445119,0.0010285464,0.0010192484,0.0010301882,0.0011056967,0.0,0.0010580845,0.001058055,0.0010525527,0.0010642369,0.0,0.0009873757,0.0,0.0010580535,0.001044494,0.0,0.0010580514,0.0010444932,0.0010372995,0.001069635,0.0010580508,0.0010444929,0.0,0.0010580508,0.0010444929,0.0010372977,0.0,0.001058051,0.0010444929,0.0010372965,0.0010487183,0.0010550976,0.001067341,0.0010696289,0.0010580508,0.0010444929,0.0010372965,0.0010487183,0.0010550976,0.0010673412,0.0010696619,0.0,0.0,0.0010285437,0.0010097015,0.0010655053,0.0010883526,0.0010696348,0.0,0.0010444929,0.0010285437,0.0010192483,0.0010301882,0.0011056963,0.0,0.0010580509,0.0,0.0010285437,0.0010097015,0.0010655053,0.0010772992,0.0010696456,0.0,0.0010444929,0.0010285437,0.0010192483,0.0010301882,0.0011057032,0.0,0.0010580508,0.0010444929,0.0010372965,0.0010487183,0.0010550976,0.0010673428,0.0010696298,0.0010580508,0.0010444929,0.0010372965,0.0010487183,0.0010550976,0.0010673411,0.0,0.0010580514,0.0010444932,0.0010372965,0.0010487183,0.0010550976,0.001067341,0.0,0.0,0.0010444929,0.0010285437,0.0010192483,0.0010301882,0.0011056961,0.0010696306,0.0010580508,0.0,0.0,0.0010580509,0.0010580509,0.0010525527,0.0010696645,0.0,0.0010444933,0.0,0.0010580509,0.0010444929,0.001065509,0.0010697413,0.0,0.0010580511,0.0010444932,0.0010372965,0.0,0.0010580517,0.0,0.0010580507,0.0,0.0010285437,0.0010097015,0.0010655053,0.001077308,0.0010696361,0.0,0.0010444929,0.0010285437,0.0010192484,0.0010301888,0.0011057499,0.0010696474,0.0,0.0,0.0010285437,0.0010097015,0.0010655053,0.0010883526,0.0,0.0010580509,0.0010444929,0.0010372965,0.0010487183,0.0010550976,0.0010673411,0.0010696305,0.0010580511,0.0010444929,0.0,0.0010580508,0.0010444929,0.0010372979,0.0010696317,0.0,0.0010444929,0.0010285442,0.0010192483,0.0010301882,0.0011056981,0.0010696325,0.0,0.0010444932,0.0010285437,0.0010192484,0.0010301883,0.0011056984,0.0,0.0010580511,0.0010580512,0.0010525523,0.0010642369,0.0,0.0009874162,0.0010696631,0.0,0.0010444929,0.0010285437,0.0010192483,0.0010301882,0.0011056957,0.0010696329,0.0,0.0,0.0010285437,0.0010097015,0.0010655053,0.001088354,0.0010697048,0.001058052,0.0,0.001028545,0.0010097016,0.0010655057,0.0010773074,0.0,0.0010580509,0.0010444929,0.0010372965,0.0010487183,0.0010550976,0.0010673411,0.0,0.001058052,0.0,0.0010285437,0.0010097015,0.0010655053,0.0010772992,0.0,0.0010580509,0.0010444932,0.0010372965,0.0010487183,0.0010550976,0.0010673411,0.0010696445,0.001058051,0.001044493,0.0010372966,0.0010487183,0.0010550976,0.0010673413,0.0,0.0,0.0,0.0010285437,0.0010097015,0.0010655053,0.0010883532,0.0010696287,0.0010580508,0.0,0.0010285437,0.0010097015,0.0010655053,0.0010773005,0.0010696414,0.0010580509,0.0010444929,0.0010655053,0.0,0.0010285437,0.0010097016,0.0,0.0010580508,0.0010444929,0.0010372965,0.0010487183,0.0010550976,0.0010673419,0.0,0.0010580508,0.0010444929,0.0010372965,0.0010487183,0.0010550976,0.0010673412,0.0,0.0010580516,0.0010444929,0.0010372965,0.0010487183,0.0010550976,0.0010673432,0.0010696381,0.0010580508,0.0010444929,0.0010372965,0.0010487183,0.0010550976,0.0010673415,0.0,0.0,0.0010444929,0.0010285437,0.0010192483,0.0010301882,0.0011056964,0.0,0.0010580508,0.0010444929,0.0010372965,0.0010487183,0.0010550976,0.0010673412,0.0010697918,0.0010580525,0.001044493,0.0010372966,0.0010487183,0.0010550976,0.0010673436
k__Bacteria|p__Firmicutes|c__Clostridia|o__Eubacteriales|f__Oscillospiraceae|g__Neobittarella|s__Neobittarella_massiliensis,0.0,0.0010605325,0.0010470959,0.0010400253,0.0010515846,0.0010581138,0.0010704264,0.0,0.0010605325,0.0010470959,0.0010400253,0.0010515846,0.0010581138,0.0010704261,0.0,0.0,0.0010471212,0.0010312883,0.0010221066,0.0010331968,0.0011081217,0.0010720456,0.0,0.0010470959,0.0010312708,0.0010221055,0.0010331968,0.0011081208,0.0,0.0,0.0010470959,0.0010312708,0.0010221055,0.0010331968,0.0011081209,0.0010719935,0.0010605324,0.0010470959,0.0010400253,0.0010515846,0.0010581138,0.001070426,0.0,0.0010605331,0.0010470962,0.0010400253,0.0010515846,0.0010581138,0.0010704268,0.0010719933,0.0010605324,0.0010470959,0.0010400253,0.0010515846,0.0010581138,0.0010704264,0.0,0.0010605329,0.0010470969,0.0010400253,0.0010515846,0.0010581138,0.0010704272,0.0,0.0010605328,0.0010470959,0.0010400253,0.0010515846,0.0010581138,0.0010704261,0.0,0.0010605325,0.0,0.0010312708,0.0010125524,0.0010679824,0.0010798887,0.0,0.0010605324,0.0010470959,0.0010400253,0.0010515846,0.0010581138,0.0010704268,0.0,0.0,0.0,0.0010312708,0.0010125524,0.0010679824,0.001090809,0.0010720071,0.0010605325,0.0,0.0010312708,0.0010125524,0.0010679824,0.0010798962,0.0010720886,0.0,0.0,0.0010312708,0.0010125524,0.0010679824,0.0010908084,0.0010720284,0.0,0.0010470959,0.0,0.0010605324,0.0010470959,0.0010679825,0.0010719979,0.0,0.0,0.0010312708,0.0010125524,0.0010679824,0.0010908068,0.0,0.001060535,0.0,0.0010312708,0.0010125524,0.0010679824,0.0010798869,0.0,0.0,0.0010470974,0.0010605343,0.0,0.0010312708,0.0010605329,0.0010720326,0.0010605329,0.0,0.0010312707,0.0010125524,0.0010679824,0.0010798866,0.0,0.0,0.0010470963,0.0010312708,0.0010221055,0.0010331968,0.0011081212,0.0,0.0,0.0010470959,0.0,0.0010605324,0.0010470959,0.0010679825,0.0,0.0010605389,0.0,0.0010605325,0.0,0.0010605324,0.001047096,0.0,0.0,0.0010471251,0.0010312754,0.0010221058,0.0010331968,0.0011081218,0.0,0.0010605968,0.0010605399,0.0010551541,0.0010669619,0.0,0.0009903506,0.0,0.0010605358,0.0010470973,0.0,0.0010605331,0.001047096,0.0010400289,0.0010720044,0.0010605324,0.0010470959,0.0,0.0010605324,0.0010470959,0.0010400263,0.0,0.0010605328,0.001047096,0.0010400253,0.0010515846,0.0010581138,0.0010704263,0.0010719933,0.0010605324,0.0010470959,0.0010400253,0.0010515846,0.0010581138,0.0010704261,0.0010720307,0.0,0.0,0.0010312708,0.0010125524,0.0010679824,0.0010908067,0.0010720012,0.0,0.0010470959,0.0010312708,0.0010221055,0.0010331968,0.0011081214,0.0,0.0010605325,0.0,0.0010312708,0.0010125524,0.0010679824,0.0010798867,0.001072019,0.0,0.0010470959,0.0010312708,0.0010221055,0.0010331968,0.0011081302,0.0,0.0010605324,0.0010470959,0.0010400253,0.0010515846,0.0010581138,0.0010704278,0.0010719947,0.0010605324,0.0010470959,0.0010400253,0.0010515846,0.0010581138,0.001070426,0.0,0.0010605332,0.0010470962,0.0010400253,0.0010515846,0.0010581138,0.0010704264,0.0,0.0,0.0010470959,0.0010312708,0.0010221055,0.0010331968,0.0011081211,0.001071997,0.0010605324,0.0,0.0,0.0010605325,0.0010605325,0.0010551539,0.0010720505,0.0,0.0010470966,0.0,0.0010605328,0.0010470959,0.0010679862,0.0010721436,0.0,0.0010605328,0.001047096,0.0010400253,0.0,0.0010605332,0.0,0.0010605323,0.0,0.0010312708,0.0010125524,0.0010679825,0.0010798943,0.0010720025,0.0,0.0010470959,0.0010312708,0.0010221056,0.0010331972,0.001108192,0.0010720195,0.0,0.0,0.0010312708,0.0010125524,0.0010679824,0.0010908064,0.0,0.0010605328,0.001047096,0.0010400253,0.0010515846,0.0010581138,0.0010704261,0.0010720285,0.0010605326,0.001047096,0.0,0.0010605326,0.0010470959,0.0010400269,0.0010719965,0.0,0.001047096,0.001031271,0.0010221055,0.0010331968,0.0011081235,0.0010719991,0.0,0.001047096,0.0010312707,0.0010221058,0.0010331968,0.001108123,0.0,0.0010605326,0.0010605329,0.0010551534,0.001066962,0.0,0.0009903999,0.0010720398,0.0,0.001047096,0.0010312708,0.0010221055,0.0010331968,0.0011081209,0.0010720014,0.0,0.0,0.0010312708,0.0010125524,0.0010679824,0.0010908087,0.0010720864,0.0010605335,0.0,0.0010312721,0.0010125531,0.0010679826,0.001079895,0.0,0.0010605325,0.0010470962,0.0010400253,0.0010515846,0.0010581138,0.001070426,0.0,0.0010605345,0.0,0.0010312708,0.0010125524,0.0010679824,0.0010798867,0.0,0.0010605329,0.0010470963,0.0010400253,0.0010515846,0.0010581138,0.0010704264,0.0010720125,0.0010605326,0.0010470962,0.0010400256,0.0010515846,0.0010581138,0.0010704265,0.0,0.0,0.0,0.0010312708,0.0010125524,0.0010679824,0.001090807,0.0010719928,0.0010605324,0.0,0.0010312708,0.0010125524,0.0010679824,0.0010798877,0.0010720115,0.0010605325,0.0010470959,0.0010679824,0.0,0.0010312708,0.001012553,0.0,0.0010605324,0.0010470959,0.0010400253,0.0010515846,0.0010581138,0.001070427,0.0,0.0010605326,0.0010470959,0.0010400253,0.0010515846,0.0010581138,0.0010704264,0.0,0.0010605335,0.001047096,0.0010400253,0.0010515846,0.0010581138,0.0010704285,0.0010720061,0.0010605324,0.0010470959,0.0010400253,0.0010515846,0.0010581138,0.0010704267,0.0,0.0,0.0010470959,0.0010312708,0.0010221055,0.0010331968,0.0011081215,0.0,0.0010605324,0.0010470959,0.0010400253,0.0010515846,0.0010581138,0.0010704261,0.0010722897,0.0010605351,0.0010470962,0.0010400253,0.0010515846,0.0010581138,0.0010704295
k__Bacteria|p__Firmicutes|c__Clostridia|o__Eubacteriales|f__Oscillospiraceae|g__Ruminococcus|s__Ruminococcus_sp_AF13_28,0.0,0.0010607493,0.0010470538,0.0010395984,0.0010504763,0.0010563377,0.0010681807,0.0,0.0010607494,0.0010470538,0.0010395984,0.0010504763,0.0010563377,0.0010681803,0.0,0.0,0.0010470792,0.0010309736,0.001021393,0.0010317861,0.0011074903,0.0010724902,0.0,0.0010470538,0.0010309556,0.0010213921,0.0010317861,0.0011074893,0.0,0.0,0.0010470538,0.0010309556,0.0010213921,0.0010317861,0.0011074893,0.0010724544,0.0010607493,0.0010470538,0.0010395984,0.0010504763,0.0010563377,0.0010681802,0.0,0.0010607505,0.0010470541,0.0010395984,0.0010504763,0.0010563377,0.001068181,0.0010724545,0.0010607493,0.0010470538,0.0010395984,0.0010504763,0.0010563377,0.0010681807,0.0,0.0010607498,0.0010470547,0.0010395985,0.0010504767,0.0010563377,0.0010681812,0.0,0.0010607494,0.0010470538,0.0010395984,0.0010504763,0.0010563377,0.0010681803,0.0,0.0010607494,0.0,0.0010309556,0.0010119521,0.0010680885,0.0010793483,0.0,0.0010607493,0.0010470538,0.0010395983,0.0010504763,0.0010563377,0.001068181,0.0,0.0,0.0,0.0010309556,0.0010119521,0.0010680887,0.0010905298,0.001072463,0.0010607494,0.0,0.0010309556,0.0010119521,0.0010680887,0.0010793566,0.0010725323,0.0,0.0,0.0010309559,0.0010119521,0.0010680885,0.0010905288,0.0010724792,0.0,0.0010470538,0.0,0.0010607493,0.0010470538,0.0010680887,0.0010724578,0.0,0.0,0.0010309556,0.0010119521,0.0010680885,0.001090527,0.0,0.0010607518,0.0,0.0010309556,0.0010119521,0.0010680885,0.0010793459,0.0,0.0,0.001047056,0.0010607516,0.0,0.0010309556,0.0010607495,0.00107249,0.0010607498,0.0,0.0010309558,0.0010119521,0.0010680885,0.0010793456,0.0,0.0,0.0010470541,0.0010309556,0.0010213921,0.0010317861,0.0011074897,0.0,0.0,0.0010470538,0.0,0.0010607493,0.0010470538,0.0010680887,0.0,0.0010607565,0.0,0.0010607495,0.0,0.0010607493,0.001047054,0.0,0.0,0.0010470854,0.0010309605,0.0010213923,0.0010317861,0.0011074904,0.0,0.0010608119,0.0010607566,0.0010550013,0.0010661443,0.0,0.0009894565,0.0,0.0010607534,0.0010470556,0.0,0.0010607501,0.001047054,0.0010396021,0.0010724623,0.0010607493,0.0010470538,0.0,0.0010607493,0.0010470538,0.0010395998,0.0,0.0010607495,0.001047054,0.0010395983,0.0010504763,0.0010563377,0.0010681805,0.0010724541,0.0010607493,0.0010470538,0.0010395984,0.0010504763,0.0010563377,0.0010681807,0.0010724871,0.0,0.0,0.0010309556,0.0010119521,0.0010680885,0.0010905269,0.001072461,0.0,0.0010470538,0.0010309556,0.0010213921,0.0010317861,0.0011074898,0.0,0.0010607495,0.0,0.0010309556,0.0010119521,0.0010680885,0.0010793455,0.0010724722,0.0,0.0010470538,0.0010309556,0.0010213921,0.0010317861,0.0011074997,0.0,0.0010607493,0.0010470538,0.0010395984,0.0010504763,0.0010563377,0.0010681826,0.001072455,0.0010607493,0.0010470538,0.0010395984,0.0010504763,0.0010563377,0.0010681802,0.0,0.0010607502,0.001047054,0.0010395983,0.0010504763,0.0010563377,0.0010681807,0.0,0.0,0.0010470538,0.0010309556,0.0010213921,0.0010317861,0.0011074895,0.0010724561,0.0010607493,0.0,0.0,0.0010607495,0.0010607494,0.0010550008,0.0010724931,0.0,0.0010470542,0.0,0.0010607495,0.0010470538,0.0010680926,0.0010725695,0.0,0.0010607498,0.001047054,0.0010395983,0.0,0.0010607506,0.0,0.0010607493,0.0,0.0010309556,0.0010119521,0.0010680886,0.0010793529,0.0010724618,0.0,0.0010470538,0.0010309556,0.0010213923,0.0010317867,0.0011075739,0.0010724785,0.0,0.0,0.0010309556,0.0010119521,0.0010680885,0.0010905266,0.0,0.0010607495,0.001047054,0.0010395984,0.0010504763,0.0010563377,0.0010681803,0.0010724496,0.0010607494,0.001047054,0.0,0.0010607494,0.0010470538,0.0010395999,0.0010724567,0.0,0.001047054,0.0010309559,0.0010213921,0.0010317861,0.0011074925,0.0010724587,0.0,0.001047054,0.0010309556,0.0010213923,0.0010317863,0.001107492,0.0,0.0010607498,0.0010607499,0.0010550003,0.0010661446,0.0,0.0009895129,0.0010724904,0.0,0.001047054,0.0010309556,0.0010213921,0.0010317861,0.0011074893,0.0010724597,0.0,0.0,0.0010309556,0.0010119521,0.0010680887,0.0010905291,0.0010725253,0.0010607508,0.0,0.0010309572,0.0010119525,0.0010680887,0.0010793558,0.0,0.0010607494,0.001047054,0.0010395983,0.0010504763,0.0010563377,0.0010681802,0.0,0.0010607514,0.0,0.0010309556,0.0010119521,0.0010680885,0.0010793455,0.0,0.0010607495,0.0010470541,0.0010395983,0.0010504763,0.0010563377,0.0010681807,0.0010724701,0.0010607496,0.0010470541,0.0010395987,0.0010504767,0.0010563377,0.0010681811,0.0,0.0,0.0,0.0010309556,0.0010119521,0.0010680885,0.0010905274,0.001072454,0.0010607493,0.0,0.0010309556,0.0010119521,0.0010680885,0.0010793466,0.0010724696,0.0010607494,0.0010470538,0.0010680885,0.0,0.0010309556,0.0010119526,0.0,0.0010607493,0.0010470538,0.0010395983,0.0010504763,0.0010563377,0.0010681816,0.0,0.0010607493,0.0010470538,0.0010395983,0.0010504763,0.0010563377,0.0010681809,0.0,0.0010607505,0.001047054,0.0010395983,0.0010504763,0.0010563377,0.0010681832,0.0010724647,0.0010607493,0.0010470538,0.0010395983,0.0010504763,0.0010563377,0.0010681811,0.0,0.0,0.0010470538,0.0010309556,0.0010213921,0.0010317861,0.0011074897,0.0,0.0010607493,0.0010470538,0.0010395984,0.0010504763,0.0010563377,0.0010681803,0.0010726751,0.0010607521,0.0010470542,0.0010395983,0.0010504767,0.0010563377,0.0010681842
k__Bacteria|p__Firmicutes|c__Clostridia|o__Eubacteriales|f__Eubacteriales_Family_XIII_Incertae_Sedis|g__Mogibacterium|s__Mogibacterium_sp_NSJ_24,0.0,0.0010590571,0.001045313,0.0010378219,0.0010486946,0.00105454,0.0010663958,0.0,0.0010590571,0.001045313,0.0010378219,0.0010486946,0.00105454,0.0010663961,0.0,0.0,0.0010453191,0.0010291723,0.001019566,0.0010299471,0.0011059416,0.0010708072,0.0,0.001045313,0.0010291664,0.001019566,0.0010299471,0.0011059425,0.0,0.0,0.001045313,0.0010291664,0.001019566,0.0010299471,0.0011059425,0.0010708096,0.001059057,0.001045313,0.0010378219,0.0010486946,0.00105454,0.001066396,0.0,0.0010590573,0.0010453131,0.0010378219,0.0010486946,0.00105454,0.0010663954,0.0010708096,0.001059057,0.001045313,0.0010378219,0.0010486946,0.00105454,0.0010663959,0.0,0.0010590572,0.0010453128,0.0010378218,0.0010486946,0.00105454,0.0010663959,0.0,0.0010590571,0.001045313,0.0010378219,0.0010486946,0.00105454,0.0010663961,0.0,0.0010590571,0.0,0.0010291664,0.0010101157,0.0010664134,0.0010776777,0.0,0.001059057,0.001045313,0.0010378219,0.0010486946,0.00105454,0.0010663952,0.0,0.0,0.0,0.0010291664,0.0010101157,0.0010664134,0.0010889153,0.001070808,0.0010590571,0.0,0.0010291664,0.0010101157,0.0010664134,0.001077673,0.0010707946,0.0,0.0,0.0010291664,0.0010101157,0.0010664134,0.0010889154,0.0010708082,0.0,0.001045313,0.0,0.001059057,0.001045313,0.0010664131,0.0010708094,0.0,0.0,0.0010291664,0.0010101157,0.0010664134,0.0010889159,0.0,0.0010590572,0.0,0.0010291664,0.0010101157,0.0010664134,0.0010776778,0.0,0.0,0.0010453134,0.0010590572,0.0,0.0010291664,0.001059057,0.0010708147,0.0010590572,0.0,0.0010291663,0.0010101157,0.0010664134,0.0010776783,0.0,0.0,0.0010453131,0.0010291664,0.001019566,0.0010299471,0.0011059425,0.0,0.0,0.001045313,0.0,0.001059057,0.001045313,0.0010664131,0.0,0.0010590581,0.0,0.0010590571,0.0,0.001059057,0.001045313,0.0,0.0,0.0010453211,0.0010291674,0.001019566,0.0010299471,0.0011059417,0.0,0.0010590737,0.001059058,0.0010532743,0.0010644199,0.0,0.0009875542,0.0,0.0010590574,0.0010453131,0.0,0.0010590572,0.001045313,0.0010378214,0.00107081,0.001059057,0.001045313,0.0,0.001059057,0.001045313,0.0010378219,0.0,0.0010590573,0.001045313,0.0010378219,0.0010486946,0.00105454,0.0010663958,0.0010708096,0.001059057,0.001045313,0.0010378219,0.0010486946,0.00105454,0.0010663961,0.0010708079,0.0,0.0,0.0010291664,0.0010101157,0.0010664134,0.0010889159,0.0010708086,0.0,0.001045313,0.0010291664,0.001019566,0.0010299471,0.001105942,0.0,0.0010590571,0.0,0.0010291664,0.0010101157,0.0010664134,0.0010776782,0.0010708055,0.0,0.001045313,0.0010291664,0.001019566,0.0010299471,0.001105937,0.0,0.001059057,0.001045313,0.0010378219,0.0010486946,0.00105454,0.0010663951,0.0010708096,0.001059057,0.001045313,0.0010378219,0.0010486946,0.00105454,0.001066396,0.0,0.0010590573,0.001045313,0.0010378219,0.0010486946,0.00105454,0.0010663955,0.0,0.0,0.001045313,0.0010291664,0.001019566,0.0010299471,0.0011059425,0.00107081,0.001059057,0.0,0.0,0.0010590571,0.0010590571,0.0010532746,0.0010708105,0.0,0.0010453131,0.0,0.0010590571,0.001045313,0.0010664117,0.0010707893,0.0,0.0010590572,0.001045313,0.0010378219,0.0,0.001059057,0.0,0.0010590568,0.0,0.0010291664,0.0010101157,0.0010664134,0.0010776726,0.0010708098,0.0,0.001045313,0.0010291664,0.001019566,0.0010299472,0.0011058996,0.0010708098,0.0,0.0,0.0010291664,0.0010101157,0.0010664134,0.0010889161,0.0,0.0010590571,0.001045313,0.0010378219,0.0010486946,0.00105454,0.0010663958,0.0010708136,0.0010590572,0.001045313,0.0,0.0010590571,0.001045313,0.0010378218,0.0010708093,0.0,0.001045313,0.0010291664,0.001019566,0.0010299471,0.0011059407,0.0010708094,0.0,0.001045313,0.0010291663,0.001019566,0.0010299471,0.0011059403,0.0,0.0010590572,0.0010590572,0.0010532744,0.0010644197,0.0,0.0009875651,0.0010708102,0.0,0.001045313,0.0010291664,0.001019566,0.0010299471,0.0011059425,0.00107081,0.0,0.0,0.0010291664,0.0010101157,0.0010664134,0.0010889153,0.0010707948,0.001059057,0.0,0.0010291665,0.0010101157,0.0010664131,0.0010776756,0.0,0.0010590572,0.001045313,0.0010378219,0.0010486946,0.00105454,0.001066396,0.0,0.0010590577,0.0,0.0010291664,0.0010101157,0.0010664134,0.0010776782,0.0,0.0010590572,0.0010453131,0.0010378219,0.0010486946,0.00105454,0.0010663959,0.0010708057,0.0010590568,0.0010453127,0.0010378219,0.0010486944,0.00105454,0.0010663954,0.0,0.0,0.0,0.0010291664,0.0010101157,0.0010664134,0.0010889159,0.0010708093,0.001059057,0.0,0.0010291664,0.0010101157,0.0010664134,0.0010776776,0.0010708106,0.0010590572,0.001045313,0.0010664134,0.0,0.0010291664,0.0010101158,0.0,0.001059057,0.001045313,0.0010378219,0.0010486946,0.00105454,0.0010663953,0.0,0.001059057,0.001045313,0.0010378219,0.0010486946,0.00105454,0.0010663957,0.0,0.0010590571,0.001045313,0.0010378219,0.0010486944,0.00105454,0.0010663938,0.001070809,0.001059057,0.001045313,0.0010378219,0.0010486946,0.00105454,0.0010663955,0.0,0.0,0.001045313,0.0010291664,0.001019566,0.0010299471,0.001105942,0.0,0.001059057,0.001045313,0.0010378219,0.0010486946,0.00105454,0.0010663961,0.0010708167,0.0010590577,0.001045313,0.001037822,0.0010486946,0.00105454,0.0010663938
k__Bacteria|p__Firmicutes|c__Clostridia|o__Eubacteriales|f__Lachnospiraceae|g__Mediterraneibacter|s__Mediterraneibacter_SGB48424,0.0,0.0010587458,0.0010453089,0.001038276,0.0010499613,0.0010566034,0.001069021,0.0,0.0010587458,0.0010453089,0.001038276,0.0010499613,0.0010566034,0.0010690208,0.0,0.0,0.0010453243,0.0010294977,0.0010203611,0.0010315729,0.0011066488,0.0010702458,0.0,0.0010453089,0.0010294865,0.0010203605,0.0010315729,0.0011066484,0.0,0.0,0.0010453089,0.0010294865,0.0010203605,0.0010315729,0.0011066484,0.0010702085,0.0010587455,0.0010453089,0.001038276,0.0010499613,0.0010566034,0.0010690205,0.0,0.0010587462,0.0010453092,0.001038276,0.0010499613,0.0010566034,0.0010690215,0.0010702086,0.0010587455,0.0010453089,0.001038276,0.0010499613,0.0010566034,0.001069021,0.0,0.0010587459,0.0010453096,0.0010382762,0.0010499613,0.0010566034,0.0010690212,0.0,0.0010587458,0.0010453089,0.001038276,0.0010499613,0.0010566034,0.0010690208,0.0,0.0010587458,0.0,0.0010294865,0.0010107748,0.0010662347,0.0010782741,0.0,0.0010587455,0.0010453089,0.001038276,0.0010499613,0.0010566034,0.0010690208,0.0,0.0,0.0,0.0010294865,0.0010107748,0.0010662347,0.0010892005,0.0010702176,0.0010587458,0.0,0.0010294865,0.0010107748,0.0010662347,0.0010782769,0.0010702686,0.0,0.0,0.0010294867,0.0010107748,0.0010662347,0.0010892001,0.001070232,0.0,0.0010453089,0.0,0.0010587455,0.0010453089,0.0010662347,0.0010702108,0.0,0.0,0.0010294865,0.0010107748,0.0010662347,0.0010891999,0.0,0.0010587471,0.0,0.0010294865,0.0010107748,0.0010662347,0.0010782725,0.0,0.0,0.0010453104,0.0010587467,0.0,0.0010294865,0.0010587458,0.0010702311,0.0010587459,0.0,0.0010294864,0.0010107748,0.0010662347,0.0010782725,0.0,0.0,0.0010453095,0.0010294865,0.0010203605,0.0010315729,0.0011066487,0.0,0.0,0.0010453089,0.0,0.0010587455,0.0010453089,0.0010662347,0.0,0.0010587502,0.0,0.0010587458,0.0,0.0010587455,0.001045309,0.0,0.0,0.0010453269,0.0010294892,0.0010203606,0.0010315729,0.0011066487,0.0,0.0010587781,0.0010587499,0.0010534043,0.001065342,0.0,0.0009885785,0.0,0.001058748,0.0010453102,0.0,0.001058746,0.0010453089,0.0010382787,0.0010702158,0.0010587455,0.0010453089,0.0,0.0010587455,0.0010453089,0.001038277,0.0,0.001058746,0.001045309,0.001038276,0.0010499613,0.0010566034,0.0010690208,0.0010702084,0.0010587455,0.0010453089,0.001038276,0.0010499613,0.0010566034,0.0010690206,0.0010702341,0.0,0.0,0.0010294865,0.0010107748,0.0010662347,0.0010891998,0.0010702113,0.0,0.0010453089,0.0010294865,0.0010203605,0.0010315729,0.0011066485,0.0,0.0010587458,0.0,0.0010294865,0.0010107748,0.0010662347,0.0010782724,0.0010702247,0.0,0.0010453089,0.0010294865,0.0010203605,0.0010315732,0.0011066529,0.0,0.0010587455,0.0010453089,0.001038276,0.0010499613,0.0010566034,0.0010690219,0.0010702093,0.0010587455,0.0010453089,0.001038276,0.0010499613,0.0010566034,0.0010690205,0.0,0.0010587464,0.0010453089,0.001038276,0.0010499613,0.0010566034,0.001069021,0.0,0.0,0.0010453089,0.0010294865,0.0010203605,0.0010315729,0.0011066485,0.001070211,0.0010587455,0.0,0.0,0.0010587457,0.0010587458,0.0010534041,0.001070247,0.0,0.0010453094,0.0,0.0010587458,0.0010453089,0.0010662382,0.0010703083,0.0,0.0010587459,0.0010453089,0.001038276,0.0,0.0010587461,0.0,0.0010587455,0.0,0.0010294865,0.0010107748,0.0010662347,0.0010782772,0.0010702144,0.0,0.0010453089,0.0010294865,0.0010203606,0.0010315735,0.0011066748,0.0010702267,0.0,0.0,0.0010294865,0.0010107748,0.0010662347,0.0010891999,0.0,0.0010587458,0.001045309,0.001038276,0.0010499613,0.0010566034,0.0010690208,0.0010702348,0.0010587459,0.0010453089,0.0,0.0010587458,0.0010453089,0.0010382769,0.00107021,0.0,0.0010453092,0.0010294867,0.0010203605,0.0010315729,0.0011066493,0.0010702122,0.0,0.001045309,0.0010294865,0.0010203606,0.0010315729,0.0011066492,0.0,0.0010587459,0.0010587459,0.0010534036,0.0010653422,0.0,0.0009886144,0.0010702398,0.0,0.0010453089,0.0010294865,0.0010203605,0.0010315729,0.0011066484,0.001070213,0.0,0.0,0.0010294865,0.0010107748,0.0010662347,0.0010892003,0.0010702669,0.0010587461,0.0,0.0010294874,0.0010107754,0.0010662347,0.0010782775,0.0,0.0010587459,0.0010453089,0.001038276,0.0010499613,0.0010566034,0.0010690207,0.0,0.0010587473,0.0,0.0010294865,0.0010107748,0.0010662347,0.0010782724,0.0,0.0010587459,0.0010453091,0.001038276,0.0010499613,0.0010566034,0.001069021,0.0010702194,0.0010587458,0.0010453092,0.0010382765,0.0010499613,0.0010566034,0.001069021,0.0,0.0,0.0,0.0010294865,0.0010107748,0.0010662347,0.0010892001,0.001070208,0.0010587455,0.0,0.0010294865,0.0010107748,0.0010662347,0.0010782728,0.0010702215,0.0010587459,0.0010453089,0.0010662347,0.0,0.0010294865,0.0010107749,0.0,0.0010587455,0.0010453089,0.001038276,0.0010499613,0.0010566034,0.0010690213,0.0,0.0010587457,0.0010453089,0.001038276,0.0010499613,0.0010566034,0.0010690207,0.0,0.001058746,0.0010453089,0.001038276,0.0010499613,0.0010566034,0.0010690216,0.0010702148,0.0010587457,0.0010453089,0.001038276,0.0010499613,0.0010566034,0.0010690208,0.0,0.0,0.0010453089,0.0010294865,0.0010203605,0.0010315729,0.0011066485,0.0,0.0010587457,0.0010453089,0.001038276,0.0010499613,0.0010566034,0.0010690208,0.001070426,0.0010587474,0.0010453092,0.001038276,0.0010499613,0.0010566034,0.0010690221
k__Bacteria|p__Firmicutes|c__Clostridia|o__Eubacteriales|f__Oscillospiraceae|g__Massiliimalia|s__Massiliimalia_timonensis,0.0,0.001058135,0.0010445941,0.0010374207,0.0010488798,0.001055296,0.0010675646,0.0,0.0010581353,0.0010445941,0.0010374207,0.0010488798,0.001055296,0.0010675645,0.0,0.0,0.0010445926,0.0010286622,0.0010193906,0.0010303693,0.0011058175,0.0010696681,0.0,0.0010445939,0.0010286625,0.001019391,0.0010303693,0.0011058181,0.0,0.0,0.0010445939,0.0010286625,0.001019391,0.0010303693,0.0011058181,0.0010696964,0.0010581353,0.0010445941,0.0010374207,0.0010488798,0.001055296,0.0010675645,0.0,0.001058135,0.001044594,0.0010374207,0.0010488798,0.001055296,0.0010675644,0.0010696969,0.0010581353,0.0010445941,0.0010374207,0.0010488798,0.001055296,0.0010675645,0.0,0.0010581352,0.0010445934,0.0010374205,0.0010488798,0.001055296,0.0010675646,0.0,0.0010581353,0.0010445941,0.0010374207,0.0010488798,0.001055296,0.0010675645,0.0,0.0010581353,0.0,0.0010286625,0.0010098383,0.0010655948,0.001077423,0.0,0.0010581353,0.0010445941,0.0010374207,0.0010488798,0.001055296,0.0010675644,0.0,0.0,0.0,0.0010286625,0.0010098383,0.0010655948,0.0010884588,0.0010696879,0.0010581351,0.0,0.0010286625,0.0010098383,0.0010655948,0.0010774214,0.0010696563,0.0,0.0,0.0010286625,0.0010098383,0.0010655948,0.001088459,0.00106968,0.0,0.0010445941,0.0,0.0010581353,0.0010445941,0.0010655945,0.0010696942,0.0,0.0,0.0010286625,0.0010098383,0.0010655948,0.0010884589,0.0,0.0010581346,0.0,0.0010286625,0.0010098383,0.0010655948,0.001077423,0.0,0.0,0.0010445935,0.0010581347,0.0,0.0010286625,0.0010581352,0.0010696828,0.0010581352,0.0,0.0010286624,0.0010098383,0.0010655948,0.0010774231,0.0,0.0,0.0010445941,0.0010286625,0.001019391,0.0010303693,0.0011058183,0.0,0.0,0.0010445941,0.0,0.0010581353,0.0010445941,0.0010655945,0.0,0.0010581337,0.0,0.0010581352,0.0,0.0010581353,0.001044594,0.0,0.0,0.0010445884,0.0010286618,0.0010193908,0.0010303693,0.0011058175,0.0,0.0010581329,0.0010581343,0.0010526578,0.001064379,0.0,0.0009875165,0.0,0.001058134,0.0010445933,0.0,0.0010581351,0.001044594,0.0010374204,0.0010696909,0.0010581353,0.0010445941,0.0,0.0010581353,0.0010445941,0.0010374208,0.0,0.0010581352,0.0010445942,0.0010374207,0.0010488798,0.001055296,0.0010675642,0.0010696969,0.0010581353,0.0010445941,0.0010374207,0.0010488798,0.001055296,0.0010675645,0.0010696755,0.0,0.0,0.0010286625,0.0010098383,0.0010655948,0.0010884593,0.0010696931,0.0,0.0010445941,0.0010286625,0.001019391,0.0010303693,0.0011058178,0.0,0.0010581354,0.0,0.0010286625,0.0010098383,0.0010655948,0.0010774235,0.0010696844,0.0,0.0010445941,0.0010286625,0.001019391,0.0010303693,0.0011058166,0.0,0.0010581353,0.0010445941,0.0010374207,0.0010488798,0.001055296,0.0010675642,0.001069696,0.0010581353,0.0010445941,0.0010374207,0.0010488798,0.001055296,0.0010675645,0.0,0.0010581351,0.001044594,0.0010374204,0.0010488798,0.001055296,0.0010675642,0.0,0.0,0.0010445939,0.0010286625,0.001019391,0.0010303693,0.001105818,0.0010696946,0.0010581353,0.0,0.0,0.0010581354,0.0010581353,0.0010526581,0.0010696715,0.0,0.0010445938,0.0,0.0010581352,0.0010445941,0.0010655937,0.0010696421,0.0,0.0010581353,0.001044594,0.0010374207,0.0,0.0010581352,0.0,0.0010581352,0.0,0.0010286625,0.0010098383,0.0010655947,0.0010774212,0.0010696916,0.0,0.0010445941,0.0010286625,0.0010193908,0.0010303694,0.0011058087,0.0010696858,0.0,0.0,0.0010286625,0.0010098383,0.0010655948,0.0010884592,0.0,0.0010581352,0.0010445942,0.0010374207,0.0010488798,0.001055296,0.0010675645,0.0010696779,0.0010581352,0.001044594,0.0,0.0010581351,0.0010445941,0.0010374202,0.0010696945,0.0,0.001044594,0.0010286625,0.001019391,0.0010303693,0.001105817,0.0010696935,0.0,0.0010445942,0.0010286624,0.0010193908,0.0010303693,0.0011058169,0.0,0.0010581352,0.0010581353,0.0010526581,0.0010643787,0.0,0.0009875293,0.0010696753,0.0,0.001044594,0.0010286625,0.001019391,0.0010303693,0.0011058181,0.0010696929,0.0,0.0,0.0010286625,0.0010098383,0.0010655948,0.0010884589,0.0010696475,0.0010581346,0.0,0.0010286623,0.0010098378,0.0010655945,0.0010774216,0.0,0.0010581351,0.001044594,0.0010374207,0.0010488798,0.001055296,0.0010675645,0.0,0.0010581346,0.0,0.0010286625,0.0010098383,0.0010655948,0.0010774235,0.0,0.0010581352,0.0010445941,0.0010374207,0.0010488798,0.001055296,0.0010675646,0.0010696868,0.0010581352,0.0010445939,0.0010374206,0.0010488798,0.001055296,0.0010675641,0.0,0.0,0.0,0.0010286625,0.0010098383,0.0010655948,0.0010884594,0.0010696969,0.0010581353,0.0,0.0010286625,0.0010098383,0.0010655948,0.001077423,0.0010696874,0.0010581351,0.0010445941,0.0010655948,0.0,0.0010286625,0.0010098383,0.0,0.0010581353,0.0010445941,0.0010374207,0.0010488798,0.001055296,0.0010675645,0.0,0.0010581353,0.0010445939,0.0010374207,0.0010488798,0.001055296,0.0010675644,0.0,0.0010581348,0.001044594,0.0010374207,0.0010488798,0.001055296,0.0010675642,0.0010696895,0.0010581351,0.0010445941,0.0010374207,0.0010488798,0.001055296,0.0010675645,0.0,0.0,0.0010445941,0.0010286625,0.001019391,0.0010303693,0.0011058181,0.0,0.0010581353,0.0010445941,0.0010374207,0.0010488798,0.001055296,0.0010675645,0.0010696214,0.0010581346,0.0010445939,0.0010374205,0.0010488798,0.001055296,0.001067564
k__Bacteria|p__Firmicutes|c__Clostridia|o__Eubacteriales|f__Clostridiaceae|g__Clostridium|s__Clostridium_SGB4750,0.0,0.0010613078,0.001047568,0.0010400357,0.0010507607,0.0010564747,0.0010682069,0.0,0.0010613081,0.001047568,0.0010400357,0.0010507607,0.0010564747,0.0010682069,0.0,0.0,0.0010475779,0.001031429,0.0010217796,0.0010320186,0.0011078115,0.0010730874,0.0,0.001047568,0.0010314225,0.0010217793,0.0010320186,0.001107811,0.0,0.0,0.001047568,0.0010314225,0.0010217793,0.0010320186,0.0011078109,0.0010730538,0.001061308,0.001047568,0.0010400357,0.0010507607,0.0010564747,0.0010682067,0.0,0.0010613083,0.0010475682,0.0010400357,0.0010507607,0.0010564747,0.001068208,0.0010730543,0.001061308,0.001047568,0.0010400357,0.0010507607,0.0010564747,0.0010682067,0.0,0.0010613082,0.0010475689,0.0010400359,0.0010507607,0.0010564747,0.0010682074,0.0,0.0010613081,0.001047568,0.0010400357,0.0010507607,0.0010564747,0.0010682067,0.0,0.0010613081,0.0,0.0010314225,0.001012368,0.0010686168,0.0010797256,0.0,0.001061308,0.001047568,0.0010400356,0.0010507607,0.0010564747,0.0010682073,0.0,0.0,0.0,0.0010314225,0.001012368,0.0010686168,0.0010909492,0.001073063,0.0010613081,0.0,0.0010314225,0.001012368,0.0010686168,0.001079731,0.0010731211,0.0,0.0,0.0010314228,0.001012368,0.0010686168,0.001090949,0.0010730781,0.0,0.001047568,0.0,0.001061308,0.001047568,0.0010686169,0.0010730565,0.0,0.0,0.0010314225,0.001012368,0.0010686168,0.001090948,0.0,0.0010613088,0.0,0.0010314225,0.001012368,0.0010686168,0.0010797244,0.0,0.0,0.0010475685,0.0010613087,0.0,0.0010314225,0.0010613082,0.001073071,0.0010613082,0.0,0.0010314224,0.001012368,0.0010686168,0.0010797239,0.0,0.0,0.0010475682,0.0010314225,0.0010217793,0.0010320186,0.0011078112,0.0,0.0,0.001047568,0.0,0.001061308,0.001047568,0.001068617,0.0,0.0010613102,0.0,0.0010613082,0.0,0.001061308,0.0010475684,0.0,0.0,0.0010475753,0.0010314242,0.0010217793,0.0010320186,0.0011078112,0.0,0.0010613329,0.0010613106,0.0010554844,0.001066477,0.0,0.000989812,0.0,0.0010613097,0.0010475687,0.0,0.0010613082,0.0010475682,0.0010400384,0.0010730588,0.001061308,0.001047568,0.0,0.001061308,0.001047568,0.001040037,0.0,0.0010613081,0.0010475682,0.0010400356,0.0010507607,0.0010564747,0.0010682069,0.0010730539,0.001061308,0.001047568,0.0010400357,0.0010507607,0.0010564747,0.0010682067,0.0010730776,0.0,0.0,0.0010314225,0.001012368,0.0010686168,0.0010909477,0.0010730579,0.0,0.001047568,0.0010314225,0.0010217793,0.0010320186,0.0011078111,0.0,0.0010613082,0.0,0.0010314225,0.001012368,0.0010686168,0.0010797239,0.0010730705,0.0,0.001047568,0.0010314225,0.0010217793,0.0010320186,0.0011078188,0.0,0.001061308,0.001047568,0.0010400357,0.0010507607,0.0010564747,0.0010682085,0.0010730549,0.001061308,0.001047568,0.0010400357,0.0010507607,0.0010564747,0.0010682067,0.0,0.0010613082,0.0010475684,0.0010400356,0.0010507607,0.0010564747,0.0010682069,0.0,0.0,0.001047568,0.0010314225,0.0010217793,0.0010320186,0.0011078111,0.0010730567,0.001061308,0.0,0.0,0.0010613082,0.0010613081,0.0010554849,0.001073091,0.0,0.0010475684,0.0,0.0010613082,0.001047568,0.0010686208,0.0010731675,0.0,0.0010613082,0.0010475684,0.0010400356,0.0,0.0010613088,0.0,0.001061308,0.0,0.0010314225,0.001012368,0.0010686168,0.0010797312,0.0010730585,0.0,0.001047568,0.0010314225,0.0010217793,0.0010320193,0.0011078599,0.001073066,0.0,0.0,0.0010314225,0.001012368,0.0010686168,0.0010909475,0.0,0.0010613082,0.0010475682,0.0010400357,0.0010507607,0.0010564747,0.0010682069,0.0010730798,0.0010613081,0.0010475684,0.0,0.0010613078,0.001047568,0.0010400366,0.0010730559,0.0,0.0010475684,0.0010314226,0.0010217793,0.0010320186,0.0011078126,0.0010730573,0.0,0.0010475682,0.0010314225,0.0010217793,0.0010320188,0.001107813,0.0,0.0010613081,0.001061308,0.0010554844,0.001066477,0.0,0.0009898461,0.001073086,0.0,0.0010475682,0.0010314225,0.0010217793,0.0010320186,0.0011078109,0.0010730588,0.0,0.0,0.0010314225,0.001012368,0.0010686168,0.0010909489,0.0010731134,0.0010613085,0.0,0.0010314232,0.0010123681,0.0010686166,0.0010797303,0.0,0.001061308,0.0010475684,0.0010400356,0.0010507607,0.0010564747,0.0010682067,0.0,0.0010613088,0.0,0.0010314225,0.001012368,0.0010686168,0.0010797239,0.0,0.001061308,0.0010475682,0.0010400356,0.0010507607,0.0010564747,0.0010682069,0.0010730678,0.0010613081,0.0010475684,0.0010400359,0.0010507607,0.0010564747,0.0010682072,0.0,0.0,0.0,0.0010314225,0.001012368,0.0010686168,0.0010909482,0.0010730537,0.001061308,0.0,0.0010314225,0.001012368,0.0010686168,0.0010797249,0.0010730647,0.001061308,0.001047568,0.0010686168,0.0,0.0010314225,0.0010123687,0.0,0.001061308,0.001047568,0.0010400356,0.0010507607,0.0010564747,0.0010682078,0.0,0.001061308,0.001047568,0.0010400356,0.0010507607,0.0010564747,0.001068207,0.0,0.0010613082,0.0010475684,0.0010400356,0.0010507607,0.0010564747,0.0010682088,0.0010730608,0.001061308,0.001047568,0.0010400356,0.0010507607,0.0010564747,0.0010682073,0.0,0.0,0.001047568,0.0010314225,0.0010217793,0.0010320186,0.0011078115,0.0,0.001061308,0.001047568,0.0010400357,0.0010507607,0.0010564747,0.0010682067,0.0010732646,0.0010613091,0.0010475682,0.0010400356,0.0010507607,0.0010564747,0.0010682094
k__Bacteria|p__Firmicutes|c__CFGB4806|o__OFGB4806|f__FGB4806|g__GGB51647|s__GGB51647_SGB4348,0.0,0.0010625928,0.0010488008,0.0010411643,0.0010516648,0.0010571658,0.001068731,0.0,0.001062593,0.0010488008,0.0010411643,0.0010516648,0.0010571658,0.0010687308,0.0,0.0,0.0010488122,0.0010326061,0.001022848,0.001032862,0.0011087063,0.0010744274,0.0,0.0010488008,0.0010325981,0.0010228473,0.001032862,0.0011087059,0.0,0.0,0.0010488008,0.0010325981,0.0010228473,0.001032862,0.0011087059,0.0010743866,0.0010625928,0.0010488008,0.0010411643,0.0010516648,0.0010571658,0.0010687307,0.0,0.0010625934,0.001048801,0.0010411643,0.0010516648,0.0010571658,0.0010687313,0.0010743868,0.0010625928,0.0010488008,0.0010411643,0.0010516648,0.0010571658,0.0010687308,0.0,0.0010625931,0.0010488015,0.0010411646,0.0010516648,0.0010571658,0.0010687312,0.0,0.001062593,0.0010488008,0.0010411643,0.0010516648,0.0010571658,0.0010687308,0.0,0.001062593,0.0,0.0010325981,0.0010134818,0.0010698522,0.0010807366,0.0,0.0010625928,0.0010488008,0.0010411643,0.0010516648,0.0010571658,0.0010687308,0.0,0.0,0.0,0.0010325981,0.0010134818,0.0010698522,0.0010920072,0.0010743963,0.001062593,0.0,0.0010325981,0.0010134818,0.0010698522,0.0010807407,0.0010744673,0.0,0.0,0.0010325983,0.0010134818,0.0010698522,0.001092007,0.001074412,0.0,0.0010488008,0.0,0.0010625928,0.0010488008,0.001069852,0.0010743893,0.0,0.0,0.0010325981,0.0010134818,0.0010698522,0.0010920069,0.0,0.0010625941,0.0,0.0010325981,0.0010134818,0.0010698522,0.0010807358,0.0,0.0,0.0010488018,0.0010625937,0.0,0.0010325981,0.001062593,0.0010744091,0.0010625931,0.0,0.0010325981,0.0010134818,0.0010698522,0.0010807357,0.0,0.0,0.001048801,0.0010325981,0.0010228473,0.001032862,0.001108706,0.0,0.0,0.0010488008,0.0,0.0010625928,0.0010488008,0.001069852,0.0,0.0010625956,0.0,0.0010625931,0.0,0.0010625928,0.0010488009,0.0,0.0,0.0010488157,0.0010326003,0.0010228474,0.001032862,0.001108706,0.0,0.0010626178,0.0010625959,0.0010566692,0.0010674375,0.0,0.000990856,0.0,0.0010625948,0.0010488015,0.0,0.0010625931,0.001048801,0.0010411664,0.0010743926,0.0010625928,0.0010488008,0.0,0.0010625928,0.0010488008,0.0010411652,0.0,0.0010625931,0.0010488009,0.0010411643,0.0010516648,0.0010571658,0.0010687308,0.0010743866,0.0010625928,0.0010488008,0.0010411643,0.0010516648,0.0010571658,0.0010687308,0.0010744175,0.0,0.0,0.0010325981,0.0010134818,0.0010698522,0.001092007,0.0010743915,0.0,0.0010488008,0.0010325981,0.0010228473,0.001032862,0.0011087059,0.0,0.0010625931,0.0,0.0010325981,0.0010134818,0.0010698522,0.0010807355,0.0010744034,0.0,0.0010488008,0.0010325981,0.0010228473,0.001032862,0.0011087091,0.0,0.0010625928,0.0010488008,0.0010411643,0.0010516648,0.0010571658,0.0010687321,0.0010743875,0.0010625928,0.0010488008,0.0010411643,0.0010516648,0.0010571658,0.0010687307,0.0,0.0010625932,0.001048801,0.0010411643,0.0010516648,0.0010571658,0.001068731,0.0,0.0,0.0010488008,0.0010325981,0.0010228473,0.001032862,0.001108706,0.001074389,0.0010625928,0.0,0.0,0.0010625931,0.001062593,0.001056669,0.0010744276,0.0,0.001048801,0.0,0.0010625931,0.0010488008,0.0010698537,0.0010745121,0.0,0.0010625931,0.001048801,0.0010411643,0.0,0.0010625933,0.0,0.0010625928,0.0,0.0010325981,0.0010134818,0.001069852,0.001080739,0.0010743928,0.0,0.0010488008,0.0010325981,0.0010228474,0.0010328626,0.0011087205,0.0010744039,0.0,0.0,0.0010325981,0.0010134818,0.0010698522,0.001092007,0.0,0.0010625931,0.0010488009,0.0010411643,0.0010516648,0.0010571658,0.0010687308,0.0010744133,0.001062593,0.001048801,0.0,0.001062593,0.0010488008,0.0010411651,0.001074389,0.0,0.001048801,0.0010325982,0.0010228473,0.001032862,0.0011087063,0.0010743903,0.0,0.0010488009,0.0010325981,0.0010228474,0.0010328621,0.0011087067,0.0,0.001062593,0.0010625931,0.0010566688,0.0010674373,0.0,0.000990885,0.0010744238,0.0,0.001048801,0.0010325981,0.0010228473,0.001032862,0.0011087059,0.0010743907,0.0,0.0,0.0010325981,0.0010134818,0.0010698522,0.0010920072,0.0010744662,0.0010625935,0.0,0.001032599,0.0010134819,0.0010698522,0.0010807394,0.0,0.0010625931,0.001048801,0.0010411643,0.0010516648,0.0010571658,0.0010687307,0.0,0.0010625937,0.0,0.0010325981,0.0010134818,0.0010698522,0.0010807355,0.0,0.001062593,0.001048801,0.0010411644,0.0010516648,0.0010571658,0.0010687308,0.0010744006,0.001062593,0.001048801,0.0010411647,0.0010516648,0.0010571658,0.0010687313,0.0,0.0,0.0,0.0010325981,0.0010134818,0.0010698522,0.0010920072,0.0010743862,0.0010625928,0.0,0.0010325981,0.0010134818,0.0010698522,0.0010807362,0.0010743997,0.0010625931,0.0010488008,0.0010698522,0.0,0.0010325981,0.001013482,0.0,0.0010625928,0.0010488008,0.0010411643,0.0010516648,0.0010571658,0.0010687315,0.0,0.0010625928,0.0010488008,0.0010411643,0.0010516648,0.0010571658,0.0010687308,0.0,0.0010625932,0.001048801,0.0010411643,0.0010516648,0.0010571658,0.001068732,0.0010743948,0.0010625928,0.0010488008,0.0010411643,0.0010516648,0.0010571658,0.0010687311,0.0,0.0,0.0010488008,0.0010325981,0.0010228473,0.001032862,0.0011087061,0.0,0.0010625928,0.0010488008,0.0010411643,0.0010516648,0.0010571658,0.0010687308,0.0010746153,0.0010625939,0.001048801,0.0010411642,0.0010516648,0.0010571658,0.0010687321
k__Bacteria|p__Firmicutes|c__Erysipelotrichia|o__Erysipelotrichales|f__Erysipelotrichaceae|g__Amedibacterium|s__Amedibacterium_intestinale,0.0,0.0010578202,0.001044226,0.001036981,0.0010483253,0.0010546272,0.00106682,0.0,0.0010578204,0.001044226,0.001036981,0.0010483253,0.0010546272,0.00106682,0.0,0.0,0.0010442451,0.0010282515,0.001018894,0.0010297529,0.0011053927,0.0010694778,0.0,0.001044226,0.0010282387,0.0010188931,0.0010297529,0.0011053919,0.0,0.0,0.001044226,0.0010282387,0.0010188931,0.0010297529,0.0011053919,0.001069433,0.0010578203,0.001044226,0.001036981,0.0010483253,0.0010546272,0.0010668196,0.0,0.0010578211,0.001044226,0.001036981,0.0010483253,0.0010546272,0.0010668209,0.0010694332,0.0010578203,0.001044226,0.001036981,0.0010483253,0.0010546272,0.00106682,0.0,0.0010578204,0.0010442268,0.0010369811,0.0010483253,0.0010546272,0.0010668207,0.0,0.0010578204,0.001044226,0.001036981,0.0010483253,0.0010546272,0.0010668196,0.0,0.0010578204,0.0,0.0010282387,0.0010093574,0.0010652648,0.0010769897,0.0,0.0010578203,0.001044226,0.001036981,0.0010483253,0.0010546272,0.0010668206,0.0,0.0,0.0,0.0010282387,0.0010093574,0.0010652648,0.0010880813,0.0010694456,0.0010578204,0.0,0.0010282387,0.0010093574,0.0010652648,0.0010769973,0.0010695384,0.0,0.0,0.0010282389,0.0010093574,0.0010652648,0.0010880806,0.0010694679,0.0,0.001044226,0.0,0.0010578203,0.001044226,0.0010652652,0.0010694374,0.0,0.0,0.0010282387,0.0010093574,0.0010652648,0.0010880787,0.0,0.001057822,0.0,0.0010282387,0.0010093574,0.0010652648,0.001076988,0.0,0.0,0.0010442272,0.0010578219,0.0,0.0010282387,0.0010578204,0.0010694682,0.0010578204,0.0,0.0010282387,0.0010093574,0.0010652648,0.0010769872,0.0,0.0,0.001044226,0.0010282387,0.0010188931,0.0010297529,0.0011053922,0.0,0.0,0.001044226,0.0,0.0010578203,0.001044226,0.0010652649,0.0,0.0010578247,0.0,0.0010578205,0.0,0.0010578203,0.001044226,0.0,0.0,0.0010442454,0.001028242,0.0010188932,0.0010297529,0.0011053927,0.0,0.0010578686,0.0010578257,0.0010522753,0.0010638853,0.0,0.0009869926,0.0,0.001057823,0.001044227,0.0,0.0010578205,0.0010442259,0.0010369845,0.0010694417,0.0010578203,0.001044226,0.0,0.0010578203,0.001044226,0.0010369822,0.0,0.0010578204,0.001044226,0.001036981,0.0010483253,0.0010546272,0.00106682,0.0010694332,0.0010578203,0.001044226,0.001036981,0.0010483253,0.0010546272,0.00106682,0.0010694728,0.0,0.0,0.0010282387,0.0010093574,0.0010652648,0.0010880783,0.0010694413,0.0,0.001044226,0.0010282387,0.0010188931,0.0010297529,0.0011053921,0.0,0.0010578205,0.0,0.0010282387,0.0010093574,0.0010652648,0.0010769871,0.0010694559,0.0,0.001044226,0.0010282387,0.0010188931,0.0010297529,0.0011054017,0.0,0.0010578203,0.001044226,0.001036981,0.0010483253,0.0010546272,0.0010668217,0.0010694342,0.0010578203,0.001044226,0.001036981,0.0010483253,0.0010546272,0.0010668196,0.0,0.0010578209,0.0010442259,0.001036981,0.0010483253,0.0010546272,0.00106682,0.0,0.0,0.001044226,0.0010282387,0.0010188931,0.0010297529,0.0011053922,0.001069436,0.0010578203,0.0,0.0,0.0010578205,0.0010578204,0.0010522754,0.0010694832,0.0,0.0010442263,0.0,0.0010578205,0.001044226,0.00106527,0.0010695965,0.0,0.0010578204,0.0010442259,0.001036981,0.0,0.0010578211,0.0,0.0010578203,0.0,0.0010282387,0.0010093574,0.0010652647,0.0010769955,0.0010694414,0.0,0.001044226,0.0010282387,0.0010188932,0.0010297534,0.001105476,0.0010694565,0.0,0.0,0.0010282387,0.0010093574,0.0010652648,0.0010880784,0.0,0.0010578205,0.001044226,0.001036981,0.0010483253,0.0010546272,0.00106682,0.0010694527,0.0010578204,0.0010442259,0.0,0.0010578203,0.001044226,0.0010369824,0.0010694364,0.0,0.0010442259,0.001028239,0.0010188931,0.0010297529,0.0011053947,0.001069438,0.0,0.001044226,0.0010282387,0.0010188932,0.0010297528,0.0011053943,0.0,0.0010578204,0.0010578204,0.001052275,0.0010638852,0.0,0.0009870364,0.0010694821,0.0,0.0010442259,0.0010282387,0.0010188931,0.0010297529,0.0011053919,0.0010694402,0.0,0.0,0.0010282387,0.0010093574,0.0010652648,0.0010880807,0.0010695247,0.0010578214,0.0,0.0010282401,0.0010093575,0.0010652648,0.0010769971,0.0,0.0010578203,0.0010442259,0.001036981,0.0010483253,0.0010546272,0.0010668196,0.0,0.0010578217,0.0,0.0010282387,0.0010093574,0.0010652648,0.0010769871,0.0,0.0010578204,0.001044226,0.001036981,0.0010483253,0.0010546272,0.0010668201,0.0010694527,0.0010578203,0.001044226,0.0010369811,0.0010483253,0.0010546272,0.0010668201,0.0,0.0,0.0,0.0010282387,0.0010093574,0.0010652648,0.001088079,0.0010694327,0.0010578203,0.0,0.0010282387,0.0010093574,0.0010652648,0.0010769884,0.0010694487,0.0010578203,0.001044226,0.0010652648,0.0,0.0010282387,0.0010093574,0.0,0.0010578203,0.001044226,0.001036981,0.0010483253,0.0010546272,0.0010668207,0.0,0.0010578203,0.001044226,0.001036981,0.0010483253,0.0010546272,0.0010668203,0.0,0.001057821,0.0010442259,0.001036981,0.0010483253,0.0010546272,0.0010668221,0.0010694457,0.0010578203,0.001044226,0.001036981,0.0010483253,0.0010546272,0.0010668205,0.0,0.0,0.001044226,0.0010282387,0.0010188931,0.0010297529,0.0011053924,0.0,0.0010578203,0.001044226,0.001036981,0.0010483253,0.0010546272,0.0010668196,0.0010697031,0.0010578221,0.001044226,0.0010369811,0.0010483253,0.0010546272,0.001066823
k__Bacteria|p__Firmicutes|c__Negativicutes|o__Veillonellales|f__Veillonellaceae|g__Veillonella|s__Veillonella_sp_3627,0.0,0.0010611163,0.0010474775,0.0010400972,0.0010510953,0.001057076,0.0010689973,0.0,0.0010611166,0.0010474775,0.0010400972,0.0010510953,0.001057076,0.0010689974,0.0,0.0,0.0010474933,0.0010314486,0.0010219535,0.0010324711,0.0011079699,0.0010728159,0.0,0.0010474775,0.0010314386,0.0010219527,0.0010324711,0.0011079689,0.0,0.0,0.0010474775,0.0010314386,0.0010219527,0.0010324711,0.001107969,0.0010727674,0.0010611165,0.0010474775,0.0010400972,0.0010510953,0.001057076,0.0010689974,0.0,0.0010611169,0.0010474776,0.0010400972,0.0010510953,0.001057076,0.001068998,0.0010727675,0.0010611165,0.0010474775,0.0010400972,0.0010510953,0.001057076,0.0010689974,0.0,0.0010611166,0.0010474783,0.0010400974,0.0010510953,0.001057076,0.0010689982,0.0,0.0010611166,0.0010474775,0.0010400972,0.0010510953,0.001057076,0.0010689974,0.0,0.0010611166,0.0,0.0010314386,0.001012496,0.0010684708,0.0010798401,0.0,0.0010611165,0.0010474775,0.0010400972,0.0010510953,0.001057076,0.0010689982,0.0,0.0,0.0,0.0010314386,0.001012496,0.0010684708,0.0010909636,0.0010727816,0.0010611166,0.0,0.0010314386,0.001012496,0.0010684708,0.0010798485,0.0010728652,0.0,0.0,0.0010314385,0.001012496,0.0010684708,0.0010909626,0.0010728014,0.0,0.0010474775,0.0,0.0010611165,0.0010474775,0.0010684708,0.0010727715,0.0,0.0,0.0010314386,0.001012496,0.0010684708,0.001090961,0.0,0.001061118,0.0,0.0010314386,0.001012496,0.0010684708,0.0010798385,0.0,0.0,0.0010474785,0.0010611177,0.0,0.0010314386,0.0010611166,0.0010727965,0.0010611166,0.0,0.0010314385,0.001012496,0.0010684708,0.0010798383,0.0,0.0,0.0010474776,0.0010314386,0.0010219527,0.0010324711,0.001107969,0.0,0.0,0.0010474775,0.0,0.0010611165,0.0010474775,0.0010684707,0.0,0.0010611203,0.0,0.0010611166,0.0,0.0010611165,0.0010474776,0.0,0.0,0.0010474953,0.0010314411,0.0010219528,0.0010324711,0.0011079698,0.0020572837,0.0010611602,0.0010611209,0.0010554397,0.0010666989,0.0,0.0009900593,0.0,0.0010611188,0.0010474784,0.0,0.0010611167,0.0010474775,0.0010401002,0.0010727764,0.0010611165,0.0010474775,0.0,0.0010611165,0.0010474775,0.0010400985,0.0,0.0010611166,0.0010474776,0.0010400972,0.0010510953,0.001057076,0.0010689973,0.0010727674,0.0010611165,0.0010474775,0.0010400972,0.0010510953,0.001057076,0.0010689974,0.0010728036,0.0,0.0,0.0010314382,0.001012496,0.0010684708,0.0010909607,0.0010727746,0.0,0.0010474775,0.0010314386,0.0010219527,0.0010324711,0.0011079692,0.0,0.0010611166,0.0,0.0010314386,0.001012496,0.0010684708,0.0010798379,0.0010727908,0.0,0.0010474775,0.0010314386,0.0010219527,0.0010324711,0.001107979,0.0,0.0010611165,0.0010474775,0.0010400972,0.0010510953,0.001057076,0.0010689992,0.0010727686,0.0010611165,0.0010474775,0.0010400972,0.0010510953,0.001057076,0.0010689974,0.0,0.0010611167,0.0010474775,0.0010400972,0.0010510953,0.001057076,0.0010689973,0.0,0.0,0.0010474775,0.0010314386,0.0010219527,0.0010324711,0.001107969,0.0010727709,0.0010611165,0.0,0.0,0.0010611166,0.0010611166,0.0010554398,0.0010728185,0.0,0.0010474778,0.0,0.0010611166,0.0010474775,0.0010684746,0.0010729188,0.0,0.0010611166,0.0010474775,0.0010400972,0.0,0.0010611173,0.0,0.0010611163,0.0,0.0010314386,0.001012496,0.0010684708,0.0010798448,0.0010727749,0.0,0.0010474775,0.0010314386,0.0010219528,0.0010324715,0.0011080477,0.0010727872,0.0,0.0,0.0010314386,0.001012496,0.0010684708,0.0010909603,0.0,0.0010611166,0.0010474776,0.0010400972,0.0010510953,0.001057076,0.0010689974,0.0010728053,0.0010611165,0.0010474775,0.0,0.0010611163,0.0010474775,0.0010400987,0.0010727709,0.0,0.0010474775,0.0010314385,0.0010219527,0.0010324711,0.0011079715,0.0010727729,0.0,0.0010474776,0.0010314386,0.0010219528,0.0010324711,0.0011079712,0.0,0.0010611165,0.0010611165,0.0010554392,0.0010666988,0.0,0.0009901046,0.001072814,0.0,0.0010474775,0.0010314386,0.0010219527,0.0010324711,0.001107969,0.0010727751,0.0,0.0,0.0010314382,0.001012496,0.0010684708,0.0010909627,0.001072858,0.0010611173,0.0,0.0010314394,0.0010124961,0.0010684708,0.0010798473,0.0,0.0010611165,0.0010474775,0.0010400972,0.0010510953,0.001057076,0.0010689974,0.0,0.0010611175,0.0,0.0010314386,0.001012496,0.0010684708,0.0010798381,0.0,0.0010611165,0.0010474776,0.0010400972,0.0010510953,0.001057076,0.0010689974,0.0010727869,0.0010611165,0.0010474776,0.0010400976,0.0010510953,0.001057076,0.0010689977,0.0,0.0,0.0,0.0010314386,0.001012496,0.0010684708,0.0010909609,0.001072767,0.0010611165,0.0,0.0010314386,0.001012496,0.0010684708,0.0010798393,0.0010727833,0.0010611165,0.0010474775,0.0010684708,0.0,0.0010314386,0.0010124961,0.0,0.0010611165,0.0010474775,0.0010400972,0.0010510953,0.001057076,0.0010689984,0.0,0.0010611165,0.0010474775,0.0010400972,0.0010510953,0.001057076,0.0010689978,0.0,0.0010611169,0.0010474775,0.0010400972,0.0010510953,0.001057076,0.0010690001,0.0010727796,0.0010611165,0.0010474775,0.0010400972,0.0010510953,0.001057076,0.0010689979,0.0,0.0,0.0010474775,0.0010314386,0.0010219527,0.0010324711,0.0011079693,0.0,0.0010611165,0.0010474775,0.0010400972,0.0010510953,0.001057076,0.0010689974,0.0010730355,0.0010611181,0.0010474776,0.0010400971,0.0010510953,0.001057076,0.0010690013
k__Bacteria|p__Firmicutes|c__Clostridia|o__Eubacteriales|f__Oscillospiraceae|g__Hydrogeniiclostidium|s__Hydrogeniiclostidium_mannosilyticum,0.0,0.0010617613,0.001048108,0.001040693,0.0010516087,0.0010575122,0.0010693705,0.0,0.0010617609,0.001048108,0.001040693,0.0010516087,0.0010575122,0.0010693703,0.0,0.0,0.0010481204,0.0010320619,0.0010225317,0.0010329677,0.001108456,0.0010734537,0.0,0.001048108,0.0010320528,0.0010225311,0.0010329677,0.0011084551,0.0,0.0,0.001048108,0.0010320528,0.0010225311,0.0010329677,0.0011084551,0.0010734247,0.0010617609,0.001048108,0.001040693,0.0010516087,0.0010575122,0.0010693702,0.0,0.0010617618,0.0010481081,0.001040693,0.0010516087,0.0010575122,0.0010693712,0.0010734248,0.0010617609,0.001048108,0.001040693,0.0010516087,0.0010575122,0.0010693704,0.0,0.0010617614,0.0010481086,0.001040693,0.0010516087,0.0010575122,0.0010693715,0.0,0.0010617613,0.001048108,0.001040693,0.0010516087,0.0010575122,0.0010693703,0.0,0.0010617613,0.0,0.0010320528,0.0010130919,0.0010690953,0.0010803819,0.0,0.0010617609,0.001048108,0.0010406929,0.0010516087,0.0010575122,0.0010693714,0.0,0.0,0.0,0.0010320528,0.0010130919,0.0010690953,0.001091517,0.0010734319,0.0010617613,0.0,0.0010320528,0.0010130919,0.0010690953,0.0010803881,0.0010734651,0.0,0.0,0.0010320528,0.0010130919,0.0010690953,0.001091516,0.0010734408,0.0,0.001048108,0.0,0.0010617609,0.001048108,0.0010690956,0.0010734265,0.0,0.0,0.0010320528,0.0010130919,0.0010690953,0.0010915141,0.0,0.001061762,0.0,0.0010320528,0.0010130919,0.0010690953,0.0010803798,0.0,0.0,0.0010481091,0.0010617615,0.0,0.0010320528,0.0010617614,0.001073442,0.001061761,0.0,0.0010320527,0.0010130919,0.0010690953,0.0010803796,0.0,0.0,0.0010481081,0.0010320528,0.0010225311,0.0010329677,0.0011084552,0.0,0.0,0.001048108,0.0,0.0010617609,0.001048108,0.0010690955,0.0,0.0010617648,0.0,0.0010617614,0.0,0.0010617609,0.0010481081,0.0,0.0,0.0010481218,0.0010320547,0.0010225312,0.0010329677,0.0011084562,0.0,0.0010617811,0.001061764,0.0010560505,0.001067227,0.0,0.000990636,0.0,0.0010617629,0.0010481087,0.0,0.0010617614,0.001048108,0.0010406958,0.0010734311,0.0010617609,0.001048108,0.0,0.0010617609,0.001048108,0.0010406942,0.0,0.001061761,0.0010481081,0.0010406929,0.0010516087,0.0010575122,0.0010693703,0.0010734247,0.0010617609,0.001048108,0.001040693,0.0010516087,0.0010575122,0.0010693703,0.0010734438,0.0,0.0,0.0010320528,0.0010130919,0.0010690953,0.0010915137,0.0010734261,0.0,0.001048108,0.0010320528,0.0010225311,0.0010329677,0.0011084554,0.0,0.001061761,0.0,0.0010320528,0.0010130919,0.0010690953,0.0010803795,0.0010734369,0.0,0.001048108,0.0010320528,0.0010225311,0.0010329677,0.0011084628,0.0,0.0010617609,0.001048108,0.001040693,0.0010516087,0.0010575122,0.0010693726,0.0010734253,0.0010617609,0.001048108,0.001040693,0.0010516087,0.0010575122,0.0010693702,0.0,0.0010617615,0.001048108,0.0010406929,0.0010516087,0.0010575122,0.0010693705,0.0,0.0,0.001048108,0.0010320528,0.0010225311,0.0010329677,0.0011084554,0.0010734263,0.0010617609,0.0,0.0,0.001061761,0.0010617609,0.0010560512,0.0010734553,0.0,0.0010481083,0.0,0.0010617614,0.001048108,0.0010690996,0.0010734951,0.0,0.0010617614,0.001048108,0.0010406929,0.0,0.0010617621,0.0,0.0010617608,0.0,0.0010320528,0.0010130919,0.0010690953,0.0010803853,0.0010734294,0.0,0.001048108,0.0010320528,0.0010225312,0.0010329678,0.0011085166,0.0010734404,0.0,0.0,0.0010320528,0.0010130919,0.0010690953,0.0010915138,0.0,0.001061761,0.0010481081,0.001040693,0.0010516087,0.0010575122,0.0010693703,0.0010734511,0.0010617613,0.001048108,0.0,0.0010617609,0.001048108,0.0010406938,0.0010734259,0.0,0.001048108,0.0010320528,0.0010225311,0.0010329677,0.0011084585,0.001073428,0.0,0.0010481081,0.0010320528,0.0010225312,0.0010329677,0.001108457,0.0,0.0010617613,0.0010617612,0.0010560504,0.001067227,0.0,0.0009906866,0.0010734441,0.0,0.001048108,0.0010320528,0.0010225311,0.0010329677,0.0011084551,0.0010734295,0.0,0.0,0.0010320528,0.0010130919,0.0010690953,0.0010915163,0.0010734691,0.0010617614,0.0,0.0010320534,0.0010130921,0.0010690953,0.0010803884,0.0,0.001061761,0.001048108,0.0010406929,0.0010516087,0.0010575122,0.0010693702,0.0,0.0010617623,0.0,0.0010320528,0.0010130919,0.0010690953,0.0010803795,0.0,0.001061761,0.0010481081,0.0010406929,0.0010516087,0.0010575122,0.0010693705,0.001073435,0.0010617613,0.001048108,0.001040693,0.0010516087,0.0010575122,0.001069371,0.0,0.0,0.0,0.0010320528,0.0010130919,0.0010690953,0.0010915146,0.0010734245,0.0010617609,0.0,0.0010320528,0.0010130919,0.0010690953,0.0010803803,0.0010734358,0.001061761,0.001048108,0.0010690953,0.0,0.0010320528,0.001013092,0.0,0.0010617609,0.001048108,0.0010406929,0.0010516087,0.0010575122,0.0010693718,0.0,0.0010617612,0.001048108,0.0010406929,0.0010516087,0.0010575122,0.0010693707,0.0,0.0010617612,0.001048108,0.0010406929,0.0010516087,0.0010575122,0.0010693733,0.0010734282,0.0010617612,0.001048108,0.0010406929,0.0010516087,0.0010575122,0.0010693709,0.0,0.0,0.001048108,0.0010320528,0.0010225311,0.0010329677,0.0011084556,0.0,0.0010617609,0.001048108,0.001040693,0.0010516087,0.0010575122,0.0010693703,0.0010736113,0.0010617623,0.001048108,0.0010406929,0.0010516087,0.0010575122,0.0010693751
k__Bacteria|p__Firmicutes|c__Tissierellia|o__Tissierellales|f__Peptoniphilaceae|g__Urinicoccus|s__Urinicoccus_massiliensis,0.0,0.001059528,0.0010458669,0.0010384875,0.00104954,0.0010555647,0.0010675396,0.0,0.0010595279,0.0010458669,0.0010384875,0.00104954,0.0010555647,0.0010675396,0.0,0.0,0.0010458871,0.0010298205,0.0010203229,0.0010308893,0.0011065905,0.0010712321,0.0,0.0010458669,0.0010298067,0.001020322,0.0010308893,0.0011065901,0.0,0.0,0.0010458669,0.0010298067,0.001020322,0.0010308893,0.00110659,0.0010712019,0.0010595281,0.0010458669,0.0010384875,0.00104954,0.0010555647,0.0010675397,0.0,0.0010595287,0.0010458669,0.0010384875,0.00104954,0.0010555647,0.0010675399,0.0010712019,0.0010595281,0.0010458669,0.0010384875,0.00104954,0.0010555647,0.0010675396,0.0,0.0010595282,0.0010458675,0.0010384877,0.00104954,0.0010555647,0.0010675401,0.0,0.0010595281,0.0010458669,0.0010384875,0.00104954,0.0010555647,0.0010675396,0.0,0.0010595281,0.0,0.0010298067,0.0010108451,0.0010669078,0.0010783412,0.0,0.0010595281,0.0010458669,0.0010384875,0.00104954,0.0010555647,0.0010675396,0.0,0.0,0.0,0.0010298067,0.0010108451,0.001066908,0.0010894922,0.00107121,0.0010595281,0.0,0.0010298067,0.0010108451,0.0010669078,0.0010783451,0.0010712624,0.0,0.0,0.0010298068,0.0010108451,0.0010669078,0.0010894919,0.0010712241,0.0,0.0010458669,0.0,0.0010595281,0.0010458669,0.0010669078,0.0010712044,0.0,0.0,0.0010298067,0.0010108451,0.0010669078,0.0010894916,0.0,0.0010595298,0.0,0.0010298067,0.0010108451,0.0010669078,0.0010783399,0.0,0.0,0.0010458681,0.0010595294,0.0,0.0010298067,0.0010595281,0.001071227,0.0010595282,0.0,0.0010298066,0.0010108451,0.0010669078,0.0010783399,0.0,0.0,0.0010458669,0.0010298067,0.001020322,0.0010308893,0.0011065904,0.0,0.0,0.0010458669,0.0,0.0010595281,0.0010458669,0.0010669078,0.0,0.0010595326,0.0,0.0010595282,0.0,0.0010595281,0.001045867,0.0,0.0,0.0010458913,0.0010298103,0.001020322,0.0010308893,0.0011065904,0.0,0.0010595829,0.001059534,0.0010538533,0.0010651714,0.0,0.0009883889,0.0,0.0010595307,0.001045868,0.0,0.0010595284,0.0010458669,0.0010384901,0.0010712086,0.0010595281,0.0010458669,0.0,0.0010595281,0.0010458669,0.0010384881,0.0,0.0010595282,0.001045867,0.0010384875,0.00104954,0.0010555647,0.0010675398,0.0010712018,0.0010595281,0.0010458669,0.0010384875,0.00104954,0.0010555647,0.0010675396,0.0010712267,0.0,0.0,0.0010298067,0.0010108451,0.0010669078,0.0010894915,0.0010712077,0.0,0.0010458669,0.0010298067,0.001020322,0.0010308893,0.00110659,0.0,0.0010595282,0.0,0.0010298067,0.0010108451,0.0010669078,0.0010783398,0.0010712175,0.0,0.0010458669,0.0010298067,0.001020322,0.0010308893,0.0011065954,0.0,0.0010595281,0.0010458669,0.0010384875,0.00104954,0.0010555647,0.0010675403,0.0010712026,0.0010595281,0.0010458669,0.0010384875,0.00104954,0.0010555647,0.0010675397,0.0,0.0010595287,0.0010458669,0.0010384875,0.00104954,0.0010555647,0.0010675396,0.0,0.0,0.0010458669,0.0010298067,0.001020322,0.0010308893,0.0011065903,0.0010712034,0.0010595281,0.0,0.0,0.0010595282,0.0010595281,0.0010538527,0.0010712321,0.0,0.001045867,0.0,0.0010595282,0.0010458669,0.0010669105,0.001071295,0.0,0.0010595282,0.0010458669,0.0010384875,0.0,0.0010595284,0.0,0.001059528,0.00096531556,0.0010298067,0.0010108451,0.001066908,0.001078345,0.0010712075,0.0,0.0010458669,0.0010298067,0.001020322,0.0010308899,0.0011066291,0.0010712175,0.0,0.0,0.0010298067,0.0010108451,0.0010669078,0.0010894915,0.0,0.0010595282,0.001045867,0.0010384875,0.00104954,0.0010555647,0.0010675396,0.0010712079,0.0010595282,0.0010458669,0.0,0.001059528,0.0010458669,0.0010384887,0.0010712041,0.0,0.0010458669,0.0010298068,0.001020322,0.0010308893,0.0011065907,0.001071205,0.0,0.001045867,0.0010298067,0.001020322,0.0010308896,0.0011065912,0.0,0.0010595282,0.0010595282,0.0010538526,0.0010651717,0.0,0.0009884244,0.001071233,0.0,0.0010458669,0.0010298067,0.001020322,0.0010308893,0.00110659,0.0010712058,0.0,0.0,0.0010298067,0.0010108451,0.001066908,0.001089492,0.0010712595,0.001059529,0.0,0.0010298078,0.0010108458,0.001066908,0.0010783445,0.0,0.0010595281,0.0010458669,0.0010384875,0.00104954,0.0010555647,0.0010675394,0.0,0.0010595296,0.0,0.0010298067,0.0010108451,0.0010669078,0.0010783398,0.0,0.0010595281,0.0010458669,0.0010384875,0.00104954,0.0010555647,0.0010675396,0.0010712128,0.0010595281,0.0010458669,0.0010384875,0.00104954,0.0010555647,0.0010675398,0.0,0.0,0.0,0.0010298067,0.0010108451,0.0010669078,0.0010894916,0.0010712015,0.0010595281,0.0,0.0010298067,0.0010108451,0.0010669078,0.0010783402,0.0010712121,0.0010595281,0.0010458669,0.0010669078,0.0017991309,0.0010298067,0.0010108453,0.0,0.0010595281,0.0010458669,0.0010384875,0.00104954,0.0010555647,0.0010675399,0.0,0.0010595281,0.0010458669,0.0010384875,0.00104954,0.0010555647,0.0010675396,0.0,0.0010595288,0.0010458669,0.0010384875,0.00104954,0.0010555647,0.0010675406,0.0010712104,0.0010595281,0.0010458669,0.0010384875,0.00104954,0.0010555647,0.0010675397,0.0,0.0,0.0010458669,0.0010298067,0.001020322,0.0010308893,0.0011065901,0.0,0.0010595281,0.0010458669,0.0010384875,0.00104954,0.0010555647,0.0010675396,0.0010713519,0.0010595298,0.0010458669,0.0010384875,0.00104954,0.0010555647,0.0010675408
k__Bacteria|p__Firmicutes|c__Clostridia|o__Eubacteriales|f__Oscillospiraceae|g__Faecalibacterium|s__Faecalibacterium_SGB15315,0.0,0.0010610076,0.0010472536,0.0010397072,0.0010504177,0.0010561156,0.001067841,0.0,0.0010610075,0.0010472536,0.0010397072,0.0010504177,0.0010561156,0.0010678406,0.0,0.0,0.0010472853,0.0010311158,0.0010214377,0.0010316593,0.0011075214,0.0010728193,0.0,0.0010472536,0.0010310938,0.0010214361,0.0010316593,0.0011075197,0.0,0.0,0.0010472536,0.0010310938,0.0010214361,0.0010316593,0.0011075196,0.0010727677,0.0010610074,0.0010472536,0.0010397072,0.0010504177,0.0010561156,0.0010678406,0.0,0.0010610091,0.001047254,0.0010397072,0.0010504177,0.0010561156,0.0010678418,0.0010727675,0.0010610074,0.0010472536,0.0010397072,0.0010504177,0.0010561156,0.001067841,0.0,0.0010610081,0.0010472552,0.0010397075,0.0010504177,0.0010561156,0.0010678419,0.0,0.0010610075,0.0010472536,0.0010397072,0.0010504177,0.0010561156,0.0010678407,0.0,0.0010610076,0.0,0.0010310938,0.0010120254,0.0010683171,0.0010794174,0.0,0.0010610074,0.0010472536,0.0010397072,0.0010504177,0.0010561156,0.0010678419,0.0,0.0,0.0,0.0010310938,0.0010120254,0.0010683171,0.0010906573,0.001072781,0.0010610076,0.0,0.0010310938,0.0010120254,0.0010683171,0.0010794302,0.0010728824,0.0,0.0,0.0010310941,0.0010120254,0.0010683171,0.0010906555,0.0010728043,0.0,0.0010472536,0.0,0.0010610074,0.0010472536,0.0010683173,0.0010727729,0.0,0.0,0.0010310938,0.0010120254,0.0010683171,0.0010906525,0.0,0.0010610106,0.0,0.0010310941,0.0010120254,0.0010683171,0.0010794138,0.0,0.0,0.0010472568,0.0010610103,0.0,0.0010310938,0.0010610077,0.0010728142,0.0010610081,0.0,0.001031094,0.0010120254,0.0010683171,0.001079413,0.0,0.0,0.001047254,0.0010310938,0.0010214361,0.0010316593,0.0011075205,0.0,0.0,0.0010472536,0.0,0.0010610074,0.0010472536,0.0010683173,0.0,0.0010610168,0.0,0.0010610077,0.0,0.0010610074,0.001047254,0.0,0.0,0.0010472928,0.0010310998,0.0010214363,0.0010316593,0.0011075219,0.0,0.0010610858,0.0010610169,0.001055172,0.0010661505,0.0,0.0009894694,0.0,0.0010610132,0.001047256,0.0,0.0010610083,0.001047254,0.0010397129,0.001072778,0.0010610074,0.0010472536,0.0,0.0010610074,0.0010472536,0.0010397093,0.0,0.0010610078,0.0010472537,0.0010397072,0.0010504177,0.0010561156,0.001067841,0.0010727672,0.0010610074,0.0010472536,0.0010397072,0.0010504177,0.0010561156,0.0010678407,0.0010728162,0.0,0.0,0.0010310938,0.0010120254,0.0010683171,0.0010906522,0.0010727772,0.0,0.0010472536,0.0010310938,0.0010214361,0.0010316593,0.0011075207,0.0,0.0010610077,0.0,0.0010310938,0.0010120254,0.0010683171,0.001079413,0.0010727934,0.0,0.0010472536,0.0010310938,0.0010214361,0.0010316593,0.001107538,0.0,0.0010610074,0.0010472536,0.0010397072,0.0010504177,0.0010561156,0.0010678441,0.0010727681,0.0010610074,0.0010472536,0.0010397072,0.0010504177,0.0010561156,0.0010678406,0.0,0.0010610087,0.001047254,0.0010397072,0.0010504177,0.0010561156,0.001067841,0.0,0.0,0.0010472536,0.0010310938,0.0010214361,0.0010316593,0.0011075201,0.0010727702,0.0010610074,0.0,0.0,0.0010610075,0.0010610075,0.001055172,0.0010728234,0.0,0.0010472547,0.0,0.0010610077,0.0010472536,0.0010683248,0.0010729375,0.0,0.0010610081,0.001047254,0.0010397072,0.0,0.001061009,0.0,0.0010610075,0.0,0.0010310938,0.0010120254,0.0010683171,0.0010794248,0.0010727779,0.0,0.0010472536,0.0010310938,0.0010214362,0.0010316602,0.0011076595,0.0010728004,0.0,0.0,0.0010310938,0.0010120254,0.0010683171,0.001090652,0.0,0.0010610077,0.0010472537,0.0010397072,0.0010504177,0.0010561156,0.0010678406,0.001072758,0.0010610077,0.0010472537,0.0,0.0010610076,0.0010472536,0.0010397092,0.0010727714,0.0,0.001047254,0.0010310943,0.0010214361,0.0010316593,0.0011075251,0.0010727742,0.0,0.0010472537,0.0010310941,0.0010214362,0.0010316593,0.0011075247,0.0,0.0010610077,0.0010610077,0.0010551708,0.0010661507,0.0,0.0009895436,0.0010728219,0.0,0.001047254,0.0010310938,0.0010214361,0.0010316593,0.0011075196,0.0010727758,0.0,0.0,0.0010310938,0.0010120254,0.0010683171,0.0010906558,0.0010728701,0.0010610096,0.0,0.001031096,0.0010120259,0.0010683174,0.00107943,0.0,0.0010610077,0.001047254,0.0010397072,0.0010504177,0.0010561156,0.0010678406,0.0,0.0010610104,0.0,0.0010310941,0.0010120254,0.0010683171,0.001079413,0.0,0.0010610077,0.001047254,0.0010397072,0.0010504177,0.0010561156,0.001067841,0.001072793,0.001061008,0.001047254,0.0010397076,0.0010504177,0.0010561156,0.0010678415,0.0,0.0,0.0,0.0010310938,0.0010120254,0.0010683171,0.0010906531,0.0010727667,0.0010610074,0.0,0.0010310938,0.0010120254,0.0010683171,0.0010794149,0.0010727898,0.0010610077,0.0010472536,0.0010683171,0.0,0.0010310938,0.0010120255,0.0,0.0010610074,0.0010472536,0.0010397072,0.0010504177,0.0010561156,0.0010678426,0.0,0.0010610074,0.0010472536,0.0010397072,0.0010504177,0.0010561156,0.0010678412,0.0,0.0010610089,0.001047254,0.0010397072,0.0010504177,0.0010561156,0.0010678447,0.0010727835,0.0010610076,0.0010472536,0.0010397072,0.0010504177,0.0010561156,0.0010678417,0.0,0.0,0.0010472536,0.0010310938,0.0010214361,0.0010316593,0.0011075205,0.0,0.0010610074,0.0010472536,0.0010397072,0.0010504177,0.0010561156,0.0010678407,0.0010730701,0.0010610112,0.0010472543,0.0010397072,0.0010504177,0.0010561156,0.0010678465
k__Bacteria|p__Firmicutes|c__Negativicutes|o__Veillonellales|f__Veillonellaceae|g__Megasphaera|s__Megasphaera_massiliensis,0.0,0.0010598425,0.0010458569,0.0010379944,0.0010481915,0.0010533786,0.0010647639,0.0,0.0010598428,0.0010458569,0.0010379944,0.0010481915,0.0010533786,0.0010647638,0.0,0.0,0.0010458651,0.0010294581,0.0010194706,0.0010291626,0.0011058344,0.001071869,0.0,0.0010458569,0.0010294546,0.00101947,0.0010291626,0.0011058339,0.0,0.0,0.0010458569,0.0010294546,0.00101947,0.0010291626,0.001105834,0.0010718228,0.0010598426,0.0010458569,0.0010379944,0.0010481915,0.0010533786,0.0010647636,0.0,0.0010598431,0.0010458569,0.0010379944,0.0010481915,0.0010533786,0.0010647642,0.001071823,0.0010598426,0.0010458569,0.0010379944,0.0010481915,0.0010533786,0.0010647638,0.0,0.0010598428,0.0010458574,0.0010379945,0.0010481915,0.0010533786,0.0010647643,0.0,0.0010598428,0.0010458569,0.0010379944,0.0010481915,0.0010533786,0.0010647638,0.0,0.0010598428,0.0,0.0010294546,0.0010101359,0.0010670827,0.0010777012,0.0,0.0010598426,0.0010458569,0.0010379944,0.0010481915,0.0010533786,0.001064764,0.0,0.0,0.0,0.0010294546,0.0010101359,0.0010670827,0.0010891804,0.0010718369,0.0010598428,0.0,0.0010294546,0.0010101359,0.0010670827,0.0010777088,0.0010719438,0.0,0.0,0.0010294548,0.0010101359,0.0010670827,0.0010891799,0.0010718583,0.0,0.0010458569,0.0,0.0010598426,0.0010458569,0.0010670827,0.0010718271,0.0,0.0,0.0010294546,0.0010101359,0.0010670827,0.0010891794,0.0,0.0010598438,0.0,0.0010294546,0.0010101359,0.0010670827,0.001077701,0.0,0.0,0.0010458566,0.0010598439,0.0,0.0010294546,0.0010598428,0.0010718437,0.0010598428,0.0,0.0010294545,0.0010101359,0.0010670827,0.0010777004,0.0,0.0,0.001045857,0.0010294546,0.00101947,0.0010291626,0.0011058339,0.0,0.0,0.0010458569,0.0,0.0010598426,0.0010458569,0.0010670827,0.0,0.0010598429,0.0,0.0010598429,0.0,0.0010598426,0.001045857,0.0,0.0,0.0010458644,0.001029456,0.0010194702,0.0010291626,0.001105834,0.0,0.0010598776,0.0010598456,0.0010537023,0.0010641863,0.0,0.0009873074,0.0,0.0010598444,0.0010458571,0.0,0.0010598429,0.001045857,0.0010379963,0.0010718277,0.0010598426,0.0010458569,0.0,0.0010598426,0.0010458569,0.0010379953,0.0,0.0010598428,0.001045857,0.0010379944,0.0010481915,0.0010533786,0.0010647636,0.0010718228,0.0010598426,0.0010458569,0.0010379944,0.0010481915,0.0010533786,0.0010647638,0.0010718639,0.0,0.0,0.0010294546,0.0010101359,0.0010670827,0.0010891794,0.0010718331,0.0,0.0010458569,0.0010294546,0.00101947,0.0010291626,0.0011058339,0.0,0.0010598429,0.0,0.0010294546,0.0010101359,0.0010670827,0.0010777005,0.0010718455,0.0,0.0010458569,0.0010294546,0.0010194704,0.0010291628,0.0011058402,0.0,0.0010598426,0.0010458569,0.0010379944,0.0010481915,0.0010533786,0.0010647653,0.001071824,0.0010598426,0.0010458569,0.0010379944,0.0010481915,0.0010533786,0.0010647636,0.0,0.001059843,0.001045857,0.0010379944,0.0010481915,0.0010533786,0.0010647641,0.0,0.0,0.0010458569,0.0010294546,0.00101947,0.0010291626,0.0011058339,0.0010718257,0.0010598426,0.0,0.0,0.0010598429,0.0010598428,0.0010537024,0.0010718683,0.0,0.0010458567,0.0,0.0010598429,0.0010458569,0.0010670841,0.001072004,0.0,0.0010598428,0.001045857,0.0010379944,0.0,0.001059843,0.0,0.0010598426,0.0,0.0010294546,0.0010101359,0.0010670827,0.0010777055,0.0010718289,0.0,0.0010458569,0.0010294546,0.0010194702,0.0010291634,0.0011058765,0.0010718352,0.0,0.0,0.0010294546,0.0010101359,0.0010670827,0.0010891794,0.0,0.0010598429,0.001045857,0.0010379944,0.0010481915,0.0010533786,0.0010647638,0.0010718501,0.0010598428,0.001045857,0.0,0.0010598426,0.0010458569,0.0010379956,0.0010718271,0.0,0.001045857,0.0010294546,0.00101947,0.0010291626,0.0011058344,0.0010718269,0.0,0.001045857,0.0010294546,0.0010194702,0.0010291627,0.0011058359,0.0,0.0010598428,0.0010598428,0.0010537024,0.0010641861,0.0,0.0009873287,0.0010718785,0.0,0.001045857,0.0010294546,0.00101947,0.0010291626,0.001105834,0.0010718281,0.0,0.0,0.0010294546,0.0010101359,0.0010670827,0.0010891798,0.0010719304,0.0010598437,0.0,0.0010294558,0.001010136,0.0010670829,0.0010777056,0.0,0.0010598426,0.001045857,0.0010379944,0.0010481915,0.0010533786,0.0010647636,0.0,0.0010598424,0.0,0.0010294546,0.0010101359,0.0010670827,0.0010777005,0.0,0.0010598426,0.001045857,0.0010379944,0.0010481915,0.0010533786,0.0010647638,0.001071844,0.0010598426,0.0010458569,0.0010379945,0.0010481915,0.0010533786,0.0010647642,0.0,0.0,0.0,0.0010294546,0.0010101359,0.0010670827,0.0010891795,0.0010718225,0.0010598426,0.0,0.0010294546,0.0010101359,0.0010670827,0.0010777015,0.0010718352,0.0010598426,0.0010458569,0.0010670827,0.0,0.0010294546,0.001010136,0.0,0.0010598426,0.0010458569,0.0010379944,0.0010481915,0.0010533786,0.0010647646,0.0,0.0010598426,0.0010458569,0.0010379944,0.0010481915,0.0010533786,0.0010647639,0.0,0.0010598433,0.001045857,0.0010379944,0.0010481915,0.0010533786,0.0010647654,0.0010718373,0.0010598426,0.0010458569,0.0010379944,0.0010481915,0.0010533786,0.0010647643,0.0,0.0,0.0010458569,0.0010294546,0.00101947,0.0010291626,0.0011058343,0.0,0.0010598426,0.0010458569,0.0010379944,0.0010481915,0.0010533786,0.0010647638,0.0010720368,0.0010598432,0.0010458567,0.0010379945,0.0010481915,0.0010533786,0.0010647654
k__Bacteria|p__Firmicutes|c__Clostridia|o__Eubacteriales|f__Clostridiaceae|g__GGB57353|s__GGB57353_SGB58537,0.0,0.001062058,0.0010483264,0.0010407899,0.0010514831,0.0010571702,0.0010688725,0.0,0.0010620584,0.0010483264,0.0010407899,0.0010514831,0.0010571702,0.0010688725,0.0,0.0,0.0010483402,0.0010321973,0.0010225414,0.0010327505,0.0011084543,0.0010738398,0.0,0.0010483264,0.0010321883,0.0010225407,0.0010327505,0.0011084542,0.0,0.0,0.0010483267,0.0010321883,0.0010225407,0.0010327505,0.0011084543,0.0010737956,0.0010620583,0.0010483264,0.0010407899,0.0010514831,0.0010571702,0.0010688725,0.0,0.0010620587,0.0010483267,0.0010407899,0.0010514831,0.0010571702,0.0010688726,0.0010737957,0.0010620583,0.0010483264,0.0010407899,0.0010514831,0.0010571702,0.0010688725,0.0,0.0010620583,0.001048327,0.0010407901,0.0010514831,0.0010571702,0.0010688731,0.0,0.0010620584,0.0010483264,0.0010407899,0.0010514831,0.0010571702,0.0010688725,0.0,0.0010620584,0.0,0.0010321883,0.0010131402,0.0010693538,0.0010804252,0.0,0.0010620583,0.0010483264,0.0010407899,0.0010514831,0.0010571702,0.0010688725,0.0,0.0,0.0,0.0010321883,0.0010131402,0.0010693538,0.0010916375,0.0010738088,0.0010620584,0.0,0.0010321883,0.0010131402,0.0010693538,0.0010804288,0.001073896,0.0,0.0,0.0010321884,0.0010131402,0.0010693538,0.0010916372,0.0010738292,0.0,0.0010483267,0.0,0.0010620583,0.0010483264,0.0010693538,0.0010737997,0.0,0.0,0.0010321883,0.0010131402,0.0010693538,0.001091637,0.0,0.0010620594,0.0,0.0010321883,0.0010131402,0.0010693538,0.0010804245,0.0,0.0,0.0010483271,0.0010620595,0.0,0.0010321883,0.0010620583,0.0010738258,0.0010620583,0.0,0.0010321882,0.0010131402,0.0010693538,0.0010804243,0.0,0.0,0.0010483268,0.0010321883,0.0010225407,0.0010327505,0.0011084543,0.0,0.0,0.0010483267,0.0,0.0010620583,0.0010483264,0.0010693538,0.0,0.0010620602,0.0,0.0010620584,0.0,0.0010620583,0.0010483267,0.0,0.0,0.0010483426,0.001032191,0.0010225408,0.0010327505,0.0011084542,0.0,0.0010620971,0.0010620622,0.001056231,0.0010671892,0.0,0.0009905839,0.0,0.0010620599,0.001048327,0.0,0.0010620585,0.0010483266,0.0010407916,0.0010738035,0.0010620583,0.0010483264,0.0,0.0010620583,0.0010483264,0.0010407906,0.0,0.0010620583,0.0010483264,0.0010407899,0.0010514831,0.0010571702,0.0010688725,0.0010737955,0.0010620583,0.0010483264,0.0010407899,0.0010514831,0.0010571702,0.0010688725,0.0010738339,0.0,0.0,0.0010321883,0.0010131402,0.0010693538,0.001091637,0.0010738045,0.0,0.0010483264,0.0010321883,0.0010225407,0.0010327505,0.001108454,0.0,0.0010620584,0.0,0.0010321883,0.0010131402,0.0010693538,0.0010804243,0.0010738163,0.0,0.0010483267,0.0010321883,0.0010225407,0.0010327505,0.0011084573,0.0,0.0010620583,0.0010483267,0.0010407899,0.0010514831,0.0010571702,0.0010688731,0.0010737969,0.0010620583,0.0010483264,0.0010407899,0.0010514831,0.0010571702,0.0010688725,0.0,0.0010620585,0.0010483266,0.0010407899,0.0010514831,0.0010571702,0.0010688725,0.0,0.0,0.0010483267,0.0010321883,0.0010225407,0.0010327505,0.0011084544,0.0010737987,0.0010620583,0.0,0.0,0.0010620584,0.0010620584,0.0010562306,0.001073842,0.0,0.0010483265,0.0,0.0010620584,0.0010483264,0.0010693547,0.001073945,0.0,0.0010620583,0.0010483266,0.0010407899,0.0,0.0010620584,0.0,0.0010620581,0.0,0.0010321883,0.0010131402,0.0010693538,0.0010804276,0.001073803,0.0,0.0010483267,0.0010321883,0.0010225408,0.001032751,0.0011084827,0.0010738128,0.0,0.0,0.0010321883,0.0010131402,0.0010693538,0.001091637,0.0,0.0010620584,0.0010483267,0.0010407899,0.0010514831,0.0010571702,0.0010688725,0.001073831,0.0010620584,0.0010483266,0.0,0.0010620581,0.0010483264,0.0010407912,0.0010737992,0.0,0.0010483266,0.0010321884,0.0010225407,0.0010327505,0.0011084542,0.0010737999,0.0,0.0010483264,0.0010321883,0.0010225408,0.0010327506,0.0011084548,0.0,0.0010620584,0.0010620584,0.0010562304,0.0010671888,0.0,0.000990612,0.0010738475,0.0,0.0010483266,0.0010321883,0.0010225407,0.0010327505,0.0011084543,0.0010738018,0.0,0.0,0.0010321883,0.0010131402,0.0010693538,0.0010916373,0.001073888,0.0010620592,0.0,0.0010321892,0.0010131404,0.0010693538,0.0010804279,0.0,0.0010620583,0.0010483265,0.0010407899,0.0010514831,0.0010571702,0.0010688725,0.0,0.0010620587,0.0,0.0010321883,0.0010131402,0.0010693538,0.0010804243,0.0,0.0010620583,0.0010483268,0.0010407899,0.0010514831,0.0010571702,0.0010688725,0.0010738112,0.0010620581,0.0010483266,0.0010407901,0.0010514831,0.0010571702,0.0010688727,0.0,0.0,0.0,0.0010321883,0.0010131402,0.0010693538,0.0010916372,0.001073795,0.0010620583,0.0,0.0010321883,0.0010131402,0.0010693538,0.0010804248,0.0010738085,0.0010620583,0.0010483267,0.0010693538,0.0,0.0010321883,0.0010131403,0.0,0.0010620583,0.0010483267,0.0010407899,0.0010514831,0.0010571702,0.0010688727,0.0,0.0010620583,0.0010483264,0.0010407899,0.0010514831,0.0010571702,0.0010688725,0.0,0.0010620587,0.0010483266,0.0010407899,0.0010514831,0.0010571702,0.0010688731,0.0010738083,0.0010620583,0.0010483267,0.0010407899,0.0010514831,0.0010571702,0.0010688729,0.0,0.0,0.0010483267,0.0010321883,0.0010225407,0.0010327505,0.0011084542,0.0,0.0010620583,0.0010483264,0.0010407899,0.0010514831,0.0010571702,0.0010688725,0.001074019,0.0010620593,0.0010483266,0.00104079,0.0010514831,0.0010571702,0.001068873
k__Bacteria|p__Firmicutes|c__Clostridia|o__Eubacteriales|f__Clostridiaceae|g__Clostridium|s__Clostridium_jeddahense,0.0,0.0010599351,0.0010464025,0.0010392035,0.0010505584,0.0010568826,0.0010690606,0.0,0.0010599352,0.0010464025,0.0010392035,0.0010505584,0.0010568826,0.0010690606,0.0,0.0,0.0010464209,0.0010304915,0.00102118,0.001032058,0.0011073289,0.0010715032,0.0,0.0010464025,0.0010304773,0.0010211795,0.001032058,0.0011073283,0.0,0.0,0.0010464025,0.0010304773,0.0010211795,0.001032058,0.0011073286,0.0010714867,0.0010599351,0.0010464025,0.0010392035,0.0010505584,0.0010568826,0.0010690605,0.0,0.0010599359,0.0010464028,0.0010392035,0.0010505584,0.0010568826,0.0010690612,0.0010714869,0.0010599351,0.0010464025,0.0010392035,0.0010505584,0.0010568826,0.0010690606,0.0,0.0010599355,0.0010464034,0.0010392036,0.0010505584,0.0010568826,0.0010690608,0.0,0.0010599352,0.0010464025,0.0010392035,0.0010505584,0.0010568826,0.0010690606,0.0,0.0010599352,0.0,0.0010304773,0.0010116558,0.0010673589,0.001079076,0.0,0.0010599351,0.0010464025,0.0010392035,0.0010505584,0.0010568826,0.0010690609,0.0,0.0,0.0,0.0010304773,0.0010116558,0.0010673589,0.0010900941,0.0010714888,0.0010599352,0.0,0.0010304773,0.0010116558,0.0010673589,0.0010790792,0.0010715,0.0,0.0,0.0010304776,0.0010116558,0.0010673589,0.0010900942,0.0010714943,0.0,0.0010464025,0.0,0.0010599351,0.0010464025,0.0010673589,0.0010714873,0.0,0.0,0.0010304773,0.0010116558,0.0010673589,0.0010900934,0.0,0.0010599368,0.0,0.0010304773,0.0010116558,0.0010673589,0.0010790742,0.0,0.0,0.0010464044,0.0010599357,0.0,0.0010304773,0.0010599352,0.0010714992,0.0010599355,0.0,0.0010304773,0.0010116558,0.0010673589,0.0010790739,0.0,0.0,0.0010464027,0.0010304773,0.0010211795,0.001032058,0.0011073289,0.0,0.0,0.0010464025,0.0,0.0010599351,0.0010464025,0.0010673588,0.0,0.0010599409,0.0,0.0010599353,0.0,0.0010599351,0.0010464026,0.0,0.0,0.0010464225,0.0010304805,0.0010211794,0.001032058,0.001107329,0.0,0.0010599789,0.0010599401,0.0010544333,0.0010660444,0.0,0.0009893454,0.0,0.0010599381,0.0010464038,0.0,0.0010599355,0.0010464027,0.0010392069,0.0010714906,0.0010599351,0.0010464025,0.0,0.0010599351,0.0010464025,0.0010392048,0.0,0.0010599353,0.0010464026,0.0010392035,0.0010505584,0.0010568826,0.0010690606,0.0010714869,0.0010599351,0.0010464025,0.0010392035,0.0010505584,0.0010568826,0.0010690606,0.0010714945,0.0,0.0,0.0010304773,0.0010116558,0.0010673589,0.0010900935,0.0010714864,0.0,0.0010464025,0.0010304773,0.0010211795,0.001032058,0.0011073288,0.0,0.0010599353,0.0,0.0010304773,0.0010116558,0.0010673589,0.0010790738,0.0010714948,0.0,0.0010464025,0.0010304772,0.0010211795,0.001032058,0.0011073354,0.0,0.0010599351,0.0010464025,0.0010392035,0.0010505584,0.0010568826,0.0010690619,0.0010714866,0.0010599351,0.0010464025,0.0010392035,0.0010505584,0.0010568826,0.0010690605,0.0,0.0010599359,0.0010464027,0.0010392035,0.0010505584,0.0010568826,0.0010690606,0.0,0.0,0.0010464025,0.0010304773,0.0010211795,0.001032058,0.0011073286,0.0010714874,0.0010599351,0.0,0.0,0.0010599353,0.0010599352,0.0010544335,0.001071504,0.0,0.0010464032,0.0,0.0010599353,0.0010464025,0.0010673632,0.001071519,0.0,0.0010599355,0.0010464027,0.0010392035,0.0,0.0010599357,0.0,0.0010599351,0.0,0.0010304773,0.0010116558,0.0010673588,0.0010790796,0.0010714894,0.0,0.0010464025,0.0010304773,0.0010211794,0.0010320586,0.0011073628,0.0010714988,0.0,0.0,0.0010304773,0.0010116558,0.0010673589,0.0010900935,0.020768138,0.0010599353,0.0010464026,0.0010392035,0.0010505584,0.0010568826,0.0010690606,0.0010714794,0.0010599352,0.0010464027,0.0,0.0010599351,0.0010464025,0.0010392044,0.0010714865,0.0,0.0010464027,0.0010304775,0.0010211795,0.001032058,0.0011073297,0.0010714888,0.0,0.0010464026,0.0010304773,0.0010211794,0.0010320581,0.0011073299,0.0,0.0010599354,0.0010599352,0.0010544329,0.0010660447,0.0,0.0009893877,0.0010714934,0.0,0.0010464027,0.0010304773,0.0010211795,0.001032058,0.0011073286,0.0010714886,0.0,0.0,0.0010304773,0.0010116558,0.0010673589,0.0010900941,0.0010714984,0.0010599358,0.0,0.0010304783,0.0010116564,0.0010673589,0.00107908,0.0,0.0010599352,0.0010464027,0.0010392035,0.0010505584,0.0010568826,0.0010690605,0.0,0.0010599373,0.0,0.0010304773,0.0010116558,0.0010673589,0.0010790738,0.0,0.0010599355,0.0010464027,0.0010392035,0.0010505584,0.0010568826,0.0010690606,0.0010714919,0.0010599354,0.0010464028,0.001039204,0.0010505584,0.0010568826,0.0010690611,0.0,0.0,0.0,0.0010304773,0.0010116558,0.0010673589,0.0010900941,0.0010714866,0.0010599351,0.0,0.0010304773,0.0010116558,0.0010673589,0.0010790745,0.0010714956,0.0010599352,0.0010464025,0.0010673589,0.0,0.0010304773,0.0010116564,0.0,0.0010599351,0.0010464025,0.0010392035,0.0010505584,0.0010568826,0.0010690616,0.0,0.0010599351,0.0010464025,0.0010392035,0.0010505584,0.0010568826,0.0010690606,0.0,0.0010599357,0.0010464027,0.0010392035,0.0010505584,0.0010568826,0.0010690622,0.0010714881,0.0010599351,0.0010464025,0.0010392035,0.0010505584,0.0010568826,0.0010690609,0.0,0.0,0.0010464025,0.0010304772,0.0010211795,0.001032058,0.0011073287,0.0,0.0010599351,0.0010464025,0.0010392035,0.0010505584,0.0010568826,0.0010690606,0.0010716361,0.0010599372,0.0010464028,0.0010392037,0.0010505584,0.0010568826,0.0010690627
k__Bacteria|p__Firmicutes|c__Clostridia|o__Eubacteriales|f__Peptostreptococcaceae|g__Peptostreptococcus|s__Peptostreptococcus_SGB749,0.0,0.0010624421,0.0010487414,0.0010412417,0.0010519865,0.0010577262,0.0010694601,0.0,0.0010624423,0.0010487414,0.0010412417,0.0010519865,0.0010577262,0.0010694604,0.0,0.0,0.0010487455,0.0010326388,0.0010230256,0.0010332896,0.0011088663,0.0010741564,0.0,0.0010487414,0.0010326348,0.0010230254,0.0010332896,0.0011088664,0.0,0.0,0.0010487414,0.0010326348,0.0010230254,0.0010332896,0.0011088664,0.00107415,0.0010624422,0.0010487414,0.0010412417,0.0010519865,0.0010577262,0.0010694603,0.0,0.0010624422,0.0010487414,0.0010412417,0.0010519865,0.0010577262,0.0010694603,0.00107415,0.0010624422,0.0010487414,0.0010412417,0.0010519865,0.0010577262,0.0010694603,0.0,0.0010624422,0.0010487413,0.0010412415,0.0010519865,0.0010577262,0.0010694604,0.0,0.0010624423,0.0010487414,0.0010412417,0.0010519865,0.0010577262,0.0010694604,0.0,0.0010624423,0.0,0.0010326348,0.0010136191,0.0010697423,0.0010808583,0.0,0.0010624422,0.0010487414,0.0010412417,0.0010519865,0.0010577262,0.0010694603,0.0,0.0,0.0,0.0010326348,0.0010136191,0.0010697419,0.0010920378,0.0010741501,0.0010624423,0.0,0.0010326348,0.0010136191,0.0010697423,0.0010808565,0.0010741419,0.0,0.0,0.0010326346,0.0010136191,0.0010697423,0.0010920381,0.0010741501,0.0,0.0010487414,0.0,0.0010624422,0.0010487414,0.0010697418,0.0010741496,0.0,0.0,0.0010326348,0.0010136191,0.0010697423,0.0010920384,0.0,0.0010624423,0.0,0.0010326348,0.0010136191,0.0010697423,0.0010808583,0.0,0.0,0.0010487416,0.0010624421,0.0,0.0010326348,0.0010624422,0.0010741551,0.0010624422,0.0,0.0010326345,0.0010136191,0.0010697423,0.0010808584,0.0,0.0,0.0010487414,0.0010326348,0.0010230254,0.0010332896,0.0011088665,0.0,0.0,0.0010487414,0.0,0.0010624422,0.0010487414,0.0010697419,0.0,0.001062444,0.0,0.0010624423,0.0,0.0010624422,0.0010487415,0.0,0.0,0.0010487486,0.0010326358,0.0010230253,0.0010332896,0.0011088662,0.0,0.0010624445,0.0010624427,0.0010566497,0.0010676571,0.0,0.00099109,0.0,0.0010624424,0.0010487415,0.0,0.0010624423,0.0010487414,0.0010412418,0.0010741522,0.0010624422,0.0010487414,0.0,0.0010624422,0.0010487414,0.0010412418,0.0,0.0010624423,0.0010487415,0.0010412417,0.0010519865,0.0010577262,0.0010694603,0.0010741503,0.0010624422,0.0010487414,0.0010412417,0.0010519865,0.0010577262,0.0010694604,0.0010741472,0.0,0.0,0.0010326348,0.0010136191,0.0010697423,0.0010920385,0.0010741475,0.0,0.0010487414,0.0010326348,0.0010230254,0.0010332896,0.0011088663,0.0,0.0010624423,0.0,0.0010326348,0.0010136191,0.0010697423,0.0010808584,0.0010741509,0.0,0.0010487414,0.0010326346,0.0010230254,0.0010332896,0.0011088629,0.0,0.0010624422,0.0010487414,0.0010412417,0.0010519865,0.0010577262,0.0010694601,0.0010741503,0.0010624422,0.0010487414,0.0010412417,0.0010519865,0.0010577262,0.0010694603,0.0,0.0010624424,0.0010487414,0.0010412417,0.0010519865,0.0010577262,0.0010694601,0.0,0.0,0.0010487414,0.0010326348,0.0010230254,0.0010332896,0.0011088665,0.0010741506,0.0010624422,0.0,0.0,0.0010624423,0.0010624423,0.0010566498,0.0010741574,0.0,0.0010487414,0.0,0.0010624423,0.0010487414,0.0010697417,0.0010741475,0.0,0.0010624422,0.0010487414,0.0010412417,0.0,0.0010624423,0.0,0.0010624421,0.0,0.0010326348,0.0010136191,0.0010697421,0.0010808578,0.001074151,0.0,0.0010487414,0.0010326348,0.0010230253,0.0010332896,0.001108839,0.0010741542,0.0,0.0,0.0010326348,0.0010136191,0.0010697423,0.0010920386,0.0,0.0010624423,0.0010487415,0.0010412417,0.0010519865,0.0010577262,0.0010694604,0.0010741686,0.0010624423,0.0010487414,0.0,0.0010624421,0.0010487414,0.0010412416,0.0010741492,0.0,0.0010487414,0.0010326346,0.0010230254,0.0010332896,0.0011088658,0.0010741504,0.0,0.0010487415,0.0010326346,0.0010230253,0.0010332896,0.0011088654,0.0,0.0010624423,0.0010624423,0.0010566496,0.0010676568,0.0,0.0009911085,0.0010741457,0.0,0.0010487414,0.0010326348,0.0010230254,0.0010332896,0.0011088667,0.0010741508,0.0,0.0,0.0010326348,0.0010136191,0.0010697423,0.0010920386,0.0010741496,0.001062442,0.0,0.0010326346,0.0010136187,0.0010697419,0.001080857,0.0,0.0010624422,0.0010487414,0.0010412417,0.0010519865,0.0010577262,0.0010694603,0.0,0.0010624427,0.0,0.0010326348,0.0010136191,0.0010697423,0.0010808584,0.0,0.0010624422,0.0010487412,0.0010412417,0.0010519865,0.0010577262,0.0010694603,0.0010741476,0.0010624421,0.0010487412,0.0010412416,0.0010519865,0.0010577262,0.0010694602,0.0,0.0,0.0,0.0010326348,0.0010136191,0.0010697423,0.0010920386,0.00107415,0.0010624422,0.0,0.0010326348,0.0010136191,0.0010697423,0.001080858,0.0010741523,0.0010624422,0.0010487414,0.0010697423,0.0,0.0010326348,0.0010136191,0.0,0.0010624422,0.0010487414,0.0010412417,0.0010519865,0.0010577262,0.0010694602,0.0,0.0010624422,0.0010487414,0.0010412417,0.0010519865,0.0010577262,0.0010694602,0.0,0.0010624422,0.0010487414,0.0010412417,0.0010519865,0.0010577262,0.0010694602,0.0010741473,0.0010624422,0.0010487414,0.0010412417,0.0010519865,0.0010577262,0.0010694604,0.0,0.0,0.0010487414,0.0010326348,0.0010230254,0.0010332896,0.0011088663,0.0,0.0010624422,0.0010487414,0.0010412417,0.0010519865,0.0010577262,0.0010694604,0.0010742205,0.0010624427,0.0010487414,0.0010412417,0.0010519865,0.0010577262,0.0010694604
k__Bacteria|p__Firmicutes|c__Bacilli|o__Lactobacillales|f__Lactobacillaceae|g__Limosilactobacillus|s__Limosilactobacillus_portuensis,0.0,0.0010600081,0.0010461706,0.0010385222,0.001049088,0.0010546376,0.0010662738,0.0,0.0010600082,0.0010461706,0.0010385222,0.001049088,0.0010546376,0.0010662734,0.0,0.0,0.0010461976,0.0010299425,0.001020162,0.0010302317,0.0011064346,0.0010718987,0.0,0.0010461706,0.001029924,0.0010201607,0.0010302317,0.001106434,0.0,0.0,0.0010461706,0.001029924,0.0010201607,0.0010302317,0.0011064338,0.0010718483,0.0010600081,0.0010461706,0.0010385222,0.001049088,0.0010546376,0.0010662735,0.0,0.0010600095,0.0010461707,0.0010385222,0.001049088,0.0010546376,0.0010662741,0.0010718483,0.0010600081,0.0010461706,0.0010385222,0.001049088,0.0010546376,0.0010662738,0.0,0.0010600085,0.0010461716,0.0010385222,0.001049088,0.0010546376,0.0010662741,0.0,0.0010600082,0.0010461706,0.0010385222,0.001049088,0.0010546376,0.0010662735,0.0,0.0010600082,0.0,0.001029924,0.0010107671,0.0010673053,0.0010782738,0.0,0.0010600081,0.0010461706,0.0010385221,0.001049088,0.0010546376,0.0010662738,0.024216997,0.003465254,0.0,0.001029924,0.0010107671,0.0010673053,0.0010896018,0.0010718617,0.0010600082,0.0,0.001029924,0.0010107671,0.0010673053,0.0010782806,0.0010719546,0.0,0.0,0.0010299244,0.0010107671,0.0010673053,0.001089601,0.0010718859,0.0020447453,0.0010461706,0.0,0.0010600081,0.0010461706,0.0010673054,0.0010718534,0.0022332754,0.0,0.001029924,0.0010107671,0.0010673053,0.0010895999,0.0,0.0010600109,0.0,0.001029924,0.0010107671,0.0010673053,0.001078272,0.0,0.0,0.0010461723,0.0010600105,0.0,0.001029924,0.0010600082,0.0010718888,0.0010600085,0.0,0.001029924,0.0010107671,0.0010673053,0.0010782717,0.0,0.0,0.0010461708,0.001029924,0.0010201607,0.0010302317,0.0011064347,0.0,0.0,0.0010461706,0.0,0.0010600081,0.0010461706,0.0010673053,0.0,0.0010600147,0.0,0.0010600082,0.0,0.0010600081,0.0010461707,0.0,0.0,0.0010462025,0.0010299295,0.0010201611,0.0010302317,0.0011064345,0.0,0.0010600854,0.0010600167,0.0010540747,0.0010649167,0.0,0.0009881104,0.0,0.0010600124,0.0010461723,0.0,0.0010600089,0.0010461707,0.001038526,0.0010718583,0.0010600081,0.0010461706,0.0,0.0010600081,0.0010461706,0.0010385233,0.0,0.0010600083,0.0010461707,0.0010385221,0.001049088,0.0010546376,0.0010662735,0.0010718481,0.0010600081,0.0010461706,0.0010385222,0.001049088,0.0010546376,0.0010662735,0.001071892,0.0,0.0,0.001029924,0.0010107671,0.0010673053,0.0010895998,0.0010718583,0.0,0.0010461706,0.001029924,0.0010201607,0.0010302317,0.0011064344,0.0,0.0010600082,0.0,0.001029924,0.0010107671,0.0010673053,0.0010782717,0.0010718724,0.0,0.0010461706,0.001029924,0.0010201607,0.0010302317,0.0011064437,0.0,0.0010600081,0.0010461706,0.0010385222,0.001049088,0.0010546376,0.001066275,0.0010718495,0.0010600081,0.0010461706,0.0010385222,0.001049088,0.0010546376,0.0010662735,0.0,0.0010600092,0.0010461707,0.0010385221,0.001049088,0.0010546376,0.0010662738,0.0,0.0,0.0010461706,0.001029924,0.0010201607,0.0010302317,0.0011064343,0.0010718516,0.0010600081,0.0,0.0,0.0010600082,0.0010600082,0.0010540744,0.0010719011,0.0,0.001046171,0.0,0.0010600082,0.0010461706,0.00106731,0.0010720089,0.0,0.0010600085,0.0010461707,0.0010385221,0.0,0.001060009,0.0,0.001060008,0.0,0.001029924,0.0010107671,0.0010673054,0.0010782786,0.0010718575,0.0,0.0010461706,0.001029924,0.0010201611,0.0010302322,0.0011065002,0.001071873,0.0,0.0,0.001029924,0.0010107671,0.0010673053,0.0010895999,0.0,0.0010600082,0.0010461707,0.0010385222,0.001049088,0.0010546376,0.0010662734,0.0010718555,0.0010600082,0.0010461707,0.0,0.0010600081,0.0010461706,0.0010385239,0.0010718524,0.0,0.0010461707,0.0010299244,0.0010201607,0.0010302317,0.0011064357,0.001071854,0.0,0.0010461707,0.001029924,0.0010201611,0.0010302317,0.0011064364,0.0,0.0010600085,0.0010600087,0.0010540738,0.0010649165,0.0,0.000988154,0.0010719035,0.0,0.0010461707,0.001029924,0.0010201607,0.0010302317,0.0011064338,0.0010718555,0.0,0.0,0.001029924,0.0010107671,0.0010673053,0.0010896011,0.0010719446,0.0010600098,0.0,0.0010299259,0.0010107676,0.0010673054,0.0010782803,0.0,0.0010600082,0.0010461707,0.0010385221,0.001049088,0.0010546376,0.0010662735,0.0,0.0010600102,0.0,0.001029924,0.0010107671,0.0010673053,0.0010782717,0.0,0.0010600083,0.0010461708,0.0010385221,0.001049088,0.0010546376,0.0010662737,0.0010718696,0.0010600084,0.0010461708,0.0010385226,0.001049088,0.0010546376,0.001066274,0.0,0.0,0.0,0.001029924,0.0010107671,0.0010673053,0.0010896001,0.0010718477,0.0010600081,0.0,0.001029924,0.0010107671,0.0010673053,0.0010782728,0.0010718666,0.0010600082,0.0010461706,0.0010673053,0.0,0.001029924,0.0010107673,0.0,0.0010600081,0.0010461706,0.0010385221,0.001049088,0.0010546376,0.0010662741,0.0,0.0010600081,0.0010461706,0.0010385221,0.001049088,0.0010546376,0.0010662735,0.0,0.0010600094,0.0010461707,0.0010385221,0.001049088,0.0010546376,0.0010662748,0.0010718642,0.0010600081,0.0010461706,0.0010385221,0.001049088,0.0010546376,0.001066274,0.0,0.0,0.0010461706,0.001029924,0.0010201607,0.0010302317,0.0011064344,0.0,0.0010600081,0.0010461706,0.0010385222,0.001049088,0.0010546376,0.0010662735,0.0010720977,0.001060011,0.0010461708,0.0010385222,0.001049088,0.0010546376,0.0010662753
k__Bacteria|p__Firmicutes|c__Clostridia|o__Eubacteriales|f__Clostridiaceae|g__Clostridium|s__Clostridium_celatum,0.0,0.001058687,0.0010450677,0.0010377677,0.0010489874,0.0010551718,0.0010672697,0.0,0.001058687,0.0010450677,0.0010377677,0.0010489874,0.0010551718,0.0010672698,0.0,0.0,0.0010450893,0.0010290686,0.0010196518,0.001030386,0.0011060291,0.0010703627,0.0,0.0010450677,0.0010290532,0.0010196506,0.001030386,0.0011060286,0.0,0.0,0.0010450677,0.0010290532,0.0010196506,0.001030386,0.0011060284,0.0010703224,0.001058687,0.0010450677,0.0010377677,0.0010489874,0.0010551718,0.0010672697,0.0,0.001058688,0.001045068,0.0010377677,0.0010489874,0.0010551718,0.0010672698,0.0010703224,0.001058687,0.0010450677,0.0010377677,0.0010489874,0.0010551718,0.0010672698,0.0,0.0010586873,0.0010450683,0.0010377682,0.0010489876,0.0010551718,0.0010672705,0.0,0.001058687,0.0010450677,0.0010377677,0.0010489874,0.0010551718,0.0010672698,0.0,0.001058687,0.0,0.0010290532,0.0010101412,0.0010661024,0.0010777013,0.0,0.001058687,0.0010450677,0.0010377677,0.0010489874,0.0010551718,0.0010672702,0.0,0.0,0.0,0.0010290532,0.0010101412,0.0010661024,0.0010888148,0.0010703326,0.001058687,0.0,0.0010290532,0.0010101412,0.0010661024,0.0010777073,0.0010704072,0.0,0.0,0.0010290531,0.0010101412,0.0010661024,0.0010888139,0.0010703512,0.0,0.0010450677,0.0,0.001058687,0.0010450677,0.0010661025,0.0010703264,0.0,0.0,0.0010290532,0.0010101412,0.0010661024,0.0010888122,0.0,0.001058689,0.0,0.0010290532,0.0010101412,0.0010661024,0.0010776999,0.0,0.0,0.0010450695,0.0010586889,0.0,0.0010290532,0.001058687,0.0010703587,0.0010586873,0.0,0.0010290531,0.0010101412,0.0010661024,0.0010776996,0.0,0.0,0.0010450678,0.0010290532,0.0010196506,0.001030386,0.0011060289,0.0,0.0,0.0010450677,0.0,0.001058687,0.0010450677,0.0010661024,0.0,0.0010586922,0.0,0.0010586871,0.0,0.001058687,0.0010450678,0.0,0.0,0.0010450942,0.0010290572,0.001019651,0.001030386,0.0011060293,0.0,0.0010587388,0.001058693,0.001053089,0.0010645736,0.0,0.0009877403,0.0,0.0010586901,0.0010450692,0.0,0.0010586875,0.0010450679,0.0010377709,0.0010703305,0.001058687,0.0010450677,0.0,0.001058687,0.0010450677,0.0010377689,0.0,0.0010586872,0.0010450678,0.0010377677,0.0010489874,0.0010551718,0.0010672698,0.0010703224,0.001058687,0.0010450677,0.0010377677,0.0010489874,0.0010551718,0.0010672698,0.0010703596,0.0,0.0,0.0010290532,0.0010101412,0.0010661024,0.0010888121,0.00107033,0.0,0.0010450677,0.0010290532,0.0010196506,0.001030386,0.0011060288,0.0,0.0010586871,0.0,0.0010290532,0.0010101412,0.0010661024,0.0010776995,0.0010703398,0.0,0.0010450677,0.0010290532,0.0010196506,0.001030386,0.0011060346,0.0,0.001058687,0.0010450677,0.0010377677,0.0010489874,0.0010551718,0.0010672713,0.0010703232,0.001058687,0.0010450677,0.0010377677,0.0010489874,0.0010551718,0.0010672697,0.0,0.0010586878,0.0010450679,0.0010377681,0.0010489874,0.0010551718,0.0010672697,0.0,0.0,0.0010450677,0.0010290532,0.0010196506,0.001030386,0.0011060286,0.0010703248,0.001058687,0.0,0.0,0.0010586871,0.001058687,0.0010530892,0.0010703672,0.0,0.001045068,0.0,0.0010586871,0.0010450677,0.0010661052,0.0010704478,0.0,0.0010586871,0.0010450679,0.0010377677,0.0,0.0010586878,0.0,0.0010586869,0.0,0.0010290532,0.0010101412,0.0010661025,0.0010777029,0.0010703305,0.0,0.0010450677,0.0010290532,0.001019651,0.0010303864,0.0011060815,0.0010703453,0.0,0.0,0.0010290532,0.0010101412,0.0010661024,0.0010888122,0.0,0.0010586871,0.0010450678,0.0010377677,0.0010489874,0.0010551718,0.0010672698,0.0010703338,0.001058687,0.0010450679,0.0,0.001058687,0.0010450677,0.0010377691,0.0010703253,0.0,0.0010450679,0.0010290532,0.0010196506,0.001030386,0.0011060307,0.0010703271,0.0,0.0010450678,0.0010290532,0.001019651,0.001030386,0.0011060302,0.0,0.001058687,0.0010586871,0.0010530883,0.0010645735,0.0,0.0009877837,0.0010703664,0.0,0.0010450679,0.0010290532,0.0010196506,0.001030386,0.0011060284,0.0010703286,0.0,0.0,0.0010290532,0.0010101412,0.0010661024,0.0010888142,0.001070402,0.0010586882,0.0,0.0010290543,0.0010101413,0.0010661025,0.0010777074,0.0,0.0010586871,0.0010450679,0.0010377677,0.0010489874,0.0010551718,0.0010672697,0.0,0.0010586885,0.0,0.0010290532,0.0010101412,0.0010661024,0.0010776995,0.0,0.001058687,0.0010450678,0.0010377681,0.0010489874,0.0010551718,0.0010672698,0.0010703389,0.001058687,0.0010450678,0.0010377681,0.0010489876,0.0010551718,0.0010672701,0.0,0.0,0.0,0.0010290532,0.0010101412,0.0010661024,0.0010888128,0.0010703219,0.001058687,0.0,0.0010290532,0.0010101412,0.0010661024,0.0010777005,0.0010703384,0.0010586871,0.0010450677,0.0010661024,0.0,0.0010290532,0.0010101413,0.0,0.001058687,0.0010450677,0.0010377681,0.0010489874,0.0010551718,0.0010672705,0.0,0.001058687,0.0010450677,0.0010377677,0.0010489874,0.0010551718,0.0010672702,0.0,0.0010586877,0.0010450679,0.0010377681,0.0010489874,0.0010551718,0.0010672711,0.0010703342,0.001058687,0.0010450677,0.0010377677,0.0010489874,0.0010551718,0.0010672703,0.0,0.0,0.0010450677,0.0010290532,0.0010196506,0.001030386,0.0011060287,0.0,0.001058687,0.0010450677,0.0010377677,0.0010489874,0.0010551718,0.0010672698,0.001070543,0.001058689,0.001045068,0.001037768,0.0010489874,0.0010551718,0.0010672722
k__Bacteria|p__Firmicutes|c__Tissierellia|o__Tissierellales|f__Peptoniphilaceae|g__Anaerococcus|s__Anaerococcus_SGB6671,0.0,0.0010594634,0.0010459434,0.0010387729,0.0010501926,0.0010565781,0.0010688057,0.0,0.0010594637,0.0010459434,0.0010387729,0.0010501926,0.0010565781,0.0010688058,0.0,0.0,0.0010459402,0.0010300298,0.0010207631,0.001031707,0.0011069785,0.0010709957,0.0,0.0010459434,0.0010300322,0.0010207632,0.001031707,0.0011069787,0.0,0.0,0.0010459434,0.0010300318,0.0010207632,0.001031707,0.0011069789,0.0010710037,0.0010594636,0.0010459434,0.0010387729,0.0010501926,0.0010565781,0.0010688057,0.0,0.0010594634,0.0010459435,0.0010387729,0.0010501926,0.0010565781,0.0010688062,0.0010710038,0.0010594636,0.0010459434,0.0010387729,0.0010501926,0.0010565781,0.0010688057,0.0,0.0010594636,0.0010459432,0.0010387729,0.0010501926,0.0010565781,0.0010688058,0.0,0.0010594637,0.0010459434,0.0010387729,0.0010501926,0.0010565781,0.0010688058,0.0,0.0010594637,0.0,0.0010300318,0.001011226,0.0010669027,0.0010786834,0.0,0.0010594636,0.0010459434,0.0010387728,0.0010501926,0.0010565781,0.001068806,0.0,0.0,0.0,0.0010300318,0.001011226,0.0010669027,0.0010896927,0.0010710021,0.0010594637,0.0,0.0010300318,0.001011226,0.0010669027,0.0010786816,0.0010709874,0.0,0.0,0.0010300319,0.001011226,0.0010669027,0.0010896927,0.0010709993,0.0,0.0010459434,0.0,0.0010594636,0.0010459434,0.0010669028,0.001071003,0.0,0.0,0.0010300318,0.001011226,0.0010669027,0.0010896925,0.0,0.0010594631,0.0,0.0010300318,0.001011226,0.0010669027,0.0010786832,0.0,0.0,0.0010459434,0.0010594632,0.0,0.0010300318,0.0010594635,0.0010709981,0.0010594636,0.0,0.0010300318,0.001011226,0.0010669027,0.0010786832,0.0,0.0,0.0010459436,0.0010300318,0.0010207632,0.001031707,0.0011069785,0.0,0.0,0.0010459434,0.0,0.0010594636,0.0010459434,0.0010669027,0.0,0.0010594623,0.0,0.0010594638,0.0,0.0010594636,0.0010459435,0.0,0.0,0.0010459385,0.001030031,0.0010207632,0.001031707,0.0011069782,0.0,0.0010594474,0.0010594615,0.0010539886,0.0010656655,0.0,0.0009889217,0.0,0.001059463,0.0010459431,0.0,0.0010594636,0.0010459435,0.0010387731,0.0010710026,0.0010594636,0.0010459434,0.0,0.0010594636,0.0010459434,0.0010387729,0.0,0.0010594636,0.0010459435,0.0010387728,0.0010501926,0.0010565781,0.0010688058,0.0010710041,0.0010594636,0.0010459434,0.0010387729,0.0010501926,0.0010565781,0.0010688058,0.0010709977,0.0,0.0,0.0010300322,0.001011226,0.0010669027,0.0010896923,0.0010710008,0.0,0.0010459434,0.0010300322,0.0010207632,0.001031707,0.0011069784,0.0,0.0010594638,0.0,0.0010300322,0.001011226,0.0010669027,0.0010786831,0.0010709999,0.0,0.0010459434,0.0010300318,0.0010207632,0.001031707,0.0011069772,0.0,0.0010594636,0.0010459434,0.0010387729,0.0010501926,0.0010565781,0.001068806,0.0010710036,0.0010594636,0.0010459434,0.0010387729,0.0010501926,0.0010565781,0.0010688057,0.0,0.0010594634,0.0010459435,0.0010387728,0.0010501926,0.0010565781,0.0010688057,0.0,0.0,0.0010459434,0.0010300318,0.0010207632,0.001031707,0.0011069789,0.0010710035,0.0010594636,0.0,0.0,0.0010594638,0.0010594637,0.0010539888,0.0010709956,0.0,0.0010459435,0.0,0.0010594638,0.0010459434,0.001066904,0.001070987,0.0,0.0010594636,0.0010459435,0.0010387728,0.0,0.0010594637,0.0,0.0010594636,0.0011138738,0.0010300318,0.001011226,0.0010669027,0.0010786846,0.0010710026,0.0,0.0010459434,0.0010300322,0.0010207632,0.0010317068,0.0011069762,0.0010709995,0.0,0.0,0.0010300318,0.001011226,0.0010669027,0.0010896923,0.0,0.0010594638,0.0010459435,0.0010387729,0.0010501926,0.0010565781,0.0010688058,0.0010710055,0.0010594635,0.0010459435,0.0,0.0010594634,0.0010459434,0.0010387726,0.001071003,0.0,0.0010459435,0.0010300318,0.0010207632,0.001031707,0.0011069786,0.0010710028,0.0,0.0010459435,0.0010300318,0.0010207632,0.0010317068,0.001106978,0.0,0.0010594635,0.0010594636,0.0010539887,0.0010656655,0.0,0.0009889398,0.0010709956,0.0,0.0010459435,0.0010300318,0.0010207632,0.001031707,0.0011069789,0.0010710033,0.0,0.0,0.0010300322,0.001011226,0.0010669027,0.0010896926,0.0010709869,0.0010594632,0.0,0.0010300319,0.0010112256,0.0010669028,0.0010786838,0.0,0.0010594637,0.0010459435,0.0010387728,0.0010501926,0.0010565781,0.0010688057,0.0,0.0010594632,0.0,0.0010300318,0.001011226,0.0010669027,0.0010786831,0.0,0.0010594635,0.0010459436,0.0010387728,0.0010501926,0.0010565781,0.0010688058,0.001071,0.0010594635,0.0010459435,0.0010387726,0.0010501926,0.0010565781,0.0010688059,0.0,0.0,0.0,0.0010300322,0.001011226,0.0010669027,0.0010896927,0.0010710038,0.0010594636,0.0,0.0010300322,0.001011226,0.0010669027,0.0010786828,0.0010710008,0.0010594637,0.0010459434,0.0010669027,0.0007190325,0.0010300322,0.0010112263,0.0,0.0010594636,0.0010459434,0.0010387728,0.0010501926,0.0010565781,0.0010688059,0.0,0.0010594636,0.0010459434,0.0010387728,0.0010501926,0.0010565781,0.0010688058,0.0,0.0010594631,0.0010459435,0.0010387728,0.0010501926,0.0010565781,0.0010688062,0.0010710006,0.0010594636,0.0010459434,0.0010387728,0.0010501926,0.0010565781,0.0010688057,0.0,0.0,0.0010459434,0.0010300318,0.0010207632,0.001031707,0.0011069787,0.0,0.0010594636,0.0010459434,0.0010387729,0.0010501926,0.0010565781,0.0010688058,0.0010710029,0.0010594632,0.0010459435,0.0010387728,0.0010501926,0.0010565781,0.0010688063
k__Bacteria|p__Firmicutes|c__Tissierellia|o__Tissierellales|f__Peptoniphilaceae|g__Anaerococcus|s__Anaerococcus_mediterraneensis,0.0,0.001059686,0.0010458998,0.0010383338,0.0010490547,0.0010547545,0.0010665,0.0,0.0010596861,0.0010458998,0.0010383338,0.0010490547,0.0010547545,0.0010665001,0.0,0.0,0.0010459103,0.0010297139,0.0010200307,0.0010302583,0.0011063304,0.0010715249,0.0,0.0010458998,0.001029708,0.0010200301,0.0010302583,0.0011063296,0.0,0.0,0.0010458998,0.001029708,0.0010200301,0.0010302583,0.0011063296,0.0010714775,0.0010596861,0.0010458998,0.0010383338,0.0010490547,0.0010547545,0.0010665001,0.0,0.001059686,0.0010458998,0.0010383338,0.0010490547,0.0010547545,0.001066501,0.0010714777,0.0010596861,0.0010458998,0.0010383338,0.0010490547,0.0010547545,0.0010665001,0.0,0.0010596861,0.0010459006,0.0010383341,0.0010490547,0.0010547545,0.0010665004,0.0,0.0010596861,0.0010458998,0.0010383338,0.0010490547,0.0010547545,0.0010665001,0.0,0.0010596861,0.0,0.001029708,0.0010106091,0.0010670114,0.0010781288,0.0,0.0010596861,0.0010458998,0.0010383338,0.0010490547,0.0010547545,0.0010665004,0.0,0.0,0.0,0.001029708,0.0010106091,0.0010670114,0.0010894052,0.001071491,0.0010596861,0.0,0.001029708,0.0010106091,0.0010670114,0.0010781353,0.0010715841,0.0,0.0,0.0010297083,0.0010106091,0.0010670114,0.0010894052,0.0010715112,0.0,0.0010458998,0.0,0.0010596861,0.0010458998,0.0010670113,0.0010714812,0.0,0.0,0.001029708,0.0010106091,0.0010670114,0.0010894046,0.0,0.0010596872,0.0,0.001029708,0.0010106091,0.0010670114,0.0010781275,0.0,0.0,0.0010459004,0.0010596871,0.0,0.001029708,0.0010596861,0.0010715042,0.0010596861,0.0,0.0010297078,0.0010106091,0.0010670114,0.0010781273,0.0,0.0,0.0010458998,0.001029708,0.0010200301,0.0010302583,0.0011063298,0.0,0.0,0.0010458998,0.0,0.0010596861,0.0010458998,0.0010670113,0.0,0.0010596885,0.0,0.0010596862,0.0,0.0010596861,0.0010458998,0.0,0.0,0.0010459134,0.00102971,0.0010200302,0.0010302583,0.0011063296,0.0,0.0010597095,0.0010596891,0.0010538313,0.001064826,0.0,0.0009880121,0.0,0.0010596879,0.0010459005,0.0,0.0010596862,0.0010458998,0.0010383363,0.0010714852,0.0010596861,0.0010458998,0.0,0.0010596861,0.0010458998,0.0010383348,0.0,0.0010596862,0.0010458998,0.0010383338,0.0010490547,0.0010547545,0.0010665001,0.0010714777,0.0010596861,0.0010458998,0.0010383338,0.0010490547,0.0010547545,0.0010665001,0.0010715132,0.0,0.0,0.001029708,0.0010106091,0.0010670114,0.0010894045,0.0010714845,0.0,0.0010458998,0.001029708,0.0010200301,0.0010302583,0.0011063297,0.0,0.0010596862,0.0,0.001029708,0.0010106091,0.0010670114,0.0010781273,0.0010715012,0.0,0.0010458998,0.001029708,0.0010200301,0.0010302583,0.0011063364,0.0,0.0010596861,0.0010458998,0.0010383338,0.0010490547,0.0010547545,0.0010665013,0.0010714787,0.0010596861,0.0010458998,0.0010383338,0.0010490547,0.0010547545,0.0010665001,0.0,0.0010596863,0.0010458998,0.0010383338,0.0010490547,0.0010547545,0.0010665,0.0,0.0,0.0010458998,0.001029708,0.0010200301,0.0010302583,0.0011063297,0.0010714803,0.0010596861,0.0,0.0,0.0010596862,0.0010596861,0.001053831,0.0010715239,0.0,0.0010458999,0.0,0.0010596862,0.0010458998,0.0010670143,0.0010716426,0.0,0.0010596861,0.0010458998,0.0010383338,0.0,0.0010596863,0.0,0.001059686,0.0,0.001029708,0.0010106091,0.0010670113,0.0010781366,0.0010714848,0.0,0.0010458998,0.001029708,0.0010200302,0.001030259,0.0011063818,0.001071496,0.0,0.0,0.001029708,0.0010106091,0.0010670114,0.0010894046,0.0,0.0010596862,0.0010458998,0.0010383338,0.0010490547,0.0010547545,0.0010665001,0.0010715078,0.0010596861,0.0010458998,0.0,0.001059686,0.0010458998,0.0010383348,0.0010714809,0.0,0.0010458998,0.001029708,0.0010200301,0.0010302583,0.001106331,0.0010714816,0.0,0.0010458998,0.001029708,0.0010200302,0.0010302585,0.0011063316,0.0,0.0010596861,0.0010596861,0.0010538308,0.0010648258,0.0,0.0009880447,0.0010715215,0.0,0.0010458998,0.001029708,0.0010200301,0.0010302583,0.0011063296,0.0010714827,0.0,0.0,0.001029708,0.0010106091,0.0010670114,0.0010894053,0.0010715789,0.0010596869,0.0,0.001029709,0.0010106091,0.0010670114,0.0010781329,0.0,0.0010596861,0.0010458998,0.0010383338,0.0010490547,0.0010547545,0.0010665001,0.0,0.0010596866,0.0,0.001029708,0.0010106091,0.0010670114,0.0010781273,0.0,0.0010596861,0.0010458998,0.0010383338,0.0010490547,0.0010547545,0.0010665001,0.0010714951,0.001059686,0.0010459,0.0010383342,0.0010490547,0.0010547545,0.0010665004,0.0,0.0,0.0,0.001029708,0.0010106091,0.0010670114,0.0010894048,0.0010714771,0.0010596861,0.0,0.001029708,0.0010106091,0.0010670114,0.0010781281,0.0010714902,0.0010596861,0.0010458998,0.0010670114,0.0,0.001029708,0.0010106092,0.0,0.0010596861,0.0010458998,0.0010383338,0.0010490547,0.0010547545,0.0010665009,0.0,0.0010596861,0.0010458998,0.0010383338,0.0010490547,0.0010547545,0.0010665004,0.0,0.0010596865,0.0010458998,0.0010383338,0.0010490547,0.0010547545,0.0010665024,0.0010714886,0.0010596861,0.0010458998,0.0010383338,0.0010490547,0.0010547545,0.0010665006,0.0,0.0,0.0010458998,0.001029708,0.0010200301,0.0010302583,0.0011063302,0.0,0.0010596861,0.0010458998,0.0010383338,0.0010490547,0.0010547545,0.0010665001,0.001071737,0.001059687,0.0010458998,0.0010383338,0.0010490547,0.0010547545,0.0010665026
k__Bacteria|p__Firmicutes|c__Bacilli|o__Lactobacillales|f__Streptococcaceae|g__Streptococcus|s__Streptococcus_equinus,0.0,0.0010604692,0.0010467995,0.0010393875,0.001050352,0.0010562963,0.0010682008,0.0,0.0010604692,0.0010467995,0.0010393875,0.001050352,0.0010562963,0.0010682007,0.0,0.0,0.0010468141,0.0010307389,0.0010212112,0.0010316918,0.0011073399,0.0010721881,0.0,0.0010467995,0.0010307289,0.0010212106,0.0010316918,0.001107339,0.0,0.0,0.0010467995,0.0010307289,0.0010212106,0.0010316918,0.0011073389,0.00107215,0.0010604692,0.0010467995,0.0010393875,0.001050352,0.0010562963,0.0010682007,0.0,0.0010604694,0.0010467997,0.0010393875,0.001050352,0.0010562963,0.0010682014,0.00107215,0.0010604692,0.0010467995,0.0010393875,0.001050352,0.0010562963,0.0010682008,0.0,0.0010604693,0.0010468003,0.001039388,0.001050352,0.0010562963,0.0010682014,0.0,0.0010604692,0.0010467995,0.0010393875,0.001050352,0.0010562963,0.0010682007,0.0,0.0010604692,0.0,0.0010307289,0.0010117546,0.0010678252,0.0010791674,0.0,0.0010604692,0.0010467995,0.0010393875,0.001050352,0.0010562963,0.0010682009,0.0,0.0,0.0,0.0010307289,0.0010117546,0.0010678252,0.0010903234,0.0010721603,0.0010604692,0.0,0.0010307289,0.0010117546,0.0010678252,0.0010791717,0.0010722193,0.0,0.0,0.0010307292,0.0010117546,0.0010678252,0.001090323,0.0010721766,0.0,0.0010467995,0.0,0.0010604692,0.0010467995,0.0010678252,0.0010721528,0.0,0.0,0.0010307289,0.0010117546,0.0010678252,0.0010903224,0.0,0.0010604706,0.0,0.0010307289,0.0010117546,0.0010678252,0.0010791661,0.0,0.0,0.0010468004,0.0010604704,0.0,0.0010307289,0.0010604693,0.0010721743,0.0010604693,0.0,0.0010307289,0.0010117546,0.0010678252,0.001079166,0.0,0.0,0.0010467998,0.0010307289,0.0010212106,0.0010316918,0.0011073395,0.005561099,0.0,0.0010467995,0.0,0.0010604692,0.0010467995,0.0010678251,0.0,0.0010604728,0.0,0.0010604693,0.0,0.0010604692,0.0010467996,0.0,0.0,0.0010468167,0.0010307315,0.0010212109,0.0010316918,0.0011073396,0.0,0.0010605052,0.0010604732,0.0010547625,0.0010659916,0.0,0.000989283,0.0,0.0010604708,0.0010468003,0.0,0.0010604694,0.0010467997,0.0010393901,0.0010721578,0.0010604692,0.0010467995,0.0,0.0010604692,0.0010467995,0.0010393888,0.0,0.0010604694,0.0010467996,0.0010393875,0.001050352,0.0010562963,0.0010682007,0.0010721502,0.0010604692,0.0010467995,0.0010393875,0.001050352,0.0010562963,0.0010682007,0.0010721755,0.0,0.0,0.0010307289,0.0010117546,0.0010678252,0.0010903224,0.0010721546,0.0,0.0010467995,0.0010307289,0.0010212106,0.0010316918,0.0011073393,0.0,0.0010604693,0.0,0.0010307289,0.0010117546,0.0010678252,0.001079166,0.0010721674,0.0,0.0010467995,0.0010307289,0.0010212106,0.0010316918,0.0011073458,0.0,0.0010604692,0.0010467995,0.0010393875,0.001050352,0.0010562963,0.0010682018,0.0010721512,0.0010604692,0.0010467995,0.0010393875,0.001050352,0.0010562963,0.0010682007,0.0,0.0010604698,0.0010467997,0.0010393875,0.001050352,0.0010562963,0.0010682008,0.0,0.0,0.0010467995,0.0010307289,0.0010212106,0.0010316918,0.0011073394,0.0010721529,0.0010604692,0.0,0.0,0.0010604693,0.0010604692,0.0010547624,0.0010721906,0.0,0.0010467997,0.0,0.0010604693,0.0010467995,0.0010678284,0.0010722639,0.0,0.0010604694,0.0010467997,0.0010393875,0.0,0.0010604699,0.0,0.0010604691,0.0,0.0010307289,0.0010117546,0.0010678251,0.0010791706,0.001072156,0.0,0.0010467995,0.0010307289,0.0010212109,0.001031692,0.0011073848,0.001072167,0.0,0.0,0.0010307289,0.0010117546,0.0010678252,0.0010903223,0.0,0.0010604693,0.0010467996,0.0010393875,0.001050352,0.0010562963,0.0010682007,0.0010721852,0.0010604693,0.0010467997,0.0,0.0010604692,0.0010467995,0.0010393888,0.0010721523,0.0,0.0010467997,0.0010307292,0.0010212106,0.0010316918,0.0011073403,0.0010721537,0.0,0.0010467996,0.0010307289,0.0010212109,0.0010316918,0.0011073402,0.0,0.0010604693,0.0010604693,0.001054762,0.0010659915,0.0,0.0009893194,0.0010721821,0.0,0.0010467997,0.0010307289,0.0010212106,0.0010316918,0.0011073389,0.0010721555,0.0,0.0,0.0010307289,0.0010117546,0.0010678252,0.0010903233,0.0010722175,0.0010604699,0.0,0.0010307299,0.0010117552,0.0010678251,0.0010791711,0.002248508,0.0010604693,0.0010467997,0.0010393875,0.001050352,0.0010562963,0.0010682007,0.0,0.0010604702,0.0,0.0010307289,0.0010117546,0.0010678252,0.001079166,0.0,0.0010604693,0.0010467998,0.0010393875,0.001050352,0.0010562963,0.0010682008,0.0010721624,0.0010604693,0.0010467997,0.001039388,0.001050352,0.0010562963,0.0010682011,0.0,0.0,0.0,0.0010307289,0.0010117546,0.0010678252,0.0010903226,0.0010721497,0.0010604692,0.0,0.0010307289,0.0010117546,0.0010678252,0.0010791665,0.0010721615,0.0010604693,0.0010467995,0.0010678252,0.0,0.0010307289,0.0010117547,0.0,0.0010604692,0.0010467995,0.0010393875,0.001050352,0.0010562963,0.0010682014,0.0,0.0010604692,0.0010467995,0.0010393875,0.001050352,0.0010562963,0.001068201,0.0,0.0010604698,0.0010467997,0.0010393875,0.001050352,0.0010562963,0.0010682023,0.001072158,0.0010604692,0.0010467995,0.0010393875,0.001050352,0.0010562963,0.0010682011,0.0,0.0,0.0010467995,0.0010307289,0.0010212106,0.0010316918,0.0011073396,0.0,0.0010604692,0.0010467995,0.0010393875,0.001050352,0.0010562963,0.0010682007,0.0010723758,0.0010604706,0.0010467997,0.0010393877,0.001050352,0.0010562963,0.0010682029
k__Bacteria|p__Firmicutes|c__Clostridia|o__Eubacteriales|f__Lachnospiraceae|g__Lacrimispora|s__Lacrimispora_saccharolytica,0.0,0.0010611854,0.0010476649,0.001040457,0.0010517543,0.0010580297,0.0010701555,0.0,0.0010611856,0.0010476649,0.001040457,0.0010517543,0.0010580297,0.0010701556,0.0,0.0,0.0010476835,0.0010317634,0.0010224436,0.0010332684,0.0011083971,0.0010727715,0.0,0.0010476649,0.0010317505,0.0010224431,0.0010332684,0.0011083962,0.0,0.0,0.0010476649,0.0010317505,0.0010224431,0.0010332684,0.0011083959,0.0010727246,0.0010611855,0.0010476649,0.001040457,0.0010517543,0.0010580297,0.0010701553,0.0,0.001061186,0.0010476651,0.001040457,0.0010517543,0.0010580297,0.0010701566,0.0010727247,0.0010611855,0.0010476649,0.001040457,0.0010517543,0.0010580297,0.0010701555,0.0,0.0010611857,0.0010476658,0.0010404572,0.0010517543,0.0010580297,0.0010701565,0.0,0.0010611856,0.0010476649,0.001040457,0.0010517543,0.0010580297,0.0010701558,0.0,0.0010611856,0.0,0.0010317505,0.0010129373,0.0010685866,0.0010802397,0.0,0.0010611855,0.0010476649,0.001040457,0.0010517543,0.0010580297,0.0010701561,0.0,0.0,0.0,0.0010317505,0.0010129373,0.0010685866,0.0010912415,0.0010727368,0.0010611856,0.0,0.0010317505,0.0010129373,0.0010685866,0.0010802466,0.0010728074,0.0,0.0,0.0010317505,0.0010129373,0.0010685866,0.0010912413,0.001072755,0.0,0.0010476649,0.0,0.0010611855,0.0010476649,0.0010685868,0.0010727281,0.0,0.0,0.0010317505,0.0010129373,0.0010685866,0.0010912399,0.0,0.0010611872,0.0,0.0010317505,0.0010129373,0.0010685866,0.0010802377,0.0,0.0,0.0010476663,0.0010611867,0.0,0.0010317505,0.0010611858,0.0010727537,0.0010611858,0.0,0.0010317503,0.0010129373,0.0010685866,0.0010802373,0.0,0.0,0.001047665,0.0010317505,0.0010224431,0.0010332684,0.0011083966,0.0,0.0,0.0010476649,0.0,0.0010611855,0.0010476649,0.0010685868,0.0,0.0010611906,0.0,0.0010611856,0.0,0.0010611855,0.001047665,0.0,0.0,0.0010476842,0.0010317537,0.0010224431,0.0010332684,0.0011083967,0.0,0.0010612301,0.001061191,0.0010556746,0.0010672247,0.0,0.000990636,0.0,0.0010611882,0.0010476662,0.0,0.001061186,0.001047665,0.0010404605,0.0010727337,0.0010611855,0.0010476649,0.0,0.0010611855,0.0010476649,0.0010404584,0.0,0.0010611856,0.001047665,0.001040457,0.0010517543,0.0010580297,0.0010701556,0.0010727247,0.0010611855,0.0010476649,0.001040457,0.0010517543,0.0010580297,0.0010701558,0.0010727561,0.0,0.0,0.0010317505,0.0010129373,0.0010685866,0.0010912399,0.0010727296,0.0,0.0010476649,0.0010317505,0.0010224431,0.0010332684,0.0011083963,0.0,0.0010611856,0.0,0.0010317505,0.0010129373,0.0010685866,0.0010802372,0.0010727477,0.0,0.0010476649,0.0010317505,0.0010224431,0.0010332684,0.0011084058,0.0,0.0010611855,0.0010476649,0.001040457,0.0010517543,0.0010580297,0.0010701574,0.0010727257,0.0010611855,0.0010476649,0.001040457,0.0010517543,0.0010580297,0.0010701553,0.0,0.001061186,0.001047665,0.001040457,0.0010517543,0.0010580297,0.0010701555,0.0,0.0,0.0010476649,0.0010317505,0.0010224431,0.0010332684,0.0011083962,0.001072728,0.0010611855,0.0,0.0,0.0010611856,0.0010611856,0.0010556746,0.0010727751,0.0,0.0010476655,0.0,0.0010611856,0.0010476649,0.0010685915,0.0010728603,0.0,0.0010611856,0.001047665,0.001040457,0.0,0.0010611864,0.0,0.0010611854,0.0,0.0010317505,0.0010129373,0.0010685867,0.0010802471,0.0010727323,0.0,0.0010476649,0.0010317505,0.0010224431,0.001033269,0.0011084629,0.0010727466,0.0,0.0,0.0010317505,0.0010129373,0.0010685866,0.0010912394,0.0,0.0010611856,0.001047665,0.001040457,0.0010517543,0.0010580297,0.0010701556,0.001072758,0.0010611856,0.001047665,0.0,0.0010611855,0.0010476649,0.0010404584,0.001072727,0.0,0.001047665,0.0010317505,0.0010224431,0.0010332684,0.0011083989,0.0010727295,0.0,0.001047665,0.0010317505,0.0010224431,0.0010332685,0.0011083985,0.0,0.0010611856,0.0010611857,0.001055674,0.0010672249,0.0,0.0009906837,0.0010727632,0.0,0.001047665,0.0010317505,0.0010224431,0.0010332684,0.0011083959,0.0010727311,0.0,0.0,0.0010317505,0.0010129373,0.0010685866,0.0010912414,0.0010728037,0.0010611863,0.0,0.0010317515,0.0010129379,0.001068587,0.001080246,0.0,0.0010611855,0.001047665,0.001040457,0.0010517543,0.0010580297,0.0010701556,0.0,0.0010611871,0.0,0.0010317505,0.0010129373,0.0010685866,0.0010802372,0.0,0.0010611856,0.001047665,0.001040457,0.0010517543,0.0010580297,0.0010701556,0.0010727417,0.0010611855,0.0010476651,0.0010404573,0.0010517543,0.0010580297,0.001070156,0.0,0.0,0.0,0.0010317505,0.0010129373,0.0010685866,0.0010912403,0.0010727242,0.0010611855,0.0,0.0010317505,0.0010129373,0.0010685866,0.0010802385,0.0010727406,0.0010611855,0.0010476649,0.0010685866,0.0,0.0010317505,0.001012938,0.0,0.0010611855,0.0010476649,0.001040457,0.0010517543,0.0010580297,0.0010701568,0.0,0.0010611855,0.0010476649,0.001040457,0.0010517543,0.0010580297,0.001070156,0.0,0.001061186,0.001047665,0.001040457,0.0010517543,0.0010580297,0.0010701584,0.0010727339,0.0010611855,0.0010476649,0.001040457,0.0010517543,0.0010580297,0.0010701561,0.0,0.0,0.0010476649,0.0010317505,0.0010224431,0.0010332684,0.0011083966,0.0,0.0010611855,0.0010476649,0.001040457,0.0010517543,0.0010580297,0.0010701558,0.0010730128,0.0010611872,0.0010476653,0.001040457,0.0010517543,0.0010580297,0.0010701593
k__Bacteria|p__Firmicutes|c__Clostridia|o__Eubacteriales|f__Clostridiaceae|g__Clostridium|s__Clostridium_SGB29100,0.0,0.0010585039,0.001044806,0.0010373937,0.001048423,0.0010544191,0.0010663886,0.0,0.0010585041,0.001044806,0.0010373937,0.001048423,0.0010544191,0.0010663884,0.0,0.0,0.0010448225,0.0010287198,0.0010191904,0.0010297293,0.0011056307,0.0010702509,0.0,0.001044806,0.0010287083,0.0010191898,0.0010297293,0.0011056304,0.0,0.0,0.001044806,0.0010287083,0.0010191898,0.0010297293,0.0011056304,0.0010702141,0.001058504,0.001044806,0.0010373937,0.001048423,0.0010544191,0.0010663884,0.0,0.0010585047,0.0010448061,0.0010373937,0.001048423,0.0010544191,0.0010663888,0.0010702142,0.001058504,0.001044806,0.0010373937,0.001048423,0.0010544191,0.0010663884,0.0,0.0010585043,0.0010448062,0.0010373939,0.001048423,0.0010544191,0.001066389,0.0,0.0010585041,0.001044806,0.0010373937,0.001048423,0.0010544191,0.0010663884,0.0,0.0010585041,0.0,0.0010287083,0.0010097101,0.0010658914,0.0010773106,0.0,0.001058504,0.001044806,0.0010373937,0.001048423,0.0010544191,0.0010663883,0.0,0.0,0.0,0.0010287083,0.0010097101,0.0010658914,0.0010885032,0.0010702236,0.0010585041,0.0,0.0010287083,0.0010097101,0.0010658914,0.0010773145,0.0010702875,0.0,0.0,0.0010287084,0.0010097101,0.0010658914,0.0010885029,0.0010702395,0.0,0.001044806,0.0,0.001058504,0.001044806,0.0010658912,0.0010702166,0.0,0.0,0.0010287083,0.0010097101,0.0010658914,0.0010885028,0.0,0.0010585055,0.0,0.0010287083,0.0010097101,0.0010658914,0.0010773094,0.0,0.0,0.0010448069,0.0010585051,0.0,0.0010287083,0.0010585042,0.0010702383,0.0010585043,0.0,0.0010287082,0.0010097101,0.0010658914,0.0010773094,0.0,0.0,0.0010448061,0.0010287083,0.0010191898,0.0010297293,0.0011056305,0.0,0.0,0.001044806,0.0,0.001058504,0.001044806,0.0010658912,0.0,0.0010585078,0.0,0.0010585041,0.0,0.001058504,0.001044806,0.0,0.0,0.0010448236,0.0010287111,0.0010191897,0.0010297293,0.0011056304,0.0,0.0010585462,0.0010585088,0.0010527981,0.0010640983,0.0,0.0009872181,0.0,0.0010585061,0.0010448066,0.0,0.0010585043,0.001044806,0.001037396,0.0010702207,0.001058504,0.001044806,0.0,0.001058504,0.001044806,0.0010373944,0.0,0.0010585041,0.001044806,0.0010373937,0.001048423,0.0010544191,0.0010663884,0.0010702141,0.001058504,0.001044806,0.0010373937,0.001048423,0.0010544191,0.0010663884,0.0010702418,0.0,0.0,0.0010287083,0.0010097101,0.0010658914,0.0010885029,0.0010702194,0.0,0.001044806,0.0010287083,0.0010191898,0.0010297293,0.0011056303,0.0,0.0010585041,0.0,0.0010287083,0.0010097101,0.0010658914,0.0010773094,0.0010702318,0.0,0.001044806,0.0010287083,0.0010191898,0.0010297293,0.0011056353,0.0,0.001058504,0.001044806,0.0010373937,0.001048423,0.0010544191,0.0010663891,0.0010702149,0.001058504,0.001044806,0.0010373937,0.001048423,0.0010544191,0.0010663884,0.0,0.0010585045,0.001044806,0.0010373937,0.001048423,0.0010544191,0.0010663886,0.0,0.0,0.001044806,0.0010287083,0.0010191898,0.0010297293,0.0011056302,0.0010702165,0.001058504,0.0,0.0,0.0010585041,0.0010585041,0.0010527979,0.0010702534,0.0,0.001044806,0.0,0.0010585041,0.001044806,0.0010658937,0.0010703311,0.0,0.0010585043,0.001044806,0.0010373937,0.0,0.0010585045,0.0,0.0010585039,0.0,0.0010287083,0.0010097101,0.0010658912,0.001077314,0.00107022,0.0,0.001044806,0.0010287083,0.0010191897,0.0010297296,0.0011056635,0.0010702315,0.0,0.0,0.0010287083,0.0010097101,0.0010658914,0.0010885028,0.0,0.0010585041,0.001044806,0.0010373937,0.001048423,0.0010544191,0.0010663884,0.00107024,0.0010585043,0.001044806,0.0,0.0010585039,0.001044806,0.0010373949,0.0010702161,0.0,0.001044806,0.0010287083,0.0010191898,0.0010297293,0.0011056309,0.0010702177,0.0,0.001044806,0.0010287083,0.0010191897,0.0010297294,0.0011056314,0.0,0.0010585043,0.0010585045,0.0010527977,0.0010640982,0.0,0.0009872515,0.0010702498,0.0,0.001044806,0.0010287083,0.0010191898,0.0010297293,0.0011056304,0.0010702184,0.0,0.0,0.0010287083,0.0010097101,0.0010658914,0.001088503,0.0010702825,0.0010585048,0.0,0.0010287091,0.0010097104,0.0010658914,0.001077314,0.0,0.001058504,0.001044806,0.0010373937,0.001048423,0.0010544191,0.0010663884,0.0,0.0010585053,0.0,0.0010287083,0.0010097101,0.0010658914,0.0010773094,0.0,0.0010585041,0.0010448061,0.0010373937,0.001048423,0.0010544191,0.0010663886,0.0010702262,0.0010585042,0.001044806,0.001037394,0.001048423,0.0010544191,0.0010663886,0.0,0.0,0.0,0.0010287083,0.0010097101,0.0010658914,0.0010885028,0.0010702139,0.001058504,0.0,0.0010287083,0.0010097101,0.0010658914,0.0010773101,0.001070226,0.001058504,0.001044806,0.0010658914,0.0,0.0010287083,0.0010097102,0.0,0.001058504,0.001044806,0.0010373937,0.001048423,0.0010544191,0.0010663889,0.0,0.001058504,0.001044806,0.0010373937,0.001048423,0.0010544191,0.0010663884,0.0,0.0010585045,0.001044806,0.0010373937,0.001048423,0.0010544191,0.0010663895,0.0010702222,0.001058504,0.001044806,0.0010373937,0.001048423,0.0010544191,0.0010663887,0.0,0.0,0.001044806,0.0010287083,0.0010191898,0.0010297293,0.0011056303,0.0,0.001058504,0.001044806,0.0010373937,0.001048423,0.0010544191,0.0010663884,0.0010704354,0.0010585055,0.001044806,0.0010373937,0.001048423,0.0010544191,0.0010663897
k__Bacteria|p__Firmicutes|c__Erysipelotrichia|o__Erysipelotrichales|f__Erysipelotrichaceae|g__Longicatena|s__Longicatena_caecimuris,0.0,0.0010586207,0.0010450323,0.0010377793,0.0010490826,0.0010553491,0.0010675053,0.0,0.0010586209,0.0010450323,0.0010377793,0.0010490826,0.0010553491,0.0010675055,0.0,0.0,0.0010450406,0.0010290565,0.0010196966,0.0010305172,0.0011060712,0.0010702477,0.0,0.0010450323,0.0010290502,0.0010196964,0.0010305172,0.0011060704,0.0,0.0,0.0010450323,0.0010290502,0.0010196964,0.0010305172,0.0011060705,0.0010702269,0.0010586207,0.0010450323,0.0010377793,0.0010490826,0.0010553491,0.0010675055,0.0,0.0010586211,0.0010450324,0.0010377793,0.0010490826,0.0010553491,0.001067506,0.001070227,0.0010586207,0.0010450323,0.0010377793,0.0010490826,0.0010553491,0.0010675053,0.0,0.001058621,0.0010450328,0.0010377793,0.0010490826,0.0010553491,0.001067506,0.0,0.0010586209,0.0010450323,0.0010377793,0.0010490826,0.0010553491,0.0010675055,0.0,0.0010586209,0.0,0.0010290502,0.0010101725,0.0010660504,0.0010777292,0.0,0.0010586207,0.0010450323,0.0010377791,0.0010490826,0.0010553491,0.0010675059,0.0,0.0,0.0,0.0010290502,0.0010101725,0.0010660504,0.001088811,0.0010702325,0.0010586209,0.0,0.0010290502,0.0010101725,0.0010660504,0.001077734,0.0010702708,0.0,0.0,0.0010290504,0.0010101725,0.0010660504,0.0010888105,0.0010702406,0.0,0.0010450323,0.0,0.0010586207,0.0010450323,0.0010660503,0.0010702286,0.0,0.0,0.0010290502,0.0010101725,0.0010660504,0.0010888095,0.0,0.0010586218,0.0,0.0010290502,0.0010101725,0.0010660504,0.001077728,0.0,0.0,0.0010450331,0.0010586214,0.0,0.0010290502,0.0010586209,0.0010702403,0.001058621,0.0,0.0010290502,0.0010101725,0.0010660504,0.0010777275,0.0,0.0,0.0010450325,0.0010290502,0.0010196964,0.0010305172,0.0011060708,0.0,0.0,0.0010450323,0.0,0.0010586207,0.0010450323,0.0010660503,0.0,0.0010586233,0.0,0.0010586209,0.0,0.0010586207,0.0010450324,0.0,0.0,0.0010450423,0.001029052,0.0010196964,0.0010305172,0.001106071,0.0,0.0010586403,0.0010586228,0.0010530672,0.0010646343,0.0,0.0009878053,0.0,0.0010586221,0.001045033,0.0,0.001058621,0.0010450324,0.0010377811,0.0010702305,0.0010586207,0.0010450323,0.0,0.0010586207,0.0010450323,0.0010377803,0.0,0.001058621,0.0010450324,0.0010377791,0.0010490826,0.0010553491,0.0010675053,0.0010702268,0.0010586207,0.0010450323,0.0010377793,0.0010490826,0.0010553491,0.0010675055,0.0010702426,0.0,0.0,0.0010290502,0.0010101725,0.0010660504,0.0010888095,0.0010702289,0.0,0.0010450323,0.0010290502,0.0010196964,0.0010305172,0.0011060706,0.0,0.0010586209,0.0,0.0010290502,0.0010101725,0.0010660504,0.0010777276,0.0010702374,0.0,0.0010450323,0.0010290502,0.0010196964,0.0010305172,0.0011060771,0.0,0.0010586207,0.0010450323,0.0010377793,0.0010490826,0.0010553491,0.001067507,0.0010702271,0.0010586207,0.0010450323,0.0010377793,0.0010490826,0.0010553491,0.0010675055,0.0,0.0010586211,0.0010450324,0.0010377791,0.0010490826,0.0010553491,0.0010675053,0.0,0.0,0.0010450323,0.0010290502,0.0010196964,0.0010305172,0.0011060706,0.0010702284,0.0010586207,0.0,0.0,0.0010586209,0.0010586209,0.0010530675,0.0010702511,0.0,0.0010450325,0.0,0.0010586209,0.0010450323,0.0010660532,0.001070297,0.0,0.001058621,0.0010450324,0.0010377791,0.0,0.0010586213,0.0,0.0010586206,0.0,0.0010290502,0.0010101725,0.0010660505,0.0010777327,0.0010702302,0.0,0.0010450323,0.0010290502,0.0010196964,0.0010305174,0.0011061186,0.0010702371,0.0,0.0,0.0010290502,0.0010101725,0.0010660504,0.0010888093,0.0,0.0010586209,0.0010450324,0.0010377793,0.0010490826,0.0010553491,0.0010675055,0.0010702404,0.0010586209,0.0010450324,0.0,0.0010586209,0.0010450323,0.0010377801,0.001070228,0.0,0.0010450324,0.0010290503,0.0010196964,0.0010305172,0.0011060722,0.0010702291,0.0,0.0010450324,0.0010290502,0.0010196964,0.0010305173,0.0011060718,0.0,0.0010586209,0.001058621,0.001053067,0.0010646342,0.0,0.000987843,0.001070246,0.0,0.0010450324,0.0010290502,0.0010196964,0.0010305172,0.0011060705,0.0010702304,0.0,0.0,0.0010290502,0.0010101725,0.0010660504,0.0010888106,0.0010702648,0.0010586211,0.0,0.0010290509,0.0010101727,0.0010660504,0.001077734,0.0,0.001058621,0.0010450324,0.0010377791,0.0010490826,0.0010553491,0.0010675055,0.0,0.0010586214,0.0,0.0010290502,0.0010101725,0.0010660504,0.0010777276,0.0,0.0010586209,0.0010450325,0.0010377791,0.0010490826,0.0010553491,0.0010675055,0.0010702357,0.0010586209,0.0010450324,0.0010377791,0.0010490826,0.0010553491,0.0010675058,0.0,0.0,0.0,0.0010290502,0.0010101725,0.0010660504,0.0010888097,0.0010702267,0.0010586207,0.0,0.0010290502,0.0010101725,0.0010660504,0.0010777285,0.001070235,0.001058621,0.0010450323,0.0010660504,0.0,0.0010290502,0.0010101727,0.0,0.0010586207,0.0010450323,0.0010377791,0.0010490826,0.0010553491,0.0010675064,0.0,0.0010586207,0.0010450323,0.0010377791,0.0010490826,0.0010553491,0.0010675055,0.0,0.0010586211,0.0010450324,0.0010377791,0.0010490826,0.0010553491,0.0010675075,0.0010702312,0.0010586207,0.0010450323,0.0010377791,0.0010490826,0.0010553491,0.0010675059,0.0,0.0,0.0010450323,0.0010290502,0.0010196964,0.0010305172,0.0011060709,0.0,0.0010586207,0.0010450323,0.0010377793,0.0010490826,0.0010553491,0.0010675055,0.0010703808,0.0010586219,0.0010450324,0.0010377791,0.0010490826,0.0010553491,0.001067508
k__Bacteria|p__Firmicutes|c__Clostridia|o__Eubacteriales|f__Lachnospiraceae|g__Lachnospiraceae_unclassified|s__Lachnospiraceae_bacterium,0.0,0.0010601911,0.0010466168,0.0010393512,0.001050581,0.0010567838,0.0010688736,0.0,0.001060191,0.0010466168,0.0010393512,0.001050581,0.0010567838,0.0010688736,0.0,0.0,0.0010466247,0.0010306529,0.0010212808,0.0010320322,0.0011074092,0.0010718077,0.0,0.0010466168,0.0010306474,0.0010212805,0.0010320322,0.0011074089,0.0,0.0,0.0010466168,0.0010306474,0.0010212805,0.0010320322,0.0011074091,0.0010717819,0.0010601908,0.0010466168,0.0010393512,0.001050581,0.0010567838,0.0010688734,0.0,0.0010601912,0.001046617,0.0010393512,0.001050581,0.0010567838,0.001068874,0.001071782,0.0010601908,0.0010466168,0.0010393512,0.001050581,0.0010567838,0.0010688737,0.0,0.001060191,0.0010466173,0.0010393513,0.001050581,0.0010567838,0.0010688741,0.0,0.001060191,0.0010466168,0.0010393512,0.001050581,0.0010567838,0.0010688736,0.0,0.001060191,0.0,0.0010306474,0.0010117793,0.0010675921,0.0010791873,0.0,0.0010601908,0.0010466168,0.0010393511,0.001050581,0.0010567838,0.0010688738,0.0,0.0,0.0,0.0010306474,0.0010117793,0.0010675921,0.0010902488,0.0010717897,0.001060191,0.0,0.0010306474,0.0010117793,0.0010675921,0.0010791899,0.0010718326,0.0,0.0,0.0010306475,0.0010117793,0.0010675921,0.0010902483,0.0010717995,0.0,0.0010466168,0.0,0.0010601908,0.0010466168,0.0010675923,0.0010717843,0.0,0.0,0.0010306474,0.0010117793,0.0010675921,0.0010902475,0.0,0.0010601915,0.0,0.0010306474,0.0010117793,0.0010675921,0.0010791866,0.0,0.0,0.0010466174,0.0010601918,0.0,0.0010306474,0.0010601912,0.001071799,0.001060191,0.0,0.0010306473,0.0010117793,0.0010675921,0.0010791866,0.0,0.0,0.0010466172,0.0010306474,0.0010212805,0.0010320322,0.0011074091,0.0,0.0,0.0010466168,0.0,0.0010601908,0.0010466168,0.001067592,0.0,0.0010601927,0.0,0.0010601911,0.0,0.0010601908,0.0010466169,0.0,0.0,0.0010466266,0.0010306486,0.0010212804,0.0010320322,0.0011074091,0.0,0.0010602114,0.0010601928,0.0010546249,0.0010661137,0.0,0.000989414,0.0,0.001060192,0.0010466174,0.0,0.0010601911,0.001046617,0.001039353,0.0010717867,0.0010601908,0.0010466168,0.0,0.0010601908,0.0010466168,0.001039352,0.0,0.0010601911,0.0010466169,0.0010393511,0.001050581,0.0010567838,0.0010688736,0.001071782,0.0010601908,0.0010466168,0.0010393512,0.001050581,0.0010567838,0.0010688736,0.0010718023,0.0,0.0,0.0010306474,0.0010117793,0.0010675921,0.0010902475,0.001071785,0.0,0.0010466168,0.0010306474,0.0010212805,0.0010320322,0.001107409,0.0,0.0010601911,0.0,0.0010306474,0.0010117793,0.0010675921,0.0010791866,0.0010717936,0.0,0.0010466168,0.0010306474,0.0010212805,0.0010320322,0.0011074123,0.0,0.0010601908,0.0010466168,0.0010393512,0.001050581,0.0010567838,0.0010688743,0.0010717825,0.0010601908,0.0010466168,0.0010393512,0.001050581,0.0010567838,0.0010688734,0.0,0.0010601912,0.001046617,0.0010393515,0.001050581,0.0010567838,0.0010688736,0.0,0.0,0.0010466168,0.0010306474,0.0010212805,0.0010320322,0.001107409,0.0010717842,0.0010601908,0.0,0.0,0.0010601911,0.001060191,0.001054625,0.0010718124,0.0,0.001046617,0.0,0.0010601911,0.0010466168,0.001067594,0.0010718616,0.0,0.0010601911,0.001046617,0.0010393511,0.0,0.0010601914,0.0,0.0010601908,0.0,0.0010306474,0.0010117793,0.001067592,0.0010791895,0.0010717865,0.0,0.0010466168,0.0010306474,0.0010212804,0.0010320325,0.0011074332,0.0010717928,0.0,0.0,0.0010306474,0.0010117793,0.0010675921,0.0010902471,0.0,0.0010601911,0.0010466169,0.0010393512,0.001050581,0.0010567838,0.0010688736,0.0010718097,0.001060191,0.001046617,0.0,0.0010601908,0.0010466168,0.0010393522,0.0010717837,0.0,0.001046617,0.0010306475,0.0010212805,0.0010320322,0.00110741,0.0010717846,0.0,0.0010466169,0.0010306473,0.0010212804,0.0010320323,0.0011074097,0.0,0.001060191,0.001060191,0.0010546248,0.0010661136,0.0,0.0009894426,0.0010718077,0.0,0.001046617,0.0010306474,0.0010212805,0.0010320322,0.0011074091,0.0010717862,0.0,0.0,0.0010306474,0.0010117793,0.0010675921,0.0010902485,0.0010718299,0.0010601912,0.0,0.0010306479,0.0010117793,0.001067592,0.0010791908,0.0,0.001060191,0.001046617,0.0010393511,0.001050581,0.0010567838,0.0010688734,0.0,0.0010601915,0.0,0.0010306474,0.0010117793,0.0010675921,0.0010791866,0.0,0.001060191,0.0010466172,0.0010393511,0.001050581,0.0010567838,0.0010688737,0.0010717916,0.001060191,0.001046617,0.0010393516,0.001050581,0.0010567838,0.0010688737,0.0,0.0,0.0,0.0010306474,0.0010117793,0.0010675921,0.0010902478,0.0010717814,0.0010601908,0.0,0.0010306474,0.0010117793,0.0010675921,0.0010791868,0.0010717909,0.001060191,0.0010466168,0.0010675921,0.0009833754,0.0010306474,0.0010117794,0.0,0.0010601908,0.0010466168,0.0010393511,0.001050581,0.0010567838,0.001068874,0.0,0.0010601908,0.0010466168,0.0010393511,0.001050581,0.0010567838,0.0010688736,0.0,0.0010601912,0.001046617,0.0010393511,0.001050581,0.0010567838,0.0010688743,0.0010717876,0.0010601908,0.0010466168,0.0010393511,0.001050581,0.0010567838,0.0010688738,0.0,0.0,0.0010466168,0.0010306474,0.0010212805,0.0010320322,0.0011074092,0.0,0.0010601908,0.0010466168,0.0010393512,0.001050581,0.0010567838,0.0010688736,0.0010719177,0.001060192,0.001046617,0.0010393515,0.001050581,0.0010567838,0.0010688748
k__Bacteria|p__Firmicutes|c__Bacilli|o__Lactobacillales|f__Carnobacteriaceae|g__Dolosigranulum|s__Dolosigranulum_pigrum,0.0,0.0010594085,0.0010456202,0.0010380571,0.001048792,0.0010545042,0.0010662626,0.0,0.0010594088,0.0010456202,0.0010380571,0.001048792,0.0010545042,0.0010662623,0.0,0.0,0.0010456283,0.0010294316,0.0010197524,0.0010299935,0.0011060953,0.0010712298,0.0,0.0010456202,0.0010294269,0.001019752,0.0010299935,0.0011060943,0.0,0.0,0.0010456202,0.0010294269,0.001019752,0.0010299935,0.0011060946,0.0010712026,0.0010594086,0.0010456202,0.0010380571,0.001048792,0.0010545042,0.0010662623,0.0,0.0010594091,0.0010456204,0.0010380571,0.001048792,0.0010545042,0.0010662635,0.0010712026,0.0010594086,0.0010456202,0.0010380571,0.001048792,0.0010545042,0.0010662624,0.0,0.0010594086,0.0010456209,0.0010380575,0.001048792,0.0010545042,0.0010662628,0.0,0.0010594088,0.0010456202,0.0010380571,0.001048792,0.0010545042,0.0010662623,0.0,0.0010594088,0.0,0.0010294269,0.0010103266,0.0010667392,0.0010778728,0.0,0.0010594086,0.0010456202,0.0010380571,0.001048792,0.0010545042,0.0010662628,0.0,0.0,0.0,0.0010294269,0.0010103266,0.0010667392,0.0010891526,0.001071211,0.0010594088,0.0,0.0010294269,0.0010103266,0.0010667392,0.0010778788,0.0010712756,0.0,0.0,0.001029427,0.0010103266,0.0010667392,0.0010891528,0.0010712254,0.0,0.0010456202,0.0,0.0010594086,0.0010456202,0.0010667392,0.0010712051,0.0,0.0,0.0010294269,0.0010103266,0.0010667392,0.0010891514,0.0,0.0010594093,0.0,0.0010294269,0.0010103266,0.0010667392,0.0010778711,0.0,0.0,0.0010456208,0.0010594095,0.0,0.0010294269,0.0010594086,0.0010712183,0.0010594086,0.0,0.0010294268,0.0010103266,0.0010667392,0.0010778707,0.0,0.0,0.0010456203,0.0010294269,0.001019752,0.0010299935,0.001106095,0.0,0.0,0.0010456202,0.0,0.0010594086,0.0010456202,0.0010667391,0.0,0.0010594096,0.0,0.0010594088,0.0,0.0010594086,0.0010456207,0.0,0.0,0.0010456265,0.0010294281,0.0010197519,0.0010299935,0.0011060948,0.0,0.0010594296,0.0010594109,0.0010535563,0.0010645663,0.0,0.0009877289,0.0,0.00105941,0.0010456208,0.0,0.0010594089,0.0010456205,0.0010380602,0.0010712064,0.0010594086,0.0010456202,0.0,0.0010594086,0.0010456202,0.0010380588,0.0,0.0010594088,0.0010456203,0.0010380571,0.001048792,0.0010545042,0.0010662624,0.0010712023,0.0010594086,0.0010456202,0.0010380571,0.001048792,0.0010545042,0.0010662623,0.0010712281,0.0,0.0,0.0010294269,0.0010103266,0.0010667392,0.0010891514,0.0010712073,0.0,0.0010456202,0.0010294269,0.001019752,0.0010299935,0.0011060949,0.0,0.0010594088,0.0,0.0010294269,0.0010103266,0.0010667392,0.0010778707,0.0010712175,0.0,0.0010456202,0.0010294269,0.001019752,0.0010299935,0.0011061041,0.0,0.0010594086,0.0010456202,0.0010380571,0.001048792,0.0010545042,0.0010662641,0.0010712029,0.0010594086,0.0010456202,0.0010380571,0.001048792,0.0010545042,0.0010662623,0.0,0.0010594089,0.0010456203,0.0010380571,0.001048792,0.0010545042,0.0010662623,0.0,0.0,0.0010456202,0.0010294269,0.001019752,0.0010299935,0.0011060945,0.0010712042,0.0010594086,0.0,0.0,0.0010594088,0.0010594088,0.0010535567,0.0010712325,0.0,0.0010456204,0.0,0.0010594088,0.0010456202,0.0010667434,0.0010713154,0.0,0.0010594086,0.0010456205,0.0010380571,0.0,0.0010594092,0.0,0.0010594085,0.0,0.0010294269,0.0010103266,0.0010667391,0.0010778799,0.0010712069,0.0,0.0010456202,0.0010294269,0.0010197519,0.001029994,0.0011061631,0.0010712128,0.0,0.0,0.0010294269,0.0010103266,0.0010667392,0.0010891514,0.0,0.0010594088,0.0010456203,0.0010380571,0.001048792,0.0010545042,0.0010662623,0.0010712135,0.0010594086,0.0010456203,0.0,0.0010594085,0.0010456202,0.0010380584,0.0010712048,0.0,0.0010456205,0.0010294269,0.001019752,0.0010299935,0.0011060964,0.001071205,0.0,0.0010456203,0.0010294269,0.0010197519,0.0010299935,0.0011060969,0.0,0.0010594086,0.0010594088,0.0010535565,0.0010645662,0.0,0.0009877657,0.0010712354,0.0,0.0010456205,0.0010294269,0.001019752,0.0010299935,0.0011060946,0.0010712061,0.0,0.0,0.0010294269,0.0010103266,0.0010667392,0.0010891526,0.0010712636,0.0010594092,0.0,0.0010294277,0.0010103268,0.0010667391,0.0010778785,0.0,0.0010594086,0.0010456203,0.0010380571,0.001048792,0.0010545042,0.0010662623,0.0,0.001059409,0.0,0.0010294269,0.0010103266,0.0010667392,0.0010778707,0.0,0.0010594086,0.0010456207,0.0010380571,0.001048792,0.0010545042,0.0010662624,0.0010712157,0.0010594085,0.0010456205,0.0010380574,0.001048792,0.0010545042,0.0010662627,0.0,0.0,0.0,0.0010294269,0.0010103266,0.0010667392,0.0010891518,0.001071202,0.0010594086,0.0,0.0010294269,0.0010103266,0.0010667392,0.0010778719,0.0010712105,0.0010594086,0.0010456202,0.0010667392,0.0,0.0010294269,0.0010103268,0.0,0.0010594086,0.0010456202,0.0010380571,0.001048792,0.0010545042,0.0010662633,0.0,0.0010594086,0.0010456202,0.0010380571,0.001048792,0.0010545042,0.0010662625,0.0,0.0010594089,0.0010456205,0.0010380571,0.001048792,0.0010545042,0.0010662649,0.0010712104,0.0010594086,0.0010456202,0.0010380571,0.001048792,0.0010545042,0.001066263,0.0,0.0,0.0010456202,0.0010294269,0.001019752,0.0010299935,0.0011060952,0.0,0.0010594086,0.0010456202,0.0010380571,0.001048792,0.0010545042,0.0010662623,0.001071372,0.0010594095,0.0010456203,0.0010380574,0.001048792,0.0010545042,0.0010662652
k__Bacteria|p__Firmicutes|c__Clostridia|o__Eubacteriales|f__Eubacteriales_unclassified|g__Eubacteriales_unclassified|s__Eubacteriales_unclassified_SGB4861,0.0,0.0010603719,0.0010469307,0.0010398566,0.0010514153,0.0010579432,0.001070257,0.0,0.001060372,0.0010469307,0.0010398566,0.0010514153,0.0010579432,0.0010702569,0.0,0.0,0.0010469509,0.0010311151,0.001021933,0.001033022,0.0011079747,0.0010718806,0.0,0.0010469307,0.0010311006,0.0010219322,0.001033022,0.0011079742,0.0,0.0,0.0010469307,0.001031101,0.0010219322,0.001033022,0.0011079741,0.0010718371,0.0010603719,0.0010469307,0.0010398566,0.0010514153,0.0010579432,0.0010702568,0.0,0.0010603725,0.0010469308,0.0010398566,0.0010514153,0.0010579432,0.001070257,0.0010718371,0.0010603719,0.0010469307,0.0010398566,0.0010514153,0.0010579432,0.001070257,0.0,0.001060372,0.0010469311,0.0010398567,0.0010514153,0.0010579432,0.0010702577,0.0,0.001060372,0.0010469307,0.0010398566,0.0010514153,0.0010579432,0.0010702569,0.0,0.001060372,0.0,0.001031101,0.0010123781,0.0010678234,0.0010797294,0.0,0.0010603719,0.0010469307,0.0010398566,0.0010514153,0.0010579432,0.0010702572,0.0,0.0,0.0,0.001031101,0.0010123781,0.0010678234,0.0010906556,0.0010718486,0.001060372,0.0,0.001031101,0.0010123781,0.0010678234,0.0010797351,0.0010719245,0.0,0.0,0.001031101,0.0010123781,0.0010678234,0.0010906546,0.0010718683,0.0,0.0010469307,0.0,0.0010603719,0.0010469307,0.0010678234,0.001071841,0.0,0.0,0.001031101,0.0010123781,0.0010678234,0.0010906538,0.0,0.0010603737,0.0,0.001031101,0.0010123781,0.0010678234,0.0010797284,0.0,0.0,0.0010469316,0.0010603735,0.0,0.001031101,0.0010603716,0.0010718704,0.0010603723,0.0,0.0010311009,0.0010123781,0.0010678234,0.0010797285,0.0,0.0,0.0010469307,0.001031101,0.0010219322,0.001033022,0.0011079744,0.0,0.0,0.0010469307,0.0,0.0010603719,0.0010469307,0.0010678233,0.0,0.0010603769,0.0,0.001060372,0.0,0.0010603719,0.0010469308,0.0,0.0,0.0010469563,0.0010311048,0.0010219323,0.001033022,0.0011079748,0.0,0.0010604329,0.0010603779,0.0010549902,0.0010667983,0.0,0.000990166,0.0,0.0010603748,0.0010469317,0.0,0.0010603723,0.0010469307,0.001039859,0.0010718461,0.0010603719,0.0010469307,0.0,0.0010603719,0.0010469307,0.0010398576,0.0,0.0010603721,0.0010469308,0.0010398566,0.0010514153,0.0010579432,0.0010702569,0.0010718369,0.0010603719,0.0010469307,0.0010398566,0.0010514153,0.0010579432,0.0010702569,0.0010718692,0.0,0.0,0.0010311006,0.0010123781,0.0010678234,0.0010906535,0.0010718451,0.0,0.0010469307,0.0010311006,0.0010219322,0.001033022,0.0011079743,0.0,0.001060372,0.0,0.0010311006,0.0010123781,0.0010678234,0.0010797282,0.0010718575,0.0,0.0010469307,0.001031101,0.0010219322,0.0010330223,0.0011079804,0.0,0.0010603719,0.0010469307,0.0010398566,0.0010514153,0.0010579432,0.0010702576,0.0010718383,0.0010603719,0.0010469307,0.0010398566,0.0010514153,0.0010579432,0.0010702568,0.0,0.0010603725,0.0010469307,0.0010398566,0.0010514153,0.0010579432,0.001070257,0.0,0.0,0.0010469307,0.001031101,0.0010219322,0.001033022,0.0011079742,0.0010718404,0.0010603719,0.0,0.0,0.001060372,0.001060372,0.0010549898,0.0010718827,0.0,0.001046931,0.0,0.001060372,0.0010469307,0.0010678256,0.001071973,0.0,0.001060372,0.0010469307,0.0010398566,0.0,0.0010603723,0.0,0.0010603718,0.0,0.001031101,0.0010123781,0.0010678234,0.0010797307,0.001071844,0.0,0.0010469307,0.0010311006,0.0010219323,0.0010330227,0.0011080262,0.0010718572,0.0,0.0,0.001031101,0.0010123781,0.0010678234,0.0010906535,0.0,0.001060372,0.0010469308,0.0010398566,0.0010514153,0.0010579432,0.0010702569,0.0010718647,0.0010603719,0.0010469307,0.0,0.001060372,0.0010469307,0.0010398577,0.0010718404,0.0,0.0010469307,0.0010311009,0.0010219322,0.001033022,0.0011079753,0.001071842,0.0,0.0010469308,0.001031101,0.0010219323,0.0010330222,0.001107975,0.0,0.0010603719,0.0010603721,0.0010549898,0.0010667982,0.0,0.0009902043,0.0010718813,0.0,0.0010469307,0.001031101,0.0010219322,0.001033022,0.0011079741,0.0010718441,0.0,0.0,0.001031101,0.0010123781,0.0010678234,0.001090655,0.0010719165,0.001060373,0.0,0.001031102,0.0010123787,0.0010678234,0.0010797343,0.0,0.001060372,0.0010469307,0.0010398566,0.0010514153,0.0010579432,0.0010702568,0.0,0.0010603735,0.0,0.001031101,0.0010123781,0.0010678234,0.0010797282,0.0,0.001060372,0.0010469307,0.0010398566,0.0010514153,0.0010579432,0.001070257,0.0010718532,0.0010603719,0.0010469307,0.001039857,0.0010514153,0.0010579432,0.0010702572,0.0,0.0,0.0,0.0010311006,0.0010123781,0.0010678234,0.0010906539,0.0010718367,0.0010603719,0.0,0.0010311006,0.0010123781,0.0010678234,0.001079729,0.0010718515,0.001060372,0.0010469307,0.0010678234,0.0,0.0010311006,0.0010123784,0.0,0.0010603719,0.0010469307,0.0010398566,0.0010514153,0.0010579432,0.0010702575,0.0,0.0010603719,0.0010469307,0.0010398566,0.0010514153,0.0010579432,0.0010702573,0.0,0.0010603727,0.0010469307,0.0010398566,0.0010514153,0.0010579432,0.0010702581,0.0010718498,0.0010603719,0.0010469307,0.0010398566,0.0010514153,0.0010579432,0.0010702573,0.0,0.0,0.0010469307,0.001031101,0.0010219322,0.001033022,0.0011079743,0.0,0.0010603719,0.0010469307,0.0010398566,0.0010514153,0.0010579432,0.0010702569,0.0010720857,0.001060374,0.0010469309,0.0010398567,0.0010514153,0.0010579432,0.0010702588
k__Bacteria|p__Firmicutes|c__Bacilli|o__Lactobacillales|f__Lactobacillaceae|g__Lactiplantibacillus|s__Lactiplantibacillus_plantarum,0.0,0.0010590865,0.0010454961,0.00103823,0.0010494954,0.0010557271,0.0010678527,0.0,0.0010590865,0.0010454961,0.00103823,0.0010494954,0.0010557271,0.0010678526,0.0,0.0,0.001045511,0.0010295219,0.0010201443,0.0010309275,0.0011064475,0.0010707205,0.0,0.0010454961,0.0010295111,0.0010201437,0.0010309275,0.0011064479,0.0,0.0,0.0010454961,0.0010295111,0.0010201437,0.0010309275,0.0011064479,0.0010706938,0.0010590864,0.0010454961,0.00103823,0.0010494954,0.0010557271,0.0010678526,0.0,0.0010590872,0.0010454962,0.00103823,0.0010494954,0.0010557271,0.0010678531,0.0010706941,0.0010590864,0.0010454961,0.00103823,0.0010494954,0.0010557271,0.0010678526,0.0,0.0010590868,0.0010454964,0.0010382301,0.0010494954,0.0010557271,0.0010678527,0.0,0.0010590865,0.0010454961,0.00103823,0.0010494954,0.0010557271,0.0010678526,0.0,0.0010590865,0.0,0.0010295111,0.0010106292,0.001066505,0.0010781434,0.0,0.0010590864,0.0010454961,0.00103823,0.0010494954,0.0010557271,0.0010678524,0.0,0.0,0.0,0.0010295111,0.0010106292,0.001066505,0.0010892241,0.0010707004,0.0010590865,0.0,0.0010295111,0.0010106292,0.001066505,0.0010781437,0.0010707458,0.0,0.0,0.0010295113,0.0010106292,0.001066505,0.0010892242,0.0010707128,0.0,0.0010454961,0.0,0.0010590864,0.0010454961,0.0010665049,0.0010706965,0.0,0.0,0.0010295111,0.0010106292,0.001066505,0.001089224,0.0,0.0010590878,0.0,0.0010295111,0.0010106292,0.001066505,0.0010781424,0.0,0.0,0.0010454971,0.0010590875,0.0,0.0010295111,0.0010590866,0.0010707161,0.0010590868,0.004285388,0.0010295111,0.0010106292,0.001066505,0.0010781424,0.0,0.0,0.0010454962,0.0010295111,0.0010201437,0.0010309275,0.001106448,0.0,0.0,0.0010454961,0.0,0.0010590864,0.0010454961,0.0010665049,0.0,0.0010590901,0.0,0.0010590866,0.0,0.0010590864,0.0010454962,0.0,0.0,0.0010455131,0.001029514,0.0010201439,0.0010309275,0.0011064477,0.0,0.0010591273,0.0010590908,0.0010535207,0.0010650487,0.0,0.0009882505,0.0,0.0010590887,0.001045497,0.0,0.0010590868,0.0010454961,0.0010382319,0.0010706993,0.0010590864,0.0010454961,0.0,0.0010590864,0.0010454961,0.0010382307,0.0,0.0010590868,0.0010454962,0.00103823,0.0010494954,0.0010557271,0.0010678526,0.001070694,0.0010590864,0.0010454961,0.00103823,0.0010494954,0.0010557271,0.0010678526,0.0010707156,0.0,0.0,0.0010295111,0.0010106292,0.001066505,0.0010892242,0.001070698,0.0,0.0010454961,0.0010295111,0.0010201437,0.0010309275,0.0011064478,0.0,0.0010590866,0.0,0.0010295111,0.0010106292,0.001066505,0.0010781422,0.0010707065,0.0,0.0010454961,0.0010295111,0.0010201437,0.0010309275,0.0011064495,0.0,0.0010590864,0.0010454961,0.00103823,0.0010494954,0.0010557271,0.0010678528,0.0010706944,0.0010590864,0.0010454961,0.00103823,0.0010494954,0.0010557271,0.0010678526,0.0,0.0010590869,0.0010454961,0.00103823,0.0010494954,0.0010557271,0.0010678527,0.0,0.0,0.0010454961,0.0010295111,0.0010201437,0.0010309275,0.0011064479,0.0010706959,0.0010590864,0.0,0.0,0.0010590866,0.0010590865,0.0010535206,0.0010707233,0.0,0.0010454962,0.0,0.0010590866,0.0010454961,0.0010665071,0.0010707764,0.0,0.0010590868,0.0010454961,0.00103823,0.0,0.0010590866,0.0,0.0010590864,0.0,0.0010295111,0.0010106292,0.0010665051,0.0010781455,0.001070699,0.0,0.0010454961,0.0010295111,0.0010201439,0.001030928,0.0011064518,0.0010707075,0.0,0.0,0.0010295111,0.0010106292,0.001066505,0.0010892242,0.0,0.0010590866,0.0010454962,0.00103823,0.0010494954,0.0010557271,0.0010678526,0.001070702,0.0010590865,0.0010454961,0.0,0.0010590866,0.0010454961,0.001038231,0.0010706955,0.0,0.0010454961,0.0010295112,0.0010201437,0.0010309275,0.0011064475,0.0010706966,0.0,0.0010454962,0.0010295111,0.0010201439,0.0010309276,0.0011064482,0.0,0.0010590866,0.0010590868,0.0010535202,0.0010650485,0.0,0.0009882741,0.0010707222,0.0,0.0010454961,0.0010295111,0.0010201437,0.0010309275,0.0011064479,0.0010706972,0.0,0.0,0.0010295111,0.0010106292,0.001066505,0.001089224,0.0010707396,0.0010590873,0.0,0.0010295119,0.0010106293,0.0010665051,0.0010781445,0.0,0.0010590868,0.0010454961,0.00103823,0.0010494954,0.0010557271,0.0010678526,0.0,0.0010590877,0.0,0.0010295111,0.0010106292,0.001066505,0.0010781422,0.0,0.0010590866,0.0010454962,0.00103823,0.0010494954,0.0010557271,0.0010678527,0.0010707031,0.0010590866,0.0010454962,0.0010382301,0.0010494954,0.0010557271,0.0010678526,0.0,0.0,0.0,0.0010295111,0.0010106292,0.001066505,0.0010892246,0.0010706936,0.0010590864,0.0,0.0010295111,0.0010106292,0.001066505,0.0010781426,0.001070704,0.0010590868,0.0010454961,0.001066505,0.0,0.0010295111,0.0010106293,0.0,0.0010590864,0.0010454961,0.00103823,0.0010494954,0.0010557271,0.0010678526,0.0,0.0010590864,0.0010454961,0.00103823,0.0010494954,0.0010557271,0.0010678525,0.0,0.001059087,0.0010454961,0.00103823,0.0010494954,0.0010557271,0.0010678525,0.0010707007,0.0010590864,0.0010454961,0.00103823,0.0010494954,0.0010557271,0.0010678526,0.0,0.0,0.0010454961,0.0010295111,0.0010201437,0.0010309275,0.0011064478,0.0,0.0010590864,0.0010454961,0.00103823,0.0010494954,0.0010557271,0.0010678526,0.0010708428,0.0010590879,0.0010454962,0.00103823,0.0010494954,0.0010557271,0.0010678524
k__Bacteria|p__Firmicutes|c__Clostridia|o__Eubacteriales|f__Oscillospiraceae|g__Phocea|s__Phocea_massiliensis,0.0,0.0010620006,0.0010483209,0.0010408615,0.0010516917,0.0010575125,0.0010693095,0.0,0.0010620009,0.0010483209,0.0010408615,0.0010516917,0.0010575125,0.0010693094,0.0,0.0,0.0010483272,0.0010322414,0.0010226696,0.0010330193,0.0011085686,0.0010736882,0.0,0.0010483206,0.0010322371,0.0010226695,0.0010330193,0.0011085687,0.0,0.0,0.0010483209,0.0010322371,0.0010226695,0.0010330193,0.0011085687,0.0010736891,0.0010620008,0.0010483209,0.0010408615,0.0010516917,0.0010575125,0.0010693093,0.0,0.0010620012,0.0010483209,0.0010408615,0.0010516917,0.0010575125,0.0010693099,0.0010736892,0.0010620008,0.0010483209,0.0010408615,0.0010516917,0.0010575125,0.0010693093,0.0,0.0010620008,0.001048321,0.0010408615,0.0010516917,0.0010575125,0.0010693098,0.0,0.0010620009,0.0010483209,0.0010408615,0.0010516917,0.0010575125,0.0010693094,0.0,0.0010620009,0.0,0.0010322371,0.001013246,0.0010693189,0.0010805205,0.0,0.0010620008,0.0010483209,0.0010408615,0.0010516917,0.0010575125,0.0010693097,0.0,0.0,0.0,0.0010322371,0.001013246,0.0010693189,0.0010916812,0.0010736887,0.0010620009,0.0,0.0010322371,0.001013246,0.0010693189,0.0010805213,0.0010736983,0.0,0.0,0.0010322372,0.001013246,0.0010693189,0.001091681,0.0010736926,0.0,0.0010483209,0.0,0.0010620008,0.0010483209,0.0010693189,0.0010736893,0.0,0.0,0.0010322371,0.001013246,0.0010693189,0.0010916801,0.0,0.0010620009,0.0,0.0010322371,0.001013246,0.0010693189,0.0010805196,0.0,0.0,0.0010483211,0.0010620011,0.0,0.0010322371,0.0010620008,0.0010736933,0.0010620005,0.0,0.001032237,0.001013246,0.0010693189,0.0010805196,0.0,0.0,0.0010483207,0.0010322371,0.0010226695,0.0010330193,0.0011085687,0.0,0.0,0.0010483209,0.0,0.0010620008,0.0010483209,0.0010693186,0.0,0.0010620011,0.0,0.0010620009,0.0,0.0010620008,0.0010483207,0.0,0.0,0.0010483256,0.0010322378,0.0010226696,0.0010330193,0.0011085686,0.0,0.0010620165,0.0010620018,0.0010562473,0.0010673392,0.0,0.0009907464,0.0,0.0010620011,0.001048321,0.0,0.0010620006,0.0010483209,0.0010408628,0.0010736889,0.0010620008,0.0010483209,0.0,0.0010620008,0.0010483209,0.0010408618,0.0,0.0010620009,0.001048321,0.0010408615,0.0010516917,0.0010575125,0.0010693093,0.0010736891,0.0010620008,0.0010483209,0.0010408615,0.0010516917,0.0010575125,0.0010693094,0.0010736942,0.0,0.0,0.0010322371,0.001013246,0.0010693189,0.0010916801,0.0010736902,0.0,0.0010483209,0.0010322371,0.0010226695,0.0010330193,0.0011085687,0.0,0.0010620009,0.0,0.0010322371,0.001013246,0.0010693189,0.0010805196,0.0010736882,0.0,0.0010483209,0.0010322371,0.0010226695,0.0010330193,0.0011085706,0.0,0.0010620008,0.0010483209,0.0010408615,0.0010516917,0.0010575125,0.0010693101,0.0010736889,0.0010620008,0.0010483209,0.0010408615,0.0010516917,0.0010575125,0.0010693093,0.0,0.0010620008,0.0010483207,0.0010408615,0.0010516917,0.0010575125,0.0010693095,0.0,0.0,0.0010483206,0.0010322371,0.0010226695,0.0010330193,0.0011085689,0.0010736886,0.0010620008,0.0,0.0,0.0010620009,0.0010620009,0.0010562476,0.0010736884,0.0,0.0010483208,0.0,0.0010620009,0.0010483209,0.0010693211,0.0010737069,0.0,0.0010620009,0.0010483209,0.0010408615,0.0,0.0010620011,0.0,0.0010620006,0.0,0.0010322371,0.001013246,0.0010693189,0.0010805206,0.0010736894,0.0,0.0010483209,0.0010322371,0.0010226696,0.0010330196,0.001108591,0.0010736897,0.0,0.0,0.0010322371,0.001013246,0.0010693189,0.0010916803,0.0,0.0010620009,0.001048321,0.0010408615,0.0010516917,0.0010575125,0.0010693094,0.0010736766,0.0010620009,0.0010483209,0.0,0.0010620008,0.0010483209,0.001040862,0.0010736892,0.0,0.0010483209,0.0010322371,0.0010226695,0.0010330193,0.0011085692,0.0010736889,0.0,0.001048321,0.0010322371,0.0010226696,0.0010330195,0.0011085687,0.0,0.0010620009,0.0010620009,0.001056247,0.0010673391,0.0,0.0009907716,0.0010736948,0.0,0.0010483209,0.0010322371,0.0010226695,0.0010330193,0.0011085687,0.0010736894,0.0,0.0,0.0010322371,0.001013246,0.0010693189,0.001091681,0.0010736928,0.0010620009,0.0,0.0010322373,0.0010132461,0.0010693189,0.0010805228,0.0,0.0010620008,0.0010483209,0.0010408615,0.0010516917,0.0010575125,0.0010693093,0.0,0.0010620009,0.0,0.0010322371,0.001013246,0.0010693189,0.0010805196,0.0,0.0010620009,0.0010483207,0.0010408615,0.0010516917,0.0010575125,0.0010693094,0.0010736906,0.0010620005,0.0010483207,0.0010408616,0.0010516914,0.0010575125,0.0010693095,0.0,0.0,0.0,0.0010322371,0.001013246,0.0010693189,0.0010916805,0.001073689,0.0010620008,0.0,0.0010322371,0.001013246,0.0010693189,0.0010805198,0.001073689,0.0010620008,0.0010483209,0.0010693189,0.0,0.0010322371,0.0010132461,0.0,0.0010620008,0.0010483209,0.0010408615,0.0010516917,0.0010575125,0.0010693097,0.0,0.0010620008,0.0010483209,0.0010408615,0.0010516917,0.0010575125,0.0010693094,0.0,0.0010620008,0.0010483209,0.0010408615,0.0010516917,0.0010575125,0.00106931,0.0010736906,0.0010620008,0.0010483209,0.0010408615,0.0010516917,0.0010575125,0.0010693098,0.0,0.0,0.0010483209,0.0010322371,0.0010226695,0.0010330193,0.001108569,0.0,0.0010620008,0.0010483209,0.0010408615,0.0010516917,0.0010575125,0.0010693094,0.0010737088,0.001062001,0.0010483207,0.0010408614,0.0010516917,0.0010575125,0.0010693102
k__Bacteria|p__Firmicutes|c__Clostridia|o__Eubacteriales|f__Lachnospiraceae|g__GGB3602|s__GGB3602_SGB4574,0.0,0.0010621843,0.0010484521,0.0010409126,0.0010515965,0.0010572748,0.0010689697,0.0,0.0010621841,0.0010484521,0.0010409126,0.0010515965,0.0010572748,0.0010689696,0.0,0.0,0.0010484763,0.0010323306,0.0010226641,0.0010328636,0.0011085578,0.0010739757,0.0,0.0010484521,0.0010323137,0.001022663,0.0010328635,0.0011085573,0.0,0.0,0.0010484521,0.0010323137,0.001022663,0.0010328635,0.0011085573,0.0010739218,0.001062184,0.0010484521,0.0010409126,0.0010515965,0.0010572748,0.0010689695,0.0,0.0010621848,0.0010484525,0.0010409126,0.0010515965,0.0010572748,0.0010689703,0.0010739219,0.001062184,0.0010484521,0.0010409126,0.0010515965,0.0010572748,0.0010689697,0.0,0.0010621845,0.0010484529,0.0010409129,0.0010515965,0.0010572748,0.0010689702,0.0,0.0010621841,0.0010484521,0.0010409126,0.0010515965,0.0010572748,0.0010689696,0.0,0.0010621841,0.0,0.0010323137,0.0010132649,0.0010694771,0.0010805391,0.0,0.001062184,0.0010484521,0.0010409128,0.0010515965,0.0010572748,0.0010689695,0.0,0.0,0.0,0.0010323137,0.0010132649,0.0010694771,0.0010917512,0.001073935,0.0010621841,0.0,0.0010323137,0.0010132649,0.0010694771,0.0010805436,0.00107402,0.0,0.0,0.0010323137,0.0010132649,0.0010694771,0.0010917509,0.0010739582,0.0,0.0010484521,0.0,0.001062184,0.0010484521,0.001069477,0.0010739265,0.0,0.0,0.0010323137,0.0010132649,0.0010694771,0.0010917499,0.0,0.0010621863,0.0,0.0010323137,0.0010132649,0.0010694771,0.0010805377,0.0,0.0,0.0010484539,0.0010621857,0.0,0.0010323137,0.0010621845,0.0010739624,0.0010621845,0.0,0.0010323136,0.0010132649,0.0010694771,0.0010805374,0.0,0.0,0.0010484525,0.0010323137,0.001022663,0.0010328635,0.0011085578,0.0,0.0,0.0010484521,0.0,0.001062184,0.0010484521,0.001069477,0.0,0.0010621903,0.0,0.0010621842,0.0,0.001062184,0.0010484525,0.0,0.0,0.0010484788,0.0010323182,0.001022663,0.0010328636,0.0011085577,0.0,0.0010622449,0.0010621911,0.0010563544,0.0010673024,0.0,0.0009907115,0.0,0.0010621875,0.0010484539,0.0,0.0010621848,0.0010484525,0.001040916,0.0010739325,0.001062184,0.0010484521,0.0,0.001062184,0.0010484521,0.0010409137,0.0,0.0010621841,0.0010484522,0.0010409126,0.0010515965,0.0010572748,0.0010689696,0.0010739219,0.001062184,0.0010484521,0.0010409126,0.0010515965,0.0010572748,0.0010689696,0.0010739622,0.0,0.0,0.0010323137,0.0010132649,0.0010694771,0.0010917499,0.0010739296,0.0,0.0010484521,0.0010323137,0.001022663,0.0010328635,0.0011085575,0.0,0.0010621842,0.0,0.0010323137,0.0010132649,0.0010694771,0.0010805377,0.0010739462,0.0,0.0010484521,0.0010323137,0.001022663,0.0010328636,0.0011085632,0.0,0.001062184,0.0010484521,0.0010409126,0.0010515965,0.0010572748,0.0010689707,0.0010739228,0.001062184,0.0010484521,0.0010409126,0.0010515965,0.0010572748,0.0010689695,0.0,0.0010621849,0.0010484525,0.0010409128,0.0010515965,0.0010572748,0.0010689697,0.0,0.0,0.0010484521,0.0010323137,0.001022663,0.0010328635,0.0011085575,0.0010739259,0.001062184,0.0,0.0,0.0010621842,0.0010621841,0.0010563541,0.001073981,0.0,0.0010484527,0.0,0.0010621842,0.0010484521,0.0010694807,0.0010740785,0.0,0.0010621845,0.0010484525,0.0010409128,0.0,0.0010621849,0.0,0.001062184,0.0,0.0010323137,0.0010132649,0.001069477,0.0010805429,0.0010739313,0.0,0.0010484521,0.0010323137,0.001022663,0.001032864,0.001108597,0.0010739485,0.0,0.0,0.0010323137,0.0010132649,0.0010694771,0.0010917499,0.0,0.0010621842,0.0010484525,0.0010409126,0.0010515965,0.0010572748,0.0010689696,0.0010739533,0.0010621842,0.0010484525,0.0,0.001062184,0.0010484521,0.0010409139,0.0010739249,0.0,0.0010484525,0.0010323137,0.001022663,0.0010328636,0.0011085586,0.0010739277,0.0,0.0010484522,0.0010323137,0.001022663,0.0010328639,0.0011085587,0.0,0.0010621842,0.0010621845,0.0010563537,0.0010673022,0.0,0.0009907503,0.0010739733,0.0,0.0010484525,0.0010323137,0.001022663,0.0010328635,0.0011085573,0.0010739295,0.0,0.0,0.0010323137,0.0010132649,0.0010694771,0.0010917508,0.0010740141,0.0010621852,0.0,0.0010323146,0.0010132649,0.001069477,0.001080544,0.0,0.0010621841,0.0010484525,0.0010409126,0.0010515965,0.0010572748,0.0010689695,0.0,0.0010621863,0.0,0.0010323137,0.0010132649,0.0010694771,0.0010805377,0.0,0.0010621842,0.0010484525,0.0010409126,0.0010515965,0.0010572748,0.0010689697,0.0010739409,0.0010621843,0.0010484523,0.0010409129,0.0010515965,0.0010572748,0.0010689697,0.0,0.0,0.0,0.0010323137,0.0010132649,0.0010694771,0.0010917505,0.0010739214,0.001062184,0.0,0.0010323137,0.0010132649,0.0010694771,0.0010805383,0.0010739414,0.0010621841,0.0010484521,0.0010694771,0.0,0.0010323137,0.001013265,0.0,0.001062184,0.0010484521,0.0010409128,0.0010515965,0.0010572748,0.0010689702,0.0,0.001062184,0.0010484521,0.0010409128,0.0010515965,0.0010572748,0.0010689698,0.0,0.0010621848,0.0010484525,0.0010409128,0.0010515965,0.0010572748,0.0010689704,0.0010739346,0.001062184,0.0010484521,0.0010409126,0.0010515965,0.0010572748,0.00106897,0.0,0.0,0.0010484521,0.0010323137,0.001022663,0.0010328635,0.0011085576,0.0,0.001062184,0.0010484521,0.0010409126,0.0010515965,0.0010572748,0.0010689696,0.0010742235,0.0010621864,0.0010484523,0.0010409128,0.0010515965,0.0010572748,0.0010689709
k__Bacteria|p__Firmicutes|c__Erysipelotrichia|o__Erysipelotrichales|f__Erysipelotrichaceae|g__Solobacterium|s__Solobacterium_SGB6834,0.0,0.001058595,0.0010451031,0.0010379923,0.0010495457,0.0010560576,0.0010683861,0.0,0.0010585953,0.0010451031,0.0010379923,0.0010495457,0.0010560576,0.0010683859,0.0,0.0,0.0010451184,0.0010292336,0.0010200164,0.001031093,0.0011063517,0.0010701212,0.0,0.0010451033,0.0010292227,0.0010200158,0.001031093,0.0011063514,0.0,0.0,0.0010451031,0.0010292227,0.0010200158,0.001031093,0.0011063514,0.0010701101,0.0010585951,0.0010451031,0.0010379923,0.0010495457,0.0010560576,0.0010683858,0.0,0.001058596,0.0010451034,0.0010379923,0.0010495457,0.0010560576,0.0010683871,0.0010701101,0.0010585951,0.0010451031,0.0010379923,0.0010495457,0.0010560576,0.001068386,0.0,0.0010585955,0.001045104,0.0010379923,0.0010495457,0.0010560576,0.0010683865,0.0,0.0010585953,0.0010451031,0.0010379923,0.0010495457,0.0010560576,0.0010683859,0.0,0.0010585953,0.0,0.0010292227,0.001010451,0.0010660649,0.0010779812,0.0,0.0010585951,0.0010451031,0.0010379923,0.0010495457,0.0010560576,0.0010683864,0.0,0.0,0.0,0.0010292227,0.001010451,0.0010660649,0.0010889644,0.0010701132,0.0010585953,0.0,0.0010292227,0.001010451,0.0010660649,0.0010779855,0.0010701373,0.0,0.0,0.0010292227,0.001010451,0.0010660649,0.0010889642,0.0010701198,0.0,0.0010451031,0.0,0.0010585951,0.0010451031,0.0010660648,0.001070111,0.0,0.0,0.0010292227,0.001010451,0.0010660649,0.0010889631,0.0,0.0010585963,0.0,0.0010292227,0.001010451,0.0010660649,0.0010779793,0.0,0.0,0.0010451042,0.001058596,0.0,0.0010292227,0.0010585953,0.0010701232,0.0010585955,0.0,0.0010292227,0.001010451,0.0010660649,0.001077979,0.0,0.0,0.0010451035,0.0010292227,0.0010200158,0.001031093,0.0011063517,0.0,0.0,0.0010451031,0.0,0.0010585951,0.0010451031,0.0010660648,0.0,0.001058599,0.0,0.0010585953,0.0,0.0010585951,0.0010451032,0.0,0.0,0.0010451186,0.0010292252,0.001020016,0.001031093,0.0011063516,0.0,0.0010586301,0.0010585992,0.0010531787,0.0010649889,0.0,0.0009881958,0.0,0.001058597,0.001045104,0.0,0.0010585955,0.0010451032,0.0010379954,0.0010701136,0.0010585951,0.0010451031,0.0,0.0010585951,0.0010451031,0.0010379931,0.0,0.0010585953,0.0010451032,0.0010379923,0.0010495457,0.0010560576,0.0010683861,0.00107011,0.0010585951,0.0010451031,0.0010379923,0.0010495457,0.0010560576,0.0010683859,0.0010701212,0.0,0.0,0.0010292227,0.001010451,0.0010660649,0.0010889631,0.0010701114,0.0,0.0010451031,0.0010292227,0.0010200158,0.001031093,0.0011063517,0.0,0.0010585953,0.0,0.0010292227,0.001010451,0.0010660649,0.0010779789,0.0010701189,0.0,0.0010451031,0.0010292227,0.0010200158,0.001031093,0.0011063593,0.0,0.0010585951,0.0010451031,0.0010379923,0.0010495457,0.0010560576,0.0010683873,0.00107011,0.0010585951,0.0010451031,0.0010379923,0.0010495457,0.0010560576,0.0010683858,0.0,0.0010585956,0.0010451034,0.0010379923,0.0010495457,0.0010560576,0.0010683861,0.0,0.0,0.0010451031,0.0010292227,0.0010200158,0.001031093,0.0011063514,0.0010701101,0.0010585951,0.0,0.0,0.0010585953,0.0010585953,0.0010531785,0.001070122,0.0,0.0010451034,0.0,0.0010585953,0.0010451033,0.0010660696,0.0010701584,0.0,0.0010585951,0.0010451032,0.0010379923,0.0,0.0010585957,0.0,0.001058595,0.0,0.0010292227,0.001010451,0.0010660648,0.0010779874,0.0010701125,0.0,0.0010451031,0.0010292227,0.001020016,0.0010310932,0.0011064154,0.0010701203,0.0,0.0,0.0010292227,0.001010451,0.0010660649,0.001088963,0.0,0.0010585953,0.0010451032,0.0010379923,0.0010495457,0.0010560576,0.0010683859,0.0010700987,0.0010585951,0.0010451032,0.0,0.0010585951,0.0010451031,0.0010379934,0.0010701102,0.0,0.0010451034,0.0010292231,0.001020016,0.001031093,0.0011063534,0.0010701113,0.0,0.0010451032,0.0010292227,0.001020016,0.0010310931,0.0011063529,0.0,0.0010585951,0.0010585953,0.0010531782,0.0010649891,0.0,0.0009882398,0.0010701214,0.0,0.0010451032,0.0010292227,0.0010200158,0.001031093,0.0011063514,0.0010701119,0.0,0.0,0.0010292227,0.001010451,0.0010660649,0.001088964,0.0010701299,0.0010585957,0.0,0.0010292237,0.001010451,0.0010660648,0.0010779864,0.0,0.0010585951,0.0010451032,0.0010379923,0.0010495457,0.0010560576,0.0010683858,0.0,0.0010585964,0.0,0.0010292227,0.001010451,0.0010660649,0.0010779789,0.0,0.0010585951,0.0010451035,0.0010379923,0.0010495457,0.0010560576,0.0010683861,0.0010701154,0.0010585954,0.0010451034,0.0010379925,0.0010495457,0.0010560576,0.0010683862,0.0,0.0,0.0,0.0010292227,0.001010451,0.0010660649,0.0010889637,0.0010701098,0.0010585951,0.0,0.0010292227,0.001010451,0.0010660649,0.0010779797,0.0010701149,0.0010585951,0.0010451031,0.0010660649,0.0,0.0010292227,0.0010104511,0.0,0.0010585951,0.0010451031,0.0010379923,0.0010495457,0.0010560576,0.0010683868,0.0,0.0010585951,0.0010451031,0.0010379923,0.0010495457,0.0010560576,0.0010683861,0.0,0.0010585956,0.0010451032,0.0010379923,0.0010495457,0.0010560576,0.0010683882,0.0010701128,0.0010585951,0.0010451031,0.0010379923,0.0010495457,0.0010560576,0.0010683865,0.0,0.0,0.0010451031,0.0010292227,0.0010200158,0.001031093,0.0011063517,0.0,0.0010585951,0.0010451031,0.0010379923,0.0010495457,0.0010560576,0.0010683859,0.0010702256,0.0010585968,0.0010451034,0.0010379924,0.0010495457,0.0010560576,0.0010683885
k__Bacteria|p__Firmicutes|c__Clostridia|o__Eubacteriales|f__Lachnospiraceae|g__Enterocloster|s__Enterocloster_citroniae,0.0,0.0010616259,0.0010480932,0.0010408578,0.0010520924,0.0010583082,0.0010703866,0.0,0.0010616261,0.0010480932,0.0010408578,0.0010520924,0.0010583082,0.0010703865,0.0,0.0,0.0010481029,0.0010321732,0.0010228294,0.0010335919,0.0011087205,0.0010731899,0.0,0.0010480932,0.0010321649,0.0010228293,0.0010335919,0.0011087202,0.0,0.0,0.0010480932,0.0010321649,0.0010228293,0.0010335919,0.0011087201,0.001073176,0.0010616261,0.0010480932,0.0010408578,0.0010520924,0.0010583082,0.0010703866,0.0,0.0010616264,0.0010480933,0.0010408578,0.0010520924,0.0010583082,0.0010703875,0.0010731763,0.0010616261,0.0010480932,0.0010408578,0.0010520924,0.0010583082,0.0010703866,0.0,0.0010616262,0.0010480935,0.0010408579,0.0010520924,0.0010583082,0.0010703868,0.0,0.0010616261,0.0010480932,0.0010408578,0.0010520924,0.0010583082,0.0010703866,0.0,0.0010616261,0.0,0.0010321649,0.0010133368,0.0010690123,0.0010806012,0.0,0.0010616261,0.0010480932,0.0010408578,0.0010520922,0.0010583082,0.0010703868,0.0,0.0,0.0,0.0010321649,0.0010133368,0.0010690123,0.0010916134,0.0010731773,0.0010616261,0.0,0.0010321649,0.0010133368,0.0010690123,0.0010806037,0.0010731899,0.0,0.0,0.001032165,0.0010133368,0.0010690127,0.0010916136,0.0010731816,0.0,0.0010480932,0.0,0.0010616261,0.0010480932,0.0010690127,0.0010731763,0.0,0.0,0.0010321649,0.0010133368,0.0010690127,0.001091613,0.0,0.0010616268,0.0,0.0010321649,0.0010133368,0.0010690127,0.0010806001,0.0,0.0,0.0010480944,0.0010616259,0.0,0.0010321649,0.0010616262,0.0010731844,0.0010616262,0.0,0.0010321648,0.0010133368,0.0010690127,0.0010806002,0.0,0.0,0.0010480933,0.0010321649,0.0010228293,0.0010335919,0.0011087207,0.0,0.0,0.0010480932,0.0,0.0010616261,0.0010480932,0.0010690127,0.0,0.0010616295,0.0,0.0010616262,0.0,0.0010616261,0.0010480933,0.0,0.0,0.0010481017,0.0010321663,0.0010228293,0.0010335919,0.0011087205,0.0,0.0010616385,0.0010616282,0.0010560881,0.0010675758,0.0,0.0009910119,0.0,0.0010616275,0.0010480939,0.0,0.0010616264,0.0010480932,0.0010408601,0.0010731785,0.0010616261,0.0010480932,0.0,0.0010616261,0.0010480932,0.0010408588,0.0,0.0010616261,0.0010480933,0.0010408578,0.0010520924,0.0010583082,0.0010703866,0.0010731763,0.0010616261,0.0010480932,0.0010408578,0.0010520924,0.0010583082,0.0010703866,0.0010731826,0.0,0.0,0.0010321649,0.0010133368,0.0010690127,0.0010916129,0.0010731742,0.0,0.0010480932,0.0010321649,0.0010228293,0.0010335919,0.0011087204,0.0,0.0010616262,0.0,0.0010321649,0.0010133368,0.0010690127,0.0010805996,0.0010731813,0.0,0.0010480932,0.0010321649,0.001022829,0.0010335919,0.0011087239,0.0,0.0010616261,0.0010480932,0.0010408578,0.0010520924,0.0010583082,0.0010703879,0.001073176,0.0010616261,0.0010480932,0.0010408578,0.0010520924,0.0010583082,0.0010703866,0.0,0.0010616265,0.0010480932,0.0010408578,0.0010520924,0.0010583082,0.0010703866,0.0,0.0,0.0010480932,0.0010321649,0.0010228293,0.0010335919,0.0011087203,0.0010731769,0.0010616261,0.0,0.0,0.0010616262,0.0010616261,0.0010560887,0.0010731933,0.0,0.0010480935,0.0,0.0010616262,0.0010480932,0.0010690155,0.0010732102,0.0,0.0010616262,0.0010480932,0.0010408578,0.0,0.0010616267,0.0,0.001061626,0.0,0.0010321649,0.0010133368,0.0010690128,0.0010806045,0.001073178,0.0,0.0010480932,0.0010321649,0.0010228293,0.001033592,0.0011087374,0.0010731865,0.0,0.0,0.0010321649,0.0010133368,0.0010690127,0.001091613,0.0,0.0010616262,0.0010480933,0.0010408578,0.0010520924,0.0010583082,0.0010703865,0.0010731851,0.0010616261,0.0010480932,0.0,0.001061626,0.0010480932,0.0010408581,0.0010731755,0.0,0.0010480932,0.001032165,0.0010228293,0.0010335919,0.0011087215,0.0010731773,0.0,0.0010480933,0.0010321649,0.0010228293,0.001033592,0.0011087211,0.0,0.0010616261,0.0010616261,0.001056088,0.0010675756,0.0,0.000991047,0.0010731826,0.0,0.0010480932,0.0010321649,0.0010228293,0.0010335919,0.0011087201,0.0010731772,0.0,0.0,0.0010321649,0.0010133368,0.0010690127,0.0010916137,0.0010731886,0.001061626,0.0,0.0010321653,0.0010133369,0.0010690126,0.0010806043,0.0,0.0010616261,0.0010480932,0.0010408578,0.0010520924,0.0010583082,0.0010703866,0.0,0.0010616272,0.0,0.0010321649,0.0010133368,0.0010690127,0.0010805996,0.0,0.001061626,0.0010480933,0.0010408578,0.0010520924,0.0010583082,0.0010703867,0.0010731791,0.0010616261,0.0010480932,0.0010408579,0.0010520924,0.0010583082,0.0010703871,0.0,0.0,0.0,0.0010321649,0.0010133368,0.0010690127,0.0010916136,0.001073176,0.0010616261,0.0,0.0010321649,0.0010133368,0.0010690127,0.0010806003,0.001073183,0.0010616261,0.0010480932,0.0010690127,0.0,0.0010321649,0.0010133369,0.0,0.0010616261,0.0010480932,0.0010408578,0.0010520924,0.0010583082,0.0010703875,0.0,0.0010616261,0.0010480932,0.0010408578,0.0010520924,0.0010583082,0.0010703867,0.0,0.001061626,0.0010480932,0.0010408578,0.0010520924,0.0010583086,0.0010703881,0.0010731744,0.0010616261,0.0010480932,0.0010408578,0.0010520924,0.0010583082,0.0010703868,0.0,0.0,0.0010480932,0.0010321649,0.001022829,0.0010335919,0.0011087204,0.0,0.0010616261,0.0010480932,0.0010408578,0.0010520924,0.0010583082,0.0010703866,0.0010733149,0.0010616273,0.0010480932,0.0010408578,0.0010520924,0.0010583082,0.0010703884
k__Bacteria|p__Firmicutes|c__Clostridia|o__Eubacteriales|f__Lachnospiraceae|g__Blautia|s__Blautia_hydrogenotrophica,0.0,0.0010593295,0.0010455837,0.0010380847,0.0010489343,0.0010547588,0.0010665967,0.0,0.0010593293,0.0010455837,0.0010380847,0.0010489343,0.0010547588,0.0010665965,0.0,0.0,0.0010455984,0.001029444,0.0010198276,0.0010301853,0.0011061633,0.0010711185,0.0,0.0010455837,0.0010294351,0.0010198266,0.0010301853,0.0011061624,0.0,0.0,0.0010455837,0.0010294353,0.0010198266,0.0010301853,0.0011061624,0.0010710832,0.0010593291,0.0010455837,0.0010380847,0.0010489343,0.0010547588,0.0010665964,0.0,0.0010593304,0.0010455841,0.0010380847,0.0010489343,0.0010547588,0.0010665966,0.0010710834,0.0010593291,0.0010455837,0.0010380847,0.0010489343,0.0010547588,0.0010665967,0.0,0.0010593297,0.0010455842,0.0010380849,0.0010489343,0.0010547588,0.0010665976,0.0,0.0010593293,0.0010455837,0.0010380847,0.0010489343,0.0010547588,0.0010665965,0.0,0.0010593293,0.0,0.0010294351,0.0010103821,0.0010666791,0.0010779218,0.0,0.0010593291,0.0010455837,0.0010380847,0.0010489343,0.0010547588,0.0010665974,0.0,0.0,0.0,0.0010294351,0.0010103821,0.0010666791,0.001089162,0.0010710935,0.0010593293,0.0,0.0010294353,0.0010103821,0.0010666791,0.0010779303,0.0010711756,0.0,0.0,0.0010294353,0.0010103821,0.0010666791,0.0010891604,0.001071111,0.0,0.0010455836,0.0,0.0010593291,0.0010455837,0.0010666794,0.0010710873,0.0,0.0,0.0010294351,0.0010103821,0.0010666791,0.0010891587,0.0,0.0010593311,0.0,0.0010294353,0.0010103821,0.0010666791,0.0010779205,0.0,0.0,0.0010455847,0.0010593315,0.0,0.0010294351,0.0010593294,0.0010711141,0.0010593297,0.0,0.0010294353,0.0010103821,0.0010666791,0.0010779203,0.0,0.0,0.0010455839,0.0010294353,0.0010198266,0.0010301853,0.0011061626,0.0,0.0,0.0010455837,0.0,0.0010593291,0.0010455837,0.0010666791,0.0,0.0010593326,0.0,0.0010593294,0.0,0.0010593291,0.0010455839,0.0,0.0,0.0010456052,0.0010294381,0.0010198266,0.0010301853,0.0011061634,0.0,0.0010593678,0.0010593336,0.0010535396,0.0010646612,0.0,0.000987834,0.0,0.0010593319,0.0010455846,0.0,0.0010593297,0.001045584,0.0010380871,0.0010710896,0.0010593291,0.0010455837,0.0,0.0010593291,0.0010455837,0.001038086,0.0,0.0010593297,0.0010455839,0.0010380847,0.0010489343,0.0010547588,0.0010665964,0.0010710834,0.0010593291,0.0010455837,0.0010380847,0.0010489343,0.0010547588,0.0010665965,0.0010711203,0.0,0.0,0.0010294351,0.0010103821,0.0010666791,0.0010891584,0.0010710924,0.0,0.0010455837,0.0010294351,0.0010198266,0.0010301853,0.0011061627,0.0,0.0010593294,0.0,0.0010294351,0.0010103821,0.0010666791,0.0010779204,0.0010710981,0.0,0.0010455837,0.0010294353,0.0010198266,0.0010301853,0.0011061702,0.0,0.0010593291,0.0010455837,0.0010380847,0.0010489343,0.0010547588,0.0010665985,0.0010710844,0.0010593291,0.0010455837,0.0010380847,0.0010489343,0.0010547588,0.0010665964,0.0,0.0010593301,0.001045584,0.0010380847,0.0010489343,0.0010547588,0.0010665967,0.0,0.0,0.0010455837,0.0010294351,0.0010198266,0.0010301853,0.0011061626,0.0010710852,0.0010593291,0.0,0.0,0.0010593294,0.0010593293,0.0010535396,0.00107112,0.0,0.0010455837,0.0,0.0010593294,0.0010455837,0.0010666808,0.0010712137,0.0,0.0010593297,0.001045584,0.0010380847,0.0,0.0010593301,0.0,0.0010593291,0.0,0.0010294351,0.0010103821,0.0010666791,0.001077923,0.0010710899,0.0,0.0010455837,0.0010294351,0.0010198266,0.0010301857,0.0011062359,0.0010711005,0.0,0.0,0.0010294351,0.0010103821,0.0010666791,0.001089158,0.0,0.0010593294,0.0010455839,0.0010380847,0.0010489343,0.0010547588,0.0010665965,0.0010710912,0.0010593296,0.001045584,0.0,0.0010593295,0.0010455837,0.0010380861,0.0010710871,0.0,0.001045584,0.0010294354,0.0010198266,0.0010301853,0.0011061651,0.0010710874,0.0,0.0010455839,0.0010294353,0.0010198266,0.0010301853,0.0011061643,0.0,0.0010593296,0.0010593298,0.001053539,0.0010646611,0.0,0.0009878783,0.001071129,0.0,0.001045584,0.0010294353,0.0010198266,0.0010301853,0.0011061624,0.0010710894,0.0,0.0,0.0010294351,0.0010103821,0.0010666791,0.0010891609,0.0010711687,0.0010593304,0.0,0.0010294364,0.0010103822,0.0010666791,0.0010779292,0.0,0.0010593296,0.001045584,0.0010380847,0.0010489343,0.0010547588,0.0010665964,0.0,0.0010593302,0.0,0.0010294351,0.0010103821,0.0010666791,0.0010779204,0.0,0.0010593294,0.0010455839,0.0010380847,0.0010489343,0.0010547588,0.0010665967,0.0010711009,0.0010593296,0.001045584,0.0010380849,0.0010489343,0.0010547588,0.001066597,0.0,0.0,0.0,0.0010294351,0.0010103821,0.0010666791,0.0010891587,0.0010710829,0.0010593291,0.0,0.0010294351,0.0010103821,0.0010666791,0.0010779212,0.0010710958,0.0010593296,0.0010455837,0.0010666791,0.0,0.0010294351,0.0010103822,0.0012274812,0.0010593291,0.0010455837,0.0010380847,0.0010489343,0.0010547588,0.0010665974,0.0,0.0010593291,0.0010455837,0.0010380847,0.0010489343,0.0010547588,0.0010665968,0.0,0.0010593303,0.001045584,0.0010380847,0.0010489343,0.0010547588,0.0010665988,0.0010710959,0.0010593291,0.0010455837,0.0010380847,0.0010489343,0.0010547588,0.0010665972,0.0,0.0,0.0010455837,0.0010294353,0.0010198266,0.0010301853,0.0011061629,0.0,0.0010593291,0.0010455837,0.0010380847,0.0010489343,0.0010547588,0.0010665965,0.0010712381,0.0010593308,0.001045584,0.0010380847,0.0010489343,0.0010547588,0.0010666001
k__Bacteria|p__Firmicutes|c__CFGB28775|o__OFGB28775|f__FGB28775|g__GGB3511|s__GGB3511_SGB4688,0.0,0.001061988,0.0010483338,0.0010409123,0.0010518092,0.001057696,0.0010695389,0.0,0.0010619881,0.0010483338,0.0010409123,0.0010518092,0.001057696,0.0010695388,0.0,0.0,0.0010483499,0.0010322904,0.0010227493,0.0010331671,0.0011086387,0.0010736694,0.0,0.0010483338,0.0010322771,0.0010227489,0.0010331671,0.0011086386,0.0,0.0,0.0010483336,0.0010322771,0.0010227489,0.0010331671,0.0011086386,0.0010736522,0.0010619881,0.0010483338,0.0010409123,0.0010518092,0.001057696,0.0010695388,0.0,0.0010619886,0.001048334,0.0010409123,0.0010518092,0.001057696,0.0010695396,0.0010736523,0.0010619881,0.0010483338,0.0010409123,0.0010518092,0.001057696,0.0010695389,0.0,0.0010619882,0.0010483345,0.0010409125,0.0010518092,0.001057696,0.0010695392,0.0,0.0010619881,0.0010483338,0.0010409123,0.0010518092,0.001057696,0.0010695389,0.0,0.0010619881,0.0,0.0010322771,0.0010133141,0.0010693168,0.0010805828,0.0,0.0010619881,0.0010483338,0.0010409123,0.0010518092,0.001057696,0.0010695389,0.0,0.0,0.0,0.0010322771,0.0010133141,0.0010693168,0.0010917166,0.0010736547,0.0010619881,0.0,0.0010322771,0.0010133141,0.0010693168,0.0010805828,0.0010736568,0.0,0.0,0.0010322772,0.0010133141,0.0010693168,0.0010917163,0.0010736606,0.0,0.0010483338,0.0,0.0010619881,0.0010483338,0.0010693169,0.0010736528,0.0,0.0,0.0010322771,0.0010133141,0.0010693168,0.0010917158,0.0,0.001061989,0.0,0.0010322771,0.0010133141,0.0010693168,0.0010805812,0.0,0.0,0.0010483356,0.0010619886,0.0,0.0010322771,0.0010619882,0.0010736681,0.0010619882,0.0,0.0010322772,0.0010133141,0.0010693168,0.0010805813,0.0,0.0,0.0010483341,0.0010322771,0.0010227489,0.0010331671,0.0011086386,0.0,0.0,0.0010483338,0.0,0.0010619881,0.0010483338,0.0010693168,0.0,0.0010619926,0.0,0.0010619882,0.0,0.0010619881,0.0010483337,0.0,0.0,0.0010483516,0.0010322796,0.0010227489,0.0010331671,0.0011086388,0.0,0.0010620186,0.0010619918,0.0010562717,0.0010674283,0.0,0.0009908479,0.0,0.0010619898,0.0010483349,0.0,0.0010619882,0.0010483338,0.0010409146,0.001073658,0.0010619881,0.0010483338,0.0,0.0010619881,0.0010483338,0.0010409129,0.0,0.001061988,0.0010483337,0.0010409123,0.0010518092,0.001057696,0.0010695389,0.0010736525,0.0010619881,0.0010483338,0.0010409123,0.0010518092,0.001057696,0.0010695389,0.0010736596,0.0,0.0,0.0010322771,0.0010133141,0.0010693168,0.0010917158,0.001073651,0.0,0.0010483338,0.0010322771,0.0010227489,0.0010331671,0.0011086388,0.0,0.0010619882,0.0,0.0010322771,0.0010133141,0.0010693168,0.0010805811,0.0010736582,0.0,0.0010483338,0.0010322771,0.0010227489,0.0010331671,0.0011086409,0.0,0.0010619881,0.0010483336,0.0010409123,0.0010518092,0.001057696,0.0010695393,0.0010736526,0.0010619881,0.0010483338,0.0010409123,0.0010518092,0.001057696,0.0010695388,0.0,0.0010619886,0.0010483338,0.0010409123,0.0010518092,0.001057696,0.0010695389,0.0,0.0,0.0010483338,0.0010322771,0.0010227489,0.0010331671,0.0011086386,0.0010736531,0.0010619881,0.0,0.0,0.0010619882,0.0010619881,0.0010562715,0.001073671,0.0,0.0010483342,0.0,0.0010619882,0.0010483338,0.0010693211,0.0010736742,0.0,0.0010619883,0.0010483338,0.0010409123,0.0,0.0010619884,0.0,0.001061988,0.0,0.0010322771,0.0010133141,0.0010693168,0.0010805841,0.0010736561,0.0,0.0010483338,0.0010322771,0.0010227489,0.0010331672,0.0011086559,0.0010736659,0.0,0.0,0.0010322771,0.0010133141,0.0010693168,0.0010917158,0.0,0.0010619882,0.0010483337,0.0010409123,0.0010518092,0.001057696,0.0010695388,0.001073666,0.0010619882,0.0010483338,0.0,0.0010619881,0.0010483338,0.0010409132,0.0010736517,0.0,0.0010483338,0.0010322775,0.0010227489,0.0010331671,0.0011086396,0.0010736542,0.0,0.001048334,0.0010322771,0.0010227489,0.0010331672,0.0011086386,0.0,0.0010619882,0.0010619882,0.001056271,0.0010674286,0.0,0.0009908864,0.0010736558,0.0,0.0010483338,0.0010322771,0.0010227489,0.0010331671,0.0011086386,0.001073655,0.0,0.0,0.0010322771,0.0010133141,0.0010693168,0.0010917165,0.0010736638,0.0010619882,0.0,0.0010322778,0.0010133142,0.0010693169,0.0010805852,0.0,0.0010619882,0.0010483338,0.0010409123,0.0010518092,0.001057696,0.0010695388,0.0,0.0010619899,0.0,0.0010322771,0.0010133141,0.0010693168,0.0010805811,0.0,0.0010619881,0.0010483341,0.0010409123,0.0010518092,0.001057696,0.001069539,0.0010736545,0.0010619882,0.0010483336,0.0010409127,0.0010518092,0.001057696,0.0010695391,0.0,0.0,0.0,0.0010322771,0.0010133141,0.0010693168,0.0010917163,0.0010736521,0.0010619881,0.0,0.0010322771,0.0010133141,0.0010693168,0.0010805813,0.0010736594,0.0010619882,0.0010483338,0.0010693168,0.0,0.0010322771,0.0010133142,0.0,0.0010619881,0.0010483338,0.0010409123,0.0010518092,0.001057696,0.0010695393,0.0,0.0010619881,0.0010483338,0.0010409123,0.0010518092,0.001057696,0.0010695389,0.0,0.0010619883,0.0010483338,0.0010409123,0.0010518092,0.001057696,0.0010695395,0.001073653,0.0010619881,0.0010483338,0.0010409123,0.0010518092,0.001057696,0.0010695389,0.0,0.0,0.0010483336,0.0010322771,0.0010227489,0.0010331671,0.0011086387,0.0,0.0010619881,0.0010483338,0.0010409123,0.0010518092,0.001057696,0.0010695389,0.0010738064,0.0010619896,0.0010483338,0.0010409123,0.0010518092,0.001057696,0.0010695403
k__Bacteria|p__Firmicutes|c__CFGB1362|o__OFGB1362|f__FGB1362|g__GGB48159|s__GGB48159_SGB105301,0.0,0.0010590142,0.0010452787,0.0010378012,0.0010486989,0.0010545684,0.001066442,0.0,0.0010590146,0.0010452787,0.0010378012,0.0010486989,0.0010545684,0.0010664421,0.0,0.0,0.0010452896,0.0010291482,0.0010195551,0.0010299613,0.0011059343,0.001070798,0.0,0.0010452787,0.0010291414,0.0010195549,0.0010299613,0.0011059341,0.0,0.0,0.0010452787,0.0010291414,0.0010195549,0.0010299613,0.0011059341,0.0010707589,0.0010590145,0.0010452787,0.0010378012,0.0010486989,0.0010545684,0.0010664421,0.0,0.0010590147,0.0010452789,0.0010378012,0.0010486989,0.0010545684,0.0010664428,0.0010707593,0.0010590145,0.0010452787,0.0010378012,0.0010486989,0.0010545684,0.0010664421,0.0,0.0010590145,0.0010452791,0.0010378013,0.0010486989,0.0010545684,0.0010664426,0.0,0.0010590146,0.0010452787,0.0010378012,0.0010486989,0.0010545684,0.0010664422,0.0,0.0010590146,0.0,0.0010291414,0.0010101002,0.001066375,0.001077665,0.0,0.0010590145,0.0010452787,0.0010378012,0.0010486989,0.0010545684,0.0010664423,0.0,0.0,0.0,0.0010291414,0.0010101002,0.001066375,0.0010888941,0.0010707706,0.0010590146,0.0,0.0010291414,0.0010101002,0.001066375,0.0010776685,0.0010708409,0.0,0.0,0.0010291414,0.0010101002,0.001066375,0.0010888939,0.0010707879,0.0,0.0010452787,0.0,0.0010590145,0.0010452787,0.0010663749,0.0010707625,0.0,0.0,0.0010291414,0.0010101002,0.001066375,0.0010888933,0.0,0.0010590153,0.0,0.0010291414,0.0010101002,0.001066375,0.0010776644,0.0,0.0,0.001045279,0.0010590153,0.0,0.0010291414,0.0010590145,0.001070782,0.0010590145,0.0,0.0010291412,0.0010101002,0.001066375,0.0010776642,0.0,0.0,0.001045279,0.0010291414,0.0010195549,0.0010299613,0.0011059344,0.0,0.0,0.0010452787,0.0,0.0010590145,0.0010452787,0.0010663749,0.0,0.0010590161,0.0,0.0010590146,0.0,0.0010590145,0.0010452789,0.0,0.0,0.0010452888,0.0010291431,0.0010195548,0.0010299613,0.0011059343,0.0,0.0010590467,0.0010590176,0.0010532449,0.0010644149,0.0,0.0009875598,0.0,0.0010590159,0.0010452792,0.0,0.0010590146,0.0010452789,0.001037803,0.0010707657,0.0010590145,0.0010452787,0.0,0.0010590145,0.0010452787,0.0010378018,0.0,0.0010590145,0.0010452789,0.0010378012,0.0010486989,0.0010545684,0.0010664421,0.0010707593,0.0010590145,0.0010452787,0.0010378012,0.0010486989,0.0010545684,0.0010664422,0.0010707888,0.0,0.0,0.0010291414,0.0010101002,0.001066375,0.0010888933,0.0010707657,0.0,0.0010452787,0.0010291414,0.0010195549,0.0010299613,0.0011059341,0.0,0.0010590146,0.0,0.0010291414,0.0010101002,0.001066375,0.0010776642,0.0010707785,0.0,0.0010452787,0.0010291414,0.0010195549,0.0010299613,0.0011059379,0.0,0.0010590145,0.0010452787,0.0010378012,0.0010486989,0.0010545684,0.0010664429,0.0010707601,0.0010590145,0.0010452787,0.0010378012,0.0010486989,0.0010545684,0.0010664421,0.0,0.0010590147,0.0010452789,0.0010378012,0.0010486989,0.0010545684,0.001066442,0.0,0.0,0.0010452787,0.0010291414,0.0010195549,0.0010299613,0.0011059343,0.0010707623,0.0010590145,0.0,0.0,0.0010590146,0.0010590146,0.0010532448,0.0010708008,0.0,0.0010452789,0.0,0.0010590146,0.0010452787,0.001066377,0.0010708875,0.0,0.0010590146,0.0010452789,0.0010378012,0.0,0.0010590147,0.0,0.0010590144,0.0,0.0010291414,0.0010101002,0.0010663749,0.0010776689,0.0010707648,0.0,0.0010452787,0.0010291414,0.0010195548,0.0010299619,0.001105964,0.0010707721,0.0,0.0,0.0010291414,0.0010101002,0.001066375,0.0010888933,0.0,0.0010590146,0.0010452789,0.0010378012,0.0010486989,0.0010545684,0.0010664421,0.0010707942,0.0010590145,0.0010452789,0.0,0.0010590144,0.0010452787,0.0010378021,0.0010707619,0.0,0.0010452789,0.0010291414,0.0010195549,0.0010299613,0.0011059347,0.0010707628,0.0,0.0010452789,0.0010291412,0.0010195548,0.0010299613,0.0011059351,0.0,0.0010590145,0.0010590146,0.0010532446,0.0010644146,0.0,0.0009875854,0.0010708008,0.0,0.0010452789,0.0010291414,0.0010195549,0.0010299613,0.0011059341,0.0010707648,0.0,0.0,0.0010291414,0.0010101002,0.001066375,0.001088894,0.0010708333,0.0010590149,0.0,0.0010291422,0.0010101005,0.001066375,0.001077668,0.0,0.0010590144,0.0010452789,0.0010378012,0.0010486989,0.0010545684,0.0010664421,0.0,0.0010590149,0.0,0.0010291414,0.0010101002,0.001066375,0.0010776642,0.0,0.0010590145,0.001045279,0.0010378012,0.0010486989,0.0010545684,0.0010664421,0.0010707736,0.0010590145,0.0010452789,0.0010378013,0.0010486989,0.0010545684,0.0010664422,0.0,0.0,0.0,0.0010291414,0.0010101002,0.001066375,0.0010888935,0.0010707587,0.0010590145,0.0,0.0010291414,0.0010101002,0.001066375,0.0010776649,0.0010707706,0.0010590144,0.0010452787,0.001066375,0.0,0.0010291414,0.0010101002,0.0,0.0010590145,0.0010452787,0.0010378012,0.0010486989,0.0010545684,0.0010664426,0.0,0.0010590145,0.0010452787,0.0010378012,0.0010486989,0.0010545684,0.0010664422,0.0,0.0010590148,0.0010452789,0.0010378012,0.0010486989,0.0010545684,0.0010664434,0.0010707692,0.0010590145,0.0010452787,0.0010378012,0.0010486989,0.0010545684,0.0010664427,0.0,0.0,0.0010452787,0.0010291414,0.0010195549,0.0010299613,0.0011059343,0.0,0.0010590145,0.0010452787,0.0010378012,0.0010486989,0.0010545684,0.0010664422,0.0010709661,0.0010590153,0.0010452789,0.0010378012,0.0010486989,0.0010545684,0.0010664435
k__Bacteria|p__Firmicutes|c__Bacilli|o__Lactobacillales|f__Streptococcaceae|g__Streptococcus|s__Streptococcus_agalactiae,0.0,0.0010583132,0.0010446787,0.001037364,0.0010485705,0.0010547393,0.001066832,0.0,0.0010583132,0.0010446787,0.001037364,0.0010485705,0.0010547393,0.0010668322,0.0,0.0,0.0010446919,0.0010286588,0.0010192312,0.0010299509,0.001105672,0.0010699701,0.0,0.0010446787,0.0010286485,0.0010192309,0.0010299509,0.0011056723,0.0,0.0,0.0010446787,0.0010286485,0.0010192309,0.0010299509,0.0011056724,0.0010699631,0.0010583132,0.0010446787,0.001037364,0.0010485705,0.0010547393,0.0010668321,0.0,0.0010583135,0.0010446787,0.001037364,0.0010485705,0.0010547393,0.0010668321,0.0010699633,0.0010583132,0.0010446787,0.001037364,0.0010485705,0.0010547393,0.0010668322,0.0,0.0010583133,0.0010446787,0.0010373641,0.0010485705,0.0010547393,0.0010668322,0.0,0.0010583132,0.0010446787,0.001037364,0.0010485705,0.0010547393,0.0010668322,0.0,0.0010583132,0.0,0.0010286485,0.0010097207,0.0010657307,0.0010773181,0.0,0.0010583132,0.0010446787,0.001037364,0.0010485705,0.0010547393,0.0010668316,0.0,0.0,0.0,0.0010286485,0.0010097207,0.0010657307,0.0010884473,0.0010699639,0.0010583132,0.0,0.0010286485,0.0010097207,0.0010657307,0.0010773167,0.0010699587,0.0,0.0,0.0010286486,0.0010097207,0.0010657307,0.0010884473,0.0010699665,0.0,0.0010446787,0.0,0.0010583132,0.0010446787,0.0010657305,0.0010699633,0.0,0.0,0.0010286485,0.0010097207,0.0010657307,0.0010884479,0.0,0.0010583142,0.0,0.0010286485,0.0010097207,0.0010657307,0.001077318,0.0,0.0,0.0010446793,0.0010583139,0.0,0.0010286485,0.0010583133,0.0010699737,0.0010583135,0.0,0.0010286483,0.0010097207,0.0010657307,0.0010773181,0.0,0.0,0.0010446787,0.0010286485,0.0010192309,0.0010299509,0.0011056721,0.0,0.0,0.0010446787,0.0,0.0010583132,0.0010446787,0.0010657304,0.0,0.0010583163,0.0,0.0010583133,0.0,0.0010583132,0.0010446787,0.0,0.0,0.0010446942,0.0010286511,0.0010192308,0.0010299509,0.0011056719,0.0109594455,0.0010583492,0.001058317,0.0010527009,0.0010641745,0.0,0.0009872953,0.0,0.0010583147,0.0010446792,0.0,0.0010583136,0.0010446787,0.0010373648,0.0010699662,0.0010583132,0.0010446787,0.0,0.0010583132,0.0010446787,0.0010373642,0.0,0.0010583134,0.0010446787,0.001037364,0.0010485705,0.0010547393,0.0010668322,0.0010699633,0.0010583132,0.0010446787,0.001037364,0.0010485705,0.0010547393,0.0010668322,0.001069963,0.0,0.0,0.0010286485,0.0010097207,0.0010657307,0.0010884479,0.0010699631,0.0,0.0010446787,0.0010286485,0.0010192309,0.0010299509,0.0011056721,0.0,0.0010583133,0.0,0.0010286485,0.0010097207,0.0010657307,0.0010773181,0.0010699665,0.00211759,0.0010446787,0.0010286485,0.0010192309,0.0010299509,0.0011056706,0.0,0.0010583132,0.0010446787,0.001037364,0.0010485705,0.0010547393,0.0010668316,0.0010699633,0.0010583132,0.0010446787,0.001037364,0.0010485705,0.0010547393,0.0010668321,0.0,0.0010583138,0.0010446787,0.001037364,0.0010485705,0.0010547393,0.001066832,0.0,0.0,0.0010446787,0.0010286485,0.0010192309,0.0010299509,0.0011056724,0.0010699637,0.0010583132,0.0,0.0,0.0010583133,0.0010583132,0.0010527009,0.0010699708,0.0,0.0010446791,0.0,0.0010583133,0.0010446787,0.0010657312,0.0010699659,0.0,0.0010583133,0.0010446787,0.001037364,0.0,0.0010583133,0.0,0.0010583131,0.0,0.0010286485,0.0010097207,0.0010657307,0.0010773186,0.0010699643,0.0,0.0010446787,0.0010286485,0.0010192308,0.001029951,0.0011056584,0.001069968,0.0,0.0,0.0010286485,0.0010097207,0.0010657307,0.001088448,0.0,0.0010583133,0.0010446787,0.001037364,0.0010485705,0.0010547393,0.0010668322,0.0010699702,0.0010583133,0.0010446787,0.0,0.0010583132,0.0010446787,0.0010373646,0.0010699627,0.0,0.0010446787,0.0010286486,0.0010192309,0.0010299509,0.0011056712,0.0010699638,0.0,0.0010446787,0.0010286483,0.0010192308,0.001029951,0.001105671,0.0,0.0010583133,0.0010583133,0.0010527007,0.0010641743,0.0,0.0009873189,0.0010699657,0.0,0.0010446787,0.0010286485,0.0010192309,0.0010299509,0.0011056724,0.0010699643,0.0,0.0,0.0010286485,0.0010097207,0.0010657307,0.0010884473,0.001069962,0.0010583133,0.0,0.001028649,0.0010097208,0.0010657306,0.0010773174,0.0,0.0010583133,0.0010446787,0.001037364,0.0010485705,0.0010547393,0.0010668321,0.0,0.0010583143,0.0,0.0010286485,0.0010097207,0.0010657307,0.0010773181,0.0,0.0010583133,0.0010446787,0.001037364,0.0010485705,0.0010547393,0.0010668322,0.0010699618,0.0010583132,0.0010446787,0.0010373644,0.0010485705,0.0010547393,0.0010668319,0.0,0.0,0.0,0.0010286485,0.0010097207,0.0010657307,0.0010884479,0.001069963,0.0010583132,0.0,0.0010286485,0.0010097207,0.0010657307,0.0010773179,0.0010699659,0.0010583133,0.0010446787,0.0010657307,0.0,0.0010286485,0.0010097208,0.0,0.0010583132,0.0010446787,0.0010373642,0.0010485705,0.0010547393,0.0010668319,0.0,0.0010583132,0.0010446787,0.001037364,0.0010485705,0.0010547393,0.001066832,0.0,0.0010583134,0.0010446787,0.001037364,0.0010485705,0.0010547393,0.0010668318,0.0010699636,0.0010583132,0.0010446787,0.001037364,0.0010485705,0.0010547393,0.0010668319,0.0,0.0,0.0010446787,0.0010286485,0.0010192309,0.0010299509,0.0011056719,0.0,0.0010583132,0.0010446787,0.001037364,0.0010485705,0.0010547393,0.0010668322,0.0010700315,0.0010583143,0.0010446787,0.0010373642,0.0010485705,0.0010547393,0.0010668318
k__Bacteria|p__Firmicutes|c__Clostridia|o__Eubacteriales|f__Lachnospiraceae|g__Coprococcus|s__Coprococcus_catus,0.0,0.0010607245,0.0010469429,0.0010393613,0.0010500205,0.0010556659,0.0010673588,0.0,0.0010607247,0.0010469429,0.0010393613,0.0010500205,0.0010556659,0.0010673588,0.0,0.0,0.0010469474,0.0010307566,0.0010210611,0.0010312296,0.0011072004,0.0010725468,0.0,0.0010469429,0.0010307544,0.0010210603,0.0010312296,0.0011071995,0.0,0.0,0.0010469429,0.0010307544,0.0010210603,0.0010312296,0.0011071994,0.0010725106,0.0010607246,0.0010469429,0.0010393613,0.0010500205,0.0010556659,0.0010673585,0.0,0.0010607248,0.001046943,0.0010393613,0.0010500205,0.0010556659,0.0010673587,0.001072511,0.0010607246,0.0010469429,0.0010393613,0.0010500205,0.0010556659,0.0010673588,0.0,0.0010607247,0.0010469432,0.0010393616,0.0010500205,0.0010556659,0.0010673597,0.0,0.0010607247,0.0010469429,0.0010393613,0.0010500205,0.0010556659,0.0010673589,0.0,0.0010607247,0.0,0.0010307544,0.0010116562,0.0010680291,0.0010790796,0.0,0.0010607246,0.0010469429,0.0010393613,0.0010500205,0.0010556659,0.0010673596,0.0,0.0,0.0,0.0010307544,0.0010116562,0.0010680291,0.0010903502,0.0010725218,0.0010607247,0.0,0.0010307544,0.0010116562,0.0010680291,0.0010790878,0.0010726053,0.0,0.0,0.0010307544,0.0010116562,0.0010680291,0.0010903489,0.0010725379,0.0,0.0010469429,0.0,0.0010607246,0.0010469429,0.0010680291,0.0010725145,0.0,0.0,0.0010307544,0.0010116562,0.0010680291,0.0010903471,0.0,0.0010607253,0.0,0.0010307544,0.0010116562,0.0010680291,0.0010790784,0.0,0.0,0.0010469428,0.0010607254,0.0,0.0010307541,0.0010607247,0.0010725326,0.0010607247,0.0,0.0010307543,0.0010116562,0.0010680291,0.0010790783,0.0,0.0,0.001046943,0.0010307544,0.0010210603,0.0010312296,0.0011071998,0.0,0.0,0.0010469429,0.0,0.0010607246,0.0010469429,0.001068029,0.0,0.0010607261,0.0,0.0010607248,0.0,0.0010607246,0.001046943,0.0,0.0,0.0010469508,0.0010307555,0.0010210603,0.0010312296,0.0011072003,0.0,0.0010607389,0.0010607258,0.0010548544,0.0010657848,0.0,0.0009890562,0.0,0.001060726,0.0010469434,0.0,0.0010607248,0.0010469429,0.001039363,0.0010725155,0.0010607246,0.0010469429,0.0,0.0010607246,0.0010469429,0.001039363,0.0,0.0010607247,0.001046943,0.0010393613,0.0010500205,0.0010556659,0.0010673589,0.0010725107,0.0010607246,0.0010469429,0.0010393613,0.0010500205,0.0010556659,0.0010673589,0.0010725426,0.0,0.0,0.0010307544,0.0010116562,0.0010680291,0.0010903467,0.0010725177,0.0,0.0010469429,0.0010307544,0.0010210603,0.0010312296,0.0011071998,0.0,0.0010607248,0.0,0.0010307544,0.0010116562,0.0010680291,0.0010790778,0.0010725267,0.0,0.0010469429,0.0010307544,0.0010210603,0.0010312296,0.0011072072,0.0,0.0010607246,0.0010469429,0.0010393613,0.0010500205,0.0010556659,0.0010673609,0.0010725117,0.0010607246,0.0010469429,0.0010393613,0.0010500205,0.0010556659,0.0010673585,0.0,0.001060725,0.0010469429,0.0010393613,0.0010500205,0.0010556659,0.0010673588,0.0,0.0,0.0010469429,0.0010307544,0.0010210603,0.0010312296,0.0011071997,0.0010725136,0.0010607246,0.0,0.0,0.0010607248,0.0010607247,0.0010548546,0.0010725493,0.0,0.001046943,0.0,0.0010607248,0.0010469429,0.00106803,0.0010726498,0.0,0.0010607248,0.0010469432,0.0010393613,0.0,0.0010607252,0.0,0.0010607246,0.0,0.0010307544,0.0010116562,0.0010680291,0.0010790806,0.0010725158,0.0,0.0010469429,0.0010307544,0.0010210603,0.0010312299,0.0011072694,0.0010725235,0.0,0.0,0.0010307544,0.0010116562,0.0010680291,0.0010903468,0.0,0.0010607248,0.001046943,0.0010393613,0.0010500205,0.0010556659,0.0010673588,0.0010725377,0.0010607246,0.0010469429,0.0,0.0010607246,0.0010469429,0.0010393623,0.0010725146,0.0,0.0010469429,0.0010307542,0.0010210603,0.0010312296,0.001107202,0.0010725149,0.0,0.001046943,0.0010307544,0.0010210603,0.0010312297,0.0011072014,0.0,0.0010607246,0.0010607248,0.001054854,0.0010657847,0.0,0.0009890934,0.0010725558,0.0,0.0010469429,0.0010307544,0.0010210603,0.0010312296,0.0011071994,0.0010725174,0.0,0.0,0.0010307544,0.0010116562,0.0010680291,0.0010903492,0.0010725899,0.0010607253,0.0,0.0010307549,0.0010116564,0.0010680291,0.0010790861,0.0,0.0010607247,0.0010469429,0.0010393613,0.0010500205,0.0010556659,0.0010673585,0.0,0.0010607247,0.0,0.0010307541,0.0010116562,0.0010680291,0.0010790778,0.0,0.0010607247,0.001046943,0.0010393613,0.0010500205,0.0010556659,0.0010673588,0.0010725278,0.0010607247,0.0010469429,0.0010393615,0.0010500205,0.0010556659,0.001067359,0.0,0.0,0.0,0.0010307544,0.0010116562,0.0010680291,0.0010903472,0.0010725105,0.0010607246,0.0,0.0010307544,0.0010116562,0.0010680291,0.0010790791,0.0010725231,0.0010607247,0.0010469429,0.0010680291,0.0,0.0010307544,0.0010116564,0.0,0.0010607246,0.0010469429,0.0010393613,0.0010500205,0.0010556659,0.0010673597,0.0,0.0010607246,0.0010469429,0.0010393613,0.0010500205,0.0010556659,0.0010673592,0.0,0.0010607248,0.0010469429,0.0010393613,0.0010500205,0.0010556659,0.0010673614,0.0010725217,0.0010607246,0.0010469429,0.0010393613,0.0010500205,0.0010556659,0.0010673593,0.0,0.0,0.0010469429,0.0010307544,0.0010210603,0.0010312296,0.0011071999,0.0,0.0010607246,0.0010469429,0.0010393613,0.0010500205,0.0010556659,0.0010673589,0.0010727195,0.0010607254,0.0010469429,0.0010393613,0.0010500205,0.0010556659,0.0010673625
k__Bacteria|p__Firmicutes|c__Negativicutes|o__Acidaminococcales|f__Acidaminococcaceae|g__Acidaminococcus|s__Acidaminococcus_intestini,0.0,0.0010622878,0.0010486061,0.0010411376,0.0010519422,0.0010577398,0.0010695165,0.0,0.0010622883,0.0010486061,0.0010411376,0.0010519422,0.0010577398,0.0010695164,0.0,0.0,0.0010486019,0.0010325164,0.0010229428,0.0010332677,0.0011087987,0.0010739757,0.0,0.0010486061,0.0010325199,0.001022943,0.0010332677,0.0011087989,0.0,0.0,0.0010486061,0.0010325199,0.001022943,0.0010332677,0.0011087989,0.0010739779,0.0010622882,0.0010486061,0.0010411376,0.0010519422,0.0010577398,0.0010695163,0.0,0.0010622882,0.0010486061,0.0010411376,0.0010519422,0.0010577398,0.0010695172,0.0010739779,0.0010622882,0.0010486061,0.0010411376,0.0010519422,0.0010577398,0.0010695164,0.0,0.0010622881,0.0010486062,0.0010411377,0.0010519422,0.0010577398,0.0010695162,0.0,0.0010622883,0.0010486061,0.0010411376,0.0010519422,0.0010577398,0.0010695164,0.0,0.0010622883,0.0,0.0010325199,0.0010135254,0.0010695992,0.0010807735,0.0,0.0010622882,0.0010486061,0.0010411376,0.0010519422,0.0010577398,0.0010695162,0.0,0.0,0.0,0.0010325199,0.0010135254,0.0010695992,0.0010919342,0.0010739792,0.0010622883,0.0,0.0010325199,0.0010135254,0.0010695992,0.0010807712,0.0010739809,0.0,0.0,0.00103252,0.0010135254,0.0010695992,0.0010919349,0.0010739805,0.0,0.0010486061,0.0,0.0010622882,0.0010486061,0.0010695991,0.0010739777,0.0,0.0,0.0010325199,0.0010135254,0.0010695992,0.0010919347,0.0,0.0010622874,0.0,0.0010325199,0.0010135254,0.0010695992,0.0010807733,0.0,0.0,0.0010486061,0.0010622877,0.0,0.0010325199,0.0010622883,0.0010739719,0.0010622881,0.0,0.0010325197,0.0010135254,0.0010695992,0.0010807732,0.0,0.0,0.0010486062,0.0010325199,0.001022943,0.0010332677,0.0011087989,0.0,0.0,0.0010486061,0.0,0.0010622882,0.0010486061,0.0010695992,0.0,0.0010622854,0.0,0.0010622883,0.0,0.0010622882,0.0010486062,0.0,0.0,0.001048596,0.0010325183,0.0010229427,0.0010332677,0.0011087982,0.0,0.00106227,0.0010622859,0.0010565253,0.0010675918,0.0,0.0009910181,0.0,0.0010622874,0.0010486059,0.0,0.0010622878,0.0010486061,0.0010411385,0.0010739771,0.0010622882,0.0010486061,0.0,0.0010622882,0.0010486061,0.0010411378,0.0,0.0010622883,0.0010486062,0.0010411376,0.0010519422,0.0010577398,0.0010695165,0.0010739781,0.0010622882,0.0010486061,0.0010411376,0.0010519422,0.0010577398,0.0010695164,0.0010739804,0.0,0.0,0.0010325199,0.0010135254,0.0010695992,0.0010919346,0.001073976,0.0,0.0010486061,0.0010325199,0.001022943,0.0010332677,0.0011087987,0.0,0.0010622883,0.0,0.0010325199,0.0010135254,0.0010695992,0.0010807734,0.0010739783,0.0,0.0010486061,0.0010325199,0.001022943,0.0010332677,0.0011087983,0.0,0.0010622882,0.0010486061,0.0010411376,0.0010519422,0.0010577398,0.0010695168,0.001073978,0.0010622882,0.0010486061,0.0010411376,0.0010519422,0.0010577398,0.0010695163,0.0033695083,0.001062288,0.0010486061,0.0010411376,0.0010519422,0.0010577398,0.0010695163,0.0,0.0,0.0010486061,0.0010325199,0.001022943,0.0010332677,0.0011087991,0.001073978,0.0010622882,0.0,0.0,0.0010622883,0.0010622883,0.0010565259,0.0010739774,0.0,0.0010486062,0.0,0.0010622883,0.0010486061,0.0010696021,0.0010739899,0.0,0.0010622881,0.0010486061,0.0010411376,0.0,0.0010622883,0.0,0.0010622881,0.0,0.0010325199,0.0010135254,0.0010695991,0.0010807771,0.0010739779,0.0,0.0010486061,0.0010325199,0.0010229428,0.0010332679,0.0011087953,0.0010739741,0.0,0.0,0.0010325199,0.0010135254,0.0010695992,0.0010919347,0.0,0.0010622883,0.0010486062,0.0010411376,0.0010519422,0.0010577398,0.0010695164,0.0010739855,0.001062288,0.0010486061,0.0,0.0010622881,0.0010486061,0.0010411381,0.0010739776,0.0,0.0010486061,0.00103252,0.001022943,0.0010332677,0.0011087989,0.0010739772,0.0,0.0010486062,0.0010325199,0.0010229428,0.0010332677,0.0011087988,0.0,0.001062288,0.0010622882,0.0010565256,0.0010675916,0.0,0.0009910291,0.0010739797,0.0,0.0010486061,0.0010325199,0.001022943,0.0010332677,0.0011087989,0.0010739776,0.0,0.0,0.0010325199,0.0010135254,0.0010695992,0.0010919344,0.0010739771,0.0010622878,0.0,0.0010325197,0.0010135254,0.0010695991,0.0010807739,0.0,0.0010622882,0.0010486061,0.0010411376,0.0010519422,0.0010577398,0.0010695163,0.0,0.0010622874,0.0,0.0010325199,0.0010135254,0.0010695992,0.0010807734,0.0,0.0010622882,0.0010486062,0.0010411376,0.0010519422,0.0010577398,0.0010695162,0.0010739774,0.001062288,0.0010486061,0.0010411378,0.0010519422,0.0010577398,0.0010695163,0.0,0.0,0.0,0.0010325199,0.0010135254,0.0010695992,0.0010919352,0.001073978,0.0010622882,0.0,0.0010325199,0.0010135254,0.0010695992,0.0010807733,0.0010739757,0.0010622882,0.0010486061,0.0010695992,0.0,0.0010325199,0.0010135254,0.0,0.0010622882,0.0010486061,0.0010411376,0.0010519422,0.0010577398,0.0010695164,0.0,0.0010622882,0.0010486061,0.0010411376,0.0010519422,0.0010577398,0.0010695163,0.0,0.0010622878,0.0010486061,0.0010411376,0.0010519422,0.0010577398,0.0010695165,0.0010739763,0.0010622882,0.0010486061,0.0010411376,0.0010519422,0.0010577398,0.0010695165,0.0,0.0,0.0010486061,0.0010325199,0.001022943,0.0010332677,0.0011087988,0.0,0.0010622882,0.0010486061,0.0010411376,0.0010519422,0.0010577398,0.0010695164,0.0010739759,0.0010622877,0.0010486061,0.0010411377,0.0010519422,0.0010577398,0.0010695161
k__Bacteria|p__Firmicutes|c__CFGB76110|o__OFGB76110|f__FGB76110|g__GGB35456|s__GGB35456_SGB66051,0.0,0.0010603484,0.001046592,0.0010390552,0.0010498047,0.0010555371,0.0010672958,0.0,0.0010603485,0.001046592,0.0010390552,0.0010498047,0.0010555371,0.0010672957,0.0,0.0,0.0010466016,0.0010304356,0.0010207829,0.0010310428,0.0011069686,0.001072131,0.0,0.001046592,0.00103043,0.0010207824,0.0010310428,0.0011069679,0.0,0.0,0.001046592,0.00103043,0.0010207824,0.0010310428,0.0011069676,0.0010721115,0.0010603486,0.001046592,0.0010390552,0.0010498047,0.0010555371,0.0010672956,0.0,0.0010603488,0.001046592,0.0010390552,0.0010498047,0.0010555371,0.001067297,0.0010721114,0.0010603486,0.001046592,0.0010390552,0.0010498047,0.0010555371,0.0010672957,0.0,0.0010603487,0.0010465925,0.0010390552,0.0010498047,0.0010555369,0.0010672963,0.0,0.0010603485,0.001046592,0.0010390552,0.0010498047,0.0010555371,0.0010672957,0.0,0.0010603487,0.0,0.00103043,0.001011361,0.0010676715,0.0010788117,0.0,0.0010603486,0.001046592,0.0010390551,0.0010498047,0.0010555371,0.0010672965,0.0,0.0,0.0,0.00103043,0.001011361,0.0010676715,0.0010900564,0.0010721185,0.0010603487,0.0,0.00103043,0.001011361,0.0010676715,0.00107882,0.0010721746,0.0,0.0,0.0010304301,0.001011361,0.0010676715,0.0010900563,0.0010721295,0.0,0.001046592,0.0,0.0010603486,0.001046592,0.0010676717,0.0010721139,0.0,0.0,0.00103043,0.001011361,0.0010676715,0.0010900546,0.0,0.0010603496,0.0,0.00103043,0.001011361,0.0010676715,0.00107881,0.0,0.0,0.0010465921,0.0010603495,0.0,0.00103043,0.0010603487,0.0010721238,0.0010603487,0.0,0.00103043,0.001011361,0.0010676715,0.0010788094,0.0,0.0,0.0010465921,0.00103043,0.0010207824,0.0010310428,0.0011069684,0.0,0.0,0.001046592,0.0,0.0010603486,0.001046592,0.0010676716,0.0,0.0010603504,0.0,0.0010603488,0.0,0.0010603486,0.001046592,0.0,0.0,0.0010465995,0.0010304315,0.0010207825,0.0010310428,0.0011069683,0.0,0.001060377,0.0010603516,0.0010545214,0.0010655419,0.0,0.0009887954,0.0,0.00106035,0.0010465924,0.0,0.0010603486,0.001046592,0.0010390584,0.0010721139,0.0010603484,0.001046592,0.0,0.0010603486,0.001046592,0.0010390568,0.0,0.0010603488,0.001046592,0.0010390551,0.0010498047,0.0010555371,0.0010672958,0.0010721113,0.0010603486,0.001046592,0.0010390552,0.0010498047,0.0010555371,0.0010672957,0.001072132,0.0,0.0,0.00103043,0.001011361,0.0010676715,0.0010900543,0.0010721162,0.0,0.001046592,0.00103043,0.0010207824,0.0010310428,0.0011069683,0.0,0.0010603486,0.0,0.00103043,0.001011361,0.0010676715,0.0010788094,0.0010721257,0.0,0.001046592,0.00103043,0.0010207824,0.0010310428,0.0011069801,0.0,0.0010603486,0.001046592,0.0010390552,0.0010498047,0.0010555371,0.0010672978,0.0010721117,0.0010603486,0.001046592,0.0010390552,0.0010498047,0.0010555371,0.0010672956,0.0,0.0010603487,0.001046592,0.0010390551,0.0010498047,0.0010555371,0.0010672958,0.0,0.0,0.001046592,0.00103043,0.0010207824,0.0010310428,0.001106968,0.0010721126,0.0010603484,0.0,0.0,0.0010603488,0.0010603485,0.0010545217,0.0010721344,0.0,0.0010465918,0.0,0.0010603486,0.001046592,0.0010676762,0.0010722069,0.0,0.0010603484,0.001046592,0.0010390551,0.0,0.0010603495,0.0,0.0010603486,0.0,0.00103043,0.001011361,0.0010676713,0.0010788208,0.0010721147,0.0,0.001046592,0.00103043,0.0010207825,0.0010310434,0.0011070585,0.0010721195,0.0,0.0,0.00103043,0.001011361,0.0010676715,0.0010900543,0.0,0.0010603488,0.001046592,0.0010390552,0.0010498047,0.0010555371,0.0010672957,0.0010721077,0.0010603485,0.001046592,0.0,0.0010603486,0.001046592,0.0010390562,0.0010721136,0.0,0.001046592,0.0010304301,0.0010207824,0.0010310428,0.0011069705,0.0010721138,0.0,0.001046592,0.00103043,0.0010207825,0.0010310429,0.0011069712,0.0,0.0010603487,0.0010603488,0.0010545213,0.0010655418,0.0,0.000988838,0.0010721378,0.0,0.001046592,0.00103043,0.0010207824,0.0010310428,0.0011069676,0.0010721146,0.0,0.0,0.00103043,0.001011361,0.0010676715,0.0010900561,0.0010721602,0.0010603493,0.0,0.0010304311,0.0010113611,0.0010676715,0.0010788193,0.0,0.0010603485,0.001046592,0.0010390551,0.0010498047,0.0010555371,0.0010672956,0.0,0.0010603489,0.0,0.00103043,0.001011361,0.0010676715,0.0010788094,0.0,0.0010603487,0.0010465921,0.0010390551,0.0010498047,0.0010555371,0.0010672958,0.0010721247,0.0010603487,0.001046592,0.0010390553,0.0010498047,0.0010555371,0.0010672961,0.0,0.0,0.0,0.00103043,0.001011361,0.0010676715,0.0010900552,0.0010721112,0.0010603486,0.0,0.00103043,0.001011361,0.0010676715,0.0010788108,0.0010721184,0.0010603485,0.001046592,0.0010676715,0.0,0.00103043,0.0010113613,0.0,0.0010603486,0.001046592,0.0010390551,0.0010498047,0.0010555371,0.0010672971,0.0,0.0010603484,0.001046592,0.0010390551,0.0010498047,0.0010555371,0.0010672961,0.0,0.0010603492,0.001046592,0.0010390551,0.0010498047,0.0010555371,0.001067299,0.0010721184,0.0010603484,0.001046592,0.0010390551,0.0010498047,0.0010555371,0.0010672965,0.0,0.0,0.001046592,0.00103043,0.0010207824,0.0010310428,0.0011069683,0.0,0.0010603484,0.001046592,0.0010390552,0.0010498047,0.0010555371,0.0010672957,0.0010722347,0.0010603496,0.001046592,0.0010390553,0.0010498047,0.0010555371,0.0010672994
k__Bacteria|p__Firmicutes|c__Clostridia|o__Eubacteriales|f__Oscillospiraceae|g__Pseudoflavonifractor|s__Pseudoflavonifractor_gallinarum,0.0,0.00105846,0.0010448485,0.0010375648,0.0010488201,0.0010550382,0.0010671632,0.0,0.0010584601,0.0010448485,0.0010375648,0.0010488201,0.0010550382,0.0010671631,0.0,0.0,0.0010448612,0.0010288516,0.0010194572,0.0010302275,0.001105866,0.001070119,0.0,0.0010448485,0.0010288423,0.0010194567,0.0010302275,0.0011058655,0.0,0.0,0.0010448485,0.0010288423,0.0010194567,0.0010302275,0.0011058655,0.0010700879,0.0010584601,0.0010448485,0.0010375648,0.0010488201,0.0010550382,0.0010671631,0.0,0.0010584604,0.0010448486,0.0010375648,0.0010488201,0.0010550382,0.0010671635,0.0010700881,0.0010584601,0.0010448485,0.0010375648,0.0010488201,0.0010550382,0.0010671632,0.0,0.0010584602,0.0010448488,0.001037565,0.0010488201,0.0010550382,0.0010671639,0.0,0.0010584601,0.0010448485,0.0010375648,0.0010488201,0.0010550382,0.0010671632,0.0,0.0010584601,0.0,0.0010288423,0.0010099394,0.0010658837,0.0010775178,0.0,0.0010584601,0.0010448485,0.0010375648,0.0010488201,0.0010550382,0.0010671638,0.0,0.0,0.0,0.0010288423,0.0010099394,0.0010658837,0.0010886235,0.0010700963,0.0010584601,0.0,0.0010288423,0.0010099398,0.0010658837,0.0010775219,0.0010701428,0.0,0.0,0.0010288423,0.0010099398,0.0010658837,0.0010886234,0.0010701083,0.0,0.0010448485,0.0,0.0010584601,0.0010448485,0.0010658836,0.0010700903,0.0,0.0,0.0010288423,0.0010099394,0.0010658837,0.0010886224,0.0,0.001058461,0.0,0.0010288423,0.0010099394,0.0010658837,0.0010775167,0.0,0.0,0.0010448492,0.0010584608,0.0,0.0010288423,0.0010584602,0.0010701099,0.0010584602,0.0,0.0010288422,0.0010099394,0.0010658837,0.0010775167,0.0,0.0,0.0010448486,0.0010288423,0.0010194567,0.0010302275,0.0011058657,0.0,0.0,0.0010448485,0.0,0.0010584601,0.0010448485,0.0010658837,0.0,0.0010584631,0.0,0.0010584602,0.0,0.0010584601,0.0010448486,0.0,0.0,0.0010448629,0.0010288447,0.0010194567,0.0010302275,0.0011058659,0.0,0.0010584884,0.0010584632,0.0010528774,0.001064398,0.0,0.0009875466,0.0,0.0010584615,0.0010448489,0.0,0.0010584602,0.0010448486,0.0010375667,0.0010700943,0.0010584601,0.0010448485,0.0,0.0010584601,0.0010448485,0.0010375655,0.0,0.0010584602,0.0010448486,0.0010375648,0.0010488201,0.0010550382,0.0010671631,0.0010700882,0.0010584601,0.0010448485,0.0010375648,0.0010488201,0.0010550382,0.0010671632,0.0010701097,0.0,0.0,0.0010288423,0.0010099394,0.0010658837,0.0010886223,0.0010700916,0.0,0.0010448485,0.0010288423,0.0010194567,0.0010302275,0.0011058656,0.0,0.0010584602,0.0,0.0010288423,0.0010099394,0.0010658837,0.0010775165,0.0010701029,0.0,0.0010448485,0.0010288423,0.0010194567,0.0010302275,0.0011058695,0.0,0.0010584601,0.0010448485,0.0010375648,0.0010488201,0.0010550382,0.0010671641,0.0010700887,0.0010584601,0.0010448485,0.0010375648,0.0010488201,0.0010550382,0.0010671631,0.0,0.0010584604,0.0010448486,0.0010375648,0.0010488201,0.0010550382,0.0010671632,0.0,0.0,0.0010448485,0.0010288423,0.0010194567,0.0010302275,0.0011058656,0.0010700903,0.0010584601,0.0,0.0,0.0010584602,0.0010584601,0.0010528774,0.0010701222,0.0,0.0010448486,0.0,0.0010584602,0.0010448485,0.0010658855,0.0010701775,0.0,0.0010584603,0.0010448486,0.0010375648,0.0,0.0010584603,0.0,0.0010584596,0.0,0.0010288423,0.0010099398,0.0010658838,0.0010775211,0.0010700931,0.0,0.0010448485,0.0010288423,0.0010194567,0.0010302278,0.0011059016,0.0010701024,0.0,0.0,0.0010288423,0.0010099394,0.0010658837,0.0010886223,0.0,0.0010584602,0.0010448486,0.0010375648,0.0010488201,0.0010550382,0.0010671631,0.0010701187,0.0010584602,0.0010448486,0.0,0.00105846,0.0010448485,0.0010375659,0.0010700899,0.0,0.0010448486,0.0010288423,0.0010194567,0.0010302275,0.0011058671,0.0010700912,0.0,0.0010448486,0.0010288423,0.0010194567,0.0010302276,0.0011058664,0.0,0.0010584602,0.0010584602,0.001052877,0.001064398,0.0,0.000987584,0.0010701158,0.0,0.0010448486,0.0010288423,0.0010194567,0.0010302275,0.0011058655,0.0010700929,0.0,0.0,0.0010288423,0.0010099394,0.0010658837,0.0010886237,0.0010701425,0.0010584601,0.0,0.0010288431,0.0010099396,0.0010658837,0.0010775214,0.0,0.0010584601,0.0010448486,0.0010375648,0.0010488201,0.0010550382,0.0010671631,0.0,0.0010584609,0.0,0.0010288424,0.0010099394,0.0010658837,0.0010775165,0.0,0.0010584601,0.0010448486,0.0010375648,0.0010488201,0.0010550382,0.0010671633,0.0010700978,0.0010584602,0.0010448486,0.0010375651,0.0010488201,0.0010550382,0.0010671635,0.0,0.0,0.0,0.0010288423,0.0010099394,0.0010658837,0.0010886225,0.0010700878,0.0010584601,0.0,0.0010288423,0.0010099394,0.0010658837,0.0010775172,0.0010700984,0.0010584601,0.0010448485,0.0010658837,0.0,0.0010288423,0.00100994,0.0,0.0010584601,0.0010448485,0.0010375648,0.0010488201,0.0010550382,0.0010671638,0.0,0.0010584601,0.0010448485,0.0010375648,0.0010488201,0.0010550382,0.0010671635,0.0,0.0010584603,0.0010448486,0.0010375648,0.0010488201,0.0010550382,0.001067165,0.001070094,0.0010584601,0.0010448485,0.0010375648,0.0010488201,0.0010550382,0.0010671634,0.0,0.0,0.0010448485,0.0010288423,0.0010194567,0.0010302275,0.0011058657,0.0,0.0010584601,0.0010448485,0.0010375648,0.0010488201,0.0010550382,0.0010671632,0.0010702792,0.0010584613,0.0010448486,0.001037565,0.0010488201,0.0010550382,0.0010671655
k__Bacteria|p__Firmicutes|c__Clostridia|o__Eubacteriales|f__Clostridiaceae|g__GGB9568|s__GGB9568_SGB14980,0.0,0.0010604763,0.0010467512,0.0010392575,0.0010500789,0.0010558822,0.0010676888,0.0,0.0010604764,0.0010467512,0.0010392575,0.0010500789,0.0010558822,0.0010676885,0.0,0.0,0.0010467605,0.0010306279,0.0010210199,0.0010313535,0.0011071719,0.0010722551,0.0,0.0010467512,0.0010306222,0.0010210192,0.0010313535,0.0011071713,0.0,0.0,0.0010467512,0.0010306222,0.0010210192,0.0010313535,0.0011071712,0.0010722098,0.0010604763,0.0010467512,0.0010392575,0.0010500789,0.0010558822,0.0010676882,0.0,0.0010604768,0.0010467513,0.0010392575,0.0010500789,0.0010558822,0.0010676894,0.0010722098,0.0010604763,0.0010467512,0.0010392575,0.0010500789,0.0010558822,0.0010676887,0.0,0.0010604764,0.0010467514,0.0010392577,0.0010500789,0.0010558822,0.0010676893,0.0,0.0010604764,0.0010467512,0.0010392575,0.0010500789,0.0010558822,0.0010676883,0.0,0.0010604764,0.0,0.0010306222,0.0010115869,0.0010678094,0.001079016,0.0,0.0010604763,0.0010467512,0.0010392575,0.0010500789,0.0010558822,0.0010676893,0.0,0.0,0.0,0.0010306222,0.0010115869,0.0010678094,0.0010902293,0.0010722236,0.0010604764,0.0,0.0010306222,0.0010115869,0.0010678094,0.0010790229,0.0010723115,0.0,0.0,0.0010306222,0.0010115869,0.0010678091,0.0010902286,0.0010722436,0.0,0.0010467509,0.0,0.0010604763,0.0010467512,0.0010678093,0.0010722139,0.0,0.0,0.0010306222,0.0010115869,0.0010678094,0.001090227,0.0,0.0010604775,0.0,0.0010306222,0.0010115869,0.0010678094,0.0010790149,0.0,0.0,0.0010467514,0.0010604775,0.0,0.0010306222,0.0010604766,0.0010722353,0.0010604764,0.0,0.0010306222,0.0010115869,0.0010678094,0.001079014,0.0,0.0,0.0010467513,0.0010306222,0.0010210192,0.0010313535,0.0011071716,0.0,0.0,0.0010467512,0.0,0.0010604763,0.0010467512,0.0010678094,0.0,0.0010604783,0.0,0.0010604764,0.0,0.0010604763,0.0010467513,0.0,0.0,0.0010467605,0.0010306239,0.0010210192,0.0010313535,0.0011071718,0.0,0.0010605041,0.001060479,0.0010546908,0.0010657804,0.0,0.0009890533,0.0,0.0010604782,0.0010467516,0.0,0.0010604765,0.0010467512,0.0010392602,0.0010722168,0.0010604763,0.0010467512,0.0,0.0010604763,0.0010467512,0.0010392589,0.0,0.0010604765,0.0010467513,0.0010392575,0.0010500789,0.0010558822,0.0010676887,0.0010722097,0.0010604763,0.0010467512,0.0010392575,0.0010500789,0.0010558822,0.0010676883,0.0010722465,0.0,0.0,0.0010306222,0.0010115869,0.0010678094,0.0010902269,0.0010722172,0.0,0.0010467512,0.0010306222,0.0010210192,0.0010313535,0.0011071714,0.0,0.0010604764,0.0,0.0010306222,0.0010115869,0.0010678094,0.0010790142,0.0010722318,0.0,0.0010467512,0.0010306222,0.0010210192,0.0010313535,0.0011071796,0.0,0.0010604763,0.0010467512,0.0010392575,0.0010500789,0.0010558822,0.0010676906,0.0010722108,0.0010604763,0.0010467512,0.0010392575,0.0010500789,0.0010558822,0.0010676882,0.0,0.0010604769,0.0010467512,0.0010392575,0.0010500789,0.0010558822,0.0010676888,0.0,0.0,0.0010467512,0.0010306222,0.0010210192,0.0010313535,0.0011071715,0.0010722133,0.0010604763,0.0,0.0,0.0010604764,0.0010604764,0.0010546913,0.001072258,0.0,0.001046751,0.0,0.0010604764,0.0010467512,0.0010678127,0.0010723667,0.0,0.0010604764,0.0010467512,0.0010392575,0.0,0.0010604771,0.0,0.0010604762,0.0,0.0010306222,0.0010115869,0.0010678094,0.0010790208,0.0010722164,0.0,0.0010467512,0.0010306222,0.0010210192,0.0010313542,0.0011072378,0.001072226,0.0,0.0,0.0010306222,0.0010115869,0.0010678094,0.0010902266,0.0,0.0010604764,0.0010467513,0.0010392575,0.0010500789,0.0010558822,0.0010676886,0.0010722459,0.0010604764,0.0010467512,0.0,0.0010604763,0.0010467512,0.0010392587,0.0010722136,0.0,0.0010467512,0.0010306223,0.0010210192,0.0010313535,0.0011071735,0.0010722143,0.0,0.0010467513,0.0010306222,0.0010210192,0.0010313536,0.0011071734,0.0,0.0010604764,0.0010604764,0.0010546907,0.0010657804,0.0,0.0009890897,0.001072259,0.0,0.0010467512,0.0010306222,0.0010210192,0.0010313535,0.0011071712,0.0010722169,0.0,0.0,0.0010306222,0.0010115869,0.0010678094,0.0010902287,0.0010722996,0.0010604771,0.0,0.001030623,0.0010115873,0.0010678093,0.0010790222,0.0,0.0010604764,0.0010467512,0.0010392575,0.0010500789,0.0010558822,0.0010676882,0.0,0.0010604769,0.0,0.0010306222,0.0010115869,0.0010678094,0.0010790142,0.0,0.0010604764,0.0010467513,0.0010392575,0.0010500789,0.0010558822,0.0010676888,0.0010722289,0.0010604763,0.0010467512,0.0010392577,0.0010500789,0.0010558822,0.0010676888,0.0,0.0,0.0,0.0010306222,0.0010115869,0.0010678094,0.0010902272,0.0010722092,0.0010604763,0.0,0.0010306222,0.0010115869,0.0010678094,0.0010790153,0.0010722239,0.0010604764,0.0010467512,0.0010678094,0.0,0.0010306222,0.001011587,0.0,0.0010604763,0.0010467512,0.0010392575,0.0010500789,0.0010558822,0.0010676897,0.0,0.0010604763,0.0010467512,0.0010392575,0.0010500789,0.0010558822,0.0010676888,0.0,0.0010604768,0.0010467512,0.0010392575,0.0010500789,0.0010558822,0.001067691,0.001072222,0.0010604763,0.0010467512,0.0010392575,0.0010500789,0.0010558822,0.0010676892,0.0,0.0,0.0010467512,0.0010306222,0.0010210192,0.0010313535,0.0011071719,0.0,0.0010604763,0.0010467512,0.0010392575,0.0010500789,0.0010558822,0.0010676883,0.0010724628,0.0010604777,0.0010467512,0.0010392575,0.0010500789,0.0010558822,0.0010676917
k__Bacteria|p__Firmicutes|c__Clostridia|o__Eubacteriales|f__Eubacteriales_unclassified|g__Eubacteriales_unclassified|s__Clostridiales_bacterium,0.0,0.0010629143,0.0010490969,0.0010414163,0.0010518284,0.0010572445,0.0010687462,0.0,0.0010629146,0.0010490969,0.0010414163,0.0010518284,0.0010572445,0.0010687459,0.0,0.0,0.0010491009,0.0010328693,0.0010230707,0.0010329959,0.0011088917,0.0010747758,0.0,0.0010490969,0.0010328671,0.0010230702,0.0010329959,0.0011088909,0.0,0.0,0.0010490969,0.0010328671,0.0010230702,0.0010329959,0.001108891,0.001074732,0.0010629145,0.0010490969,0.0010414163,0.0010518284,0.0010572445,0.0010687459,0.0,0.001062915,0.0010490969,0.0010414163,0.0010518284,0.0010572445,0.0010687466,0.0010747323,0.0010629145,0.0010490969,0.0010414163,0.0010518284,0.0010572445,0.0010687462,0.0,0.0010629146,0.0010490973,0.0010414163,0.0010518284,0.0010572447,0.0010687468,0.0,0.0010629146,0.0010490969,0.0010414163,0.0010518284,0.0010572445,0.001068746,0.0,0.0010629146,0.0,0.0010328671,0.0010137216,0.0010701561,0.0010809549,0.0,0.0010629145,0.0010490969,0.0010414162,0.0010518284,0.0010572445,0.0010687469,0.0,0.0,0.0,0.0010328671,0.0010137216,0.0010701561,0.0010922521,0.0010747451,0.0010629146,0.0,0.0010328671,0.0010137216,0.0010701561,0.0010809624,0.0010748298,0.0,0.0,0.0010328671,0.0010137216,0.0010701561,0.0010922515,0.0010747628,0.0,0.0010490969,0.0,0.0010629145,0.0010490969,0.0010701565,0.0010747358,0.0,0.0,0.0010328671,0.0010137216,0.0010701561,0.0010922495,0.0,0.0010629152,0.0,0.0010328671,0.0010137216,0.0010701561,0.0010809539,0.0,0.0,0.0010490973,0.0010629147,0.0,0.0010328671,0.0010629147,0.0010747518,0.0010629146,0.0,0.001032867,0.0010137216,0.0010701561,0.0010809533,0.0,0.0,0.001049097,0.0010328671,0.0010230702,0.0010329959,0.0011088913,0.0,0.0,0.0010490969,0.0,0.0010629145,0.0010490969,0.0010701565,0.0,0.0010629157,0.0,0.0010629146,0.0,0.0010629145,0.001049097,0.0,0.0,0.0010490997,0.0010328677,0.0010230702,0.0010329959,0.0011088916,0.0,0.0010629252,0.0010629153,0.0010569476,0.0010676289,0.0,0.0009910663,0.0,0.0010629158,0.0010490972,0.0,0.0010629146,0.001049097,0.0010414182,0.0010747373,0.0010629145,0.0010490969,0.0,0.0010629145,0.0010490969,0.0010414174,0.0,0.0010629145,0.001049097,0.0010414162,0.0010518284,0.0010572445,0.0010687459,0.0010747319,0.0010629145,0.0010490969,0.0010414163,0.0010518284,0.0010572445,0.001068746,0.0010747679,0.0,0.0,0.0010328671,0.0010137216,0.0010701561,0.0010922495,0.0010747376,0.0,0.0010490969,0.0010328671,0.0010230702,0.0010329959,0.0011088912,0.0,0.0010629146,0.0,0.0010328671,0.0010137216,0.0010701561,0.0010809533,0.0010747518,0.0,0.0010490969,0.0010328671,0.0010230702,0.0010329959,0.0011088987,0.0,0.0010629145,0.0010490969,0.0010414163,0.0010518284,0.0010572445,0.0010687484,0.001074733,0.0010629145,0.0010490969,0.0010414163,0.0010518284,0.0010572445,0.0010687459,0.0,0.0010629148,0.001049097,0.001041416,0.0010518284,0.0010572445,0.0010687462,0.0,0.0,0.0010490969,0.0010328671,0.0010230702,0.0010329959,0.001108891,0.0010747358,0.0010629145,0.0,0.0,0.0010629146,0.0010629146,0.0010569483,0.0010747801,0.0,0.0010490968,0.0,0.0010629146,0.0010490969,0.0010701584,0.0010748823,0.0,0.0010629146,0.001049097,0.0010414162,0.0,0.0010629153,0.0,0.0010629144,0.0,0.0010328671,0.0010137216,0.0010701561,0.0010809576,0.0010747382,0.0,0.0010490969,0.0010328671,0.0010230702,0.0010329962,0.0011089473,0.0010747461,0.0,0.0,0.0010328671,0.0010137216,0.0010701561,0.0010922492,0.0,0.0010629146,0.001049097,0.0010414163,0.0010518284,0.0010572445,0.0010687459,0.0010747731,0.0010629145,0.001049097,0.0,0.0010629144,0.0010490969,0.0010414169,0.0010747355,0.0,0.001049097,0.0010328671,0.0010230702,0.0010329959,0.0011088933,0.0010747367,0.0,0.001049097,0.0010328671,0.0010230702,0.0010329958,0.0011088931,0.0,0.0010629145,0.0010629145,0.0010569476,0.0010676289,0.0,0.0009911014,0.0010747807,0.0,0.001049097,0.0010328671,0.0010230702,0.0010329959,0.001108891,0.0010747391,0.0,0.0,0.0010328671,0.0010137216,0.0010701561,0.0010922516,0.0010748166,0.001062915,0.0,0.0010328677,0.0010137217,0.0010701562,0.0010809615,0.0,0.0010629144,0.001049097,0.0010414162,0.0010518284,0.0010572445,0.0010687459,0.0,0.0010629145,0.0,0.0010328671,0.0010137216,0.0010701561,0.0010809533,0.0,0.0010629145,0.001049097,0.0010414162,0.0010518284,0.0010572445,0.0010687462,0.0010747508,0.0010629145,0.0010490969,0.0010414162,0.0010518284,0.0010572445,0.0010687466,0.0,0.0,0.0,0.0010328671,0.0010137216,0.0010701561,0.0010922498,0.0010747318,0.0010629145,0.0,0.0010328671,0.0010137216,0.0010701561,0.0010809544,0.0010747472,0.0010629144,0.0010490969,0.0010701561,0.0,0.0010328671,0.0010137217,0.0,0.0010629145,0.0010490969,0.001041416,0.0010518284,0.0010572445,0.001068747,0.0,0.0010629145,0.0010490969,0.0010414162,0.0010518284,0.0010572445,0.0010687462,0.0,0.0010629146,0.001049097,0.001041416,0.0010518284,0.0010572447,0.0010687485,0.0010747425,0.0010629145,0.0010490969,0.0010414162,0.0010518284,0.0010572445,0.0010687467,0.0,0.0,0.0010490969,0.0010328671,0.0010230702,0.0010329959,0.0011088914,0.0,0.0010629145,0.0010490969,0.0010414163,0.0010518284,0.0010572445,0.001068746,0.0010749846,0.0010629152,0.0010490969,0.0010414162,0.0010518284,0.0010572447,0.0010687495
k__Bacteria|p__Firmicutes|c__Bacilli|o__Lactobacillales|f__Streptococcaceae|g__Streptococcus|s__Streptococcus_anginosus,0.0,0.0010583851,0.0010447068,0.0010373264,0.0010484153,0.0010544691,0.0010664804,0.0,0.0010583851,0.0010447068,0.0010373264,0.0010484153,0.0010544691,0.0010664804,0.0,0.0,0.0010447265,0.0010286454,0.0010191454,0.0010297447,0.001105595,0.0010701087,0.0,0.0010447068,0.0010286303,0.0010191448,0.0010297447,0.0011055947,0.0,0.0,0.0010447068,0.0010286303,0.0010191445,0.0010297447,0.0011055946,0.0010700766,0.001058385,0.0010447068,0.0010373264,0.0010484153,0.0010544691,0.0010664805,0.0,0.0010583858,0.0010447068,0.0010373264,0.0010484153,0.0010544691,0.0010664809,0.0010700766,0.001058385,0.0010447068,0.0010373264,0.0010484153,0.0010544691,0.0010664804,0.0,0.0010583856,0.0010447075,0.0010373265,0.0010484153,0.0010544694,0.0010664808,0.0,0.0010583851,0.0010447068,0.0010373264,0.0010484153,0.0010544691,0.0010664805,0.0,0.0010583851,0.0,0.0010286303,0.0010096544,0.0010657831,0.00107726,0.0,0.001058385,0.0010447068,0.0010373264,0.0010484153,0.0010544691,0.0010664804,0.0,0.0,0.0,0.0010286303,0.0010096544,0.0010657831,0.0010884329,0.0010700824,0.0010583851,0.002817707,0.0010286303,0.0010096544,0.0010657831,0.0010772628,0.0010701265,0.0,0.0,0.0010286303,0.0010096544,0.0010657831,0.0010884327,0.0010700955,0.0,0.0010447068,0.0,0.001058385,0.0010447068,0.001065783,0.0010700783,0.0,0.0,0.0010286303,0.0010096544,0.0010657831,0.0010884323,0.0,0.0010583869,0.0,0.0010286303,0.0010096544,0.0010657831,0.0010772586,0.0,0.0,0.0010447088,0.0010583865,0.0,0.0010286303,0.0010583852,0.0010701033,0.0010583856,0.0,0.0010286302,0.0010096544,0.0010657831,0.0010772586,0.0,0.0,0.0010447069,0.0010286303,0.0010191445,0.0010297447,0.0011055949,0.0,0.0,0.0010447068,0.0,0.001058385,0.0010447068,0.001065783,0.0,0.001058391,0.0,0.0010583852,0.0,0.001058385,0.0010447069,0.0,0.0,0.0010447316,0.0010286343,0.0010191449,0.0010297447,0.0011055949,0.0,0.0010584276,0.0010583904,0.0010527101,0.0010640684,0.0,0.0009871861,0.0,0.0010583878,0.0010447082,0.0,0.0010583856,0.0010447068,0.0010373291,0.0010700839,0.001058385,0.0010447068,0.0,0.001058385,0.0010447068,0.0010373273,0.0,0.0010583854,0.0010447069,0.0010373264,0.0010484153,0.0010544691,0.0010664804,0.0010700763,0.001058385,0.0010447068,0.0010373264,0.0010484153,0.0010544691,0.0010664805,0.0010700983,0.0,0.0,0.0010286303,0.0010096544,0.0010657831,0.0010884322,0.0010700795,0.0,0.0010447068,0.0010286303,0.0010191445,0.0010297447,0.0011055948,0.0,0.0010583852,0.0,0.0010286303,0.0010096544,0.0010657831,0.0010772586,0.0010700889,0.0,0.0010447068,0.0010286303,0.0010191445,0.0010297447,0.001105598,0.0,0.001058385,0.0010447068,0.0010373264,0.0010484153,0.0010544691,0.0010664812,0.0010700772,0.001058385,0.0010447068,0.0010373264,0.0010484153,0.0010544691,0.0010664805,0.0,0.0010583859,0.0010447068,0.0010373264,0.0010484153,0.0010544691,0.0010664804,0.0,0.0,0.0010447068,0.0010286303,0.0010191445,0.0010297447,0.0011055946,0.001070078,0.001058385,0.0,0.0,0.0010583852,0.0010583851,0.0010527098,0.0010701099,0.0,0.0010447073,0.0,0.0010583852,0.0010447068,0.001065786,0.0010701607,0.0,0.0010583852,0.0010447068,0.0010373264,0.0,0.0010583856,0.0,0.001058385,0.0,0.0010286303,0.0010096544,0.001065783,0.0010772618,0.0010700828,0.0,0.0010447068,0.0010286303,0.0010191449,0.0010297451,0.0011056161,0.0010700971,0.0,0.0,0.0010286303,0.0010096544,0.0010657831,0.0010884322,0.0,0.0010583852,0.0010447069,0.0010373264,0.0010484153,0.0010544691,0.0010664804,0.001070089,0.0010583851,0.0010447068,0.0,0.0010583851,0.0010447068,0.0010373273,0.0010700774,0.0,0.0010447068,0.0010286306,0.0010191448,0.0010297447,0.0011055953,0.00107008,0.0,0.0010447069,0.0010286303,0.0010191449,0.0010297449,0.0011055951,0.0,0.0010583851,0.0010583852,0.0010527094,0.0010640683,0.0,0.0009872229,0.0010700985,0.0,0.0010447068,0.0010286303,0.0010191445,0.0010297447,0.0011055946,0.0010700801,0.0,0.0,0.0010286303,0.0010096544,0.0010657831,0.0010884329,0.0010701295,0.0010583857,0.0,0.0010286313,0.001009655,0.001065783,0.0010772628,0.0,0.0010583852,0.0010447068,0.0010373264,0.0010484153,0.0010544691,0.0010664805,0.0,0.001058387,0.0,0.0010286305,0.0010096544,0.0010657831,0.0010772586,0.0,0.0010583852,0.0010447069,0.0010373264,0.0010484153,0.0010544691,0.0010664805,0.0010700858,0.0010583854,0.0010447068,0.0010373268,0.0010484153,0.0010544691,0.0010664806,0.0,0.0,0.0,0.0010286303,0.0010096544,0.0010657831,0.0010884326,0.0010700761,0.001058385,0.0,0.0010286303,0.0010096544,0.0010657831,0.0010772591,0.0010700884,0.0010583852,0.0010447068,0.0010657831,0.0,0.0010286303,0.0010096545,0.0,0.001058385,0.0010447068,0.0010373264,0.0010484153,0.0010544691,0.0010664809,0.0,0.001058385,0.0010447068,0.0010373264,0.0010484153,0.0010544691,0.0010664805,0.0,0.0010583856,0.0010447068,0.0010373264,0.0010484153,0.0010544691,0.001066481,0.0010700822,0.001058385,0.0010447068,0.0010373264,0.0010484153,0.0010544691,0.0010664808,0.0,0.0,0.0010447068,0.0010286303,0.0010191445,0.0010297447,0.0011055947,0.0,0.001058385,0.0010447068,0.0010373264,0.0010484153,0.0010544691,0.0010664805,0.001070292,0.001058387,0.001044707,0.0010373265,0.0010484153,0.0010544691,0.0010664818
k__Bacteria|p__Firmicutes|c__Clostridia|o__Clostridiales|f__Ruminococcaceae|g__Candidatus_Cibionibacter|s__Candidatus_Cibionibacter_quicibialis,0.0,0.0010600035,0.0010466613,0.0010397403,0.0010515796,0.0010583807,0.0010708915,0.0,0.0010600036,0.0010466613,0.0010397403,0.0010515796,0.0010583807,0.0010708913,0.0,0.0,0.001046678,0.0010309466,0.0010219268,0.0010333019,0.0011079813,0.0010714212,0.0,0.0010466613,0.0010309361,0.001021926,0.0010333019,0.0011079803,0.0,0.0,0.0010466613,0.0010309361,0.001021926,0.0010333019,0.0011079804,0.001071376,0.0010600035,0.0010466613,0.0010397403,0.0010515796,0.0010583807,0.001070891,0.0,0.0010600042,0.0010466614,0.0010397403,0.0010515796,0.0010583807,0.0010708923,0.001071376,0.0010600035,0.0010466613,0.0010397403,0.0010515796,0.0010583807,0.0010708915,0.0,0.0010600038,0.0010466622,0.0010397405,0.0010515796,0.0010583807,0.0010708921,0.0,0.0010600036,0.0010466613,0.0010397403,0.0010515796,0.0010583807,0.0010708914,0.0,0.0010600036,0.0,0.0010309361,0.0010123235,0.0010675036,0.0010796794,0.0,0.0010600035,0.0010466613,0.0010397403,0.0010515796,0.0010583807,0.0010708917,0.0,0.0,0.0,0.0010309361,0.0010123235,0.0010675036,0.0010905054,0.0010713885,0.0010600036,0.0,0.0010309361,0.0010123235,0.0010675036,0.0010796868,0.0010714754,0.0,0.0,0.0010309364,0.0010123235,0.0010675036,0.0010905052,0.001071409,0.0,0.0010466613,0.0,0.0010600035,0.0010466613,0.0010675039,0.0010713799,0.0,0.0,0.0010309361,0.0010123235,0.0010675036,0.0010905041,0.0,0.0010600054,0.0,0.0010309361,0.0010123235,0.0010675036,0.0010796777,0.0,0.0,0.0010466623,0.0010600052,0.0,0.0010309361,0.001060004,0.0010714042,0.0010600038,0.0,0.0010309363,0.0010123235,0.0010675036,0.0010796773,0.0,0.0,0.0010466615,0.0010309361,0.001021926,0.0010333019,0.0011079808,0.0,0.0,0.0010466613,0.0,0.0010600035,0.0010466613,0.0010675038,0.0,0.0010600073,0.0,0.0010600036,0.0,0.0010600035,0.0010466614,0.0,0.0,0.0010466807,0.0010309389,0.0010219258,0.0010333019,0.0011079808,0.0,0.0010600477,0.0010600087,0.0010547691,0.001066852,0.0,0.0009902307,0.0,0.0010600061,0.0010466622,0.0,0.001060004,0.0010466613,0.0010397437,0.0010713836,0.0010600035,0.0010466613,0.0,0.0010600035,0.0010466613,0.0010397418,0.0,0.0010600038,0.0010466614,0.0010397403,0.0010515796,0.0010583807,0.0010708915,0.001071376,0.0010600035,0.0010466613,0.0010397403,0.0010515796,0.0010583807,0.0010708912,0.0010714129,0.0,0.0,0.0010309361,0.0010123235,0.0010675036,0.001090504,0.0010713838,0.0,0.0010466613,0.0010309361,0.001021926,0.0010333019,0.0011079806,0.0,0.0010600036,0.0,0.0010309361,0.0010123235,0.0010675036,0.0010796773,0.0010713978,0.0,0.0010466613,0.0010309361,0.001021926,0.0010333019,0.0011079904,0.0,0.0010600035,0.0010466613,0.0010397403,0.0010515796,0.0010583807,0.001070893,0.0010713771,0.0010600035,0.0010466613,0.0010397403,0.0010515796,0.0010583807,0.001070891,0.0,0.0010600042,0.0010466613,0.0010397403,0.0010515796,0.0010583807,0.0010708915,0.0,0.0,0.0010466613,0.0010309361,0.001021926,0.0010333019,0.0011079804,0.0010713786,0.0010600035,0.0,0.0,0.0010600036,0.0010600036,0.0010547688,0.0010714225,0.0,0.0010466614,0.0,0.0010600036,0.0010466613,0.0010675079,0.0010715295,0.0,0.0010600036,0.0010466613,0.0010397403,0.0,0.0010600045,0.0,0.0010600034,0.0,0.0010309361,0.0010123235,0.0010675037,0.0010796866,0.0010713834,0.0,0.0010466613,0.0010309361,0.0010219262,0.0010333024,0.0011080495,0.0010713949,0.0,0.0,0.0010309361,0.0010123235,0.0010675036,0.0010905041,0.0,0.0010600036,0.0010466614,0.0010397403,0.0010515796,0.0010583807,0.0010708915,0.0010713969,0.0010600035,0.0010466613,0.0,0.0010600036,0.0010466613,0.0010397417,0.0010713793,0.0,0.0010466613,0.0010309363,0.001021926,0.0010333019,0.0011079824,0.0010713802,0.0,0.0010466614,0.0010309361,0.0010219258,0.001033302,0.001107983,0.0,0.0010600035,0.0010600038,0.0010547687,0.0010668519,0.0,0.0009902713,0.0010714204,0.0,0.0010466613,0.0010309361,0.001021926,0.0010333019,0.0011079804,0.0010713816,0.0,0.0,0.0010309361,0.0010123235,0.0010675036,0.0010905053,0.0010714714,0.0010600048,0.0,0.0010309373,0.0010123242,0.0010675037,0.0010796853,0.0,0.0010600038,0.0010466613,0.0010397403,0.0010515796,0.0010583807,0.001070891,0.0,0.0010600047,0.0,0.0010309361,0.0010123235,0.0010675036,0.0010796773,0.0,0.0010600036,0.0010466615,0.0010397403,0.0010515796,0.0010583807,0.0010708915,0.0010713949,0.0010600035,0.0010466613,0.0010397404,0.0010515796,0.0010583807,0.001070892,0.0,0.0,0.0,0.0010309361,0.0010123235,0.0010675036,0.0010905047,0.0010713756,0.0010600035,0.0,0.0010309361,0.0010123235,0.0010675036,0.0010796784,0.0010713895,0.0010600038,0.0010466613,0.0010675036,0.0,0.0010309361,0.0010123237,0.0,0.0010600035,0.0010466613,0.0010397403,0.0010515796,0.0010583807,0.0010708924,0.0,0.0010600035,0.0010466613,0.0010397403,0.0010515796,0.0010583807,0.0010708916,0.0,0.0010600043,0.0010466613,0.0010397403,0.0010515796,0.0010583807,0.0010708938,0.0010713878,0.0010600035,0.0010466613,0.0010397403,0.0010515796,0.0010583807,0.001070892,0.0,0.0,0.0010466613,0.0010309361,0.001021926,0.0010333019,0.0011079811,0.0,0.0010600035,0.0010466613,0.0010397403,0.0010515796,0.0010583807,0.0010708912,0.0010716034,0.0010600052,0.0010466613,0.0010397403,0.0010515796,0.0010583809,0.0010708944
k__Bacteria|p__Firmicutes|c__Bacilli|o__Lactobacillales|f__Lactobacillaceae|g__Ligilactobacillus|s__Ligilactobacillus_animalis,0.0,0.0010622399,0.0010484393,0.0010407979,0.0010513011,0.0010568028,0.0010683734,0.0,0.0010622401,0.0010484393,0.0010407979,0.0010513011,0.0010568028,0.0010683733,0.0,0.0,0.0010484599,0.0010322414,0.0010224732,0.0010324883,0.0011083892,0.0010740976,0.0,0.0010484393,0.0010322281,0.0010224722,0.0010324883,0.0011083884,0.0,0.0,0.0010484393,0.0010322281,0.0010224722,0.0010324883,0.0011083884,0.0010740426,0.00106224,0.0010484393,0.0010407979,0.0010513011,0.0010568028,0.0010683734,0.0,0.0010622408,0.0010484396,0.0010407979,0.0010513011,0.0010568028,0.0010683738,0.0010740424,0.00106224,0.0010484393,0.0010407979,0.0010513011,0.0010568028,0.0010683733,0.0,0.0010622401,0.0010484402,0.001040798,0.0010513011,0.0010568028,0.0010683743,0.0,0.0010622401,0.0010484393,0.0010407979,0.0010513011,0.0010568028,0.0010683734,0.0,0.0010622401,0.0,0.0010322281,0.001013104,0.0010695036,0.0010803941,0.0,0.00106224,0.0010484393,0.0010407979,0.0010513011,0.0010568028,0.0010683737,0.0,0.0,0.0,0.0010322281,0.001013104,0.0010695036,0.0010916753,0.0010740575,0.0010622401,0.0,0.0010322285,0.001013104,0.0010695036,0.001080402,0.0010741684,0.0,0.0,0.0010322285,0.001013104,0.0010695036,0.0010916747,0.0010740827,0.0,0.0010484393,0.0,0.00106224,0.0010484393,0.0010695035,0.0010740475,0.0,0.0,0.0010322281,0.001013104,0.0010695036,0.0010916741,0.0,0.0010622423,0.0,0.0010322285,0.001013104,0.0010695036,0.001080393,0.0,0.0,0.0010484403,0.0010622422,0.0,0.0010322281,0.0010622401,0.00107408,0.0010622405,0.0,0.0010322283,0.001013104,0.0010695036,0.0010803926,0.0,0.0,0.0010484396,0.0010322281,0.0010224722,0.0010324883,0.0011083889,0.0,0.0,0.0010484393,0.0,0.00106224,0.0010484393,0.0010695034,0.0,0.0010622442,0.0,0.0010622401,0.0,0.00106224,0.0010484394,0.0,0.0,0.001048464,0.0010322323,0.0010224724,0.0010324883,0.0011083889,0.0,0.0010623011,0.0010622465,0.001056312,0.001067084,0.0,0.0009904739,0.0,0.0010622429,0.0010484405,0.0,0.0010622405,0.0010484394,0.0010408007,0.0010740516,0.00106224,0.0010484393,0.0,0.00106224,0.0010484393,0.0010407991,0.0,0.0010622401,0.0010484394,0.0010407979,0.0010513011,0.0010568028,0.0010683734,0.0010740424,0.00106224,0.0010484393,0.0010407979,0.0010513011,0.0010568028,0.0010683734,0.0010740885,0.0,0.0,0.0010322281,0.001013104,0.0010695036,0.0010916742,0.0010740542,0.0,0.0010484393,0.0010322281,0.0010224722,0.0010324883,0.0011083885,0.0,0.0010622401,0.0,0.0010322281,0.001013104,0.0010695036,0.0010803926,0.001074069,0.0,0.0010484393,0.0010322281,0.0010224722,0.0010324883,0.001108397,0.0,0.00106224,0.0010484393,0.0010407979,0.0010513011,0.0010568028,0.0010683746,0.0010740439,0.00106224,0.0010484393,0.0010407979,0.0010513011,0.0010568028,0.0010683734,0.0,0.0010622406,0.0010484394,0.0010407979,0.0010513011,0.0010568028,0.0010683734,0.0,0.0,0.0010484393,0.0010322281,0.0010224722,0.0010324883,0.0011083885,0.0010740459,0.00106224,0.0,0.0,0.0010622401,0.0010622401,0.0010563114,0.0010740987,0.0,0.0010484395,0.0,0.0010622401,0.0010484393,0.0010695059,0.0010742298,0.0,0.0010622402,0.0010484394,0.0010407979,0.0,0.0010622403,0.0,0.0010622399,0.0,0.0010322281,0.001013104,0.0010695034,0.0010803998,0.0010740517,0.0,0.0010484393,0.0010322281,0.0010224724,0.0010324888,0.0011084502,0.001074065,0.0,0.0,0.0010322281,0.001013104,0.0010695036,0.0010916741,0.0,0.0010622401,0.0010484394,0.0010407979,0.0010513011,0.0010568028,0.0010683733,0.0010740672,0.0010622402,0.0010484394,0.0,0.00106224,0.0010484393,0.0010407993,0.0010740471,0.0,0.0010484394,0.0010322283,0.0010224722,0.0010324883,0.0011083895,0.0010740481,0.0,0.0010484394,0.0010322283,0.0010224724,0.0010324883,0.0011083906,0.0,0.0010622402,0.0010622402,0.0010563113,0.0010670839,0.0,0.0009905117,0.0010741017,0.0,0.0010484394,0.0010322281,0.0010224722,0.0010324883,0.0011083884,0.0010740493,0.0,0.0,0.0010322281,0.001013104,0.0010695036,0.0010916751,0.0010741603,0.0010622415,0.0,0.0010322299,0.001013104,0.0010695035,0.0010803994,0.0,0.0010622401,0.0010484394,0.0010407979,0.0010513011,0.0010568028,0.0010683734,0.0,0.001062241,0.0,0.0010322281,0.001013104,0.0010695036,0.0010803926,0.0,0.0010622401,0.0010484396,0.0010407979,0.0010513011,0.0010568028,0.0010683733,0.001074065,0.0010622401,0.0010484396,0.001040798,0.0010513011,0.0010568028,0.0010683739,0.0,0.0,0.0,0.0010322281,0.001013104,0.0010695036,0.0010916743,0.0010740419,0.00106224,0.0,0.0010322281,0.001013104,0.0010695036,0.0010803938,0.0010740588,0.0010622401,0.0010484393,0.0010695036,0.0,0.0010322281,0.0010131041,0.0,0.00106224,0.0010484393,0.0010407979,0.0010513011,0.0010568028,0.0010683741,0.0,0.00106224,0.0010484393,0.0010407979,0.0010513011,0.0010568028,0.0010683734,0.0,0.001062241,0.0010484394,0.0010407979,0.0010513011,0.0010568028,0.0010683752,0.0010740593,0.00106224,0.0010484393,0.0010407979,0.0010513011,0.0010568028,0.0010683739,0.0,0.0,0.0010484393,0.0010322281,0.0010224722,0.0010324883,0.001108389,0.0,0.00106224,0.0010484393,0.0010407979,0.0010513011,0.0010568028,0.0010683734,0.0010743191,0.0010622418,0.0010484396,0.0010407979,0.0010513011,0.0010568028,0.0010683755
k__Bacteria|p__Firmicutes|c__Clostridia|o__Eubacteriales|f__Oscillospiraceae|g__GGB9739|s__GGB9739_SGB15313,0.0,0.0010593133,0.0010456931,0.0010383783,0.0010495511,0.0010556929,0.0010677524,0.0,0.0010593135,0.0010456931,0.0010383783,0.0010495511,0.0010556929,0.0010677525,0.0,0.0,0.0010456966,0.0010296791,0.0010202588,0.0010309484,0.0011065411,0.0010709732,0.0,0.0010456931,0.0010296763,0.0010202585,0.0010309484,0.0011065413,0.0,0.0,0.0010456931,0.0010296763,0.0010202585,0.0010309484,0.0011065414,0.0010709484,0.0010593134,0.0010456931,0.0010383783,0.0010495511,0.0010556929,0.0010677525,0.0,0.0010593134,0.0010456932,0.0010383783,0.0010495511,0.0010556929,0.0010677527,0.0010709488,0.0010593134,0.0010456931,0.0010383783,0.0010495511,0.0010556929,0.0010677526,0.0,0.0010593133,0.0010456932,0.0010383786,0.0010495511,0.0010556929,0.001067753,0.0,0.0010593135,0.0010456931,0.0010383783,0.0010495511,0.0010556929,0.0010677526,0.0,0.0010593135,0.0,0.0010296763,0.0010107608,0.0010667148,0.0010782626,0.0,0.0010593134,0.0010456931,0.0010383783,0.0010495511,0.0010556929,0.0010677525,0.0,0.0,0.0,0.0010296763,0.0010107608,0.0010667148,0.0010893736,0.0010709551,0.0010593135,0.0,0.0010296763,0.0010107608,0.0010667148,0.0010782633,0.0010709909,0.0,0.0,0.0010296764,0.0010107608,0.0010667148,0.0010893736,0.0010709653,0.0,0.0010456931,0.0,0.0010593134,0.0010456931,0.0010667146,0.00107095,0.0,0.0,0.0010296763,0.0010107608,0.0010667148,0.0010893735,0.0,0.0010593133,0.0,0.0010296763,0.0010107608,0.0010667148,0.0010782623,0.0,0.0,0.0010456931,0.0010593133,0.0,0.0010296763,0.0010593135,0.0010709588,0.0010593133,0.0,0.0010296762,0.0010107608,0.0010667148,0.0010782621,0.0,0.0,0.0010456932,0.0010296763,0.0010202585,0.0010309484,0.001106541,0.0,0.0,0.0010456931,0.0,0.0010593134,0.0010456931,0.0010667146,0.0,0.0010593137,0.0,0.0010593135,0.0,0.0010593134,0.0010456932,0.0,0.0,0.0010456948,0.0010296768,0.0010202585,0.0010309484,0.001106541,0.0,0.0010593184,0.0010593137,0.0010537001,0.001065137,0.0,0.0009883456,0.0,0.0010593135,0.001045693,0.0,0.0010593133,0.0010456932,0.0010383792,0.0010709524,0.0010593134,0.0010456931,0.0,0.0010593134,0.0010456931,0.0010383787,0.0,0.0010593135,0.0010456932,0.0010383783,0.0010495511,0.0010556929,0.0010677524,0.0010709488,0.0010593134,0.0010456931,0.0010383783,0.0010495511,0.0010556929,0.0010677526,0.0010709635,0.0,0.0,0.0010296763,0.0010107608,0.0010667148,0.0010893734,0.0010709502,0.0,0.0010456931,0.0010296763,0.0010202585,0.0010309484,0.0011065413,0.0,0.0010593135,0.0,0.0010296763,0.0010107608,0.0010667148,0.0010782622,0.0010709582,0.0,0.0010456931,0.0010296763,0.0010202585,0.0010309484,0.0011065414,0.0,0.0010593134,0.0010456931,0.0010383783,0.0010495511,0.0010556929,0.0010677528,0.0010709495,0.0010593134,0.0010456931,0.0010383783,0.0010495511,0.0010556929,0.0010677525,0.0,0.0010593134,0.0010456932,0.0010383783,0.0010495511,0.0010556929,0.0010677524,0.0,0.0,0.0010456931,0.0010296763,0.0010202585,0.0010309484,0.0011065414,0.0010709508,0.0010593134,0.0,0.0,0.0010593135,0.0010593135,0.0010537002,0.0010709744,0.0,0.001045693,0.0,0.0010593135,0.0010456931,0.0010667159,0.0010710242,0.0,0.0010593132,0.0010456932,0.0010383783,0.0,0.0010593135,0.0,0.0010593133,0.0,0.0010296763,0.0010107608,0.0010667148,0.0010782632,0.0010709517,0.0,0.0010456931,0.0010296763,0.0010202585,0.0010309484,0.0011065439,0.0010709559,0.0,0.0,0.0010296763,0.0010107608,0.0010667148,0.0010893734,0.0,0.0010593135,0.0010456932,0.0010383783,0.0010495511,0.0010556929,0.0010677525,0.0010709867,0.0010593134,0.0010456932,0.0,0.0010593133,0.0010456931,0.0010383787,0.0010709497,0.0,0.0010456932,0.0010296764,0.0010202585,0.0010309484,0.0011065414,0.0010709506,0.0,0.0010456932,0.0010296763,0.0010202585,0.0010309486,0.0011065409,0.0,0.0010593132,0.0010593133,0.0010537002,0.001065137,0.0,0.0009883665,0.0010709701,0.0,0.0010456932,0.0010296763,0.0010202585,0.0010309484,0.0011065414,0.001070952,0.0,0.0,0.0010296763,0.0010107608,0.0010667148,0.0010893737,0.0010709885,0.0010593133,0.0,0.0010296764,0.0010107609,0.0010667148,0.0010782636,0.0,0.0010593134,0.0010456932,0.0010383783,0.0010495511,0.0010556929,0.0010677525,0.0,0.0010593134,0.0,0.0010296763,0.0010107608,0.0010667148,0.0010782622,0.0,0.0010593134,0.0010456932,0.0010383783,0.0010495511,0.0010556929,0.0010677524,0.0010709546,0.0010593131,0.0010456932,0.0010383785,0.0010495511,0.0010556929,0.0010677525,0.0,0.0,0.0,0.0010296763,0.0010107608,0.0010667148,0.0010893736,0.0010709484,0.0010593134,0.0,0.0010296763,0.0010107608,0.0010667148,0.0010782623,0.0010709548,0.0010593134,0.0010456931,0.0010667148,0.0,0.0010296763,0.001010761,0.0,0.0010593134,0.0010456931,0.0010383783,0.0010495511,0.0010556929,0.0010677527,0.0,0.0010593134,0.0010456931,0.0010383783,0.0010495511,0.0010556929,0.0010677525,0.0,0.0010593131,0.0010456932,0.0010383783,0.0010495511,0.0010556929,0.001067753,0.0010709525,0.0010593134,0.0010456931,0.0010383783,0.0010495511,0.0010556929,0.0010677526,0.0,0.0,0.0010456931,0.0010296763,0.0010202585,0.0010309484,0.0011065411,0.0,0.0010593134,0.0010456931,0.0010383783,0.0010495511,0.0010556929,0.0010677526,0.0010711262,0.0010593137,0.001045693,0.0010383783,0.0010495511,0.0010556929,0.0010677532
k__Bacteria|p__Firmicutes|c__Clostridia|o__Eubacteriales|f__Oscillospiraceae|g__Ruminococcus|s__Ruminococcus_bicirculans,0.0,0.0010610165,0.0010473648,0.0010399679,0.0010509407,0.0010568956,0.0010688007,0.0,0.0010610162,0.0010473648,0.0010399679,0.0010509407,0.0010568956,0.0010688007,0.0,0.0,0.0010473877,0.0010313289,0.0010218108,0.0010323015,0.0011078481,0.001072714,0.0,0.0010473648,0.0010313126,0.0010218096,0.0010323015,0.0011078469,0.0,0.0,0.0010473648,0.0010313126,0.0010218096,0.0010323015,0.0011078469,0.0010726794,0.0010610161,0.0010473648,0.0010399679,0.0010509407,0.0010568956,0.0010688003,0.0,0.0010610169,0.0010473648,0.0010399679,0.0010509407,0.0010568956,0.0010688013,0.0010726795,0.0010610161,0.0010473648,0.0010399679,0.0010509407,0.0010568956,0.0010688007,0.0,0.0010610166,0.0010473656,0.0010399683,0.0010509407,0.001056896,0.0010688016,0.0,0.0010610162,0.0010473648,0.0010399679,0.0010509407,0.0010568956,0.0010688005,0.0,0.0010610162,0.0,0.0010313126,0.0010123566,0.0010683676,0.0010797145,0.0,0.0010610161,0.0010473648,0.0010399679,0.0010509407,0.0010568956,0.0010688014,0.0,0.0,0.0,0.0010313126,0.0010123566,0.0010683676,0.0010908507,0.0010726877,0.0010610162,0.0,0.0010313126,0.0010123566,0.0010683676,0.0010797232,0.0010727403,0.0,0.0,0.0010313127,0.0010123566,0.0010683676,0.0010908496,0.001072701,0.0,0.0010473648,0.0,0.0010610161,0.0010473648,0.0010683679,0.0010726823,0.0,0.0,0.0010313126,0.0010123566,0.0010683676,0.0010908477,0.0,0.0010610186,0.0,0.0010313126,0.0010123566,0.0010683676,0.0010797122,0.0,0.0,0.0010473669,0.0010610176,0.0,0.0010313126,0.0010610166,0.0010727093,0.0010610166,0.0,0.0010313126,0.0010123566,0.0010683676,0.0010797118,0.0,0.0,0.0010473649,0.0010313126,0.0010218096,0.0010323015,0.0011078473,0.0,0.0,0.0010473648,0.0,0.0010610161,0.0010473648,0.0010683679,0.0,0.0010610231,0.0,0.0010610163,0.0,0.0010610161,0.0010473649,0.0,0.0,0.0010473926,0.0010313164,0.00102181,0.0010323015,0.0011078482,0.0,0.0010610664,0.0010610227,0.0010553242,0.0010665585,0.0,0.0009899101,0.0,0.0010610197,0.0010473663,0.0,0.0010610167,0.0010473649,0.001039972,0.0010726871,0.0010610161,0.0010473648,0.0,0.0010610161,0.0010473648,0.0010399695,0.0,0.0010610163,0.0010473649,0.0010399679,0.0010509407,0.0010568956,0.0010688007,0.0010726793,0.0010610161,0.0010473648,0.0010399679,0.0010509407,0.0010568956,0.0010688007,0.0010727057,0.0,0.0,0.0010313126,0.0010123566,0.0010683676,0.0010908475,0.0010726834,0.0,0.0010473648,0.0010313126,0.0010218096,0.0010323015,0.0011078474,0.0,0.0010610163,0.0,0.0010313126,0.0010123566,0.0010683676,0.0010797116,0.0010726965,0.0,0.0010473648,0.0010313126,0.0010218096,0.0010323015,0.0011078581,0.0,0.0010610161,0.0010473648,0.0010399679,0.0010509407,0.0010568956,0.0010688029,0.0010726796,0.0010610161,0.0010473648,0.0010399679,0.0010509407,0.0010568956,0.0010688003,0.0,0.001061017,0.0010473649,0.0010399681,0.0010509407,0.0010568956,0.0010688007,0.0,0.0,0.0010473648,0.0010313126,0.0010218096,0.0010323015,0.0011078469,0.0010726814,0.0010610161,0.0,0.0,0.0010610163,0.0010610162,0.0010553246,0.0010727181,0.0,0.0010473651,0.0,0.0010610163,0.0010473648,0.001068372,0.0010727759,0.0,0.0010610166,0.0010473649,0.0010399681,0.0,0.0010610174,0.0,0.0010610161,0.0,0.0010313126,0.0010123566,0.0010683676,0.0010797197,0.0010726858,0.0,0.0010473648,0.0010313126,0.00102181,0.0010323019,0.0011079292,0.0010727019,0.0,0.0,0.0010313126,0.0010123566,0.0010683676,0.0010908472,0.0,0.0010610163,0.0010473649,0.0010399679,0.0010509407,0.0010568956,0.0010688007,0.0010726873,0.0010610163,0.0010473649,0.0,0.0010610162,0.0010473648,0.0010399695,0.0010726813,0.0,0.0010473649,0.0010313127,0.0010218096,0.0010323015,0.0011078506,0.0010726835,0.0,0.0010473649,0.0010313125,0.00102181,0.0010323016,0.0011078495,0.0,0.0010610163,0.0010610167,0.0010553234,0.0010665586,0.0,0.0009899682,0.0010727082,0.0,0.0010473649,0.0010313126,0.0010218096,0.0010323015,0.0011078469,0.001072685,0.0,0.0,0.0010313126,0.0010123566,0.0010683676,0.0010908501,0.0010727389,0.0010610172,0.0,0.0010313137,0.0010123565,0.0010683676,0.0010797223,0.0,0.0010610163,0.0010473649,0.0010399679,0.0010509407,0.0010568956,0.0010688003,0.0,0.0010610183,0.0,0.0010313126,0.0010123566,0.0010683676,0.0010797117,0.0,0.0010610163,0.0010473649,0.0010399681,0.0010509407,0.0010568956,0.0010688007,0.0010726936,0.0010610165,0.0010473648,0.0010399683,0.0010509407,0.0010568956,0.001068801,0.0,0.0,0.0,0.0010313126,0.0010123566,0.0010683676,0.0010908481,0.001072679,0.0010610161,0.0,0.0010313126,0.0010123566,0.0010683676,0.0010797129,0.0010726944,0.0010610163,0.0010473648,0.0010683676,0.0,0.0010313126,0.0010123566,0.0,0.0010610161,0.0010473648,0.0010399681,0.0010509407,0.0010568956,0.0010688019,0.0,0.0010610161,0.0010473648,0.0010399679,0.0010509407,0.0010568956,0.001068801,0.0,0.001061017,0.0010473649,0.0010399679,0.0010509407,0.001056896,0.0010688038,0.0010726863,0.0010610161,0.0010473648,0.0010399679,0.0010509407,0.0010568956,0.0010688012,0.0,0.0,0.0010473648,0.0010313126,0.0010218096,0.0010323015,0.0011078473,0.0,0.0010610161,0.0010473648,0.0010399679,0.0010509407,0.0010568956,0.0010688005,0.0010728933,0.0010610186,0.001047365,0.0010399681,0.0010509407,0.001056896,0.0010688051
k__Bacteria|p__Firmicutes|c__Bacilli|o__Lactobacillales|f__Streptococcaceae|g__Streptococcus|s__Streptococcus_sanguinis,0.0,0.0010614395,0.0010478981,0.0010406544,0.0010518803,0.0010580868,0.0010701609,0.0,0.0010614396,0.0010478981,0.0010406544,0.0010518803,0.0010580868,0.001070161,0.0,0.0,0.0010479181,0.001031976,0.0010226176,0.0010333699,0.0011085401,0.0010730379,0.0,0.0010478983,0.0010319612,0.0010226169,0.0010333699,0.0011085402,0.0,0.0,0.0010478983,0.0010319612,0.0010226166,0.0010333699,0.0011085402,0.0010729979,0.0010614395,0.0010478981,0.0010406544,0.0010518803,0.0010580868,0.0010701609,0.0,0.00106144,0.0010478984,0.0010406544,0.0010518803,0.0010580868,0.0010701611,0.0010729983,0.0010614395,0.0010478981,0.0010406544,0.0010518803,0.0010580868,0.001070161,0.0,0.0010614397,0.0010478987,0.0010406544,0.0010518803,0.0010580868,0.0010701616,0.0,0.0010614396,0.0010478981,0.0010406544,0.0010518803,0.0010580868,0.001070161,0.0,0.0010614396,0.0,0.0010319612,0.0010131248,0.0010688268,0.0010804081,0.0,0.0010614395,0.0010478981,0.0010406543,0.0010518803,0.0010580868,0.0010701607,0.0,0.0,0.0,0.0010319612,0.0010131248,0.0010688268,0.0010914303,0.0010730077,0.0010614396,0.0,0.0010319612,0.0010131248,0.0010688268,0.0010804104,0.0010730625,0.0,0.0,0.0010319613,0.0010131248,0.0010688268,0.0010914302,0.001073025,0.0,0.0010478981,0.0,0.0010614395,0.0010478981,0.0010688266,0.001073001,0.0,0.0,0.0010319612,0.0010131248,0.0010688268,0.0010914297,0.0,0.0010614411,0.0,0.0010319612,0.0010131248,0.0010688268,0.0010804072,0.0,0.0,0.0010478992,0.0010614407,0.0,0.0010319612,0.0010614396,0.0010730268,0.00106144,0.0,0.0010319611,0.0010131248,0.0010688268,0.0010804074,0.0,0.0,0.0010478985,0.0010319612,0.0010226166,0.0010333699,0.0011085403,0.0,0.0,0.0010478981,0.0,0.0010614395,0.0010478981,0.0010688266,0.0,0.0010614443,0.0,0.0010614396,0.0,0.0010614395,0.0010478982,0.0,0.0,0.0010479208,0.0010319651,0.0010226169,0.0010333699,0.0011085402,0.0,0.0010614931,0.0010614453,0.0010558941,0.0010673736,0.0,0.000990789,0.0,0.001061442,0.0010478992,0.0,0.00106144,0.0010478983,0.0010406564,0.0010730067,0.0010614395,0.0010478981,0.0,0.0010614395,0.0010478981,0.0010406548,0.0,0.0010614397,0.0010478982,0.0010406543,0.0010518803,0.0010580868,0.0010701611,0.0010729982,0.0010614395,0.0010478981,0.0010406544,0.0010518803,0.0010580868,0.001070161,0.0010730238,0.0,0.0,0.0010319612,0.0010131248,0.0010688268,0.0010914297,0.0010730033,0.0,0.0010478981,0.0010319612,0.0010226166,0.0010333699,0.0011085402,0.0,0.0010614396,0.0,0.0010319612,0.0010131248,0.0010688268,0.0010804074,0.0010730156,0.0,0.0010478981,0.0010319612,0.0010226166,0.0010333699,0.0011085434,0.0,0.0010614395,0.0010478981,0.0010406544,0.0010518803,0.0010580868,0.0010701614,0.0010729991,0.0010614395,0.0010478981,0.0010406544,0.0010518803,0.0010580868,0.0010701609,0.0,0.0010614402,0.0010478983,0.0010406543,0.0010518803,0.0010580868,0.0010701609,0.0,0.0,0.0010478983,0.0010319612,0.0010226166,0.0010333699,0.0011085402,0.0010730012,0.0010614395,0.0,0.0,0.0010614396,0.0010614396,0.0010558938,0.0010730413,0.0,0.0010478987,0.0,0.0010614396,0.0010478983,0.0010688289,0.0010731067,0.0,0.0010614396,0.0010478983,0.0010406543,0.0,0.0010614396,0.0,0.0010614394,0.0,0.0010319612,0.0010131248,0.0010688266,0.0010804094,0.0010730043,0.0,0.0010478981,0.0010319612,0.0010226166,0.0010333702,0.0011085606,0.0010730167,0.0,0.0,0.0010319612,0.0010131248,0.0010688268,0.0010914297,0.0,0.0010614396,0.0010478983,0.0010406544,0.0010518803,0.0010580868,0.001070161,0.0010730334,0.0010614396,0.0010478983,0.0,0.0010614395,0.0010478981,0.0010406554,0.0010729999,0.0,0.0010478983,0.0010319612,0.0010226169,0.0010333699,0.0011085402,0.0010730022,0.0,0.0010478982,0.0010319612,0.0010226169,0.0010333699,0.0011085399,0.0,0.0010614396,0.0010614396,0.0010558936,0.0010673736,0.0,0.0009908207,0.0010730345,0.0,0.0010478983,0.0010319612,0.0010226166,0.0010333699,0.0011085402,0.0010730039,0.0,0.0,0.0010319612,0.0010131248,0.0010688268,0.00109143,0.0010730594,0.0010614402,0.0,0.0010319623,0.0010131248,0.0010688266,0.0010804106,0.0,0.0010614396,0.0010478983,0.0010406543,0.0010518803,0.0010580868,0.0010701609,0.0,0.0010614411,0.0,0.0010319612,0.0010131248,0.0010688268,0.0010804074,0.0,0.0010614396,0.0010478985,0.0010406543,0.0010518803,0.0010580868,0.0010701611,0.0010730092,0.0010614395,0.0010478983,0.0010406546,0.0010518803,0.0010580868,0.0010701609,0.0,0.0,0.0,0.0010319612,0.0010131248,0.0010688268,0.0010914302,0.0010729977,0.0010614395,0.0,0.0010319612,0.0010131248,0.0010688268,0.0010804076,0.0010730113,0.0010614396,0.0010478981,0.0010688268,0.0,0.0010319612,0.001013125,0.0,0.0010614395,0.0010478981,0.0010406543,0.0010518803,0.0010580868,0.001070161,0.0,0.0010614395,0.0010478983,0.0010406543,0.0010518803,0.0010580868,0.0010701611,0.0,0.00106144,0.0010478981,0.0010406543,0.0010518803,0.0010580868,0.001070161,0.0010730065,0.0010614395,0.0010478983,0.0010406543,0.0010518803,0.0010580868,0.001070161,0.0,0.0,0.0010478981,0.0010319612,0.0010226166,0.0010333699,0.0011085401,0.0,0.0010614395,0.0010478981,0.0010406544,0.0010518803,0.0010580868,0.001070161,0.0010732346,0.0010614415,0.0010478983,0.0010406543,0.0010518803,0.0010580868,0.0010701616
k__Bacteria|p__Firmicutes|c__Bacilli|o__Bacillales|f__Bacillales_unclassified|g__Gemella|s__Gemella_SGB47116,0.0,0.0010623826,0.0010488637,0.001041633,0.0010528504,0.0010590544,0.0010711129,0.0,0.0010623827,0.0010488637,0.001041633,0.0010528504,0.0010590544,0.0010711132,0.0,0.0,0.0010488738,0.0010329575,0.0010236187,0.0010343668,0.0011093878,0.0010739454,0.0,0.0010488637,0.0010329493,0.0010236185,0.0010343668,0.0011093876,0.0,0.0,0.0010488637,0.0010329493,0.0010236185,0.0010343668,0.0011093876,0.0010739185,0.0010623826,0.0010488637,0.001041633,0.0010528504,0.0010590544,0.0010711128,0.0,0.0010623826,0.0010488641,0.001041633,0.0010528504,0.0010590544,0.0010711133,0.0010739185,0.0010623826,0.0010488637,0.001041633,0.0010528504,0.0010590544,0.0010711132,0.0,0.0010623828,0.0010488642,0.0010416331,0.0010528504,0.0010590544,0.0010711135,0.0,0.0010623827,0.0010488637,0.001041633,0.0010528504,0.0010590544,0.0010711128,0.0,0.0010623827,0.0,0.0010329493,0.0010141339,0.0010697583,0.0010813241,0.0,0.0010623826,0.0010488637,0.001041633,0.0010528504,0.0010590544,0.0010711134,0.0,0.0,0.0,0.0010329493,0.0010141339,0.0010697583,0.0010923201,0.0010739252,0.0010623827,0.0,0.0010329493,0.0010141339,0.0010697583,0.0010813258,0.0010739506,0.0,0.0,0.0010329494,0.0010141339,0.0010697583,0.00109232,0.0010739322,0.0,0.0010488637,0.0010806248,0.0010623826,0.0010488637,0.0010697582,0.0010739203,0.0,0.0,0.0010329493,0.0010141339,0.0010697583,0.0010923191,0.0,0.0010623833,0.0,0.0010329493,0.0010141339,0.0010697583,0.0010813234,0.0,0.0,0.0010488648,0.001062383,0.0,0.0010329493,0.0010623827,0.0010739372,0.0010623828,0.0,0.0010329492,0.0010141339,0.0010697583,0.0010813231,0.0,0.0,0.001048864,0.0010329493,0.0010236185,0.0010343668,0.0011093875,0.0,0.0,0.0010488637,0.0011431575,0.0010623826,0.0010488637,0.0010697581,0.0,0.0010623859,0.0,0.0010623827,0.0,0.0010623826,0.0010488639,0.0,0.0,0.0010488769,0.0010329512,0.0010236185,0.0010343668,0.001109388,0.0,0.0010624023,0.0010623848,0.0010568491,0.0010683166,0.0,0.0009918184,0.0,0.001062384,0.0010488646,0.0,0.0010623828,0.001048864,0.0010416346,0.0010739246,0.0010623826,0.0010488637,0.0,0.0010623826,0.0010488637,0.0010416338,0.0,0.0010623828,0.0010488639,0.001041633,0.0010528504,0.0010590544,0.0010711132,0.0010739184,0.0010623826,0.0010488637,0.001041633,0.0010528504,0.0010590544,0.0010711128,0.0010739331,0.0,0.0,0.0010329493,0.0010141339,0.0010697583,0.001092319,0.0010739185,0.0,0.0010488637,0.0010329493,0.0010236185,0.0010343668,0.0011093875,0.0,0.0010623827,0.0,0.0010329493,0.0010141339,0.0010697583,0.0010813231,0.0010739304,0.0,0.0010488637,0.0010329493,0.0010236185,0.0010343668,0.001109389,0.0,0.0010623826,0.0010488637,0.001041633,0.0010528504,0.0010590544,0.0010711139,0.001073919,0.0010623826,0.0010488637,0.001041633,0.0010528504,0.0010590544,0.0010711128,0.0,0.001062383,0.001048864,0.001041633,0.0010528504,0.0010590544,0.0010711129,0.0,0.0,0.0010488637,0.0010329493,0.0010236185,0.0010343668,0.0011093876,0.0010739211,0.0010623826,0.0,0.0,0.0010623827,0.0010623827,0.0010568495,0.0010739506,0.0,0.0010488642,0.0,0.0010623827,0.0010488637,0.00106976,0.0010739765,0.0,0.0010623828,0.001048864,0.001041633,0.0,0.0010623831,0.0,0.0010623825,0.0,0.0010329493,0.0010141339,0.0010697582,0.0010813265,0.0010739232,0.0,0.0010488637,0.0010329493,0.0010236185,0.0010343668,0.0011093977,0.0010739324,0.0,0.0,0.0010329493,0.0010141339,0.0010697583,0.001092319,0.0,0.0010623827,0.0010488639,0.001041633,0.0010528504,0.0010590544,0.0010711128,0.001073953,0.0010623827,0.001048864,0.0,0.0010623826,0.0010488637,0.0010416337,0.0010739192,0.0,0.001048864,0.0010329493,0.0010236185,0.0010343668,0.0011093889,0.0010739214,0.0,0.0010488639,0.0010329493,0.0010236185,0.0010343668,0.001109388,0.0,0.0010623827,0.0010623828,0.0010568487,0.0010683165,0.0,0.0009918517,0.0010739359,0.0,0.001048864,0.0010329493,0.0010236185,0.0010343668,0.0011093876,0.0010739231,0.0,0.0,0.0010329493,0.0010141339,0.0010697583,0.0010923202,0.0010739539,0.0010623825,0.0,0.0010329497,0.0010141341,0.0010697582,0.001081327,0.0,0.0010623827,0.001048864,0.001041633,0.0010528504,0.0010590544,0.0010711128,0.0,0.0010623838,0.0,0.0010329493,0.0010141339,0.0010697583,0.0010813231,0.0,0.0010623827,0.001048864,0.001041633,0.0010528504,0.0010590544,0.0010711129,0.0010739252,0.0010623827,0.001048864,0.0010416333,0.0010528504,0.0010590544,0.0010711133,0.0,0.0,0.0,0.0010329493,0.0010141339,0.0010697583,0.0010923193,0.0010739183,0.0010623826,0.0,0.0010329493,0.0010141339,0.0010697583,0.0010813236,0.0010739294,0.0010623827,0.0010488637,0.0010697583,0.0,0.0010329493,0.001014134,0.0,0.0010623826,0.0010488637,0.0010416332,0.0010528504,0.0010590544,0.0010711135,0.0,0.0010623826,0.0010488637,0.001041633,0.0010528504,0.0010590544,0.0010711132,0.0,0.0010623826,0.001048864,0.001041633,0.0010528504,0.0010590544,0.001071114,0.0010739208,0.0010623826,0.0010488637,0.001041633,0.0010528504,0.0010590544,0.0010711132,0.0,0.0,0.0010488637,0.0010329493,0.0010236185,0.0010343668,0.0011093875,0.0,0.0010623826,0.0010488637,0.001041633,0.0010528504,0.0010590544,0.0010711128,0.0010740976,0.0010623838,0.001048864,0.0010416332,0.0010528504,0.0010590544,0.0010711148
k__Bacteria|p__Firmicutes|c__CFGB75916|o__OFGB75916|f__FGB75916|g__GGB2993|s__GGB2993_SGB3978,0.0,0.0010595096,0.0010459196,0.0010386453,0.0010498822,0.0010560881,0.0010681899,0.0,0.0010595097,0.0010459196,0.0010386453,0.0010498822,0.0010560881,0.0010681896,0.0,0.0,0.0010459336,0.0010299435,0.0010205592,0.0010313147,0.001106799,0.0010711532,0.0,0.0010459196,0.0010299346,0.0010205585,0.0010313147,0.0011067981,0.0,0.0,0.0010459196,0.0010299346,0.0010205585,0.0010313147,0.001106798,0.0010711164,0.0010595096,0.0010459196,0.0010386453,0.0010498822,0.0010560881,0.0010681894,0.0,0.0010595104,0.0010459197,0.0010386453,0.0010498822,0.0010560881,0.001068191,0.0010711165,0.0010595096,0.0010459196,0.0010386453,0.0010498822,0.0010560881,0.0010681897,0.0,0.00105951,0.0010459207,0.0010386454,0.0010498822,0.0010560881,0.0010681901,0.0,0.0010595097,0.0010459196,0.0010386453,0.0010498822,0.0010560881,0.0010681895,0.0,0.0010595097,0.0,0.0010299346,0.0010110516,0.0010669193,0.0010785287,0.0,0.0010595096,0.0010459196,0.0010386453,0.0010498822,0.0010560881,0.0010681903,0.0,0.0,0.0,0.0010299346,0.0010110516,0.0010669193,0.0010896083,0.0010711278,0.0010595097,0.0,0.0010299346,0.0010110516,0.0010669193,0.001078535,0.00107119,0.0,0.0,0.0010299346,0.0010110516,0.0010669193,0.0010896076,0.0010711439,0.0,0.0010459196,0.0,0.0010595096,0.0010459196,0.0010669192,0.00107112,0.0,0.0,0.0010299346,0.0010110516,0.0010669193,0.001089606,0.0,0.0010595112,0.0,0.0010299346,0.0010110516,0.0010669193,0.0010785267,0.0,0.0,0.001045921,0.0010595107,0.0,0.0010299346,0.0010595099,0.0010711402,0.00105951,0.0,0.0010299345,0.0010110516,0.0010669193,0.001078526,0.0,0.0,0.0010459198,0.0010299346,0.0010205585,0.0010313147,0.0011067984,0.0,0.0,0.0010459196,0.0,0.0010595096,0.0010459196,0.0010669191,0.0,0.0010595134,0.0,0.0010595098,0.0,0.0010595096,0.0010459197,0.0,0.0,0.0010459346,0.0010299366,0.0010205586,0.0010313147,0.0011067989,0.0,0.0010595453,0.0010595134,0.0010539357,0.0010654338,0.0,0.0009886808,0.0,0.001059512,0.0010459205,0.0,0.00105951,0.0010459198,0.0010386488,0.0010711236,0.0010595096,0.0010459196,0.0,0.0010595096,0.0010459196,0.0010386466,0.0,0.0010595098,0.0010459197,0.0010386453,0.0010498822,0.0010560881,0.0010681897,0.0010711162,0.0010595096,0.0010459196,0.0010386453,0.0010498822,0.0010560881,0.0010681895,0.0010711479,0.0,0.0,0.0010299346,0.0010110516,0.0010669193,0.0010896056,0.0010711211,0.0,0.0010459196,0.0010299346,0.0010205585,0.0010313147,0.0011067984,0.0,0.0010595098,0.0,0.0010299346,0.0010110516,0.0010669193,0.0010785258,0.001071135,0.0,0.0010459196,0.0010299346,0.0010205585,0.0010313147,0.0011068085,0.0,0.0010595096,0.0010459196,0.0010386453,0.0010498822,0.0010560881,0.0010681918,0.0010711169,0.0010595096,0.0010459196,0.0010386453,0.0010498822,0.0010560881,0.0010681894,0.0,0.0010595102,0.0010459198,0.0010386453,0.0010498822,0.0010560881,0.0010681899,0.0,0.0,0.0010459196,0.0010299346,0.0010205585,0.0010313147,0.0011067981,0.001071119,0.0010595096,0.0,0.0,0.0010595098,0.0010595097,0.0010539358,0.0010711555,0.0,0.00104592,0.0,0.0010595098,0.0010459196,0.001066925,0.0010712328,0.0,0.0010595098,0.0010459198,0.0010386453,0.0,0.0010595109,0.0,0.0010595096,0.0,0.0010299346,0.0010110516,0.0010669192,0.0010785352,0.0010711229,0.0,0.0010459196,0.0010299346,0.0010205586,0.0010313152,0.0011068741,0.0010711326,0.0,0.0,0.0010299346,0.0010110516,0.0010669193,0.0010896056,0.0,0.0010595098,0.0010459197,0.0010386453,0.0010498822,0.0010560881,0.0010681896,0.0010711319,0.0010595097,0.0010459198,0.0,0.0010595096,0.0010459196,0.0010386467,0.0010711192,0.0,0.0010459198,0.0010299347,0.0010205585,0.0010313147,0.0011068011,0.0010711205,0.0,0.0010459197,0.0010299346,0.0010205586,0.0010313148,0.0011068006,0.0,0.0010595097,0.0010595098,0.0010539353,0.001065434,0.0,0.0009887266,0.0010711532,0.0,0.0010459198,0.0010299346,0.0010205585,0.0010313147,0.001106798,0.0010711226,0.0,0.0,0.0010299346,0.0010110516,0.0010669193,0.0010896076,0.0010711835,0.0010595105,0.0,0.0010299355,0.001011052,0.0010669193,0.0010785363,0.0,0.0010595097,0.0010459198,0.0010386453,0.0010498822,0.0010560881,0.0010681894,0.0,0.001059511,0.0,0.0010299346,0.0010110516,0.0010669193,0.0010785258,0.0,0.0010595097,0.0010459198,0.0010386453,0.0010498822,0.0010560881,0.0010681899,0.0010711331,0.0010595099,0.0010459197,0.0010386457,0.0010498822,0.0010560881,0.0010681902,0.0,0.0,0.0,0.0010299346,0.0010110516,0.0010669193,0.0010896063,0.0010711161,0.0010595096,0.0,0.0010299346,0.0010110516,0.0010669193,0.0010785271,0.00107113,0.0010595097,0.0010459196,0.0010669193,0.0,0.0010299346,0.0010110516,0.0,0.0010595096,0.0010459196,0.0010386453,0.0010498822,0.0010560881,0.0010681908,0.0,0.0010595096,0.0010459196,0.0010386453,0.0010498822,0.0010560881,0.00106819,0.0,0.0010595104,0.0010459198,0.0010386453,0.0010498822,0.0010560881,0.0010681924,0.0010711255,0.0010595096,0.0010459196,0.0010386453,0.0010498822,0.0010560881,0.0010681902,0.0,0.0,0.0010459196,0.0010299346,0.0010205585,0.0010313147,0.0011067986,0.0,0.0010595096,0.0010459196,0.0010386453,0.0010498822,0.0010560881,0.0010681895,0.0010713079,0.0010595114,0.0010459197,0.0010386453,0.0010498822,0.0010560881,0.0010681932
k__Bacteria|p__Firmicutes|c__Tissierellia|o__Tissierellia_unclassified|f__Tissierellia_unclassified|g__Ezakiella|s__Ezakiella_coagulans,0.0,0.0010591958,0.0010455485,0.0010381959,0.0010493066,0.0010553868,0.0010674049,0.0,0.001059196,0.0010455485,0.0010381959,0.0010493066,0.0010553868,0.001067405,0.0,0.0,0.0010455521,0.0010295045,0.0010200466,0.001030672,0.0011063592,0.0010708644,0.0,0.0010455485,0.0010295031,0.0010200463,0.001030672,0.001106359,0.0,0.0,0.0010455485,0.0010295031,0.0010200463,0.001030672,0.001106359,0.0010708572,0.0010591958,0.0010455485,0.0010381959,0.0010493066,0.0010553868,0.0010674049,0.0,0.0010591967,0.0010455485,0.0010381959,0.0010493066,0.0010553868,0.0010674056,0.0010708573,0.0010591958,0.0010455485,0.0010381959,0.0010493066,0.0010553868,0.001067405,0.0,0.001059196,0.0010455488,0.001038196,0.0010493066,0.0010553868,0.001067405,0.0,0.001059196,0.0010455485,0.0010381959,0.0010493066,0.0010553868,0.001067405,0.0,0.001059196,0.0,0.0010295031,0.001010558,0.0010665889,0.0010780798,0.0,0.0010591958,0.0010455485,0.0010381959,0.0010493068,0.0010553868,0.0010674049,0.0,0.0,0.0,0.0010295031,0.001010558,0.0010665889,0.0010892183,0.0010708596,0.001059196,0.0,0.0010295031,0.001010558,0.0010665889,0.001078082,0.0010708971,0.0,0.0,0.0010295031,0.001010558,0.0010665889,0.0010892184,0.0010708668,0.0,0.0010455485,0.0,0.0010591958,0.0010455485,0.0010665888,0.0010708583,0.0,0.0,0.0010295031,0.001010558,0.0010665889,0.001089218,0.0,0.0010591964,0.0,0.0010295031,0.001010558,0.0010665889,0.0010780788,0.0,0.0,0.0010455489,0.0010591968,0.0,0.0010295031,0.0010591963,0.0010708629,0.001059196,0.0,0.001029503,0.001010558,0.0010665889,0.0010780783,0.0,0.0,0.0010455484,0.0010295031,0.0010200463,0.001030672,0.0011063594,0.0,0.0,0.0010455485,0.0,0.0010591958,0.0010455485,0.0010665888,0.0,0.0010591956,0.0,0.001059196,0.0,0.0010591958,0.0010455486,0.0,0.0,0.0010455524,0.0010295032,0.0010200463,0.001030672,0.0011063587,0.0,0.0010592003,0.0010591964,0.0010535466,0.0010649237,0.0,0.0009881152,0.0,0.0010591969,0.0010455487,0.0,0.0010591962,0.0010455486,0.0010381978,0.001070857,0.0010591958,0.0010455485,0.0,0.0010591958,0.0010455485,0.0010381967,0.0,0.0010591964,0.0010455486,0.0010381959,0.0010493066,0.0010553868,0.0010674049,0.001070857,0.0010591958,0.0010455485,0.0010381959,0.0010493066,0.0010553868,0.001067405,0.001070874,0.0,0.0,0.0010295031,0.001010558,0.0010665889,0.0010892178,0.0010708598,0.0,0.0010455485,0.0010295031,0.0010200463,0.001030672,0.0011063591,0.0,0.0010591963,0.0,0.0010295031,0.001010558,0.0010665889,0.0010780786,0.0010708594,0.0,0.0010455485,0.0010295031,0.0010200463,0.001030672,0.0011063629,0.0,0.0010591958,0.0010455485,0.0010381959,0.0010493066,0.0010553868,0.0010674059,0.001070857,0.0010591958,0.0010455485,0.0010381959,0.0010493066,0.0010553868,0.0010674049,0.0,0.0010591962,0.0010455482,0.0010381959,0.0010493066,0.0010553868,0.0010674049,0.0,0.0,0.0010455485,0.0010295031,0.0010200463,0.001030672,0.0011063591,0.0010708568,0.0010591958,0.0,0.0,0.001059196,0.001059196,0.001053547,0.0010708643,0.0,0.0010455484,0.0,0.001059196,0.0010455485,0.001066591,0.0010709134,0.0,0.001059196,0.0010455486,0.0010381959,0.0,0.0010591967,0.0,0.0010591957,0.0,0.0010295031,0.001010558,0.0010665888,0.0010780814,0.0010708591,0.0,0.0010455485,0.0010295031,0.0010200463,0.0010306722,0.0011063856,0.0010708609,0.0,0.0,0.0010295031,0.001010558,0.0010665889,0.0010892177,0.0,0.001059196,0.0010455486,0.0010381959,0.0010493066,0.0010553868,0.001067405,0.0010708417,0.0010591961,0.0010455486,0.0,0.0010591958,0.0010455485,0.0010381965,0.0010708582,0.0,0.0010455486,0.0010295034,0.0010200463,0.001030672,0.0011063598,0.0010708579,0.0,0.0010455486,0.0010295031,0.0010200463,0.001030672,0.0011063601,0.0,0.0010591961,0.0010591964,0.0010535467,0.0010649237,0.0,0.0009881399,0.0010708752,0.0,0.0010455486,0.0010295031,0.0010200463,0.001030672,0.001106359,0.0010708573,0.0,0.0,0.0010295031,0.001010558,0.0010665889,0.0010892183,0.0010708885,0.0010591965,0.0,0.0010295036,0.0010105581,0.0010665888,0.0010780832,0.0,0.001059196,0.0010455482,0.0010381959,0.0010493066,0.0010553868,0.0010674049,0.0,0.0010591961,0.0,0.0010295031,0.001010558,0.0010665889,0.0010780783,0.0,0.001059196,0.0010455486,0.0010381959,0.0010493066,0.0010553868,0.001067405,0.0010708636,0.0010591958,0.0010455485,0.001038196,0.0010493066,0.0010553868,0.0010674051,0.0,0.0,0.0,0.0010295031,0.001010558,0.0010665889,0.0010892182,0.0010708572,0.0010591958,0.0,0.0010295031,0.001010558,0.0010665889,0.0010780791,0.0010708598,0.0010591963,0.0010455485,0.0010665889,0.0,0.0010295031,0.001010558,0.0,0.0010591958,0.0010455485,0.0010381959,0.0010493066,0.0010553868,0.0010674053,0.0,0.0010591958,0.0010455485,0.0010381959,0.0010493066,0.0010553868,0.0010674048,0.0,0.0010591962,0.0010455486,0.0010381959,0.0010493066,0.0010553868,0.0010674055,0.0010708608,0.0010591958,0.0010455485,0.0010381959,0.0010493066,0.0010553868,0.0010674051,0.0,0.0,0.0010455485,0.0010295031,0.0010200463,0.001030672,0.0011063592,0.0,0.0010591958,0.0010455485,0.0010381959,0.0010493066,0.0010553868,0.001067405,0.0010708905,0.0010591963,0.0010455482,0.0010381959,0.0010493066,0.0010553868,0.0010674058
k__Bacteria|p__Firmicutes|c__Tissierellia|o__Tissierellales|f__Peptoniphilaceae|g__Peptoniphilus|s__Peptoniphilus_lacrimalis,0.0,0.0010587744,0.0010451293,0.0010377892,0.0010489352,0.0010550478,0.0010670947,0.0,0.0010587747,0.0010451293,0.0010377892,0.0010489352,0.0010550478,0.0010670947,0.0,0.0,0.0010451236,0.0010290825,0.0010196425,0.0010303032,0.0011060185,0.0010704545,0.0,0.001045129,0.0010290869,0.0010196428,0.0010303032,0.0011060188,0.0,0.0,0.001045129,0.0010290869,0.0010196428,0.0010303032,0.0011060187,0.0010704338,0.0010587745,0.0010451293,0.0010377892,0.0010489352,0.0010550478,0.0010670946,0.0,0.0010587745,0.0010451291,0.0010377892,0.0010489352,0.0010550478,0.0010670954,0.0010704342,0.0010587745,0.0010451293,0.0010377892,0.0010489352,0.0010550478,0.0010670947,0.0,0.0010587744,0.0010451294,0.0010377892,0.0010489352,0.0010550478,0.0010670949,0.0,0.0010587747,0.0010451293,0.0010377892,0.0010489352,0.0010550478,0.0010670947,0.0,0.0010587747,0.0,0.0010290869,0.001010146,0.0010661775,0.0010777042,0.0,0.0010587745,0.0010451293,0.001037789,0.0010489352,0.0010550478,0.0010670944,0.0,0.0,0.0,0.0010290869,0.001010146,0.0010661775,0.0010888422,0.00107044,0.0010587747,0.0,0.0010290869,0.001010146,0.0010661775,0.0010777039,0.0010704797,0.0,0.0,0.0010290868,0.001010146,0.0010661775,0.0010888426,0.0010704482,0.0,0.0010451293,0.0,0.0010587745,0.0010451293,0.0010661774,0.0010704346,0.0,0.0,0.0010290869,0.001010146,0.0010661775,0.0010888429,0.0,0.0010587738,0.0,0.0010290869,0.001010146,0.0010661775,0.0010777044,0.0,0.0,0.0010451289,0.0010587742,0.0,0.0010290869,0.0010587747,0.0010704328,0.0010587744,0.0,0.0010290868,0.001010146,0.0010661775,0.0010777041,0.0,0.0,0.0010451291,0.0010290869,0.0010196428,0.0010303032,0.0011060187,0.0,0.0,0.0010451293,0.0,0.0010587745,0.0010451293,0.0010661774,0.0,0.0010587713,0.0,0.0010587747,0.0,0.0010587745,0.0010451294,0.0,0.0,0.0010451172,0.0010290853,0.0010196426,0.0010303032,0.0011060179,0.0,0.0010587558,0.001058772,0.0010531365,0.0010645506,0.0,0.0009877039,0.0,0.0010587737,0.0010451288,0.0,0.0010587743,0.001045129,0.0010377896,0.0010704346,0.0010587745,0.0010451293,0.0,0.0010587745,0.0010451293,0.0010377895,0.0,0.0010587747,0.001045129,0.001037789,0.0010489352,0.0010550478,0.0010670945,0.0010704343,0.0010587745,0.0010451293,0.0010377892,0.0010489352,0.0010550478,0.0010670944,0.0010704505,0.0,0.0,0.0010290869,0.001010146,0.0010661775,0.0010888429,0.0010704348,0.0,0.0010451293,0.0010290869,0.0010196428,0.0010303032,0.0011060184,0.0,0.0010587747,0.0,0.0010290869,0.001010146,0.0010661775,0.0010777042,0.0010704413,0.0,0.0010451293,0.0010290869,0.0010196428,0.0010303032,0.0011060169,0.0,0.0010587745,0.0010451293,0.0010377892,0.0010489352,0.0010550478,0.0010670956,0.0010704346,0.0010587745,0.0010451293,0.0010377892,0.0010489352,0.0010550478,0.0010670946,0.0,0.0010587744,0.001045129,0.001037789,0.0010489352,0.0010550478,0.0010670945,0.0,0.0,0.0010451293,0.0010290869,0.0010196428,0.0010303032,0.0011060188,0.0010704356,0.0010587745,0.0,0.0,0.0010587747,0.0010587747,0.001053137,0.0010704543,0.0,0.001045129,0.0,0.0010587747,0.0010451293,0.0010661784,0.0010705126,0.0,0.0010587744,0.001045129,0.001037789,0.0,0.0010587747,0.0,0.0010587744,0.0,0.0010290869,0.001010146,0.0010661775,0.0010777059,0.001070436,0.0,0.0010451293,0.0010290869,0.0010196429,0.0010303033,0.0011059993,0.0010704352,0.0,0.0,0.0010290869,0.001010146,0.0010661775,0.0010888432,0.0,0.0010587747,0.001045129,0.0010377892,0.0010489352,0.0010550478,0.0010670947,0.0010704688,0.0010587747,0.001045129,0.0,0.0010587745,0.001045129,0.0010377892,0.0010704348,0.0,0.001045129,0.0010290869,0.0010196428,0.0010303032,0.0011060182,0.0010704348,0.0,0.001045129,0.0010290869,0.0010196429,0.0010303032,0.0011060187,0.0,0.0010587743,0.0010587748,0.001053137,0.0010645502,0.0,0.0009877125,0.0010704558,0.0,0.001045129,0.0010290869,0.0010196428,0.0010303032,0.0011060187,0.0010704353,0.0,0.0,0.0010290869,0.0010101455,0.0010661775,0.0010888426,0.001070477,0.0010587741,0.0,0.0010290869,0.0010101456,0.0010661773,0.0010777046,0.0,0.0010587745,0.001045129,0.001037789,0.0010489352,0.0010550478,0.0010670946,0.0,0.0010587736,0.0,0.0010290869,0.001010146,0.0010661775,0.0010777042,0.0,0.0010587747,0.0010451291,0.001037789,0.0010489352,0.0010550478,0.0010670945,0.0010704402,0.0010587743,0.001045129,0.001037789,0.0010489351,0.0010550478,0.0010670949,0.0,0.0,0.0,0.0010290869,0.001010146,0.0010661775,0.0010888433,0.0010704339,0.0010587745,0.0,0.0010290869,0.001010146,0.0010661775,0.0010777042,0.0010704377,0.0010587745,0.0010451293,0.0010661775,0.002351314,0.0010290869,0.0010101461,0.0,0.0010587745,0.0010451293,0.001037789,0.0010489352,0.0010550478,0.0010670949,0.0,0.0010587745,0.001045129,0.001037789,0.0010489352,0.0010550478,0.0010670945,0.0,0.0010587743,0.001045129,0.001037789,0.0010489352,0.0010550478,0.0010670949,0.0010704362,0.0010587745,0.001045129,0.001037789,0.0010489352,0.0010550478,0.0010670947,0.0,0.0,0.0010451293,0.0010290869,0.0010196428,0.0010303032,0.0011060187,0.0,0.0010587745,0.0010451293,0.0010377892,0.0010489352,0.0010550478,0.0010670947,0.0010705584,0.0010587738,0.0010451287,0.0010377889,0.0010489352,0.0010550478,0.0010670949
k__Bacteria|p__Firmicutes|c__Clostridia|o__Eubacteriales|f__Lachnospiraceae|g__Mediterraneibacter|s__Ruminococcus_lactaris,0.0,0.0010615295,0.0010478839,0.0010404845,0.0010514357,0.0010573728,0.0010692576,0.0,0.0010615296,0.0010478839,0.0010404845,0.0010514357,0.0010573728,0.0010692574,0.0,0.0,0.0010478941,0.0010318431,0.001022332,0.0010328034,0.0011082889,0.0010732292,0.0035186766,0.0010478839,0.0010318367,0.0010223314,0.0010328031,0.0011082876,0.0,0.0,0.0010478839,0.0010318367,0.0010223314,0.0010328031,0.0011082876,0.0010731866,0.0010615296,0.0010478839,0.0010404845,0.0010514357,0.0010573728,0.0010692573,0.0,0.00106153,0.0010478839,0.0010404845,0.0010514357,0.0010573728,0.0010692581,0.0010731868,0.0010615296,0.0010478839,0.0010404845,0.0010514357,0.0010573728,0.0010692576,0.0,0.0010615297,0.0010478843,0.001040485,0.0010514357,0.0010573728,0.0010692585,0.0,0.0010615296,0.0010478839,0.0010404845,0.0010514357,0.0010573728,0.0010692574,0.0,0.0010615296,0.0,0.0010318367,0.0010128852,0.001068872,0.0010801938,0.0,0.0010615296,0.0010478839,0.0010404845,0.0010514357,0.0010573728,0.0010692584,0.0,0.0,0.0,0.0010318367,0.0010128852,0.001068872,0.001091322,0.0010731992,0.0010615296,0.0,0.0010318367,0.0010128852,0.001068872,0.0010802025,0.001073285,0.0,0.0,0.0010318368,0.0010128852,0.001068872,0.0010913213,0.0010732168,0.0,0.0010478839,0.0,0.0010615296,0.0010478839,0.0010688723,0.0010731906,0.0,0.0,0.0010318367,0.0010128852,0.001068872,0.0010913198,0.0,0.0010615308,0.0,0.0010318367,0.0010128852,0.001068872,0.001080192,0.0,0.0,0.0010478843,0.0010615309,0.0,0.0010318367,0.0010615297,0.0010732143,0.0010615297,0.0,0.0010318366,0.0010128852,0.001068872,0.0010801916,0.0,0.0,0.0010478839,0.0010318367,0.0010223314,0.0010328031,0.0011082883,0.0,0.0,0.0010478839,0.0,0.0010615296,0.0010478839,0.0010688722,0.0,0.0010615321,0.0,0.0010615297,0.0,0.0010615296,0.001047884,0.0,0.0,0.0010478984,0.0010318388,0.0010223315,0.0010328034,0.0011082883,0.0,0.0010615531,0.0010615326,0.0010558346,0.0010670461,0.0,0.000990438,0.0,0.0010615316,0.0010478846,0.0,0.0010615299,0.0010478839,0.0010404871,0.0010731936,0.0010615296,0.0010478839,0.0,0.0010615296,0.0010478839,0.0010404862,0.0,0.0010615297,0.001047884,0.0010404845,0.0010514357,0.0010573728,0.0010692576,0.0010731868,0.0010615296,0.0010478839,0.0010404845,0.0010514357,0.0010573728,0.0010692574,0.0010732228,0.0,0.0,0.0010318367,0.0010128852,0.001068872,0.0010913195,0.0010731942,0.0,0.0010478839,0.0010318367,0.0010223314,0.0010328031,0.0011082877,0.0,0.0010615297,0.0,0.0010318367,0.0010128852,0.001068872,0.0010801915,0.0010732068,0.0,0.0010478839,0.0010318367,0.0010223314,0.0010328034,0.0011082968,0.0,0.0010615296,0.0010478839,0.0010404845,0.0010514357,0.0010573728,0.0010692597,0.0010731878,0.0010615296,0.0010478839,0.0010404845,0.0010514357,0.0010573728,0.0010692573,0.0,0.00106153,0.0010478839,0.0010404845,0.0010514357,0.0010573728,0.0010692576,0.0,0.0,0.0010478839,0.0010318367,0.0010223314,0.0010328031,0.001108288,0.0010731897,0.0010615296,0.0,0.0,0.0010615297,0.0010615296,0.0010558348,0.0010732326,0.0,0.0010478839,0.0,0.0010615297,0.0010478839,0.0010688743,0.0010733303,0.0,0.0010615299,0.0010478839,0.0010404845,0.0,0.0010615306,0.0,0.0010615295,0.0,0.0010318367,0.0010128852,0.001068872,0.0010802,0.0010731937,0.0,0.0010478839,0.0010318367,0.0010223315,0.0010328037,0.0011083615,0.0010732044,0.0,0.0,0.0010318367,0.0010128852,0.001068872,0.0010913194,0.0,0.0010615297,0.001047884,0.0010404845,0.0010514357,0.0010573728,0.0010692574,0.0010732159,0.0010615297,0.0010478839,0.0,0.0010615296,0.0010478839,0.0010404859,0.0010731906,0.0,0.0010478839,0.0010318367,0.0010223314,0.0010328031,0.0011082904,0.0010731913,0.0,0.001047884,0.0010318367,0.0010223315,0.0010328034,0.0011082904,0.0,0.0010615297,0.0010615299,0.0010558341,0.0010670461,0.0,0.0009904824,0.001073232,0.0,0.0010478839,0.0010318367,0.0010223314,0.0010328031,0.0011082876,0.0010731932,0.0,0.0,0.0010318367,0.0010128852,0.001068872,0.0010913217,0.0010732801,0.0010615306,0.0,0.0010318377,0.0010128852,0.001068872,0.0010802005,0.0,0.0010615296,0.0010478839,0.0010404845,0.0010514357,0.0010573728,0.0010692573,0.0,0.0010615303,0.0,0.0010318367,0.0010128852,0.001068872,0.0010801915,0.0,0.0010615297,0.0010478839,0.0010404845,0.0010514357,0.0010573728,0.0010692576,0.0010732051,0.0010615297,0.0010478839,0.0010404848,0.0010514357,0.0010573728,0.0010692581,0.0,0.0,0.0,0.0010318367,0.0010128852,0.001068872,0.00109132,0.0010731863,0.0010615296,0.0,0.0010318367,0.0010128852,0.001068872,0.0010801929,0.0010732004,0.0010615296,0.0010478839,0.001068872,0.0,0.0010318367,0.0010128852,0.0,0.0010615296,0.0010478839,0.0010404845,0.0010514357,0.0010573728,0.0010692589,0.0,0.0010615296,0.0010478839,0.0010404845,0.0010514357,0.0010573728,0.001069258,0.0,0.0010615301,0.0010478839,0.0010404845,0.0010514357,0.0010573728,0.0010692608,0.0010731975,0.0010615296,0.0010478839,0.0010404845,0.0010514357,0.0010573728,0.0010692582,0.0,0.0,0.0010478839,0.0010318367,0.0010223314,0.0010328031,0.0011082882,0.0,0.0010615296,0.0010478839,0.0010404845,0.0010514357,0.0010573728,0.0010692574,0.0010733907,0.0010615307,0.0010478839,0.0010404845,0.0010514357,0.0010573728,0.0010692616
k__Bacteria|p__Firmicutes|c__Clostridia|o__Eubacteriales|f__Clostridiaceae|g__Clostridium|s__Clostridium_moniliforme,0.0,0.001062028,0.0010483746,0.0010409532,0.0010518495,0.0010577352,0.0010695772,0.0,0.0010620281,0.0010483746,0.0010409532,0.0010518495,0.0010577352,0.0010695772,0.0,0.0,0.0010483874,0.0010323272,0.0010227911,0.001033208,0.0011086743,0.0010737274,0.0,0.0010483746,0.0010323186,0.0010227904,0.001033208,0.0011086739,0.0,0.0,0.0010483746,0.0010323186,0.0010227904,0.001033208,0.0011086739,0.0010736919,0.001062028,0.0010483746,0.0010409532,0.0010518495,0.0010577352,0.0010695771,0.0,0.0010620288,0.0010483747,0.0010409532,0.0010518495,0.0010577352,0.0010695781,0.0010736918,0.001062028,0.0010483746,0.0010409532,0.0010518495,0.0010577352,0.0010695772,0.0,0.0010620281,0.0010483754,0.0010409537,0.0010518495,0.0010577354,0.0010695774,0.0,0.0010620281,0.0010483746,0.0010409532,0.0010518495,0.0010577352,0.0010695772,0.0,0.0010620281,0.0,0.0010323186,0.0010133561,0.0010693565,0.0010806215,0.0,0.001062028,0.0010483746,0.0010409531,0.0010518495,0.0010577354,0.0010695773,0.0,0.0,0.0,0.0010323186,0.0010133561,0.0010693565,0.0010917549,0.0010737018,0.0010620281,0.0,0.0010323186,0.0010133561,0.0010693565,0.0010806264,0.001073766,0.0,0.0,0.0010323186,0.0010133561,0.0010693565,0.0010917543,0.0010737169,0.0,0.0010483746,0.0,0.001062028,0.0010483746,0.0010693567,0.0010736949,0.0,0.0,0.0010323186,0.0010133561,0.0010693565,0.0010917532,0.0,0.0010620295,0.0,0.0010323186,0.0010133561,0.0010693565,0.00108062,0.0,0.0,0.001048376,0.0010620292,0.0,0.0010323186,0.0010620281,0.0010737149,0.0010620281,0.0,0.0010323185,0.0010133561,0.0010693565,0.0010806196,0.0,0.0,0.0010483747,0.0010323186,0.0010227904,0.001033208,0.0011086743,0.0,0.0,0.0010483746,0.0,0.001062028,0.0010483746,0.0010693563,0.0,0.0010620314,0.0,0.0010620282,0.0,0.001062028,0.0010483747,0.0,0.0,0.0010483895,0.0010323208,0.0010227906,0.001033208,0.0011086743,0.0,0.0010620604,0.0010620315,0.0010563118,0.0010674675,0.0,0.0009908938,0.0,0.0010620306,0.0010483756,0.0,0.0010620286,0.0010483747,0.0010409564,0.0010736978,0.001062028,0.0010483746,0.0,0.001062028,0.0010483746,0.0010409544,0.0,0.0010620282,0.0010483747,0.0010409531,0.0010518495,0.0010577352,0.0010695771,0.0010736918,0.001062028,0.0010483746,0.0010409532,0.0010518495,0.0010577352,0.0010695772,0.0010737233,0.0,0.0,0.0010323186,0.0010133561,0.0010693565,0.0010917534,0.0010736965,0.0,0.0010483746,0.0010323186,0.0010227904,0.001033208,0.0011086742,0.0,0.0010620282,0.0,0.0010323186,0.0010133561,0.0010693565,0.0010806195,0.0010737085,0.0,0.0010483746,0.0010323186,0.0010227904,0.001033208,0.0011086809,0.0,0.001062028,0.0010483746,0.0010409532,0.0010518495,0.0010577354,0.0010695789,0.0010736922,0.001062028,0.0010483746,0.0010409532,0.0010518495,0.0010577352,0.0010695771,0.0,0.0010620287,0.0010483747,0.0010409531,0.0010518495,0.0010577352,0.0010695772,0.0,0.0,0.0010483746,0.0010323186,0.0010227904,0.001033208,0.001108674,0.0010736939,0.001062028,0.0,0.0,0.0010620282,0.0010620281,0.0010563119,0.0010737288,0.0,0.0010483747,0.0,0.0010620282,0.0010483746,0.0010693606,0.0010738067,0.0,0.0010620282,0.0010483747,0.0010409531,0.0012571784,0.0010620289,0.0,0.001062028,0.0,0.0010323186,0.0010133561,0.0010693563,0.0010806265,0.0010736982,0.0,0.0010483746,0.0010323186,0.0010227906,0.0010332087,0.0011087197,0.0010737082,0.0,0.0,0.0010323186,0.0010133561,0.0010693565,0.0010917532,0.0,0.0010620282,0.0010483747,0.0010409532,0.0010518495,0.0010577352,0.0010695772,0.0010737012,0.0010620282,0.0010483747,0.0,0.0010620281,0.0010483746,0.0010409544,0.0010736942,0.0,0.0010483747,0.0010323188,0.0010227904,0.001033208,0.0011086757,0.0010736955,0.0,0.0010483747,0.0010323186,0.0010227906,0.0010332082,0.0011086758,0.0,0.0010620282,0.0010620282,0.0010563113,0.0010674677,0.0,0.0009909304,0.0010737277,0.0,0.0010483747,0.0010323186,0.0010227904,0.001033208,0.0011086739,0.0010736964,0.0,0.0,0.0010323186,0.0010133561,0.0010693565,0.0010917544,0.0010737606,0.0010620288,0.0,0.0010323196,0.0010133567,0.0010693563,0.0010806271,0.0,0.0010620281,0.0010483747,0.0010409531,0.0010518495,0.0010577352,0.0010695771,0.0,0.0010620292,0.0,0.0010323186,0.0010133561,0.0010693565,0.0010806195,0.0,0.0010620282,0.0010483747,0.0010409531,0.0010518495,0.0010577352,0.0010695772,0.0010737072,0.0010620281,0.0010483746,0.0010409537,0.0010518495,0.0010577352,0.0010695776,0.0,0.0,0.0,0.0010323186,0.0010133561,0.0010693565,0.0010917538,0.0010736914,0.001062028,0.0,0.0010323186,0.0010133561,0.0010693565,0.0010806205,0.0010737051,0.0010620281,0.0010483746,0.0010693565,0.0,0.0010323186,0.0010133568,0.0,0.001062028,0.0010483746,0.0010409531,0.0010518495,0.0010577352,0.0010695781,0.0,0.001062028,0.0010483746,0.0010409531,0.0010518495,0.0010577352,0.0010695772,0.0,0.0010620287,0.0010483747,0.0010409531,0.0010518495,0.0010577354,0.0010695788,0.0010737008,0.001062028,0.0010483746,0.0010409531,0.0010518495,0.0010577352,0.0010695776,0.0,0.0,0.0010483746,0.0010323186,0.0010227904,0.001033208,0.0011086743,0.0,0.001062028,0.0010483746,0.0010409532,0.0010518495,0.0010577352,0.0010695772,0.0010738769,0.0010620296,0.0010483746,0.0010409536,0.0010518495,0.0010577354,0.0010695793
k__Bacteria|p__Firmicutes|c__Clostridia|o__Eubacteriales|f__Lachnospiraceae|g__Bariatricus|s__Bariatricus_massiliensis,0.0,0.0010582266,0.0010444946,0.0010370386,0.0010480005,0.001053929,0.0010658547,0.0,0.0010582267,0.0010444946,0.0010370386,0.0010480005,0.001053929,0.0010658546,0.0,0.0,0.0010445036,0.0010283666,0.0010187983,0.0010292673,0.0011052962,0.0010699894,0.0,0.0010444946,0.0010283618,0.001018798,0.0010292673,0.0011052956,0.0,0.0,0.0010444946,0.0010283618,0.001018798,0.0010292673,0.0011052957,0.0010699689,0.0010582266,0.0010444946,0.0010370386,0.0010480005,0.001053929,0.0010658546,0.0,0.001058227,0.0010444947,0.0010370386,0.0010480005,0.001053929,0.0010658558,0.0010699687,0.0010582266,0.0010444946,0.0010370386,0.0010480005,0.001053929,0.0010658547,0.0,0.0010582268,0.0010444951,0.0010370386,0.0010480005,0.001053929,0.0010658548,0.0,0.0010582267,0.0010444946,0.0010370386,0.0010480005,0.001053929,0.0010658547,0.0,0.0010582267,0.0,0.0010283618,0.0010093275,0.0010656059,0.0010769638,0.0,0.0010582266,0.0010444946,0.0010370385,0.0010480005,0.001053929,0.0010658548,0.0,0.0,0.0,0.0010283618,0.0010093275,0.0010656059,0.0010881913,0.0010699751,0.0010582267,0.0,0.0010283618,0.0010093275,0.0010656059,0.0010769676,0.0010700171,0.0,0.0,0.0010283618,0.0010093275,0.0010656059,0.0010881915,0.0010699847,0.0,0.0010444946,0.0,0.0010582266,0.0010444946,0.001065606,0.0010699702,0.0,0.0,0.0010283618,0.0010093275,0.0010656059,0.0010881913,0.0,0.0010582274,0.0,0.0010283618,0.0010093275,0.0010656059,0.0010769627,0.0,0.0,0.001044495,0.0010582275,0.0,0.0010283618,0.0010582268,0.0010699782,0.0010582268,0.0,0.0010283617,0.0010093275,0.0010656059,0.0010769624,0.0,0.0,0.0010444947,0.0010283618,0.001018798,0.0010292673,0.0011052961,0.0,0.0,0.0010444946,0.0,0.0010582266,0.0010444946,0.0010656059,0.0,0.0010582282,0.0,0.0010582268,0.0,0.0010582266,0.0010444947,0.0,0.0,0.0010445035,0.001028363,0.0010187981,0.0010292673,0.0011052957,0.0,0.0010582504,0.0010582289,0.0010524783,0.0010637144,0.0,0.0009867987,0.0,0.0010582282,0.0010444949,0.0,0.0010582269,0.0010444946,0.0010370412,0.0010699718,0.0010582266,0.0010444946,0.0,0.0010582266,0.0010444946,0.0010370396,0.0,0.0010582268,0.0010444947,0.0010370385,0.0010480005,0.001053929,0.0010658546,0.0010699687,0.0010582266,0.0010444946,0.0010370386,0.0010480005,0.001053929,0.0010658547,0.0010699854,0.0,0.0,0.0010283618,0.0010093275,0.0010656059,0.0010881912,0.0010699715,0.0,0.0010444946,0.0010283618,0.001018798,0.0010292673,0.0011052956,0.0,0.0010582268,0.0,0.0010283618,0.0010093275,0.0010656059,0.0010769623,0.0010699809,0.0,0.0010444946,0.0010283618,0.001018798,0.0010292673,0.001105302,0.0,0.0010582266,0.0010444946,0.0010370386,0.0010480005,0.001053929,0.0010658557,0.0010699689,0.0010582266,0.0010444946,0.0010370386,0.0010480005,0.001053929,0.0010658546,0.0,0.0010582268,0.0010444946,0.0010370385,0.0010480005,0.001053929,0.0010658549,0.0,0.0,0.0010444946,0.0010283618,0.001018798,0.0010292673,0.0011052956,0.0010699696,0.0010582266,0.0,0.0,0.0010582268,0.0010582267,0.0010524781,0.0010699875,0.0,0.0010444947,0.0,0.0010582268,0.0010444946,0.00106561,0.0010700474,0.0,0.0010582268,0.0010444946,0.0010370385,0.0,0.0010582269,0.0,0.0010582266,0.0,0.0010283618,0.0010093275,0.0010656059,0.0010769708,0.001069972,0.0,0.0010444946,0.0010283618,0.0010187981,0.0010292676,0.0011053359,0.0010699765,0.0,0.0,0.0010283618,0.0010093275,0.0010656059,0.0010881913,0.0,0.0010582268,0.0010444947,0.0010370386,0.0010480005,0.001053929,0.0010658546,0.0010699717,0.0010582268,0.0010444946,0.0,0.0010582266,0.0010444946,0.0010370397,0.0010699702,0.0,0.0010444946,0.0010283618,0.001018798,0.0010292673,0.0011052967,0.0010699704,0.0,0.0010444947,0.0010283618,0.0010187981,0.0010292674,0.0011052974,0.0,0.0010582268,0.0010582267,0.0010524782,0.0010637142,0.0,0.0009868275,0.0010699865,0.0,0.0010444946,0.0010283618,0.001018798,0.0010292673,0.0011052957,0.0010699707,0.0,0.0,0.0010283618,0.0010093275,0.0010656059,0.0010881913,0.0010700134,0.0010582273,0.0,0.0010283627,0.0010093276,0.0010656059,0.0010769673,0.0,0.0010582267,0.0010444946,0.0010370385,0.0010480005,0.001053929,0.0010658546,0.0,0.0010582273,0.0,0.0010283618,0.0010093275,0.0010656059,0.0010769623,0.0,0.0010582267,0.0010444947,0.0010370385,0.0010480005,0.001053929,0.0010658547,0.0010699779,0.0010582267,0.0010444947,0.001037039,0.0010480006,0.001053929,0.0010658551,0.0,0.0,0.0,0.0010283618,0.0010093275,0.0010656059,0.0010881915,0.0010699684,0.0010582266,0.0,0.0010283618,0.0010093275,0.0010656059,0.0010769633,0.0010699742,0.0010582267,0.0010444946,0.0010656059,0.0,0.0010283618,0.0010093276,0.0,0.0010582266,0.0010444946,0.0010370385,0.0010480005,0.001053929,0.0010658554,0.0,0.0010582266,0.0010444946,0.0010370385,0.0010480005,0.001053929,0.0010658548,0.0,0.0010582269,0.0010444946,0.0010370385,0.0010480006,0.001053929,0.0010658562,0.0010699737,0.0010582266,0.0010444946,0.0010370385,0.0010480005,0.001053929,0.0010658553,0.0,0.0,0.0010444946,0.0010283618,0.001018798,0.0010292673,0.0011052961,0.0,0.0010582266,0.0010444946,0.0010370386,0.0010480005,0.001053929,0.0010658547,0.0010700847,0.0010582275,0.0010444947,0.0010370386,0.0010480005,0.001053929,0.0010658565
k__Bacteria|p__Firmicutes|c__Bacilli|o__Lactobacillales|f__Streptococcaceae|g__Streptococcus|s__Streptococcus_oralis,0.0,0.0010607225,0.0010470821,0.0010397079,0.0010507297,0.0010567314,0.001068673,0.0,0.0010607226,0.0010470821,0.0010397079,0.0010507297,0.0010567314,0.001068673,0.0,0.0,0.001047089,0.0010310466,0.0010215627,0.0010321036,0.0011076395,0.001072417,0.0,0.0010470821,0.001031042,0.0010215626,0.0010321036,0.0011076393,0.0,0.0,0.0010470821,0.001031042,0.0010215626,0.0010321036,0.0011076396,0.0010723753,0.0010607226,0.0010470821,0.0010397079,0.0010507297,0.0010567314,0.0010686729,0.0,0.0010607232,0.0010470822,0.0010397079,0.0010507297,0.0010567314,0.0010686732,0.0010723756,0.0010607226,0.0010470821,0.0010397079,0.0010507297,0.0010567314,0.0010686731,0.0,0.0010607226,0.0010470826,0.001039708,0.0010507297,0.0010567314,0.0010686733,0.0,0.0010607226,0.0010470821,0.0010397079,0.0010507297,0.0010567314,0.001068673,0.0,0.0010607226,0.0,0.001031042,0.0010120992,0.001068085,0.0010794787,0.0,0.0010607226,0.0010470821,0.0010397079,0.0010507297,0.0010567314,0.0010686727,0.0,0.0,0.0,0.001031042,0.0010120992,0.001068085,0.001090604,0.0010723865,0.0010607226,0.0,0.001031042,0.0010120992,0.001068085,0.0010794803,0.0010724625,0.0,0.0,0.001031042,0.0010120992,0.001068085,0.0010906036,0.0010724041,0.0,0.0010470821,0.0,0.0010607226,0.0010470821,0.0010680848,0.0010723782,0.0,0.0,0.001031042,0.0010120992,0.001068085,0.0010906035,0.0,0.0010607231,0.0,0.001031042,0.0010120992,0.001068085,0.001079478,0.0,0.0,0.001047083,0.0010607234,0.0,0.001031042,0.0010607226,0.0010723982,0.0010607226,0.0,0.001031042,0.0010120992,0.001068085,0.0010794778,0.0,0.0,0.0010470822,0.001031042,0.0010215626,0.0010321036,0.0011076394,0.0,0.0,0.0010470821,0.0,0.0010607226,0.0010470821,0.0010680848,0.0,0.0010607231,0.0,0.0010607227,0.0,0.0010607226,0.0010470822,0.0,0.0,0.0010470906,0.0010310431,0.0010215627,0.0010321036,0.0011076393,0.0,0.0010607331,0.0010607237,0.0010550517,0.001066336,0.0,0.0009896534,0.0,0.0010607236,0.0010470824,0.0,0.0010607225,0.0010470822,0.0010397092,0.0010723819,0.0010607226,0.0010470821,0.0,0.0010607226,0.0010470821,0.0010397085,0.0,0.0010607227,0.0010470822,0.0010397079,0.0010507297,0.0010567314,0.001068673,0.0010723753,0.0010607226,0.0010470821,0.0010397079,0.0010507297,0.0010567314,0.001068673,0.0010724104,0.0,0.0,0.001031042,0.0010120992,0.001068085,0.0010906035,0.001072381,0.0,0.0010470821,0.001031042,0.0010215626,0.0010321036,0.0011076393,0.0,0.0010607227,0.0,0.001031042,0.0010120992,0.001068085,0.0010794777,0.0010723909,0.0,0.0010470821,0.001031042,0.0010215626,0.0010321036,0.0011076396,0.0,0.0010607226,0.0010470821,0.0010397079,0.0010507297,0.0010567314,0.0010686734,0.0010723764,0.0010607226,0.0010470821,0.0010397079,0.0010507297,0.0010567314,0.0010686729,0.0,0.0010607229,0.0010470822,0.0010397079,0.0010507297,0.0010567314,0.0010686727,0.0,0.0,0.0010470821,0.001031042,0.0010215626,0.0010321036,0.0011076397,0.0010723781,0.0010607226,0.0,0.0,0.0010607227,0.0010607226,0.0010550518,0.0010724185,0.0,0.001047082,0.0,0.0010607227,0.0010470821,0.0010680858,0.0010725082,0.0,0.0010607226,0.0010470822,0.0010397079,0.0,0.0010607227,0.0,0.0010607225,0.0,0.001031042,0.0010120992,0.0010680848,0.0010794788,0.0010723824,0.0,0.0010470821,0.001031042,0.0010215627,0.0010321039,0.0011076429,0.0010723916,0.0,0.0,0.001031042,0.0010120992,0.001068085,0.0010906036,0.0,0.0010607227,0.0010470822,0.0010397079,0.0010507297,0.0010567314,0.001068673,0.0010724172,0.0010607227,0.0010470822,0.0,0.0010607225,0.0010470821,0.0010397085,0.001072378,0.0,0.0010470822,0.001031042,0.0010215626,0.0010321036,0.0011076393,0.0010723791,0.0,0.0010470822,0.0010310418,0.0010215624,0.0010321037,0.0011076396,0.0,0.0010607227,0.0010607227,0.0010550516,0.0010663355,0.0,0.0009896758,0.001072418,0.0,0.0010470822,0.001031042,0.0010215626,0.0010321036,0.0011076396,0.0010723801,0.0,0.0,0.001031042,0.0010120992,0.001068085,0.0010906038,0.001072462,0.001060723,0.0,0.0010310425,0.0010120992,0.001068085,0.0010794803,0.0,0.0010607226,0.0010470822,0.0010397079,0.0010507297,0.0010567314,0.0010686729,0.0,0.0010607227,0.0,0.001031042,0.0010120992,0.001068085,0.0010794777,0.0,0.0010607226,0.0010470822,0.0010397079,0.0010507297,0.0010567314,0.0010686731,0.0010723885,0.0010607225,0.0010470822,0.001039708,0.0010507297,0.0010567314,0.001068673,0.0,0.0,0.0,0.001031042,0.0010120992,0.001068085,0.0010906036,0.0010723749,0.0010607226,0.0,0.001031042,0.0010120992,0.001068085,0.0010794782,0.0010723872,0.0010607226,0.0010470821,0.001068085,0.0,0.001031042,0.0010120993,0.0,0.0010607226,0.0010470821,0.0010397079,0.0010507297,0.0010567314,0.0010686731,0.0,0.0010607226,0.0010470821,0.0010397079,0.0010507297,0.0010567314,0.0010686727,0.0,0.0010607229,0.0010470822,0.0010397079,0.0010507297,0.0010567314,0.0010686731,0.0010723849,0.0010607226,0.0010470821,0.0010397079,0.0010507297,0.0010567314,0.0010686731,0.0,0.0,0.0010470821,0.001031042,0.0010215626,0.0010321036,0.0011076395,0.0,0.0010607226,0.0010470821,0.0010397079,0.0010507297,0.0010567314,0.001068673,0.0010725962,0.0010607229,0.0010470822,0.0010397079,0.0010507297,0.0010567314,0.0010686732
k__Bacteria|p__Firmicutes|c__Clostridia|o__Eubacteriales|f__Eubacteriales_unclassified|g__Fenollaria|s__Fenollaria_massiliensis,0.0,0.0010603429,0.0010466878,0.0010393001,0.0010503108,0.0010562994,0.0010682371,0.0,0.0010603431,0.0010466878,0.0010393001,0.0010503108,0.0010562994,0.0010682369,0.0,0.0,0.001046698,0.0010306403,0.0010211396,0.0010316673,0.0011072812,0.001072007,0.0,0.0010466878,0.0010306328,0.0010211394,0.0010316671,0.0011072808,0.0,0.0,0.0010466878,0.0010306328,0.0010211394,0.0010316671,0.0011072806,0.0010720098,0.001060343,0.0010466878,0.0010393001,0.0010503108,0.0010562994,0.0010682369,0.0,0.0010603436,0.0010466878,0.0010393001,0.0010503108,0.0010562994,0.0010682376,0.0010720099,0.001060343,0.0010466878,0.0010393001,0.0010503108,0.0010562994,0.0010682371,0.0,0.0010603432,0.0010466881,0.0010393001,0.0010503108,0.0010562994,0.0010682375,0.0,0.0010603431,0.0010466878,0.0010393001,0.0010503108,0.0010562994,0.0010682369,0.0,0.0010603431,0.0,0.0010306328,0.001011675,0.0010677075,0.0010790945,0.0,0.001060343,0.0010466878,0.0010393001,0.0010503108,0.0010562994,0.0010682376,0.0,0.0,0.0,0.0010306328,0.001011675,0.0010677075,0.0010902368,0.0010720084,0.0010603431,0.0,0.0010306328,0.001011675,0.0010677075,0.0010790983,0.0010720062,0.0,0.0,0.0010306329,0.001011675,0.0010677075,0.0010902365,0.0010720077,0.0,0.0010466878,0.0,0.001060343,0.0010466878,0.0010677075,0.0010720094,0.0,0.0,0.0010306328,0.001011675,0.0010677075,0.0010902355,0.0,0.0010603435,0.0,0.0010306328,0.001011675,0.0010677075,0.0010790932,0.0,0.0,0.0010466889,0.0010603435,0.0,0.0010306328,0.0010603432,0.0010720129,0.0010603432,0.0,0.0010306326,0.001011675,0.0010677075,0.0010790931,0.0,0.0,0.001046688,0.0010306328,0.0010211394,0.0010316671,0.001107281,0.0,0.0,0.0010466878,0.0,0.001060343,0.0010466878,0.0010677075,0.0,0.0010603451,0.0,0.0010603432,0.0,0.001060343,0.001046688,0.0,0.0,0.0010466976,0.0010306338,0.0010211392,0.0010316671,0.001107281,0.0,0.0010603615,0.001060345,0.0010546591,0.001065934,0.0,0.0009892207,0.0,0.0010603442,0.0010466883,0.0,0.0010603432,0.0010466878,0.0010393023,0.0010720096,0.001060343,0.0010466878,0.0,0.001060343,0.0010466878,0.0010393008,0.0,0.0010603431,0.001046688,0.0010393001,0.0010503108,0.0010562994,0.0010682371,0.0010720098,0.001060343,0.0010466878,0.0010393001,0.0010503108,0.0010562994,0.0010682369,0.0010720112,0.0,0.0,0.0010306328,0.001011675,0.0010677075,0.0010902354,0.0010720086,0.0,0.0010466878,0.0010306328,0.0010211394,0.0010316671,0.0011072808,0.0,0.0010603432,0.0,0.0010306328,0.001011675,0.0010677075,0.0010790931,0.0010720098,0.0,0.0010466878,0.0010306328,0.0010211393,0.0010316673,0.0011072855,0.0,0.001060343,0.0010466878,0.0010393001,0.0010503108,0.0010562994,0.0010682384,0.0010720094,0.001060343,0.0010466878,0.0010393001,0.0010503108,0.0010562994,0.0010682369,0.0,0.0010603433,0.0010466878,0.0010393001,0.0010503108,0.0010562994,0.0010682371,0.0,0.0,0.0010466878,0.0010306328,0.0010211394,0.0010316671,0.0011072808,0.001072009,0.001060343,0.0,0.0,0.0010603432,0.0010603431,0.0010546598,0.0010720091,0.0,0.001046688,0.0,0.0010603432,0.0010466878,0.0010677103,0.0010720089,0.0,0.0010603432,0.0010466878,0.0010393001,0.0,0.0010603437,0.0,0.001060343,0.0,0.0010306328,0.001011675,0.0010677075,0.0010790969,0.0010720098,0.0,0.0010466878,0.0010306328,0.0010211392,0.0010316675,0.0011073188,0.0010720139,0.0,0.0,0.0010306328,0.001011675,0.0010677075,0.0010902354,0.0,0.0010603432,0.001046688,0.0010393001,0.0010503108,0.0010562994,0.0010682369,0.001071995,0.0010603431,0.0010466878,0.0,0.001060343,0.0010466878,0.0010393008,0.001072009,0.0,0.0010466878,0.001030633,0.0010211394,0.0010316671,0.0011072826,0.0010720099,0.0,0.001046688,0.0010306326,0.0010211392,0.0010316676,0.0011072819,0.0,0.0010603431,0.0010603432,0.001054659,0.0010659338,0.0,0.0009892609,0.0010720078,0.0,0.0010466878,0.0010306328,0.0010211394,0.0010316671,0.0011072806,0.0010720098,0.0,0.0,0.0010306328,0.001011675,0.0010677075,0.0010902366,0.0010720043,0.0010603432,0.0,0.0010306333,0.0010116751,0.0010677075,0.0010790989,0.0,0.0010603431,0.0010466878,0.0010393001,0.0010503108,0.0010562994,0.0010682369,0.0,0.0010603436,0.0,0.0010306328,0.001011675,0.0010677075,0.0010790931,0.0,0.0010603431,0.001046688,0.0010393001,0.0010503108,0.0010562994,0.0010682371,0.0010720104,0.0010603431,0.0010466878,0.0010393003,0.0010503108,0.0010562994,0.0010682374,0.0,0.0,0.0,0.0010306328,0.001011675,0.0010677075,0.0010902358,0.0010720099,0.001060343,0.0,0.0010306328,0.001011675,0.0010677075,0.0010790934,0.0010720115,0.0010603431,0.0010466878,0.0010677075,0.0022588663,0.0010306328,0.0010116752,0.0,0.001060343,0.0010466878,0.0010393001,0.0010503108,0.0010562994,0.0010682378,0.0,0.001060343,0.0010466878,0.0010393001,0.0010503108,0.0010562994,0.0010682372,0.0,0.001060343,0.0010466878,0.0010393001,0.0010503108,0.0010562994,0.0010682388,0.0010720078,0.001060343,0.0010466878,0.0010393001,0.0010503108,0.0010562994,0.0010682375,0.0,0.0,0.0010466878,0.0010306328,0.0010211393,0.0010316671,0.0011072808,0.0,0.001060343,0.0010466878,0.0010393001,0.0010503108,0.0010562994,0.0010682369,0.0010720424,0.0010603439,0.0010466878,0.0010393002,0.0010503108,0.0010562994,0.0010682394
k__Bacteria|p__Firmicutes|c__Clostridia|o__Eubacteriales|f__Clostridiaceae|g__Clostridium|s__Clostridium_fessum,0.0,0.0010614913,0.0010478571,0.0010404756,0.0010514593,0.0010574277,0.0010693349,0.0,0.0010614916,0.0010478571,0.0010404756,0.0010514593,0.0010574277,0.0010693352,0.0,0.0,0.0010478623,0.0010318266,0.0010223357,0.0010328403,0.0011082923,0.0010731659,0.0,0.0010478571,0.0010318224,0.0010223356,0.0010328403,0.0011082919,0.0,0.0,0.0010478571,0.0010318224,0.0010223356,0.0010328403,0.001108292,0.0010731374,0.0010614914,0.0010478571,0.0010404756,0.0010514593,0.0010574277,0.0010693352,0.0,0.0010614918,0.0010478572,0.0010404756,0.0010514593,0.0010574277,0.0010693353,0.0010731376,0.0010614914,0.0010478571,0.0010404756,0.0010514593,0.0010574277,0.0010693352,0.0,0.0010614916,0.0010478572,0.0010404757,0.0010514593,0.0010574277,0.0010693354,0.0,0.0010614916,0.0010478571,0.0010404756,0.0010514593,0.0010574277,0.0010693352,0.0,0.0010614916,0.0,0.0010318224,0.0010128833,0.0010688395,0.0010801902,0.0,0.0010614914,0.0010478571,0.0010404756,0.0010514593,0.0010574277,0.0010693349,0.0,0.0,0.0,0.0010318224,0.0010128833,0.0010688395,0.0010913062,0.0010731448,0.0010614916,0.0,0.0010318224,0.0010128833,0.0010688395,0.0010801913,0.001073189,0.0,0.0,0.0010318222,0.0010128833,0.0010688395,0.001091306,0.0010731558,0.0,0.0010478571,0.0,0.0010614914,0.0010478571,0.0010688395,0.0010731391,0.0,0.0,0.0010318224,0.0010128833,0.0010688395,0.0010913063,0.0,0.0010614919,0.0,0.0010318224,0.0010128833,0.0010688395,0.0010801897,0.0,0.0,0.0010478575,0.0010614914,0.0,0.0010318224,0.0010614916,0.0010731516,0.0010614916,0.0,0.0010318224,0.0010128833,0.0010688395,0.0010801897,0.0,0.0,0.0010478572,0.0010318224,0.0010223356,0.0010328403,0.0011082921,0.0,0.0,0.0010478571,0.0,0.0010614914,0.0010478571,0.0010688395,0.0,0.0010614924,0.0,0.0010614917,0.0,0.0010614914,0.0010478572,0.0,0.0,0.001047863,0.0010318233,0.0010223354,0.0010328403,0.0011082918,0.0,0.0010615019,0.0010614924,0.0010558132,0.0010670567,0.0,0.000990439,0.0,0.001061492,0.0010478572,0.0,0.0010614917,0.0010478572,0.0010404765,0.0010731419,0.0010614914,0.0010478571,0.0,0.0010614914,0.0010478571,0.0010404763,0.0,0.0010614916,0.0010478572,0.0010404756,0.0010514593,0.0010574277,0.0010693349,0.0010731376,0.0010614914,0.0010478571,0.0010404756,0.0010514593,0.0010574277,0.0010693352,0.0010731559,0.0,0.0,0.0010318224,0.0010128833,0.0010688395,0.0010913062,0.0010731397,0.0,0.0010478571,0.0010318224,0.0010223356,0.0010328403,0.001108292,0.0,0.0010614917,0.0,0.0010318224,0.0010128833,0.0010688395,0.0010801896,0.0010731489,0.0,0.0010478571,0.0010318224,0.0010223356,0.0010328403,0.0011082927,0.0,0.0010614914,0.0010478571,0.0010404756,0.0010514593,0.0010574277,0.0010693355,0.0010731381,0.0010614914,0.0010478571,0.0010404756,0.0010514593,0.0010574277,0.0010693352,0.0,0.0010614918,0.0010478572,0.0010404756,0.0010514593,0.0010574277,0.0010693349,0.0,0.0,0.0010478571,0.0010318224,0.0010223356,0.0010328403,0.001108292,0.0010731398,0.0010614914,0.0,0.0,0.0010614917,0.0010614916,0.0010558133,0.0010731686,0.0,0.0010478572,0.0,0.0010614917,0.0010478571,0.0010688398,0.0010732227,0.0,0.0010614917,0.0010478572,0.0010404756,0.0,0.0010614916,0.0,0.0010614914,0.0,0.0010318224,0.0010128833,0.0010688393,0.0010801909,0.0010731412,0.0,0.0010478571,0.0010318224,0.0010223354,0.0010328403,0.0011082933,0.0010731476,0.0,0.0,0.0010318224,0.0010128833,0.0010688395,0.0010913061,0.0,0.0010614917,0.0010478572,0.0010404756,0.0010514593,0.0010574277,0.0010693352,0.0010731776,0.0010614916,0.0010478572,0.0,0.0010614914,0.0010478571,0.0010404763,0.0010731389,0.0,0.0010478572,0.0010318223,0.0010223356,0.0010328403,0.0011082919,0.00107314,0.0,0.0010478572,0.0010318224,0.0010223354,0.0010328402,0.0011082918,0.0,0.0010614916,0.0010614916,0.001055813,0.0010670566,0.0,0.0009904621,0.001073165,0.0,0.0010478572,0.0010318224,0.0010223356,0.0010328403,0.0011082924,0.0010731411,0.0,0.0,0.0010318224,0.0010128833,0.0010688395,0.0010913061,0.0010731855,0.0010614916,0.0,0.0010318225,0.0010128834,0.0010688395,0.0010801912,0.0,0.0010614914,0.0010478572,0.0010404756,0.0010514593,0.0010574277,0.0010693352,0.0,0.0010614918,0.0,0.0010318224,0.0010128833,0.0010688395,0.0010801896,0.0,0.0010614914,0.0010478572,0.0010404756,0.0010514593,0.0010574277,0.0010693349,0.0010731445,0.0010614916,0.0010478572,0.0010404758,0.0010514593,0.0010574277,0.001069335,0.0,0.0,0.0,0.0010318224,0.0010128833,0.0010688395,0.0010913062,0.001073137,0.0010614914,0.0,0.0010318224,0.0010128833,0.0010688395,0.0010801897,0.0010731458,0.0010614914,0.0010478571,0.0010688395,0.0,0.0010318224,0.0010128834,0.0,0.0010614914,0.0010478571,0.0010404756,0.0010514593,0.0010574277,0.0010693353,0.0,0.0010614914,0.0010478571,0.0010404756,0.0010514593,0.0010574277,0.0010693349,0.0,0.0010614914,0.0010478572,0.0010404756,0.0010514593,0.0010574277,0.0010693354,0.0010731417,0.0010614914,0.0010478571,0.0010404756,0.0010514593,0.0010574277,0.001069335,0.0,0.0,0.0010478571,0.0010318224,0.0010223356,0.0010328403,0.0011082923,0.0,0.0010614914,0.0010478571,0.0010404756,0.0010514593,0.0010574277,0.0010693352,0.0010733168,0.0010614921,0.0010478572,0.0010404756,0.0010514593,0.0010574277,0.0010693357
k__Bacteria|p__Firmicutes|c__Bacilli|o__Lactobacillales|f__Streptococcaceae|g__Streptococcus|s__Streptococcus_pneumoniae,0.0,0.0010658817,0.0010523029,0.0010449094,0.0010557246,0.0010615537,0.0010733006,0.0,0.0010658818,0.0010523029,0.0010449094,0.0010557246,0.0010615537,0.0010733005,0.0,0.0,0.0010523155,0.0010363291,0.0010268209,0.0010371708,0.0011120802,0.0010774949,0.0,0.0010523029,0.0010363196,0.0010268203,0.0010371708,0.0011120801,0.0,0.0,0.0010523029,0.0010363196,0.0010268203,0.0010371708,0.0011120801,0.0010774703,0.0010658817,0.0010523029,0.0010449094,0.0010557246,0.0010615537,0.0010733005,0.0,0.0010658824,0.0010523032,0.0010449094,0.0010557246,0.0010615537,0.0010733008,0.0010774704,0.0010658817,0.0010523029,0.0010449094,0.0010557246,0.0010615537,0.0010733006,0.0,0.0010658819,0.0010523034,0.0010449095,0.0010557246,0.0010615537,0.0010733015,0.0,0.0010658818,0.0010523029,0.0010449094,0.0010557246,0.0010615537,0.0010733006,0.0,0.0010658818,0.0,0.0010363196,0.0010174257,0.0010731558,0.0010843121,0.0,0.0010658817,0.0010523029,0.0010449094,0.0010557246,0.0010615537,0.0010733011,0.0,0.0,0.0,0.0010363196,0.0010174257,0.0010731558,0.0010953551,0.001077476,0.0010658818,0.0,0.0010363196,0.0010174257,0.0010731558,0.0010843151,0.0010775082,0.0,0.0,0.0010363196,0.0010174257,0.0010731558,0.0010953542,0.001077485,0.0,0.0010523029,0.0,0.0010658817,0.0010523029,0.0010731557,0.0010774718,0.0,0.0,0.0010363196,0.0010174257,0.0010731558,0.0010953534,0.0,0.0010658825,0.0,0.0010363196,0.0010174257,0.0010731558,0.001084311,0.0,0.0,0.0010523039,0.0010658825,0.0,0.0010363196,0.0010658818,0.0010774882,0.0010658819,0.0,0.0010363196,0.0010174257,0.0010731558,0.0010843109,0.0,0.0,0.0010523032,0.0010363196,0.0010268203,0.0010371708,0.0011120798,0.0,0.0,0.0010523029,0.0,0.0010658817,0.0010523029,0.0010731558,0.0,0.0010658848,0.0,0.0010658818,0.0,0.0010658817,0.001052303,0.0,0.0,0.0010523172,0.0010363221,0.0010268204,0.0010371708,0.0011120805,0.0,0.0010659079,0.0010658847,0.0010601899,0.0010712512,0.0,0.0009950197,0.0,0.0010658832,0.0010523036,0.0,0.0010658819,0.001052303,0.0010449112,0.0010774755,0.0010658817,0.0010523029,0.0,0.0010658817,0.0010523029,0.00104491,0.0,0.0010658819,0.001052303,0.0010449094,0.0010557246,0.0010615537,0.0010733005,0.0010774703,0.0010658817,0.0010523029,0.0010449094,0.0010557246,0.0010615537,0.0010733006,0.001077488,0.0,0.0,0.0010363196,0.0010174257,0.0010731558,0.0010953533,0.0010774728,0.0,0.0010523029,0.0010363196,0.0010268203,0.0010371708,0.0011120801,0.0,0.0010658818,0.0,0.0010363196,0.0010174257,0.0010731558,0.0010843108,0.0010774793,0.0,0.0010523029,0.0010363196,0.0010268203,0.0010371708,0.0011120819,0.0,0.0010658817,0.0010523029,0.0010449094,0.0010557246,0.0010615537,0.0010733015,0.0010774708,0.0010658817,0.0010523029,0.0010449094,0.0010557246,0.0010615537,0.0010733005,0.0,0.001065882,0.001052303,0.0010449094,0.0010557246,0.0010615537,0.0010733006,0.0,0.0,0.0010523029,0.0010363196,0.0010268203,0.0010371708,0.0011120802,0.0010774718,0.0010658817,0.0,0.0,0.0010658818,0.0010658818,0.0010601903,0.0010774963,0.0,0.0010523034,0.0,0.0010658818,0.0010523029,0.0010731578,0.0010775343,0.0,0.0010658819,0.001052303,0.0010449094,0.0,0.0010658822,0.0,0.0010658816,0.0,0.0010363196,0.0010174257,0.0010731558,0.0010843117,0.0010774744,0.0,0.0010523029,0.0010363196,0.0010268204,0.001037171,0.0011121044,0.0010774833,0.0,0.0,0.0010363196,0.0010174257,0.0010731558,0.0010953529,0.0,0.0010658818,0.001052303,0.0010449094,0.0010557246,0.0010615537,0.0010733005,0.0010774925,0.0010658819,0.001052303,0.0,0.0010658818,0.0010523029,0.0010449099,0.0010774713,0.0,0.001052303,0.00103632,0.0010268203,0.0010371708,0.0011120812,0.0010774728,0.0,0.001052303,0.0010363196,0.0010268204,0.0010371709,0.0011120804,0.0,0.0010658819,0.0010658819,0.0010601898,0.0010712515,0.0,0.0009950553,0.0010774911,0.0,0.001052303,0.0010363196,0.0010268203,0.0010371708,0.0011120801,0.0010774743,0.0,0.0,0.0010363196,0.0010174257,0.0010731558,0.0010953548,0.00107751,0.001065882,0.0,0.0010363205,0.0010174258,0.0010731558,0.0010843157,0.0,0.0010658819,0.001052303,0.0010449094,0.0010557246,0.0010615537,0.0010733005,0.0,0.0010658826,0.0,0.0010363196,0.0010174257,0.0010731558,0.0010843108,0.0,0.0010658818,0.0010523031,0.0010449094,0.0010557246,0.0010615537,0.0010733006,0.001077478,0.0010658818,0.001052303,0.0010449095,0.0010557246,0.0010615537,0.0010733007,0.0,0.0,0.0,0.0010363196,0.0010174257,0.0010731558,0.0010953534,0.0010774698,0.0010658817,0.0,0.0010363196,0.0010174257,0.0010731558,0.0010843113,0.0010774791,0.0010658819,0.0010523029,0.0010731558,0.0,0.0010363196,0.0010174258,0.0,0.0010658817,0.0010523029,0.0010449094,0.0010557246,0.0010615537,0.0010733012,0.0,0.0010658817,0.0010523029,0.0010449094,0.0010557246,0.0010615537,0.0010733008,0.0,0.001065882,0.001052303,0.0010449094,0.0010557246,0.0010615537,0.001073302,0.0010774749,0.0010658817,0.0010523029,0.0010449094,0.0010557246,0.0010615537,0.0010733008,0.0,0.0,0.0010523029,0.0010363196,0.0010268203,0.0010371708,0.00111208,0.0,0.0010658817,0.0010523029,0.0010449094,0.0010557246,0.0010615537,0.0010733006,0.0010776258,0.0010658829,0.0010523032,0.0010449094,0.0010557246,0.0010615537,0.0010733026
k__Bacteria|p__Firmicutes|c__CFGB14936|o__OFGB14936|f__FGB14936|g__GGB3256|s__GGB3256_SGB4303,0.0,0.0010605993,0.0010469091,0.0010394645,0.001050367,0.001056251,0.0010681121,0.0,0.0010605995,0.0010469091,0.0010394645,0.001050367,0.001056251,0.001068112,0.0,0.0,0.0010469182,0.001030823,0.0010212649,0.0010316827,0.001107383,0.0010723139,0.0,0.0010469091,0.0010308168,0.0010212645,0.0010316827,0.0011073824,0.0,0.0,0.0010469091,0.0010308168,0.0010212645,0.0010316827,0.001107382,0.0010722992,0.0010605993,0.0010469091,0.0010394645,0.001050367,0.001056251,0.0010681117,0.0,0.0010605999,0.0010469093,0.0010394645,0.001050367,0.001056251,0.0010681127,0.0010722992,0.0010605993,0.0010469091,0.0010394645,0.001050367,0.001056251,0.0010681122,0.0,0.0010605996,0.0010469097,0.0010394646,0.001050367,0.001056251,0.0010681127,0.0,0.0010605995,0.0010469091,0.0010394645,0.001050367,0.001056251,0.0010681117,0.0,0.0010605995,0.0,0.0010308168,0.0010118198,0.0010679441,0.0010792275,0.0,0.0010605993,0.0010469091,0.0010394644,0.001050367,0.001056251,0.0010681129,0.0,0.0,0.0,0.0010308168,0.0010118198,0.0010679441,0.0010904048,0.0010723044,0.0010605995,0.0,0.0010308168,0.0010118198,0.0010679441,0.001079234,0.001072336,0.0,0.0,0.0010308168,0.0010118198,0.0010679441,0.001090404,0.0010723108,0.0,0.0010469091,0.0,0.0010605993,0.0010469091,0.001067944,0.0010723012,0.0,0.0,0.0010308168,0.0010118198,0.0010679441,0.0010904019,0.0,0.0010606002,0.0,0.0010308168,0.0010118198,0.0010679441,0.0010792258,0.0,0.0,0.0010469102,0.0010606003,0.0,0.0010308168,0.0010605996,0.001072312,0.0010605993,0.0,0.0010308167,0.0010118198,0.0010679441,0.0010792251,0.0,0.0,0.0010469094,0.0010308168,0.0010212645,0.0010316827,0.0011073828,0.0,0.0,0.0010469091,0.0,0.0010605993,0.0010469091,0.001067944,0.0,0.0010606012,0.0,0.0010605996,0.0,0.0010605993,0.0010469093,0.0,0.0,0.0010469184,0.001030818,0.0010212645,0.0010316827,0.0011073829,0.0,0.001060618,0.0010606013,0.0010548608,0.0010660293,0.0,0.0009893274,0.0,0.0010606009,0.0010469096,0.0,0.0010605996,0.0010469091,0.0010394673,0.0010723015,0.0010605993,0.0010469091,0.0,0.0010605993,0.0010469091,0.0010394659,0.0,0.0010605996,0.0010469093,0.0010394644,0.001050367,0.001056251,0.0010681121,0.0010722992,0.0010605993,0.0010469091,0.0010394645,0.001050367,0.001056251,0.0010681117,0.0010723185,0.0,0.0,0.0010308168,0.0010118198,0.0010679441,0.0010904017,0.0010723019,0.0,0.0010469091,0.0010308168,0.0010212645,0.0010316827,0.0011073827,0.0,0.0010605996,0.0,0.0010308168,0.0010118198,0.0010679441,0.0010792249,0.0010723068,0.0,0.0010469091,0.0010308168,0.0010212645,0.0010316828,0.0011073917,0.0,0.0010605993,0.0010469091,0.0010394645,0.001050367,0.001056251,0.0010681144,0.0010722992,0.0010605993,0.0010469091,0.0010394645,0.001050367,0.001056251,0.0010681117,0.0,0.0010605997,0.0010469091,0.0010394644,0.001050367,0.001056251,0.0010681121,0.0,0.0,0.0010469091,0.0010308168,0.0010212645,0.0010316827,0.0011073825,0.0010723001,0.0010605993,0.0,0.0,0.0010605996,0.0010605995,0.0010548617,0.0010723178,0.0,0.0010469091,0.0,0.0010605996,0.0010469091,0.0010679482,0.0010723526,0.0,0.0010605996,0.0010469091,0.0010394644,0.0,0.0010606005,0.0,0.0010605993,0.0,0.0010308168,0.0010118198,0.0010679438,0.0010792318,0.0010723028,0.0,0.0010469091,0.0010308168,0.0010212645,0.0010316832,0.0011074514,0.0010723078,0.0,0.0,0.0010308168,0.0010118198,0.0010679441,0.0010904016,0.0,0.0010605996,0.0010469093,0.0010394645,0.001050367,0.001056251,0.0010681119,0.0010722947,0.0010605995,0.0010469091,0.0,0.0010605993,0.0010469091,0.0010394657,0.0010723008,0.0,0.0010469091,0.0010308172,0.0010212645,0.0010316827,0.0011073858,0.0010723012,0.0,0.0010469093,0.0010308168,0.0010212645,0.0010316827,0.0011073851,0.0,0.0010605995,0.0010605996,0.0010548608,0.0010660291,0.0,0.0009893737,0.0010723186,0.0,0.0010469091,0.0010308168,0.0010212645,0.0010316827,0.001107382,0.0010723026,0.0,0.0,0.0010308168,0.0010118198,0.0010679441,0.0010904041,0.0010723324,0.0010605998,0.0,0.0010308173,0.0010118198,0.0010679441,0.001079235,0.0,0.0010605995,0.0010469091,0.0010394644,0.001050367,0.001056251,0.0010681117,0.0,0.0010605998,0.0,0.0010308168,0.0010118198,0.0010679441,0.0010792251,0.0,0.0010605995,0.0010469094,0.0010394644,0.001050367,0.001056251,0.0010681122,0.00107231,0.0010605995,0.0010469093,0.0010394646,0.001050367,0.001056251,0.0010681126,0.0,0.0,0.0,0.0010308168,0.0010118198,0.0010679441,0.0010904024,0.001072299,0.0010605993,0.0,0.0010308168,0.0010118198,0.0010679441,0.0010792263,0.0010723069,0.0010605995,0.0010469091,0.0010679441,0.0,0.0010308168,0.0010118199,0.0,0.0010605993,0.0010469091,0.0010394644,0.001050367,0.001056251,0.0010681133,0.0,0.0010605993,0.0010469091,0.0010394644,0.001050367,0.001056251,0.0010681123,0.0,0.0010605998,0.0010469091,0.0010394644,0.001050367,0.001056251,0.001068115,0.0010723039,0.0010605993,0.0010469091,0.0010394644,0.001050367,0.001056251,0.0010681126,0.0,0.0,0.0010469091,0.0010308168,0.0010212645,0.0010316827,0.0011073828,0.0,0.0010605993,0.0010469091,0.0010394645,0.001050367,0.001056251,0.0010681117,0.00107237,0.0010606005,0.0010469093,0.0010394645,0.001050367,0.001056251,0.001068116
k__Bacteria|p__Firmicutes|c__Clostridia|o__Eubacteriales|f__Eubacteriales_Family_XIII_Incertae_Sedis|g__Eubacteriales_Family_XIII_Incertae_Sedis_unclassified|s__Clostridiales_Family_XIII_bacterium_BX16,0.0,0.0010615378,0.0010479598,0.0010406603,0.0010517852,0.0010578929,0.001069897,0.0,0.0010615378,0.0010479598,0.0010406603,0.0010517852,0.0010578929,0.001069897,0.0,0.0,0.00104797,0.0010319903,0.0010225824,0.001033232,0.0011085072,0.0010731707,0.0,0.0010479598,0.0010319843,0.0010225821,0.001033232,0.0011085067,0.0,0.0,0.0010479598,0.0010319843,0.0010225821,0.001033232,0.0011085066,0.0010731308,0.0010615377,0.0010479598,0.0010406603,0.0010517852,0.0010578929,0.001069897,0.0,0.0010615382,0.0010479601,0.0010406603,0.0010517852,0.0010578929,0.0010698976,0.0010731308,0.0010615377,0.0010479598,0.0010406603,0.0010517852,0.0010578929,0.001069897,0.0,0.0010615379,0.0010479607,0.0010406603,0.0010517852,0.0010578929,0.0010698973,0.0,0.0010615378,0.0010479598,0.0010406603,0.0010517852,0.0010578929,0.001069897,0.0,0.0010615378,0.0,0.0010319843,0.0010131069,0.0010689077,0.0010803931,0.0,0.0010615377,0.0010479598,0.0010406602,0.0010517852,0.0010578929,0.0010698972,0.0,0.0,0.0,0.0010319843,0.0010131069,0.0010689077,0.001091452,0.0010731417,0.0010615378,0.0,0.0010319843,0.0010131069,0.0010689077,0.0010803981,0.0010732157,0.0,0.0,0.0010319845,0.0010131069,0.0010689077,0.0010914517,0.0010731581,0.0,0.0010479598,0.0,0.0010615377,0.0010479598,0.0010689079,0.0010731335,0.0,0.0,0.0010319843,0.0010131069,0.0010689077,0.0010914512,0.0,0.0010615389,0.0,0.0010319843,0.0010131069,0.0010689077,0.0010803923,0.0,0.0,0.0010479608,0.0010615388,0.0,0.0010319843,0.001061538,0.0010731526,0.0010615379,0.0,0.0010319843,0.0010131069,0.0010689077,0.0010803922,0.0,0.0,0.0010479602,0.0010319843,0.0010225821,0.001033232,0.0011085068,0.0,0.0,0.0010479598,0.0,0.0010615377,0.0010479598,0.001068908,0.0,0.00106154,0.0,0.0010615379,0.0,0.0010615377,0.0010479601,0.0,0.0,0.0010479733,0.001031986,0.0010225821,0.001033232,0.0011085069,0.0,0.0010615571,0.0010615402,0.0010559384,0.0010673194,0.0,0.0009907327,0.0,0.0010615394,0.0010479605,0.0,0.0010615379,0.00104796,0.0010406625,0.0010731373,0.0010615377,0.0010479598,0.0,0.0010615377,0.0010479598,0.0010406609,0.0,0.001061538,0.0010479598,0.0010406602,0.0010517852,0.0010578929,0.001069897,0.0010731306,0.0010615377,0.0010479598,0.0010406603,0.0010517852,0.0010578929,0.001069897,0.0010731629,0.0,0.0,0.0010319843,0.0010131069,0.0010689077,0.001091451,0.0010731359,0.0,0.0010479598,0.0010319843,0.0010225821,0.001033232,0.0011085066,0.0,0.0010615379,0.0,0.0010319843,0.0010131069,0.0010689077,0.0010803919,0.0010731487,0.0,0.0010479598,0.0010319843,0.0010225821,0.001033232,0.0011085115,0.0,0.0010615377,0.0010479598,0.0010406603,0.0010517852,0.0010578929,0.001069898,0.0010731316,0.0010615377,0.0010479598,0.0010406603,0.0010517852,0.0010578929,0.001069897,0.0,0.001061538,0.0010479598,0.0010406602,0.0010517852,0.0010578929,0.001069897,0.0,0.0,0.0010479598,0.0010319843,0.0010225821,0.001033232,0.0011085066,0.0010731329,0.0010615377,0.0,0.0,0.0010615379,0.0010615378,0.0010559384,0.0010731703,0.0,0.0010479598,0.0,0.0010615379,0.0010479598,0.0010689106,0.0010732627,0.0,0.0010615379,0.00104796,0.0010406602,0.0,0.0010615384,0.0,0.0010615377,0.0,0.0010319843,0.0010131069,0.0010689077,0.0010803982,0.0010731374,0.0,0.0010479598,0.0010319843,0.0010225821,0.0010332324,0.0011085408,0.0010731476,0.0,0.0,0.0010319843,0.0010131069,0.0010689077,0.0010914512,0.0,0.0010615379,0.0010479598,0.0010406603,0.0010517852,0.0010578929,0.001069897,0.0010731593,0.0010615378,0.00104796,0.0,0.0010615378,0.0010479598,0.0010406612,0.001073133,0.0,0.00104796,0.0010319845,0.0010225821,0.001033232,0.0011085075,0.001073134,0.0,0.0010479598,0.0010319843,0.0010225821,0.001033232,0.001108508,0.0,0.0010615378,0.001061538,0.0010559382,0.0010673193,0.0,0.0009907631,0.001073167,0.0,0.00104796,0.0010319843,0.0010225821,0.001033232,0.0011085066,0.0010731351,0.0,0.0,0.0010319843,0.0010131069,0.0010689077,0.0010914522,0.0010732157,0.0010615386,0.0,0.0010319852,0.0010131075,0.001068908,0.0010803972,0.0,0.0010615379,0.00104796,0.0010406602,0.0010517852,0.0010578929,0.001069897,0.0,0.0010615385,0.0,0.0010319843,0.0010131069,0.0010689077,0.0010803919,0.0,0.0010615379,0.0010479602,0.0010406602,0.0010517852,0.0010578929,0.001069897,0.0010731448,0.0010615378,0.00104796,0.0010406603,0.0010517852,0.0010578929,0.0010698973,0.0,0.0,0.0,0.0010319843,0.0010131069,0.0010689077,0.0010914514,0.0010731302,0.0010615377,0.0,0.0010319843,0.0010131069,0.0010689077,0.0010803927,0.001073142,0.0010615379,0.0010479598,0.0010689077,0.0,0.0010319843,0.0010131075,0.0,0.0010615377,0.0010479598,0.0010406602,0.0010517852,0.0010578929,0.0010698977,0.0,0.0010615377,0.0010479598,0.0010406602,0.0010517852,0.0010578929,0.001069897,0.0,0.0010615382,0.00104796,0.0010406602,0.0010517852,0.0010578929,0.0010698983,0.001073139,0.0010615377,0.0010479598,0.0010406602,0.0010517852,0.0010578929,0.0010698973,0.0,0.0,0.0010479598,0.0010319843,0.0010225821,0.001033232,0.001108507,0.0,0.0010615377,0.0010479598,0.0010406603,0.0010517852,0.0010578929,0.001069897,0.0010733334,0.0010615388,0.00104796,0.0010406603,0.0010517852,0.0010578929,0.0010698987
k__Bacteria|p__Firmicutes|c__Clostridia|o__Eubacteriales|f__Lachnospiraceae|g__Enterocloster|s__Enterocloster_lavalensis,0.0,0.0010623195,0.0010486315,0.0010411541,0.0010519417,0.001057723,0.0010694877,0.0,0.0010623194,0.0010486315,0.0010411541,0.0010519417,0.001057723,0.0010694875,0.0,0.0,0.0010486472,0.0010325504,0.0010229538,0.0010332605,0.0011088075,0.0010740407,0.0,0.0010486315,0.0010325393,0.001022953,0.0010332605,0.0011088069,0.0,0.0,0.0010486315,0.0010325393,0.001022953,0.0010332605,0.0011088068,0.0010740149,0.0010623193,0.0010486315,0.0010411541,0.0010519417,0.001057723,0.0010694875,0.0,0.0010623198,0.001048632,0.0010411541,0.0010519417,0.001057723,0.001069488,0.001074015,0.0010623193,0.0010486315,0.0010411541,0.0010519417,0.001057723,0.0010694877,0.0,0.0010623197,0.0010486321,0.0010411541,0.0010519419,0.001057723,0.0010694881,0.0,0.0010623194,0.0010486315,0.0010411541,0.0010519417,0.001057723,0.0010694877,0.0,0.0010623194,0.0,0.0010325393,0.0010135383,0.0010696274,0.0010807874,0.0,0.0010623193,0.0010486315,0.001041154,0.0010519419,0.001057723,0.0010694884,0.0,0.0,0.0,0.0010325393,0.0010135383,0.0010696274,0.0010919558,0.0010740223,0.0010623194,0.0,0.0010325393,0.0010135383,0.0010696274,0.0010807946,0.0010740745,0.0,0.0,0.0010325394,0.0010135383,0.0010696274,0.0010919549,0.0010740347,0.0,0.0010486315,0.0,0.0010623193,0.0010486315,0.0010696274,0.0010740185,0.0,0.0,0.0010325393,0.0010135383,0.0010696274,0.0010919528,0.0,0.001062321,0.0,0.0010325393,0.0010135383,0.0010696274,0.0010807859,0.0,0.0,0.0010486325,0.0010623204,0.0,0.0010325393,0.0010623196,0.0010740418,0.0010623197,0.0,0.0010325393,0.0010135383,0.0010696274,0.0010807856,0.0,0.0,0.001048632,0.0010325393,0.001022953,0.0010332605,0.0011088076,0.0,0.0,0.0010486315,0.0,0.0010623193,0.0010486315,0.0010696274,0.0,0.0010623244,0.0,0.0010623194,0.0,0.0010623193,0.0010486318,0.0,0.0,0.0010486508,0.0010325427,0.001022953,0.0010332605,0.0011088076,0.0,0.0010623652,0.001062324,0.0010565488,0.0010675978,0.0,0.0009910361,0.0,0.0010623223,0.0010486328,0.0,0.0010623198,0.0010486318,0.0010411566,0.0010740204,0.0010623193,0.0010486315,0.0,0.0010623193,0.0010486315,0.0010411557,0.0,0.0010623195,0.0010486316,0.001041154,0.0010519417,0.001057723,0.0010694877,0.001074015,0.0010623193,0.0010486315,0.0010411541,0.0010519417,0.001057723,0.0010694877,0.0010740369,0.0,0.0,0.0010325393,0.0010135383,0.0010696274,0.0010919523,0.0010740203,0.0,0.0010486315,0.0010325393,0.001022953,0.0010332605,0.0011088075,0.0,0.0010623194,0.0,0.0010325393,0.0010135383,0.0010696274,0.0010807855,0.0010740292,0.0,0.0010486315,0.0010325393,0.001022953,0.0010332605,0.0011088166,0.0,0.0010623193,0.0010486315,0.0010411541,0.0010519417,0.001057723,0.0010694894,0.0010740153,0.0010623193,0.0010486315,0.0010411541,0.0010519417,0.001057723,0.0010694875,0.0,0.0010623201,0.0010486318,0.001041154,0.0010519419,0.001057723,0.0010694877,0.008809067,0.0,0.0010486315,0.0010325393,0.001022953,0.0010332605,0.0011088072,0.0010740174,0.0010623193,0.0,0.0,0.0010623194,0.0010623194,0.001056549,0.0010740465,0.0,0.0010486318,0.0,0.0010623194,0.0010486315,0.00106963,0.0010741054,0.0,0.0010623196,0.0010486318,0.001041154,0.0,0.0010623204,0.0,0.0010623191,0.0,0.0010325393,0.0010135383,0.0010696274,0.001080791,0.0010740196,0.0,0.0010486315,0.0010325393,0.001022953,0.0010332612,0.0011088833,0.0010740289,0.0,0.0,0.0010325393,0.0010135383,0.0010696274,0.0010919523,0.0,0.0010623194,0.0010486316,0.0010411541,0.0010519417,0.001057723,0.0010694875,0.0010740153,0.0010623194,0.0010486316,0.0,0.0010623194,0.0010486315,0.0010411552,0.0010740176,0.0,0.0010486316,0.0010325394,0.001022953,0.0010332605,0.0011088097,0.0010740189,0.0,0.0010486316,0.0010325393,0.001022953,0.0010332606,0.0011088094,0.0,0.0010623196,0.0010623196,0.0010565483,0.0010675978,0.0,0.000991082,0.0010740467,0.0,0.0010486318,0.0010325393,0.001022953,0.0010332605,0.0011088068,0.0010740211,0.0,0.0,0.0010325393,0.0010135383,0.0010696274,0.001091955,0.0010740599,0.0010623202,0.0,0.0010325403,0.0010135389,0.0010696275,0.0010807944,0.0,0.0010623195,0.0010486316,0.001041154,0.0010519417,0.001057723,0.0010694875,0.0,0.0010623207,0.0,0.0010325393,0.0010135383,0.0010696274,0.0010807855,0.0,0.0010623194,0.0010486317,0.001041154,0.0010519417,0.001057723,0.0010694877,0.0010740289,0.0010623195,0.0010486318,0.0010411545,0.0010519419,0.001057723,0.0010694879,0.0,0.0,0.0,0.0010325393,0.0010135383,0.0010696274,0.0010919531,0.0010740146,0.0010623193,0.0,0.0010325393,0.0010135383,0.0010696274,0.0010807862,0.0010740274,0.0010623195,0.0010486315,0.0010696274,0.0,0.0010325393,0.0010135385,0.0,0.0010623193,0.0010486315,0.001041154,0.0010519417,0.001057723,0.0010694886,0.0,0.0010623193,0.0010486315,0.001041154,0.0010519417,0.001057723,0.0010694879,0.0,0.0010623201,0.0010486318,0.001041154,0.0010519419,0.001057723,0.0010694902,0.0010740238,0.0010623193,0.0010486315,0.001041154,0.0010519417,0.001057723,0.0010694881,0.0,0.0,0.0010486315,0.0010325393,0.001022953,0.0010332605,0.0011088074,0.0,0.0010623193,0.0010486315,0.0010411541,0.0010519417,0.001057723,0.0010694877,0.0010741854,0.0010623215,0.0010486318,0.0010411541,0.0010519419,0.001057723,0.0010694909
k__Bacteria|p__Firmicutes|c__Tissierellia|o__Tissierellales|f__Peptoniphilaceae|g__Peptoniphilus|s__Peptoniphilus_phoceensis,0.0,0.0010587984,0.001045066,0.0010375978,0.0010485188,0.0010544102,0.0010663023,0.0,0.0010587985,0.001045066,0.0010375978,0.0010485188,0.0010544102,0.0010663023,0.0,0.0,0.0010450803,0.0010289405,0.0010193562,0.001029785,0.0011057672,0.0010705857,0.0,0.001045066,0.0010289323,0.0010193555,0.0010297853,0.0011057663,0.0,0.0,0.001045066,0.0010289323,0.0010193555,0.0010297853,0.0011057662,0.0010705405,0.0010587985,0.001045066,0.0010375978,0.0010485188,0.0010544102,0.0010663022,0.0,0.0010587991,0.001045066,0.0010375978,0.0010485188,0.0010544102,0.0010663032,0.0010705406,0.0010587985,0.001045066,0.0010375978,0.0010485188,0.0010544102,0.0010663023,0.0,0.0010587986,0.001045067,0.0010375979,0.0010485188,0.0010544102,0.001066303,0.0,0.0010587985,0.001045066,0.0010375978,0.0010485188,0.0010544102,0.0010663023,0.0,0.0010587985,0.0,0.0010289323,0.0010098956,0.0010661652,0.0010774801,0.0,0.0010587985,0.001045066,0.0010375978,0.0010485188,0.0010544102,0.0010663026,0.0,0.0,0.0,0.0010289323,0.0010098956,0.0010661652,0.0010887069,0.0010705529,0.0010587985,0.0,0.0010289323,0.0010098956,0.0010661652,0.0010774881,0.0010706428,0.0,0.0,0.0010289324,0.0010098956,0.0010661652,0.0010887064,0.0010705737,0.0,0.001045066,0.0,0.0010587985,0.001045066,0.0010661653,0.0010705441,0.0,0.0,0.0010289323,0.0010098956,0.0010661652,0.0010887051,0.0,0.0010587998,0.0,0.0010289323,0.0010098956,0.0010661652,0.0010774789,0.0,0.0,0.001045067,0.0010587999,0.0,0.0010289323,0.0010587989,0.0010705664,0.0010587986,0.0,0.0010289322,0.0010098956,0.0010661652,0.0010774784,0.0,0.0,0.001045066,0.0010289323,0.0010193555,0.0010297853,0.0011057669,0.0,0.0,0.001045066,0.0,0.0010587985,0.001045066,0.0010661652,0.0,0.0010588011,0.0,0.0010587986,0.0,0.0010587985,0.0010450664,0.0,0.0,0.0010450796,0.0010289344,0.0010193555,0.0010297853,0.0011057669,0.0,0.0010588347,0.0010588025,0.001053038,0.0010642316,0.0,0.0009873668,0.0,0.0010588005,0.001045067,0.0,0.0010587986,0.001045066,0.0010376011,0.0010705474,0.0010587985,0.001045066,0.0,0.0010587985,0.001045066,0.0010375992,0.0,0.0010587986,0.001045066,0.0010375978,0.0010485188,0.0010544102,0.0010663023,0.0010705404,0.0010587985,0.001045066,0.0010375978,0.0010485188,0.0010544102,0.0010663023,0.0010705785,0.0,0.0,0.0010289323,0.0010098956,0.0010661652,0.0010887051,0.001070548,0.0,0.001045066,0.0010289323,0.0010193555,0.0010297853,0.0011057666,0.0,0.0010587986,0.0,0.0010289323,0.0010098956,0.0010661652,0.0010774783,0.0010705616,0.0,0.001045066,0.0010289323,0.0010193555,0.0010297853,0.0011057758,0.0,0.0010587985,0.001045066,0.0010375978,0.0010485188,0.0010544102,0.001066304,0.0010705416,0.0010587985,0.001045066,0.0010375978,0.0010485188,0.0010544102,0.0010663022,0.0,0.0010587989,0.0010450663,0.0010375978,0.0010485188,0.0010544102,0.0010663023,0.0,0.0,0.001045066,0.0010289323,0.0010193555,0.0010297853,0.0011057665,0.0010705432,0.0010587985,0.0,0.0,0.0010587986,0.0010587985,0.0010530382,0.0010705877,0.0,0.0010450664,0.0,0.0010587986,0.001045066,0.0010661698,0.0010707013,0.0019172424,0.0010587986,0.0010450663,0.0010375978,0.0,0.0010587993,0.0,0.0010587984,0.0,0.0010289323,0.0010098956,0.0010661653,0.0010774866,0.0010705476,0.0,0.001045066,0.0010289323,0.0010193555,0.0010297858,0.0011058319,0.001070559,0.0,0.0,0.0010289323,0.0010098956,0.0010661652,0.001088705,0.0,0.0010587986,0.001045066,0.0010375978,0.0010485188,0.0010544102,0.0010663023,0.0010705651,0.0010587986,0.001045066,0.0,0.0010587985,0.001045066,0.0010375992,0.0010705435,0.0,0.0010450663,0.0010289323,0.0010193555,0.0010297853,0.0011057685,0.0010705448,0.0,0.001045066,0.0010289323,0.0010193555,0.0010297853,0.001105769,0.0,0.0010587986,0.0010587986,0.0010530379,0.0010642317,0.0,0.0009874045,0.0010705865,0.0,0.001045066,0.0010289323,0.0010193555,0.0010297853,0.0011057662,0.0010705461,0.0,0.0,0.0010289323,0.0010098956,0.0010661652,0.0010887065,0.0010706359,0.0010587993,0.0,0.0010289333,0.0010098956,0.0010661653,0.0010774867,0.0,0.0010587986,0.001045066,0.0010375978,0.0010485188,0.0010544102,0.0010663022,0.0,0.0010587994,0.0,0.0010289323,0.0010098956,0.0010661652,0.0010774783,0.0,0.0010587985,0.0010450664,0.0010375978,0.0010485188,0.0010544102,0.0010663023,0.00107056,0.0010587985,0.0010450663,0.001037598,0.0010485188,0.0010544102,0.0010663026,0.0,0.0,0.0,0.0010289323,0.0010098956,0.0010661652,0.0010887057,0.0010705399,0.0010587985,0.0,0.0010289323,0.0010098956,0.0010661652,0.0010774795,0.0010705541,0.0010587986,0.001045066,0.0010661652,0.0,0.0010289323,0.0010098957,0.0,0.0010587985,0.001045066,0.0010375978,0.0010485188,0.0010544102,0.0010663035,0.0,0.0010587985,0.001045066,0.0010375978,0.0010485188,0.0010544102,0.0010663026,0.0,0.0010587991,0.0010450663,0.0010375978,0.0010485188,0.0010544102,0.0010663046,0.0010705519,0.0010587985,0.001045066,0.0010375978,0.0010485188,0.0010544102,0.0010663028,0.0,0.0,0.001045066,0.0010289323,0.0010193555,0.0010297853,0.0011057669,0.0,0.0010587985,0.001045066,0.0010375978,0.0010485188,0.0010544102,0.0010663023,0.0010707817,0.0010587996,0.001045066,0.0010375978,0.0010485188,0.0010544102,0.0010663053
k__Bacteria|p__Firmicutes|c__Clostridia|o__Eubacteriales|f__Oscillospiraceae|g__Oscillospiraceae_unclassified|s__Clostridium_leptum,0.0,0.0010596995,0.0010458132,0.0010380999,0.0010485621,0.0010540083,0.0010655764,0.0,0.0010596997,0.0010458132,0.0010380999,0.0010485621,0.0010540083,0.0010655767,0.0,0.0,0.0010458258,0.0010295241,0.0010196861,0.0010296489,0.0011060273,0.0010715962,0.0,0.0010458132,0.0010295161,0.0010196853,0.0010296489,0.0011060273,0.0,0.0,0.0010458132,0.0010295161,0.0010196853,0.0010296489,0.0011060273,0.0010715858,0.0010596996,0.0010458132,0.0010380999,0.0010485621,0.0010540083,0.0010655766,0.0,0.0010597,0.0010458133,0.0010380999,0.0010485621,0.0010540083,0.001065577,0.001071586,0.0010596996,0.0010458132,0.0010380999,0.0010485621,0.0010540083,0.0010655764,0.0,0.0010597,0.0010458139,0.0010380999,0.0010485621,0.0010540083,0.0010655768,0.0,0.0010596997,0.0010458132,0.0010380999,0.0010485621,0.0010540083,0.0010655766,0.0,0.0010596997,0.0,0.0010295161,0.001010307,0.0010669836,0.0010778557,0.0,0.0010596996,0.0010458132,0.0010380999,0.0010485621,0.0010540083,0.0010655769,0.0,0.0,0.0,0.0010295161,0.001010307,0.0010669836,0.0010892346,0.0010715888,0.0010596997,0.0,0.0010295161,0.001010307,0.0010669836,0.0010778585,0.001071614,0.0,0.0,0.0010295161,0.001010307,0.0010669836,0.0010892343,0.0010715955,0.0,0.0010458132,0.0,0.0010596996,0.0010458132,0.0010669836,0.0010715874,0.0,0.0,0.0010295161,0.001010307,0.0010669836,0.0010892332,0.0,0.0010597009,0.0,0.0010295161,0.001010307,0.0010669836,0.0010778544,0.0,0.0,0.0010458141,0.001059701,0.0,0.0010295161,0.0010596997,0.0010716022,0.0010597,0.0,0.001029516,0.001010307,0.0010669836,0.0010778543,0.0,0.0,0.0010458134,0.0010295161,0.0010196853,0.0010296489,0.0011060274,0.0,0.0,0.0010458132,0.0,0.0010596996,0.0010458132,0.0010669837,0.0,0.0010597027,0.0,0.0010596997,0.0,0.0010596996,0.0010458133,0.0,0.0,0.0010458288,0.0010295181,0.0010196854,0.0010296489,0.0011060274,0.0,0.0010597276,0.0010597028,0.0010537029,0.0010644457,0.0,0.0009875929,0.0,0.0010597013,0.0010458141,0.0,0.0010597,0.0010458133,0.001038102,0.0010715892,0.0010596996,0.0010458132,0.0,0.0010596996,0.0010458132,0.0010381006,0.0,0.0010596997,0.0010458133,0.0010380999,0.0010485621,0.0010540083,0.0010655766,0.0010715859,0.0010596996,0.0010458132,0.0010380999,0.0010485621,0.0010540083,0.0010655767,0.0010715984,0.0,0.0,0.0010295161,0.001010307,0.0010669836,0.0010892331,0.0010715885,0.0,0.0010458132,0.0010295161,0.0010196853,0.0010296489,0.0011060272,0.0,0.0010596997,0.0,0.0010295161,0.001010307,0.0010669836,0.0010778542,0.0010715922,0.0,0.0010458132,0.0010295161,0.0010196856,0.0010296487,0.0011060315,0.0,0.0010596996,0.0010458132,0.0010380999,0.0010485621,0.0010540083,0.0010655775,0.001071586,0.0010596996,0.0010458132,0.0010380999,0.0010485621,0.0010540083,0.0010655766,0.0,0.0010597002,0.0010458133,0.0010380999,0.0010485621,0.0010540083,0.0010655764,0.0,0.0,0.0010458132,0.0010295161,0.0010196853,0.0010296489,0.0011060273,0.001071586,0.0010596996,0.0,0.0,0.0010596997,0.0010596997,0.0010537031,0.0010715964,0.0,0.0010458137,0.0,0.0010596997,0.0010458132,0.0010669868,0.0010716288,0.0,0.0010596997,0.0010458133,0.0010380999,0.0,0.0010597003,0.0,0.0010596995,0.0,0.0010295161,0.001010307,0.0010669836,0.0010778593,0.001071589,0.0,0.0010458132,0.0010295161,0.0010196854,0.0010296493,0.0011060713,0.0010715945,0.0,0.0,0.0010295161,0.001010307,0.0010669836,0.0010892332,0.0,0.0010596997,0.0010458133,0.0010380999,0.0010485621,0.0010540083,0.0010655767,0.0010715731,0.0010596997,0.0010458133,0.0,0.0010596996,0.0010458132,0.0010381007,0.0010715869,0.0,0.0010458133,0.0010295161,0.0010196856,0.0010296489,0.0011060288,0.0010715876,0.0,0.0010458133,0.0010295161,0.0010196854,0.001029649,0.0011060283,0.0,0.0010596997,0.0010597,0.0010537026,0.0010644459,0.0,0.0009876278,0.0010715977,0.0,0.0010458133,0.0010295161,0.0010196853,0.0010296489,0.0011060273,0.001071588,0.0,0.0,0.0010295161,0.001010307,0.0010669836,0.0010892344,0.0010716112,0.0010597002,0.0,0.0010295169,0.001010307,0.0010669836,0.0010778593,0.0,0.0010596997,0.0010458133,0.0010380999,0.0010485621,0.0010540083,0.0010655766,0.0,0.0010597007,0.0,0.0010295161,0.001010307,0.0010669836,0.0010778542,0.0,0.0010596999,0.0010458134,0.0010380999,0.0010485621,0.0010540083,0.0010655768,0.0010715919,0.0010596996,0.0010458133,0.0010381,0.0010485621,0.0010540083,0.0010655766,0.0,0.0,0.0,0.0010295161,0.001010307,0.0010669836,0.0010892334,0.0010715858,0.0010596996,0.0,0.0010295161,0.001010307,0.0010669836,0.0010778547,0.0010715903,0.0010596997,0.0010458132,0.0010669836,0.0,0.0010295161,0.001010307,0.0,0.0010596996,0.0010458132,0.0010380999,0.0010485621,0.0010540083,0.0010655771,0.0,0.0010596996,0.0010458132,0.0010380999,0.0010485621,0.0010540083,0.0010655768,0.0,0.0010597002,0.0010458133,0.0010380999,0.0010485621,0.0010540083,0.0010655781,0.0010715902,0.0010596996,0.0010458132,0.0010380999,0.0010485621,0.0010540083,0.0010655769,0.0,0.0,0.0010458132,0.0010295161,0.0010196853,0.0010296489,0.0011060274,0.0,0.0010596996,0.0010458132,0.0010380999,0.0010485621,0.0010540083,0.0010655767,0.0010716586,0.001059701,0.0010458133,0.0010380999,0.0010485621,0.0010540083,0.0010655782
k__Bacteria|p__Firmicutes|c__Clostridia|o__Eubacteriales|f__Eubacteriales_unclassified|g__Gemmiger|s__Gemmiger_formicilis,0.0,0.0010588537,0.001045228,0.0010379148,0.0010491052,0.0010552618,0.0010673382,0.0,0.0010588538,0.001045228,0.0010379148,0.0010491052,0.0010552618,0.0010673383,0.0,0.0,0.0010452442,0.0010292175,0.0010197903,0.0010304957,0.001106145,0.0010705079,0.0,0.001045228,0.0010292059,0.0010197896,0.0010304957,0.0011061447,0.0,0.0,0.001045228,0.0010292059,0.0010197896,0.0010304957,0.0011061447,0.001070495,0.0010588538,0.001045228,0.0010379148,0.0010491052,0.0010552618,0.001067338,0.0,0.001058854,0.001045228,0.0010379148,0.0010491052,0.0010552618,0.001067338,0.0010704951,0.0010588538,0.001045228,0.0010379148,0.0010491052,0.0010552618,0.0010673382,0.0,0.0010588539,0.0010452283,0.0010379149,0.0010491052,0.0010552618,0.0010673385,0.0,0.0010588538,0.001045228,0.0010379148,0.0010491052,0.0010552618,0.0010673382,0.0,0.0010588538,0.0,0.0010292059,0.0010102858,0.001066263,0.0010778317,0.0,0.0010588538,0.001045228,0.0010379148,0.0010491052,0.0010552618,0.0010673382,0.0,0.0,0.0,0.0010292059,0.0010102858,0.001066263,0.0010889507,0.0010704974,0.0010588538,0.0,0.0010292059,0.0010102858,0.001066263,0.0010778351,0.0010705357,0.0,0.0,0.0010292061,0.0010102858,0.001066263,0.0010889504,0.0010705064,0.0,0.001045228,0.0,0.0010588538,0.001045228,0.0010662628,0.0010704967,0.0,0.0,0.0010292059,0.0010102858,0.001066263,0.0010889499,0.0,0.0010588553,0.0,0.0010292059,0.0010102858,0.001066263,0.001077831,0.0,0.0,0.0010452284,0.001058855,0.0,0.0010292059,0.0010588539,0.0010705149,0.0010588542,0.0,0.0010292057,0.0010102858,0.001066263,0.0010778311,0.0,0.0,0.0010452281,0.0010292059,0.0010197896,0.0010304957,0.0011061452,0.0,0.0,0.001045228,0.0,0.0010588538,0.001045228,0.0010662628,0.0,0.0010588577,0.0,0.0010588539,0.0,0.0010588538,0.0010452281,0.0,0.0,0.0010452474,0.0010292091,0.0010197897,0.0010304957,0.0011061447,0.0,0.001058903,0.0010588587,0.0010532427,0.0010646984,0.0,0.0009878697,0.0,0.001058856,0.0010452287,0.0,0.0010588543,0.001045228,0.0010379163,0.0010704973,0.0010588538,0.001045228,0.0,0.0010588538,0.001045228,0.0010379155,0.0,0.0010588539,0.0010452281,0.0010379148,0.0010491052,0.0010552618,0.0010673383,0.0010704948,0.0010588538,0.001045228,0.0010379148,0.0010491052,0.0010552618,0.0010673382,0.0010705084,0.0,0.0,0.0010292059,0.0010102858,0.001066263,0.0010889497,0.0010704997,0.0,0.001045228,0.0010292059,0.0010197896,0.0010304957,0.0011061449,0.0,0.0010588539,0.0,0.0010292059,0.0010102858,0.001066263,0.0010778311,0.0010705028,0.0,0.001045228,0.0010292059,0.0010197896,0.0010304957,0.0011061481,0.0,0.0010588538,0.001045228,0.0010379148,0.0010491052,0.0010552618,0.0010673387,0.0010704951,0.0010588538,0.001045228,0.0010379148,0.0010491052,0.0010552618,0.001067338,0.0,0.0010588544,0.001045228,0.0010379148,0.0010491052,0.0010552618,0.0010673382,0.0,0.0,0.001045228,0.0010292059,0.0010197896,0.0010304957,0.0011061449,0.0010704955,0.0010588538,0.0,0.0,0.0010588539,0.0010588538,0.0010532425,0.0010705105,0.0,0.0010452281,0.0,0.0010588539,0.001045228,0.0010662638,0.001070557,0.0,0.0010588539,0.001045228,0.0010379148,0.0,0.0010588543,0.0,0.0010588537,0.0,0.0010292059,0.0010102858,0.001066263,0.0010778331,0.0010704978,0.0,0.001045228,0.0010292059,0.0010197897,0.0010304961,0.0011061715,0.0010705043,0.0,0.0,0.0010292059,0.0010102858,0.001066263,0.0010889499,0.0,0.0010588539,0.0010452281,0.0010379148,0.0010491052,0.0010552618,0.0010673383,0.0010704797,0.0010588538,0.001045228,0.0,0.0010588537,0.001045228,0.0010379154,0.0010704964,0.0,0.001045228,0.0010292059,0.0010197896,0.0010304957,0.0011061451,0.0010704966,0.0,0.0010452281,0.0010292059,0.0010197897,0.0010304959,0.0011061454,0.0,0.0010588538,0.001058854,0.0010532422,0.0010646983,0.0,0.0009878976,0.001070514,0.0,0.001045228,0.0010292059,0.0010197896,0.0010304957,0.0011061447,0.0010704971,0.0,0.0,0.0010292059,0.0010102858,0.001066263,0.0010889506,0.0010705253,0.0010588546,0.0,0.0010292069,0.0010102863,0.001066263,0.0010778339,0.0,0.0010588538,0.001045228,0.0010379148,0.0010491052,0.0010552618,0.001067338,0.0,0.001058855,0.0,0.0010292059,0.0010102858,0.001066263,0.0010778311,0.0,0.0010588539,0.0010452281,0.0010379148,0.0010491052,0.0010552618,0.0010673382,0.001070502,0.0010588538,0.001045228,0.0010379149,0.0010491052,0.0010552618,0.0010673382,0.0,0.0,0.0,0.0010292059,0.0010102858,0.001066263,0.0010889502,0.0010704948,0.0010588538,0.0,0.0010292059,0.0010102858,0.001066263,0.0010778315,0.0010705008,0.0010588538,0.001045228,0.001066263,0.0,0.0010292059,0.0010102858,0.0,0.0010588538,0.001045228,0.0010379148,0.0010491052,0.0010552618,0.0010673384,0.0,0.0010588538,0.001045228,0.0010379148,0.0010491052,0.0010552618,0.0010673383,0.0,0.0010588543,0.001045228,0.0010379148,0.0010491052,0.0010552618,0.0010673387,0.0010705012,0.0010588538,0.001045228,0.0010379148,0.0010491052,0.0010552618,0.0010673384,0.0,0.0,0.001045228,0.0010292059,0.0010197896,0.0010304957,0.001106145,0.0,0.0010588538,0.001045228,0.0010379148,0.0010491052,0.0010552618,0.0010673382,0.001070601,0.0010588554,0.001045228,0.0010379148,0.0010491052,0.0010552618,0.0010673387
k__Bacteria|p__Firmicutes|c__Clostridia|o__Eubacteriales|f__Lachnospiraceae|g__Lachnospiraceae_unclassified|s__Lachnospiraceae_bacterium_oral_taxon_096,0.0,0.0010598256,0.0010461223,0.0010386746,0.0010495973,0.0010554965,0.0010673795,0.0,0.0010598258,0.0010461223,0.0010386746,0.0010495973,0.0010554965,0.0010673794,0.0,0.0,0.0010461385,0.001030028,0.0010204621,0.0010308973,0.0011067044,0.0010715515,0.0,0.0010461223,0.001030017,0.0010204614,0.0010308973,0.0011067033,0.0,0.0,0.0010461223,0.001030017,0.0010204614,0.0010308973,0.001106703,0.0010715391,0.0010598258,0.0010461223,0.0010386746,0.0010495973,0.0010554965,0.0010673794,0.0,0.0010598261,0.0010461223,0.0010386746,0.0010495973,0.0010554965,0.0010673807,0.001071539,0.0010598258,0.0010461223,0.0010386746,0.0010495973,0.0010554965,0.0010673794,0.0,0.0010598259,0.0010461231,0.0010386746,0.0010495973,0.0010554965,0.0010673801,0.0,0.0010598258,0.0010461223,0.0010386746,0.0010495973,0.0010554965,0.0010673795,0.0,0.0010598258,0.0,0.001030017,0.001011008,0.0010671817,0.0010784912,0.0,0.0010598258,0.0010461223,0.0010386745,0.0010495973,0.0010554965,0.0010673804,0.0,0.0,0.0,0.001030017,0.001011008,0.0010671817,0.0010896845,0.0010715431,0.0010598258,0.0,0.001030017,0.001011008,0.0010671817,0.0010784994,0.0010715723,0.0,0.0,0.0010300173,0.001011008,0.0010671817,0.0010896842,0.0010715497,0.0,0.0010461223,0.0,0.0010598258,0.0010461223,0.0010671819,0.0010715408,0.0,0.0,0.001030017,0.001011008,0.0010671817,0.0010896819,0.0,0.0010598273,0.0,0.001030017,0.001011008,0.0010671817,0.0010784888,0.0,0.0,0.0010461234,0.001059827,0.0,0.001030017,0.0010598261,0.0010715548,0.0010598259,0.0,0.001030017,0.001011008,0.0010671817,0.0010784885,0.0,0.0,0.0010461223,0.001030017,0.0010204614,0.0010308973,0.0011067037,0.0,0.0,0.0010461223,0.0,0.0010598258,0.0010461223,0.0010671819,0.0,0.0010598298,0.0,0.0010598259,0.0,0.0010598258,0.0010461223,0.0,0.0,0.0010461394,0.0010300191,0.0010204614,0.0010308973,0.0011067041,0.0,0.0010598624,0.00105983,0.0010540849,0.0010652757,0.0,0.0009885101,0.0,0.0010598279,0.0010461231,0.0,0.0010598259,0.0010461223,0.0010386785,0.0010715424,0.0010598258,0.0010461223,0.0,0.0010598258,0.0010461223,0.0010386759,0.0,0.0010598259,0.0010461223,0.0010386745,0.0010495973,0.0010554965,0.0010673795,0.0010715389,0.0010598258,0.0010461223,0.0010386746,0.0010495973,0.0010554965,0.0010673795,0.0010715532,0.0,0.0,0.001030017,0.001011008,0.0010671817,0.0010896818,0.0010715412,0.0,0.0010461223,0.001030017,0.0010204614,0.0010308973,0.0011067034,0.0,0.0010598259,0.0,0.001030017,0.001011008,0.0010671817,0.0010784881,0.001071549,0.0,0.0010461223,0.001030017,0.0010204614,0.0010308973,0.001106716,0.0,0.0010598258,0.0010461223,0.0010386746,0.0010495973,0.0010554965,0.0010673815,0.001071539,0.0010598258,0.0010461223,0.0010386746,0.0010495973,0.0010554965,0.0010673794,0.0,0.0010598261,0.0010461223,0.0010386745,0.0010495973,0.0010554965,0.0010673795,0.0,0.0,0.0010461223,0.001030017,0.0010204614,0.0010308973,0.0011067033,0.001071539,0.0010598258,0.0,0.0,0.0010598259,0.0010598258,0.0010540851,0.0010715545,0.0,0.0010461226,0.0,0.0010598259,0.0010461223,0.0010671881,0.0010715924,0.0,0.0010598259,0.0010461223,0.0010386745,0.0,0.0010598267,0.0,0.0010598256,0.0,0.001030017,0.001011008,0.0010671817,0.0010785002,0.0010715425,0.0,0.0010461223,0.001030017,0.0010204614,0.0010308978,0.001106801,0.0010715504,0.0,0.0,0.001030017,0.001011008,0.0010671817,0.0010896814,0.0,0.0010598259,0.0010461223,0.0010386746,0.0010495973,0.0010554965,0.0010673794,0.0010715221,0.0010598258,0.0010461223,0.0,0.0010598256,0.0010461223,0.0010386759,0.0010715399,0.0,0.0010461223,0.0010300173,0.0010204614,0.0010308973,0.0011067069,0.001071541,0.0,0.0010461223,0.001030017,0.0010204614,0.0010308975,0.0011067066,0.0,0.0010598258,0.0010598259,0.0010540843,0.0010652759,0.0,0.0009885649,0.00107155,0.0,0.0010461223,0.001030017,0.0010204614,0.0010308973,0.001106703,0.0010715417,0.0,0.0,0.001030017,0.001011008,0.0010671817,0.0010896843,0.0010715683,0.0010598263,0.0,0.001030018,0.0010110082,0.0010671818,0.0010784996,0.0,0.0010598258,0.0010461223,0.0010386745,0.0010495973,0.0010554965,0.0010673794,0.0,0.001059827,0.0,0.001030017,0.001011008,0.0010671817,0.0010784884,0.0,0.0010598258,0.0010461223,0.0010386745,0.0010495973,0.0010554965,0.0010673794,0.0010715487,0.0010598258,0.0010461223,0.0010386746,0.0010495973,0.0010554965,0.0010673798,0.0,0.0,0.0,0.001030017,0.001011008,0.0010671817,0.0010896826,0.0010715388,0.0010598258,0.0,0.001030017,0.001011008,0.0010671817,0.0010784896,0.0010715452,0.0010598258,0.0010461223,0.0010671817,0.0,0.001030017,0.0010110083,0.0,0.0010598258,0.0010461223,0.0010386745,0.0010495973,0.0010554965,0.0010673809,0.0,0.0010598258,0.0010461223,0.0010386745,0.0010495973,0.0010554965,0.0010673798,0.0,0.0010598262,0.0010461223,0.0010386745,0.0010495973,0.0010554965,0.0010673831,0.0010715426,0.0010598258,0.0010461223,0.0010386745,0.0010495973,0.0010554965,0.0010673803,0.0,0.0,0.0010461223,0.001030017,0.0010204614,0.0010308973,0.0011067039,0.0,0.0010598258,0.0010461223,0.0010386746,0.0010495973,0.0010554965,0.0010673795,0.0010716378,0.0010598273,0.0010461223,0.0010386744,0.0010495973,0.0010554965,0.001067384
k__Bacteria|p__Firmicutes|c__Clostridia|o__Eubacteriales|f__Lachnospiraceae|g__Enterocloster|s__Enterocloster_asparagiformis,0.0,0.0010612372,0.0010476395,0.0010403167,0.0010514111,0.0010574874,0.0010694736,0.0,0.0010612376,0.0010476395,0.0010403167,0.0010514111,0.0010574874,0.0010694737,0.0,0.0,0.0010476433,0.0010316451,0.0010222172,0.0010328346,0.0011081967,0.0010728708,0.0,0.0010476395,0.0010316434,0.0010222171,0.0010328346,0.0011081963,0.0,0.0,0.0010476395,0.0010316434,0.0010222171,0.0010328346,0.0011081963,0.0010728496,0.0010612375,0.0010476395,0.0010403167,0.0010514111,0.0010574874,0.0010694736,0.0,0.0010612379,0.0010476396,0.0010403167,0.0010514111,0.0010574874,0.0010694745,0.0010728496,0.0010612375,0.0010476395,0.0010403167,0.0010514111,0.0010574874,0.0010694736,0.0,0.0010612374,0.0010476398,0.0010403168,0.0010514111,0.0010574874,0.001069474,0.0,0.0010612376,0.0010476395,0.0010403167,0.0010514111,0.0010574874,0.0010694737,0.0,0.0010612376,0.0,0.0010316434,0.0010127452,0.001068606,0.0010800648,0.0,0.0010612375,0.0010476395,0.0010403167,0.0010514111,0.0010574874,0.0010694738,0.0,0.0,0.0,0.0010316434,0.0010127452,0.001068606,0.0010911449,0.0010728568,0.0010612376,0.0,0.0010316434,0.0010127452,0.0010686057,0.0010800671,0.0010728937,0.0,0.0,0.0010316431,0.0010127452,0.001068606,0.001091145,0.0010728666,0.0,0.0010476395,0.0,0.0010612375,0.0010476395,0.001068606,0.0010728511,0.0,0.0,0.0010316434,0.0010127452,0.001068606,0.0010911444,0.0,0.0010612375,0.0,0.0010316431,0.0010127452,0.001068606,0.001080064,0.0,0.0,0.0010476398,0.0010612378,0.0,0.0010316434,0.0010612376,0.0010728561,0.0010612374,0.0,0.0010316434,0.0010127452,0.001068606,0.0010800636,0.0,0.0,0.0010476398,0.0010316434,0.0010222171,0.0010328346,0.0011081968,0.0,0.0,0.0010476395,0.0,0.0010612375,0.0010476395,0.001068606,0.0,0.0010612371,0.0,0.0010612376,0.0,0.0010612375,0.0010476396,0.0,0.0,0.00104764,0.001031643,0.0010222169,0.0010328346,0.0011081962,0.0,0.0010612444,0.001061238,0.0010556157,0.0010669685,0.0,0.0009903469,0.0,0.0010612378,0.0010476395,0.0,0.0010612375,0.0010476395,0.0010403185,0.0010728531,0.0010612375,0.0010476395,0.0,0.0010612375,0.0010476395,0.0010403176,0.0,0.0010612378,0.0010476396,0.0010403167,0.0010514111,0.0010574874,0.0010694736,0.0010728496,0.0010612375,0.0010476395,0.0010403167,0.0010514111,0.0010574874,0.0010694737,0.0010728664,0.0,0.0,0.0010316434,0.0010127452,0.001068606,0.0010911444,0.0010728516,0.0,0.0010476395,0.0010316434,0.0010222171,0.0010328346,0.0011081964,0.0,0.0010612376,0.0,0.0010316434,0.0010127452,0.001068606,0.0010800636,0.0010728599,0.0,0.0010476395,0.0010316434,0.0010222171,0.0010328346,0.001108201,0.0,0.0010612375,0.0010476395,0.0010403167,0.0010514111,0.0010574874,0.0010694746,0.0010728501,0.0010612375,0.0010476395,0.0010403167,0.0010514111,0.0010574874,0.0010694736,0.0,0.0010612376,0.0010476395,0.0010403167,0.0010514111,0.0010574874,0.0010694736,0.0,0.0,0.0010476395,0.0010316434,0.0010222171,0.0010328346,0.0011081964,0.0010728512,0.0010612375,0.0,0.0,0.0010612376,0.0010612376,0.001055616,0.0010728721,0.0,0.0010476396,0.0,0.0010612376,0.0010476395,0.0010686091,0.0010729239,0.0,0.0010612374,0.0010476395,0.0010403167,0.0,0.001061238,0.0,0.0010612374,0.0,0.0010316434,0.0010127452,0.001068606,0.0010800691,0.0010728524,0.0,0.0010476395,0.0010316434,0.0010222171,0.001032835,0.0011082302,0.0010728549,0.0,0.0,0.0010316434,0.0010127452,0.001068606,0.0010911444,0.0,0.0010612376,0.0010476396,0.0010403167,0.0010514111,0.0010574874,0.0010694737,0.0010728798,0.0010612378,0.0010476395,0.0034330948,0.0010612376,0.0010476395,0.0010403175,0.0010728508,0.0,0.0010476395,0.0010316435,0.0010222171,0.0010328346,0.0011081973,0.001072851,0.0,0.0010476396,0.0010316434,0.0010222169,0.0010328348,0.0011081973,0.0,0.0010612375,0.0010612375,0.0010556158,0.0010669684,0.0,0.0009903744,0.0010728722,0.0,0.0010476395,0.0010316434,0.0010222171,0.0010328346,0.0011081963,0.0010728523,0.0,0.0,0.0010316434,0.0010127452,0.0010686057,0.0010911447,0.0010728898,0.0010612374,0.0,0.0010316435,0.0010127452,0.0010686057,0.0010800683,0.0,0.0010612378,0.0010476395,0.0010403167,0.0010514111,0.0010574874,0.0010694736,0.0,0.0010612374,0.0,0.0010316431,0.0010127452,0.001068606,0.0010800636,0.0,0.0010612376,0.0010476398,0.0010403167,0.0010514111,0.0010574874,0.0010694736,0.0010728567,0.0010612373,0.0010476395,0.0010403168,0.0010514111,0.0010574874,0.0010694737,0.0,0.0,0.0,0.0010316434,0.0010127452,0.001068606,0.0010911449,0.0010728493,0.0010612375,0.0,0.0010316434,0.0010127452,0.001068606,0.001080064,0.0010728544,0.0010612378,0.0010476395,0.001068606,0.0,0.0010316434,0.0010127453,0.0,0.0010612375,0.0010476395,0.0010403167,0.0010514111,0.0010574874,0.0010694739,0.0,0.0010612375,0.0010476395,0.0010403167,0.0010514111,0.0010574874,0.0010694735,0.0,0.0010612376,0.0010476395,0.0010403167,0.0010514111,0.0010574874,0.001069475,0.0010728533,0.0010612375,0.0010476395,0.0010403167,0.0010514111,0.0010574874,0.0010694739,0.0,0.0,0.0010476395,0.0010316434,0.0010222171,0.0010328346,0.0011081966,0.0,0.0010612375,0.0010476395,0.0010403167,0.0010514111,0.0010574874,0.0010694737,0.0010729644,0.0010612376,0.0010476395,0.0010403165,0.0010514111,0.0010574874,0.0010694752
k__Bacteria|p__Firmicutes|c__CFGB76352|o__OFGB76352|f__FGB76352|g__GGB4593|s__GGB4593_SGB6353,0.0,0.0010624299,0.0010486156,0.0010409501,0.0010514049,0.0010568602,0.0010683959,0.0,0.00106243,0.0010486156,0.0010409501,0.0010514049,0.0010568602,0.0010683959,0.0,0.0,0.0010486294,0.0010323992,0.0010226094,0.0010325761,0.0011085031,0.0010742863,0.0,0.0010486156,0.0010323898,0.001022609,0.0010325761,0.0011085022,0.0,0.0,0.0010486156,0.0010323898,0.001022609,0.0010325761,0.0011085022,0.0010742451,0.00106243,0.0010486156,0.0010409501,0.0010514049,0.0010568602,0.0010683958,0.0,0.0010624306,0.0010486159,0.0010409501,0.0010514049,0.0010568602,0.0010683963,0.0010742451,0.00106243,0.0010486156,0.0010409501,0.0010514049,0.0010568602,0.0010683958,0.0,0.0010624301,0.0010486161,0.0010409501,0.0010514049,0.0010568602,0.0010683966,0.0,0.00106243,0.0010486156,0.0010409501,0.0010514049,0.0010568602,0.0010683958,0.0,0.00106243,0.0,0.0010323898,0.0010132499,0.0010696835,0.001080527,0.0,0.00106243,0.0010486156,0.00104095,0.0010514049,0.0010568602,0.0010683963,0.0,0.0,0.0,0.0010323898,0.0010132499,0.0010696835,0.0010918223,0.001074257,0.00106243,0.0,0.0010323898,0.0010132499,0.0010696835,0.0010805336,0.0010743305,0.0,0.0,0.00103239,0.0010132499,0.0010696835,0.0010918216,0.0010742724,0.0,0.0010486156,0.0,0.00106243,0.0010486156,0.0010696837,0.0010742486,0.0,0.0,0.0010323898,0.0010132499,0.0010696835,0.0010918202,0.0,0.0010624313,0.0,0.0010323898,0.0010132499,0.0010696835,0.0010805256,0.0,0.0,0.0010486166,0.0010624314,0.0,0.0010323898,0.00106243,0.0010742734,0.0010624301,0.0,0.0010323899,0.0010132499,0.0010696835,0.0010805253,0.0,0.0,0.0010486158,0.0010323898,0.001022609,0.0010325761,0.0011085025,0.0,0.0,0.0010486156,0.0,0.00106243,0.0010486156,0.0010696837,0.0,0.0010624336,0.0,0.0010624301,0.0,0.00106243,0.0010486157,0.0,0.0,0.0010486338,0.0010323926,0.0010226088,0.0010325761,0.001108503,0.0,0.0010624607,0.0010624335,0.0010564782,0.0010672027,0.0,0.0009906038,0.0,0.0010624322,0.0010486165,0.0,0.0010624302,0.0010486157,0.0010409524,0.0010742527,0.00106243,0.0010486156,0.0,0.00106243,0.0010486156,0.0010409509,0.0,0.0010624301,0.0010486157,0.00104095,0.0010514049,0.0010568602,0.0010683958,0.001074245,0.00106243,0.0010486156,0.0010409501,0.0010514049,0.0010568602,0.0010683958,0.0010742792,0.0,0.0,0.0010323898,0.0010132499,0.0010696835,0.0010918198,0.0010742515,0.0,0.0010486156,0.0010323898,0.001022609,0.0010325761,0.0011085025,0.0,0.0010624301,0.0,0.0010323898,0.0010132499,0.0010696835,0.0010805253,0.0010742638,0.0,0.0010486156,0.0010323898,0.001022609,0.0010325761,0.0011085088,0.0,0.00106243,0.0010486156,0.0010409501,0.0010514049,0.0010568602,0.0010683973,0.001074246,0.00106243,0.0010486156,0.0010409501,0.0010514049,0.0010568602,0.0010683958,0.0,0.0010624306,0.0010486157,0.00104095,0.0010514049,0.0010568602,0.0010683959,0.0,0.0,0.0010486156,0.0010323898,0.001022609,0.0010325761,0.0011085024,0.001074248,0.00106243,0.0,0.0,0.0010624301,0.00106243,0.0010564786,0.00107429,0.0,0.0010486157,0.0,0.0010624301,0.0010486156,0.0010696857,0.0010743717,0.0,0.0010624301,0.0010486157,0.00104095,0.0,0.0010624307,0.0,0.0010624299,0.0,0.0010323898,0.0010132499,0.0010696836,0.0010805303,0.0010742524,0.0,0.0010486156,0.0010323898,0.0010226088,0.0010325767,0.0011085575,0.0010742648,0.0,0.0,0.0010323898,0.0010132499,0.0010696835,0.0010918198,0.0,0.0010624301,0.0010486157,0.0010409501,0.0010514049,0.0010568602,0.0010683959,0.0010742763,0.0010624301,0.0010486157,0.0,0.00106243,0.0010486156,0.0010409512,0.0010742481,0.0,0.0010486157,0.00103239,0.001022609,0.0010325761,0.0011085045,0.0010742496,0.0,0.0010486157,0.0010323898,0.0010226088,0.0010325763,0.001108504,0.0,0.0010624301,0.0010624302,0.0010564779,0.0010672028,0.0,0.000990646,0.0010742863,0.0,0.0010486157,0.0010323898,0.001022609,0.0010325761,0.0011085022,0.0010742514,0.0,0.0,0.0010323898,0.0010132499,0.0010696835,0.0010918218,0.0010743281,0.0010624307,0.0,0.0010323906,0.00101325,0.0010696836,0.0010805329,0.0,0.0010624301,0.0010486157,0.00104095,0.0010514049,0.0010568602,0.0010683958,0.0,0.0010624309,0.0,0.0010323898,0.0010132499,0.0010696835,0.0010805253,0.0,0.0010624301,0.0010486158,0.00104095,0.0010514049,0.0010568602,0.0010683959,0.0010742609,0.00106243,0.0010486157,0.0010409502,0.0010514049,0.0010568602,0.0010683963,0.0,0.0,0.0,0.0010323898,0.0010132499,0.0010696835,0.0010918202,0.0010742446,0.00106243,0.0,0.0010323898,0.0010132499,0.0010696835,0.0010805263,0.0010742594,0.0010624301,0.0010486156,0.0010696835,0.0,0.0010323898,0.00101325,0.0,0.00106243,0.0010486156,0.00104095,0.0010514049,0.0010568602,0.0010683968,0.0,0.00106243,0.0010486156,0.00104095,0.0010514049,0.0010568602,0.0010683961,0.0,0.0010624306,0.0010486157,0.00104095,0.0010514049,0.0010568602,0.0010683979,0.001074255,0.00106243,0.0010486156,0.00104095,0.0010514049,0.0010568602,0.0010683964,0.0,0.0,0.0010486156,0.0010323898,0.001022609,0.0010325761,0.0011085026,0.0,0.00106243,0.0010486156,0.0010409501,0.0010514049,0.0010568602,0.0010683958,0.0010744574,0.0010624314,0.0010486159,0.00104095,0.0010514049,0.0010568602,0.0010683989
k__Bacteria|p__Firmicutes|c__Bacilli|o__Lactobacillales|f__Lactobacillaceae|g__Limosilactobacillus|s__Limosilactobacillus_reuteri,0.0,0.0010647888,0.0010511858,0.0010437799,0.0010546105,0.0010604484,0.0010722169,0.0,0.0010647888,0.0010511858,0.0010437799,0.0010546105,0.0010604484,0.0010722168,0.0,0.0,0.0010512064,0.0010351933,0.0010256675,0.0010360283,0.0011111054,0.0010764473,0.0,0.0010511858,0.0010351788,0.0010256666,0.0010360283,0.0011111047,0.0,0.0,0.0010511858,0.0010351788,0.0010256666,0.0010360283,0.0011111047,0.0010764017,0.0010647888,0.0010511858,0.0010437799,0.0010546105,0.0010604484,0.0010722168,0.0,0.0010647894,0.001051186,0.0010437799,0.0010546105,0.0010604484,0.0010722171,0.0010764019,0.0010647888,0.0010511858,0.0010437799,0.0010546105,0.0010604484,0.0010722169,0.0,0.0010647889,0.0010511866,0.0010437802,0.0010546105,0.0010604484,0.0010722178,0.0,0.0010647888,0.0010511858,0.0010437799,0.0010546105,0.0010604484,0.0010722169,0.0,0.0010647888,0.0,0.0010351788,0.001016262,0.0010720771,0.001083257,0.0,0.0010647888,0.0010511858,0.0010437799,0.0010546105,0.0010604484,0.0010722171,0.0,0.0,0.0,0.0010351788,0.001016262,0.0010720771,0.0010943286,0.0010764132,0.0010647888,0.0,0.0010351788,0.001016262,0.0010720771,0.0010832625,0.0010764791,0.0,0.0,0.0010351789,0.001016262,0.0010720771,0.0010943277,0.0010764325,0.0,0.0010511858,0.0,0.0010647888,0.0010511858,0.0010720771,0.0010764052,0.0,0.0,0.0010351788,0.001016262,0.0010720771,0.0010943271,0.0,0.0010647906,0.0,0.0010351788,0.001016262,0.0010720771,0.0010832557,0.0,0.0,0.0010511868,0.0010647898,0.0,0.0010351788,0.0010647889,0.0010764329,0.0010647892,0.0,0.0010351788,0.001016262,0.0010720771,0.0010832556,0.0,0.0,0.0010511862,0.0010351788,0.0010256666,0.0010360283,0.0011111051,0.0,0.0,0.0010511858,0.0,0.0010647888,0.0010511858,0.001072077,0.0,0.0010647943,0.0,0.0010647889,0.0,0.0010647888,0.0010511859,0.0,0.0,0.0010512084,0.0010351826,0.0010256667,0.0010360283,0.0011111056,0.0,0.0010648435,0.0010647952,0.0010590862,0.0010701666,0.0,0.0009938385,0.0,0.0010647912,0.0010511869,0.0,0.0010647892,0.0010511862,0.0010437827,0.0010764113,0.0010647888,0.0010511858,0.0,0.0010647888,0.0010511858,0.0010437808,0.0,0.001064789,0.0010511859,0.0010437799,0.0010546105,0.0010604484,0.0010722169,0.0010764017,0.0010647888,0.0010511858,0.0010437799,0.0010546105,0.0010604484,0.0010722169,0.0010764301,0.0,0.0,0.0010351788,0.001016262,0.0010720771,0.001094327,0.0010764078,0.0,0.0010511858,0.0010351788,0.0010256666,0.0010360283,0.001111105,0.0,0.0010647889,0.0,0.0010351788,0.001016262,0.0010720771,0.0010832555,0.0010764231,0.0,0.0010511858,0.0010351788,0.0010256666,0.0010360283,0.0011111108,0.0,0.0010647888,0.0010511858,0.0010437799,0.0010546105,0.0010604484,0.0010722177,0.001076403,0.0010647888,0.0010511858,0.0010437799,0.0010546105,0.0010604484,0.0010722168,0.0,0.0010647895,0.0010511862,0.0010437799,0.0010546105,0.0010604484,0.0010722169,0.0,0.0,0.0010511858,0.0010351788,0.0010256666,0.0010360283,0.0011111051,0.0010764052,0.0010647888,0.0,0.0,0.0010647889,0.0010647888,0.0010590861,0.0010764499,0.012450463,0.0010511862,0.0,0.0010647889,0.0010511858,0.0010720803,0.0010765317,0.0,0.0010647889,0.0010511859,0.0010437801,0.0,0.0010647895,0.0,0.0010647887,0.0,0.0010351788,0.001016262,0.0010720771,0.0010832605,0.0010764085,0.0,0.0010511858,0.0010351788,0.0010256667,0.0010360285,0.0011111523,0.0010764223,0.0,0.0,0.0010351788,0.001016262,0.0010720771,0.001094327,0.0,0.0010647889,0.0010511859,0.0010437799,0.0010546105,0.0010604484,0.0010722168,0.0010764408,0.0010647889,0.0010511862,0.0,0.0010647888,0.0010511858,0.0010437813,0.0010764041,0.0,0.0010511859,0.0010351788,0.0010256666,0.0010360283,0.0011111062,0.0010764066,0.0,0.0010511859,0.0010351788,0.0010256667,0.0010360284,0.0011111058,0.0,0.0010647889,0.001064789,0.0010590857,0.0010701668,0.0,0.0009938771,0.0010764404,0.0,0.0010511862,0.0010351788,0.0010256666,0.0010360283,0.0011111047,0.0010764088,0.0,0.0,0.0010351788,0.001016262,0.0010720771,0.0010943281,0.0010764766,0.0010647897,0.0,0.0010351798,0.001016262,0.0010720773,0.0010832611,0.0,0.0010647889,0.0010511862,0.0010437799,0.0010546105,0.0010604484,0.0010722168,0.0,0.0010647908,0.0,0.0010351788,0.001016262,0.0010720771,0.0010832555,0.0,0.0010647889,0.001051186,0.0010437799,0.0010546105,0.0010604484,0.001072217,0.0010764167,0.0010647891,0.0010511861,0.0010437802,0.0010546105,0.0010604484,0.001072217,0.0,0.0,0.0,0.0010351788,0.001016262,0.0010720771,0.0010943272,0.0010764013,0.0010647888,0.0,0.0010351788,0.001016262,0.0010720771,0.0010832562,0.0010764161,0.0010647889,0.0010511858,0.0010720771,0.0,0.0010351788,0.0010162622,0.0,0.0010647888,0.0010511858,0.0010437801,0.0010546105,0.0010604484,0.0010722174,0.0,0.0010647888,0.0010511858,0.0010437801,0.0010546105,0.0010604484,0.001072217,0.0,0.0010647896,0.0010511862,0.0010437801,0.0010546105,0.0010604484,0.0010722183,0.0010764119,0.0010647888,0.0010511858,0.0010437799,0.0010546105,0.0010604484,0.0010722171,0.0,0.0,0.0010511858,0.0010351788,0.0010256666,0.0010360283,0.0011111051,0.0,0.0010647888,0.0010511858,0.0010437799,0.0010546105,0.0010604484,0.0010722169,0.0010766725,0.001064791,0.0010511861,0.0010437799,0.0010546105,0.0010604484,0.001072219
k__Bacteria|p__Firmicutes|c__Clostridia|o__Eubacteriales|f__Clostridiaceae|g__Clostridium|s__Clostridium_sp_AF20_17LB,0.0,0.0010586191,0.0010449948,0.0010376886,0.0010488995,0.0010550749,0.0010671678,0.0,0.0010586191,0.0010449948,0.0010376886,0.0010488995,0.0010550749,0.0010671677,0.0,0.0,0.0010450184,0.0010289904,0.0010195669,0.0010302918,0.001105957,0.0010703221,0.0,0.0010449948,0.0010289747,0.0010195657,0.0010302918,0.0011059563,0.0,0.0,0.0010449948,0.0010289747,0.0010195657,0.0010302918,0.0011059563,0.0010702597,0.001058619,0.0010449948,0.0010376886,0.0010488995,0.0010550749,0.0010671676,0.0,0.0010586202,0.0010449948,0.0010376886,0.0010488995,0.0010550749,0.0010671683,0.0010702595,0.001058619,0.0010449948,0.0010376886,0.0010488995,0.0010550749,0.0010671677,0.0,0.0010586195,0.0010449957,0.001037689,0.0010488995,0.0010550749,0.0010671683,0.0,0.0010586191,0.0010449948,0.0010376886,0.0010488995,0.0010550749,0.0010671677,0.0,0.0010586191,0.0,0.0010289747,0.0010100574,0.0010660338,0.0010776254,0.0,0.001058619,0.0010449948,0.0010376886,0.0010488995,0.0010550749,0.0010671677,0.0,0.0,0.0,0.0010289747,0.0010100574,0.0010660341,0.001088743,0.0010702759,0.0010586191,0.0,0.0010289747,0.0010100574,0.0010660341,0.0010776324,0.0010703814,0.0,0.0,0.0010289749,0.0010100574,0.0010660341,0.0010887425,0.0010703024,0.0,0.0010449948,0.0,0.001058619,0.0010449948,0.0010660341,0.001070265,0.0,0.0,0.0010289747,0.0010100574,0.0010660338,0.0010887416,0.0,0.0010586216,0.0,0.0010289747,0.0010100574,0.0010660338,0.0010776239,0.0,0.0,0.0010449964,0.0010586212,0.0,0.0010289747,0.0010586195,0.001070301,0.0010586195,0.0,0.0010289745,0.0010100574,0.0010660338,0.0010776236,0.0,0.0,0.0010449948,0.0010289747,0.0010195657,0.0010302918,0.0011059566,0.0,0.0,0.0010449948,0.0,0.001058619,0.0010449948,0.0010660341,0.0,0.0010586249,0.0,0.0010586191,0.0,0.001058619,0.0010449949,0.0,0.0,0.0010450226,0.0010289792,0.0010195657,0.0010302918,0.0011059568,0.0,0.0010586802,0.0010586263,0.0010530155,0.0010644917,0.0,0.0009876521,0.0,0.0010586226,0.0010449961,0.0,0.0010586197,0.0010449948,0.0010376924,0.001070271,0.001058619,0.0010449948,0.0,0.001058619,0.0010449948,0.0010376897,0.0,0.0010586194,0.0010449949,0.0010376886,0.0010488995,0.0010550749,0.0010671677,0.0010702595,0.001058619,0.0010449948,0.0010376886,0.0010488995,0.0010550749,0.0010671677,0.0010703081,0.0,0.0,0.0010289747,0.0010100574,0.0010660338,0.0010887416,0.0010702697,0.0,0.0010449948,0.0010289747,0.0010195657,0.0010302918,0.0011059565,0.0,0.0010586191,0.0,0.0010289747,0.0010100574,0.0010660338,0.0010776236,0.0010702879,0.0,0.0010449948,0.0010289747,0.0010195657,0.0010302918,0.0011059643,0.0,0.001058619,0.0010449948,0.0010376886,0.0010488995,0.0010550749,0.001067169,0.001070261,0.001058619,0.0010449948,0.0010376886,0.0010488995,0.0010550749,0.0010671676,0.0,0.0010586198,0.0010449948,0.0010376886,0.0010488995,0.0010550749,0.0010671678,0.0,0.0,0.0010449948,0.0010289747,0.0010195657,0.0010302918,0.0011059564,0.0010702636,0.001058619,0.0,0.0,0.0010586191,0.0010586191,0.0010530151,0.0010703241,0.0,0.0010449952,0.0,0.0010586191,0.0010449948,0.0010660383,0.0010704481,0.0,0.0010586196,0.0010449948,0.0010376886,0.0,0.0010586199,0.0,0.0010586189,0.0,0.0010289747,0.0010100574,0.0010660341,0.0010776309,0.0010702703,0.0,0.0010449948,0.0010289747,0.0010195657,0.0010302926,0.0011060089,0.0010702879,0.0,0.0,0.0010289747,0.0010100574,0.0010660338,0.0010887417,0.0,0.0010586191,0.0010449949,0.0010376886,0.0010488995,0.0010550749,0.0010671677,0.0010702932,0.0010586195,0.0010449948,0.0,0.001058619,0.0010449948,0.0010376902,0.0010702639,0.0,0.0010449948,0.001028975,0.0010195657,0.0010302918,0.0011059578,0.0010702659,0.0,0.0010449949,0.0010289747,0.001019566,0.001030292,0.0011059585,0.0,0.0010586195,0.0010586195,0.0010530145,0.0010644918,0.0,0.0009876918,0.0010703184,0.0,0.0010449948,0.0010289747,0.0010195657,0.0010302918,0.0011059563,0.0010702674,0.0,0.0,0.0010289747,0.0010100574,0.0010660341,0.0010887429,0.0010703789,0.0010586206,0.0,0.0010289764,0.0010100575,0.0010660342,0.001077631,0.0,0.0010586191,0.0010449948,0.0010376886,0.0010488995,0.0010550749,0.0010671676,0.0,0.0010586211,0.0,0.0010289747,0.0010100574,0.0010660338,0.0010776236,0.0,0.0010586191,0.0010449948,0.0010376886,0.0010488995,0.0010550749,0.0010671677,0.001070283,0.0010586195,0.0010449949,0.0010376889,0.0010488995,0.0010550749,0.0010671682,0.0,0.0,0.0,0.0010289747,0.0010100574,0.0010660338,0.0010887419,0.001070259,0.001058619,0.0,0.0010289747,0.0010100574,0.0010660338,0.0010776247,0.0010702797,0.0010586191,0.0010449948,0.0010660338,0.0,0.0010289747,0.0010100575,0.0,0.001058619,0.0010449948,0.0010376886,0.0010488995,0.0010550749,0.0010671684,0.0,0.001058619,0.0010449948,0.0010376886,0.0010488995,0.0010550749,0.0010671678,0.0,0.0010586203,0.0010449948,0.0010376886,0.0010488995,0.0010550749,0.001067169,0.0010702753,0.001058619,0.0010449948,0.0010376886,0.0010488995,0.0010550749,0.001067168,0.0,0.0,0.0010449948,0.0010289747,0.0010195657,0.0010302918,0.0011059566,0.0,0.001058619,0.0010449948,0.0010376886,0.0010488995,0.0010550749,0.0010671677,0.0010705683,0.0010586214,0.0010449949,0.0010376886,0.0010488995,0.0010550749,0.0010671698
k__Bacteria|p__Firmicutes|c__Tissierellia|o__Tissierellales|f__Peptoniphilaceae|g__Peptoniphilus|s__Peptoniphilus_senegalensis,0.0,0.0010616938,0.0010480945,0.00104076,0.0010518185,0.0010578625,0.0010698194,0.0,0.0010616936,0.0010480945,0.00104076,0.0010518185,0.0010578625,0.0010698191,0.0,0.0,0.0010481139,0.0010321091,0.0010226584,0.0010332406,0.0011085685,0.0010733615,0.0,0.0010480945,0.0010320959,0.0010226575,0.0010332403,0.001108568,0.0,0.0,0.0010480945,0.0010320961,0.0010226575,0.0010332403,0.0011085679,0.0010733069,0.0010616936,0.0010480945,0.00104076,0.0010518185,0.0010578625,0.0010698192,0.0,0.0010616942,0.0010480946,0.00104076,0.0010518185,0.0010578625,0.0010698193,0.0010733071,0.0010616936,0.0010480945,0.00104076,0.0010518185,0.0010578625,0.0010698194,0.0,0.001061694,0.0010480951,0.00104076,0.0010518185,0.0010578625,0.0010698204,0.0,0.0010616936,0.0010480945,0.00104076,0.0010518185,0.0010578625,0.0010698192,0.0,0.0010616936,0.0,0.0010320961,0.0010131948,0.0010690516,0.0010804725,0.0,0.0010616936,0.0010480945,0.00104076,0.0010518185,0.0010578625,0.0010698194,0.0,0.0,0.0,0.0010320961,0.0010131943,0.0010690516,0.0010915534,0.0010733203,0.0010616936,0.0,0.0010320961,0.0010131948,0.0010690516,0.0010804783,0.001073425,0.0,0.0,0.0010320961,0.0010131948,0.0010690516,0.0010915529,0.0010733455,0.0,0.0010480945,0.0,0.0010616936,0.0010480945,0.0010690518,0.0010733119,0.0,0.0,0.0010320959,0.0010131943,0.0010690516,0.0010915521,0.0,0.0010616959,0.0,0.0010320961,0.0010131943,0.0010690516,0.0010804718,0.0,0.0,0.0010480952,0.0010616955,0.0,0.0010320959,0.0010616936,0.0010733494,0.001061694,0.0,0.001032096,0.0010131948,0.0010690516,0.0010804718,0.0,0.0,0.0010480946,0.0010320961,0.0010226575,0.0010332403,0.0011085682,0.0,0.0,0.0010480945,0.0,0.0010616936,0.0010480945,0.0010690517,0.0,0.0010616984,0.0,0.0010616938,0.0,0.0010616936,0.0010480946,0.0,0.0,0.0010481183,0.0010321001,0.0010226577,0.0010332403,0.0011085682,0.0,0.0010617488,0.0010616999,0.0010560611,0.0010673766,0.0,0.0009907926,0.0,0.0010616966,0.0010480954,0.0,0.0010616941,0.0010480945,0.0010407618,0.0010733162,0.0010616936,0.0010480945,0.0,0.0010616936,0.0010480945,0.0010407609,0.0,0.001061694,0.0010480946,0.00104076,0.0010518185,0.0010578625,0.0010698194,0.0010733067,0.0010616936,0.0010480945,0.00104076,0.0010518185,0.0010578625,0.0010698194,0.0010733495,0.0,0.0,0.0010320959,0.0010131943,0.0010690516,0.0010915521,0.0010733173,0.0,0.0010480945,0.0010320959,0.0010226575,0.0010332403,0.001108568,0.0,0.0010616938,0.0,0.0010320959,0.0010131943,0.0010690516,0.0010804718,0.0010733311,0.0,0.0010480945,0.0010320961,0.0010226575,0.0010332403,0.0011085713,0.0,0.0010616936,0.0010480945,0.00104076,0.0010518185,0.0010578625,0.0010698203,0.0010733084,0.0010616936,0.0010480945,0.00104076,0.0010518185,0.0010578625,0.0010698192,0.0,0.0010616945,0.0010480945,0.00104076,0.0010518185,0.0010578625,0.0010698194,0.0,0.0,0.0010480945,0.0010320961,0.0010226575,0.0010332403,0.0011085679,0.0010733107,0.0010616936,0.0,0.0,0.0010616938,0.0010616936,0.0010560607,0.0010733654,0.0,0.0010480945,0.0,0.0010616938,0.0010480945,0.0010690523,0.0010734875,0.0,0.001061694,0.0010480945,0.00104076,0.0,0.0010616943,0.0,0.0010616935,0.0,0.0010320959,0.0010131943,0.0010690514,0.0010804744,0.0010733161,0.0,0.0010480945,0.0010320959,0.0010226577,0.0010332408,0.0011085987,0.001073331,0.0,0.0,0.0010320961,0.0010131943,0.0010690516,0.0010915521,0.0,0.0010616941,0.0010480946,0.00104076,0.0010518185,0.0010578625,0.0010698193,0.0010733393,0.001061694,0.0010480945,0.0,0.0010616938,0.0010480945,0.0010407608,0.0010733107,0.0,0.0010480945,0.0010320959,0.0010226575,0.0010332403,0.0011085687,0.0010733126,0.0,0.0010480946,0.0010320961,0.0010226577,0.0010332407,0.0011085691,0.0,0.001061694,0.0010616941,0.0010560605,0.0010673766,0.0,0.0009908221,0.001073364,0.0,0.0010480945,0.0010320961,0.0010226575,0.0010332403,0.0011085679,0.0010733147,0.0,0.0,0.0010320959,0.0010131948,0.0010690516,0.0010915532,0.0010734166,0.001061695,0.0,0.0010320971,0.001013195,0.0010690517,0.0010804756,0.0,0.0010616938,0.0010480945,0.00104076,0.0010518185,0.0010578625,0.0010698192,0.0,0.001061695,0.0,0.0010320961,0.0010131943,0.0010690516,0.0010804718,0.0,0.0010616938,0.0010480946,0.00104076,0.0010518185,0.0010578625,0.0010698191,0.0010733274,0.0010616939,0.0010480945,0.0010407601,0.0010518185,0.0010578625,0.0010698193,0.0,0.0,0.0,0.0010320959,0.0010131943,0.0010690516,0.0010915523,0.0010733062,0.0010616936,0.0,0.0010320959,0.0010131943,0.0010690516,0.0010804725,0.0010733248,0.0010616938,0.0010480945,0.0010690516,0.0,0.0010320959,0.0010131944,0.0,0.0010616936,0.0010480945,0.00104076,0.0010518185,0.0010578625,0.0010698196,0.0,0.0010616936,0.0010480945,0.00104076,0.0010518185,0.0010578625,0.0010698196,0.0,0.0010616947,0.0010480945,0.00104076,0.0010518185,0.0010578625,0.0010698204,0.0010733219,0.0010616936,0.0010480945,0.00104076,0.0010518185,0.0010578625,0.0010698197,0.0,0.0,0.0010480945,0.0010320961,0.0010226575,0.0010332403,0.0011085682,0.0,0.0010616936,0.0010480945,0.00104076,0.0010518185,0.0010578625,0.0010698192,0.0010736104,0.0010616955,0.0010480945,0.00104076,0.0010518185,0.0010578625,0.0010698205
k__Bacteria|p__Firmicutes|c__Clostridia|o__Eubacteriales|f__Clostridiaceae|g__Sarcina|s__Sarcina_ventriculi,0.0,0.001059855,0.0010461721,0.0010387539,0.0010497278,0.0010556775,0.0010675953,0.0,0.0010598549,0.0010461721,0.0010387539,0.0010497278,0.0010556775,0.0010675953,0.0,0.0,0.0010461807,0.0010300954,0.0010205643,0.0010310522,0.0011067925,0.0010715949,0.0,0.0010461721,0.0010300886,0.0010205639,0.0010310522,0.001106792,0.0,0.0,0.0010461721,0.0010300886,0.0010205639,0.0010310522,0.001106792,0.0010715489,0.0010598548,0.0010461721,0.0010387539,0.0010497278,0.0010556775,0.0010675951,0.0,0.0010598556,0.0010461722,0.0010387539,0.0010497278,0.0010556775,0.0010675959,0.0010715489,0.0010598548,0.0010461721,0.0010387539,0.0010497278,0.0010556775,0.0010675953,0.0,0.0010598551,0.0010461725,0.001038754,0.0010497278,0.0010556775,0.0010675957,0.0,0.0010598549,0.0010461721,0.0010387539,0.0010497278,0.0010556775,0.0010675952,0.0,0.0010598549,0.0,0.0010300886,0.0010111027,0.001067219,0.0010785754,0.0,0.0010598548,0.0010461721,0.0010387539,0.0010497278,0.0010556775,0.0010675954,0.0,0.0,0.0,0.0010300886,0.0010111027,0.001067219,0.0010897472,0.0010715617,0.001059855,0.0,0.0010300886,0.0010111027,0.001067219,0.0010785792,0.0010716307,0.0,0.0,0.0010300886,0.0010111027,0.001067219,0.001089747,0.0010715784,0.0,0.0010461721,0.0,0.0010598548,0.0010461721,0.001067219,0.0010715524,0.0,0.0,0.0010300886,0.0010111027,0.001067219,0.0010897459,0.0,0.0010598558,0.0,0.0010300886,0.0010111027,0.001067219,0.001078574,0.0,0.0,0.001046173,0.0010598556,0.0,0.0010300886,0.0010598551,0.0010715744,0.0010598551,0.0,0.0010300885,0.0010111027,0.001067219,0.0010785736,0.0,0.0,0.0010461722,0.0010300886,0.0010205639,0.0010310522,0.0011067922,0.0,0.0,0.0010461721,0.0,0.0010598548,0.0010461721,0.001067219,0.0,0.0010598578,0.0,0.001059855,0.0,0.0010598548,0.0010461722,0.0,0.0,0.0010461824,0.0010300905,0.001020564,0.0010310522,0.0011067922,0.0,0.0010598723,0.001059857,0.0010541424,0.0010653834,0.0,0.0009886195,0.0,0.001059857,0.0010461728,0.0,0.0010598552,0.0010461722,0.0010387563,0.001071557,0.0010598548,0.0010461721,0.0,0.0010598548,0.0010461721,0.001038755,0.0,0.0010598552,0.0010461722,0.0010387539,0.0010497278,0.0010556775,0.0010675953,0.001071549,0.0010598548,0.0010461721,0.0010387539,0.0010497278,0.0010556775,0.0010675952,0.0010715828,0.0,0.0,0.0010300886,0.0010111027,0.001067219,0.0010897458,0.0010715527,0.0,0.0010461721,0.0010300886,0.0010205639,0.0010310522,0.0011067921,0.0,0.001059855,0.0,0.0010300886,0.0010111027,0.001067219,0.0010785735,0.0010715694,0.0,0.0010461721,0.0010300886,0.0010205639,0.0010310522,0.001106797,0.0,0.0010598548,0.0010461721,0.0010387539,0.0010497278,0.0010556775,0.0010675968,0.0010715501,0.0010598548,0.0010461721,0.0010387539,0.0010497278,0.0010556775,0.0010675951,0.0,0.0010598552,0.0010461722,0.0010387539,0.0010497278,0.0010556775,0.0010675953,0.0,0.0,0.0010461721,0.0010300886,0.0010205639,0.0010310522,0.001106792,0.0010715527,0.0010598548,0.0,0.0,0.001059855,0.0010598549,0.0010541427,0.0010715985,0.0,0.0010461722,0.0,0.0010598551,0.0010461721,0.0010672219,0.0010716785,0.0,0.0010598551,0.0010461722,0.0010387539,0.0,0.0010598557,0.0,0.0010598549,0.0,0.0010300886,0.0010111027,0.0010672188,0.0010785796,0.001071556,0.0,0.0010461721,0.0010300886,0.001020564,0.0010310527,0.0011068252,0.0010715674,0.0,0.0,0.0010300886,0.0010111027,0.001067219,0.0010897459,0.0,0.001059855,0.0010461722,0.0010387539,0.0010497278,0.0010556775,0.0010675953,0.0010715934,0.0010598551,0.0010461722,0.0,0.0010598546,0.0010461721,0.0010387548,0.0010715517,0.0,0.0010461722,0.001030089,0.0010205639,0.0010310522,0.0011067938,0.0010715538,0.0,0.0010461722,0.0010300886,0.001020564,0.0010310523,0.0011067934,0.0,0.0010598551,0.0010598551,0.001054142,0.0010653832,0.0,0.0009886569,0.0010715928,0.0,0.0010461722,0.0010300886,0.0010205639,0.0010310522,0.001106792,0.0010715558,0.0,0.0,0.0010300886,0.0010111027,0.001067219,0.0010897468,0.0010716256,0.0010598553,0.0,0.0010300895,0.0010111027,0.0010672188,0.0010785799,0.0,0.0010598551,0.0010461722,0.0010387539,0.0010497278,0.0010556775,0.0010675951,0.0,0.0010598559,0.0,0.0010300886,0.0010111027,0.001067219,0.0010785735,0.0,0.0010598551,0.0010461722,0.0010387539,0.0010497278,0.0010556775,0.0010675953,0.0010715643,0.001059855,0.0010461721,0.0010387544,0.0010497278,0.0010556775,0.0010675957,0.0,0.0,0.0,0.0010300886,0.0010111027,0.001067219,0.0010897465,0.0010715484,0.0010598548,0.0,0.0010300886,0.0010111027,0.001067219,0.0010785741,0.001071565,0.0010598548,0.0010461721,0.001067219,0.0,0.0010300886,0.0010111027,0.00078953855,0.0010598548,0.0010461721,0.0010387539,0.0010497278,0.0010556775,0.0010675961,0.0,0.0010598548,0.0010461721,0.0010387539,0.0010497278,0.0010556775,0.0010675953,0.0,0.0010598553,0.0010461722,0.0010387539,0.0010497278,0.0010556775,0.0010675971,0.0010715573,0.0010598549,0.0010461721,0.0010387539,0.0010497278,0.0010556775,0.0010675956,0.0,0.0,0.0010461721,0.0010300886,0.0010205639,0.0010310522,0.001106792,0.0,0.0010598548,0.0010461721,0.0010387539,0.0010497278,0.0010556775,0.0010675952,0.0010718085,0.001059856,0.0010461721,0.001038754,0.0010497278,0.0010556778,0.0010675975
k__Bacteria|p__Firmicutes|c__Clostridia|o__Clostridia_unclassified|f__Clostridia_unclassified|g__Clostridia_unclassified|s__Clostridia_bacterium,0.0,0.0010618718,0.0010482257,0.0010408186,0.0010517448,0.0010576595,0.0010695236,0.0,0.0010618719,0.0010482257,0.0010408186,0.0010517448,0.0010576595,0.0010695235,0.0,0.0,0.001048237,0.0010321863,0.0010226651,0.0010331123,0.0011085686,0.0010735554,0.0,0.0010482257,0.0010321777,0.0010226647,0.0010331123,0.0011085685,0.0,0.0,0.0010482257,0.0010321777,0.0010226647,0.0010331123,0.0011085685,0.0010735285,0.0010618718,0.0010482257,0.0010408186,0.0010517448,0.0010576595,0.0010695235,0.0,0.0010618721,0.0010482259,0.0010408186,0.0010517448,0.0010576595,0.0010695235,0.0010735287,0.0010618718,0.0010482257,0.0010408186,0.0010517448,0.0010576595,0.0010695236,0.0,0.001061872,0.001048226,0.0010408189,0.0010517448,0.0010576595,0.001069524,0.0,0.0010618719,0.0010482257,0.0010408186,0.0010517448,0.0010576595,0.0010695236,0.0,0.0010618719,0.0,0.0010321777,0.0010132244,0.0010692066,0.0010805007,0.0,0.0010618718,0.0010482257,0.0010408186,0.0010517448,0.0010576595,0.0010695235,0.0,0.0,0.0,0.0010321777,0.0010132244,0.0010692066,0.0010916276,0.0010735354,0.0010618719,0.0,0.0010321777,0.0010132244,0.0010692066,0.0010805037,0.001073581,0.0,0.0,0.0010321777,0.0010132244,0.0010692066,0.0010916268,0.0010735457,0.0,0.0010482257,0.0,0.0010618718,0.0010482257,0.0010692066,0.0010735306,0.0,0.0,0.0010321777,0.0010132244,0.0010692066,0.0010916265,0.0,0.0010618728,0.0,0.0010321777,0.0010132244,0.0010692066,0.0010804995,0.0,0.0,0.0010482267,0.0010618728,0.0,0.0010321777,0.001061872,0.001073549,0.001061872,0.0,0.0010321777,0.0010132244,0.0010692066,0.0010804996,0.0,0.0,0.0010482258,0.0010321777,0.0010226647,0.0010331123,0.0011085687,0.0,0.0,0.0010482257,0.0,0.0010618718,0.0010482257,0.0010692065,0.0,0.0010618751,0.0,0.001061872,0.0,0.0010618718,0.0010482258,0.0,0.0,0.0010482429,0.0010321802,0.0010226647,0.0010331123,0.0011085687,0.0,0.001061895,0.0010618747,0.0010561692,0.001067355,0.0,0.0009907682,0.0,0.0010618736,0.0010482266,0.0,0.0010618721,0.0010482257,0.0010408201,0.0010735345,0.0010618718,0.0010482257,0.0,0.0010618718,0.0010482257,0.0010408193,0.0,0.001061872,0.0010482258,0.0010408186,0.0010517448,0.0010576595,0.0010695235,0.0010735287,0.0010618718,0.0010482257,0.0010408186,0.0010517448,0.0010576595,0.0010695236,0.0010735481,0.0,0.0,0.0010321777,0.0010132244,0.0010692066,0.0010916265,0.0010735319,0.0,0.0010482257,0.0010321777,0.0010226647,0.0010331123,0.0011085685,0.0,0.001061872,0.0,0.0010321777,0.0010132244,0.0010692066,0.0010804996,0.0010735403,0.0,0.0010482257,0.0010321777,0.0010226647,0.0010331123,0.0011085713,0.0,0.0010618718,0.0010482257,0.0010408186,0.0010517448,0.0010576595,0.0010695241,0.0010735294,0.0010618718,0.0010482257,0.0010408186,0.0010517448,0.0010576595,0.0010695235,0.0,0.0010618725,0.0010482257,0.0010408186,0.0010517448,0.0010576595,0.0010695236,0.0,0.0,0.0010482257,0.0010321777,0.0010226647,0.0010331123,0.0011085686,0.0010735306,0.0010618718,0.0,0.0,0.001061872,0.0010618719,0.001056169,0.0010735573,0.0,0.001048226,0.0,0.001061872,0.0010482257,0.0010692077,0.0010736084,0.0,0.001061872,0.0010482257,0.0010408186,0.0,0.0010618722,0.0,0.0010618718,0.0,0.0010321777,0.0010132244,0.0010692067,0.0010805015,0.0010735334,0.0,0.0010482257,0.0010321777,0.0010226645,0.0010331123,0.0011085974,0.0010735436,0.0,0.0,0.0010321777,0.0010132244,0.0010692066,0.0010916265,0.0,0.001061872,0.0010482258,0.0010408186,0.0010517448,0.0010576595,0.0010695235,0.0010735515,0.001061872,0.0010482257,0.0,0.0010618719,0.0010482257,0.0010408197,0.0010735304,0.0,0.0010482257,0.0010321777,0.0010226644,0.0010331123,0.0011085692,0.0010735315,0.0,0.0010482258,0.0010321777,0.0010226645,0.0010331123,0.0011085687,0.0,0.001061872,0.001061872,0.0010561688,0.0010673549,0.0,0.0009908017,0.0010735524,0.0,0.0010482257,0.0010321777,0.0010226647,0.0010331123,0.0011085685,0.0010735324,0.0,0.0,0.0010321777,0.0010132244,0.0010692066,0.0010916273,0.0010735793,0.0010618722,0.0,0.0010321786,0.0010132242,0.0010692067,0.0010805035,0.0,0.0010618719,0.0010482257,0.0010408186,0.0010517448,0.0010576595,0.0010695235,0.0,0.0010618729,0.0,0.0010321777,0.0010132244,0.0010692066,0.0010804996,0.0,0.0010618719,0.0010482258,0.0010408186,0.0010517448,0.0010576595,0.0010695236,0.0010735366,0.0010618719,0.0010482257,0.0010408189,0.0010517448,0.0010576595,0.0010695235,0.0,0.0,0.0,0.0010321777,0.0010132244,0.0010692066,0.0010916266,0.0010735283,0.0010618718,0.0,0.0010321777,0.0010132244,0.0010692066,0.0010804998,0.0010735379,0.0010618719,0.0010482257,0.0010692066,0.0,0.0010321777,0.0010132245,0.0,0.0010618718,0.0010482257,0.0010408186,0.0010517448,0.0010576595,0.0010695237,0.0,0.0010618718,0.0010482257,0.0010408186,0.0010517448,0.0010576595,0.0010695236,0.0,0.0010618721,0.0010482257,0.0010408186,0.0010517448,0.0010576595,0.0010695243,0.0010735343,0.0010618718,0.0010482257,0.0010408186,0.0010517448,0.0010576595,0.0010695239,0.0,0.0,0.0010482257,0.0010321777,0.0010226647,0.0010331123,0.0011085685,0.0,0.0010618718,0.0010482257,0.0010408186,0.0010517448,0.0010576595,0.0010695236,0.0010737018,0.0010618729,0.0010482259,0.0010408188,0.0010517448,0.0010576595,0.0010695249
k__Bacteria|p__Firmicutes|c__Bacilli|o__Lactobacillales|f__Enterococcaceae|g__Enterococcus|s__Enterococcus_raffinosus,0.0,0.0010589191,0.0010451673,0.0010376681,0.0010485306,0.0010543655,0.0010662162,0.0,0.0010589192,0.0010451673,0.0010376681,0.0010485306,0.0010543655,0.001066216,0.0,0.0,0.001045193,0.0010290304,0.0010194047,0.0010297744,0.001105806,0.00107071,0.0,0.0010451673,0.001029013,0.0010194039,0.0010297744,0.001105805,0.0,0.0,0.0010451673,0.001029013,0.0010194039,0.0010297744,0.0011058049,0.0010706796,0.0010589191,0.0010451673,0.0010376681,0.0010485306,0.0010543655,0.001066216,0.0,0.0010589203,0.0010451677,0.0010376681,0.0010485306,0.0010543655,0.001066217,0.0010706794,0.0010589191,0.0010451673,0.0010376681,0.0010485306,0.0010543655,0.0010662162,0.0,0.0010589196,0.0010451687,0.0010376681,0.0010485306,0.0010543655,0.0010662167,0.0,0.0010589192,0.0010451673,0.0010376681,0.0010485306,0.0010543655,0.0010662162,0.0,0.0010589192,0.0,0.001029013,0.0010099544,0.0010662754,0.0010775346,0.0,0.0010589191,0.0010451673,0.0010376681,0.0010485306,0.0010543655,0.0010662164,0.0,0.0,0.0,0.001029013,0.0010099544,0.0010662754,0.0010887793,0.0010706868,0.0010589192,0.0,0.001029013,0.0010099544,0.0010662754,0.0010775409,0.0010707333,0.0,0.0,0.001029013,0.0010099544,0.0010662754,0.0010887788,0.0010707001,0.0,0.0010451673,0.0,0.0010589191,0.0010451673,0.0010662753,0.001070682,0.0,0.0,0.001029013,0.0010099544,0.0010662754,0.001088778,0.0,0.0010589215,0.0,0.001029013,0.0010099544,0.0010662754,0.0010775324,0.0,0.0,0.0010451697,0.0010589211,0.0,0.001029013,0.0010589196,0.0010707054,0.0010589196,0.0,0.001029013,0.0010099544,0.0010662754,0.0010775322,0.0,0.0,0.0010451678,0.001029013,0.0010194039,0.0010297744,0.0011058053,0.0,0.0,0.0010451673,0.0,0.0010589191,0.0010451673,0.0010662753,0.0,0.0010589255,0.0,0.0010589194,0.0,0.0010589191,0.0010451674,0.0,0.0,0.0010451983,0.001029017,0.0010194042,0.0010297744,0.0011058057,0.0,0.0010589827,0.0010589266,0.0010531294,0.0010642651,0.0,0.0009874054,0.0,0.0010589226,0.0010451691,0.0,0.0010589197,0.0010451676,0.0010376722,0.001070687,0.0010589191,0.0010451673,0.0,0.0010589191,0.0010451673,0.001037669,0.0,0.0010589194,0.0010451674,0.0010376681,0.0010485306,0.0010543655,0.0010662164,0.0010706793,0.0010589191,0.0010451673,0.0010376681,0.0010485306,0.0010543655,0.0010662162,0.0010707041,0.0,0.0,0.001029013,0.0010099544,0.0010662754,0.001088778,0.0010706839,0.0,0.0010451673,0.001029013,0.0010194039,0.0010297744,0.0011058054,0.0,0.0010589194,0.0,0.001029013,0.0010099544,0.0010662754,0.0010775321,0.0010706953,0.0,0.0010451673,0.001029013,0.0010194039,0.0010297744,0.0011058153,0.0,0.0010589191,0.0010451673,0.0010376681,0.0010485306,0.0010543655,0.0010662174,0.00107068,0.0010589191,0.0010451673,0.0010376681,0.0010485306,0.0010543655,0.001066216,0.0,0.00105892,0.0010451676,0.0010376681,0.0010485306,0.0010543655,0.0010662163,0.0,0.0,0.0010451673,0.001029013,0.0010194039,0.0010297744,0.0011058049,0.0010706803,0.0010589191,0.0,0.0,0.0010589194,0.0010589192,0.001053129,0.0010707091,0.0,0.001045168,0.0,0.0010589194,0.0010451673,0.0010662811,0.0010707661,0.0,0.0010589195,0.0010451676,0.0010376681,0.0,0.00105892,0.0,0.0010589191,0.0,0.001029013,0.0010099544,0.0010662753,0.0010775413,0.0010706857,0.0,0.0010451673,0.001029013,0.0010194038,0.001029775,0.0011058712,0.0010706991,0.0,0.0,0.001029013,0.0010099544,0.0010662754,0.001088778,0.0,0.0010589194,0.0010451674,0.0010376681,0.0010485306,0.0010543655,0.001066216,0.0010706724,0.0010589192,0.0010451676,0.0,0.0010589192,0.0010451673,0.0010376697,0.0010706808,0.0,0.0010451676,0.0010290133,0.0010194039,0.0010297744,0.0011058073,0.0010706828,0.0,0.0010451674,0.001029013,0.0010194038,0.0010297745,0.0011058074,0.0,0.0010589192,0.0010589196,0.0010531285,0.0010642651,0.0,0.0009874549,0.001070702,0.0,0.0010451676,0.001029013,0.0010194039,0.0010297744,0.0011058049,0.0010706829,0.0,0.0,0.001029013,0.0010099544,0.0010662754,0.0010887792,0.001070736,0.0010589203,0.0,0.0010290144,0.0010099548,0.0010662756,0.0010775406,0.0,0.0010589192,0.0010451676,0.0010376681,0.0010485306,0.0010543655,0.001066216,0.0,0.0010589216,0.0,0.001029013,0.0010099544,0.0010662754,0.0010775321,0.0,0.0010589195,0.0010451678,0.0010376681,0.0010485306,0.0010543655,0.0010662162,0.0010706919,0.0010589194,0.0010451677,0.0010376684,0.0010485306,0.0010543655,0.0010662165,0.0,0.0,0.0,0.001029013,0.0010099544,0.0010662754,0.0010887785,0.0010706788,0.0010589191,0.0,0.001029013,0.0010099544,0.0010662754,0.0010775334,0.0010706907,0.0010589192,0.0010451673,0.0010662754,0.0,0.001029013,0.0010099546,0.0,0.0010589191,0.0010451673,0.0010376681,0.0010485306,0.0010543655,0.0010662171,0.0,0.0010589191,0.0010451673,0.0010376681,0.0010485306,0.0010543655,0.0010662164,0.0,0.0010589203,0.0010451676,0.0010376681,0.0010485306,0.0010543655,0.0010662182,0.0010706872,0.0010589191,0.0010451673,0.0010376681,0.0010485306,0.0010543655,0.0010662165,0.0,0.0,0.0010451673,0.001029013,0.0010194039,0.0010297744,0.0011058053,0.0,0.0010589191,0.0010451673,0.0010376681,0.0010485306,0.0010543655,0.0010662162,0.0010708428,0.0010589216,0.0010451677,0.0010376681,0.0010485306,0.0010543655,0.001066219
k__Bacteria|p__Firmicutes|c__Clostridia|o__Eubacteriales|f__Lachnospiraceae|g__Blautia|s__Blautia_marasmi,0.0,0.0010603617,0.0010468615,0.0010397009,0.0010511086,0.0010574874,0.0010696977,0.0,0.0010603619,0.0010468615,0.0010397009,0.0010511086,0.0010574874,0.0010696978,0.0,0.0,0.0010468663,0.0010309725,0.001021712,0.0010326463,0.0011077815,0.0010718827,0.0,0.0010468615,0.0010309697,0.0010217113,0.0010326463,0.0011077811,0.0,0.0,0.0010468615,0.0010309697,0.0010217113,0.0010326463,0.0011077811,0.0010718823,0.0010603619,0.0010468615,0.0010397009,0.0010511086,0.0010574874,0.0010696977,0.0,0.001060362,0.0010468615,0.0010397009,0.0010511086,0.0010574874,0.001069698,0.0010718824,0.0010603619,0.0010468615,0.0010397009,0.0010511086,0.0010574874,0.0010696978,0.0,0.001060362,0.001046862,0.001039701,0.0010511086,0.0010574874,0.0010696981,0.0,0.0010603619,0.0010468615,0.0010397009,0.0010511086,0.0010574874,0.0010696977,0.0,0.0010603619,0.0,0.0010309697,0.0010121821,0.0010677893,0.0010795526,0.0,0.0010603619,0.0010468615,0.0010397009,0.0010511089,0.0010574874,0.0010696986,0.0,0.0,0.0,0.0010309697,0.0010121821,0.0010677893,0.0010905386,0.001071884,0.0010603619,0.0,0.0010309697,0.0010121821,0.0010677893,0.0010795576,0.0010719041,0.0,0.0,0.0010309697,0.0010121821,0.0010677893,0.0010905381,0.0010718859,0.0,0.0010468615,0.0,0.0010603619,0.0010468615,0.0010677895,0.0010718834,0.0,0.0,0.0010309697,0.0010121821,0.0010677893,0.0010905365,0.0,0.0010603626,0.0,0.0010309697,0.0010121821,0.0010677893,0.0010795515,0.0,0.0,0.0010468618,0.0010603623,0.0,0.0010309697,0.001060362,0.0010718877,0.001060362,0.0,0.0010309695,0.0010121821,0.0010677893,0.0010795512,0.0,0.0,0.0010468616,0.0010309697,0.0010217113,0.0010326463,0.0011077814,0.0,0.0,0.0010468615,0.0,0.0010603619,0.0010468615,0.0010677894,0.0,0.0010603628,0.0,0.001060362,0.0,0.0010603619,0.0010468615,0.0,0.0,0.0010468673,0.0010309702,0.0010217113,0.0010326463,0.0011077814,0.0,0.0010603772,0.0010603629,0.0010548964,0.0010665578,0.0,0.0009899025,0.0,0.0010603627,0.0010468619,0.0,0.001060362,0.0010468616,0.0010397028,0.0010718823,0.0010603619,0.0010468615,0.0,0.0010603619,0.0010468615,0.0010397021,0.0,0.001060362,0.0010468615,0.0010397009,0.0010511086,0.0010574874,0.0010696977,0.0010718824,0.0010603619,0.0010468615,0.0010397009,0.0010511086,0.0010574874,0.0010696977,0.0010718886,0.0,0.0,0.0010309697,0.0010121821,0.0010677893,0.0010905366,0.0010718842,0.0,0.0010468615,0.0010309697,0.0010217113,0.0010326463,0.0011077812,0.0,0.001060362,0.0,0.0010309697,0.0010121821,0.0010677893,0.0010795512,0.0010718858,0.0,0.0010468615,0.0010309697,0.0010217113,0.0010326463,0.0011077882,0.0,0.0010603619,0.0010468615,0.0010397009,0.0010511089,0.0010574874,0.0010696993,0.0010718822,0.0010603619,0.0010468615,0.0010397009,0.0010511086,0.0010574874,0.0010696977,0.0,0.001060362,0.0010468616,0.0010397009,0.0010511089,0.0010574874,0.0010696977,0.0,0.0,0.0010468615,0.0010309697,0.0010217113,0.0010326463,0.0011077812,0.0010718823,0.0010603619,0.0,0.0,0.001060362,0.0010603619,0.0010548966,0.0010718851,0.0,0.0010468618,0.0,0.001060362,0.0010468615,0.0010677916,0.0010719117,0.0,0.0010603619,0.0010468616,0.0010397009,0.0,0.0010603624,0.0,0.0010603617,0.0,0.0010309697,0.0010121821,0.0010677893,0.0010795563,0.0010718829,0.0,0.0010468615,0.0010309697,0.0010217116,0.0010326465,0.0011078404,0.0010718837,0.0,0.0,0.0010309697,0.0010121821,0.0010677893,0.0010905366,0.0,0.001060362,0.0010468615,0.0010397009,0.0010511086,0.0010574874,0.0010696978,0.0010718675,0.0010603619,0.0010468616,0.0,0.0010603617,0.0010468615,0.0010397019,0.0010718834,0.0,0.0010468616,0.0010309698,0.0010217113,0.0010326463,0.0011077832,0.0010718831,0.0,0.0010468615,0.0010309695,0.0010217116,0.0010326463,0.0011077827,0.0,0.0010603619,0.0010603619,0.0010548964,0.0010665577,0.0,0.0009899376,0.0010718908,0.0,0.0010468616,0.0010309697,0.0010217113,0.0010326463,0.0011077811,0.0010718838,0.0,0.0,0.0010309697,0.0010121821,0.0010677893,0.0010905382,0.0010718931,0.0010603622,0.0,0.0010309702,0.0010121823,0.0010677893,0.0010795576,0.0,0.0010603619,0.0010468616,0.0010397009,0.0010511086,0.0010574874,0.0010696977,0.0,0.0010603619,0.0,0.0010309697,0.0010121821,0.0010677893,0.0010795512,0.0,0.0010603619,0.0010468616,0.0010397009,0.0010511086,0.0010574874,0.0010696978,0.0010718877,0.0010603617,0.0010468615,0.0010397012,0.0010511089,0.0010574874,0.0010696979,0.0,0.0,0.0,0.0010309697,0.0010121821,0.0010677893,0.001090537,0.0010718824,0.0010603619,0.0,0.0010309697,0.0010121821,0.0010677893,0.0010795519,0.0010718842,0.0010603619,0.0010468615,0.0010677893,0.0,0.0010309697,0.0010121823,0.0,0.0010603619,0.0010468615,0.0010397009,0.0010511089,0.0010574874,0.0010696985,0.0,0.0010603619,0.0010468615,0.0010397009,0.0010511089,0.0010574874,0.0010696979,0.0,0.0010603621,0.0010468616,0.0010397009,0.0010511089,0.0010574874,0.0010697001,0.0010718849,0.0010603619,0.0010468615,0.0010397009,0.0010511086,0.0010574874,0.0010696984,0.0,0.0,0.0010468615,0.0010309697,0.0010217113,0.0010326463,0.0011077815,0.0,0.0010603619,0.0010468615,0.0010397009,0.0010511086,0.0010574874,0.0010696977,0.001071909,0.0010603626,0.0010468615,0.0010397009,0.0010511089,0.0010574874,0.0010697006
k__Bacteria|p__Firmicutes|c__Clostridia|o__Eubacteriales|f__Eubacteriales_unclassified|g__Eubacteriales_unclassified|s__Clostridiales_bacterium_1_7_47FAA,0.0,0.0010585703,0.0010449666,0.0010376921,0.0010489597,0.0010551903,0.0010673227,0.0,0.0010585703,0.0010449666,0.0010376921,0.0010489597,0.0010551903,0.0010673228,0.0,0.0,0.0010449823,0.00102898,0.0010195929,0.0010303761,0.0011059812,0.0010702149,0.0,0.0010449667,0.0010289685,0.0010195923,0.0010303761,0.0011059811,0.0,0.0,0.0010449666,0.0010289685,0.0010195923,0.0010303761,0.0011059811,0.001070191,0.0010585702,0.0010449666,0.0010376921,0.0010489597,0.0010551903,0.0010673226,0.0,0.0010585709,0.0010449667,0.0010376921,0.0010489597,0.0010551903,0.0010673234,0.0010701912,0.0010585702,0.0010449666,0.0010376921,0.0010489597,0.0010551903,0.0010673227,0.0,0.0010585708,0.0010449673,0.0010376921,0.0010489597,0.0010551903,0.0010673233,0.0,0.0010585703,0.0010449666,0.0010376921,0.0010489597,0.0010551903,0.0010673227,0.0,0.0010585703,0.0,0.0010289685,0.0010100737,0.0010659947,0.0010776394,0.0,0.0010585702,0.0010449666,0.0010376921,0.0010489597,0.0010551903,0.0010673229,0.0,0.0,0.0,0.0010289685,0.0010100737,0.0010659947,0.0010887365,0.0010701958,0.0010585703,0.0,0.0010289685,0.0010100737,0.0010659947,0.0010776427,0.0010702278,0.0,0.0,0.0010289687,0.0010100737,0.0010659947,0.0010887362,0.001070207,0.0,0.0010449667,0.0,0.0010585702,0.0010449666,0.001065995,0.0010701924,0.0,0.0,0.0010289685,0.0010100737,0.0010659947,0.0010887359,0.0,0.0010585716,0.0,0.0010289685,0.0010100737,0.0010659947,0.0010776385,0.0,0.0,0.0010449679,0.0010585709,0.0,0.0010289685,0.0010585705,0.0010702077,0.0010585708,0.0,0.0010289685,0.0010100737,0.0010659947,0.0010776384,0.0,0.0,0.0010449669,0.0010289685,0.0010195923,0.0010303761,0.0011059813,0.0,0.0,0.0010449666,0.0,0.0010585702,0.0010449666,0.0010659947,0.0,0.0010585742,0.0,0.0010585705,0.0,0.0010585702,0.0010449669,0.0,0.0,0.0010449818,0.0010289712,0.0010195923,0.0010303761,0.0011059811,0.0,0.001058605,0.0010585749,0.0010529965,0.0010645288,0.0,0.0009876884,0.0,0.001058572,0.0010449676,0.0,0.0010585708,0.0010449666,0.0010376946,0.0010701959,0.0010585702,0.0010449666,0.0,0.0010585702,0.0010449666,0.0010376927,0.0,0.0010585706,0.0010449669,0.0010376921,0.0010489597,0.0010551903,0.0010673227,0.0010701912,0.0010585702,0.0010449666,0.0010376921,0.0010489597,0.0010551903,0.0010673227,0.0010702054,0.0,0.0,0.0010289685,0.0010100737,0.0010659947,0.0010887359,0.001070193,0.0,0.0010449666,0.0010289685,0.0010195923,0.0010303761,0.0011059811,0.0,0.0010585705,0.0,0.0010289685,0.0010100737,0.0010659947,0.0010776385,0.0010702019,0.0,0.0010449666,0.0010289685,0.0010195923,0.0010303761,0.0011059853,0.0,0.0010585702,0.0010449666,0.0010376921,0.0010489597,0.0010551903,0.0010673235,0.0010701914,0.0010585702,0.0010449666,0.0010376921,0.0010489597,0.0010551903,0.0010673226,0.0,0.0010585709,0.0010449669,0.0010376921,0.0010489597,0.0010551903,0.0010673227,0.0,0.0,0.0010449666,0.0010289685,0.0010195923,0.0010303761,0.0011059811,0.0010701925,0.0010585702,0.0,0.0,0.0010585705,0.0010585703,0.0010529965,0.0010702172,0.0,0.001044967,0.0,0.0010585705,0.0010449667,0.0010659985,0.0010702601,0.0,0.0010585708,0.0010449666,0.0010376921,0.0,0.001058571,0.0,0.0010585702,0.0,0.0010289685,0.0010100737,0.0010659946,0.0010776429,0.0010701946,0.0,0.0010449666,0.0010289685,0.0010195923,0.0010303764,0.0011060081,0.001070204,0.0,0.0,0.0010289685,0.0010100737,0.0010659947,0.0010887359,0.0,0.0010585705,0.0010449667,0.0010376921,0.0010489597,0.0010551903,0.0010673228,0.0010702063,0.0010585703,0.0010449666,0.0,0.0010585705,0.0010449667,0.0010376929,0.0010701916,0.0,0.0010449669,0.0010289687,0.0010195923,0.0010303761,0.0011059819,0.0010701934,0.0,0.0010449667,0.0010289685,0.0010195923,0.0010303762,0.0011059816,0.0,0.0010585703,0.0010585706,0.0010529963,0.0010645286,0.0,0.000987721,0.0010702085,0.0,0.0010449666,0.0010289685,0.0010195923,0.0010303761,0.0011059811,0.0010701943,0.0,0.0,0.0010289685,0.0010100742,0.0010659947,0.0010887363,0.0010702267,0.0010585707,0.0,0.0010289694,0.0010100743,0.001065995,0.0010776423,0.0,0.0010585705,0.0010449669,0.0010376921,0.0010489597,0.0010551903,0.0010673226,0.0,0.0010585717,0.0,0.0010289685,0.0010100737,0.0010659947,0.0010776385,0.0027600408,0.0010585705,0.0010449669,0.0010376921,0.0010489597,0.0010551903,0.0010673227,0.0010701984,0.0010585707,0.0010449667,0.0010376923,0.0010489598,0.0010551903,0.0010673229,0.0,0.0,0.0,0.0010289685,0.0010100737,0.0010659947,0.0010887361,0.0010701907,0.0010585702,0.0,0.0010289685,0.0010100737,0.0010659947,0.0010776388,0.0010701991,0.0010585705,0.0010449666,0.0010659947,0.0,0.0010289685,0.0010100744,0.0,0.0010585702,0.0010449666,0.0010376921,0.0010489597,0.0010551903,0.0010673231,0.0,0.0010585702,0.0010449666,0.0010376921,0.0010489597,0.0010551903,0.0010673228,0.0,0.0010585709,0.0010449669,0.0010376921,0.0010489597,0.0010551903,0.0010673237,0.0010701944,0.0010585702,0.0010449666,0.0010376921,0.0010489597,0.0010551903,0.0010673229,0.0,0.0,0.0010449666,0.0010289685,0.0010195923,0.0010303761,0.0011059811,0.0,0.0010585702,0.0010449666,0.0010376921,0.0010489597,0.0010551903,0.0010673227,0.0010703573,0.0010585719,0.0010449667,0.0010376921,0.0010489597,0.0010551903,0.0010673241
k__Bacteria|p__Firmicutes|c__Clostridia|o__Eubacteriales|f__Lachnospiraceae|g__Blautia|s__Blautia_argi,0.0,0.0010619516,0.0010481444,0.0010404988,0.0010510056,0.0010565086,0.0010680844,0.0,0.0010619516,0.0010481444,0.0010404988,0.0010510056,0.0010565086,0.0010680843,0.0,0.0,0.001048149,0.001031929,0.0010221672,0.0010321848,0.00110813,0.0010737657,0.0,0.0010481444,0.0010319267,0.0010221667,0.0010321848,0.0011081299,0.0,0.0,0.0010481444,0.0010319267,0.0010221667,0.0010321848,0.0011081301,0.0010737602,0.0010619516,0.0010481444,0.0010404988,0.0010510056,0.0010565086,0.0010680843,0.0,0.0010619515,0.0010481442,0.0010404988,0.0010510056,0.0010565086,0.0010680847,0.0010737603,0.0010619516,0.0010481444,0.0010404988,0.0010510056,0.0010565086,0.0010680844,0.0,0.0010619517,0.0010481445,0.0010404991,0.0010510056,0.0010565086,0.0010680844,0.0,0.0010619516,0.0010481444,0.0010404988,0.0010510056,0.0010565086,0.0010680844,0.0,0.0010619516,0.0,0.0010319267,0.0010127958,0.0010692187,0.0010801135,0.0,0.0010619516,0.0010481444,0.0010404988,0.0010510056,0.0010565086,0.0010680844,0.0,0.0,0.0,0.0010319267,0.0010127958,0.0010692187,0.0010914025,0.0010737622,0.0010619516,0.0,0.0010319267,0.0010127958,0.0010692187,0.001080117,0.0010738012,0.0,0.0,0.0010319268,0.0010127958,0.0010692187,0.0010914028,0.001073768,0.0,0.0010481444,0.0,0.0010619516,0.0010481444,0.0010692186,0.0010737614,0.0,0.0,0.0010319267,0.0010127958,0.0010692187,0.0010914026,0.0,0.0010619523,0.0,0.0010319267,0.0010127958,0.0010692187,0.001080113,0.0,0.0,0.0010481442,0.0010619522,0.0,0.0010319267,0.0010619517,0.0010737658,0.0010619517,0.0,0.0010319267,0.0010127958,0.0010692187,0.001080113,0.0,0.0,0.0010481442,0.0010319267,0.0010221667,0.0010321848,0.0011081302,0.0,0.0,0.0010481444,0.0,0.0010619516,0.0010481444,0.0010692185,0.0,0.0010619524,0.0,0.0010619517,0.0,0.0010619516,0.0010481445,0.0,0.0,0.0010481494,0.0010319278,0.0010221668,0.0010321848,0.0011081296,0.0,0.0010619697,0.0010619531,0.0010560194,0.0010667962,0.0,0.0009901528,0.0,0.0010619526,0.0010481447,0.0,0.0010619517,0.0010481444,0.0010405002,0.0010737597,0.0010619516,0.0010481444,0.0,0.0010619516,0.0010481444,0.0010404999,0.0,0.0010619519,0.0010481445,0.0010404988,0.0010510056,0.0010565086,0.0010680843,0.0010737603,0.0010619516,0.0010481444,0.0010404988,0.0010510056,0.0010565086,0.0010680844,0.0010737696,0.0,0.0,0.0010319267,0.0010127958,0.0010692187,0.0010914026,0.0010737634,0.0,0.0010481444,0.0010319267,0.0010221667,0.0010321848,0.0011081297,0.0,0.0010619517,0.0,0.0010319267,0.0010127958,0.0010692187,0.0010801129,0.001073766,0.0,0.0010481444,0.0010319267,0.0010221667,0.0010321848,0.0011081334,0.0,0.0010619516,0.0010481444,0.0010404988,0.0010510056,0.0010565086,0.0010680852,0.0010737603,0.0010619516,0.0010481444,0.0010404988,0.0010510056,0.0010565086,0.0010680843,0.0,0.001061952,0.0010481444,0.0010404988,0.0010510056,0.0010565086,0.0010680844,0.0,0.0,0.0010481444,0.0010319267,0.0010221667,0.0010321848,0.00110813,0.0010737602,0.0010619516,0.0,0.0,0.0010619517,0.0010619516,0.0010560192,0.0010737649,0.0,0.0010481443,0.0,0.0010619517,0.0010481444,0.0010692194,0.0010738214,0.0,0.0010619517,0.0010481444,0.0010404988,0.0,0.0010619516,0.0,0.0010619515,0.0,0.0010319267,0.0010127958,0.0010692186,0.001080117,0.0010737606,0.0,0.0010481444,0.0010319267,0.0010221668,0.0010321852,0.0011081583,0.0010737624,0.0,0.0,0.0010319267,0.0010127958,0.0010692187,0.0010914026,0.0,0.0010619517,0.0010481445,0.0010404988,0.0010510056,0.0010565086,0.0010680843,0.001073745,0.0010619516,0.0010481444,0.0,0.0010619517,0.0010481444,0.0010404995,0.0010737613,0.0,0.0010481444,0.0010319266,0.0010221667,0.0010321848,0.0011081297,0.0010737606,0.0,0.0010481445,0.0010319267,0.0010221668,0.0010321848,0.0011081304,0.0,0.0010619516,0.0010619519,0.0010560194,0.0010667964,0.0,0.0009901737,0.0010737758,0.0,0.0010481444,0.0010319267,0.0010221667,0.0010321848,0.0011081301,0.0010737602,0.0,0.0,0.0010319267,0.0010127958,0.0010692187,0.0010914026,0.0010737857,0.0010619523,0.0,0.0010319274,0.001012796,0.0010692186,0.0010801156,0.0,0.0010619517,0.0010481444,0.0010404988,0.0010510056,0.0010565086,0.0010680843,0.0,0.0010619517,0.0,0.0010319265,0.0010127958,0.0010692187,0.0010801129,0.0,0.0010619517,0.0010481445,0.0010404988,0.0010510056,0.0010565086,0.0010680844,0.0010737652,0.0010619516,0.0010481444,0.0010404991,0.0010510056,0.0010565086,0.0010680844,0.0,0.0,0.0,0.0010319267,0.0010127958,0.0010692187,0.0010914027,0.0010737603,0.0010619516,0.0,0.0010319267,0.0010127958,0.0010692187,0.0010801133,0.0010737616,0.0010619517,0.0010481444,0.0010692187,0.0,0.0010319267,0.001012796,0.0,0.0010619516,0.0010481444,0.0010404988,0.0010510056,0.0010565086,0.0010680845,0.0,0.0010619516,0.0010481444,0.0010404988,0.0010510056,0.0010565086,0.0010680845,0.0,0.0010619519,0.0010481444,0.0010404988,0.0010510056,0.0010565086,0.0010680852,0.0010737639,0.0010619516,0.0010481444,0.0010404988,0.0010510056,0.0010565086,0.0010680846,0.0,0.0,0.0010481444,0.0010319267,0.0010221667,0.0010321848,0.00110813,0.0,0.0010619516,0.0010481444,0.0010404988,0.0010510056,0.0010565086,0.0010680844,0.0010738238,0.0010619522,0.0010481442,0.001040499,0.0010510056,0.0010565086,0.001068085
k__Bacteria|p__Firmicutes|c__CFGB75783|o__OFGB75783|f__FGB75783|g__GGB79419|s__GGB79419_SGB105985,0.0,0.0010588448,0.0010450358,0.0010374541,0.0010481752,0.0010538701,0.0010656245,0.0,0.0010588451,0.0010450358,0.0010374541,0.0010481752,0.0010538701,0.0010656245,0.0,0.0,0.0010450447,0.0010288268,0.0010191278,0.001029352,0.0011055652,0.0010706867,0.0,0.0010450358,0.0010288215,0.0010191271,0.001029352,0.0011055648,0.0,0.0,0.0010450358,0.0010288215,0.0010191271,0.001029352,0.0011055648,0.001070659,0.001058845,0.0010450358,0.0010374541,0.0010481752,0.0010538701,0.0010656244,0.0,0.0010588453,0.0010450361,0.0010374541,0.0010481752,0.0010538701,0.0010656249,0.0010706591,0.001058845,0.0010450358,0.0010374541,0.0010481752,0.0010538701,0.0010656244,0.0,0.0010588451,0.0010450361,0.0010374541,0.0010481752,0.0010538701,0.0010656248,0.0,0.0010588451,0.0010450358,0.0010374541,0.0010481752,0.0010538701,0.0010656244,0.0,0.0010588451,0.0,0.0010288215,0.0010097001,0.0010661792,0.0010773035,0.0,0.001058845,0.0010450358,0.0010374541,0.0010481752,0.0010538701,0.001065625,0.0,0.0,0.0,0.0010288215,0.0010097001,0.0010661792,0.0010886078,0.0010706681,0.0010588451,0.0,0.0010288215,0.0010097001,0.0010661792,0.0010773083,0.0010707276,0.0,0.0,0.0010288215,0.0010097001,0.0010661792,0.0010886074,0.0010706808,0.0,0.0010450358,0.0,0.001058845,0.0010450358,0.0010661791,0.0010706622,0.0,0.0,0.0010288215,0.0010097001,0.0010661792,0.0010886065,0.0,0.001058846,0.0,0.0010288215,0.0010097001,0.0010661792,0.0010773025,0.0,0.0,0.0010450361,0.0010588459,0.0,0.0010288215,0.0010588451,0.0010706774,0.0010588451,0.0,0.0010288213,0.0010097001,0.0010661792,0.0010773021,0.0,0.0,0.0010450359,0.0010288215,0.0010191271,0.001029352,0.0011055648,0.0,0.0,0.0010450358,0.0,0.001058845,0.0010450358,0.0010661792,0.0,0.001058847,0.0,0.0010588452,0.0,0.001058845,0.0010450359,0.0,0.0,0.0010450475,0.0010288232,0.0010191271,0.001029352,0.0011055648,0.0,0.0010588762,0.0010588478,0.0010529753,0.0010639738,0.0,0.0009870791,0.0,0.0010588467,0.0010450365,0.0,0.0010588451,0.0010450359,0.0010374559,0.0010706639,0.001058845,0.0010450358,0.0,0.001058845,0.0010450358,0.0010374552,0.0,0.0010588451,0.0010450359,0.0010374541,0.0010481752,0.0010538701,0.0010656244,0.0010706591,0.001058845,0.0010450358,0.0010374541,0.0010481752,0.0010538701,0.0010656244,0.0010706827,0.0,0.0,0.0010288215,0.0010097001,0.0010661792,0.0010886065,0.0010706643,0.0,0.0010450358,0.0010288215,0.0010191271,0.001029352,0.0011055648,0.0,0.0010588452,0.0,0.0010288215,0.0010097001,0.0010661792,0.001077302,0.0010706744,0.0,0.0010450358,0.0010288215,0.0010191271,0.001029352,0.0011055712,0.0,0.001058845,0.0010450358,0.0010374541,0.0010481752,0.0010538701,0.0010656258,0.0010706597,0.001058845,0.0010450358,0.0010374541,0.0010481752,0.0010538701,0.0010656244,0.0,0.0010588453,0.0010450359,0.0010374541,0.0010481752,0.0010538701,0.0010656245,0.0,0.0,0.0010450358,0.0010288215,0.0010191271,0.001029352,0.0011055648,0.0010706614,0.001058845,0.0,0.0,0.0010588452,0.0010588451,0.0010529754,0.0010706887,0.0,0.001045036,0.0,0.0010588452,0.0010450358,0.0010661812,0.0010707616,0.0,0.0010588452,0.0010450359,0.0010374541,0.0,0.0010588453,0.0,0.001058845,0.0,0.0010288215,0.0010097001,0.0010661794,0.0010773073,0.0010706634,0.0,0.0010450358,0.0010288215,0.0010191271,0.0010293525,0.0011056152,0.0010706695,0.0,0.0,0.0010288215,0.0010097001,0.0010661792,0.0010886064,0.0,0.0010588452,0.0010450359,0.0010374541,0.0010481752,0.0010538701,0.0010656245,0.0010706753,0.0010588451,0.0010450359,0.0,0.001058845,0.0010450358,0.0010374552,0.0010706619,0.0,0.0010450359,0.0010288215,0.0010191271,0.001029352,0.001105566,0.0010706622,0.0,0.0010450359,0.0010288215,0.0010191271,0.0010293521,0.0011055662,0.0,0.0010588451,0.0010588451,0.0010529752,0.0010639738,0.0,0.0009871117,0.0010706921,0.0,0.0010450359,0.0010288215,0.0010191271,0.001029352,0.0011055648,0.0010706638,0.0,0.0,0.0010288215,0.0010097001,0.0010661792,0.0010886075,0.0010707167,0.0010588457,0.0,0.0010288223,0.0010097007,0.0010661792,0.001077308,0.0,0.0010588451,0.0010450359,0.0010374541,0.0010481752,0.0010538701,0.0010656244,0.0,0.0010588455,0.0,0.0010288215,0.0010097001,0.0010661792,0.001077302,0.0,0.001058845,0.0010450361,0.0010374541,0.0010481752,0.0010538701,0.0010656245,0.0010706717,0.0010588451,0.0010450361,0.0010374542,0.0010481752,0.0010538701,0.0010656245,0.0,0.0,0.0,0.0010288215,0.0010097001,0.0010661792,0.0010886067,0.001070659,0.001058845,0.0,0.0010288215,0.0010097001,0.0010661792,0.0010773027,0.0010706686,0.0010588451,0.0010450358,0.0010661792,0.0,0.0010288215,0.0010097002,0.0,0.001058845,0.0010450358,0.0010374541,0.0010481752,0.0010538701,0.0010656251,0.0,0.001058845,0.0010450358,0.0010374541,0.0010481752,0.0010538701,0.0010656248,0.0,0.0010588454,0.0010450359,0.0010374541,0.0010481752,0.0010538701,0.001065626,0.0010706679,0.001058845,0.0010450358,0.0010374541,0.0010481752,0.0010538701,0.0010656249,0.0,0.0,0.0010450358,0.0010288215,0.0010191271,0.001029352,0.001105565,0.0,0.001058845,0.0010450358,0.0010374541,0.0010481752,0.0010538701,0.0010656244,0.0010708121,0.0010588461,0.0010450359,0.0010374541,0.0010481752,0.0010538701,0.0010656265
k__Bacteria|p__Firmicutes|c__Clostridia|o__Eubacteriales|f__Lachnospiraceae|g__Stomatobaculum|s__Stomatobaculum_longum,0.0,0.0010617181,0.0010481202,0.0010407872,0.0010518478,0.0010578936,0.0010698515,0.0,0.0010617182,0.0010481202,0.0010407872,0.0010518478,0.0010578936,0.0010698516,0.0,0.0,0.0010481286,0.0010321288,0.0010226868,0.0010332713,0.001108593,0.0010733298,0.0,0.0010481202,0.0010321231,0.0010226864,0.0010332713,0.0011085926,0.0,0.0,0.0010481202,0.0010321231,0.0010226864,0.0010332713,0.0011085923,0.0010733295,0.0010617181,0.0010481202,0.0010407872,0.0010518478,0.0010578936,0.0010698516,0.0,0.0010617186,0.0010481202,0.0010407872,0.0010518478,0.0010578936,0.0010698525,0.0010733296,0.0010617181,0.0010481202,0.0010407872,0.0010518478,0.0010578936,0.0010698516,0.0,0.0010617183,0.0010481207,0.0010407874,0.0010518478,0.0010578936,0.0010698519,0.0,0.0010617182,0.0010481202,0.0010407872,0.0010518478,0.0010578936,0.0010698516,0.0,0.0010617182,0.0,0.0010321231,0.0010132233,0.0010690759,0.0010804998,0.0,0.0010617181,0.0010481202,0.0010407872,0.0010518478,0.0010578936,0.0010698524,0.0,0.0,0.0,0.0010321231,0.0010132233,0.0010690759,0.0010915784,0.0010733303,0.0010617182,0.0,0.0010321231,0.0010132233,0.0010690759,0.0010805046,0.0010733394,0.0,0.0,0.0010321232,0.0010132233,0.0010690759,0.001091578,0.0010733313,0.0,0.0010481202,0.0,0.0010617181,0.0010481202,0.0010690761,0.0010733298,0.0,0.0,0.0010321231,0.0010132233,0.0010690759,0.0010915765,0.0,0.0010617188,0.0,0.0010321231,0.0010132233,0.0010690759,0.001080498,0.0,0.0,0.0010481209,0.0010617188,0.0,0.0010321231,0.0010617183,0.0010733338,0.001061718,0.0,0.001032123,0.0010132233,0.0010690759,0.0010804978,0.0,0.0,0.0010481203,0.0010321231,0.0010226864,0.0010332713,0.0011085926,0.0,0.0,0.0010481202,0.0,0.0010617181,0.0010481202,0.0010690758,0.0,0.0010617201,0.0,0.0010617183,0.0012884849,0.0010617181,0.0010481203,0.0,0.0,0.0010481284,0.001032124,0.0010226864,0.0010332713,0.0011085928,0.0,0.0010617365,0.0010617198,0.0010560864,0.0010674042,0.0,0.0009908263,0.0,0.0010617191,0.0010481206,0.0,0.0010617181,0.0010481203,0.0010407895,0.0010733303,0.0010617181,0.0010481202,0.0,0.0010617181,0.0010481202,0.0010407884,0.0,0.0010617183,0.0010481203,0.0010407872,0.0010518478,0.0010578936,0.0010698516,0.0010733296,0.0010617181,0.0010481202,0.0010407872,0.0010518478,0.0010578936,0.0010698516,0.0010733336,0.0,0.0,0.0010321231,0.0010132233,0.0010690759,0.0010915765,0.0010733295,0.0,0.0010481202,0.0010321231,0.0010226864,0.0010332713,0.0011085927,0.0,0.0010617183,0.0,0.0010321231,0.0010132233,0.0010690759,0.0010804979,0.0010733325,0.0,0.0010481202,0.0010321231,0.0010226864,0.0010332713,0.0011086005,0.0,0.0010617181,0.0010481202,0.0010407872,0.0010518478,0.0010578936,0.0010698532,0.0010733294,0.0010617181,0.0010481202,0.0010407872,0.0010518478,0.0010578936,0.0010698516,0.0,0.0010617184,0.0010481203,0.0010407872,0.0010518478,0.0010578936,0.0010698515,0.0,0.0,0.0010481202,0.0010321231,0.0010226864,0.0010332713,0.0011085926,0.0010733292,0.0010617181,0.0,0.0,0.0010617183,0.0010617182,0.0010560869,0.0010733326,0.0,0.0010481204,0.0,0.0010617183,0.0010481202,0.0010690796,0.0010733455,0.0,0.0010617184,0.0010481203,0.0010407872,0.0,0.0010617188,0.0,0.0010617181,0.0,0.0010321231,0.0010132233,0.001069076,0.0010805045,0.0010733303,0.0,0.0010481202,0.0010321231,0.0010226864,0.0010332717,0.0011086552,0.0010733333,0.0,0.0,0.0010321231,0.0010132233,0.0010690759,0.0010915765,0.0,0.0010617183,0.0010481203,0.0010407872,0.0010518478,0.0010578936,0.0010698516,0.0010733166,0.0010617183,0.0010481203,0.0,0.0010617182,0.0010481202,0.0010407881,0.0010733295,0.0,0.0010481203,0.0010321232,0.0010226864,0.0010332713,0.0011085948,0.0010733298,0.0,0.0010481203,0.0010321231,0.0010226864,0.0010332714,0.0011085944,0.0,0.0010617183,0.0010617184,0.0010560862,0.001067404,0.0,0.0009908675,0.0010733311,0.0,0.0010481203,0.0010321231,0.0010226864,0.0010332713,0.0011085925,0.0010733303,0.0,0.0,0.0010321231,0.0010132233,0.0010690759,0.0010915782,0.0010733338,0.0010617183,0.0,0.0010321237,0.0010132234,0.001069076,0.0010805054,0.0,0.0010617183,0.0010481203,0.0010407872,0.0010518478,0.0010578936,0.0010698516,0.0,0.0010617189,0.0,0.0010321231,0.0010132233,0.0010690759,0.0010804979,0.0,0.0010617183,0.0010481203,0.0010407872,0.0010518478,0.0010578936,0.0010698516,0.0010733329,0.0010617183,0.0010481202,0.0010407873,0.0010518478,0.0010578936,0.0010698519,0.0,0.0,0.0,0.0010321231,0.0010132233,0.0010690759,0.0010915771,0.0010733292,0.0010617181,0.0,0.0010321231,0.0010132233,0.0010690759,0.0010804987,0.0010733313,0.0010617183,0.0010481202,0.0010690759,0.0,0.0010321231,0.0010132234,0.0,0.0010617181,0.0010481202,0.0010407872,0.0010518478,0.0010578936,0.0010698524,0.0,0.0010617181,0.0010481202,0.0010407872,0.0010518478,0.0010578936,0.0010698516,0.0,0.0010617182,0.0010481203,0.0010407872,0.0010518478,0.0010578936,0.0010698539,0.0010733297,0.0010617181,0.0010481202,0.0010407872,0.0010518478,0.0010578936,0.0010698522,0.0,0.0,0.0010481202,0.0010321231,0.0010226864,0.0010332713,0.0011085926,0.0,0.0010617181,0.0010481202,0.0010407872,0.0010518478,0.0010578936,0.0010698516,0.0010733664,0.001061719,0.0010481202,0.0010407872,0.0010518478,0.0010578936,0.0010698547
k__Bacteria|p__Firmicutes|c__Clostridia|o__Eubacteriales|f__Clostridiaceae|g__Clostridium|s__Clostridium_sp_D5,0.0,0.0010606961,0.0010470804,0.0010397428,0.0010508295,0.0010568947,0.001068881,0.0,0.0010606963,0.0010470804,0.0010397428,0.0010508295,0.0010568947,0.0010688809,0.0,0.0,0.0010470785,0.0010310648,0.0010216245,0.0010322318,0.0011076945,0.0010723335,0.0,0.0010470804,0.0010310659,0.0010216244,0.0010322318,0.0011076946,0.0,0.0,0.0010470804,0.0010310659,0.0010216244,0.0010322318,0.0011076945,0.0010723256,0.0010606963,0.0010470804,0.0010397428,0.0010508295,0.0010568947,0.0010688808,0.0,0.0010606963,0.0010470806,0.0010397428,0.0010508295,0.0010568947,0.0010688816,0.0010723259,0.0010606963,0.0010470804,0.0010397428,0.0010508295,0.0010568947,0.001068881,0.0,0.0010606962,0.0010470803,0.0010397427,0.0010508295,0.0010568947,0.0010688812,0.0011867911,0.0010606963,0.0010470804,0.0010397428,0.0010508295,0.0010568947,0.0010688809,0.0,0.0010606963,0.0,0.0010310659,0.0010121502,0.0010680691,0.0010795244,0.0,0.0010606963,0.0010470804,0.0010397428,0.0010508295,0.0010568947,0.0010688812,0.0,0.0,0.0,0.0010310659,0.0010121502,0.0010680691,0.0010906253,0.0010723289,0.0010606963,0.0,0.0010310659,0.0010121502,0.0010680691,0.0010795245,0.0010723436,0.0,0.0,0.001031066,0.0010121502,0.0010680691,0.0010906255,0.0010723328,0.0,0.0010470804,0.0,0.0010606963,0.0010470804,0.001068069,0.0010723261,0.0,0.0,0.0010310659,0.0010121502,0.0010680691,0.001090625,0.0,0.0010606957,0.0,0.0010310659,0.0010121502,0.0010680691,0.0010795239,0.0,0.0,0.00104708,0.001060696,0.0,0.0010310659,0.0010606964,0.0010723245,0.0010606962,0.0,0.0010310658,0.0010121502,0.0010680691,0.0010795238,0.0,0.0,0.0010470804,0.0010310659,0.0010216244,0.0010322318,0.0011076947,0.0,0.0,0.0010470804,0.0,0.0010606963,0.0010470804,0.001068069,0.0,0.0010606948,0.0,0.0010606964,0.0,0.0010606963,0.0010470805,0.0,0.0,0.0010470743,0.0010310652,0.0010216245,0.0010322318,0.001107694,0.0,0.0010606889,0.001060695,0.0010550601,0.0010664078,0.0,0.0009897308,0.0,0.0010606957,0.0010470801,0.0,0.0010606962,0.0010470805,0.0010397434,0.0010723263,0.0010606963,0.0010470804,0.0013786837,0.0010606963,0.0010470804,0.0010397432,0.0,0.0010606963,0.0010470805,0.0010397428,0.0010508295,0.0010568947,0.0010688809,0.0010723257,0.0010606963,0.0010470804,0.0010397428,0.0010508295,0.0010568947,0.0010688809,0.0010723319,0.0,0.0,0.0010310659,0.0010121502,0.0010680691,0.001090625,0.001072325,0.0,0.0010470804,0.0010310659,0.0010216244,0.0010322318,0.0011076945,0.0,0.0010606964,0.0,0.0010310659,0.0010121502,0.0010680691,0.0010795238,0.0010723292,0.0,0.0010470804,0.0010310659,0.0010216244,0.0010322318,0.0011076956,0.0,0.0010606963,0.0010470804,0.0010397428,0.0010508295,0.0010568947,0.0010688818,0.0010723259,0.0010606963,0.0010470804,0.0010397428,0.0010508295,0.0010568947,0.0010688808,0.0,0.0010606963,0.0010470805,0.0010397428,0.0010508295,0.0010568947,0.001068881,0.0,0.0,0.0010470804,0.0010310659,0.0010216244,0.0010322318,0.0011076946,0.0010723268,0.0010606963,0.0,0.0,0.0010606964,0.0010606963,0.0010550607,0.0010723366,0.0,0.0010470803,0.0,0.0010606964,0.0010470804,0.0010680703,0.0010723595,0.0,0.0010606964,0.0010470805,0.0010397428,0.0,0.0010606967,0.0,0.0010606962,0.0,0.0010310659,0.0010121502,0.0010680691,0.0010795259,0.0010723261,0.0,0.0010470804,0.0010310659,0.0010216245,0.0010322318,0.0011077028,0.0010723254,0.0,0.0,0.0010310659,0.0010121502,0.0010680691,0.001090625,0.0,0.0010606964,0.0010470805,0.0010397428,0.0010508295,0.0010568947,0.0010688809,0.0010723514,0.0010606963,0.0010470805,0.0,0.0010606962,0.0010470804,0.001039743,0.001072326,0.0,0.0010470805,0.001031066,0.0010216244,0.0010322318,0.0011076947,0.0010723261,0.0,0.0010470805,0.0010310659,0.0010216245,0.0010322318,0.0011076946,0.0,0.0010606963,0.0010606964,0.0010550605,0.0010664077,0.0,0.0009897512,0.0010723373,0.0,0.0010470805,0.0010310659,0.0010216244,0.0010322318,0.0011076945,0.0010723273,0.0,0.0,0.0010310659,0.0010121502,0.0010680691,0.0010906252,0.0010723381,0.001060696,0.0,0.0010310662,0.00101215,0.0010680691,0.001079526,0.0,0.0010606963,0.0010470805,0.0010397428,0.0010508295,0.0010568947,0.0010688808,0.0,0.0010606959,0.0,0.0010310659,0.0010121502,0.0010680691,0.0010795238,0.0,0.0010606964,0.0010470805,0.0010397428,0.0010508295,0.0010568947,0.001068881,0.0010723276,0.0010606961,0.0010470801,0.0010397427,0.0010508295,0.0010568947,0.0010688811,0.0,0.0,0.0,0.0010310659,0.0010121502,0.0010680691,0.0010906252,0.0010723256,0.0010606963,0.0,0.0010310659,0.0010121502,0.0010680691,0.0010795239,0.0010723274,0.0010606963,0.0010470804,0.0010680691,0.0,0.0010310659,0.0010121504,0.0,0.0010606963,0.0010470804,0.0010397428,0.0010508295,0.0010568947,0.0010688815,0.0,0.0010606963,0.0010470804,0.0010397428,0.0010508295,0.0010568947,0.001068881,0.0,0.001060696,0.0010470805,0.0010397428,0.0010508295,0.0010568947,0.0010688817,0.0010723255,0.0010606963,0.0010470804,0.0010397428,0.0010508295,0.0010568947,0.0010688812,0.0,0.0,0.0010470804,0.0010310659,0.0010216244,0.0010322318,0.0011076947,0.0,0.0010606963,0.0010470804,0.0010397428,0.0010508295,0.0010568947,0.0010688809,0.0010723872,0.0010606961,0.0010470801,0.0010397428,0.0010508295,0.0010568947,0.0010688821
k__Bacteria|p__Firmicutes|c__Clostridia|o__Eubacteriales|f__Clostridiaceae|g__Clostridium|s__Clostridium_sp_AM22_11AC,0.0,0.0010586585,0.0010450283,0.001037713,0.0010489064,0.0010550643,0.0010671449,0.0,0.0010586588,0.0010450283,0.001037713,0.0010489064,0.0010550643,0.0010671448,0.0,0.0,0.001045033,0.0010290056,0.0010195839,0.0010302918,0.0011059713,0.0010703175,0.0,0.0010450283,0.0010290024,0.0010195837,0.0010302918,0.0011059708,0.0,0.0,0.0010450283,0.0010290021,0.0010195837,0.0010302918,0.0011059707,0.001070304,0.0010586587,0.0010450283,0.001037713,0.0010489064,0.0010550643,0.0010671446,0.0,0.0010586587,0.0010450286,0.001037713,0.0010489064,0.0010550643,0.0010671453,0.0010703042,0.0010586587,0.0010450283,0.001037713,0.0010489064,0.0010550643,0.0010671448,0.0,0.0010586588,0.0010450287,0.0010377133,0.0010489064,0.0010550643,0.0010671455,0.0,0.0010586588,0.0010450283,0.001037713,0.0010489064,0.0010550643,0.0010671449,0.0,0.0010586588,0.0,0.0010290021,0.0010100781,0.0010660702,0.0010776437,0.0,0.0010586587,0.0010450283,0.001037713,0.0010489064,0.0010550643,0.0010671453,0.0,0.0,0.0,0.0010290021,0.0010100781,0.0010660702,0.0010887679,0.001070308,0.0010586588,0.0,0.0010290021,0.0010100781,0.0010660702,0.0010776477,0.0010703291,0.0,0.0,0.0010290022,0.0010100781,0.0010660702,0.0010887677,0.0010703127,0.0,0.0010450283,0.0,0.0010586587,0.0010450283,0.0010660702,0.0010703048,0.0,0.0,0.0010290024,0.0010100781,0.0010660702,0.001088767,0.0,0.0010586589,0.0,0.0010290024,0.0010100781,0.0010660702,0.001077643,0.0,0.0,0.0010450287,0.0010586588,0.0,0.0010290024,0.0010586588,0.001070309,0.0010586586,0.0,0.0010290022,0.0010100781,0.0010660702,0.0010776428,0.0,0.0,0.0010450284,0.0010290021,0.0010195837,0.0010302918,0.0011059707,0.0,0.0,0.0010450283,0.0,0.0010586587,0.0010450283,0.00106607,0.0,0.0010586595,0.0,0.0010586588,0.0,0.0010586587,0.0010450284,0.0,0.0,0.0010450309,0.0010290026,0.0010195837,0.0010302918,0.0011059712,0.0,0.0010586656,0.0010586594,0.0010530448,0.0010645046,0.0,0.000987662,0.0,0.0010586588,0.0010450282,0.0,0.0010586586,0.0010450284,0.0010377147,0.0010703062,0.0010586587,0.0010450283,0.0,0.0010586587,0.0010450283,0.0010377137,0.0,0.0010586587,0.0010450284,0.001037713,0.0010489064,0.0010550643,0.0010671448,0.0010703041,0.0010586587,0.0010450283,0.001037713,0.0010489064,0.0010550643,0.0010671446,0.0010703115,0.0,0.0,0.0010290024,0.0010100781,0.0010660702,0.0010887665,0.0010703044,0.0,0.0010450283,0.0010290024,0.0010195837,0.0010302918,0.0011059707,0.0,0.0010586588,0.0,0.0010290024,0.0010100781,0.0010660702,0.0010776425,0.0010703114,0.0,0.0010450283,0.0010290021,0.0010195837,0.0010302918,0.0011059754,0.0,0.0010586587,0.0010450283,0.001037713,0.0010489064,0.0010550643,0.001067146,0.0010703045,0.0010586587,0.0010450283,0.001037713,0.0010489064,0.0010550643,0.0010671446,0.0,0.0010586587,0.0010450284,0.001037713,0.0010489064,0.0010550643,0.0010671449,0.0,0.0,0.0010450283,0.0010290021,0.0010195837,0.0010302918,0.0011059708,0.0010703051,0.0010586587,0.0,0.0,0.0010586588,0.0010586588,0.0010530454,0.0010703205,0.0,0.0010450284,0.0,0.0010586588,0.0010450283,0.0010660721,0.00107035,0.0,0.0010586588,0.0010450284,0.001037713,0.0,0.001058659,0.0,0.0010586586,0.0,0.0010290021,0.0010100781,0.0010660702,0.0010776469,0.0010703057,0.0,0.0010450283,0.0010290024,0.0010195837,0.0010302919,0.001106007,0.001070309,0.0,0.0,0.0010290021,0.0010100781,0.0010660702,0.0010887666,0.0,0.0010586588,0.0010450284,0.001037713,0.0010489064,0.0010550643,0.0010671448,0.0010703271,0.0010586588,0.0010450284,0.0,0.0010586586,0.0010450283,0.0010377135,0.0010703047,0.0,0.0010450284,0.0010290021,0.0010195837,0.0010302918,0.0011059723,0.0010703054,0.0,0.0010450284,0.0010290021,0.0010195837,0.001030292,0.0011059716,0.0,0.0010586588,0.0010586588,0.0010530449,0.0010645045,0.0,0.0009876942,0.0010703137,0.0,0.0010450284,0.0010290024,0.0010195837,0.0010302918,0.0011059707,0.0010703064,0.0,0.0,0.0010290024,0.0010100781,0.0010660702,0.0010887681,0.0010703274,0.0010586586,0.0,0.0010290025,0.0010100781,0.0010660703,0.0010776472,0.0,0.0010586587,0.0010450284,0.001037713,0.0010489064,0.0010550643,0.0010671448,0.0,0.0010586588,0.0,0.0010290021,0.0010100781,0.0010660702,0.0010776427,0.0,0.0010586587,0.0010450284,0.001037713,0.0010489064,0.0010550643,0.0010671448,0.001070309,0.0010586587,0.0010450284,0.001037713,0.0010489064,0.0010550643,0.001067145,0.0,0.0,0.0,0.0010290024,0.0010100781,0.0010660702,0.0010887672,0.001070304,0.0010586587,0.0,0.0010290024,0.0010100781,0.0010660702,0.0010776432,0.001070308,0.0010586587,0.0010450283,0.0010660702,0.0,0.0010290024,0.0010100784,0.0,0.0010586587,0.0010450283,0.001037713,0.0010489064,0.0010550643,0.0010671456,0.0,0.0010586587,0.0010450283,0.001037713,0.0010489064,0.0010550643,0.0010671449,0.0,0.0010586587,0.0010450284,0.001037713,0.0010489064,0.0010550643,0.0010671467,0.0010703051,0.0010586587,0.0010450283,0.001037713,0.0010489064,0.0010550643,0.0010671451,0.0,0.0,0.0010450283,0.0010290021,0.0010195837,0.0010302918,0.0011059709,0.0,0.0010586587,0.0010450283,0.001037713,0.0010489064,0.0010550643,0.0010671449,0.0010704224,0.001058659,0.0010450284,0.001037713,0.0010489064,0.0010550643,0.0010671474
k__Bacteria|p__Firmicutes|c__Bacilli|o__Lactobacillales|f__Lactobacillaceae|g__Ligilactobacillus|s__Ligilactobacillus_salivarius,0.0,0.0010627443,0.0010494181,0.0010424623,0.0010541492,0.0010608165,0.0010731941,0.0,0.0010627443,0.0010494181,0.0010424623,0.0010541492,0.0010608165,0.0010731942,0.0,0.0,0.0010494182,0.0010337047,0.0010246598,0.0010358908,0.0011102877,0.0010741111,0.0,0.0010494181,0.0010337057,0.0010246597,0.0010358908,0.0011102876,0.0,0.0,0.0010494181,0.0010337057,0.0010246597,0.0010358908,0.0011102875,0.0010740979,0.0010627443,0.0010494181,0.0010424623,0.0010541492,0.0010608165,0.001073194,0.0,0.0010627444,0.0010494181,0.0010424623,0.0010541492,0.0010608165,0.0010731944,0.001074098,0.0010627443,0.0010494181,0.0010424623,0.0010541492,0.0010608165,0.0010731942,0.0,0.0010627443,0.0010494182,0.0010424624,0.0010541492,0.0010608165,0.0010731947,0.0,0.0010627443,0.0010494181,0.0010424623,0.0010541492,0.0010608165,0.0010731941,0.0,0.0010627443,0.0,0.0010337057,0.0010151006,0.001070191,0.001082198,0.0,0.0010627443,0.0010494181,0.0010424623,0.0010541492,0.0010608165,0.0010731947,0.0,0.0,0.0,0.0010337057,0.0010151006,0.001070191,0.0010929982,0.0010741034,0.0010627443,0.0,0.0010337057,0.0010151006,0.001070191,0.0010822021,0.0010741502,0.0,0.0,0.0010337057,0.0010151006,0.001070191,0.001092998,0.0010741123,0.0,0.0010494181,0.0,0.0010627443,0.0010494181,0.001070191,0.0010740998,0.004625133,0.0018109006,0.0010337057,0.0010151006,0.001070191,0.0010929973,0.0,0.0010627446,0.0,0.0010337057,0.0010151006,0.001070191,0.0010821979,0.0,0.0,0.0010494174,0.0010627449,0.0,0.0010337057,0.0010627445,0.0010741046,0.0010627443,0.0,0.0010337055,0.0010151006,0.001070191,0.0010821974,0.0,0.0,0.0010494182,0.0010337057,0.0010246597,0.0010358908,0.001110288,0.0,0.0,0.0010494181,0.0,0.0010627443,0.0010494181,0.0010701908,0.0,0.0010627431,0.0,0.0010627444,0.009908099,0.0010627443,0.0010494182,0.0,0.0,0.0010494157,0.0010337054,0.0010246597,0.0010358908,0.0011102873,0.0,0.001062751,0.0010627443,0.0010574746,0.0010693981,0.0,0.0009929987,0.0,0.0010627443,0.0010494179,0.0,0.0010627443,0.0010494182,0.0010424635,0.0010740987,0.0010627443,0.0010494181,0.0,0.0010627443,0.0010494181,0.0010424631,0.0,0.0010627445,0.0010494182,0.0010424623,0.0010541492,0.0010608165,0.0010731941,0.001074098,0.0010627443,0.0010494181,0.0010424623,0.0010541492,0.0010608165,0.0010731941,0.0010741126,0.0,0.0,0.0010337057,0.0010151006,0.001070191,0.0010929971,0.0010741024,0.0,0.0010494181,0.0010337057,0.0010246597,0.0010358908,0.0011102875,0.0,0.0010627444,0.0,0.0010337057,0.0010151006,0.001070191,0.0010821975,0.0010741057,0.0,0.0010494181,0.0010337057,0.0010246597,0.0010358908,0.001110292,0.0,0.0010627443,0.0010494181,0.0010424623,0.0010541492,0.0010608165,0.0010731952,0.0010740985,0.0010627443,0.0010494181,0.0010424623,0.0010541492,0.0010608165,0.001073194,0.0,0.0010627445,0.0010494182,0.0010424623,0.0010541492,0.0010608165,0.0010731941,0.0,0.0,0.0010494181,0.0010337057,0.0010246597,0.0010358908,0.0011102876,0.0010740996,0.0010627443,0.0,0.0,0.0010627444,0.0010627443,0.001057475,0.0010741147,0.0030537513,0.001049418,0.0,0.0010627444,0.0010494181,0.0010701923,0.0010741766,0.0,0.0010627445,0.0010494182,0.0010424623,0.0,0.0010627448,0.0,0.0010627442,0.0,0.0010337057,0.0010151006,0.0010701909,0.0010822008,0.0010740999,0.0,0.0010494181,0.0010337057,0.0010246597,0.001035891,0.0011103275,0.0010740997,0.0,0.0,0.0010337057,0.0010151006,0.001070191,0.0010929969,0.0,0.0010627444,0.0010494182,0.0010424623,0.0010541492,0.0010608165,0.0010731942,0.0010741113,0.0010627444,0.0010494182,0.0,0.0010627444,0.0010494181,0.0010424629,0.0010741,0.0,0.0010494182,0.0010337058,0.0010246597,0.0010358908,0.0011102885,0.0010740993,0.0,0.0010494182,0.0010337055,0.0010246597,0.0010358907,0.0011102888,0.0,0.0010627444,0.0010627445,0.0010574746,0.001069398,0.0,0.0009930197,0.0010741203,0.0,0.0010494182,0.0010337057,0.0010246597,0.0010358908,0.0011102875,0.0010741008,0.0,0.0,0.0010337057,0.0010151006,0.001070191,0.0010929981,0.0010741372,0.0010627448,0.0,0.001033706,0.0010151007,0.0010701909,0.0010822015,0.0,0.0010627445,0.0010494182,0.0010424623,0.0010541492,0.0010608165,0.001073194,0.0,0.0010627437,0.0,0.0010337057,0.0010151006,0.001070191,0.0010821975,0.0016773421,0.0010627444,0.0010494182,0.0010424623,0.0010541492,0.0010608165,0.0010731942,0.001074107,0.0010627444,0.0010494181,0.0010424625,0.0010541492,0.0010608165,0.0010731944,0.0,0.0,0.0,0.0010337057,0.0010151006,0.001070191,0.0010929975,0.0010740978,0.0010627443,0.0,0.0010337057,0.0010151006,0.001070191,0.0010821981,0.0010741008,0.0010627445,0.0010494181,0.001070191,0.0,0.0010337057,0.0010151007,0.0,0.0010627443,0.0010494181,0.0010424623,0.0010541492,0.0010608165,0.0010731946,0.0,0.0010627443,0.0010494181,0.0010424623,0.0010541492,0.0010608165,0.0010731942,0.0,0.0010627443,0.0010494182,0.0010424623,0.0010541492,0.0010608165,0.0010731955,0.0010741039,0.0010627443,0.0010494181,0.0010424623,0.0010541492,0.0010608165,0.0010731947,0.0,0.0,0.0010494181,0.0010337057,0.0010246597,0.0010358908,0.001110288,0.0,0.0010627443,0.0010494181,0.0010424623,0.0010541492,0.0010608165,0.0010731941,0.0010741864,0.0010627445,0.001049418,0.0010424622,0.0010541492,0.0010608165,0.0010731956
k__Bacteria|p__Firmicutes|c__Clostridia|o__Eubacteriales|f__Peptostreptococcaceae|g__Paeniclostridium|s__Paeniclostridium_sordellii,0.0,0.0010591017,0.0010454952,0.0010382051,0.0010494277,0.0010556171,0.0010677134,0.0,0.0010591018,0.0010454952,0.0010382051,0.0010494277,0.0010556171,0.0010677134,0.0,0.0,0.0010455094,0.0010295005,0.0010201016,0.0010308408,0.0011064113,0.001070764,0.0,0.0010454952,0.0010294932,0.0010201008,0.0010308408,0.0011064096,0.0,0.0,0.0010454952,0.0010294932,0.0010201008,0.0010308408,0.0011064096,0.0010707248,0.0010591018,0.0010454952,0.0010382051,0.0010494277,0.0010556171,0.0010677131,0.0,0.0010591026,0.0010454952,0.0010382051,0.0010494277,0.0010556171,0.0010677145,0.0010707246,0.0010591018,0.0010454952,0.0010382051,0.0010494277,0.0010556171,0.0010677134,0.0,0.0010591021,0.0010454964,0.0010382052,0.0010494277,0.0010556174,0.001067714,0.0,0.0010591018,0.0010454952,0.0010382051,0.0010494277,0.0010556171,0.0010677134,0.0,0.0010591018,0.0,0.0010294932,0.0010105931,0.0010665132,0.0010781134,0.0,0.0010591018,0.0010454952,0.0010382051,0.0010494277,0.0010556174,0.0010677144,0.0,0.0,0.0,0.0010294932,0.0010105931,0.0010665136,0.0010892113,0.0010707367,0.0010591018,0.0,0.0010294932,0.0010105931,0.0010665132,0.0010781264,0.0010708403,0.0,0.0,0.0010294933,0.0010105931,0.0010665132,0.0010892106,0.0010707559,0.0,0.0010454952,0.0,0.0010591018,0.0010454952,0.0010665136,0.0010707286,0.0,0.0,0.0010294932,0.0010105931,0.0010665132,0.0010892084,0.0,0.0010591039,0.0,0.0010294932,0.0010105931,0.0010665132,0.0010781111,0.0,0.0,0.0010454962,0.0010591039,0.0,0.0010294932,0.0010591021,0.0010707487,0.0010591021,0.0,0.001029493,0.0010105931,0.0010665132,0.0010781104,0.0,0.0,0.0010454953,0.0010294932,0.0010201008,0.0010308408,0.0011064105,0.0,0.0,0.0010454952,0.0,0.0010591018,0.0010454952,0.0010665135,0.0,0.0010591048,0.0,0.0010591019,0.0,0.0010591018,0.0010454953,0.0,0.0,0.0010455111,0.0010294954,0.0010201007,0.0010308408,0.0011064108,0.0,0.0010591387,0.001059106,0.0010535127,0.0010649988,0.0,0.0009882123,0.0,0.0010591047,0.0010454961,0.0,0.0010591022,0.0010454952,0.0010382094,0.0010707297,0.0010591018,0.0010454952,0.0,0.0010591018,0.0010454952,0.0010382069,0.0,0.0010591021,0.0010454953,0.0010382051,0.0010494277,0.0010556171,0.0010677133,0.0010707246,0.0010591018,0.0010454952,0.0010382051,0.0010494277,0.0010556171,0.0010677134,0.0010707659,0.0,0.0,0.0010294932,0.0010105931,0.0010665132,0.0010892084,0.0010707335,0.0,0.0010454952,0.0010294932,0.0010201008,0.0010308408,0.0011064103,0.0,0.0010591019,0.0,0.0010294932,0.0010105931,0.0010665132,0.0010781103,0.0010707462,0.0,0.0010454952,0.0010294932,0.0010201008,0.0010308408,0.0011064261,0.0,0.0010591018,0.0010454952,0.0010382051,0.0010494277,0.0010556174,0.0010677165,0.0010707253,0.0010591018,0.0010454952,0.0010382051,0.0010494277,0.0010556171,0.0010677131,0.0,0.0010591022,0.0010454952,0.0010382051,0.0010494277,0.0010556171,0.0010677136,0.0,0.0,0.0010454952,0.0010294932,0.0010201008,0.0010308408,0.0011064099,0.0010707263,0.0010591018,0.0,0.0,0.0010591019,0.0010591018,0.001053513,0.0010707648,0.0,0.0010454953,0.0,0.0010591019,0.0010454952,0.0010665188,0.001070893,0.0,0.0010591019,0.0010454952,0.0010382051,0.0,0.0010591028,0.0,0.0010591017,0.0,0.0010294932,0.0010105931,0.0010665132,0.0010781233,0.0010707314,0.0,0.0010454952,0.0010294932,0.0010201007,0.0010308415,0.0011065273,0.0010707427,0.0,0.0,0.0010294932,0.0010105931,0.0010665132,0.0010892083,0.0,0.0010591019,0.0010454953,0.0010382051,0.0010494277,0.0010556171,0.0010677134,0.0010707198,0.0010591018,0.0010454952,0.0,0.0010591018,0.0010454952,0.0010382066,0.0010707286,0.0,0.0010454952,0.0010294932,0.0010201008,0.0010308408,0.0011064135,0.0010707285,0.0,0.0010454953,0.0010294932,0.0010201007,0.0010308408,0.0011064144,0.0,0.0010591021,0.0010591021,0.0010535123,0.0010649988,0.0,0.0009882642,0.001070771,0.0,0.0010454952,0.0010294932,0.0010201008,0.0010308408,0.0011064096,0.0010707291,0.0,0.0,0.0010294932,0.0010105931,0.0010665132,0.001089211,0.0010708271,0.0010591034,0.0,0.0010294946,0.0010105937,0.0010665136,0.0010781233,0.0,0.0010591018,0.0010454952,0.0010382051,0.0010494277,0.0010556171,0.0010677133,0.0,0.0010591026,0.0,0.0010294932,0.0010105931,0.0010665132,0.0010781103,0.0,0.0010591019,0.0010454953,0.0010382051,0.0010494277,0.0010556171,0.0010677135,0.0010707475,0.0010591019,0.0010454953,0.0010382051,0.0010494277,0.0010556171,0.001067714,0.0,0.0,0.0,0.0010294932,0.0010105931,0.0010665132,0.001089209,0.0010707243,0.0010591018,0.0,0.0010294932,0.0010105931,0.0010665132,0.0010781122,0.0010707376,0.0010591018,0.0010454952,0.0010665132,0.0,0.0010294932,0.0010105936,0.0,0.0010591018,0.0010454952,0.0010382051,0.0010494277,0.0010556171,0.0010677151,0.0,0.0010591018,0.0010454952,0.0010382051,0.0010494277,0.0010556171,0.0010677137,0.0,0.0010591027,0.0010454952,0.0010382051,0.0010494277,0.0010556171,0.0010677178,0.0010707374,0.0010591018,0.0010454952,0.0010382051,0.0010494277,0.0010556171,0.0010677141,0.0020804713,0.0,0.0010454952,0.0010294932,0.0010201008,0.0010308408,0.0011064106,0.0,0.0010591018,0.0010454952,0.0010382051,0.0010494277,0.0010556171,0.0010677134,0.001070926,0.0010591034,0.0010454952,0.001038205,0.0010494277,0.0010556174,0.0010677185
k__Bacteria|p__Firmicutes|c__Erysipelotrichia|o__Erysipelotrichales|f__Erysipelotrichaceae|g__Faecalicoccus|s__Faecalicoccus_pleomorphus,0.0,0.0010624831,0.0010488462,0.0010414391,0.0010523448,0.0010582429,0.0010700867,0.075864874,0.0010624835,0.0010488462,0.0010414391,0.0010523448,0.0010582429,0.0010700867,0.0,0.0,0.0010488373,0.0010328001,0.0010232931,0.0010337224,0.0011090996,0.0010741334,0.0,0.0010488462,0.0010328067,0.0010232932,0.0010337224,0.0011090996,0.0,0.0,0.0010488462,0.0010328067,0.0010232932,0.0010337224,0.0011090998,0.0010741308,0.0010624834,0.0010488462,0.0010414391,0.0010523448,0.0010582429,0.0010700866,0.0,0.0010624834,0.0010488462,0.0010414391,0.0010523448,0.0010582429,0.0010700877,0.001074131,0.0010624834,0.0010488462,0.0010414391,0.0010523448,0.0010582429,0.0010700867,0.0,0.0010624833,0.0010488463,0.0010414392,0.0010523448,0.0010582429,0.0010700866,0.0,0.0010624835,0.0010488462,0.0010414391,0.0010523448,0.0010582429,0.0010700867,0.0,0.0010624835,0.0,0.0010328067,0.0010138608,0.0010698083,0.0010810776,0.0,0.0010624834,0.0010488462,0.0010414391,0.0010523448,0.0010582429,0.0010700867,0.0,0.0,0.0,0.0010328067,0.0010138608,0.0010698083,0.0010921919,0.0010741331,0.0010624835,0.0,0.0010328067,0.0010138608,0.0010698083,0.0010810768,0.0010741448,0.0,0.0,0.0010328065,0.0010138608,0.0010698083,0.0010921925,0.0010741346,0.0,0.0010488462,0.0,0.0010624834,0.0010488462,0.0010698081,0.0010741305,0.0,0.0,0.0010328067,0.0010138608,0.0010698085,0.0010921923,0.0,0.0010624825,0.0,0.0010328067,0.0010138608,0.0010698085,0.0010810771,0.0,0.0,0.0010488459,0.0010624826,0.0,0.0010328067,0.0010624835,0.0010741212,0.0010624831,0.0,0.0010328064,0.0010138608,0.0010698085,0.001081077,0.0,0.0,0.0010488463,0.0010328067,0.0010232932,0.0010337224,0.0011090997,0.0,0.0,0.0010488462,0.0,0.0010624834,0.0010488462,0.0010698081,0.0,0.0010624799,0.0,0.0010624835,0.0,0.0010624834,0.0010488462,0.0,0.0,0.0010488308,0.0010328043,0.0010232931,0.0010337224,0.0011090991,0.0,0.0010624544,0.0010624796,0.0010567795,0.0010679438,0.0,0.0009914048,0.0,0.0010624824,0.0010488456,0.0,0.0010624831,0.0010488462,0.00104144,0.0010741289,0.0010624834,0.0010488462,0.0,0.0010624834,0.0010488462,0.0010414396,0.0,0.0010624833,0.0010488462,0.0010414391,0.0010523448,0.0010582429,0.0010700866,0.0010741308,0.0010624834,0.0010488462,0.0010414391,0.0010523448,0.0010582429,0.0010700867,0.0010741357,0.0,0.0,0.0010328067,0.0010138608,0.0010698085,0.0010921921,0.0010741282,0.0,0.0010488462,0.0010328067,0.0010232932,0.0010337224,0.0011090995,0.0,0.0010624835,0.0,0.0010328067,0.0010138608,0.0010698085,0.0010810769,0.0010741326,0.0,0.0010488462,0.0010328067,0.0010232932,0.0010337224,0.0011091004,0.0,0.0010624834,0.0010488462,0.0010414391,0.0010523448,0.0010582429,0.0010700878,0.0010741306,0.0010624834,0.0010488462,0.0010414391,0.0010523448,0.0010582429,0.0010700866,0.0,0.0010624832,0.0010488462,0.0010414391,0.0010523448,0.0010582429,0.0010700867,0.0,0.0,0.0010488462,0.0010328067,0.0010232932,0.0010337224,0.0011090997,0.0010741312,0.0010624834,0.0,0.0,0.0010624835,0.0010624835,0.0010567805,0.0010741346,0.0,0.001048846,0.0,0.0010624835,0.0010488462,0.0010698106,0.0010741608,0.0,0.0010624834,0.0010488462,0.0010414391,0.0,0.0010624835,0.0,0.0010624833,0.0,0.0010328067,0.0010138608,0.0010698083,0.0010810811,0.0010741303,0.0,0.0010488462,0.0010328067,0.0010232931,0.0010337228,0.0011091018,0.0010741265,0.0,0.0,0.0010328067,0.0010138608,0.0010698085,0.0010921923,0.0,0.0010624835,0.0010488462,0.0010414391,0.0010523448,0.0010582429,0.0010700867,0.0010741478,0.0010624832,0.0010488462,0.0,0.0010624832,0.0010488462,0.0010414392,0.0010741305,0.0,0.0010488462,0.0010328068,0.0010232932,0.0010337224,0.0011090998,0.0010741303,0.0,0.0010488462,0.0010328067,0.0010232931,0.0010337227,0.0011091,0.0,0.0010624832,0.0010624834,0.0010567801,0.0010679438,0.0,0.0009914194,0.0010741374,0.0,0.0010488462,0.0010328067,0.0010232932,0.0010337224,0.0011090998,0.0010741309,0.0,0.0,0.0010328067,0.0010138608,0.0010698083,0.0010921921,0.0010741377,0.0010624828,0.0,0.0010328064,0.0010138603,0.0010698081,0.0010810791,0.0,0.0010624833,0.0010488462,0.0010414391,0.0010523448,0.0010582429,0.0010700866,0.0,0.0010624822,0.0,0.0010328066,0.0010138608,0.0010698085,0.0010810767,0.0,0.0010624834,0.0010488463,0.0010414391,0.0010523448,0.0010582429,0.0010700868,0.0010741319,0.0010624833,0.0010488462,0.0010414391,0.0010523448,0.0010582429,0.0010700868,0.0,0.0,0.0,0.0010328067,0.0010138608,0.0010698085,0.0010921928,0.0010741309,0.0010624834,0.0,0.0010328067,0.0010138608,0.0010698085,0.0010810771,0.0010741303,0.0010624833,0.0010488462,0.0010698085,0.0,0.0010328067,0.0010138609,0.0,0.0010624834,0.0010488462,0.0010414391,0.0010523448,0.0010582429,0.0010700872,0.0,0.0010624834,0.0010488462,0.0010414391,0.0010523448,0.0010582429,0.0010700866,0.0,0.001062483,0.0010488462,0.0010414391,0.0010523448,0.0010582429,0.0010700877,0.0010741287,0.0010624834,0.0010488462,0.0010414391,0.0010523448,0.0010582429,0.0010700871,0.0,0.0,0.0010488462,0.0010328067,0.0010232932,0.0010337224,0.0011090997,0.0,0.0010624834,0.0010488462,0.0010414391,0.0010523448,0.0010582429,0.0010700867,0.0010741757,0.0010624825,0.0010488458,0.001041439,0.0010523448,0.0010582429,0.0010700877
k__Bacteria|p__Firmicutes|c__Bacilli|o__Lactobacillales|f__Carnobacteriaceae|g__Granulicatella|s__Granulicatella_SGB64171,0.0,0.0010613683,0.0010476484,0.0010401444,0.0010509164,0.0010566771,0.001068441,0.0,0.0010613685,0.0010476484,0.0010401444,0.0010509164,0.0010566771,0.0010684406,0.0,0.0,0.0010476687,0.0010315381,0.0010219107,0.0010321976,0.0011079244,0.0010731268,0.0,0.0010476484,0.0010315239,0.0010219095,0.0010321976,0.0011079231,0.0,0.0,0.0010476484,0.0010315239,0.0010219095,0.0010321976,0.0011079232,0.0010730957,0.0010613684,0.0010476484,0.0010401444,0.0010509164,0.0010566771,0.0010684406,0.0,0.0010613694,0.0010476487,0.0010401444,0.0010509164,0.0010566771,0.0010684415,0.0010730957,0.0010613684,0.0010476484,0.0010401444,0.0010509164,0.0010566771,0.0010684407,0.0,0.0010613689,0.0010476497,0.0010401444,0.0010509164,0.0010566771,0.0010684413,0.0,0.0010613685,0.0010476484,0.0010401444,0.0010509164,0.0010566771,0.0010684406,0.0,0.0010613685,0.0,0.0010315239,0.0010124916,0.0010686839,0.0010798385,0.0,0.0010613684,0.0010476484,0.0010401442,0.0010509164,0.0010566771,0.0010684417,0.0,0.0,0.0,0.0010315239,0.0010124916,0.0010686839,0.0010910424,0.0010731039,0.0010613685,0.0,0.0010315239,0.0010124916,0.0010686839,0.001079847,0.0010731601,0.0,0.0,0.0010315242,0.0010124916,0.0010686839,0.0010910411,0.0010731168,0.0,0.0010476484,0.0012757746,0.0010613684,0.0010476484,0.0010686842,0.0010730987,0.0,0.0,0.0010315239,0.0010124911,0.0010686839,0.001091039,0.0,0.0010613705,0.0,0.0010315239,0.0010124916,0.0010686839,0.001079836,0.0,0.0,0.0010476506,0.0010613701,0.0,0.0010315239,0.0010613686,0.0010731231,0.0010613689,0.0,0.0010315238,0.0010124916,0.0010686839,0.0010798353,0.0,0.0,0.0010476488,0.0010315239,0.0010219095,0.0010321976,0.0011079239,0.0,0.0,0.0010476484,0.0,0.0010613684,0.0010476484,0.0010686842,0.0,0.0010613748,0.0,0.0010613686,0.0,0.0010613684,0.0010476488,0.0,0.0,0.0010476742,0.0010315276,0.00102191,0.0010321976,0.0011079245,0.0,0.0010614173,0.0010613742,0.0010555725,0.0010666104,0.0,0.0009899645,0.0,0.0010613719,0.0010476502,0.0,0.0010613689,0.0010476488,0.0010401481,0.0010731025,0.0010613684,0.0010476484,0.0,0.0010613684,0.0010476484,0.0010401456,0.0,0.0010613685,0.0010476485,0.0010401442,0.0010509164,0.0010566771,0.0010684406,0.0010730954,0.0010613684,0.0010476484,0.0010401444,0.0010509164,0.0010566771,0.0010684406,0.0010731235,0.0,0.0,0.0010315239,0.0010124911,0.0010686839,0.0010910388,0.0010731003,0.0,0.0010476484,0.0010315239,0.0010219095,0.0010321976,0.0011079237,0.0,0.0010613686,0.0,0.0010315239,0.0010124911,0.0010686839,0.0010798352,0.0010731117,0.0,0.0010476484,0.0010315239,0.0010219095,0.0010321976,0.0011079351,0.0,0.0010613684,0.0010476484,0.0010401444,0.0010509164,0.0010566771,0.0010684432,0.001073096,0.0010613684,0.0010476484,0.0010401444,0.0010509164,0.0010566771,0.0010684406,0.0,0.0010613693,0.0010476488,0.0010401442,0.0010509164,0.0010566771,0.001068441,0.0,0.0,0.0010476484,0.0010315239,0.0010219095,0.0010321976,0.0011079233,0.0010730971,0.0010613684,0.0,0.0,0.0010613686,0.0010613685,0.0010555728,0.0010731289,0.0,0.0010476491,0.0,0.0010613686,0.0010476484,0.0010686893,0.0010731929,0.0,0.0010613687,0.0010476488,0.0010401442,0.0,0.0010613695,0.0,0.0010613684,0.0,0.0010315239,0.0010124916,0.0010686839,0.0010798441,0.0010731019,0.0,0.0010476484,0.0010315239,0.00102191,0.0010321981,0.0011080147,0.0010731157,0.0,0.0,0.0010315239,0.0010124911,0.0010686839,0.0010910387,0.0,0.0010613686,0.0010476485,0.0010401444,0.0010509164,0.0010566771,0.0010684406,0.0010730905,0.0010613685,0.0010476486,0.0,0.0010613684,0.0010476484,0.0010401456,0.0010730979,0.0,0.0010476488,0.0010315243,0.0010219095,0.0010321976,0.0011079268,0.0010730997,0.0,0.0010476485,0.0010315239,0.00102191,0.0010321976,0.0011079265,0.0,0.0010613685,0.0010613685,0.001055572,0.0010666103,0.0,0.0009900226,0.0010731257,0.0,0.0010476488,0.0010315239,0.0010219095,0.0010321976,0.0011079232,0.001073101,0.0,0.0,0.0010315239,0.0010124916,0.0010686839,0.0010910413,0.0010731532,0.0010613695,0.0,0.0010315252,0.0010124916,0.0010686842,0.001079847,0.0,0.0010613684,0.0010476488,0.0010401442,0.0010509164,0.0010566771,0.0010684406,0.0,0.0010613702,0.0,0.0010315239,0.0010124911,0.0010686839,0.0010798352,0.0,0.0010613685,0.0010476488,0.0010401442,0.0010509164,0.0010566771,0.0010684407,0.0010731108,0.0010613686,0.0010476487,0.0010401444,0.0010509164,0.0010566771,0.0010684413,0.0,0.0,0.0,0.0010315239,0.0010124911,0.0010686839,0.0010910395,0.0010730951,0.0010613684,0.0,0.0010315239,0.0010124911,0.0010686839,0.0010798369,0.0010731096,0.0010613684,0.0010476484,0.0010686839,0.0,0.0010315239,0.0010124918,0.0,0.0010613684,0.0010476484,0.0010401442,0.0010509164,0.0010566771,0.0010684421,0.0,0.0010613684,0.0010476484,0.0010401442,0.0010509164,0.0010566771,0.001068441,0.0,0.0010613691,0.0010476488,0.0010401442,0.0010509164,0.0010566771,0.0010684441,0.0010731041,0.0010613684,0.0010476484,0.0010401442,0.0010509164,0.0010566771,0.0010684414,0.0,0.0,0.0010476484,0.0010315239,0.0010219095,0.0010321976,0.001107924,0.0,0.0010613684,0.0010476484,0.0010401444,0.0010509164,0.0010566771,0.0010684406,0.0010732886,0.0010613708,0.0010476487,0.0010401442,0.0010509164,0.0010566771,0.001068445
k__Bacteria|p__Firmicutes|c__Clostridia|o__Eubacteriales|f__Lachnospiraceae|g__GGB3653|s__GGB3653_SGB4964,0.0,0.0010580869,0.0010445706,0.0010374346,0.0010489606,0.0010554425,0.0010677574,0.0,0.0010580869,0.0010445706,0.0010374346,0.0010489606,0.0010554425,0.0010677575,0.0,0.0,0.0010445802,0.001028671,0.0010194324,0.0010304791,0.0011058557,0.0010696483,0.0,0.0010445706,0.0010286651,0.0010194321,0.0010304791,0.0011058558,0.0,0.0,0.0010445706,0.0010286651,0.0010194323,0.0010304791,0.0011058558,0.0010696255,0.0010580872,0.0010445706,0.0010374346,0.0010489606,0.0010554425,0.0010677574,0.0,0.0010580875,0.0010445706,0.0010374346,0.0010489606,0.0010554425,0.0010677577,0.0010696256,0.0010580872,0.0010445706,0.0010374346,0.0010489606,0.0010554425,0.0010677575,0.0,0.0010580871,0.0010445708,0.0010374347,0.0010489606,0.0010554425,0.0010677578,0.0,0.0010580869,0.0010445706,0.0010374346,0.0010489606,0.0010554425,0.0010677575,0.0,0.0010580869,0.0,0.0010286651,0.0010098681,0.0010655576,0.0010774509,0.0,0.0010580872,0.0010445706,0.0010374346,0.0010489606,0.0010554425,0.0010677571,0.0,0.0,0.0,0.0010286651,0.0010098681,0.0010655576,0.001088461,0.0010696322,0.0010580873,0.0,0.0010286651,0.0010098681,0.0010655576,0.0010774531,0.0010696816,0.0,0.0,0.0010286652,0.0010098681,0.0010655576,0.0010884613,0.0010696449,0.0,0.0010445706,0.0,0.0010580872,0.0010445706,0.0010655576,0.0010696275,0.0,0.0,0.0010286651,0.0010098681,0.0010655576,0.001088461,0.0,0.0010580876,0.0,0.0010286651,0.0010098681,0.0010655576,0.0010774502,0.0,0.0,0.0010445707,0.001058088,0.0,0.0010286651,0.0010580873,0.0010696392,0.0010580873,0.0,0.0010286651,0.0010098681,0.0010655576,0.0010774501,0.0,0.0,0.0010445706,0.0010286651,0.0010194323,0.0010304791,0.0011058559,0.0,0.0,0.0010445706,0.0,0.0010580872,0.0010445706,0.0010655577,0.0,0.0010580877,0.0,0.001058087,0.0,0.0010580872,0.0010445707,0.0,0.0,0.0010445797,0.0010286665,0.0010194321,0.0010304791,0.0011058553,0.0,0.001058113,0.0010580895,0.0010526462,0.0010644323,0.0,0.0009875814,0.0,0.0010580881,0.0010445709,0.0,0.0010580871,0.0010445706,0.0010374361,0.0010696291,0.0010580872,0.0010445706,0.0,0.0010580872,0.0010445706,0.001037435,0.0,0.0010580872,0.0010445707,0.0010374346,0.0010489606,0.0010554425,0.0010677574,0.0010696256,0.0010580872,0.0010445706,0.0010374346,0.0010489606,0.0010554425,0.0010677575,0.001069646,0.0,0.0,0.0010286651,0.0010098681,0.0010655576,0.0010884611,0.0010696305,0.0,0.0010445706,0.0010286651,0.0010194323,0.0010304791,0.0011058558,0.0,0.001058087,0.0,0.0010286651,0.0010098681,0.0010655576,0.0010774501,0.0010696364,0.0,0.0010445706,0.0010286651,0.0010194323,0.0010304791,0.0011058591,0.0,0.0010580872,0.0010445706,0.0010374346,0.0010489606,0.0010554425,0.001067758,0.0010696264,0.0010580872,0.0010445706,0.0010374346,0.0010489606,0.0010554425,0.0010677574,0.0,0.0010580872,0.0010445706,0.0010374346,0.0010489606,0.0010554425,0.0010677574,0.0,0.0,0.0010445706,0.0010286651,0.0010194323,0.0010304791,0.0011058559,0.001069627,0.0010580872,0.0,0.0,0.0010580873,0.0010580869,0.0010526461,0.0010696487,0.0,0.0010445707,0.0,0.001058087,0.0010445706,0.0010655595,0.0010697141,0.0,0.0010580872,0.0010445706,0.0010374346,0.0,0.0010580873,0.0,0.0010580868,0.0,0.0010286651,0.0010098681,0.0010655577,0.0010774537,0.0010696292,0.0,0.0010445706,0.0010286651,0.0010194321,0.0010304793,0.0011058789,0.0010696336,0.0,0.0,0.0010286651,0.0010098681,0.0010655576,0.0010884614,0.0,0.001058087,0.0010445707,0.0010374346,0.0010489606,0.0010554425,0.0010677575,0.0010696412,0.0010580872,0.0010445706,0.0,0.0010580871,0.0010445706,0.0010374351,0.0010696274,0.0,0.0010445706,0.0010286652,0.0010194321,0.0010304791,0.0011058558,0.0010696274,0.0,0.0010445707,0.0010286651,0.0010194321,0.0010304791,0.0011058563,0.0,0.0010580869,0.0010580872,0.001052646,0.0010644323,0.0,0.0009876057,0.0010696531,0.0,0.0010445706,0.0010286651,0.0010194323,0.0010304791,0.0011058558,0.0010696282,0.0,0.0,0.0010286651,0.0010098681,0.0010655576,0.001088461,0.0010696764,0.0010580875,0.0,0.0010286657,0.0010098682,0.0010655576,0.0010774529,0.0,0.0010580871,0.0010445706,0.0010374346,0.0010489606,0.0010554425,0.0010677574,0.0,0.0010580872,0.0,0.0010286651,0.0010098681,0.0010655576,0.0010774501,0.0,0.0010580872,0.0010445706,0.0010374346,0.0010489606,0.0010554425,0.0010677575,0.001069634,0.0010580871,0.0010445706,0.0010374347,0.0010489606,0.0010554425,0.0010677574,0.0,0.0,0.0,0.0010286651,0.0010098681,0.0010655576,0.0010884614,0.0010696255,0.0010580872,0.0,0.0010286651,0.0010098681,0.0010655576,0.0010774505,0.0010696311,0.0010580871,0.0010445706,0.0010655576,0.0,0.0010286651,0.0010098682,0.0,0.0010580872,0.0010445706,0.0010374346,0.0010489606,0.0010554425,0.0010677576,0.0,0.0010580869,0.0010445706,0.0010374346,0.0010489606,0.0010554425,0.0010677573,0.0,0.0010580873,0.0010445706,0.0010374346,0.0010489606,0.0010554425,0.001067758,0.0010696321,0.0010580872,0.0010445706,0.0010374346,0.0010489606,0.0010554425,0.0010677575,0.0,0.0,0.0010445706,0.0010286651,0.0010194323,0.0010304791,0.001105856,0.0,0.0010580869,0.0010445706,0.0010374346,0.0010489606,0.0010554425,0.0010677575,0.0010697478,0.0010580877,0.0010445706,0.0010374344,0.0010489606,0.0010554425,0.001067758
k__Bacteria|p__Firmicutes|c__Clostridia|o__Eubacteriales|f__Lachnospiraceae|g__Roseburia|s__Roseburia_porci,0.0,0.0010588642,0.0010450421,0.001037441,0.0010481271,0.0010537886,0.001065519,0.0,0.0010588642,0.0010450421,0.001037441,0.0010481271,0.0010537886,0.001065519,0.0,0.0,0.0010450514,0.0010288209,0.0010191,0.0010292892,0.0011055402,0.0010707136,0.0,0.0010450421,0.001028814,0.0010190997,0.0010292892,0.0011055401,0.0,0.0,0.0010450422,0.001028814,0.0010190997,0.0010292892,0.00110554,0.0010706906,0.001058864,0.0010450421,0.001037441,0.0010481271,0.0010537886,0.001065519,0.0,0.0010588644,0.0010450421,0.001037441,0.0010481271,0.0010537886,0.0010655192,0.0010706906,0.001058864,0.0010450421,0.001037441,0.0010481271,0.0010537886,0.0010655189,0.0,0.0010588643,0.0010450424,0.0010374411,0.0010481271,0.0010537886,0.0010655195,0.0,0.0010588642,0.0010450421,0.001037441,0.0010481271,0.0010537886,0.001065519,0.0,0.0010588642,0.0,0.001028814,0.0010096784,0.0010661928,0.0010772834,0.0,0.001058864,0.0010450421,0.001037441,0.0010481271,0.0010537886,0.0010655193,0.0,0.0,0.0,0.001028814,0.0010096784,0.0010661928,0.0010886011,0.0010706962,0.0010588642,0.0,0.001028814,0.0010096784,0.0010661928,0.0010772859,0.00107073,0.0,0.0,0.0010288141,0.0010096784,0.0010661928,0.0010886006,0.0010707058,0.0,0.0010450421,0.0,0.001058864,0.0010450421,0.0010661928,0.0010706921,0.0,0.0,0.001028814,0.0010096784,0.0010661928,0.0010885999,0.0,0.0010588649,0.0,0.001028814,0.0010096784,0.0010661928,0.0010772827,0.0,0.0,0.0010450428,0.0010588645,0.0,0.001028814,0.0010588643,0.0010707073,0.0010588643,0.0,0.0010288139,0.0010096784,0.0010661928,0.0010772827,0.0,0.0,0.0010450425,0.001028814,0.0010190997,0.0010292892,0.0011055401,0.0,0.0,0.0010450421,0.0,0.001058864,0.0010450421,0.0010661926,0.0,0.0010588666,0.0,0.0010588643,0.0,0.001058864,0.0010450422,0.0,0.0,0.0010450532,0.0010288156,0.0010190996,0.0010292892,0.0011055402,0.0,0.0010588825,0.0010588663,0.0010529759,0.0010639403,0.0,0.000987041,0.0,0.0010588653,0.0010450428,0.0,0.0010588643,0.0010450423,0.0010374424,0.0010706951,0.001058864,0.0010450421,0.0,0.001058864,0.0010450421,0.0010374417,0.0,0.0010588644,0.0010450423,0.001037441,0.0010481271,0.0010537886,0.001065519,0.0010706905,0.001058864,0.0010450421,0.001037441,0.0010481271,0.0010537886,0.001065519,0.001070706,0.0,0.0,0.001028814,0.0010096784,0.0010661928,0.0010885999,0.0010706924,0.0,0.0010450421,0.001028814,0.0010190997,0.0010292892,0.00110554,0.0,0.0010588643,0.0,0.001028814,0.0010096784,0.0010661928,0.0010772826,0.0010707005,0.0,0.0010450421,0.001028814,0.0010190997,0.0010292892,0.0011055418,0.0,0.001058864,0.0010450421,0.001037441,0.0010481271,0.0010537886,0.0010655198,0.0010706912,0.001058864,0.0010450421,0.001037441,0.0010481271,0.0010537886,0.001065519,0.0,0.0010588644,0.0010450423,0.001037441,0.0010481271,0.0010537886,0.001065519,0.0,0.0,0.0010450422,0.001028814,0.0010190997,0.0010292892,0.00110554,0.0010706923,0.001058864,0.0,0.0,0.0010588643,0.0010588642,0.0010529759,0.0010707163,0.0,0.0010450424,0.0,0.0010588643,0.0010450421,0.0010661945,0.0010707584,0.0,0.0010588643,0.0010450423,0.001037441,0.0,0.0010588645,0.0,0.001058864,0.0,0.001028814,0.0010096784,0.0010661928,0.0010772846,0.0010706942,0.0,0.0010450421,0.001028814,0.0010190996,0.0010292893,0.0011055592,0.0010707017,0.0,0.0,0.001028814,0.0010096784,0.0010661928,0.0010886,0.0,0.0010588643,0.0010450422,0.001037441,0.0010481271,0.0010537886,0.001065519,0.0010707143,0.0010588643,0.0010450423,0.0,0.0010588642,0.0010450421,0.0010374415,0.0010706915,0.0,0.0010450421,0.0010288141,0.0010190997,0.0010292892,0.001105541,0.0010706929,0.0,0.0010450422,0.001028814,0.0010190996,0.0010292891,0.0011055404,0.0,0.0010588643,0.0010588643,0.0010529757,0.0010639402,0.0,0.0009870708,0.001070711,0.0,0.0010450421,0.001028814,0.0010190997,0.0010292892,0.00110554,0.0010706946,0.0,0.0,0.001028814,0.0010096784,0.0010661928,0.0010886008,0.0010707286,0.0010588643,0.0,0.0010288144,0.0010096785,0.0010661928,0.0010772862,0.0,0.0010588643,0.0010450423,0.001037441,0.0010481271,0.0010537886,0.001065519,0.0,0.0010588649,0.0,0.001028814,0.0010096784,0.0010661928,0.0010772826,0.0,0.0010588643,0.0010450422,0.001037441,0.0010481271,0.0010537886,0.0010655189,0.0010706974,0.0010588642,0.0010450421,0.0010374411,0.0010481271,0.0010537886,0.0010655192,0.0,0.0,0.0,0.001028814,0.0010096784,0.0010661928,0.0010886003,0.0010706903,0.001058864,0.0,0.001028814,0.0010096784,0.0010661928,0.001077283,0.0010706986,0.0010588643,0.0010450421,0.0010661928,0.0,0.001028814,0.0010096787,0.0,0.001058864,0.0010450421,0.001037441,0.0010481271,0.0010537886,0.0010655193,0.0,0.001058864,0.0010450421,0.001037441,0.0010481271,0.0010537886,0.001065519,0.0,0.0010588645,0.0010450423,0.001037441,0.0010481271,0.0010537886,0.0010655199,0.0010706943,0.001058864,0.0010450421,0.001037441,0.0010481271,0.0010537886,0.0010655192,0.0,0.0,0.0010450421,0.001028814,0.0010190997,0.0010292892,0.0011055402,0.0,0.001058864,0.0010450421,0.001037441,0.0010481271,0.0010537886,0.001065519,0.0010708424,0.0010588652,0.0010450424,0.001037441,0.0010481271,0.0010537886,0.0010655203
k__Bacteria|p__Firmicutes|c__Clostridia|o__Eubacteriales|f__Lachnospiraceae|g__Dorea|s__Dorea_formicigenerans,0.0,0.0010599856,0.0010463791,0.0010390709,0.0010502319,0.0010563664,0.001068411,0.0,0.0010599856,0.0010463791,0.0010390709,0.0010502319,0.0010563664,0.001068411,0.0,0.0,0.0010463925,0.0010303848,0.0010209653,0.0010316455,0.0011071392,0.0010716204,0.0,0.0010463791,0.0010303762,0.0010209647,0.0010316455,0.0011071389,0.0,0.0,0.0010463791,0.0010303762,0.0010209647,0.0010316455,0.0011071387,0.0010716071,0.0010599856,0.0010463791,0.0010390709,0.0010502319,0.0010563664,0.001068411,0.0,0.0010599862,0.0010463794,0.0010390709,0.0010502319,0.0010563664,0.0010684113,0.001071607,0.0010599856,0.0010463791,0.0010390709,0.0010502319,0.0010563664,0.0010684112,0.0,0.0010599857,0.0010463798,0.0010390709,0.0010502319,0.0010563664,0.0010684117,0.0,0.0010599856,0.0010463791,0.0010390709,0.0010502319,0.0010563664,0.001068411,0.0,0.0010599856,0.0,0.0010303762,0.0010114735,0.001067378,0.0010789104,0.0,0.0010599856,0.0010463791,0.0010390709,0.0010502319,0.0010563664,0.0010684113,0.0,0.0,0.0,0.0010303762,0.0010114735,0.001067378,0.0010900052,0.0010716114,0.0010599856,0.0,0.0010303762,0.0010114735,0.001067378,0.0010789149,0.0010716508,0.0,0.0,0.0010303764,0.0010114735,0.001067378,0.0010900042,0.0010716198,0.0,0.0010463791,0.0,0.0010599856,0.0010463791,0.001067378,0.0010716086,0.0,0.0,0.0010303762,0.0010114735,0.001067378,0.0010900036,0.0,0.0010599867,0.0,0.0010303762,0.0010114735,0.001067378,0.0010789093,0.0,0.0,0.0010463799,0.0010599871,0.0,0.0010303762,0.0010599857,0.001071623,0.0010599857,0.0,0.001030376,0.0010114735,0.001067378,0.0010789093,0.0,0.0,0.0010463796,0.0010303762,0.0010209647,0.0010316455,0.0011071392,0.0,0.0,0.0010463791,0.0,0.0010599856,0.0010463791,0.0010673779,0.0,0.0010599879,0.0,0.0010599857,0.0,0.0010599856,0.0010463792,0.0,0.0,0.0010463963,0.0010303784,0.0010209647,0.0010316455,0.0011071389,0.0,0.0010600203,0.0010599891,0.0010543786,0.0010658011,0.0,0.000989076,0.0,0.0010599873,0.0010463798,0.0,0.0010599858,0.0010463792,0.0010390726,0.0010716101,0.0010599856,0.0010463791,0.0,0.0010599856,0.0010463791,0.0010390714,0.0,0.0010599858,0.0010463792,0.0010390709,0.0010502319,0.0010563664,0.0010684112,0.0010716069,0.0010599856,0.0010463791,0.0010390709,0.0010502319,0.0010563664,0.001068411,0.0010716246,0.0,0.0,0.0010303762,0.0010114735,0.001067378,0.0010900036,0.0010716118,0.0,0.0010463791,0.0010303762,0.0010209647,0.0010316455,0.001107139,0.0,0.0010599857,0.0,0.0010303762,0.0010114735,0.001067378,0.0010789091,0.0010716144,0.0,0.0010463791,0.0010303762,0.0010209647,0.0010316455,0.0011071443,0.0,0.0010599856,0.0010463791,0.0010390709,0.0010502319,0.0010563664,0.0010684119,0.0010716075,0.0010599856,0.0010463791,0.0010390709,0.0010502319,0.0010563664,0.001068411,0.0,0.001059986,0.0010463792,0.0010390709,0.0010502319,0.0010563664,0.001068411,0.0,0.0,0.0010463791,0.0010303762,0.0010209647,0.0010316455,0.0011071388,0.0010716072,0.0010599856,0.0,0.0,0.0010599857,0.0010599856,0.0010543782,0.0010716203,0.0,0.0010463793,0.0,0.0010599857,0.0010463791,0.00106738,0.0010716685,0.0,0.0010599857,0.0010463792,0.0010390709,0.0,0.0010599861,0.0,0.0010599855,0.0,0.0010303762,0.0010114735,0.001067378,0.0010789129,0.0010716099,0.0,0.0010463791,0.0010303762,0.0010209647,0.0010316458,0.0011071928,0.0010716158,0.0,0.0,0.0010303762,0.0010114735,0.001067378,0.0010900036,0.0,0.0010599857,0.0010463792,0.0010390709,0.0010502319,0.0010563664,0.001068411,0.0010716005,0.0010599857,0.0010463792,0.0,0.0010599857,0.0010463791,0.0010390719,0.0010716086,0.0,0.0010463792,0.0010303764,0.0010209647,0.0010316455,0.00110714,0.0010716084,0.0,0.0010463792,0.0010303762,0.0010209647,0.0010316456,0.0011071399,0.0,0.0010599857,0.0010599858,0.0010543781,0.0010658009,0.0,0.0009891143,0.0010716282,0.0,0.0010463792,0.0010303762,0.0010209647,0.0010316455,0.0011071387,0.0010716093,0.0,0.0,0.0010303762,0.0010114735,0.001067378,0.0010900046,0.001071645,0.0010599863,0.0,0.001030377,0.0010114735,0.0010673781,0.001078915,0.0,0.0010599858,0.0010463792,0.0010390709,0.0010502319,0.0010563664,0.001068411,0.0,0.0010599863,0.0,0.0010303762,0.0010114735,0.001067378,0.0010789091,0.0,0.0010599857,0.0010463796,0.0010390709,0.0010502319,0.0010563664,0.0010684112,0.0010716139,0.0010599856,0.0010463792,0.0010390709,0.0010502319,0.0010563664,0.001068411,0.0,0.0,0.0,0.0010303762,0.0010114735,0.001067378,0.0010900038,0.0010716066,0.0010599856,0.0,0.0010303762,0.0010114735,0.001067378,0.0010789096,0.0010716113,0.0010599858,0.0010463791,0.001067378,0.0,0.0010303762,0.0010114736,0.0,0.0010599856,0.0010463791,0.0010390709,0.0010502319,0.0010563664,0.0010684115,0.0,0.0010599856,0.0010463791,0.0010390709,0.0010502319,0.0010563664,0.0010684113,0.0,0.0010599861,0.0010463792,0.0010390709,0.0010502319,0.0010563664,0.0010684124,0.0010716133,0.0010599856,0.0010463791,0.0010390709,0.0010502319,0.0010563664,0.0010684114,0.0,0.0,0.0010463791,0.0010303762,0.0010209647,0.0010316455,0.0011071393,0.0,0.0010599856,0.0010463791,0.0010390709,0.0010502319,0.0010563664,0.001068411,0.0010716846,0.0010599868,0.0010463792,0.0010390707,0.0010502319,0.0010563664,0.0010684129
k__Bacteria|p__Firmicutes|c__Clostridia|o__Eubacteriales|f__Lachnospiraceae|g__Coprococcus|s__Coprococcus_comes,0.0,0.0010582536,0.001044566,0.0010371752,0.0010482491,0.0010542879,0.0010662905,0.0,0.0010582537,0.001044566,0.0010371752,0.0010482491,0.0010542879,0.0010662904,0.0,0.0,0.0010445815,0.0010284906,0.001018984,0.0010295678,0.0011054574,0.0010699667,0.0,0.001044566,0.0010284802,0.0010189832,0.0010295678,0.0011054572,0.0,0.0,0.001044566,0.0010284802,0.0010189832,0.0010295678,0.0011054572,0.0010699539,0.0010582536,0.001044566,0.0010371752,0.0010482491,0.0010542879,0.0010662905,0.0,0.0010582543,0.0010445662,0.0010371752,0.0010482491,0.0010542879,0.0010662908,0.001069954,0.0010582536,0.001044566,0.0010371752,0.0010482491,0.0010542879,0.0010662905,0.0,0.0010582542,0.0010445666,0.0010371753,0.0010482491,0.0010542879,0.001066291,0.0,0.0010582537,0.001044566,0.0010371752,0.0010482491,0.0010542879,0.0010662905,0.0,0.0010582537,0.0,0.0010284802,0.0010094945,0.0010656506,0.0010771145,0.0,0.0010582536,0.001044566,0.0010371752,0.0010482491,0.0010542879,0.0010662908,0.0,0.0,0.0,0.0010284802,0.0010094945,0.0010656506,0.0010882984,0.001069957,0.0010582537,0.0,0.0010284802,0.0010094945,0.0010656506,0.0010771196,0.0010699932,0.0,0.0,0.0010284802,0.0010094945,0.0010656506,0.0010882979,0.0010699652,0.0,0.001044566,0.0,0.0010582536,0.001044566,0.0010656506,0.0010699553,0.0,0.0,0.0010284802,0.0010094945,0.0010656506,0.0010882971,0.0,0.0010582552,0.0,0.0010284802,0.0010094945,0.0010656506,0.0010771136,0.0,0.0,0.0010445667,0.0010582551,0.0,0.0010284802,0.0010582537,0.0010699688,0.0010582542,0.0,0.0010284801,0.0010094945,0.0010656506,0.0010771133,0.0,0.0,0.0010445662,0.0010284802,0.0010189832,0.0010295678,0.0011054574,0.0,0.0,0.001044566,0.0,0.0010582536,0.001044566,0.0010656506,0.0,0.0010582574,0.0,0.0010582538,0.0,0.0010582536,0.0010445662,0.0,0.0,0.0010445842,0.0010284828,0.0010189833,0.0010295678,0.0011054574,0.0,0.0010583003,0.0010582585,0.0010525679,0.0010639129,0.0,0.0009870161,0.0,0.0010582561,0.001044567,0.0,0.0010582542,0.001044566,0.0010371772,0.0010699563,0.0010582536,0.001044566,0.0,0.0010582536,0.001044566,0.0010371757,0.0,0.0010582538,0.0010445662,0.0010371752,0.0010482491,0.0010542879,0.0010662905,0.0010699538,0.0010582536,0.001044566,0.0010371752,0.0010482491,0.0010542879,0.0010662905,0.0010699673,0.0,0.0,0.0010284802,0.0010094945,0.0010656506,0.0010882971,0.001069958,0.0,0.001044566,0.0010284802,0.0010189832,0.0010295678,0.0011054573,0.0,0.0010582538,0.0,0.0010284802,0.0010094945,0.0010656506,0.0010771132,0.001069962,0.0,0.001044566,0.0010284802,0.0010189832,0.0010295678,0.0011054635,0.0,0.0010582536,0.001044566,0.0010371752,0.0010482491,0.0010542879,0.0010662916,0.0010699539,0.0010582536,0.001044566,0.0010371752,0.0010482491,0.0010542879,0.0010662905,0.0,0.0010582543,0.001044566,0.0010371752,0.0010482491,0.0010542879,0.0010662905,0.0,0.0,0.001044566,0.0010284802,0.0010189832,0.0010295678,0.0011054572,0.0010699542,0.0010582536,0.0,0.0,0.0010582538,0.0010582537,0.0010525677,0.0010699674,0.0,0.0010445664,0.0,0.0010582538,0.001044566,0.0010656529,0.0010700133,0.0,0.001058254,0.001044566,0.0010371752,0.0,0.0010582543,0.0,0.0010582536,0.0,0.0010284802,0.0010094945,0.0010656506,0.0010771172,0.0010699562,0.0,0.001044566,0.0010284802,0.0010189833,0.001029568,0.0011055041,0.0010699626,0.0,0.0,0.0010284802,0.0010094945,0.0010656506,0.001088297,0.0,0.0010582538,0.0010445662,0.0010371752,0.0010482491,0.0010542879,0.0010662904,0.0010699402,0.0010582537,0.001044566,0.0,0.0010582537,0.001044566,0.001037176,0.0010699552,0.0,0.001044566,0.0010284804,0.0010189832,0.0010295678,0.0011054582,0.0010699553,0.0,0.0010445662,0.0010284802,0.0010189833,0.0010295678,0.0011054584,0.0,0.001058254,0.001058254,0.0010525675,0.0010639128,0.0,0.0009870506,0.0010699717,0.0,0.001044566,0.0010284802,0.0010189832,0.0010295678,0.0011054572,0.0010699559,0.0,0.0,0.0010284802,0.0010094945,0.0010656506,0.001088298,0.0010699838,0.0010582545,0.0,0.0010284812,0.0010094945,0.0010656507,0.0010771189,0.0,0.0010582537,0.001044566,0.0010371752,0.0010482491,0.0010542879,0.0010662905,0.0,0.0010582547,0.0,0.0010284802,0.0010094945,0.0010656506,0.0010771132,0.0,0.0010582538,0.0010445662,0.0010371752,0.0010482491,0.0010542879,0.0010662907,0.0010699613,0.0010582539,0.0010445662,0.0010371752,0.0010482491,0.0010542879,0.0010662907,0.0,0.0,0.0,0.0010284802,0.0010094945,0.0010656506,0.0010882973,0.0010699537,0.0010582536,0.0,0.0010284802,0.0010094945,0.0010656506,0.0010771141,0.0010699596,0.0010582537,0.001044566,0.0010656506,0.0,0.0010284802,0.0010094946,0.0,0.0010582536,0.001044566,0.0010371752,0.0010482491,0.0010542879,0.001066291,0.0,0.0010582536,0.001044566,0.0010371752,0.0010482491,0.0010542879,0.0010662907,0.0,0.0010582544,0.001044566,0.0010371752,0.0010482491,0.0010542879,0.0010662919,0.0010699591,0.0010582536,0.001044566,0.0010371752,0.0010482491,0.0010542879,0.0010662908,0.0,0.0,0.001044566,0.0010284802,0.0010189832,0.0010295678,0.0011054574,0.0,0.0010582536,0.001044566,0.0010371752,0.0010482491,0.0010542879,0.0010662905,0.0010700447,0.0010582552,0.0010445663,0.0010371751,0.0010482491,0.0010542879,0.0010662922
k__Bacteria|p__Firmicutes|c__Bacilli|o__Lactobacillales|f__Streptococcaceae|g__Streptococcus|s__Streptococcus_SGB3665,0.0,0.0010676264,0.001054271,0.0010471678,0.0010584325,0.0010647138,0.0010767512,0.0,0.0010676263,0.001054271,0.0010471678,0.0010584325,0.0010647138,0.0010767509,0.0,0.0,0.0010542914,0.0010385349,0.0010293223,0.0010401402,0.001114214,0.0010790228,0.0,0.001054271,0.0010385199,0.0010293213,0.0010401402,0.0011142128,0.0,0.0,0.001054271,0.0010385199,0.0010293213,0.0010401402,0.0011142129,0.0010790022,0.0010676263,0.001054271,0.0010471678,0.0010584325,0.0010647138,0.0010767509,0.0,0.0010676271,0.0010542711,0.0010471678,0.0010584325,0.0010647138,0.0010767524,0.0010790023,0.0010676263,0.001054271,0.0010471678,0.0010584325,0.0010647138,0.0010767513,0.0,0.0010676266,0.0010542719,0.001047168,0.0010584325,0.0010647138,0.0010767517,0.0,0.0010676263,0.001054271,0.0010471678,0.0010584325,0.0010647138,0.0010767509,0.0,0.0010676265,0.0,0.0010385199,0.001019865,0.0010749534,0.0010865229,0.0,0.0010676263,0.001054271,0.0010471678,0.0010584325,0.0010647138,0.001076752,0.0,0.0,0.0,0.0010385199,0.001019865,0.0010749534,0.001097332,0.0010790068,0.0010676263,0.0,0.0010385199,0.001019865,0.0010749534,0.0010865293,0.0010790299,0.0,0.0,0.0010385202,0.001019865,0.0010749534,0.0010973315,0.0010790144,0.0,0.001054271,0.0,0.0010676263,0.001054271,0.0010749534,0.0010790038,0.0,0.0,0.0010385199,0.001019865,0.0010749534,0.0010973294,0.0,0.001067628,0.0015013602,0.0010385199,0.001019865,0.0010749534,0.0010865208,0.0,0.0,0.001054273,0.0010676273,0.0,0.0010385199,0.0010676265,0.001079023,0.0010676266,0.0,0.0010385199,0.001019865,0.0010749534,0.0010865204,0.0,0.0,0.0010542711,0.0010385199,0.0010293213,0.0010401402,0.001114213,0.0,0.0,0.001054271,0.0,0.0010676263,0.001054271,0.0010749534,0.0,0.0010676326,0.0,0.0010676264,0.0,0.0010676263,0.0010542711,0.0,0.0,0.0010542921,0.0010385234,0.0010293213,0.0010401402,0.0011142138,0.0,0.0010676711,0.0010676318,0.0010622136,0.0010737053,0.0,0.0009977106,0.0,0.0010676291,0.0010542725,0.0,0.001067627,0.0010542711,0.001047172,0.0010790079,0.0010676263,0.001054271,0.0,0.0010676263,0.001054271,0.0010471691,0.0,0.0010676264,0.0010542711,0.0010471678,0.0010584325,0.0010647138,0.0010767512,0.0010790018,0.0010676263,0.001054271,0.0010471678,0.0010584325,0.0010647138,0.0010767509,0.0010790175,0.0,0.0,0.0010385199,0.001019865,0.0010749534,0.0010973294,0.0010790027,0.0,0.001054271,0.0010385199,0.0010293213,0.0010401402,0.0011142133,0.0,0.0010676264,0.0,0.0010385199,0.001019865,0.0010749534,0.0010865201,0.0010790146,0.0,0.001054271,0.0010385199,0.0010293213,0.0010401402,0.001114223,0.0,0.0010676263,0.001054271,0.0010471678,0.0010584325,0.0010647138,0.0010767533,0.001079002,0.0010676263,0.001054271,0.0010471678,0.0010584325,0.0010647138,0.0010767509,0.0,0.0010676271,0.0010542711,0.0010471678,0.0010584325,0.0010647138,0.0010767512,0.0,0.0,0.001054271,0.0010385199,0.0010293213,0.0010401402,0.001114213,0.0010790032,0.0010676263,0.0,0.0,0.0010676264,0.0010676263,0.0010622139,0.0010790263,0.0,0.0010542717,0.0,0.0010676264,0.001054271,0.0010749598,0.0010790544,0.0,0.0010676266,0.0010542711,0.0010471678,0.0,0.0010676277,0.0,0.0010676262,0.0,0.0010385199,0.001019865,0.0010749534,0.0010865305,0.0010790066,0.0,0.001054271,0.0010385199,0.0010293213,0.0010401407,0.0011142885,0.0010790187,0.0,0.0,0.0010385199,0.001019865,0.0010749534,0.0010973294,0.0,0.0010676266,0.0010542711,0.0010471678,0.0010584325,0.0010647138,0.0010767509,0.0010789952,0.0010676264,0.0010542711,0.0,0.0010676262,0.001054271,0.001047169,0.0010790024,0.0,0.0010542711,0.0010385202,0.0010293213,0.0010401402,0.0011142166,0.001079005,0.0,0.0010542711,0.0010385199,0.0010293213,0.0010401403,0.0011142157,0.0,0.0010676266,0.0010676268,0.0010622129,0.0010737055,0.0,0.000997766,0.0010790149,0.0,0.0010542711,0.0010385199,0.0010293213,0.0010401402,0.0011142129,0.001079006,0.0,0.0,0.0010385199,0.001019865,0.0010749534,0.0010973316,0.0010790277,0.0010676269,0.0,0.0010385211,0.001019865,0.0010749535,0.0010865309,0.0,0.0010676263,0.0010542711,0.0010471678,0.0010584325,0.0010647138,0.0010767509,0.0,0.0010676284,0.0,0.0010385199,0.001019865,0.0010749534,0.0010865201,0.0,0.0010676266,0.0010542711,0.0010471678,0.0010584325,0.0010647138,0.0010767513,0.0010790117,0.0010676265,0.001054271,0.0010471683,0.0010584325,0.0010647138,0.0010767516,0.0,0.0,0.0,0.0010385199,0.001019865,0.0010749534,0.0010973304,0.0010790017,0.0010676263,0.0,0.0010385199,0.001019865,0.0010749534,0.0010865213,0.0010790133,0.0010676266,0.001054271,0.0010749534,0.0,0.0010385199,0.0010198652,0.0,0.0010676263,0.001054271,0.0010471678,0.0010584325,0.0010647138,0.0010767524,0.0,0.0010676263,0.001054271,0.0010471678,0.0010584325,0.0010647138,0.0010767513,0.0,0.0010676271,0.0010542711,0.0010471678,0.0010584325,0.001064714,0.0010767543,0.0010790048,0.0010676263,0.001054271,0.0010471678,0.0010584325,0.0010647138,0.0010767517,0.0,0.0,0.001054271,0.0010385199,0.0010293213,0.0010401402,0.0011142134,0.0,0.0010676263,0.001054271,0.0010471678,0.0010584325,0.0010647138,0.0010767509,0.0010791658,0.0010676286,0.0010542714,0.0010471678,0.0010584325,0.0010647138,0.0010767551
k__Bacteria|p__Firmicutes|c__Bacilli|o__Lactobacillales|f__Enterococcaceae|g__GGB9582|s__GGB9582_SGB4865,0.0,0.0010593118,0.0010456913,0.0010383764,0.0010495487,0.0010556902,0.0010677496,0.0,0.0010593119,0.0010456913,0.0010383764,0.0010495487,0.0010556902,0.0010677493,0.0,0.0,0.0010456991,0.0010296798,0.001020257,0.0010309457,0.0011065401,0.0010709589,0.0,0.0010456913,0.0010296744,0.0010202564,0.0010309457,0.0011065394,0.0,0.0,0.0010456913,0.0010296744,0.0010202564,0.0010309457,0.0011065395,0.0010709474,0.0010593118,0.0010456913,0.0010383764,0.0010495487,0.0010556902,0.0010677492,0.0,0.0010593126,0.0010456913,0.0010383764,0.0010495487,0.0010556902,0.0010677497,0.0010709475,0.0010593118,0.0010456913,0.0010383764,0.0010495487,0.0010556902,0.0010677496,0.0,0.0010593119,0.0010456917,0.0010383765,0.0010495487,0.0010556902,0.0010677499,0.0,0.0010593119,0.0010456913,0.0010383764,0.0010495487,0.0010556902,0.0010677493,0.0,0.0010593119,0.0,0.0010296744,0.0010107585,0.0010667132,0.0010782621,0.0,0.0010593118,0.0010456913,0.0010383764,0.0010495487,0.0010556902,0.00106775,0.0,0.0,0.0,0.0010296744,0.0010107585,0.0010667132,0.001089375,0.0010709515,0.0010593119,0.0,0.0010296744,0.0010107585,0.0010667132,0.0010782689,0.0010709945,0.0,0.0,0.0010296744,0.0010107585,0.0010667132,0.0010893741,0.0010709579,0.0,0.0010456913,0.0,0.0010593118,0.0010456913,0.0010667135,0.0010709495,0.0,0.0,0.0010296744,0.0010107585,0.0010667132,0.0010893721,0.0,0.0010593128,0.0,0.0010296744,0.0010107585,0.0010667132,0.0010782608,0.0,0.0,0.0010456921,0.0010593127,0.0,0.0010296744,0.0010593119,0.0010709611,0.0010593119,0.0,0.0010296743,0.0010107585,0.0010667132,0.0010782604,0.0,0.0,0.0010456914,0.0010296744,0.0010202564,0.0010309457,0.0011065397,0.0,0.0,0.0010456913,0.0,0.0010593118,0.0010456913,0.0010667131,0.0,0.0010593141,0.0,0.001059312,0.0,0.0010593118,0.0010456914,0.0,0.0,0.0010457013,0.0010296758,0.0010202563,0.0010309457,0.0011065402,0.0,0.0010593355,0.0010593138,0.0010536985,0.001065135,0.0,0.0009883513,0.0,0.0010593138,0.0010456917,0.0,0.001059312,0.0010456914,0.0010383785,0.0010709483,0.0010593118,0.0010456913,0.0,0.0010593118,0.0010456913,0.0010383778,0.0,0.001059312,0.0010456914,0.0010383764,0.0010495487,0.0010556902,0.0010677492,0.0010709472,0.0010593118,0.0010456913,0.0010383764,0.0010495487,0.0010556902,0.0010677493,0.0010709662,0.0,0.0,0.0010296744,0.0010107585,0.0010667132,0.0010893717,0.0010709508,0.0,0.0010456913,0.0010296744,0.0010202564,0.0010309457,0.0011065397,0.0,0.001059312,0.0,0.0010296744,0.0010107585,0.0010667132,0.0010782604,0.0010709547,0.0,0.0010456913,0.0010296744,0.0010202564,0.0010309457,0.0011065482,0.0,0.0010593118,0.0010456913,0.0010383764,0.0010495487,0.0010556902,0.0010677517,0.0010709473,0.0010593118,0.0010456913,0.0010383764,0.0010495487,0.0010556902,0.0010677492,0.0,0.0010593121,0.0010456914,0.0010383764,0.0010495487,0.0010556902,0.0010677492,0.0,0.0,0.0010456913,0.0010296744,0.0010202564,0.0010309457,0.0011065396,0.0010709481,0.0010593118,0.0,0.0,0.001059312,0.0010593119,0.0010536992,0.0010709643,0.0,0.0010456915,0.0,0.001059312,0.0010456913,0.0010667153,0.001071012,0.0,0.0010593119,0.0010456914,0.0010383764,0.0,0.0010593127,0.0,0.0010593118,0.0,0.0010296744,0.0010107585,0.0010667132,0.0010782641,0.00107095,0.0,0.0010456913,0.0010296744,0.0010202563,0.0010309459,0.0011066078,0.0010709554,0.0,0.0,0.0010296744,0.0010107585,0.0010667132,0.0010893717,0.0,0.001059312,0.0010456914,0.0010383764,0.0010495487,0.0010556902,0.0010677493,0.0010709341,0.001059312,0.0010456914,0.0,0.0010593118,0.0010456913,0.0010383772,0.0010709492,0.0,0.0010456914,0.0010296743,0.0010202564,0.0010309457,0.0011065423,0.0010709495,0.0,0.0010456914,0.0010296744,0.0010202563,0.0010309458,0.0011065417,0.0,0.001059312,0.001059312,0.0010536985,0.0010651349,0.0,0.0009883929,0.0010709711,0.0,0.0010456914,0.0010296744,0.0010202564,0.0010309457,0.0011065395,0.0010709506,0.0,0.0,0.0010296744,0.0010107585,0.0010667132,0.0010893741,0.0010709784,0.0010593125,0.0,0.0010296752,0.0010107589,0.0010667132,0.0010782694,0.0,0.0010593119,0.0010456914,0.0010383764,0.0010495487,0.0010556902,0.0010677492,0.0,0.0010593125,0.0,0.0010296744,0.0010107585,0.0010667132,0.0010782604,0.0,0.0010593119,0.0010456914,0.0010383764,0.0010495487,0.0010556902,0.0010677493,0.001070958,0.0010593118,0.0010456913,0.0010383765,0.0010495487,0.0010556902,0.0010677496,0.0,0.0,0.0,0.0010296744,0.0010107585,0.0010667132,0.0010893724,0.0010709472,0.0010593118,0.0,0.0010296744,0.0010107585,0.0010667132,0.0010782613,0.0010709553,0.0010593119,0.0010456913,0.0010667132,0.0,0.0010296744,0.0010107586,0.0,0.0010593118,0.0010456913,0.0010383764,0.0010495487,0.0010556902,0.0010677503,0.0,0.0010593118,0.0010456913,0.0010383764,0.0010495487,0.0010556902,0.0010677497,0.0,0.001059312,0.0010456914,0.0010383764,0.0010495487,0.0010556902,0.0010677516,0.0010709532,0.0010593118,0.0010456913,0.0010383764,0.0010495487,0.0010556902,0.0010677498,0.0,0.0,0.0010456913,0.0010296744,0.0010202564,0.0010309457,0.0011065399,0.0,0.0010593118,0.0010456913,0.0010383764,0.0010495487,0.0010556902,0.0010677493,0.001071041,0.001059313,0.0010456913,0.0010383764,0.0010495487,0.0010556902,0.0010677524
k__Bacteria|p__Firmicutes|c__Clostridia|o__Eubacteriales|f__Lachnospiraceae|g__Stomatobaculum|s__Stomatobaculum_SGB5266,0.0,0.0010601956,0.0010463846,0.0010387714,0.0010493919,0.0010549969,0.001066669,0.0,0.0010601958,0.0010463846,0.0010387714,0.0010493919,0.0010549969,0.0010666687,0.0,0.0,0.0010464067,0.001030181,0.0010204397,0.0010305668,0.0011066726,0.0010720342,0.0,0.0010463846,0.0010301657,0.0010204387,0.0010305668,0.0011066715,0.0,0.0,0.0010463846,0.0010301657,0.0010204387,0.0010305668,0.0011066716,0.0010720104,0.0010601954,0.0010463846,0.0010387714,0.0010493919,0.0010549969,0.0010666685,0.0,0.0010601964,0.0010463847,0.0010387714,0.0010493919,0.0010549969,0.0010666694,0.0010720103,0.0010601954,0.0010463846,0.0010387714,0.0010493919,0.0010549969,0.0010666687,0.0,0.0010601957,0.0010463855,0.0010387714,0.0010493919,0.0010549969,0.0010666692,0.0,0.0010601958,0.0010463846,0.0010387714,0.0010493919,0.0010549969,0.0010666687,0.0,0.0010601958,0.0,0.0010301657,0.0010110375,0.0010674996,0.0010785192,0.0,0.0010601954,0.0010463846,0.0010387712,0.0010493919,0.0010549969,0.0010666691,0.0,0.0,0.0,0.0010301657,0.0010110375,0.0010674996,0.0010898195,0.0010720169,0.0010601958,0.0,0.0010301657,0.0010110375,0.0010674996,0.0010785266,0.0010720675,0.0,0.0,0.001030166,0.0010110375,0.0010674996,0.0010898188,0.0010720281,0.0,0.0010463846,0.0,0.0010601954,0.0010463846,0.0010674995,0.0010720129,0.0,0.0,0.0010301657,0.0010110375,0.0010674996,0.0010898174,0.0,0.0010601976,0.0,0.0010301657,0.0010110375,0.0010674996,0.001078517,0.0,0.0,0.0010463864,0.0010601974,0.0,0.0010301657,0.0010601957,0.001072036,0.001060196,0.0,0.0010301657,0.0010110375,0.0010674996,0.0010785167,0.0,0.0,0.0010463848,0.0010301657,0.0010204387,0.0010305668,0.001106672,0.0,0.0,0.0010463846,0.0,0.0010601954,0.0010463846,0.0010674996,0.0,0.0010602018,0.0,0.0010601958,0.0,0.0010601954,0.0010463847,0.0,0.0,0.0010464123,0.0010301698,0.0010204389,0.0010305668,0.0011066725,0.0,0.0010602527,0.0010602019,0.0010542957,0.0010651904,0.0,0.0009884131,0.0,0.0010601991,0.0010463862,0.0,0.0010601962,0.0010463848,0.001038775,0.0010720163,0.0010601954,0.0010463846,0.0,0.0010601954,0.0010463846,0.0010387722,0.0,0.0010601958,0.0010463847,0.0010387712,0.0010493919,0.0010549969,0.0010666689,0.0010720098,0.0010601954,0.0010463846,0.0010387714,0.0010493919,0.0010549969,0.0010666687,0.0010720338,0.0,0.0,0.0010301657,0.0010110375,0.0010674996,0.0010898171,0.0010720148,0.0,0.0010463846,0.0010301657,0.0010204387,0.0010305668,0.0011066721,0.0,0.0010601958,0.0,0.0010301657,0.0010110375,0.0010674996,0.0010785167,0.0010720253,0.0,0.0010463846,0.0010301657,0.0010204387,0.0010305668,0.0011066822,0.0,0.0010601957,0.0010463846,0.0010387714,0.0010493919,0.0010549969,0.0010666705,0.0010720101,0.0010601954,0.0010463846,0.0010387714,0.0010493919,0.0010549969,0.0010666685,0.0,0.0010601965,0.0010463848,0.0010387712,0.0010493919,0.0010549969,0.001066669,0.0,0.0,0.0010463846,0.0010301657,0.0010204387,0.0010305668,0.0011066716,0.0010720108,0.0010601954,0.0,0.0,0.0010601958,0.0010601958,0.0010542952,0.0010720345,0.0,0.0010463849,0.0,0.0010601958,0.0010463846,0.0010675042,0.001072095,0.0,0.0010601958,0.0010463848,0.0010387712,0.0,0.0010601963,0.0,0.0010601956,0.0,0.0010301657,0.0010110375,0.0010674996,0.0010785253,0.0010720153,0.0,0.0010463846,0.0010301657,0.0010204389,0.0010305673,0.0011067548,0.0010720276,0.0,0.0,0.0010301657,0.0010110375,0.0010674996,0.0010898171,0.0,0.0010601958,0.0010463847,0.0010387714,0.0010493919,0.0010549969,0.0010666687,0.001071992,0.0010601957,0.0010463848,0.0,0.0010601956,0.0010463846,0.0010387726,0.001072012,0.0,0.0010463848,0.001030166,0.0010204387,0.0010305668,0.0011066742,0.0010720134,0.0,0.0010463847,0.0010301657,0.0010204389,0.0010305669,0.0011066743,0.0,0.0010601957,0.0010601958,0.0010542948,0.0010651905,0.0,0.0009884645,0.0010720354,0.0,0.0010463848,0.0010301657,0.0010204387,0.0010305668,0.0011066716,0.001072014,0.0,0.0,0.0010301657,0.0010110375,0.0010674996,0.0010898189,0.001072059,0.0010601968,0.0,0.0010301673,0.001011038,0.0010674996,0.0010785263,0.0,0.0010601957,0.0010463848,0.0010387712,0.0010493919,0.0010549969,0.0010666685,0.0,0.0010601975,0.0,0.0010301657,0.0010110375,0.0010674996,0.0010785167,0.0,0.0010601957,0.0010463848,0.0010387712,0.0010493919,0.0010549969,0.0010666689,0.0010720222,0.0010601957,0.0010463847,0.0010387715,0.0010493919,0.0010549969,0.0010666691,0.0,0.0,0.0,0.0010301657,0.0010110375,0.0010674996,0.0010898177,0.0010720099,0.0010601954,0.0,0.0010301657,0.0010110375,0.0010674996,0.0010785176,0.0010720212,0.0010601957,0.0010463846,0.0010674996,0.0,0.0010301657,0.0010110376,0.0,0.0010601954,0.0010463846,0.0010387712,0.0010493919,0.0010549969,0.0010666696,0.0,0.0010601957,0.0010463846,0.0010387712,0.0010493919,0.0010549969,0.001066669,0.0,0.0010601964,0.0010463848,0.0010387712,0.0010493919,0.0010549969,0.0010666713,0.0010720179,0.0010601957,0.0010463846,0.0010387712,0.0010493919,0.0010549969,0.0010666692,0.0,0.0,0.0010463846,0.0010301657,0.0010204387,0.0010305668,0.001106672,0.0,0.0010601957,0.0010463846,0.0010387714,0.0010493919,0.0010549969,0.0010666687,0.0010721643,0.0010601981,0.0010463849,0.0010387714,0.0010493919,0.0010549969,0.001066672
k__Bacteria|p__Firmicutes|c__CFGB1362|o__OFGB1362|f__FGB1362|g__GGB48159|s__GGB48159_SGB105302,0.0,0.0010592736,0.0010456452,0.0010383197,0.0010494742,0.001055598,0.0010676457,0.0,0.0010592738,0.0010456452,0.0010383197,0.0010494742,0.001055598,0.0010676456,0.0,0.0,0.0010456457,0.0010296197,0.0010201909,0.0010308619,0.0011064837,0.0010709341,0.0,0.0010456452,0.0010296202,0.0010201909,0.0010308619,0.0011064834,0.0,0.0,0.0010456452,0.0010296202,0.0010201909,0.0010308619,0.0011064832,0.0010709165,0.0010592737,0.0010456452,0.0010383197,0.0010494742,0.001055598,0.0010676456,0.0,0.001059274,0.0010456452,0.0010383197,0.0010494742,0.001055598,0.0010676462,0.0010709165,0.0010592737,0.0010456452,0.0010383197,0.0010494742,0.001055598,0.0010676457,0.0,0.0010592738,0.0010456458,0.0010383198,0.0010494742,0.001055598,0.001067646,0.0,0.0010592738,0.0010456452,0.0010383197,0.0010494742,0.001055598,0.0010676457,0.0,0.0010592738,0.0,0.0010296202,0.0010106958,0.0010666728,0.0010782046,0.0,0.0010592737,0.0010456452,0.0010383197,0.0010494742,0.001055598,0.0010676456,0.0,0.0,0.0,0.0010296202,0.0010106958,0.0010666728,0.0010893231,0.0010709222,0.0010592738,0.0,0.0010296202,0.0010106958,0.0010666728,0.0010782076,0.0010709603,0.0,0.0,0.0010296202,0.0010106958,0.0010666728,0.0010893233,0.0010709289,0.0,0.0010456452,0.0,0.0010592737,0.0010456452,0.0010666727,0.0010709172,0.0,0.0,0.0010296202,0.0010106958,0.0010666728,0.0010893231,0.0,0.0010592737,0.0,0.0010296202,0.0010106958,0.0010666728,0.0010782037,0.0,0.0,0.0010456458,0.0010592742,0.0,0.0010296202,0.0010592738,0.0010709185,0.0010592736,0.0,0.0010296201,0.0010106958,0.0010666728,0.0010782036,0.0,0.0,0.0010456453,0.0010296202,0.0010201909,0.0010308619,0.0011064834,0.0,0.0,0.0010456452,0.0,0.0010592737,0.0010456452,0.0010666727,0.0,0.0010592726,0.0,0.0010592738,0.0,0.0010592737,0.0010456454,0.0,0.0,0.0010456439,0.0010296192,0.0010201907,0.0010308619,0.0011064829,0.0,0.0010592687,0.0010592731,0.0010536496,0.0010650695,0.0,0.0009882759,0.0,0.001059274,0.0010456451,0.0,0.0010592737,0.0010456452,0.0010383211,0.0010709177,0.0010592737,0.0010456452,0.0,0.0010592737,0.0010456452,0.0010383202,0.0,0.0010592738,0.0010456453,0.0010383197,0.0010494742,0.001055598,0.0010676457,0.0010709168,0.0010592737,0.0010456452,0.0010383197,0.0010494742,0.001055598,0.0010676457,0.0010709335,0.0,0.0,0.0010296202,0.0010106958,0.0010666728,0.0010893231,0.001070918,0.0,0.0010456452,0.0010296202,0.0010201909,0.0010308619,0.0011064832,0.0,0.0010592738,0.0,0.0010296202,0.0010106958,0.0010666728,0.0010782034,0.0010709241,0.0,0.0010456452,0.0010296202,0.0010201909,0.0010308619,0.001106487,0.0,0.0010592737,0.0010456452,0.0010383197,0.0010494742,0.001055598,0.0010676469,0.0010709171,0.0010592737,0.0010456452,0.0010383197,0.0010494742,0.001055598,0.0010676456,0.0,0.0010592738,0.0010456452,0.0010383197,0.0010494742,0.001055598,0.0010676457,0.0,0.0,0.0010456452,0.0010296202,0.0010201909,0.0010308619,0.0011064834,0.0010709175,0.0010592737,0.0,0.0,0.0010592738,0.0010592738,0.0010536503,0.001070934,0.0,0.0010456453,0.0,0.0010592738,0.0010456452,0.0010666747,0.0010709855,0.0,0.0010592738,0.0010456456,0.0010383197,0.0,0.0010592741,0.0,0.0010592736,0.0,0.0010296202,0.0010106958,0.0010666727,0.0010782081,0.0010709191,0.0,0.0010456452,0.0010296202,0.001020191,0.0010308624,0.0011065025,0.001070921,0.0,0.0,0.0010296202,0.0010106958,0.0010666728,0.001089323,0.0,0.0010592738,0.0010456453,0.0010383197,0.0010494742,0.001055598,0.0010676456,0.0010709354,0.0010592737,0.0010456456,0.0,0.0010592737,0.0010456454,0.00103832,0.0010709177,0.0,0.0010456456,0.0010296202,0.0010201909,0.0010308619,0.0011064839,0.0010709175,0.0,0.0010456454,0.0010296201,0.0010201907,0.001030862,0.0011064843,0.0,0.0010592737,0.001059274,0.0010536499,0.0010650693,0.0,0.0009883015,0.0010709352,0.0,0.0010456452,0.0010296202,0.0010201909,0.0010308619,0.0011064832,0.0010709178,0.0,0.0,0.0010296202,0.0010106958,0.0010666728,0.0010893234,0.0010709595,0.001059274,0.0,0.0010296203,0.0010106958,0.0010666726,0.0010782075,0.0,0.0010592737,0.0010456452,0.0010383197,0.0010494742,0.001055598,0.0010676456,0.0,0.0010592734,0.0,0.0010296202,0.0010106958,0.0010666728,0.0010782034,0.0,0.0010592738,0.0010456453,0.0010383197,0.0010494742,0.001055598,0.0010676454,0.0010709234,0.0010592737,0.0010456452,0.0010383195,0.0010494742,0.001055598,0.0010676458,0.0,0.0,0.0,0.0010296202,0.0010106958,0.0010666728,0.0010893232,0.0010709165,0.0010592737,0.0,0.0010296202,0.0010106958,0.0010666728,0.0010782039,0.0010709206,0.0010592737,0.0010456452,0.0010666728,0.0,0.0010296202,0.0010106959,0.0,0.0010592737,0.0010456452,0.0010383197,0.0010494742,0.001055598,0.0010676463,0.0,0.0010592737,0.0010456452,0.0010383197,0.0010494742,0.001055598,0.0010676455,0.0,0.0010592737,0.0010456456,0.0010383197,0.0010494742,0.001055598,0.001067647,0.001070919,0.0010592737,0.0010456452,0.0010383197,0.0010494742,0.001055598,0.001067646,0.0,0.0,0.0010456452,0.0010296202,0.0010201909,0.0010308619,0.0011064834,0.0,0.0010592737,0.0010456452,0.0010383197,0.0010494742,0.001055598,0.0010676457,0.0010710119,0.0010592735,0.0010456452,0.0010383197,0.0010494742,0.001055598,0.0010676472
k__Bacteria|p__Firmicutes|c__Negativicutes|o__Veillonellales|f__Veillonellaceae|g__Dialister|s__Dialister_invisus,0.0,0.0010584724,0.0010447884,0.0010373981,0.0010484668,0.0010545012,0.0010664978,0.0,0.0010584724,0.0010447884,0.0010373981,0.0010484668,0.0010545012,0.0010664978,0.0,0.0,0.0010448018,0.0010287134,0.0010192108,0.0010297896,0.0011056499,0.001070226,0.0,0.0010447884,0.0010287061,0.0010192102,0.0010297896,0.0011056492,0.0,0.0,0.0010447884,0.0010287061,0.0010192102,0.0010297896,0.001105649,0.0010701691,0.0010584724,0.0010447884,0.0010373981,0.0010484668,0.0010545012,0.0010664978,0.0,0.001058473,0.0010447886,0.0010373981,0.0010484668,0.0010545012,0.0010664987,0.0010701691,0.0010584724,0.0010447884,0.0010373981,0.0010484668,0.0010545012,0.0010664978,0.0016739172,0.0010584726,0.0010447892,0.0010373985,0.0010484668,0.0010545012,0.0010664983,0.0,0.0010584724,0.0010447884,0.0010373981,0.0010484668,0.0010545012,0.0010664978,0.0,0.0010584724,0.0,0.0010287061,0.0010097236,0.0010658662,0.0010773232,0.0,0.0010584724,0.0010447884,0.0010373981,0.0010484668,0.0010545012,0.001066498,0.0,0.0,0.0,0.0010287061,0.0010097236,0.0010658662,0.0010885018,0.0010701858,0.0010584724,0.0,0.0010287061,0.0010097236,0.0010658662,0.0010773301,0.0010703079,0.0,0.0,0.0010287063,0.0010097241,0.0010658662,0.0010885017,0.0010702142,0.0,0.0010447884,0.0,0.0010584724,0.0010447884,0.0010658661,0.0010701744,0.0,0.0,0.0010287061,0.0010097236,0.0010658662,0.0010885008,0.0,0.0010584738,0.0,0.0010287061,0.0010097236,0.0010658662,0.0010773219,0.0,0.0,0.001044789,0.001058474,0.0,0.0010287061,0.0010584726,0.0010702021,0.0010584726,0.0,0.0010287063,0.0010097241,0.0010658662,0.0010773217,0.0,0.0,0.0010447885,0.0010287061,0.0010192102,0.0010297896,0.0011056497,0.0,0.0,0.0010447884,0.0,0.0010584724,0.0010447884,0.001065866,0.0,0.0010584744,0.0,0.0010584726,0.0,0.0010584724,0.0010447884,0.0,0.0,0.001044802,0.0010287084,0.0010192102,0.0010297896,0.0011056494,0.0,0.0010585098,0.0010584767,0.0010527874,0.001064126,0.0,0.0009872486,0.0,0.0010584744,0.0010447891,0.0,0.0010584727,0.0010447885,0.0010374009,0.0010701781,0.0010584724,0.0010447884,0.0,0.0010584724,0.0010447884,0.0010373995,0.0,0.0010584727,0.0010447884,0.0010373981,0.0010484668,0.0010545012,0.0010664978,0.0010701691,0.0010584724,0.0010447884,0.0010373981,0.0010484668,0.0010545012,0.0010664978,0.0010702173,0.0,0.0,0.0010287061,0.0010097236,0.0010658662,0.0010885008,0.00107018,0.0,0.0010447884,0.0010287061,0.0010192102,0.0010297896,0.0011056494,0.0,0.0010584726,0.0,0.0010287061,0.0010097236,0.0010658662,0.0010773217,0.0010701963,0.0,0.0010447884,0.0010287061,0.0010192102,0.0010297896,0.0011056579,0.0,0.0010584724,0.0010447884,0.0010373981,0.0010484668,0.0010545012,0.0010664988,0.0010701708,0.0010584724,0.0010447884,0.0010373981,0.0010484668,0.0010545012,0.0010664978,0.0,0.0010584727,0.0010447885,0.0010373981,0.0010484668,0.0010545012,0.0010664978,0.0,0.0,0.0010447884,0.0010287061,0.0010192102,0.0010297896,0.0011056492,0.0010701732,0.0010584724,0.0,0.0,0.0010584726,0.0010584724,0.0010527871,0.0010702293,0.0,0.0010447886,0.0,0.0010584726,0.0010447884,0.0010658697,0.0010703799,0.0,0.0010584724,0.0010447885,0.0010373981,0.0,0.0010584731,0.0,0.0010584723,0.0,0.0010287061,0.0010097236,0.0010658661,0.001077329,0.0010701781,0.0,0.0010447884,0.0010287061,0.0010192102,0.0010297901,0.0011057134,0.0010701905,0.0,0.0,0.0010287061,0.0010097236,0.0010658662,0.0010885008,0.0,0.0010584726,0.0010447884,0.0010373981,0.0010484668,0.0010545012,0.0010664978,0.0010702097,0.0010584726,0.0010447885,0.0,0.0010584724,0.0010447884,0.0010373996,0.0010701737,0.0,0.0010447885,0.0010287064,0.0010192102,0.0010297896,0.0011056504,0.0010701745,0.0,0.0010447884,0.0010287061,0.0010192102,0.0010297898,0.0011056514,0.0,0.0010584726,0.0010584726,0.0010527872,0.0010641257,0.0,0.0009872769,0.0010702327,0.0,0.0010447885,0.0010287061,0.0010192102,0.0010297896,0.001105649,0.0010701764,0.0,0.0,0.0010287061,0.0010097241,0.0010658662,0.0010885015,0.001070293,0.0010584736,0.0,0.0010287074,0.0010097241,0.0010658662,0.0010773281,0.0,0.0010584726,0.0010447885,0.0010373981,0.0010484668,0.0010545012,0.0010664978,0.0,0.001058473,0.0,0.0010287061,0.0010097236,0.0010658662,0.0010773217,0.0,0.0010584724,0.0010447885,0.0010373981,0.0010484668,0.0010545012,0.0010664979,0.0010701922,0.0010584723,0.0010447887,0.0010373986,0.0010484668,0.0010545012,0.001066498,0.0,0.0,0.0,0.0010287061,0.0010097236,0.0010658662,0.0010885012,0.0010701686,0.0010584724,0.0,0.0010287061,0.0010097236,0.0010658662,0.0010773229,0.0010701847,0.0010584726,0.0010447884,0.0010658662,0.0,0.0010287061,0.0010097243,0.0,0.0010584724,0.0010447884,0.0010373981,0.0010484668,0.0010545012,0.0010664982,0.0,0.0010584724,0.0010447884,0.0010373981,0.0010484668,0.0010545012,0.0010664978,0.0,0.0010584731,0.0010447885,0.0010373981,0.0010484668,0.0010545012,0.001066499,0.0010701854,0.0010584724,0.0010447884,0.0010373981,0.0010484668,0.0010545012,0.0010664982,0.0,0.0,0.0010447884,0.0010287061,0.0010192102,0.0010297896,0.0011056495,0.0,0.0010584724,0.0010447884,0.0010373981,0.0010484668,0.0010545012,0.0010664978,0.0010704604,0.0010584735,0.0010447886,0.0010373981,0.0010484668,0.0010545012,0.0010664994
k__Bacteria|p__Firmicutes|c__CFGB76106|o__OFGB76106|f__FGB76106|g__GGB3600|s__GGB3600_SGB47662,0.0,0.0010621763,0.0010483868,0.001040763,0.0010512988,0.0010568321,0.0010684258,0.0,0.0010621765,0.0010483868,0.001040763,0.0010512988,0.0010568321,0.001068426,0.0,0.0,0.0010483934,0.0010321913,0.0010224497,0.0010324988,0.0011083704,0.0010739724,0.0,0.0010483868,0.0010321876,0.0010224493,0.0010324988,0.0011083705,0.0,0.0,0.0010483868,0.0010321876,0.0010224493,0.0010324988,0.0011083705,0.0010739681,0.0010621764,0.0010483868,0.001040763,0.0010512988,0.0010568321,0.0010684258,0.0,0.0010621768,0.0010483869,0.001040763,0.0010512988,0.0010568321,0.0010684263,0.0010739682,0.0010621764,0.0010483868,0.001040763,0.0010512988,0.0010568321,0.001068426,0.0,0.0010621767,0.0010483871,0.001040763,0.0010512988,0.0010568321,0.0010684262,0.0,0.0010621765,0.0010483868,0.001040763,0.0010512988,0.0010568321,0.001068426,0.0,0.0010621765,0.0,0.0010321876,0.0010130756,0.001069446,0.0010803669,0.0,0.0010621764,0.0010483868,0.001040763,0.0010512988,0.0010568321,0.0010684257,0.0,0.0,0.0,0.0010321876,0.0010130756,0.001069446,0.001091637,0.0010739705,0.0010621765,0.0,0.0010321876,0.0010130756,0.001069446,0.0010803682,0.001073988,0.0,0.0,0.0010321876,0.0010130756,0.001069446,0.0010916371,0.0010739744,0.0,0.0010483868,0.0,0.0010621764,0.0010483868,0.0010694459,0.0010739686,0.0,0.0,0.0010321876,0.0010130756,0.001069446,0.0010916372,0.0,0.0010621769,0.0,0.0010321876,0.0010130756,0.001069446,0.0010803662,0.0,0.0,0.0010483873,0.0010621774,0.0,0.0010321876,0.0010621767,0.0010739706,0.0010621767,0.0,0.0010321875,0.0010130756,0.001069446,0.0010803664,0.0,0.0,0.001048387,0.0010321876,0.0010224493,0.0010324988,0.0011083706,0.0,0.0,0.0010483868,0.0,0.0010621764,0.0010483868,0.0010694457,0.0,0.0010621763,0.0,0.0010621765,0.0,0.0010621764,0.0010483869,0.0,0.0,0.0010483935,0.0010321881,0.0010224493,0.0010324988,0.00110837,0.0,0.0010621934,0.0010621779,0.0010562647,0.0010670695,0.0,0.0009904507,0.0,0.0010621769,0.001048387,0.0,0.0010621767,0.0010483869,0.0010407639,0.0010739691,0.0010621764,0.0010483868,0.0,0.0010621764,0.0010483868,0.0010407631,0.0,0.0010621765,0.0010483869,0.001040763,0.0010512988,0.0010568321,0.0010684258,0.0010739682,0.0010621764,0.0010483868,0.001040763,0.0010512988,0.0010568321,0.001068426,0.0010739763,0.0,0.0,0.0010321876,0.0010130756,0.001069446,0.0010916372,0.0010739705,0.0,0.0010483868,0.0010321876,0.0010224493,0.0010324988,0.0011083703,0.0,0.0010621765,0.0033393174,0.0010321876,0.0010130756,0.001069446,0.0010803663,0.0010739714,0.0,0.0010483868,0.0010321876,0.0010224493,0.0010324988,0.0011083727,0.0,0.0010621764,0.0010483868,0.001040763,0.0010512988,0.0010568321,0.0010684261,0.0010739685,0.0010621764,0.0010483868,0.001040763,0.0010512988,0.0010568321,0.0010684258,0.0,0.0010621765,0.0010483869,0.001040763,0.0010512988,0.0010568321,0.0010684258,0.0,0.0,0.0010483868,0.0010321876,0.0010224493,0.0010324988,0.0011083706,0.0010739681,0.0010621764,0.0,0.0,0.0010621765,0.0010621765,0.0010562645,0.0010739713,0.0,0.0010483869,0.0,0.0010621765,0.0010483868,0.0010694473,0.0010739978,0.0,0.0010621767,0.0010483869,0.001040763,0.0,0.0010621767,0.0,0.0010621763,0.0,0.0010321876,0.0010130756,0.0010694457,0.0010803693,0.0010739692,0.0,0.0010483868,0.0010321876,0.0010224493,0.0010324989,0.001108387,0.0010739695,0.0,0.0,0.0010321876,0.0010130756,0.001069446,0.0010916372,0.0,0.0010621765,0.0010483869,0.001040763,0.0010512988,0.0010568321,0.001068426,0.0010739677,0.0010621764,0.0010483869,0.0,0.0010621764,0.0010483868,0.0010407635,0.001073969,0.0,0.0010483869,0.0010321877,0.0010224493,0.0010324988,0.0011083701,0.0010739681,0.0,0.0010483869,0.0010321876,0.0010224493,0.0010324989,0.0011083706,0.0,0.0010621764,0.0010621767,0.0010562644,0.0010670692,0.0,0.000990474,0.0010739772,0.0,0.0010483869,0.0010321876,0.0010224493,0.0010324988,0.0011083705,0.0010739679,0.0,0.0,0.0010321876,0.0010130756,0.001069446,0.0010916367,0.0010739877,0.0010621768,0.0,0.0010321881,0.0010130756,0.001069446,0.0010803685,0.0,0.0010621765,0.0010483869,0.001040763,0.0010512988,0.0010568321,0.0010684258,0.0,0.0010621765,0.0,0.0010321876,0.0010130756,0.001069446,0.0010803663,0.0,0.0010621767,0.001048387,0.001040763,0.0010512988,0.0010568321,0.001068426,0.0010739702,0.0010621765,0.0010483869,0.0010407629,0.0010512988,0.0010568321,0.0010684258,0.0,0.0,0.0,0.0010321876,0.0010130756,0.001069446,0.0010916372,0.0010739682,0.0010621764,0.0,0.0010321876,0.0010130756,0.001069446,0.0010803664,0.0010739678,0.0010621765,0.0010483868,0.001069446,0.0,0.0010321876,0.0010130757,0.0,0.0010621764,0.0010483868,0.001040763,0.0010512988,0.0010568321,0.0010684261,0.0,0.0010621764,0.0010483868,0.001040763,0.0010512988,0.0010568321,0.0010684257,0.0,0.0010621768,0.0010483869,0.001040763,0.0010512988,0.0010568321,0.0010684264,0.0010739705,0.0010621764,0.0010483868,0.001040763,0.0010512988,0.0010568321,0.001068426,0.0,0.0,0.0010483868,0.0010321876,0.0010224493,0.0010324988,0.0011083705,0.0,0.0010621764,0.0010483868,0.001040763,0.0010512988,0.0010568321,0.001068426,0.001073976,0.0010621768,0.0010483869,0.0010407629,0.0010512988,0.0010568321,0.0010684262
k__Bacteria|p__Firmicutes|c__CFGB1292|o__OFGB1292|f__FGB1292|g__GGB3109|s__GGB3109_SGB4119,0.0,0.0010614756,0.0010478009,0.0010403605,0.0010512413,0.001057109,0.001068946,0.0,0.0010614758,0.0010478009,0.0010403605,0.0010512413,0.001057109,0.0010689459,0.0,0.0,0.0010478235,0.0010317401,0.0010221766,0.001032575,0.0011081533,0.0010731863,0.0,0.0010478009,0.0010317236,0.0010221757,0.001032575,0.0011081528,0.0,0.0,0.0010478009,0.0010317236,0.0010221757,0.001032575,0.0011081528,0.00107316,0.0010614758,0.0010478009,0.0010403605,0.0010512413,0.001057109,0.0010689459,0.0,0.0010614762,0.0010478012,0.0010403605,0.0010512413,0.001057109,0.0010689468,0.00107316,0.0010614758,0.0010478009,0.0010403605,0.0010512413,0.001057109,0.001068946,0.0,0.0010614761,0.0010478019,0.0010403607,0.0010512413,0.001057109,0.0010689462,0.0,0.0010614758,0.0010478009,0.0010403605,0.0010512413,0.001057109,0.001068946,0.0,0.0010614758,0.0,0.0010317236,0.0010127403,0.0010688073,0.0010800624,0.0,0.0010614758,0.0010478009,0.0010403605,0.0010512413,0.001057109,0.001068946,0.0,0.0,0.0,0.0010317236,0.0010127403,0.0010688073,0.0010912182,0.0010731659,0.0010614758,0.0,0.0010317236,0.0010127403,0.0010688073,0.0010800656,0.0010732001,0.0,0.0,0.0010317239,0.0010127403,0.0010688073,0.0010912183,0.0010731776,0.0,0.0010478009,0.0,0.0010614758,0.0010478009,0.0010688076,0.001073162,0.0,0.0,0.0010317236,0.0010127403,0.0010688073,0.0010912179,0.0,0.0010614775,0.0,0.0010317236,0.0010127403,0.0010688073,0.0010800607,0.0,0.0,0.0010478026,0.0010614769,0.0,0.0010317236,0.0010614758,0.001073184,0.0010614761,0.0,0.0010317235,0.0010127403,0.0010688073,0.0010800607,0.0,0.0,0.0010478012,0.0010317236,0.0010221757,0.001032575,0.0011081531,0.0,0.0,0.0010478009,0.0,0.0010614758,0.0010478009,0.0010688076,0.0,0.0010614819,0.0,0.001061476,0.0,0.0010614758,0.0010478009,0.0,0.0,0.0010478244,0.0010317276,0.0010221757,0.001032575,0.0011081531,0.0,0.0010615326,0.0010614822,0.0010557414,0.0010668844,0.0,0.0009902572,0.0,0.0010614785,0.0010478024,0.0,0.0010614761,0.0010478011,0.0010403641,0.0010731664,0.0010614758,0.0010478009,0.0,0.0010614758,0.0010478009,0.0010403615,0.0,0.0010614758,0.0010478009,0.0010403605,0.0010512413,0.001057109,0.0010689459,0.0010731599,0.0010614758,0.0010478009,0.0010403605,0.0010512413,0.001057109,0.001068946,0.0010731769,0.0,0.0,0.0010317236,0.0010127403,0.0010688073,0.0010912179,0.0010731624,0.0,0.0010478009,0.0010317236,0.0010221757,0.001032575,0.001108153,0.0,0.001061476,0.0,0.0010317236,0.0010127403,0.0010688073,0.0010800607,0.0010731751,0.0,0.0010478009,0.0010317236,0.0010221757,0.001032575,0.0011081595,0.0,0.0010614758,0.0010478009,0.0010403605,0.0010512413,0.001057109,0.0010689467,0.0010731602,0.0010614758,0.0010478009,0.0010403605,0.0010512413,0.001057109,0.0010689459,0.0,0.0010614763,0.0010478011,0.0010403605,0.0010512413,0.001057109,0.001068946,0.0,0.0,0.0010478009,0.0010317236,0.0010221757,0.001032575,0.0011081528,0.0010731614,0.0010614758,0.0,0.0,0.001061476,0.0010614758,0.001055741,0.0010731887,0.0,0.0010478016,0.0,0.001061476,0.0010478009,0.0010688129,0.0010732338,0.0,0.001061476,0.0010478011,0.0010403605,0.0,0.0010614761,0.0,0.0010614757,0.0,0.0010317236,0.0010127403,0.0010688076,0.0010800689,0.001073165,0.0,0.0010478009,0.0010317236,0.0010221757,0.0010325757,0.0011081931,0.0010731769,0.0,0.0,0.0010317236,0.0010127403,0.0010688073,0.001091218,0.0,0.001061476,0.0010478009,0.0010403605,0.0010512413,0.001057109,0.0010689459,0.0010731588,0.0010614758,0.0010478011,0.0,0.0010614757,0.0010478009,0.0010403616,0.0010731607,0.0,0.0010478011,0.0010317238,0.0010221757,0.001032575,0.0011081541,0.0010731627,0.0,0.0010478009,0.0010317235,0.0010221757,0.0010325753,0.0011081542,0.0,0.0010614758,0.0010614758,0.0010557405,0.0010668845,0.0,0.0009902964,0.0010731785,0.0,0.0010478011,0.0010317236,0.0010221757,0.001032575,0.0011081528,0.0010731634,0.0,0.0,0.0010317236,0.0010127403,0.0010688073,0.0010912182,0.0010731965,0.0010614763,0.0,0.0010317249,0.0010127408,0.0010688076,0.0010800662,0.0,0.0010614758,0.0010478011,0.0010403605,0.0010512413,0.001057109,0.0010689459,0.0,0.0010614779,0.0,0.0010317238,0.0010127403,0.0010688073,0.0010800607,0.0,0.0010614757,0.0010478012,0.0010403605,0.0010512413,0.001057109,0.001068946,0.0010731689,0.0010614758,0.0010478012,0.001040361,0.0010512413,0.001057109,0.0010689461,0.0,0.0,0.0,0.0010317236,0.0010127403,0.0010688073,0.0010912182,0.0010731596,0.0010614758,0.0,0.0010317236,0.0010127403,0.0010688073,0.0010800612,0.0010731705,0.0010614758,0.0010478009,0.0010688073,0.0,0.0010317236,0.0010127404,0.0,0.0010614758,0.0010478009,0.0010403605,0.0010512413,0.001057109,0.0010689463,0.0,0.0010614758,0.0010478009,0.0010403605,0.0010512413,0.001057109,0.0010689461,0.0,0.0010614763,0.0010478011,0.0010403605,0.0010512413,0.001057109,0.001068947,0.0010731653,0.0010614758,0.0010478009,0.0010403605,0.0010512413,0.001057109,0.0010689462,0.0,0.0,0.0010478009,0.0010317236,0.0010221757,0.001032575,0.0011081529,0.0,0.0010614758,0.0010478009,0.0010403605,0.0010512413,0.001057109,0.001068946,0.0010733557,0.0010614778,0.0010478012,0.0010403605,0.0010512413,0.001057109,0.0010689471
k__Bacteria|p__Firmicutes|c__Bacilli|o__Lactobacillales|f__Lactobacillaceae|g__Pediococcus|s__Pediococcus_acidilactici,0.0,0.00105902,0.0010453289,0.0010379165,0.0010489275,0.001054909,0.0010668604,0.0,0.0010590202,0.0010453289,0.0010379165,0.0010489275,0.001054909,0.0010668604,0.0,0.0,0.0010453354,0.0010292404,0.0010197196,0.0010302421,0.0011060785,0.0010707577,0.0,0.0010453293,0.0010292381,0.0010197189,0.0010302421,0.0011060779,0.0,0.0,0.0010453293,0.0010292381,0.0010197189,0.0010302421,0.0011060778,0.0010707229,0.0010590202,0.0010453289,0.0010379165,0.0010489275,0.001054909,0.0010668604,0.0,0.0010590205,0.001045329,0.0010379165,0.0010489275,0.001054909,0.0010668611,0.001070723,0.0010590202,0.0010453289,0.0010379165,0.0010489275,0.001054909,0.0010668604,0.0,0.0010590204,0.0010453295,0.0010379166,0.0010489275,0.001054909,0.001066861,0.0,0.0010590202,0.0010453289,0.0010379165,0.0010489275,0.001054909,0.0010668605,0.0,0.0010590202,0.0,0.0010292381,0.0010102456,0.0010663989,0.001077797,0.0,0.0010590202,0.0010453289,0.0010379165,0.0010489275,0.001054909,0.0010668609,0.0,0.0,0.0,0.0010292381,0.0010102456,0.0010663989,0.0010889815,0.001070734,0.0010590202,0.0,0.0010292381,0.0010102456,0.0010663989,0.0010778037,0.0010708175,0.0,0.0,0.0010292382,0.0010102456,0.0010663989,0.0010889814,0.0010707509,0.0,0.0010453289,0.0,0.0010590202,0.0010453289,0.0010663992,0.0010707265,0.0,0.0,0.0010292381,0.0010102456,0.0010663989,0.00108898,0.0,0.0010590212,0.0,0.0010292381,0.0010102456,0.0010663989,0.0010777963,0.0,0.0,0.0010453289,0.0010590213,0.0,0.001029238,0.0010590205,0.0010707418,0.0010590204,0.0,0.0010292381,0.0010102456,0.0010663989,0.0010777958,0.0,0.0,0.001045329,0.0010292381,0.0010197189,0.0010302421,0.0011060782,0.0,0.0,0.0010453293,0.0,0.0010590202,0.0010453289,0.001066399,0.0,0.0010590206,0.0,0.0010590203,0.03934524,0.0010590202,0.0010453293,0.0,0.0,0.0010453346,0.0010292393,0.0010197189,0.0010302421,0.0011060779,0.0,0.0010590428,0.0010590222,0.001053313,0.0010645939,0.008076257,0.0009877586,0.0,0.0010590217,0.0010453294,0.0,0.0010590204,0.0010453291,0.0010379185,0.001070727,0.0010590202,0.0010453289,0.0,0.0010590202,0.0010453289,0.0010379176,0.0,0.0010590203,0.0010453289,0.0010379165,0.0010489275,0.001054909,0.0010668605,0.001070723,0.0010590202,0.0010453289,0.0010379165,0.0010489275,0.001054909,0.0010668605,0.0010707554,0.0,0.0,0.0010292381,0.0010102456,0.0010663989,0.0010889799,0.0010707302,0.0,0.0010453289,0.0010292381,0.0010197189,0.0010302421,0.0011060778,0.0,0.0010590203,0.0,0.0010292381,0.0010102456,0.0010663989,0.0010777959,0.001070741,0.0,0.0010453289,0.0010292381,0.0010197189,0.0010302421,0.0011060844,0.0,0.0010590202,0.0010453293,0.0010379165,0.0010489275,0.001054909,0.0010668621,0.0010707239,0.0010590202,0.0010453289,0.0010379165,0.0010489275,0.001054909,0.0010668604,0.0,0.0010590205,0.001045329,0.0010379165,0.0010489275,0.001054909,0.0010668606,0.0,0.0,0.0010453289,0.0010292381,0.0010197189,0.0010302421,0.0011060779,0.0010707251,0.0010590202,0.0,0.0,0.0010590203,0.0010590202,0.0010533134,0.001070758,0.0,0.001045329,0.0,0.0010590203,0.0010453289,0.0010664011,0.0010708635,0.0,0.0010590203,0.0010453291,0.0010379165,0.0,0.0010590209,0.0,0.00105902,0.0,0.0010292381,0.0010102456,0.0010663989,0.0010778027,0.0010707281,0.0,0.0010453289,0.0010292381,0.0010197189,0.0010302425,0.0011061311,0.0010707328,0.0,0.0,0.0010292381,0.0010102456,0.0010663989,0.00108898,0.0,0.0010590203,0.0010453293,0.0010379165,0.0010489275,0.001054909,0.0010668604,0.0010707387,0.0010590203,0.001045329,0.0,0.0010590202,0.0010453289,0.0010379173,0.0010707265,0.0,0.001045329,0.001029238,0.0010197189,0.0010302421,0.0011060794,0.0010707262,0.0,0.0010453293,0.0010292381,0.0010197189,0.0010302421,0.00110608,0.0,0.0010590203,0.0010590203,0.001053313,0.0010645936,0.0,0.000987786,0.0010707658,0.0,0.0010453291,0.0010292381,0.0010197189,0.0010302421,0.0011060778,0.0010707278,0.0,0.0,0.001029238,0.0010102456,0.0010663989,0.0010889812,0.0010708047,0.001059021,0.0,0.001029239,0.0010102458,0.0010663989,0.0010778019,0.0,0.0010590202,0.001045329,0.0010379165,0.0010489275,0.001054909,0.0010668604,0.0,0.00105902,0.0,0.001029238,0.0010102456,0.0010663989,0.0010777959,0.0,0.0010590203,0.0010453293,0.0010379165,0.0010489275,0.001054909,0.0010668604,0.0010707402,0.0010590202,0.0010453293,0.0010379166,0.0010489275,0.001054909,0.0010668609,0.0,0.0,0.0,0.0010292381,0.0010102456,0.0010663989,0.0010889802,0.0010707228,0.0010590202,0.0,0.0010292381,0.0010102456,0.0010663989,0.0010777969,0.0010707331,0.0010590202,0.0010453289,0.0010663989,0.0,0.0010292381,0.0010102458,0.0,0.0010590202,0.0010453289,0.0010379165,0.0010489275,0.001054909,0.0010668613,0.0,0.0010590202,0.0010453289,0.0010379165,0.0010489275,0.001054909,0.0010668609,0.0,0.0010590208,0.001045329,0.0010379165,0.0010489275,0.001054909,0.0010668627,0.0010707339,0.0010590202,0.0010453293,0.0010379165,0.0010489275,0.001054909,0.001066861,0.0,0.0,0.0010453293,0.0010292381,0.0010197189,0.0010302421,0.0011060783,0.0,0.0010590202,0.0010453289,0.0010379165,0.0010489275,0.001054909,0.0010668605,0.0010708951,0.0010590209,0.0010453289,0.0010379164,0.0010489275,0.001054909,0.0010668631
k__Bacteria|p__Firmicutes|c__CFGB8822|o__OFGB8822|f__FGB8822|g__GGB42994|s__GGB42994_SGB4746,0.0,0.0010589099,0.0010452277,0.0010378301,0.0010488714,0.001054882,0.0010668554,0.0,0.0010589102,0.0010452277,0.0010378301,0.0010488714,0.001054882,0.0010668554,0.0,0.0,0.0010452394,0.0010291538,0.0010196433,0.0010301963,0.0011060145,0.0010706317,0.0,0.0010452277,0.0010291463,0.0010196427,0.0010301961,0.0011060142,0.0,0.0,0.0010452277,0.0010291463,0.0010196427,0.0010301961,0.0011060145,0.0010706048,0.00105891,0.0010452277,0.0010378301,0.0010488714,0.001054882,0.0010668553,0.0,0.0010589109,0.0010452279,0.0010378301,0.0010488714,0.001054882,0.0010668562,0.0010706047,0.00105891,0.0010452277,0.0010378301,0.0010488714,0.001054882,0.0010668553,0.0,0.0010589103,0.0010452283,0.0010378304,0.0010488714,0.001054882,0.0010668554,0.0,0.0010589102,0.0010452277,0.0010378301,0.0010488714,0.001054882,0.0010668553,0.0,0.0010589102,0.0,0.0010291463,0.0010101639,0.0010662948,0.0010777224,0.0,0.00105891,0.0010452277,0.00103783,0.0010488714,0.001054882,0.0010668549,0.0,0.0,0.0,0.0010291463,0.0010101639,0.0010662948,0.001088897,0.0010706122,0.0010589102,0.0,0.0010291463,0.0010101639,0.0010662948,0.0010777231,0.001070665,0.0,0.0,0.0010291463,0.0010101639,0.0010662948,0.001088897,0.0010706256,0.0,0.0010452277,0.0,0.00105891,0.0010452277,0.0010662948,0.0010706071,0.0,0.0,0.0010291463,0.0010101639,0.0010662948,0.0010888969,0.0,0.001058911,0.0,0.0010291463,0.0010101639,0.0010662948,0.0010777212,0.0,0.0,0.0010452289,0.0010589114,0.0,0.0010291463,0.0010589103,0.0010706262,0.0010589103,0.0,0.0010291461,0.0010101639,0.0010662948,0.0010777212,0.0,0.0,0.0010452279,0.0010291463,0.0010196427,0.0010301961,0.0011060146,0.0,0.0,0.0010452277,0.0,0.00105891,0.0010452277,0.0010662948,0.0,0.0010589119,0.0,0.0010589103,0.0,0.00105891,0.0010452277,0.0,0.0,0.0010452416,0.0010291479,0.0010196429,0.0010301961,0.0011060141,0.0,0.0010589341,0.0010589128,0.001053218,0.0010645282,0.0,0.0009876838,0.0,0.0010589118,0.0010452283,0.0,0.0010589104,0.0010452277,0.0010378325,0.0010706104,0.00105891,0.0010452277,0.0,0.00105891,0.0010452277,0.001037831,0.0,0.0010589102,0.0010452277,0.00103783,0.0010488714,0.001054882,0.0010668554,0.0010706048,0.00105891,0.0010452277,0.0010378301,0.0010488714,0.001054882,0.0010668553,0.001070632,0.0,0.0,0.0010291463,0.0010101639,0.0010662948,0.0010888969,0.0010706095,0.0,0.0010452277,0.0010291463,0.0010196427,0.0010301961,0.0011060144,0.0,0.0010589103,0.0,0.0010291463,0.0010101639,0.0010662948,0.0010777211,0.0010706162,0.0,0.0010452277,0.0010291463,0.0010196428,0.0010301961,0.0011060169,0.0,0.00105891,0.0010452277,0.0010378301,0.0010488714,0.001054882,0.0010668559,0.0010706054,0.00105891,0.0010452277,0.0010378301,0.0010488714,0.001054882,0.0010668553,0.0,0.0010589104,0.0010452277,0.0010378303,0.0010488714,0.001054882,0.0010668554,0.0,0.0,0.0010452277,0.0010291463,0.0010196427,0.0010301961,0.0011060147,0.0010706063,0.00105891,0.0,0.0,0.0010589103,0.0010589102,0.001053218,0.0010706339,0.0,0.0010452277,0.0,0.0010589103,0.0010452277,0.0010662982,0.0010706953,0.0,0.0010589103,0.0010452277,0.00103783,0.0,0.0010589104,0.0,0.00105891,0.0,0.0010291463,0.0010101639,0.0010662948,0.0010777259,0.0010706111,0.0,0.0010452277,0.0010291463,0.0010196429,0.0010301966,0.0011060314,0.001070619,0.0,0.0,0.0010291463,0.0010101639,0.0010662948,0.0010888968,0.0,0.0010589103,0.0010452277,0.0010378301,0.0010488714,0.001054882,0.0010668554,0.0010706144,0.0010589103,0.0010452277,0.0,0.00105891,0.0010452277,0.0010378312,0.0010706066,0.0,0.0010452277,0.0010291463,0.0010196428,0.0010301961,0.0011060147,0.0010706071,0.0,0.0010452277,0.0010291461,0.0010196426,0.0010301962,0.0011060154,0.0,0.0010589103,0.0010589102,0.0010532177,0.0010645281,0.0,0.0009877093,0.0010706333,0.0,0.0010452277,0.0010291463,0.0010196427,0.0010301961,0.0011060145,0.0010706076,0.0,0.0,0.0010291463,0.0010101639,0.0010662948,0.0010888971,0.0010706651,0.0010589107,0.0,0.0010291471,0.0010101639,0.001066295,0.0010777249,0.0,0.0010589102,0.0010452277,0.00103783,0.0010488714,0.001054882,0.0010668553,0.0,0.001058911,0.0,0.0010291463,0.0010101639,0.0010662948,0.0010777211,0.0,0.00105891,0.0010452279,0.0010378303,0.0010488714,0.001054882,0.0010668554,0.0010706148,0.0010589102,0.0010452277,0.0010378305,0.0010488714,0.001054882,0.0010668552,0.0,0.0,0.0,0.0010291463,0.0010101639,0.0010662948,0.0010888972,0.0010706043,0.00105891,0.0,0.0010291463,0.0010101639,0.0010662948,0.0010777216,0.001070613,0.0010589102,0.0010452277,0.0010662948,0.0,0.0010291463,0.0010101639,0.0,0.00105891,0.0010452277,0.00103783,0.0010488714,0.001054882,0.0010668555,0.0,0.00105891,0.0010452277,0.00103783,0.0010488714,0.001054882,0.0010668552,0.0,0.0010589106,0.0010452277,0.00103783,0.0010488714,0.001054882,0.0010668554,0.0010706122,0.00105891,0.0010452277,0.00103783,0.0010488714,0.001054882,0.0010668555,0.0,0.0,0.0010452277,0.0010291463,0.0010196427,0.0010301961,0.0011060144,0.0,0.00105891,0.0010452277,0.0010378301,0.0010488714,0.001054882,0.0010668553,0.0010707278,0.0010589112,0.0010452277,0.0010378304,0.0010488714,0.001054882,0.0010668555
k__Bacteria|p__Firmicutes|c__Clostridia|o__Eubacteriales|f__Clostridiaceae|g__Clostridiaceae_unclassified|s__Clostridiaceae_bacterium_Marseille_Q3526,0.0,0.0010589116,0.0010450949,0.0010375009,0.0010481976,0.00105387,0.0010656072,0.0,0.0010589117,0.0010450949,0.0010375009,0.0010481976,0.00105387,0.0010656071,0.0,0.0,0.0010451069,0.0010288818,0.001019166,0.0010293659,0.0011055975,0.0010707441,0.0,0.0010450949,0.0010288723,0.0010191653,0.0010293659,0.0011055962,0.0,0.0,0.0010450949,0.0010288723,0.0010191653,0.0010293659,0.0011055962,0.0010707327,0.0010589113,0.0010450949,0.0010375009,0.0010481976,0.00105387,0.0010656068,0.0,0.0010589119,0.0010450953,0.0010375009,0.0010481976,0.00105387,0.0010656083,0.0010707328,0.0010589113,0.0010450949,0.0010375009,0.0010481976,0.00105387,0.0010656072,0.0,0.0010589118,0.0010450957,0.0010375009,0.0010481976,0.00105387,0.0010656078,0.0,0.0010589114,0.0010450949,0.0010375009,0.0010481976,0.00105387,0.0010656072,0.0,0.0010589117,0.0,0.0010288723,0.001009743,0.0010662413,0.0010773441,0.0,0.0010589113,0.0010450949,0.0010375008,0.0010481976,0.00105387,0.0010656082,0.0,0.0,0.0,0.0010288723,0.001009743,0.0010662413,0.0010886557,0.0010707359,0.0010589117,0.0,0.0010288723,0.001009743,0.0010662413,0.0010773517,0.0010707508,0.0,0.0,0.0010288726,0.001009743,0.0010662413,0.001088655,0.0010707387,0.0,0.0010450949,0.0,0.0010589113,0.0010450949,0.0010662414,0.0010707338,0.0,0.0,0.0010288723,0.001009743,0.0010662413,0.0010886526,0.0,0.0010589126,0.0,0.0010288723,0.001009743,0.0010662413,0.0010773418,0.0,0.0,0.0010450963,0.0010589119,0.0,0.0010288723,0.0010589118,0.0010707437,0.0010589118,0.0,0.0010288723,0.001009743,0.0010662413,0.0010773413,0.0,0.0,0.0010450954,0.0010288723,0.0010191653,0.0010293659,0.0011055968,0.0,0.0,0.0010450949,0.0,0.0010589113,0.0010450949,0.0010662414,0.0,0.0010589164,0.0,0.0010589118,0.0,0.0010589113,0.0010450952,0.0,0.0,0.0010451081,0.0010288742,0.0010191653,0.0010293659,0.0011055976,0.0,0.0010589362,0.0010589146,0.00105303,0.0010640047,0.0,0.0009871225,0.0,0.0010589138,0.0010450959,0.0,0.0010589118,0.0010450948,0.0010375044,0.0010707354,0.0010589113,0.0010450949,0.0,0.0010589113,0.0010450949,0.0010375024,0.0,0.0010589116,0.0010450949,0.0010375008,0.0010481976,0.00105387,0.0010656071,0.0010707327,0.0010589113,0.0010450949,0.0010375009,0.0010481976,0.00105387,0.0010656072,0.0010707407,0.0,0.0,0.0010288723,0.001009743,0.0010662413,0.0010886526,0.0010707317,0.0,0.0010450949,0.0010288723,0.0010191653,0.0010293659,0.0011055969,0.0,0.0010589118,0.0,0.0010288723,0.001009743,0.0010662413,0.001077341,0.0010707416,0.0,0.0010450949,0.0010288723,0.0010191653,0.0010293659,0.0011056087,0.0,0.0010589113,0.0010450949,0.0010375009,0.0010481976,0.00105387,0.0010656097,0.0010707323,0.0010589113,0.0010450949,0.0010375009,0.0010481976,0.00105387,0.0010656068,0.0,0.0010589119,0.0010450952,0.0010375008,0.0010481976,0.00105387,0.0010656072,0.0,0.0,0.0010450949,0.0010288723,0.0010191653,0.0010293659,0.0011055964,0.0010707334,0.0010589113,0.0,0.0,0.0010589116,0.0010589114,0.0010530306,0.0010707488,0.0,0.0010450953,0.0,0.0010589118,0.0010450949,0.0010662465,0.0010707664,0.0,0.0010589118,0.0010450952,0.0010375008,0.0,0.0010589128,0.0,0.0010589116,0.0,0.0010288723,0.001009743,0.0010662413,0.0010773508,0.001070735,0.0,0.0010450949,0.0010288723,0.0010191653,0.0010293664,0.0011056841,0.0010707434,0.0,0.0,0.0010288723,0.001009743,0.0010662413,0.0010886523,0.0,0.0010589118,0.0010450949,0.0010375009,0.0010481976,0.00105387,0.0010656071,0.001070725,0.0010589114,0.0010450948,0.0,0.0010589113,0.0010450949,0.0010375016,0.001070733,0.0,0.0010450948,0.0010288727,0.0010191653,0.0010293659,0.0011056004,0.0010707348,0.0,0.0010450949,0.0010288723,0.0010191653,0.001029366,0.0011055993,0.0,0.0010589117,0.0010589118,0.0010530297,0.0010640048,0.0,0.0009871796,0.0010707395,0.0,0.0010450948,0.0010288723,0.0010191653,0.0010293659,0.0011055962,0.001070736,0.0,0.0,0.0010288723,0.001009743,0.0010662413,0.0010886551,0.0010707437,0.0010589118,0.0,0.0010288731,0.0010097431,0.0010662412,0.0010773526,0.0,0.0010589114,0.0010450952,0.0010375008,0.0010481976,0.00105387,0.0010656072,0.0,0.0010589128,0.0,0.0010288723,0.001009743,0.0010662413,0.001077341,0.0,0.0010589118,0.001045095,0.0010375008,0.0010481976,0.00105387,0.0010656073,0.0010707404,0.0010589117,0.0010450953,0.0010375009,0.0010481976,0.00105387,0.0010656078,0.0,0.0,0.0,0.0010288723,0.001009743,0.0010662413,0.0010886535,0.0010707324,0.0010589113,0.0,0.0010288723,0.001009743,0.0010662413,0.0010773423,0.0010707414,0.0010589114,0.0010450949,0.0010662413,0.0,0.0010288723,0.001009743,0.0,0.0010589113,0.0010450949,0.0010375008,0.0010481976,0.00105387,0.0010656089,0.0,0.0010589113,0.0010450949,0.0010375008,0.0010481976,0.00105387,0.0010656074,0.0,0.0010589118,0.0010450948,0.0010375008,0.0010481976,0.00105387,0.001065611,0.0010707332,0.0010589116,0.0010450949,0.0010375008,0.0010481976,0.00105387,0.0010656079,0.0,0.0,0.0010450949,0.0010288723,0.0010191653,0.0010293659,0.0011055968,0.0,0.0010589116,0.0010450949,0.0010375009,0.0010481976,0.00105387,0.0010656072,0.0010708586,0.0010589132,0.0010450953,0.0010375008,0.0010481976,0.00105387,0.0010656123
k__Bacteria|p__Firmicutes|c__Clostridia|o__Eubacteriales|f__Lachnospiraceae|g__Lacrimispora|s__Lacrimispora_amygdalina,0.0,0.0010609436,0.0010474893,0.0010403839,0.0010518688,0.0010583267,0.0010705836,0.0,0.0010609439,0.0010474893,0.0010403839,0.0010518688,0.0010583267,0.0010705836,0.0,0.0,0.0010474968,0.0010316506,0.001022444,0.0010334598,0.0011084045,0.001072443,0.0,0.0010474893,0.0010316449,0.0010224439,0.0010334598,0.001108404,0.0,0.0,0.0010474893,0.0010316449,0.0010224439,0.0010334598,0.001108404,0.0010724204,0.0010609438,0.0010474893,0.0010403839,0.0010518688,0.0010583267,0.0010705836,0.0,0.0010609439,0.0010474895,0.0010403839,0.0010518688,0.0010583267,0.001070584,0.0010724209,0.0010609438,0.0010474893,0.0010403839,0.0010518688,0.0010583267,0.0010705837,0.0,0.0010609438,0.0010474896,0.001040384,0.0010518688,0.0010583267,0.0010705842,0.0,0.0010609439,0.0010474893,0.0010403839,0.0010518688,0.0010583267,0.0010705836,0.0,0.0010609439,0.0,0.0010316449,0.001012906,0.0010683774,0.0010802082,0.0,0.0010609438,0.0010474893,0.0010403838,0.0010518688,0.0010583267,0.001070584,0.0,0.0,0.0,0.0010316449,0.001012906,0.0010683774,0.0010911449,0.001072427,0.0010609439,0.0,0.0010316449,0.001012906,0.0010683774,0.001080212,0.0010724629,0.0,0.0,0.001031645,0.001012906,0.0010683774,0.0010911446,0.0010724353,0.0,0.0010474893,0.0,0.0010609438,0.0010474893,0.0010683775,0.0010724221,0.0,0.0,0.0010316449,0.001012906,0.0010683774,0.0010911439,0.0,0.0010609444,0.0,0.0010316449,0.001012906,0.0010683774,0.0010802075,0.0,0.0,0.0010474896,0.001060944,0.0,0.0010316449,0.0010609439,0.0010724341,0.0010609438,0.0,0.0010316448,0.001012906,0.0010683774,0.0010802074,0.0,0.0,0.0010474895,0.0010316449,0.0010224439,0.0010334598,0.0011084041,0.0,0.0,0.0010474893,0.0,0.0010609438,0.0010474893,0.0010683774,0.0,0.0010609459,0.0,0.001060944,0.0,0.0010609438,0.0010474895,0.0,0.0,0.0010474966,0.0010316462,0.0010224436,0.0010334598,0.001108404,0.0,0.0010609627,0.0010609456,0.0010555311,0.0010672649,0.0,0.0009906732,0.0,0.0010609447,0.0010474898,0.0,0.001060944,0.0010474895,0.0010403855,0.0010724245,0.0010609438,0.0010474893,0.0,0.0010609438,0.0010474893,0.0010403848,0.0,0.0010609438,0.0010474895,0.0010403838,0.0010518688,0.0010583267,0.0010705836,0.0010724207,0.0010609438,0.0010474893,0.0010403839,0.0010518688,0.0010583267,0.0010705836,0.0010724347,0.0,0.0,0.0010316449,0.001012906,0.0010683774,0.0010911439,0.0010724221,0.0,0.0010474893,0.0010316449,0.0010224439,0.0010334598,0.0011084041,0.0,0.001060944,0.0,0.0010316449,0.001012906,0.0010683774,0.0010802074,0.0010724328,0.0,0.0010474893,0.0010316449,0.0010224439,0.0010334598,0.0011084081,0.0,0.0010609438,0.0010474893,0.0010403839,0.0010518688,0.0010583267,0.0010705846,0.0010724211,0.0010609438,0.0010474893,0.0010403839,0.0010518688,0.0010583267,0.0010705836,0.0,0.0010609442,0.0010474895,0.0010403838,0.0010518688,0.0010583267,0.0010705836,0.0,0.0,0.0010474893,0.0010316449,0.0010224439,0.0010334598,0.0011084041,0.0010724227,0.0010609438,0.0,0.0,0.001060944,0.0010609439,0.0010555313,0.0010724479,0.0,0.0010474896,0.0,0.001060944,0.0010474893,0.0010683789,0.0010724914,0.0,0.001060944,0.0010474895,0.0010403838,0.0,0.0010609443,0.0,0.0010609438,0.0,0.0010316449,0.001012906,0.0010683775,0.0010802116,0.0010724235,0.0,0.0010474893,0.0010316449,0.0010224436,0.0010334601,0.0011084353,0.0010724296,0.0,0.0,0.0010316449,0.001012906,0.0010683774,0.0010911438,0.0,0.001060944,0.0010474895,0.0010403839,0.0010518688,0.0010583267,0.0010705836,0.0010724487,0.0010609439,0.0010474895,0.0,0.0010609439,0.0010474893,0.0010403844,0.0010724218,0.0,0.0010474895,0.0010316449,0.0010224439,0.0010334598,0.0011084051,0.001072423,0.0,0.0010474895,0.0010316449,0.0010224439,0.00103346,0.0011084047,0.0,0.0010609439,0.0010609437,0.001055531,0.0010672648,0.0,0.0009907058,0.0010724427,0.0,0.0010474895,0.0010316449,0.0010224439,0.0010334598,0.001108404,0.0010724245,0.0,0.0,0.0010316449,0.001012906,0.0010683774,0.0010911447,0.0010724558,0.0010609437,0.0,0.0010316455,0.001012906,0.0010683775,0.0010802116,0.0,0.0010609437,0.0010474895,0.0010403838,0.0010518688,0.0010583267,0.0010705836,0.0,0.0010609442,0.0,0.0010316449,0.001012906,0.0010683774,0.0010802074,0.0,0.0010609437,0.0010474895,0.0010403838,0.0010518688,0.0010583267,0.0010705837,0.0010724282,0.0010609439,0.0010474895,0.0010403839,0.0010518688,0.0010583267,0.0010705837,0.0,0.0,0.0,0.0010316449,0.001012906,0.0010683774,0.001091144,0.0010724203,0.0010609438,0.0,0.0010316449,0.001012906,0.0010683774,0.0010802078,0.0010724287,0.0010609437,0.0010474893,0.0010683774,0.0,0.0010316449,0.0010129061,0.0,0.0010609438,0.0010474893,0.0010403838,0.0010518688,0.0010583267,0.0010705843,0.0,0.0010609438,0.0010474893,0.0010403838,0.0010518688,0.0010583267,0.0010705837,0.0,0.0010609438,0.0010474895,0.0010403838,0.0010518688,0.0010583267,0.0010705852,0.0010724241,0.0010609438,0.0010474893,0.0010403838,0.0010518688,0.0010583267,0.0010705838,0.0,0.0,0.0010474893,0.0010316449,0.0010224439,0.0010334598,0.0011084042,0.0,0.0010609438,0.0010474893,0.0010403839,0.0010518688,0.0010583267,0.0010705836,0.0010725901,0.0010609447,0.0010474895,0.0010403838,0.0010518688,0.0010583267,0.0010705857
k__Bacteria|p__Firmicutes|c__Clostridia|o__Eubacteriales|f__Peptostreptococcaceae|g__GGB4456|s__GGB4456_SGB6141,0.0,0.0010611148,0.0010476866,0.0010406153,0.0010521546,0.0010586673,0.0010709602,0.0,0.0010611148,0.0010476866,0.0010406153,0.0010521546,0.0010586673,0.0010709602,0.0,0.0,0.0010477001,0.0010318783,0.0010227041,0.0010337763,0.0011086266,0.0010725757,0.0,0.0010476866,0.001031869,0.0010227035,0.0010337763,0.0011086261,0.0,0.0,0.0010476866,0.001031869,0.0010227035,0.0010337763,0.001108626,0.0010725666,0.0010611148,0.0010476866,0.0010406153,0.0010521546,0.0010586673,0.0010709601,0.0,0.0010611152,0.0010476866,0.0010406153,0.0010521546,0.0010586673,0.0010709603,0.0010725671,0.0010611148,0.0010476866,0.0010406153,0.0010521546,0.0010586673,0.0010709602,0.0,0.001061115,0.0010476867,0.0010406154,0.0010521546,0.0010586673,0.0010709608,0.0,0.0010611148,0.0010476866,0.0010406153,0.0010521546,0.0010586673,0.0010709602,0.0,0.0010611148,0.0,0.001031869,0.0010131577,0.0010685553,0.0010804365,0.0,0.0010611148,0.0010476866,0.0010406151,0.0010521546,0.0010586673,0.0010709607,0.0,0.0,0.0,0.001031869,0.0010131577,0.0010685553,0.0010913465,0.0010725682,0.0010611148,0.0,0.001031869,0.0010131577,0.0010685553,0.0010804416,0.0010725948,0.0,0.0,0.001031869,0.0010131577,0.0010685553,0.0010913461,0.0010725748,0.0,0.0010476866,0.0,0.0010611148,0.0010476866,0.0010685554,0.0010725679,0.0,0.0,0.001031869,0.0010131577,0.0010685553,0.0010913452,0.0,0.0010611162,0.0,0.001031869,0.0010131577,0.0010685553,0.0010804358,0.0,0.0,0.001047687,0.0010611159,0.0,0.001031869,0.001061115,0.0010725795,0.001061115,0.0,0.0010318689,0.0010131577,0.0010685553,0.0010804357,0.0,0.0,0.0010476866,0.001031869,0.0010227035,0.0010337763,0.0011086264,0.0,0.0,0.0010476866,0.0,0.0010611148,0.0010476866,0.0010685554,0.0,0.0010611181,0.0,0.001061115,0.0,0.0010611148,0.0010476866,0.0,0.0,0.0010477011,0.0010318717,0.0010227035,0.0010337763,0.0011086267,0.0,0.0010611571,0.0010611188,0.0010557354,0.0010675216,0.0,0.0009909543,0.0,0.001061117,0.0010476873,0.0,0.001061115,0.0010476864,0.0010406174,0.0010725679,0.0010611148,0.0010476866,0.0,0.0010611148,0.0010476866,0.0010406162,0.0,0.0010611151,0.0010476866,0.0010406151,0.0010521546,0.0010586673,0.0010709601,0.0010725667,0.0010611148,0.0010476866,0.0010406153,0.0010521546,0.0010586673,0.0010709602,0.0010725755,0.0,0.0,0.001031869,0.0010131577,0.0010685553,0.0010913452,0.0010725698,0.0,0.0010476866,0.001031869,0.0010227035,0.0010337763,0.0011086263,0.0,0.001061115,0.0,0.001031869,0.0010131577,0.0010685553,0.0010804356,0.0010725729,0.0,0.0010476866,0.001031869,0.0010227035,0.0010337763,0.0011086317,0.0,0.0010611148,0.0010476866,0.0010406153,0.0010521546,0.0010586673,0.0010709615,0.0010725668,0.0010611148,0.0010476866,0.0010406153,0.0010521546,0.0010586673,0.0010709601,0.0,0.0010611155,0.0010476864,0.0010406151,0.0010521546,0.0010586673,0.0010709602,0.0,0.0,0.0010476866,0.001031869,0.0010227035,0.0010337763,0.0011086263,0.0010725672,0.0010611148,0.0,0.0,0.001061115,0.0010611148,0.0010557354,0.0010725764,0.0,0.0010476866,0.0,0.001061115,0.0010476866,0.0010685573,0.0010726138,0.0,0.001061115,0.0010476864,0.0010406151,0.0,0.0010611153,0.0,0.0010611147,0.0,0.001031869,0.0010131577,0.0010685553,0.001080439,0.001072568,0.0,0.0010476866,0.001031869,0.0010227035,0.0010337768,0.0011086687,0.0010725723,0.0,0.0,0.001031869,0.0010131577,0.0010685553,0.0010913452,0.0,0.001061115,0.0010476866,0.0010406153,0.0010521546,0.0010586673,0.0010709602,0.001072549,0.001061115,0.0010476864,0.0,0.001061115,0.0010476866,0.0010406162,0.0010725677,0.0,0.0010476864,0.001031869,0.0010227035,0.0010337763,0.0011086273,0.0010725682,0.0,0.0010476866,0.001031869,0.0010227035,0.0010337763,0.0011086272,0.0,0.001061115,0.0010611151,0.0010557353,0.0010675215,0.0,0.0009909885,0.0010725802,0.0,0.0010476864,0.001031869,0.0010227035,0.0010337763,0.001108626,0.0010725686,0.0,0.0,0.001031869,0.0010131577,0.0010685553,0.0010913463,0.0010725847,0.0010611155,0.0,0.0010318699,0.0010131577,0.0010685553,0.001080441,0.0,0.001061115,0.0010476864,0.0010406151,0.0010521546,0.0010586673,0.0010709601,0.0,0.0010611158,0.0,0.001031869,0.0010131577,0.0010685553,0.0010804356,0.0,0.001061115,0.0010476866,0.0010406151,0.0010521546,0.0010586673,0.0010709602,0.0010725736,0.0010611148,0.0010476866,0.0010406157,0.0010521546,0.0010586673,0.0010709603,0.0,0.0,0.0,0.001031869,0.0010131577,0.0010685553,0.0010913454,0.0010725667,0.0010611148,0.0,0.001031869,0.0010131577,0.0010685553,0.0010804363,0.0010725716,0.001061115,0.0010476866,0.0010685553,0.0,0.001031869,0.0010131577,0.000864664,0.0010611148,0.0010476866,0.0010406151,0.0010521546,0.0010586673,0.0010709608,0.0,0.0010611148,0.0010476866,0.0010406151,0.0010521546,0.0010586673,0.0010709602,0.0,0.0010611154,0.0010476864,0.0010406151,0.0010521546,0.0010586673,0.0010709617,0.001072571,0.0010611148,0.0010476866,0.0010406151,0.0010521546,0.0010586673,0.0010709604,0.0,0.0,0.0010476866,0.001031869,0.0010227035,0.0010337763,0.0011086266,0.0,0.0010611148,0.0010476866,0.0010406153,0.0010521546,0.0010586673,0.0010709602,0.0010726589,0.0010611162,0.0010476866,0.0010406153,0.0010521546,0.0010586673,0.0010709619
k__Bacteria|p__Firmicutes|c__Erysipelotrichia|o__Erysipelotrichales|f__Erysipelotrichaceae|g__Faecalibacillus|s__Faecalibacillus_intestinalis,0.0,0.0010613386,0.0010477965,0.0010405531,0.0010517839,0.0010579943,0.001070073,0.0,0.0010613386,0.0010477965,0.0010405531,0.0010517839,0.0010579943,0.001070073,0.0,0.0,0.0010478165,0.0010318719,0.0010225162,0.0010332724,0.001108455,0.0010729631,0.0,0.0010477965,0.0010318586,0.0010225148,0.0010332724,0.0011084542,0.0,0.0,0.0010477965,0.0010318586,0.0010225148,0.0010332724,0.001108454,0.0010728985,0.0010613385,0.0010477965,0.0010405531,0.0010517839,0.0010579943,0.0010700729,0.0,0.0010613397,0.0010477965,0.0010405531,0.0010517839,0.0010579943,0.0010700737,0.0010728984,0.0010613385,0.0010477965,0.0010405531,0.0010517839,0.0010579943,0.001070073,0.0,0.0010613387,0.0010477973,0.0010405533,0.0010517839,0.0010579943,0.0010700738,0.0,0.0010613386,0.0010477965,0.0010405531,0.0010517839,0.0010579943,0.001070073,0.0,0.0010613386,0.0,0.0010318586,0.0010130213,0.0010687276,0.0010803159,0.0,0.0010613385,0.0010477965,0.0010405533,0.0010517839,0.0010579943,0.0010700735,0.0,0.0,0.0,0.0010318586,0.0010130213,0.0010687276,0.0010913403,0.0010729166,0.0010613386,0.0,0.0010318586,0.0010130213,0.0010687276,0.0010803248,0.0010730405,0.0,0.0,0.0010318586,0.0010130213,0.0010687276,0.0010913393,0.0010729464,0.0,0.0010477965,0.0,0.0010613385,0.0010477965,0.0010687278,0.0010729046,0.0,0.0,0.0010318586,0.0010130213,0.0010687276,0.0010913376,0.0,0.0010613409,0.0,0.0010318586,0.0010130213,0.0010687276,0.0010803142,0.0,0.0,0.0010477976,0.0010613404,0.0,0.0010318586,0.0010613389,0.001072941,0.001061339,0.0,0.0010318586,0.0010130213,0.0010687276,0.0010803136,0.0,0.0,0.0010477966,0.0010318586,0.0010225148,0.0010332724,0.0011084547,0.0,0.0,0.0010477965,0.0,0.0010613385,0.0010477965,0.0010687277,0.0,0.0010613434,0.0,0.0010613387,0.0,0.0010613385,0.0010477966,0.0,0.0,0.0010478189,0.0010318627,0.001022515,0.0010332724,0.0011084549,0.0,0.001061395,0.0010613448,0.0010557941,0.0010672783,0.0,0.0009906922,0.0,0.0010613422,0.0010477975,0.0,0.0010613392,0.0010477965,0.0010405569,0.0010729092,0.0010613385,0.0010477965,0.0,0.0010613385,0.0010477965,0.0010405547,0.0,0.0010613388,0.0010477966,0.0010405533,0.0010517839,0.0010579943,0.001070073,0.0010728983,0.0010613385,0.0010477965,0.0010405531,0.0010517839,0.0010579943,0.001070073,0.0010729537,0.0,0.0,0.0010318586,0.0010130213,0.0010687276,0.0010913373,0.0010729101,0.0,0.0010477965,0.0010318586,0.0010225148,0.0010332724,0.0011084545,0.0,0.0010613387,0.0,0.0010318586,0.0010130213,0.0010687276,0.0010803135,0.0010729282,0.0,0.0010477965,0.0010318586,0.0010225149,0.0010332724,0.0011084649,0.0,0.0010613385,0.0010477965,0.0010405531,0.0010517839,0.0010579943,0.0010700753,0.0010728998,0.0010613385,0.0010477965,0.0010405531,0.0010517839,0.0010579943,0.0010700729,0.0,0.0010613394,0.0010477965,0.0010405533,0.0010517839,0.0010579943,0.001070073,0.0,0.0,0.0010477965,0.0010318586,0.0010225148,0.0010332724,0.0011084544,0.0010729032,0.0010613385,0.0,0.0,0.0010613387,0.0010613386,0.0010557938,0.0010729678,0.0,0.0010477966,0.0,0.0010613387,0.0010477965,0.0010687319,0.0010731135,0.0,0.0010613389,0.0010477965,0.0010405533,0.0,0.0010613394,0.0,0.0010613385,0.0,0.0010318586,0.0010130213,0.0010687275,0.0010803201,0.0010729089,0.0,0.0010477965,0.0010318586,0.001022515,0.0010332731,0.001108536,0.0010729255,0.0,0.0,0.0010318586,0.0010130213,0.0010687276,0.0010913374,0.0,0.0010613387,0.0010477966,0.0010405531,0.0010517839,0.0010579943,0.001070073,0.0010729341,0.0010613386,0.0010477965,0.0,0.0010613387,0.0010477965,0.0010405546,0.0010729034,0.0,0.0010477965,0.0010318587,0.0010225149,0.0010332724,0.0011084566,0.0010729054,0.0,0.0010477966,0.0010318586,0.001022515,0.0010332725,0.0011084566,0.0,0.0010613386,0.0010613389,0.0010557934,0.0010672786,0.0,0.000990737,0.0010729715,0.0,0.0010477965,0.0010318586,0.0010225148,0.0010332724,0.001108454,0.001072908,0.0,0.0,0.0010318586,0.0010130213,0.0010687276,0.0010913394,0.0010730242,0.0010613402,0.0,0.00103186,0.0010130219,0.0010687278,0.001080324,0.0,0.0010613387,0.0010477965,0.0010405533,0.0010517839,0.0010579943,0.0010700729,0.0,0.0010613399,0.0,0.0010318586,0.0010130213,0.0010687276,0.0010803135,0.0,0.0010613387,0.0010477966,0.0010405533,0.0010517839,0.0010579943,0.0010700731,0.0010729254,0.0010613388,0.0010477965,0.0010405533,0.0010517839,0.0010579943,0.0010700733,0.0,0.0,0.0,0.0010318586,0.0010130213,0.0010687276,0.001091338,0.0010728977,0.0010613385,0.0,0.0010318586,0.0010130213,0.0010687276,0.0010803151,0.0010729204,0.0010613387,0.0010477965,0.0010687276,0.0,0.0010318586,0.0010130216,0.0,0.0010613385,0.0010477965,0.0010405533,0.0010517839,0.0010579943,0.0010700739,0.0,0.0010613385,0.0010477965,0.0010405533,0.0010517839,0.0010579943,0.0010700733,0.0,0.0010613396,0.0010477965,0.0010405533,0.0010517839,0.0010579943,0.001070075,0.0010729172,0.0010613385,0.0010477965,0.0010405533,0.0010517839,0.0010579943,0.0010700736,0.0,0.0,0.0010477965,0.0010318586,0.0010225149,0.0010332724,0.0011084544,0.0,0.0010613385,0.0010477965,0.0010405531,0.0010517839,0.0010579943,0.001070073,0.0010732425,0.0010613409,0.0010477965,0.0010405532,0.0010517839,0.0010579943,0.0010700758
k__Bacteria|p__Firmicutes|c__Clostridia|o__Eubacteriales|f__Oscillospiraceae|g__Monoglobus|s__Monoglobus_pectinilyticus,0.0,0.0010612614,0.0010475843,0.001040145,0.0010510349,0.00105691,0.0010687559,0.0,0.0010612612,0.0010475843,0.001040145,0.0010510349,0.00105691,0.0010687558,0.0,0.0,0.0010475952,0.0010315126,0.0010219585,0.001032366,0.0011079699,0.0010729828,0.0,0.0010475843,0.001031505,0.0010219581,0.001032366,0.0011079689,0.0,0.0,0.0010475843,0.001031505,0.0010219581,0.001032366,0.001107969,0.001072948,0.001061261,0.0010475843,0.001040145,0.0010510349,0.00105691,0.0010687555,0.0,0.0010612619,0.0010475845,0.001040145,0.0010510349,0.00105691,0.0010687562,0.0010729481,0.001061261,0.0010475843,0.001040145,0.0010510349,0.00105691,0.0010687558,0.0,0.0010612616,0.0010475849,0.0010401452,0.0010510349,0.0010569103,0.0010687567,0.0,0.0010612612,0.0010475843,0.001040145,0.0010510349,0.00105691,0.0010687556,0.0,0.0010612615,0.0,0.001031505,0.0010125196,0.001068597,0.0010798627,0.0,0.001061261,0.0010475843,0.001040145,0.0010510349,0.00105691,0.0010687566,0.0,0.0,0.0,0.001031505,0.0010125196,0.001068597,0.0010910241,0.0010729573,0.0010612612,0.0,0.001031505,0.0010125196,0.001068597,0.0010798709,0.0010730268,0.0,0.0,0.001031505,0.0010125196,0.001068597,0.0010910232,0.0010729712,0.0,0.0010475843,0.0,0.001061261,0.0010475843,0.0010685971,0.0010729514,0.0,0.0,0.001031505,0.0010125196,0.001068597,0.0010910213,0.0,0.0010612626,0.0,0.001031505,0.0010125196,0.001068597,0.001079861,0.0,0.0,0.0010475855,0.0010612622,0.0,0.001031505,0.0010612615,0.0010729734,0.0010612616,0.0,0.001031505,0.0010125196,0.001068597,0.0010798607,0.0,0.0,0.0010475845,0.001031505,0.0010219581,0.001032366,0.0011079694,0.0,0.0,0.0010475843,0.0,0.001061261,0.0010475843,0.0010685967,0.0,0.0010612648,0.0,0.0010612615,0.0,0.001061261,0.0010475843,0.0,0.0,0.0010475985,0.001031507,0.0010219582,0.001032366,0.00110797,0.0,0.0010612822,0.0010612641,0.0010555278,0.0010666808,0.0,0.000990039,0.0,0.0010612636,0.0010475849,0.0,0.0010612616,0.0010475843,0.0010401479,0.0010729533,0.001061261,0.0010475843,0.0,0.001061261,0.0010475843,0.0010401467,0.0,0.0010612616,0.0010475843,0.001040145,0.0010510349,0.00105691,0.0010687559,0.001072948,0.001061261,0.0010475843,0.001040145,0.0010510349,0.00105691,0.0010687558,0.0010729801,0.0,0.0,0.001031505,0.0010125196,0.001068597,0.001091021,0.001072953,0.0,0.0010475843,0.001031505,0.0010219581,0.001032366,0.0011079693,0.0,0.0010612615,0.0,0.001031505,0.0010125196,0.001068597,0.0010798603,0.0010729632,0.0,0.0010475843,0.001031505,0.0010219581,0.001032366,0.0011079777,0.0,0.001061261,0.0010475843,0.001040145,0.0010510349,0.00105691,0.0010687584,0.0010729486,0.001061261,0.0010475843,0.001040145,0.0010510349,0.00105691,0.0010687555,0.0,0.0010612619,0.0010475843,0.001040145,0.0010510349,0.00105691,0.0010687559,0.0,0.0,0.0010475843,0.001031505,0.0010219581,0.001032366,0.0011079693,0.0010729503,0.001061261,0.0,0.0,0.0010612613,0.0010612612,0.0010555283,0.0010729877,0.0,0.0010475843,0.0,0.0010612613,0.0010475843,0.0010685995,0.0010730654,0.0,0.0010612615,0.0010475843,0.001040145,0.0,0.0010612622,0.0,0.0010612613,0.0,0.001031505,0.0010125196,0.0010685968,0.0010798667,0.0010729542,0.0,0.0010475843,0.001031505,0.0010219582,0.0010323665,0.0011080347,0.0010729657,0.0,0.0,0.001031505,0.0010125196,0.001068597,0.001091021,0.0,0.0010612615,0.0010475843,0.001040145,0.0010510349,0.00105691,0.0010687556,0.001072962,0.0010612615,0.0010475843,0.0,0.0010612614,0.0010475843,0.0010401459,0.0010729509,0.0,0.0010475843,0.0010315051,0.0010219581,0.001032366,0.001107972,0.001072952,0.0,0.0010475843,0.001031505,0.0010219582,0.0010323661,0.0011079716,0.0,0.0010612615,0.0010612615,0.0010555274,0.0010666808,0.0,0.0009900854,0.0010729864,0.0,0.0010475843,0.001031505,0.0010219581,0.001032366,0.001107969,0.0010729536,0.0,0.0,0.001031505,0.0010125196,0.001068597,0.0010910236,0.0010730192,0.0010612621,0.0,0.0010315058,0.0010125202,0.0010685968,0.0010798702,0.0,0.0010612615,0.0010475843,0.001040145,0.0010510349,0.00105691,0.0010687555,0.0,0.0010612622,0.0,0.001031505,0.0010125196,0.001068597,0.0010798603,0.0,0.0010612615,0.0010475845,0.001040145,0.0010510349,0.00105691,0.0010687559,0.0010729642,0.0010612614,0.0010475843,0.001040145,0.0010510349,0.00105691,0.0010687562,0.0,0.0,0.0,0.001031505,0.0010125196,0.001068597,0.0010910216,0.0010729476,0.001061261,0.0,0.001031505,0.0010125196,0.001068597,0.0010798618,0.0010729624,0.0010612615,0.0010475843,0.001068597,0.0,0.001031505,0.0010125203,0.0013909278,0.001061261,0.0010475843,0.001040145,0.0010510349,0.00105691,0.001068757,0.0,0.001061261,0.0010475843,0.001040145,0.0010510349,0.00105691,0.0010687561,0.0,0.0010612616,0.0010475843,0.001040145,0.0010510349,0.0010569103,0.0010687587,0.001072956,0.001061261,0.0010475843,0.001040145,0.0010510349,0.00105691,0.0010687563,0.0,0.0,0.0010475843,0.001031505,0.0010219581,0.001032366,0.0011079693,0.0,0.001061261,0.0010475843,0.001040145,0.0010510349,0.00105691,0.0010687556,0.0010731468,0.0010612628,0.0010475843,0.001040145,0.0010510349,0.0010569103,0.0010687597
k__Bacteria|p__Firmicutes|c__Tissierellia|o__Tissierellales|f__Peptoniphilaceae|g__Anaerococcus|s__Anaerococcus_senegalensis,0.0,0.0010629874,0.001049473,0.0010422358,0.0010534214,0.0010595976,0.0010716284,0.0,0.0010629875,0.001049473,0.0010422358,0.0010534214,0.0010595976,0.0010716283,0.0,0.0,0.0010494858,0.0010335711,0.0010242246,0.0010349427,0.0011098988,0.0010745217,0.0,0.001049473,0.0010335619,0.0010242244,0.0010349427,0.001109899,0.0,0.0,0.001049473,0.0010335619,0.0010242244,0.0010349427,0.0011098989,0.0010745183,0.0010629874,0.001049473,0.0010422358,0.0010534214,0.0010595976,0.0010716283,0.0,0.0010629874,0.0010494731,0.0010422358,0.0010534214,0.0010595976,0.0010716292,0.0010745184,0.0010629874,0.001049473,0.0010422358,0.0010534214,0.0010595976,0.0010716284,0.0,0.0010629875,0.0010494735,0.0010422358,0.0010534214,0.0010595976,0.0010716284,0.0,0.0010629875,0.001049473,0.0010422358,0.0010534214,0.0010595976,0.0010716284,0.0,0.0010629875,0.0,0.0010335619,0.0010147492,0.0010703517,0.0010818823,0.0,0.0010629874,0.001049473,0.0010422358,0.0010534214,0.0010595976,0.0010716284,0.0,0.0,0.0,0.0010335619,0.0010147492,0.0010703517,0.00109287,0.0010745175,0.0010629875,0.0,0.0010335619,0.0010147492,0.0010703517,0.0010818837,0.0010745234,0.0,0.0,0.001033562,0.0010147492,0.0010703517,0.0010928703,0.0010745223,0.0,0.001049473,0.0,0.0010629874,0.001049473,0.0010703513,0.0010745178,0.0,0.0,0.0010335619,0.0010147492,0.0010703517,0.0010928701,0.0,0.0010629882,0.0,0.0010335619,0.0010147492,0.0010703517,0.0010818816,0.0,0.0,0.0010494739,0.0010629877,0.0,0.0010335619,0.0010629875,0.001074525,0.0010629875,0.0,0.0010335619,0.0010147492,0.0010703517,0.0010818815,0.0,0.0,0.0010494731,0.0010335619,0.0010242244,0.0010349427,0.001109899,0.0,0.0,0.001049473,0.0,0.0010629874,0.001049473,0.0010703513,0.0,0.0010629904,0.0,0.0010629875,0.0,0.0010629874,0.0010494731,0.0,0.0,0.001049483,0.0010335637,0.0010242244,0.0010349427,0.0011098988,0.0,0.0010630154,0.0010629905,0.001057447,0.0010688814,0.0,0.0009924344,0.0,0.0010629887,0.0010494736,0.0,0.0010629876,0.0010494731,0.0010422382,0.0010745198,0.0010629874,0.001049473,0.0,0.0010629874,0.001049473,0.0010422361,0.0,0.0010629876,0.0010494731,0.0010422358,0.0010534214,0.0010595976,0.0010716284,0.0010745182,0.0010629874,0.001049473,0.0010422358,0.0010534214,0.0010595976,0.0010716284,0.0010745173,0.0,0.0,0.0010335619,0.0010147492,0.0010703517,0.0010928703,0.0010745174,0.0,0.001049473,0.0010335619,0.0010242244,0.0010349427,0.001109899,0.0,0.0010629875,0.0,0.0010335619,0.0010147492,0.0010703517,0.0010818815,0.0010745223,0.0,0.001049473,0.0010335619,0.0010242244,0.0010349427,0.0011099027,0.0,0.0010629874,0.001049473,0.0010422358,0.0010534214,0.0010595976,0.0010716286,0.0010745182,0.0010629874,0.001049473,0.0010422358,0.0010534214,0.0010595976,0.0010716283,0.0,0.0010629877,0.0010494731,0.0010422358,0.0010534214,0.0010595976,0.0010716284,0.0,0.0,0.001049473,0.0010335619,0.0010242244,0.0010349427,0.0011098988,0.0010745177,0.0010629874,0.0,0.0,0.0010629875,0.0010629875,0.001057447,0.0010745211,0.0,0.0010494733,0.0,0.0010629875,0.001049473,0.0010703565,0.0010745429,0.0018585273,0.0010629875,0.0010494731,0.0010422358,0.0,0.0010629875,0.0,0.0010629873,0.0,0.0010335619,0.0010147492,0.0010703516,0.0010818875,0.001074519,0.0,0.001049473,0.0010335619,0.0010242244,0.0010349428,0.001109926,0.0010745242,0.0,0.0,0.0010335619,0.0010147492,0.0010703517,0.0010928706,0.0,0.0010629875,0.0010494731,0.0010422358,0.0010534214,0.0010595976,0.0010716283,0.0010745045,0.0010629873,0.0010494731,0.0,0.0010629875,0.001049473,0.0010422362,0.001074517,0.0,0.0010494731,0.001033562,0.0010242244,0.0010349427,0.0011098995,0.0010745181,0.0,0.0010494731,0.0010335619,0.0010242244,0.0010349428,0.0011098994,0.0,0.0010629874,0.0010629876,0.001057447,0.0010688815,0.0,0.000992462,0.0010745128,0.0,0.0010494731,0.0010335619,0.0010242244,0.0010349427,0.0011098989,0.0010745177,0.0,0.0,0.0010335619,0.0010147492,0.0010703517,0.00109287,0.0010745197,0.0010629875,0.0,0.0010335626,0.0010147494,0.0010703517,0.0010818839,0.031861663,0.0010629875,0.0010494731,0.0010422358,0.0010534214,0.0010595976,0.0010716283,0.0,0.0010629885,0.0,0.0010335619,0.0010147492,0.0010703517,0.0010818815,0.0,0.0010629875,0.0010494731,0.0010422358,0.0010534214,0.0010595976,0.0010716284,0.0010745191,0.0010629874,0.0010494731,0.0010422358,0.0010534214,0.0010595976,0.0010716285,0.0,0.0,0.0,0.0010335619,0.0010147492,0.0010703517,0.0010928708,0.0010745181,0.0010629874,0.0,0.0010335619,0.0010147492,0.0010703517,0.0010818818,0.0010745185,0.0010629875,0.001049473,0.0010703517,0.0,0.0010335619,0.0010147493,0.0,0.0010629874,0.001049473,0.0010422358,0.0010534214,0.0010595976,0.0010716288,0.0,0.0010629874,0.001049473,0.0010422358,0.0010534214,0.0010595976,0.0010716284,0.0,0.0010629877,0.0010494731,0.0010422358,0.0010534214,0.0010595976,0.0010716292,0.0010745181,0.0010629874,0.001049473,0.0010422358,0.0010534214,0.0010595976,0.0010716283,0.0,0.0,0.001049473,0.0010335619,0.0010242244,0.0010349427,0.001109899,0.0,0.0010629874,0.001049473,0.0010422358,0.0010534214,0.0010595976,0.0010716284,0.0010746322,0.0010629885,0.0010494731,0.0010422356,0.0010534214,0.0010595976,0.0010716292
k__Bacteria|p__Firmicutes|c__CFGB1872|o__OFGB1872|f__FGB1872|g__GGB4964|s__GGB4964_SGB6927,0.0,0.0010652994,0.0010517427,0.0010443933,0.001055306,0.0010612275,0.0010730474,0.0,0.0010652995,0.0010517427,0.0010443933,0.001055306,0.0010612275,0.0010730473,0.0,0.0,0.0010517638,0.0010357968,0.0010263306,0.0010367776,0.0011116692,0.001076921,0.0,0.0010517427,0.0010357831,0.0010263297,0.0010367776,0.001111669,0.0,0.0,0.0010517427,0.0010357831,0.0010263297,0.0010367776,0.0011116691,0.0010768684,0.0010652995,0.0010517427,0.0010443933,0.001055306,0.0010612275,0.0010730473,0.0,0.0010653002,0.0010517427,0.0010443933,0.001055306,0.0010612275,0.0010730478,0.0010768683,0.0010652995,0.0010517427,0.0010443933,0.001055306,0.0010612275,0.0010730472,0.0,0.0010652996,0.0010517435,0.0010443936,0.001055306,0.0010612275,0.0010730475,0.0,0.0010652995,0.0010517427,0.0010443933,0.001055306,0.0010612275,0.0010730473,0.0,0.0010652995,0.0,0.0010357831,0.001016915,0.0010725954,0.001083849,0.0,0.0010652995,0.0010517427,0.0010443935,0.001055306,0.0010612275,0.001073047,0.0,0.0,0.0,0.0010357831,0.001016915,0.0010725954,0.0010948706,0.0010768829,0.0010652995,0.0,0.0010357831,0.001016915,0.0010725954,0.0010838548,0.0010769855,0.0,0.0,0.0010357833,0.001016915,0.0010725954,0.0010948704,0.0010769079,0.0,0.0010517427,0.0,0.0010652995,0.0010517427,0.0010725952,0.001076873,0.0,0.0,0.0010357831,0.001016915,0.0010725954,0.0010948702,0.0,0.0010653018,0.0,0.0010357831,0.001016915,0.0010725954,0.0010838478,0.006800197,0.008146545,0.0010517436,0.0010653014,0.0,0.0010357831,0.0010652996,0.0010769039,0.0010653,0.0,0.001035783,0.001016915,0.0010725954,0.0010838476,0.0,0.0,0.0010517427,0.0010357831,0.0010263297,0.0010367776,0.0011116696,0.0,0.0,0.0010517427,0.0014416561,0.0010652995,0.0010517427,0.0010725952,0.0,0.0010653038,0.0,0.0010652996,0.0,0.0010652995,0.0010517427,0.0,0.0,0.0010517669,0.0010357873,0.0010263298,0.0010367776,0.0011116692,0.0,0.0010653638,0.0010653062,0.0010596515,0.0010708096,0.0,0.0009945397,0.0,0.0010653026,0.0010517439,0.0,0.0010653,0.0010517427,0.0010443963,0.0010768772,0.0010652995,0.0010517427,0.0,0.0010652995,0.0010517427,0.0010443944,0.0,0.0010652996,0.0010517427,0.0010443935,0.001055306,0.0010612275,0.0010730473,0.0010768682,0.0010652995,0.0010517427,0.0010443933,0.001055306,0.0010612275,0.0010730473,0.0010769119,0.0,0.0021693062,0.0010357831,0.001016915,0.0010725954,0.00109487,0.0010768786,0.0,0.0010517427,0.0010357831,0.0010263297,0.0010367776,0.001111669,0.0,0.0010652996,0.0,0.0010357831,0.001016915,0.0010725954,0.0010838478,0.0010768943,0.0,0.0010517427,0.0010357831,0.0010263297,0.0010367776,0.0011116766,0.0,0.0010652995,0.0010517427,0.0010443933,0.001055306,0.0010612275,0.001073048,0.0010768693,0.0010652995,0.0010517427,0.0010443933,0.001055306,0.0010612275,0.0010730473,0.0,0.0010653001,0.0010517427,0.0010443935,0.001055306,0.0010612275,0.0010730474,0.0,0.0,0.0010517427,0.0010357831,0.0010263297,0.0010367776,0.0011116692,0.0010768715,0.0010652995,0.0,0.0,0.0010652996,0.0010652995,0.0010596507,0.0010769219,0.0,0.0010517427,0.0,0.0010652996,0.0010517427,0.0010725984,0.001077046,0.0,0.0010652996,0.0010517427,0.0010443935,0.0,0.0010653,0.0013976126,0.0010652994,0.00092480844,0.0010357831,0.001016915,0.0010725954,0.0010838546,0.0010768768,0.0019319932,0.0010517427,0.0010357831,0.0010263298,0.0010367786,0.0011117193,0.0010768895,0.0,0.0,0.0010357831,0.001016915,0.0010725954,0.00109487,0.0,0.0010652996,0.0010517427,0.0010443933,0.001055306,0.0010612275,0.0010730473,0.0010768902,0.0010652995,0.0010517427,0.0,0.0010652994,0.0010517427,0.0010443949,0.0010768723,0.0,0.0010517427,0.0010357834,0.0010263297,0.0010367776,0.0011116696,0.0010768734,0.0,0.0010517427,0.0010357831,0.0010263298,0.0010367777,0.0011116709,0.0,0.0010652995,0.0010652997,0.0010596507,0.0010708094,0.0,0.000994573,0.0010769271,0.0,0.0010517427,0.0010357831,0.0010263297,0.0010367776,0.0011116691,0.0010768747,0.0,0.0,0.0010357831,0.001016915,0.0010725954,0.0010948702,0.0010769739,0.0010653008,0.0,0.0010357847,0.0010169155,0.0010725956,0.0010838534,0.0,0.0010652995,0.0010517427,0.0010443935,0.001055306,0.0010612275,0.0010730473,0.0,0.0010653008,0.0,0.0010357831,0.001016915,0.0010725954,0.0010838478,0.035560142,0.0010652996,0.0010517427,0.0010443935,0.001055306,0.0010612275,0.0010730472,0.0010768889,0.0010652995,0.001051743,0.0010443936,0.001055306,0.0010612275,0.0010730474,0.0,0.0,0.0,0.0010357831,0.001016915,0.0010725954,0.0010948704,0.0010768676,0.0010652995,0.0,0.0010357831,0.001016915,0.0010725954,0.0010838484,0.0010768847,0.0010652995,0.0010517427,0.0010725954,0.0,0.0010357831,0.0010169151,0.0,0.0010652995,0.0010517427,0.0010443935,0.001055306,0.0010612275,0.0010730475,0.0,0.0010652995,0.0010517427,0.0010443935,0.001055306,0.0010612275,0.0010730472,0.0,0.0010653005,0.0010517427,0.0010443935,0.001055306,0.0010612275,0.0010730485,0.0010768839,0.0010652995,0.0010517427,0.0010443935,0.001055306,0.0010612275,0.0010730475,0.0,0.0,0.0010517427,0.0010357831,0.0010263297,0.0010367776,0.0011116693,0.0,0.0010652995,0.0010517427,0.0010443933,0.001055306,0.0010612275,0.0010730473,0.0010771252,0.0010653014,0.0010517427,0.0010443934,0.001055306,0.0010612275,0.0010730485
k__Bacteria|p__Firmicutes|c__Clostridia|o__Eubacteriales|f__Lachnospiraceae|g__Faecalicatena|s__Faecalicatena_contorta,0.0,0.0010611104,0.0010475104,0.001040187,0.0010512843,0.0010573628,0.001069352,0.0,0.0010611108,0.0010475104,0.001040187,0.0010512843,0.0010573628,0.001069352,0.0,0.0,0.0010475281,0.0010315257,0.0010220854,0.001032705,0.0011080849,0.0010727386,0.0,0.0010475104,0.0010315117,0.0010220848,0.001032705,0.0011080847,0.0,0.0,0.0010475104,0.0010315117,0.0010220848,0.001032705,0.0011080846,0.0010727249,0.0010611106,0.0010475104,0.001040187,0.0010512843,0.0010573628,0.0010693519,0.0,0.0010611115,0.0010475105,0.001040187,0.0010512843,0.0010573628,0.0010693519,0.001072725,0.0010611106,0.0010475104,0.001040187,0.0010512843,0.0010573628,0.001069352,0.0,0.0010611109,0.0010475108,0.001040187,0.0010512843,0.0010573628,0.0010693524,0.0,0.0010611108,0.0010475104,0.001040187,0.0010512843,0.0010573628,0.001069352,0.0,0.0010611108,0.0,0.0010315117,0.0010126113,0.0010684809,0.0010799435,0.0,0.0010611106,0.0010475104,0.0010401868,0.0010512843,0.0010573628,0.001069352,0.0,0.0,0.0,0.0010315117,0.0010126113,0.0010684809,0.0010910267,0.0010727268,0.0010611108,0.0,0.0010315117,0.0010126113,0.0010684809,0.0010799454,0.0010727464,0.0,0.0,0.0010315119,0.0010126113,0.0010684809,0.001091026,0.001072732,0.0,0.0010475104,0.0,0.0010611106,0.0010475104,0.0010684807,0.0010727256,0.0,0.0,0.0010315117,0.0010126113,0.0010684809,0.001091026,0.0,0.0010611122,0.0,0.0010315117,0.0010126113,0.0010684809,0.0010799423,0.0,0.0,0.0010475119,0.0010611119,0.0,0.0010315117,0.0010611108,0.0010727433,0.0010611109,0.0,0.0010315117,0.0010126113,0.0010684809,0.0010799426,0.0,0.0,0.0010475105,0.0010315117,0.0010220848,0.001032705,0.0011080848,0.0,0.0,0.0010475104,0.0,0.0010611106,0.0010475104,0.0010684807,0.0,0.0010611159,0.0,0.0010611108,0.0,0.0010611106,0.0010475104,0.0,0.0,0.0010475353,0.0010315148,0.0010220851,0.001032705,0.001108085,0.0,0.001061152,0.0010611154,0.0010554888,0.0010668443,0.0,0.0009902117,0.0,0.001061113,0.0010475115,0.0,0.001061111,0.0010475104,0.0010401885,0.0010727298,0.0010611106,0.0010475104,0.0,0.0010611106,0.0010475104,0.0010401873,0.0,0.0010611106,0.0010475104,0.0010401868,0.0010512843,0.0010573628,0.0010693519,0.001072725,0.0010611106,0.0010475104,0.001040187,0.0010512843,0.0010573628,0.001069352,0.0010727348,0.0,0.0,0.0010315117,0.0010126113,0.0010684809,0.0010910259,0.0010727263,0.0,0.0010475104,0.0010315117,0.0010220848,0.001032705,0.0011080846,0.0,0.0010611108,0.0,0.0010315117,0.0010126113,0.0010684809,0.0010799423,0.001072731,0.0,0.0010475104,0.0010315117,0.0010220848,0.001032705,0.001108087,0.0,0.0010611106,0.0010475104,0.001040187,0.0010512843,0.0010573628,0.0010693523,0.0010727253,0.0010611106,0.0010475104,0.001040187,0.0010512843,0.0010573628,0.0010693519,0.0,0.0010611115,0.0010475104,0.0010401868,0.0010512843,0.0010573628,0.001069352,0.0,0.0,0.0010475104,0.0010315117,0.0010220848,0.001032705,0.0011080848,0.0010727255,0.0010611106,0.0,0.0,0.0010611108,0.0010611108,0.0010554887,0.0010727398,0.0,0.0010475108,0.0,0.0010611108,0.0010475104,0.0010684826,0.0010727597,0.0,0.001061111,0.0010475104,0.0010401868,0.0,0.0010611109,0.0,0.0010611105,0.0,0.0010315117,0.0010126113,0.0010684809,0.0010799431,0.0010727285,0.0,0.0010475104,0.0010315117,0.0010220847,0.0010327052,0.0011081061,0.0010727398,0.0,0.0,0.0010315117,0.0010126113,0.0010684809,0.001091026,0.0,0.0010611108,0.0010475104,0.001040187,0.0010512843,0.0010573628,0.001069352,0.0010727218,0.0010611106,0.0010475104,0.0,0.0010611105,0.0010475104,0.0010401874,0.0010727252,0.0,0.0010475104,0.0010315119,0.0010220848,0.001032705,0.0011080852,0.0010727267,0.0,0.0010475104,0.0010315117,0.0010220847,0.001032705,0.0011080846,0.0,0.001061111,0.0010611108,0.001055488,0.0010668446,0.0,0.0009902483,0.0010727326,0.0,0.0010475104,0.0010315117,0.0010220848,0.001032705,0.0011080846,0.0010727268,0.0,0.0,0.0010315117,0.0010126113,0.0010684809,0.0010910267,0.0010727464,0.0010611112,0.0,0.0010315127,0.0010126119,0.001068481,0.0010799458,0.0,0.0010611106,0.0010475104,0.0010401868,0.0010512843,0.0010573628,0.0010693519,0.0,0.0010611124,0.0,0.0010315117,0.0010126113,0.0010684809,0.0010799423,0.0,0.0010611108,0.0010475105,0.0010401868,0.0010512843,0.0010573628,0.001069352,0.0010727278,0.0010611109,0.0010475104,0.0010401871,0.0010512843,0.0010573628,0.0010693521,0.0,0.0,0.0,0.0010315117,0.0010126113,0.0010684809,0.0010910264,0.0010727247,0.0010611106,0.0,0.0010315117,0.0010126113,0.0010684809,0.0010799426,0.0010727319,0.0010611106,0.0010475104,0.0010684809,0.0,0.0010315117,0.0010126114,0.0,0.0010611106,0.0010475104,0.0010401868,0.0010512843,0.0010573628,0.0010693521,0.0,0.0010611106,0.0010475104,0.0010401868,0.0010512843,0.0010573628,0.001069352,0.0,0.0010611111,0.0010475104,0.0010401868,0.0010512843,0.0010573628,0.0010693521,0.0010727274,0.0010611106,0.0010475104,0.0010401868,0.0010512843,0.0010573628,0.0010693519,0.0,0.0,0.0010475104,0.0010315117,0.0010220848,0.001032705,0.0011080846,0.0,0.0010611106,0.0010475104,0.001040187,0.0010512843,0.0010573628,0.001069352,0.001072852,0.0010611124,0.0010475104,0.0010401868,0.0010512843,0.0010573628,0.0010693528
k__Bacteria|p__Firmicutes|c__Bacilli|o__Lactobacillales|f__Lactobacillaceae|g__GGB4585|s__GGB4585_SGB4995,0.0,0.0010583124,0.0010447637,0.0010375755,0.001049003,0.0010553888,0.0010676336,0.0,0.0010583126,0.0010447637,0.0010375755,0.001049003,0.0010553888,0.0010676334,0.0,0.0,0.0010447677,0.0010288259,0.0010195374,0.0010304837,0.0011059407,0.0010698872,0.0,0.0010447637,0.001028824,0.0010195371,0.0010304837,0.0011059407,0.0,0.0,0.0010447637,0.001028824,0.0010195371,0.0010304837,0.0011059407,0.0010698811,0.0010583125,0.0010447637,0.0010375755,0.001049003,0.0010553888,0.0010676337,0.0,0.0010583127,0.0010447638,0.0010375755,0.001049003,0.0010553888,0.0010676339,0.0010698813,0.0010583125,0.0010447637,0.0010375755,0.001049003,0.0010553888,0.0010676336,0.0,0.0010583122,0.0010447638,0.0010375757,0.001049003,0.0010553888,0.001067634,0.0,0.0010583126,0.0010447637,0.0010375755,0.001049003,0.0010553888,0.0010676334,0.0,0.0010583126,0.0,0.001028824,0.0010099909,0.0010657649,0.0010775627,0.0,0.0010583125,0.0010447637,0.0010375754,0.001049003,0.0010553888,0.001067634,0.0,0.0,0.0,0.001028824,0.0010099909,0.0010657649,0.0010886061,0.0010698843,0.0010583126,0.0,0.001028824,0.0010099909,0.0010657649,0.0010775648,0.0010699051,0.0,0.0,0.0010288242,0.0010099909,0.0010657649,0.0010886057,0.0010698889,0.0,0.0010447637,0.0,0.0010583125,0.0010447637,0.001065765,0.0010698824,0.0,0.0,0.001028824,0.0010099909,0.0010657649,0.0010886049,0.0,0.0010583127,0.0,0.001028824,0.0010099909,0.0010657649,0.0010775622,0.0,0.0,0.0010447638,0.0010583128,0.0,0.001028824,0.0010583126,0.0010698877,0.0010583127,0.0,0.001028824,0.0010099909,0.0010657649,0.0010775622,0.0,0.0,0.001044764,0.001028824,0.0010195371,0.0010304837,0.0011059407,0.0,0.0,0.0010447637,0.0,0.0010583125,0.0010447637,0.0010657649,0.0,0.0010583124,0.0,0.0010583126,0.0,0.0010583125,0.0010447638,0.0,0.0,0.001044767,0.0010288245,0.0010195371,0.0010304837,0.0011059406,0.0,0.0010583242,0.001058313,0.0010528213,0.0010645104,0.0,0.0009876653,0.0,0.001058313,0.0010447637,0.0,0.0010583124,0.0010447638,0.0010375766,0.0010698822,0.0010583125,0.0010447637,0.0,0.0010583125,0.0010447637,0.001037576,0.0,0.0010583126,0.0010447638,0.0010375754,0.001049003,0.0010553888,0.0010676337,0.001069881,0.0010583125,0.0010447637,0.0010375755,0.001049003,0.0010553888,0.0010676334,0.0010698906,0.0,0.0,0.001028824,0.0010099909,0.0010657649,0.0010886048,0.001069883,0.0,0.0010447637,0.001028824,0.0010195371,0.0010304837,0.0011059404,0.0,0.0010583126,0.0,0.001028824,0.0010099909,0.0010657649,0.0010775621,0.0010698859,0.0,0.0010447637,0.001028824,0.0010195371,0.0010304837,0.0011059423,0.0,0.0010583125,0.0010447637,0.0010375755,0.001049003,0.0010553888,0.0010676344,0.0010698811,0.0010583125,0.0010447637,0.0010375755,0.001049003,0.0010553888,0.0010676337,0.0,0.0010583125,0.0010447638,0.0010375754,0.001049003,0.0010553888,0.0010676336,0.0,0.0,0.0010447637,0.001028824,0.0010195371,0.0010304837,0.0011059407,0.0010698815,0.0010583125,0.0,0.0,0.0010583126,0.0010583126,0.0010528215,0.0010698865,0.0,0.0010447636,0.0,0.0010583126,0.0010447637,0.0010657664,0.001069918,0.0,0.0010583126,0.0010447638,0.0010375754,0.0,0.0010583128,0.0,0.0010583124,0.0,0.001028824,0.0010099909,0.0010657649,0.0010775651,0.0010698822,0.0,0.0010447637,0.001028824,0.0010195371,0.0010304837,0.0011059677,0.0010698818,0.0,0.0,0.001028824,0.0010099909,0.0010657649,0.0010886049,0.0,0.0010583126,0.0010447638,0.0010375755,0.001049003,0.0010553888,0.0010676337,0.00106988,0.0010583126,0.0010447638,0.0,0.0010583125,0.0010447637,0.001037576,0.0010698822,0.0,0.0010447638,0.0010288239,0.0010195371,0.0010304837,0.0011059415,0.001069882,0.0,0.0010447638,0.0010288239,0.0010195371,0.0010304837,0.001105941,0.0,0.0010583126,0.0010583126,0.0010528213,0.00106451,0.0,0.0009876909,0.0010698944,0.0,0.0010447638,0.001028824,0.0010195371,0.0010304837,0.0011059407,0.0010698832,0.0,0.0,0.001028824,0.0010099909,0.0010657649,0.0010886058,0.0010698988,0.0010583125,0.0,0.0010288245,0.0010099912,0.001065765,0.0010775655,0.0,0.0010583125,0.0010447638,0.0010375754,0.001049003,0.0010553888,0.0010676334,0.0,0.0010583124,0.0,0.001028824,0.0010099909,0.0010657649,0.0010775621,0.0,0.0010583125,0.001044764,0.0010375754,0.001049003,0.0010553888,0.0010676337,0.0010698856,0.0010583122,0.0010447638,0.0010375754,0.001049003,0.0010553888,0.0010676335,0.0,0.0,0.0,0.001028824,0.0010099909,0.0010657649,0.0010886051,0.0010698809,0.0010583125,0.0,0.001028824,0.0010099909,0.0010657649,0.0010775623,0.001069883,0.0010583125,0.0010447637,0.0010657649,0.0,0.001028824,0.001009991,0.0,0.0010583125,0.0010447637,0.0010375754,0.001049003,0.0010553888,0.001067634,0.0,0.0010583125,0.0010447637,0.0010375754,0.001049003,0.0010553888,0.0010676339,0.0,0.0010583127,0.0010447638,0.0010375754,0.001049003,0.0010553888,0.0010676349,0.0010698845,0.0010583125,0.0010447637,0.0010375754,0.001049003,0.0010553888,0.001067634,0.0,0.0,0.0010447637,0.001028824,0.0010195371,0.0010304837,0.0011059409,0.0,0.0010583125,0.0010447637,0.0010375755,0.001049003,0.0010553888,0.0010676334,0.0010699185,0.0010583128,0.0010447636,0.0010375754,0.001049003,0.0010553888,0.001067635
k__Bacteria|p__Firmicutes|c__Bacilli|o__Lactobacillales|f__Enterococcaceae|g__Enterococcus|s__Enterococcus_canintestini,0.0,0.0010626104,0.0010488208,0.0010411877,0.0010516935,0.0010571996,0.0010687681,0.0,0.0010626104,0.0010488208,0.0010411877,0.0010516935,0.0010571996,0.001068768,0.0,0.0,0.001048823,0.0010326221,0.0010228736,0.0010328934,0.0011087283,0.0010744,0.0,0.0010488208,0.001032621,0.0010228734,0.0010328934,0.0011087283,0.0,0.0,0.0010488208,0.001032621,0.0010228734,0.0010328934,0.0011087281,0.0010744014,0.0010626103,0.0010488208,0.0010411877,0.0010516935,0.0010571996,0.001068768,0.0,0.0010626104,0.0010488209,0.0010411877,0.0010516935,0.0010571996,0.0010687689,0.0010744015,0.0010626103,0.0010488208,0.0010411877,0.0010516935,0.0010571996,0.0010687681,0.0,0.0010626105,0.0010488213,0.001041188,0.0010516935,0.0010571996,0.0010687683,0.0,0.0010626104,0.0010488208,0.0010411877,0.0010516935,0.0010571996,0.0010687681,0.0,0.0010626104,0.0,0.001032621,0.0010135075,0.0010698703,0.0010807596,0.0,0.0010626103,0.0010488208,0.0010411877,0.0010516935,0.0010571996,0.0010687687,0.0,0.0,0.0,0.001032621,0.0010135075,0.0010698703,0.0010920282,0.0010744026,0.0010626104,0.0,0.001032621,0.0010135075,0.0010698703,0.0010807612,0.0010744138,0.0,0.0,0.0010326211,0.0010135075,0.0010698703,0.0010920281,0.0010744049,0.0,0.0010488208,0.0,0.0010626103,0.0010488208,0.0010698703,0.0010744018,0.0,0.0,0.001032621,0.0010135075,0.0010698703,0.0010920275,0.0,0.0010626103,0.0,0.001032621,0.0010135075,0.0010698703,0.0010807585,0.0,0.0018247191,0.0010488213,0.0010626108,0.0,0.001032621,0.0010626108,0.0010744022,0.0010626105,0.0,0.0010326209,0.0010135075,0.0010698703,0.0010807585,0.0,0.0,0.001048821,0.001032621,0.0010228734,0.0010328934,0.0011087285,0.0,0.0,0.0010488208,0.0,0.0010626103,0.0010488208,0.0010698701,0.0,0.0010626098,0.0,0.0010626105,0.0,0.0010626103,0.0010488209,0.0,0.0,0.0010488204,0.0010326204,0.0010228734,0.0010328934,0.0011087279,0.0,0.0010626107,0.0010626101,0.0010566893,0.0010674632,0.0,0.0009908816,0.0,0.0010626103,0.0010488209,0.0,0.0010626105,0.0010488209,0.0010411894,0.0010744014,0.0010626103,0.0010488208,0.0,0.0010626103,0.0010488208,0.0010411887,0.0,0.0010626107,0.0010488209,0.0010411877,0.0010516935,0.0010571996,0.001068768,0.0010744015,0.0010626103,0.0010488208,0.0010411877,0.0010516935,0.0010571996,0.0010687681,0.001074405,0.0,0.0023013502,0.001032621,0.0010135075,0.0010698703,0.0010920274,0.0010744013,0.0,0.0010488208,0.001032621,0.0010228734,0.0010328934,0.0011087283,0.0,0.0010626105,0.0,0.001032621,0.0010135075,0.0010698703,0.0010807585,0.0010744031,0.0,0.0010488208,0.001032621,0.0010228734,0.0010328934,0.0011087332,0.0,0.0010626103,0.0010488208,0.0010411877,0.0010516935,0.0010571996,0.0010687689,0.0010744017,0.0010626103,0.0010488208,0.0010411877,0.0010516935,0.0010571996,0.001068768,0.0,0.0010626104,0.0010488209,0.0010411877,0.0010516935,0.0010571996,0.0010687681,0.0,0.0,0.0010488208,0.001032621,0.0010228734,0.0010328934,0.0011087285,0.0010744017,0.0010626103,0.0,0.0,0.0010626105,0.0010626104,0.0010566899,0.0010744043,0.0,0.0010488209,0.0,0.0010626105,0.0010488208,0.0010698737,0.0010744237,0.0,0.0010626105,0.0010488209,0.0010411877,0.0,0.001062611,0.0,0.0010626103,0.0,0.001032621,0.0010135075,0.0010698702,0.0010807636,0.0010744024,0.0,0.0010488208,0.001032621,0.0010228734,0.0010328938,0.0011087655,0.0010744024,0.0,0.0,0.001032621,0.0010135075,0.0010698703,0.0010920274,0.0,0.0010626105,0.0010488209,0.0010411877,0.0010516935,0.0010571996,0.001068768,0.0010743994,0.0010626104,0.0010488209,0.0,0.0010626104,0.0010488208,0.0010411885,0.0010744017,0.0,0.0010488209,0.001032621,0.0010228737,0.0010328934,0.0011087294,0.0010744012,0.0,0.0010488209,0.001032621,0.0010228734,0.0010328937,0.0011087293,0.0,0.0010626104,0.0010626105,0.0010566894,0.0010674628,0.0,0.0009909075,0.0010744036,0.0,0.0010488209,0.001032621,0.0010228734,0.0010328934,0.0011087283,0.001074402,0.0,0.0,0.001032621,0.0010135075,0.0010698703,0.0010920282,0.0010744072,0.0010626105,0.0,0.0010326211,0.001013507,0.0010698702,0.0010807626,0.0,0.0010626105,0.0010488209,0.0010411877,0.0010516935,0.0010571996,0.001068768,0.0,0.0010626104,0.0,0.001032621,0.0010135075,0.0010698703,0.0010807585,0.0,0.0010626105,0.001048821,0.0010411877,0.0010516935,0.0010571996,0.0010687681,0.0010744035,0.0010626104,0.0010488209,0.001041188,0.0010516935,0.0010571996,0.0010687681,0.0,0.0,0.0,0.001032621,0.0010135075,0.0010698703,0.0010920279,0.0010744015,0.0010626103,0.0,0.001032621,0.0010135075,0.0010698703,0.0010807589,0.0010744011,0.0010626105,0.0010488208,0.0010698703,0.0,0.001032621,0.0010135075,0.014999811,0.0010626103,0.0010488208,0.0010411877,0.0010516935,0.0010571996,0.0010687684,0.0,0.0010626103,0.0010488208,0.0010411877,0.0010516935,0.0010571996,0.0010687682,0.0,0.0010626103,0.0010488209,0.0010411877,0.0010516935,0.0010571996,0.0010687695,0.0010744015,0.0010626103,0.0010488208,0.0010411877,0.0010516935,0.0010571996,0.0010687683,0.0,0.0,0.0010488208,0.001032621,0.0010228734,0.0010328934,0.0011087286,0.0,0.0010626103,0.0010488208,0.0010411877,0.0010516935,0.0010571996,0.0010687681,0.0010744293,0.0010626107,0.0010488209,0.0010411878,0.0010516936,0.0010571996,0.0010687694
k__Bacteria|p__Firmicutes|c__Negativicutes|o__Veillonellales|f__Veillonellaceae|g__Dialister|s__Dialister_pneumosintes,0.0,0.0010594187,0.0010457996,0.0010384845,0.001049653,0.0010557914,0.0010678468,0.0,0.0010594188,0.0010457996,0.0010384845,0.001049653,0.0010557914,0.0010678467,0.0,0.0,0.0010457963,0.0010297808,0.0010203657,0.0010310516,0.0011066323,0.0010710295,0.0,0.0010457996,0.0010297841,0.0010203657,0.0010310516,0.0011066322,0.0,0.0,0.0010457996,0.0010297841,0.0010203657,0.0010310516,0.001106632,0.0010710524,0.0010594187,0.0010457996,0.0010384845,0.001049653,0.0010557914,0.0010678467,0.0,0.0010594184,0.0010457996,0.0010384845,0.001049653,0.0010557914,0.0010678481,0.0010710524,0.0010594187,0.0010457996,0.0010384845,0.001049653,0.0010557914,0.0010678468,0.0,0.0010594188,0.0010457998,0.0010384846,0.001049653,0.0010557914,0.0010678465,0.0,0.0010594188,0.0010457996,0.0010384845,0.001049653,0.0010557914,0.0010678468,0.0,0.0010594188,0.0,0.0010297841,0.0010108693,0.0010668181,0.001078362,0.0,0.0010594187,0.0010457996,0.0010384845,0.001049653,0.0010557914,0.0010678475,0.0,0.0,0.0,0.0010297841,0.0010108693,0.0010668181,0.0010894716,0.0010710477,0.0010594188,0.0,0.0010297841,0.0010108693,0.0010668181,0.0010783639,0.0010710185,0.0,0.0,0.001029784,0.0010108693,0.0010668181,0.0010894719,0.0010710394,0.0,0.0010457996,0.0,0.0010594187,0.0010457996,0.0010668181,0.001071051,0.0,0.0,0.0010297841,0.0010108693,0.0010668181,0.0010894706,0.0,0.0010594184,0.0,0.0010297841,0.0010108693,0.0010668181,0.0010783613,0.0,0.0,0.0010457996,0.0010594185,0.0,0.0010297841,0.0010594191,0.0010710381,0.0010594187,0.0,0.001029784,0.0010108693,0.0010668181,0.0010783611,0.0,0.0,0.0010457997,0.0010297841,0.0010203657,0.0010310516,0.0011066322,0.0,0.0,0.0010457996,0.0,0.0010594187,0.0010457996,0.0010668184,0.0,0.0010594171,0.0,0.0010594188,0.0,0.0010594187,0.0010457998,0.0,0.0,0.0010457924,0.0010297828,0.0010203659,0.0010310516,0.0011066318,0.0,0.0010594121,0.0010594169,0.0010538045,0.0010652373,0.0,0.0009884583,0.0,0.0010594185,0.0010457995,0.0,0.0010594187,0.0010457996,0.0010384861,0.0010710474,0.0010594187,0.0010457996,0.0,0.0010594187,0.0010457996,0.0010384856,0.0,0.0010594189,0.0010457996,0.0010384845,0.001049653,0.0010557914,0.0010678468,0.0010710524,0.0010594187,0.0010457996,0.0010384845,0.001049653,0.0010557914,0.0010678468,0.0010710391,0.0,0.0,0.0010297841,0.0010108693,0.0010668181,0.0010894706,0.0010710483,0.0,0.0010457996,0.0010297841,0.0010203657,0.0010310516,0.0011066321,0.0,0.0010594188,0.0,0.0010297841,0.0010108693,0.0010668181,0.0010783608,0.0010710461,0.0,0.0010457996,0.0010297841,0.0010203657,0.0010310516,0.0011066372,0.0,0.0010594187,0.0010457996,0.0010384845,0.001049653,0.0010557914,0.0010678481,0.0010710515,0.0010594187,0.0010457996,0.0010384845,0.001049653,0.0010557914,0.0010678467,0.0,0.0010594185,0.0010457996,0.0010384845,0.001049653,0.0010557914,0.0010678468,0.0,0.0,0.0010457996,0.0010297841,0.0010203657,0.0010310516,0.001106632,0.0010710505,0.0010594187,0.0,0.0,0.0010594188,0.0010594188,0.0010538053,0.0010710297,0.0,0.0010457996,0.0,0.0010594188,0.0010457996,0.001066822,0.0010710069,0.0,0.0010594185,0.0010457996,0.0010384845,0.0,0.0010594192,0.0,0.0010594185,0.0,0.0010297841,0.0010108693,0.0010668183,0.0010783689,0.0010710488,0.0,0.0010457996,0.0010297841,0.0010203659,0.001031052,0.0011066669,0.0010710412,0.0,0.0,0.0010297841,0.0010108693,0.0010668181,0.0010894705,0.0,0.0010594188,0.0010457996,0.0010384845,0.001049653,0.0010557914,0.0010678467,0.0010710163,0.0010594185,0.0010457996,0.0,0.0010594187,0.0010457996,0.001038485,0.0010710513,0.0,0.0010457996,0.0010297841,0.0010203657,0.0010310516,0.0011066338,0.00107105,0.0,0.0010457996,0.0010297841,0.0010203659,0.0010310517,0.0011066337,0.0,0.0010594187,0.0010594189,0.0010538049,0.0010652373,0.0,0.0009884834,0.0010710321,0.0,0.0010457996,0.0010297841,0.0010203657,0.0010310516,0.001106632,0.0010710501,0.0,0.0,0.0010297841,0.0010108693,0.0010668181,0.0010894715,0.0010710136,0.0010594185,0.0,0.0010297842,0.0010108694,0.0010668183,0.001078366,0.0,0.0010594188,0.0010457996,0.0010384845,0.001049653,0.0010557914,0.0010678467,0.0,0.0010594183,0.0,0.0010297841,0.0010108693,0.0010668181,0.0010783608,0.0,0.0010594188,0.0010457997,0.0010384845,0.001049653,0.0010557914,0.0010678468,0.0010710501,0.0010594187,0.0010457996,0.0010384846,0.001049653,0.0010557914,0.0010678472,0.0,0.0,0.0,0.0010297841,0.0010108693,0.0010668181,0.0010894714,0.0010710524,0.0010594187,0.0,0.0010297841,0.0010108693,0.0010668181,0.0010783615,0.0010710463,0.0010594188,0.0010457996,0.0010668181,0.0,0.0010297841,0.0010108694,0.0,0.0010594187,0.0010457996,0.0010384845,0.001049653,0.0010557914,0.0010678477,0.0,0.0010594187,0.0010457996,0.0010384845,0.001049653,0.0010557914,0.0010678469,0.0,0.0010594187,0.0010457996,0.0010384845,0.001049653,0.0010557914,0.0010678489,0.0010710475,0.0010594187,0.0010457996,0.0010384845,0.001049653,0.0010557914,0.0010678474,0.0,0.0,0.0010457996,0.0010297841,0.0010203657,0.0010310516,0.0011066325,0.0,0.0010594187,0.0010457996,0.0010384845,0.001049653,0.0010557914,0.0010678468,0.0010709536,0.0010594184,0.0010457996,0.0010384846,0.001049653,0.0010557914,0.0010678488
k__Bacteria|p__Firmicutes|c__Clostridia|o__Eubacteriales|f__Lachnospiraceae|g__Anaerobutyricum|s__Anaerobutyricum_soehngenii,0.0,0.0010619516,0.0010483299,0.0010409572,0.0010519404,0.0010579115,0.001069814,0.0,0.0010619516,0.0010483299,0.0010409572,0.0010519404,0.0010579115,0.0010698141,0.0,0.0,0.0010483547,0.001032325,0.0010228308,0.0010333362,0.0011087114,0.0010736247,0.0,0.0010483299,0.0010323077,0.0010228298,0.0010333362,0.0011087107,0.0,0.0,0.0010483299,0.0010323077,0.0010228298,0.0010333362,0.0011087104,0.0010735854,0.0010619516,0.0010483299,0.0010409572,0.0010519404,0.0010579115,0.0010698141,0.0,0.0010619527,0.0010483302,0.0010409572,0.0010519404,0.0010579115,0.0010698147,0.0010735856,0.0010619516,0.0010483299,0.0010409572,0.0010519404,0.0010579115,0.001069814,0.0,0.0010619521,0.0010483309,0.0010409573,0.0010519404,0.0010579115,0.0010698149,0.0,0.0010619516,0.0010483299,0.0010409572,0.0010519404,0.0010579115,0.0010698142,0.0,0.0010619516,0.0,0.0010323077,0.0010133807,0.0010692948,0.0010806439,0.0,0.0010619516,0.0010483299,0.0010409572,0.0010519404,0.0010579115,0.0010698145,0.0,0.0,0.0,0.0010323077,0.0010133807,0.0010692948,0.0010917453,0.0010735961,0.0010619516,0.0,0.0010323077,0.0010133807,0.0010692948,0.0010806512,0.0010736635,0.0,0.0,0.0010323077,0.0010133807,0.0010692948,0.0010917444,0.0010736132,0.0,0.0010483299,0.0,0.0010619516,0.0010483299,0.0010692946,0.001073589,0.0,0.0,0.0010323077,0.0010133807,0.0010692948,0.0010917432,0.0,0.001061954,0.0,0.0010323077,0.0010133807,0.0010692948,0.0010806416,0.0,0.0,0.0010483317,0.0010619535,0.0,0.0010323077,0.0010619517,0.0010736174,0.0010619521,0.0,0.0010323076,0.0010133807,0.0010692948,0.0010806413,0.0,0.0,0.0010483303,0.0010323077,0.0010228298,0.0010333362,0.001108711,0.0,0.0,0.0010483299,0.0,0.0010619516,0.0010483299,0.0010692946,0.0,0.001061958,0.0,0.0010619517,0.0,0.0010619516,0.0010483302,0.0,0.0,0.0010483582,0.001032312,0.0010228298,0.0010333362,0.0011087115,0.0,0.0010620168,0.001061959,0.0010562822,0.001067523,0.0,0.0009909595,0.0,0.0010619554,0.0010483315,0.0,0.0010619521,0.0010483301,0.0010409611,0.0010735939,0.0010619516,0.0010483299,0.0,0.0010619516,0.0010483299,0.0010409583,0.0,0.0010619519,0.00104833,0.0010409572,0.0010519404,0.0010579115,0.0010698141,0.0010735851,0.0010619516,0.0010483299,0.0010409572,0.0010519404,0.0010579115,0.0010698142,0.0010736187,0.0,0.0,0.0010323077,0.0010133807,0.0010692948,0.0010917429,0.0010735923,0.0,0.0010483299,0.0010323077,0.0010228298,0.0010333362,0.0011087108,0.0,0.0010619517,0.0,0.0010323077,0.0010133807,0.0010692948,0.0010806412,0.0010736058,0.0,0.0010483299,0.0010323077,0.0010228298,0.0010333362,0.001108721,0.0,0.0010619516,0.0010483299,0.0010409572,0.0010519404,0.0010579115,0.0010698158,0.001073586,0.0010619516,0.0010483299,0.0010409572,0.0010519404,0.0010579115,0.0010698141,0.0,0.0010619523,0.0010483301,0.0010409572,0.0010519404,0.0010579115,0.001069814,0.0,0.0,0.0010483299,0.0010323077,0.0010228298,0.0010333362,0.0011087108,0.0010735876,0.0010619516,0.0,0.0,0.0010619517,0.0010619516,0.0010562821,0.0010736272,0.0,0.0010483305,0.0,0.0010619517,0.0010483299,0.0010692992,0.0010737041,0.0,0.0010619519,0.0010483301,0.0010409572,0.0,0.0010619526,0.0,0.0010619515,0.0,0.0010323077,0.0010133807,0.0010692945,0.0010806492,0.0010735926,0.0,0.0010483299,0.0010323077,0.0010228298,0.001033337,0.0011087867,0.001073607,0.0,0.0,0.0010323077,0.0010133807,0.0010692948,0.0010917429,0.0,0.0010619517,0.00104833,0.0010409572,0.0010519404,0.0010579115,0.0010698141,0.0010735926,0.0010619516,0.00104833,0.0,0.0010619517,0.0010483299,0.0010409588,0.0010735879,0.0,0.0010483301,0.001032308,0.0010228298,0.0010333362,0.001108713,0.00107359,0.0,0.00104833,0.0010323077,0.0010228298,0.0010333362,0.0011087132,0.0,0.0010619516,0.001061952,0.0010562816,0.0010675231,0.0,0.0009910112,0.0010736256,0.0,0.0010483301,0.0010323077,0.0010228298,0.0010333362,0.0011087104,0.0010735914,0.0,0.0,0.0010323077,0.0010133807,0.0010692948,0.0010917443,0.0010736564,0.0010619528,0.0,0.001032309,0.0010133814,0.001069295,0.001080651,0.0,0.0010619517,0.00104833,0.0010409572,0.0010519404,0.0010579115,0.0010698141,0.0,0.0010619537,0.0,0.0010323077,0.0010133807,0.0010692948,0.0010806412,0.0,0.0010619517,0.0010483303,0.0010409572,0.0010519404,0.0010579115,0.0010698141,0.0010736017,0.0010619517,0.0010483301,0.0010409575,0.0010519404,0.0010579115,0.0010698144,0.0,0.0,0.0,0.0010323077,0.0010133807,0.0010692948,0.0010917435,0.001073585,0.0010619516,0.0,0.0010323077,0.0010133807,0.0010692948,0.0010806423,0.0010736006,0.0010619517,0.0010483299,0.0010692948,0.0,0.0010323077,0.0010133809,0.0,0.0010619516,0.0010483299,0.0010409572,0.0010519404,0.0010579115,0.0010698149,0.0,0.0010619516,0.0010483299,0.0010409572,0.0010519404,0.0010579115,0.0010698142,0.0,0.0010619527,0.0010483301,0.0010409572,0.0010519404,0.0010579115,0.0010698164,0.0010735964,0.0010619516,0.0010483299,0.0010409572,0.0010519404,0.0010579115,0.0010698145,0.0,0.0,0.0010483299,0.0010323077,0.0010228298,0.0010333362,0.0011087111,0.0,0.0010619516,0.0010483299,0.0010409572,0.0010519404,0.0010579115,0.0010698142,0.0010738045,0.0010619542,0.0010483301,0.0010409573,0.0010519404,0.0010579115,0.0010698172
k__Bacteria|p__Firmicutes|c__Clostridia|o__Eubacteriales|f__Lachnospiraceae|g__Mediterraneibacter|s__Mediterraneibacter_glycyrrhizinilyticus,0.0,0.0010609104,0.0010471707,0.0010396469,0.0010504005,0.0010561403,0.0010678961,0.0,0.0010609106,0.0010471707,0.0010396469,0.0010504005,0.0010561403,0.0010678959,0.0,0.0,0.0010471758,0.0010310287,0.0010213921,0.0010316588,0.0011074846,0.0010726622,0.0,0.0010471707,0.001031026,0.0010213917,0.0010316588,0.001107484,0.0,0.0,0.0010471707,0.001031026,0.0010213917,0.0010316588,0.001107484,0.0010726565,0.0010609105,0.0010471707,0.0010396469,0.0010504005,0.0010561403,0.0010678959,0.0,0.0010609111,0.0010471708,0.0010396469,0.0010504005,0.0010561403,0.0010678971,0.0010726565,0.0010609105,0.0010471707,0.0010396469,0.0010504005,0.0010561403,0.0010678961,0.0,0.0010609108,0.0010471714,0.001039647,0.0010504005,0.0010561403,0.0010678966,0.0,0.0010609106,0.0010471707,0.0010396469,0.0010504005,0.0010561403,0.001067896,0.0,0.0010609106,0.0,0.001031026,0.0010119731,0.0010682279,0.0010793672,0.0,0.0010609105,0.0010471707,0.0010396468,0.0010504005,0.0010561403,0.0010678967,0.0,0.0,0.0,0.001031026,0.0010119731,0.0010682279,0.0010905935,0.0010726588,0.0010609106,0.0,0.001031026,0.0010119731,0.0010682279,0.0010793728,0.0010726927,0.0,0.0,0.001031026,0.0010119731,0.0010682279,0.0010905928,0.0010726658,0.0,0.0010471707,0.0,0.0010609105,0.0010471707,0.0010682283,0.0010726578,0.0,0.0,0.001031026,0.0010119731,0.0010682279,0.0010905908,0.0,0.001060911,0.0,0.001031026,0.0010119731,0.0010682279,0.0010793657,0.0,0.0,0.0010471712,0.0010609109,0.0,0.001031026,0.0010609108,0.0010726621,0.0010609104,0.0,0.0010310258,0.0010119731,0.0010682279,0.0010793655,0.0,0.0,0.001047171,0.001031026,0.0010213917,0.0010316588,0.0011074845,0.0,0.0,0.0010471707,0.0,0.0010609105,0.0010471707,0.001068228,0.0,0.0010609113,0.0,0.0010609108,0.0,0.0010609105,0.0010471708,0.0,0.0,0.0010471735,0.0010310267,0.0010213918,0.0010316588,0.0011074843,0.0,0.0010609219,0.0010609112,0.0010550955,0.0010661178,0.0,0.0009894194,0.0,0.0010609116,0.0010471712,0.0,0.0010609104,0.0010471708,0.0010396497,0.0010726564,0.0010609105,0.0010471707,0.0,0.0010609105,0.0010471707,0.0010396483,0.0,0.0010609106,0.0010471708,0.0010396468,0.0010504005,0.0010561403,0.0010678959,0.0010726564,0.0010609105,0.0010471707,0.0010396469,0.0010504005,0.0010561403,0.0010678961,0.0010726702,0.0,0.0,0.001031026,0.0010119731,0.0010682279,0.0010905908,0.0010726588,0.0,0.0010471707,0.001031026,0.0010213917,0.0010316588,0.0011074843,0.0,0.0010609108,0.0,0.001031026,0.0010119731,0.0010682279,0.0010793654,0.0010726601,0.0,0.0010471707,0.001031026,0.0010213917,0.0010316588,0.0011074925,0.0,0.0010609105,0.0010471707,0.0010396469,0.0010504005,0.0010561403,0.0010678982,0.0010726561,0.0010609105,0.0010471707,0.0010396469,0.0010504005,0.0010561403,0.0010678959,0.0,0.0010609109,0.0010471708,0.0010396468,0.0010504005,0.0010561403,0.0010678961,0.0,0.0,0.0010471707,0.001031026,0.0010213917,0.0010316588,0.0011074841,0.0010726564,0.0010609105,0.0,0.0,0.0010609108,0.0010609106,0.0010550962,0.0010726631,0.0,0.001047171,0.0,0.0010609108,0.0010471707,0.0010682322,0.0010727127,0.0,0.0010609106,0.0010471708,0.0010396468,0.0,0.0010609115,0.0,0.0010609105,0.0,0.001031026,0.0010119731,0.001068228,0.0010793706,0.0010726576,0.0,0.0010471707,0.001031026,0.0010213918,0.0010316593,0.0011075535,0.0010726601,0.0,0.0,0.001031026,0.0010119731,0.0010682279,0.0010905905,0.0,0.0010609108,0.0010471708,0.0010396469,0.0010504005,0.0010561403,0.0010678959,0.0010726363,0.0010609106,0.0010471708,0.0,0.0010609104,0.0010471707,0.0010396477,0.0010726576,0.0,0.0010471708,0.0010310262,0.0010213917,0.0010316588,0.0011074863,0.0010726574,0.0,0.0010471708,0.001031026,0.0010213918,0.0010316588,0.0011074863,0.0,0.0010609106,0.0010609105,0.0010550956,0.0010661175,0.0,0.0009894558,0.0010726728,0.0,0.0010471708,0.001031026,0.0010213917,0.0010316588,0.001107484,0.0010726582,0.0,0.0,0.001031026,0.0010119731,0.0010682279,0.0010905924,0.0010726772,0.001060911,0.0,0.0010310268,0.0010119734,0.0010682279,0.001079374,0.0,0.0010609105,0.0010471708,0.0010396468,0.0010504005,0.0010561403,0.0010678959,0.0,0.0010609105,0.0,0.001031026,0.0010119731,0.0010682279,0.0010793654,0.0,0.0010609105,0.001047171,0.0010396468,0.0010504005,0.0010561403,0.0010678963,0.001072665,0.0010609105,0.0010471708,0.001039647,0.0010504005,0.0010561403,0.0010678964,0.0,0.0,0.0,0.001031026,0.0010119731,0.0010682279,0.0010905914,0.0010726562,0.0010609105,0.0,0.001031026,0.0010119731,0.0010682279,0.0010793663,0.0010726603,0.0010609105,0.0010471707,0.0010682279,0.0,0.001031026,0.0010119732,0.0,0.0010609105,0.0010471707,0.0010396468,0.0010504005,0.0010561403,0.0010678971,0.0,0.0010609105,0.0010471707,0.0010396468,0.0010504005,0.0010561403,0.0010678963,0.0,0.0010609108,0.0010471708,0.0010396468,0.0010504005,0.0010561403,0.0010678981,0.0010726602,0.0010609105,0.0010471707,0.0010396468,0.0010504005,0.0010561403,0.0010678967,0.0,0.0,0.0010471707,0.001031026,0.0010213917,0.0010316588,0.0011074845,0.0,0.0010609105,0.0010471707,0.0010396469,0.0010504005,0.0010561403,0.001067896,0.0010727176,0.0010609113,0.0010471708,0.001039647,0.0010504005,0.0010561403,0.0010678989
k__Bacteria|p__Firmicutes|c__Clostridia|o__Eubacteriales|f__Lachnospiraceae|g__Lachnospiraceae_unclassified|s__Lachnospiraceae_bacterium_NSJ_12,0.0,0.0010603057,0.0010467537,0.0010395179,0.0010507959,0.0010570467,0.0010691682,0.0,0.001060306,0.0010467537,0.0010395179,0.0010507959,0.0010570467,0.0010691681,0.0,0.0,0.0010467545,0.0010308069,0.001021471,0.0010322727,0.0011075729,0.0010718972,0.0,0.0010467537,0.0010308072,0.0010214709,0.0010322727,0.0011075722,0.0,0.0,0.0010467537,0.0010308072,0.0010214709,0.0010322727,0.0011075722,0.0010718758,0.0010603059,0.0010467537,0.0010395179,0.0010507959,0.0010570467,0.0010691681,0.0,0.0010603062,0.0010467538,0.0010395179,0.0010507959,0.0010570467,0.0010691689,0.0010718757,0.0010603059,0.0010467537,0.0010395179,0.0010507959,0.0010570467,0.0010691682,0.0,0.001060306,0.0010467541,0.0010395182,0.0010507959,0.0010570467,0.0010691688,0.0,0.001060306,0.0010467537,0.0010395179,0.0010507959,0.0010570467,0.0010691681,0.0,0.001060306,0.0,0.0010308072,0.0010119625,0.0010677135,0.0010793541,0.0,0.0010603059,0.0010467537,0.0010395179,0.0010507959,0.0010570467,0.0010691687,0.0,0.0,0.0,0.0010308072,0.0010119625,0.0010677135,0.0010903918,0.0010718821,0.001060306,0.0,0.0010308072,0.0010119625,0.0010677135,0.001079358,0.0010719203,0.0,0.0,0.001030807,0.0010119625,0.0010677135,0.0010903918,0.0010718895,0.0,0.0010467537,0.0,0.0010603059,0.0010467537,0.0010677134,0.001071877,0.0,0.0,0.0010308072,0.0010119625,0.0010677135,0.0010903908,0.0,0.0010603061,0.0,0.0010308072,0.0010119625,0.0010677135,0.0010793529,0.0,0.0,0.001046754,0.0010603062,0.0,0.0010308072,0.0010603062,0.0010718819,0.001060306,0.0,0.0010308072,0.0010119625,0.0010677135,0.0010793527,0.0,0.0,0.0010467538,0.0010308072,0.0010214709,0.0010322727,0.0011075722,0.0,0.0,0.0010467537,0.0,0.0010603059,0.0010467537,0.0010677136,0.0,0.0010603056,0.0,0.0010603061,0.0,0.0010603059,0.0010467538,0.0,0.0,0.0010467541,0.0010308069,0.001021471,0.0010322727,0.0011075726,0.0,0.0010602997,0.0010603054,0.0010547681,0.0010663035,0.0,0.0009896241,0.0,0.001060306,0.0010467537,0.0,0.0010603061,0.0010467536,0.0010395197,0.0010718785,0.0010603059,0.0010467537,0.0022838942,0.0010603059,0.0010467537,0.0010395186,0.0,0.001060306,0.0010467538,0.0010395179,0.0010507959,0.0010570467,0.0010691681,0.001071876,0.0010603059,0.0010467537,0.0010395179,0.0010507959,0.0010570467,0.0010691681,0.0010718909,0.0,0.0,0.0010308072,0.0010119625,0.0010677135,0.0010903908,0.0010718771,0.0,0.0010467537,0.0010308072,0.0010214709,0.0010322727,0.0011075725,0.0,0.0010603061,0.0,0.0010308072,0.0010119625,0.0010677135,0.0010793527,0.0010718849,0.0,0.0010467537,0.0010308072,0.0010214709,0.0010322727,0.0011075768,0.0,0.0010603059,0.0010467537,0.0010395179,0.0010507959,0.0010570467,0.0010691695,0.0010718766,0.0010603059,0.0010467537,0.0010395179,0.0010507959,0.0010570467,0.0010691681,0.0,0.001060306,0.0010467536,0.0010395179,0.0010507959,0.0010570467,0.0010691682,0.0,0.0,0.0010467537,0.0010308072,0.0010214709,0.0010322727,0.0011075723,0.0010718771,0.0010603059,0.0,0.0,0.0010603061,0.001060306,0.0010547683,0.0010718969,0.0,0.0010467537,0.0,0.0010603061,0.0010467537,0.0010677159,0.0010719493,0.0,0.0010603061,0.0010467536,0.0010395179,0.0,0.0010603066,0.0,0.0010603059,0.0,0.0010308072,0.0010119625,0.0010677134,0.0010793584,0.0010718787,0.0,0.0010467537,0.0010308072,0.001021471,0.0010322728,0.0011076063,0.0010718824,0.0,0.0,0.0010308072,0.0010119625,0.0010677135,0.001090391,0.0018580243,0.0010603061,0.0010467538,0.0010395179,0.0010507959,0.0010570467,0.0010691681,0.0010719015,0.001060306,0.0010467536,0.0,0.0010603059,0.0010467537,0.0010395187,0.0010718773,0.0,0.0010467536,0.001030807,0.0010214709,0.0010322727,0.0011075736,0.0010718775,0.0,0.0010467538,0.0010308072,0.001021471,0.0010322727,0.0011075736,0.0,0.001060306,0.0010603061,0.0010547682,0.0010663032,0.0,0.0009896545,0.0010718919,0.0,0.0010467536,0.0010308072,0.0010214709,0.0010322727,0.0011075722,0.0010718782,0.0,0.0,0.0010308072,0.0010119625,0.0010677135,0.0010903919,0.0010719215,0.001060306,0.0,0.0010308074,0.0010119628,0.0010677135,0.0010793573,0.0,0.001060306,0.0010467536,0.0010395179,0.0010507959,0.0010570467,0.0010691681,0.0,0.0010603057,0.0,0.0010308072,0.0010119625,0.0010677135,0.0010793527,0.0,0.001060306,0.0010467538,0.0010395179,0.0010507959,0.0010570467,0.0010691682,0.0010718838,0.001060306,0.0010467537,0.0010395179,0.0010507959,0.0010570467,0.0010691686,0.0,0.0,0.0,0.0010308072,0.0010119625,0.0010677135,0.0010903913,0.0010718757,0.0010603059,0.0,0.0010308072,0.0010119625,0.0010677135,0.0010793534,0.0010718809,0.001060306,0.0010467537,0.0010677135,0.0,0.0010308072,0.0010119628,0.0,0.0010603059,0.0010467537,0.0010395179,0.0010507959,0.0010570467,0.0010691691,0.0,0.0010603059,0.0010467537,0.0010395179,0.0010507959,0.0010570467,0.0010691684,0.0,0.0010603059,0.0010467536,0.0010395179,0.0010507959,0.0010570467,0.0010691702,0.0010718787,0.0010603059,0.0010467537,0.0010395179,0.0010507959,0.0010570467,0.0010691688,0.0,0.0013353929,0.0010467537,0.0010308072,0.0010214709,0.0010322727,0.0011075727,0.0,0.0010603059,0.0010467537,0.0010395179,0.0010507959,0.0010570467,0.0010691681,0.0010720101,0.0010603061,0.0010467537,0.001039518,0.0010507959,0.0010570467,0.001069171
k__Bacteria|p__Firmicutes|c__Clostridia|o__Eubacteriales|f__Lachnospiraceae|g__Blautia|s__Blautia_obeum,0.0,0.0010606362,0.0010469793,0.0010395825,0.0010505674,0.0010565326,0.00106845,0.0,0.0010606365,0.0010469793,0.0010395825,0.0010505674,0.0010565326,0.0010684502,0.0,0.0,0.0010469928,0.0010309322,0.0010214197,0.0010319221,0.0011075173,0.0010723436,0.0,0.0010469793,0.0010309218,0.0010214191,0.0010319221,0.0011075162,0.0,0.0,0.0010469793,0.0010309218,0.0010214191,0.0010319221,0.0011075162,0.001072305,0.0010606364,0.0010469793,0.0010395825,0.0010505674,0.0010565326,0.0010684498,0.0,0.0010606372,0.0010469793,0.0010395825,0.0010505674,0.0010565326,0.0010684507,0.0010723051,0.0010606364,0.0010469793,0.0010395825,0.0010505674,0.0010565326,0.00106845,0.0,0.0010606365,0.0010469796,0.0010395825,0.0010505674,0.0010565326,0.0010684506,0.0,0.0010606365,0.0010469793,0.0010395825,0.0010505674,0.0010565326,0.0010684502,0.0,0.0010606365,0.0,0.0010309218,0.0010119606,0.0010679937,0.0010793549,0.0,0.0010606364,0.0010469793,0.0010395824,0.0010505674,0.0010565326,0.0010684505,0.0,0.0,0.0,0.0010309218,0.0010119606,0.0010679937,0.0010904985,0.0010723154,0.0010606365,0.0,0.0010309218,0.0010119606,0.0010679937,0.0010793608,0.001072379,0.0,0.0,0.0010309217,0.0010119606,0.0010679937,0.0010904977,0.0010723312,0.0,0.0010469793,0.0,0.0010606364,0.0010469793,0.0010679937,0.0010723086,0.0,0.0,0.0010309218,0.0010119606,0.0010679937,0.0010904957,0.0,0.0010606376,0.0,0.0010309218,0.0010119606,0.0010679937,0.0010793532,0.0,0.0,0.0010469806,0.0010606373,0.0,0.0010309218,0.0010606365,0.0010723317,0.0010606365,0.0,0.0010309217,0.0010119606,0.0010679937,0.0010793527,0.0,0.0,0.0010469795,0.0010309218,0.0010214191,0.0010319221,0.0011075169,0.0,0.0,0.0010469793,0.0,0.0010606364,0.0010469793,0.0010679937,0.0,0.0010606407,0.0,0.0010606365,0.0,0.0010606364,0.0010469793,0.0,0.0,0.0010469947,0.0010309244,0.0010214191,0.0010319221,0.001107517,0.0,0.0010606693,0.0010606401,0.0010549441,0.0010661924,0.0,0.0009895043,0.0,0.0010606388,0.0010469803,0.0,0.0010606366,0.0010469793,0.0010395853,0.0010723122,0.0010606364,0.0010469793,0.0,0.0010606364,0.0010469793,0.0010395838,0.0,0.0010606365,0.0010469793,0.0010395824,0.0010505674,0.0010565326,0.00106845,0.001072305,0.0010606364,0.0010469793,0.0010395825,0.0010505674,0.0010565326,0.0010684502,0.0010723355,0.0,0.0,0.0010309218,0.0010119606,0.0010679937,0.0010904957,0.0010723097,0.0,0.0010469793,0.0010309218,0.0010214191,0.0010319221,0.0011075167,0.0,0.0010606365,0.0,0.0010309218,0.0010119606,0.0010679937,0.0010793527,0.0010723223,0.0,0.0010469793,0.0010309218,0.0010214191,0.0010319221,0.0011075248,0.0,0.0010606364,0.0010469793,0.0010395825,0.0010505674,0.0010565326,0.0010684518,0.001072306,0.0010606364,0.0010469793,0.0010395825,0.0010505674,0.0010565326,0.0010684498,0.0,0.001060637,0.0010469793,0.0010395824,0.0010505674,0.0010565326,0.00106845,0.0,0.0,0.0010469793,0.0010309218,0.0010214191,0.0010319221,0.0011075166,0.0010723084,0.0010606364,0.0,0.0,0.0010606365,0.0010606365,0.0010549444,0.0010723496,0.0,0.0010469795,0.0,0.0010606365,0.0010469793,0.0010679975,0.0010724205,0.0,0.0010606365,0.0010469793,0.0010395824,0.0,0.0010606372,0.0,0.0010606362,0.0,0.0010309218,0.0010119606,0.0010679937,0.0010793579,0.0010723118,0.0,0.0010469793,0.0010309218,0.0010214191,0.0010319222,0.0011075765,0.001072324,0.0,0.0,0.0010309218,0.0010119606,0.0010679937,0.0010904954,0.0,0.0010606365,0.0010469793,0.0010395825,0.0010505674,0.0010565326,0.0010684502,0.001072331,0.0010606364,0.0010469793,0.0,0.0010606364,0.0010469793,0.0010395835,0.0010723077,0.0,0.0010469793,0.0010309217,0.0010214191,0.0010319221,0.0011075191,0.0010723097,0.0,0.0010469793,0.0010309218,0.0010214191,0.0010319221,0.0011075184,0.0,0.0010606364,0.0010606366,0.0010549437,0.0010661923,0.0,0.0009895483,0.0010723445,0.0,0.0010469793,0.0010309218,0.0010214191,0.0010319221,0.0011075162,0.0010723118,0.0,0.0,0.0010309218,0.0010119606,0.0010679937,0.0010904978,0.0010723696,0.001060637,0.0,0.0010309226,0.0010119613,0.0010679937,0.0010793615,0.0,0.0010606364,0.0010469793,0.0010395824,0.0010505674,0.0010565326,0.0010684498,0.0,0.0010606376,0.0,0.0010309218,0.0010119606,0.0010679937,0.0010793527,0.0,0.0010606365,0.0010469795,0.0010395824,0.0010505674,0.0010565326,0.00106845,0.0010723207,0.0010606364,0.0010469793,0.0010395825,0.0010505674,0.0010565326,0.0010684503,0.0,0.0,0.0,0.0010309218,0.0010119606,0.0010679937,0.0010904963,0.0010723046,0.0010606364,0.0,0.0010309218,0.0010119606,0.0010679937,0.0010793536,0.0010723205,0.0010606364,0.0010469793,0.0010679937,0.0,0.0010309218,0.0010119614,0.0,0.0010606364,0.0010469793,0.0010395824,0.0010505674,0.0010565326,0.001068451,0.0,0.0010606364,0.0010469793,0.0010395824,0.0010505674,0.0010565326,0.0010684502,0.0,0.0010606368,0.0010469793,0.0010395824,0.0010505674,0.0010565326,0.0010684523,0.0010723138,0.0010606364,0.0010469793,0.0010395824,0.0010505674,0.0010565326,0.0010684506,0.0,0.0,0.0010469793,0.0010309218,0.0010214191,0.0010319221,0.0011075167,0.0,0.0010606364,0.0010469793,0.0010395825,0.0010505674,0.0010565326,0.0010684498,0.001072535,0.0010606382,0.0010469793,0.0010395824,0.0010505674,0.001056533,0.0010684533
k__Bacteria|p__Firmicutes|c__Firmicutes_unclassified|o__Firmicutes_unclassified|f__Firmicutes_unclassified|g__Firmicutes_unclassified|s__Firmicutes_bacterium_AF16_15,0.0,0.0010593623,0.0010456323,0.0010381554,0.0010490422,0.0010549036,0.0010667668,0.0,0.0010593624,0.0010456323,0.0010381554,0.0010490422,0.0010549036,0.0010667666,0.0,0.0,0.0010456463,0.0010295098,0.0010199145,0.0010303113,0.0011062392,0.0010711523,0.0,0.0010456323,0.0010294998,0.0010199139,0.0010303113,0.0011062379,0.0,0.0,0.0010456323,0.0010294998,0.0010199139,0.0010303113,0.001106238,0.0010711018,0.0010593623,0.0010456323,0.0010381554,0.0010490422,0.0010549036,0.0010667666,0.0,0.0010593631,0.0010456323,0.0010381554,0.0010490422,0.0010549036,0.0010667677,0.0010711018,0.0010593623,0.0010456323,0.0010381554,0.0010490422,0.0010549036,0.0010667667,0.0,0.0010593625,0.0010456331,0.0010381554,0.0010490422,0.0010549036,0.0010667674,0.0,0.0010593624,0.0010456323,0.0010381554,0.0010490422,0.0010549036,0.0010667666,0.0,0.0010593624,0.0,0.0010294998,0.0010104636,0.0010667178,0.0010779968,0.0,0.0010593623,0.0010456323,0.0010381554,0.0010490422,0.0010549036,0.0010667676,0.0,0.0,0.0,0.0010294998,0.0010104636,0.0010667178,0.0010892194,0.001071116,0.0010593624,0.0,0.0010294998,0.0010104636,0.0010667178,0.0010780024,0.0010711835,0.0,0.0,0.0010294999,0.0010104636,0.0010667178,0.0010892184,0.0010711347,0.0,0.0010456323,0.0,0.0010593623,0.0010456323,0.0010667178,0.0010711055,0.0,0.0,0.0010294998,0.0010104636,0.0010667178,0.0010892166,0.0,0.0010593634,0.0,0.0010294998,0.0010104636,0.0010667178,0.0010779945,0.0,0.0,0.001045634,0.0010593632,0.0,0.0010294998,0.0010593628,0.001071132,0.0010593625,0.0,0.0010294998,0.0010104636,0.0010667178,0.0010779941,0.0,0.0,0.0010456323,0.0010294998,0.0010199139,0.0010303113,0.0011062379,0.0,0.0,0.0010456323,0.0,0.0010593623,0.0010456323,0.0010667177,0.0,0.0010593666,0.0,0.0010593625,0.0,0.0010593623,0.0010456323,0.0,0.0,0.0010456481,0.0010295019,0.001019914,0.0010303113,0.001106239,0.0,0.0010593882,0.0010593657,0.0010535935,0.0010647516,0.0,0.0009879352,0.0,0.0010593645,0.0010456332,0.0,0.0010593629,0.0010456322,0.0010381585,0.0010711128,0.0010593623,0.0010456323,0.0,0.0010593623,0.0010456323,0.0010381564,0.0,0.0010593625,0.0010456323,0.0010381554,0.0010490422,0.0010549036,0.0010667668,0.0010711019,0.0010593623,0.0010456323,0.0010381554,0.0010490422,0.0010549036,0.0010667666,0.0010711368,0.0,0.0,0.0010294998,0.0010104636,0.0010667178,0.0010892162,0.0010711054,0.0,0.0010456323,0.0010294998,0.0010199139,0.0010303113,0.0011062385,0.0,0.0010593625,0.0,0.0010294998,0.0010104636,0.0010667178,0.001077994,0.0010711242,0.0,0.0010456323,0.0010294998,0.0010199139,0.0010303113,0.0011062467,0.0,0.0010593623,0.0010456323,0.0010381554,0.0010490422,0.0010549036,0.0010667685,0.0010711029,0.0010593623,0.0010456323,0.0010381554,0.0010490422,0.0010549036,0.0010667666,0.0,0.0010593629,0.0010456322,0.0010381554,0.0010490422,0.0010549036,0.0010667668,0.0,0.0,0.0010456323,0.0010294998,0.0010199139,0.0010303113,0.0011062383,0.0010711056,0.0010593623,0.0,0.0,0.0010593625,0.0010593624,0.0010535939,0.0010711552,0.0,0.0010456326,0.0,0.0010593625,0.0010456323,0.0010667238,0.0010712377,0.0,0.0010593625,0.0010456322,0.0010381554,0.0,0.0010593635,0.0,0.0010593623,0.0,0.0010294998,0.0010104636,0.0010667178,0.0010780018,0.0010711105,0.0,0.0010456323,0.0010294998,0.001019914,0.0010303116,0.0011063089,0.0010711255,0.0,0.0,0.0010294998,0.0010104636,0.0010667178,0.0010892162,0.0,0.0010593625,0.0010456323,0.0010381554,0.0010490422,0.0010549036,0.0010667666,0.0010711517,0.0010593624,0.0010456322,0.0,0.0010593623,0.0010456323,0.0010381564,0.0010711043,0.0,0.0010456322,0.0010295,0.0010199139,0.0010303113,0.0011062415,0.0010711072,0.0,0.0010456323,0.0010294998,0.001019914,0.0010303113,0.0011062401,0.0,0.0010593624,0.0010593624,0.0010535931,0.0010647518,0.0,0.0009879844,0.0010711412,0.0,0.0010456322,0.0010294998,0.0010199139,0.0010303113,0.001106238,0.00107111,0.0,0.0,0.0010294998,0.0010104636,0.0010667178,0.0010892188,0.001071184,0.0010593627,0.0,0.0010295007,0.0010104636,0.0010667178,0.001078004,0.0,0.0010593624,0.0010456322,0.0010381554,0.0010490422,0.0010549036,0.0010667666,0.0,0.001059364,0.0,0.0010294998,0.0010104636,0.0010667178,0.001077994,0.0,0.0010593624,0.0010456323,0.0010381554,0.0010490422,0.0010549036,0.0010667667,0.0010711187,0.0010593624,0.0010456323,0.0010381554,0.0010490422,0.0010549036,0.0010667671,0.0,0.0,0.0,0.0010294998,0.0010104636,0.0010667178,0.0010892168,0.0010711012,0.0010593623,0.0,0.0010294998,0.0010104636,0.0010667178,0.0010779949,0.0010711189,0.0010593624,0.0010456323,0.0010667178,0.0,0.0010294998,0.0010104637,0.0013317904,0.0010593623,0.0010456323,0.0010381554,0.0010490422,0.0010549036,0.0010667677,0.0,0.0010593623,0.0010456323,0.0010381554,0.0010490422,0.0010549036,0.0010667669,0.0,0.0010593629,0.0010456322,0.0010381554,0.0010490422,0.0010549036,0.0010667695,0.0010711107,0.0010593623,0.0010456323,0.0010381554,0.0010490422,0.0010549036,0.0010667674,0.0,0.0,0.0010456323,0.0010294998,0.0010199139,0.0010303113,0.0011062386,0.0,0.0010593623,0.0010456323,0.0010381554,0.0010490422,0.0010549036,0.0010667666,0.0010714002,0.0010593642,0.0010456323,0.0010381553,0.0010490422,0.0010549036,0.0010667706
k__Bacteria|p__Firmicutes|c__Clostridia|o__Eubacteriales|f__Lachnospiraceae|g__Roseburia|s__Roseburia_intestinalis,0.0,0.0010615432,0.0010479253,0.0010405667,0.0010515883,0.0010575949,0.0010695279,0.0,0.0010615434,0.0010479253,0.0010405667,0.0010515883,0.0010575949,0.0010695278,0.0,0.0,0.0010479346,0.0010319143,0.0010224449,0.0010329885,0.0011083861,0.0010731841,0.0,0.0010479253,0.0010319075,0.0010224442,0.0010329885,0.0011083859,0.0,0.0,0.0010479253,0.0010319075,0.0010224442,0.0010329885,0.0011083859,0.0010731738,0.0010615432,0.0010479253,0.0010405667,0.0010515883,0.0010575949,0.0010695278,0.0,0.0010615436,0.0010479253,0.0010405667,0.0010515883,0.0010575949,0.0010695278,0.001073174,0.0010615432,0.0010479253,0.0010405667,0.0010515883,0.0010575949,0.0010695279,0.0,0.0010615435,0.0010479254,0.0010405668,0.0010515883,0.0010575949,0.0010695283,0.0,0.0010615434,0.0010479253,0.0010405667,0.0010515883,0.0010575949,0.0010695279,0.0,0.0010615434,0.0,0.0010319075,0.0010129865,0.0010688967,0.0010802837,0.0,0.0010615432,0.0010479253,0.0010405666,0.0010515883,0.0010575949,0.0010695282,0.0,0.0,0.0,0.0010319075,0.0010129861,0.0010688967,0.0010913847,0.0010731773,0.0010615434,0.0,0.0010319075,0.0010129861,0.0010688967,0.0010802865,0.0010731977,0.0,0.0,0.0010319076,0.0010129861,0.0010688967,0.0010913839,0.001073183,0.0,0.0010479253,0.0,0.0010615432,0.0010479253,0.0010688968,0.0010731755,0.0,0.0,0.0010319075,0.0010129861,0.0010688967,0.0010913829,0.0,0.0010615439,0.0,0.0010319075,0.0010129861,0.0010688967,0.001080283,0.0,0.0,0.0010479257,0.0010615439,0.0,0.0010319075,0.0010615434,0.0010731877,0.0010615435,0.0,0.0010319075,0.0010129861,0.0010688967,0.001080283,0.0,0.0,0.0010479256,0.0010319075,0.0010224442,0.0010329885,0.0011083861,0.0,0.0,0.0010479253,0.0,0.0010615432,0.0010479253,0.0010688967,0.0,0.0010615462,0.0,0.0010615435,0.0,0.0010615432,0.0010479253,0.0,0.0,0.0010479385,0.0010319097,0.0010224443,0.0010329885,0.0011083862,0.0,0.0010615711,0.0010615458,0.0010558872,0.0010671675,0.0,0.0009905617,0.0,0.001061545,0.0010479259,0.0,0.0010615435,0.0010479253,0.0010405678,0.001073177,0.0010615432,0.0010479253,0.0,0.0010615432,0.0010479253,0.0010405673,0.0,0.0010615435,0.0010479253,0.0010405666,0.0010515883,0.0010575949,0.001069528,0.0010731736,0.0010615432,0.0010479253,0.0010405667,0.0010515883,0.0010575949,0.0010695279,0.0010731842,0.0,0.0,0.0010319075,0.0010129861,0.0010688967,0.0010913827,0.001073176,0.0,0.0010479253,0.0010319075,0.0010224442,0.0010329885,0.0011083859,0.0,0.0010615435,0.0,0.0010319075,0.0010129861,0.0010688967,0.001080283,0.0010731797,0.0,0.0010479253,0.0010319075,0.0010224442,0.0010329885,0.0011083885,0.0,0.0010615432,0.0010479253,0.0010405667,0.0010515883,0.0010575949,0.0010695286,0.001073174,0.0010615432,0.0010479253,0.0010405667,0.0010515883,0.0010575949,0.0010695278,0.0,0.0010615438,0.0010479253,0.0010405666,0.0010515883,0.0010575949,0.0010695279,0.0,0.0,0.0010479253,0.0010319075,0.0010224442,0.0010329885,0.0011083859,0.0010731749,0.0010615432,0.0,0.0,0.0010615435,0.0010615434,0.0010558872,0.0010731857,0.0,0.0010479254,0.0,0.0010615435,0.0010479253,0.0010688977,0.0010732095,0.0,0.0010615435,0.0010479253,0.0010405666,0.0,0.0010615436,0.0,0.0010615432,0.0,0.0010319075,0.0010129865,0.0010688967,0.0010802838,0.0010731757,0.0,0.0010479253,0.0010319075,0.0010224443,0.0010329887,0.0011084168,0.0010731794,0.0,0.0,0.0010319075,0.0010129861,0.0010688967,0.0010913826,0.0,0.0010615435,0.0010479253,0.0010405667,0.0010515883,0.0010575949,0.0010695278,0.0010731752,0.0010615434,0.0010479253,0.0,0.0010615432,0.0010479253,0.0010405673,0.0010731752,0.0,0.0010479253,0.0010319076,0.0010224442,0.0010329885,0.0011083869,0.0010731757,0.0,0.0010479253,0.0010319075,0.0010224443,0.0010329887,0.0011083862,0.0,0.0010615434,0.0010615434,0.0010558871,0.0010671674,0.0,0.000990593,0.0010731902,0.0,0.0010479253,0.0010319075,0.0010224442,0.0010329885,0.0011083859,0.0010731772,0.0,0.0,0.0010319075,0.0010129861,0.0010688967,0.001091384,0.0010731898,0.0010615436,0.0,0.0010319082,0.0010129866,0.0010688966,0.0010802872,0.0,0.0010615434,0.0010479253,0.0010405666,0.0010515883,0.0010575949,0.0010695278,0.0,0.0010615442,0.0,0.0010319075,0.0010129861,0.0010688967,0.001080283,0.0,0.0010615434,0.0010479256,0.0010405666,0.0010515883,0.0010575949,0.0010695279,0.0010731785,0.0010615434,0.0010479253,0.0010405668,0.0010515883,0.0010575949,0.0010695278,0.0,0.0,0.0,0.0010319075,0.0010129861,0.0010688967,0.0010913829,0.0010731734,0.0010615432,0.0,0.0010319075,0.0010129861,0.0010688967,0.0010802833,0.0010731794,0.0010615434,0.0010479253,0.0010688967,0.0,0.0010319075,0.0010129862,0.0,0.0010615432,0.0010479253,0.0010405666,0.0010515883,0.0010575949,0.001069528,0.0,0.0010615432,0.0010479253,0.0010405666,0.0010515883,0.0010575949,0.0010695279,0.0,0.0010615436,0.0010479253,0.0010405666,0.0010515883,0.0010575949,0.0010695287,0.001073178,0.0010615432,0.0010479253,0.0010405666,0.0010515883,0.0010575949,0.001069528,0.0,0.0,0.0010479253,0.0010319075,0.0010224442,0.0010329885,0.001108386,0.0,0.0010615432,0.0010479253,0.0010405667,0.0010515883,0.0010575949,0.0010695279,0.0010732401,0.0010615446,0.0010479253,0.0010405666,0.0010515883,0.0010575949,0.0010695292
k__Bacteria|p__Firmicutes|c__Clostridia|o__Clostridia_unclassified|f__Clostridia_unclassified|g__Clostridia_unclassified|s__Clostridia_bacterium_UC5_1_1D1,0.0,0.0010588563,0.0010451587,0.0010377405,0.0010487472,0.0010547234,0.0010666735,0.0,0.0010588561,0.0010451587,0.0010377405,0.0010487472,0.0010547234,0.0010666734,0.0,0.0,0.0010451679,0.0010290676,0.0010195369,0.0010300543,0.001105924,0.0010706077,0.0,0.0010451587,0.0010290615,0.0010195365,0.0010300543,0.0011059233,0.0,0.0,0.0010451587,0.0010290615,0.0010195365,0.0010300543,0.0011059233,0.0010705652,0.001058856,0.0010451587,0.0010377405,0.0010487472,0.0010547234,0.0010666734,0.0,0.0010588568,0.0010451587,0.0010377405,0.0010487472,0.0010547234,0.0010666744,0.0010705653,0.001058856,0.0010451587,0.0010377405,0.0010487472,0.0010547234,0.0010666735,0.0,0.0010588566,0.0010451595,0.0010377406,0.0010487472,0.0010547234,0.0010666744,0.0,0.0010588561,0.0010451587,0.0010377405,0.0010487472,0.0010547234,0.0010666735,0.0,0.0010588561,0.0,0.0010290615,0.0010100632,0.001066236,0.0010776322,0.0,0.001058856,0.0010451587,0.0010377405,0.0010487472,0.0010547234,0.0010666742,0.0,0.0,0.0,0.0010290615,0.0010100632,0.001066236,0.0010888232,0.0010705765,0.0010588561,0.0,0.0010290615,0.0010100632,0.001066236,0.0010776378,0.0010706438,0.0,0.0,0.0010290616,0.0010100632,0.001066236,0.001088823,0.0010705937,0.0,0.0010451587,0.0,0.001058856,0.0010451587,0.0010662362,0.0010705683,0.0,0.0,0.0010290615,0.0010100632,0.001066236,0.0010888213,0.0,0.0010588572,0.0,0.0010290615,0.0010100632,0.001066236,0.0010776307,0.0,0.0,0.00104516,0.0010588567,0.0,0.0010290615,0.0010588565,0.0010705874,0.0010588566,0.0,0.0010290615,0.0010100632,0.001066236,0.00107763,0.0,0.0,0.0010451587,0.0010290615,0.0010195365,0.0010300543,0.0011059234,0.0,0.0,0.0010451587,0.0,0.001058856,0.0010451587,0.0010662362,0.0,0.0010588586,0.0,0.0010588563,0.0,0.001058856,0.0010451591,0.0,0.0,0.0010451671,0.0010290629,0.0010195366,0.0010300543,0.0011059238,0.0,0.0010588708,0.0010588582,0.0010531438,0.0010644209,0.0,0.0009875726,0.0,0.001058858,0.0010451593,0.0,0.0010588566,0.0010451587,0.0010377434,0.0010705722,0.001058856,0.0010451587,0.0,0.001058856,0.0010451587,0.0010377419,0.0,0.0010588563,0.0010451588,0.0010377405,0.0010487472,0.0010547234,0.0010666734,0.0010705652,0.001058856,0.0010451587,0.0010377405,0.0010487472,0.0010547234,0.0010666735,0.0010705971,0.0,0.0,0.0010290615,0.0010100632,0.001066236,0.001088821,0.0010705686,0.0,0.0010451587,0.0010290615,0.0010195365,0.0010300543,0.0011059236,0.0,0.0010588563,0.0,0.0010290615,0.0010100632,0.001066236,0.00107763,0.0010705832,0.0,0.0010451587,0.0010290615,0.0010195365,0.0010300543,0.0011059307,0.0,0.001058856,0.0010451587,0.0010377405,0.0010487472,0.0010547234,0.0010666759,0.0010705661,0.001058856,0.0010451587,0.0010377405,0.0010487472,0.0010547234,0.0010666734,0.0,0.0010588566,0.0010451587,0.0010377405,0.0010487472,0.0010547234,0.0010666735,0.0,0.0,0.0010451587,0.0010290615,0.0010195365,0.0010300543,0.0011059234,0.0010705683,0.001058856,0.0,0.0,0.0010588563,0.0010588561,0.0010531445,0.001070612,0.0,0.0010451591,0.0,0.0010588563,0.0010451587,0.0010662405,0.0010706951,0.0,0.0010588565,0.001045159,0.0010377405,0.0,0.0010588572,0.0,0.001058856,0.0,0.0010290615,0.0010100632,0.001066236,0.0010776365,0.001070572,0.0,0.0010451587,0.0010290615,0.0010195366,0.0010300549,0.001105974,0.0010705827,0.0,0.0,0.0010290615,0.0010100632,0.001066236,0.0010888211,0.0,0.0010588563,0.0010451588,0.0010377405,0.0010487472,0.0010547234,0.0010666734,0.0010706033,0.0010588561,0.0010451587,0.0,0.0010588561,0.0010451587,0.0010377415,0.0010705675,0.0,0.001045159,0.0010290617,0.0010195365,0.0010300543,0.001105926,0.0010705692,0.0,0.0010451588,0.0010290615,0.0010195366,0.0010300544,0.0011059255,0.0,0.0010588561,0.0010588565,0.0010531436,0.0010644207,0.0,0.0009876118,0.0010706033,0.0,0.0010451587,0.0010290615,0.0010195365,0.0010300543,0.0011059233,0.0010705714,0.0,0.0,0.0010290615,0.0010100632,0.001066236,0.0010888231,0.0010706406,0.0010588567,0.0,0.0010290622,0.0010100633,0.001066236,0.0010776382,0.0,0.0010588564,0.001045159,0.0010377405,0.0010487472,0.0010547234,0.0010666734,0.0,0.001058857,0.0,0.0010290615,0.0010100632,0.001066236,0.00107763,0.0,0.0010588565,0.0010451587,0.0010377405,0.0010487472,0.0010547234,0.0010666735,0.0010705816,0.0010588564,0.0010451587,0.0010377406,0.0010487472,0.0010547234,0.0010666741,0.0,0.0,0.0,0.0010290615,0.0010100632,0.001066236,0.0010888217,0.0010705647,0.001058856,0.0,0.0010290615,0.0010100632,0.001066236,0.001077631,0.0010705799,0.0010588564,0.0010451587,0.001066236,0.0,0.0010290615,0.0010100633,0.0,0.001058856,0.0010451587,0.0010377405,0.0010487472,0.0010547234,0.0010666746,0.0,0.001058856,0.0010451587,0.0010377405,0.0010487472,0.0010547234,0.0010666739,0.0,0.0010588566,0.0010451587,0.0010377405,0.0010487472,0.0010547234,0.0010666759,0.0010705726,0.001058856,0.0010451587,0.0010377405,0.0010487472,0.0010547234,0.0010666739,0.0,0.0,0.0010451587,0.0010290615,0.0010195365,0.0010300543,0.0011059238,0.0,0.001058856,0.0010451587,0.0010377405,0.0010487472,0.0010547234,0.0010666735,0.001070811,0.0010588575,0.0010451587,0.0010377405,0.0010487472,0.0010547234,0.0010666769
k__Bacteria|p__Firmicutes|c__Clostridia|o__Eubacteriales|f__Lachnospiraceae|g__Eisenbergiella|s__Eisenbergiella_massiliensis,0.0,0.0010615098,0.0010479337,0.001040638,0.0010517698,0.0010578849,0.0010698941,0.0,0.00106151,0.0010479337,0.001040638,0.0010517698,0.0010578849,0.0010698942,0.0,0.0,0.0010479491,0.001031973,0.0010225627,0.0010332194,0.0011084904,0.0010731284,0.0,0.0010479337,0.0010319605,0.0010225619,0.0010332194,0.0011084899,0.0,0.0,0.001047934,0.0010319605,0.0010225619,0.0010332194,0.0011084899,0.0010731007,0.0010615096,0.0010479337,0.001040638,0.0010517698,0.0010578849,0.0010698941,0.0,0.0010615103,0.0010479342,0.001040638,0.0010517698,0.0010578849,0.0010698945,0.0010731008,0.0010615096,0.0010479337,0.001040638,0.0010517698,0.0010578849,0.0010698941,0.0,0.0010615101,0.0010479344,0.001040638,0.0010517698,0.0010578849,0.0010698946,0.0,0.0010615097,0.0010479337,0.001040638,0.0010517698,0.0010578849,0.0010698942,0.0,0.0010615097,0.0,0.0010319605,0.0010130856,0.0010688812,0.0010803743,0.0,0.0010615096,0.0010479337,0.001040638,0.0010517698,0.0010578849,0.0010698946,0.0,0.0,0.0,0.0010319605,0.0010130856,0.0010688812,0.0010914322,0.0010731067,0.00106151,0.0,0.0010319605,0.0010130856,0.0010688812,0.0010803773,0.0010731281,0.0,0.0,0.0010319605,0.0010130856,0.0010688812,0.0010914315,0.0010731164,0.0,0.0010479337,0.0,0.0010615096,0.0010479337,0.0010688815,0.0010731029,0.0,0.0,0.0010319605,0.0010130856,0.0010688812,0.0010914297,0.0,0.001061511,0.0,0.0010319605,0.0010130856,0.0010688812,0.001080373,0.0,0.0,0.0010479356,0.0010615102,0.0,0.0010319605,0.00106151,0.0010731231,0.0010615101,0.0,0.0010319605,0.0010130856,0.0010688812,0.0010803726,0.0,0.0,0.0010479342,0.0010319605,0.0010225619,0.0010332194,0.0011084904,0.0,0.0,0.0010479337,0.0,0.0010615096,0.0010479337,0.0010688811,0.0,0.001061515,0.0,0.0010615097,0.0,0.0010615096,0.001047934,0.0,0.0,0.0010479518,0.0010319634,0.001022562,0.0010332194,0.0011084907,0.0,0.0010615424,0.0010615136,0.001055914,0.0010673018,0.0,0.0009907134,0.0,0.0010615122,0.001047935,0.0,0.0010615101,0.001047934,0.0010406402,0.0010731077,0.0010615096,0.0010479337,0.0,0.0010615096,0.0010479337,0.0010406388,0.0,0.0010615098,0.0010479338,0.001040638,0.0010517698,0.0010578849,0.0010698942,0.0010731007,0.0010615096,0.0010479337,0.001040638,0.0010517698,0.0010578849,0.0010698942,0.0010731176,0.0,0.0,0.0010319605,0.0010130856,0.0010688812,0.0010914297,0.0010731015,0.0,0.0010479337,0.0010319605,0.0010225619,0.0010332194,0.0011084903,0.0,0.0010615097,0.0,0.0010319605,0.0010130856,0.0010688812,0.0010803725,0.0010731111,0.0,0.0010479337,0.0010319605,0.0010225619,0.0010332194,0.0011084946,0.0,0.0010615096,0.0010479337,0.001040638,0.0010517698,0.0010578849,0.0010698953,0.0010731013,0.0010615096,0.0010479337,0.001040638,0.0010517698,0.0010578849,0.0010698941,0.0,0.0010615104,0.001047934,0.001040638,0.0010517698,0.0010578849,0.001069894,0.0,0.0,0.001047934,0.0010319605,0.0010225619,0.0010332194,0.0011084904,0.0010731033,0.0010615096,0.0,0.0,0.0010615097,0.0010615097,0.0010559146,0.0010731332,0.0,0.0010479344,0.0,0.0010615101,0.001047934,0.0010688847,0.0010731533,0.0,0.0010615101,0.001047934,0.001040638,0.0,0.0010615105,0.0,0.0010615098,0.0,0.0010319605,0.0010130856,0.0010688812,0.0010803748,0.0010731056,0.0,0.0010479337,0.0010319605,0.001022562,0.0010332196,0.0011085207,0.0010731167,0.0,0.0,0.0010319605,0.0010130856,0.0010688812,0.0010914297,0.0,0.0010615097,0.0010479338,0.001040638,0.0010517698,0.0010578849,0.0010698942,0.0010731255,0.00106151,0.001047934,0.0,0.0010615098,0.0010479337,0.0010406385,0.0010731018,0.0,0.001047934,0.0010319608,0.0010225619,0.0010332194,0.001108492,0.0010731043,0.0,0.0010479338,0.0010319605,0.001022562,0.0010332194,0.0011084909,0.0,0.00106151,0.0010615097,0.0010559134,0.0010673021,0.0,0.0009907574,0.0010731214,0.0,0.001047934,0.0010319605,0.0010225619,0.0010332194,0.0011084899,0.0010731063,0.0,0.0,0.0010319605,0.0010130856,0.0010688812,0.0010914316,0.0010731295,0.00106151,0.0,0.0010319613,0.0010130856,0.0010688812,0.001080379,0.0,0.00106151,0.001047934,0.001040638,0.0010517698,0.0010578849,0.0010698941,0.0,0.0010615116,0.0,0.0010319605,0.0010130856,0.0010688812,0.0010803725,0.0,0.0010615101,0.0010479342,0.001040638,0.0010517698,0.0010578849,0.0010698942,0.0010731092,0.00106151,0.0010479337,0.001040638,0.0010517702,0.0010578849,0.0010698943,0.0,0.0,0.0,0.0010319605,0.0010130856,0.0010688812,0.0010914303,0.0010731004,0.0010615096,0.0,0.0010319605,0.0010130856,0.0010688812,0.0010803731,0.0010731136,0.00106151,0.0010479337,0.0010688812,0.0,0.0010319605,0.0010130857,0.0,0.0010615096,0.0010479337,0.001040638,0.0010517698,0.0010578849,0.0010698949,0.0,0.0010615096,0.0010479337,0.001040638,0.0010517698,0.0010578849,0.0010698942,0.0,0.0010615102,0.001047934,0.001040638,0.0010517698,0.0010578849,0.0010698955,0.0010731043,0.0010615098,0.0010479337,0.001040638,0.0010517698,0.0010578849,0.0010698944,0.0,0.0,0.0010479337,0.0010319605,0.0010225619,0.0010332194,0.0011084902,0.0,0.0010615098,0.0010479337,0.001040638,0.0010517698,0.0010578849,0.0010698942,0.0010732807,0.0010615118,0.001047934,0.0010406378,0.0010517698,0.0010578849,0.0010698965
k__Bacteria|p__Firmicutes|c__Clostridia|o__Eubacteriales|f__Lachnospiraceae|g__Anaerostipes|s__Anaerostipes_hominis,0.0,0.0010616003,0.0010478124,0.0010402028,0.0010507833,0.001056357,0.0010679874,0.0,0.0010616006,0.0010478124,0.0010402028,0.0010507833,0.001056357,0.0010679871,0.0,0.0,0.0010478254,0.0010316252,0.0010218932,0.001031985,0.0011079016,0.0010734085,0.0,0.0010478124,0.0010316155,0.0010218925,0.001031985,0.0011079008,0.0,0.0,0.0010478124,0.0010316155,0.0010218925,0.001031985,0.0011079008,0.0010733916,0.0010616005,0.0010478124,0.0010402028,0.0010507833,0.001056357,0.0010679871,0.0,0.001061601,0.0010478125,0.0010402028,0.0010507833,0.001056357,0.001067988,0.001073392,0.0010616005,0.0010478124,0.0010402028,0.0010507833,0.001056357,0.0010679871,0.0,0.0010616009,0.001047813,0.0010402028,0.0010507833,0.001056357,0.0010679876,0.0,0.0010616006,0.0010478124,0.0010402028,0.0010507833,0.001056357,0.0010679871,0.0,0.0010616006,0.0,0.0010316155,0.001012507,0.0010688833,0.0010798528,0.0,0.0010616005,0.0010478124,0.0010402027,0.0010507833,0.001056357,0.0010679878,0.0,0.0,0.0,0.0010316155,0.001012507,0.0010688833,0.0010911241,0.0010733954,0.0010616006,0.0,0.0010316155,0.001012507,0.001068883,0.0010798573,0.0010734287,0.0,0.0,0.0010316157,0.001012507,0.0010688833,0.0010911239,0.0010734035,0.0,0.0010478124,0.0,0.0010616005,0.0010478124,0.0010688833,0.0010733932,0.0,0.0,0.0010316155,0.001012507,0.0010688833,0.0010911223,0.0,0.0010616017,0.0,0.0010316155,0.001012507,0.0010688833,0.001079851,0.0,0.0,0.0010478136,0.0010616012,0.0,0.0010316155,0.0010616009,0.0010734089,0.0010616009,0.0,0.0010316155,0.001012507,0.0010688833,0.0010798508,0.0,0.0,0.0010478128,0.0010316155,0.0010218925,0.001031985,0.0011079015,0.0,0.0,0.0010478124,0.0,0.0010616005,0.0010478124,0.0010688831,0.0,0.0010616048,0.0,0.0010616006,0.0,0.0010616005,0.0010478128,0.0,0.0,0.0010478253,0.001031618,0.0010218926,0.001031985,0.0011079013,0.0,0.0010616294,0.0010616041,0.0010557033,0.0010665534,0.0,0.000989895,0.0,0.0010616027,0.0010478133,0.0,0.0010616009,0.0010478124,0.0010402056,0.0010733954,0.0010616005,0.0010478124,0.0,0.0010616005,0.0010478124,0.0010402042,0.0,0.0010616005,0.0010478125,0.0010402027,0.0010507833,0.001056357,0.0010679873,0.0010733916,0.0010616005,0.0010478124,0.0010402028,0.0010507833,0.001056357,0.0010679874,0.0010734047,0.0,0.0,0.0010316155,0.001012507,0.0010688833,0.0010911222,0.001073393,0.0,0.0010478124,0.0010316155,0.0010218925,0.001031985,0.0011079012,0.0,0.0010616006,0.0,0.0010316155,0.001012507,0.0010688833,0.0010798505,0.0010734018,0.0,0.0010478124,0.0010316155,0.0010218925,0.001031985,0.0011079081,0.0,0.0010616005,0.0010478124,0.0010402028,0.0010507833,0.001056357,0.0010679889,0.0010733918,0.0010616005,0.0010478124,0.0010402028,0.0010507833,0.001056357,0.0010679871,0.0,0.001061601,0.0010478128,0.0010402027,0.0010507833,0.001056357,0.0010679874,0.0,0.0,0.0010478124,0.0010316155,0.0010218925,0.001031985,0.0011079012,0.0010733929,0.0010616005,0.0,0.0,0.0010616006,0.0010616006,0.0010557034,0.0010734126,0.0,0.0010478129,0.0,0.0010616006,0.0010478124,0.0010688871,0.0010734559,0.0,0.0010616009,0.0010478128,0.0010402027,0.0,0.0010616014,0.0,0.0010616004,0.0,0.0010316155,0.001012507,0.0010688832,0.0010798579,0.0010733948,0.0,0.0010478124,0.0010316155,0.0010218926,0.0010319852,0.0011079542,0.0010734041,0.0,0.0,0.0010316155,0.001012507,0.0010688833,0.0010911222,0.0,0.0010616006,0.0010478125,0.0010402028,0.0010507833,0.001056357,0.0010679871,0.0010733886,0.0010616006,0.0010478124,0.0,0.0010616004,0.0010478124,0.0010402036,0.0010733925,0.0,0.0010478124,0.0010316157,0.0010218925,0.001031985,0.0011079032,0.0010733937,0.0,0.0010478125,0.0010316155,0.0010218926,0.0010319849,0.0011079027,0.0,0.0010616006,0.0010616006,0.0010557027,0.0010665535,0.0,0.0009899357,0.0010734079,0.0,0.0010478124,0.0010316155,0.0010218925,0.001031985,0.0011079008,0.0010733948,0.0011283037,0.0019582352,0.0010316155,0.001012507,0.0010688833,0.0010911237,0.0010734181,0.0010616011,0.0,0.0010316165,0.0010125071,0.0010688832,0.0010798576,0.0,0.0010616005,0.0010478124,0.0010402027,0.0010507833,0.001056357,0.0010679871,0.0,0.0010616018,0.0,0.0010316155,0.001012507,0.0010688833,0.0010798505,0.0,0.0010616006,0.0010478125,0.0010402027,0.0010507833,0.001056357,0.0010679874,0.0010733998,0.0010616007,0.0010478126,0.0010402031,0.0010507833,0.001056357,0.0010679874,0.0,0.0,0.0,0.0010316155,0.001012507,0.0010688833,0.0010911231,0.0010733915,0.0010616005,0.0,0.0010316155,0.001012507,0.0010688833,0.0010798514,0.0010734003,0.0010616005,0.0010478124,0.0010688833,0.0,0.0010316155,0.0010125071,0.0,0.0010616005,0.0010478124,0.0010402027,0.0010507833,0.001056357,0.0010679883,0.0,0.0010616005,0.0010478124,0.0010402027,0.0010507833,0.001056357,0.0010679874,0.0,0.0010616009,0.0010478124,0.0010402027,0.0010507833,0.001056357,0.0010679894,0.0010733944,0.0010616005,0.0010478124,0.0010402027,0.0010507833,0.001056357,0.0010679875,0.0,0.0,0.0010478124,0.0010316155,0.0010218925,0.001031985,0.0011079012,0.0,0.0010616005,0.0010478124,0.0010402028,0.0010507833,0.001056357,0.0010679871,0.0010735481,0.0010616021,0.0010478126,0.0010402029,0.0010507833,0.001056357,0.00106799
k__Bacteria|p__Firmicutes|c__Clostridia|o__Eubacteriales|f__Peptococcaceae|g__Peptococcus|s__Peptococcus_niger,0.0,0.001061068,0.001047438,0.0010400715,0.0010510951,0.0010571006,0.0010690397,0.0,0.0010610681,0.001047438,0.0010400715,0.0010510951,0.0010571006,0.0010690397,0.0,0.0,0.0010474391,0.0010314088,0.0010219365,0.0010324806,0.0011079565,0.0010727287,0.0,0.001047438,0.0010314081,0.0010219364,0.0010324806,0.001107956,0.0,0.0,0.001047438,0.0010314081,0.0010219364,0.0010324806,0.0011079559,0.0010727107,0.0010610681,0.001047438,0.0010400715,0.0010510951,0.0010571006,0.0010690396,0.0,0.0010610684,0.0010474381,0.0010400715,0.0010510951,0.0010571006,0.0010690406,0.001072711,0.0010610681,0.001047438,0.0010400715,0.0010510951,0.0010571006,0.0010690398,0.0,0.0010610683,0.001047438,0.0010400715,0.0010510951,0.0010571006,0.0010690399,0.0,0.0010610681,0.001047438,0.0010400715,0.0010510951,0.0010571006,0.0010690397,0.0,0.0010610681,0.0,0.0010314081,0.0010124751,0.001068427,0.0010798202,0.0,0.0010610681,0.001047438,0.0010400715,0.0010510951,0.0010571006,0.0010690402,0.0,0.0,0.0,0.0010314081,0.0010124751,0.001068427,0.0010909339,0.0010727165,0.0010610681,0.0,0.0010314081,0.0010124751,0.001068427,0.0010798223,0.0010727474,0.0,0.0,0.0010314081,0.0010124751,0.001068427,0.001090934,0.0010727231,0.0,0.001047438,0.0,0.0010610681,0.001047438,0.0010684272,0.0010727119,0.0,0.0,0.0010314081,0.0010124751,0.001068427,0.0010909331,0.0,0.001061068,0.0,0.0010314081,0.0010124751,0.001068427,0.0010798193,0.0,0.0,0.0010474381,0.0010610681,0.0,0.0010314081,0.0010610685,0.0010727168,0.0010610683,0.0,0.001031408,0.0010124751,0.001068427,0.001079819,0.0,0.0,0.0010474381,0.0010314081,0.0010219364,0.0010324806,0.0011079562,0.0,0.0,0.001047438,0.0,0.0010610681,0.001047438,0.0010684271,0.0,0.0010610681,0.0,0.0010610683,0.0,0.0010610681,0.001047438,0.0,0.0,0.0010474361,0.0010314076,0.0010219364,0.0010324806,0.001107956,0.0,0.0010610668,0.0010610676,0.0010554042,0.0010666888,0.0,0.0009900408,0.0,0.0010610685,0.0010474379,0.0,0.0010610683,0.001047438,0.001040073,0.0010727129,0.0010610681,0.001047438,0.0,0.0010610681,0.001047438,0.0010400723,0.0,0.0010610683,0.001047438,0.0010400715,0.0010510951,0.0010571006,0.0010690397,0.0010727108,0.0010610681,0.001047438,0.0010400715,0.0010510951,0.0010571006,0.0010690397,0.0010727254,0.0,0.0,0.0010314081,0.0010124751,0.001068427,0.001090933,0.0010727112,0.0,0.001047438,0.0010314081,0.0010219364,0.0010324806,0.0011079563,0.0,0.0010610683,0.0,0.0010314081,0.0010124751,0.001068427,0.0010798188,0.0010727195,0.0,0.001047438,0.0010314081,0.0010219364,0.0010324806,0.0011079598,0.0,0.0010610681,0.001047438,0.0010400715,0.0010510951,0.0010571006,0.0010690412,0.0010727113,0.0010610681,0.001047438,0.0010400715,0.0010510951,0.0010571006,0.0010690396,0.0,0.0010610681,0.001047438,0.0010400715,0.0010510951,0.0010571006,0.0010690397,0.0,0.0,0.001047438,0.0010314081,0.0010219364,0.0010324806,0.0011079563,0.0010727124,0.0010610681,0.0,0.0,0.0010610683,0.0010610681,0.0010554048,0.0010727321,0.0,0.0010474379,0.0,0.0010610683,0.001047438,0.0010684297,0.0010727718,0.0,0.0010610683,0.001047438,0.0010400715,0.0,0.0010610687,0.0,0.001061068,0.0,0.0010314081,0.0010124751,0.0010684269,0.0010798235,0.0010727135,0.0,0.001047438,0.0010314081,0.0010219364,0.001032481,0.0011079814,0.0010727163,0.0,0.0,0.0010314081,0.0010124751,0.001068427,0.0010909331,0.0,0.0010610683,0.001047438,0.0010400715,0.0010510951,0.0010571006,0.0010690397,0.0010727342,0.0010610681,0.001047438,0.0,0.0010610681,0.001047438,0.0010400717,0.0010727117,0.0,0.001047438,0.0010314081,0.0010219364,0.0010324806,0.0011079574,0.0010727125,0.0,0.001047438,0.0010314081,0.0010219364,0.0010324807,0.0011079572,0.0,0.0010610681,0.0010610683,0.0010554043,0.0010666887,0.0,0.0009900683,0.0010727285,0.0,0.001047438,0.0010314081,0.0010219364,0.0010324806,0.0011079559,0.0010727136,0.0,0.0,0.0010314081,0.0010124751,0.001068427,0.0010909342,0.0010727417,0.001061068,0.0,0.0010314082,0.0010124748,0.0010684269,0.0010798236,0.0,0.0010610681,0.001047438,0.0010400715,0.0010510951,0.0010571006,0.0010690396,0.0,0.0010610681,0.0,0.0010314081,0.0010124751,0.001068427,0.0010798188,0.0,0.0010610681,0.0010474381,0.0010400715,0.0010510951,0.0010571006,0.0010690398,0.0010727176,0.0010610681,0.001047438,0.0010400715,0.0010510951,0.0010571006,0.0010690398,0.0,0.0,0.0,0.0010314081,0.0010124751,0.001068427,0.0010909337,0.0010727107,0.0010610681,0.0,0.0010314081,0.0010124751,0.001068427,0.0010798195,0.0010727171,0.0010610681,0.001047438,0.001068427,0.0,0.0010314081,0.0010124753,0.0,0.0010610681,0.001047438,0.0010400715,0.0010510951,0.0010571006,0.0010690404,0.0,0.0010610681,0.001047438,0.0010400715,0.0010510951,0.0010571006,0.0010690398,0.0,0.001061068,0.001047438,0.0010400715,0.0010510951,0.0010571006,0.0010690413,0.0010727132,0.0010610681,0.001047438,0.0010400715,0.0010510951,0.0010571006,0.0010690399,0.0,0.0,0.001047438,0.0010314081,0.0010219364,0.0010324806,0.0011079562,0.0,0.0010610681,0.001047438,0.0010400715,0.0010510951,0.0010571006,0.0010690397,0.0010728379,0.0010610684,0.0010474377,0.0010400714,0.0010510951,0.0010571006,0.0010690416
k__Bacteria|p__Firmicutes|c__Bacilli|o__Lactobacillales|f__Lactobacillaceae|g__Lactobacillus|s__Lactobacillus_acidophilus,0.0,0.0010590366,0.0010453747,0.0010380049,0.0010490902,0.0010551445,0.0010671465,0.0,0.0010590366,0.0010453747,0.0010380049,0.0010490902,0.0010551445,0.0010671465,0.0,0.0,0.0010453757,0.0010293155,0.0010198399,0.0010304386,0.0011061834,0.0010707312,0.0,0.0010453747,0.0010293147,0.0010198397,0.0010304387,0.0011061829,0.0,0.0,0.0010453747,0.0010293147,0.0010198397,0.0010304387,0.001106183,0.0010707115,0.0010590365,0.0010453747,0.0010380049,0.0010490902,0.0010551445,0.0010671467,0.0,0.0010590367,0.0010453748,0.0010380049,0.0010490902,0.0010551445,0.001067147,0.0010707118,0.0010590365,0.0010453747,0.0010380049,0.0010490902,0.0010551445,0.0010671465,0.0,0.0010590367,0.0010453749,0.001038005,0.0010490902,0.0010551445,0.0010671472,0.0,0.0010590366,0.0010453747,0.0010380049,0.0010490902,0.0010551445,0.0010671467,0.0,0.0010590366,0.0,0.0010293147,0.0010103546,0.0010664272,0.0010778946,0.0,0.0010590365,0.0010453747,0.0010380049,0.0010490902,0.0010551445,0.0010671471,0.0,0.0,0.0,0.0010293147,0.0010103546,0.0010664272,0.0010890499,0.0010707173,0.0010590366,0.0,0.0010293147,0.0010103546,0.0010664272,0.0010778973,0.0010707525,0.0,0.0,0.0010293146,0.0010103546,0.0010664272,0.0010890495,0.001070726,0.0,0.0010453747,0.0,0.0010590365,0.0010453747,0.0010664271,0.001070713,0.0,0.0,0.0010293147,0.0010103546,0.0010664272,0.0010890486,0.0,0.0010590366,0.0,0.0010293147,0.0010103546,0.0010664272,0.0010778942,0.0,0.0,0.0010453745,0.0010590365,0.0,0.0010293147,0.0010590369,0.0010707201,0.0010590367,0.0,0.0010293147,0.0010103546,0.0010664272,0.0010778941,0.0,0.0,0.0010453749,0.0010293147,0.0010198397,0.0010304387,0.0011061832,0.0,0.0,0.0010453747,0.0,0.0010590365,0.0010453747,0.0010664271,0.0,0.0010590369,0.0,0.0010590367,0.0,0.0010590365,0.0010453748,0.0,0.0,0.0010453725,0.0010293147,0.0010198394,0.0010304387,0.001106183,0.0,0.0010590367,0.0010590366,0.0010533703,0.0010647235,0.0019233853,0.0009878961,0.0,0.0010590367,0.0010453748,0.0,0.0010590369,0.0010453747,0.0010380059,0.0010707142,0.0010590365,0.0010453747,0.0,0.0010590365,0.0010453747,0.0010380057,0.0,0.0010590368,0.0010453748,0.0010380049,0.0010490902,0.0010551445,0.0010671467,0.0010707118,0.0010590365,0.0010453747,0.0010380049,0.0010490902,0.0010551445,0.0010671467,0.0010707245,0.0,0.0,0.0010293147,0.0010103546,0.0010664272,0.0010890486,0.0010707128,0.0,0.0010453747,0.0010293147,0.0010198397,0.0010304387,0.001106183,0.0,0.0010590367,0.0,0.0010293147,0.0010103546,0.0010664272,0.0010778941,0.0010707208,0.0,0.0010453747,0.0010293147,0.0010198397,0.0010304387,0.0011061856,0.0,0.0010590365,0.0010453747,0.0010380049,0.0010490902,0.0010551445,0.0010671478,0.0010707121,0.0010590365,0.0010453747,0.0010380049,0.0010490902,0.0010551445,0.0010671467,0.0,0.0010590366,0.0010453747,0.0010380049,0.0010490902,0.0010551445,0.0010671465,0.0,0.0,0.0010453747,0.0010293147,0.0010198397,0.0010304387,0.0011061832,0.0010707139,0.0010590365,0.0,0.0,0.0010590367,0.0010590366,0.0010533709,0.0010707357,0.0,0.0010453747,0.0,0.0010590367,0.0010453747,0.0010664286,0.001070782,0.0,0.0010590367,0.0010453747,0.0010380049,0.0,0.0010590373,0.0,0.0010590365,0.0,0.0010293147,0.0010103546,0.0010664271,0.0010778966,0.0010707141,0.0,0.0010453747,0.0010293147,0.0010198398,0.0010304388,0.0011062077,0.0010707171,0.0,0.0,0.0010293147,0.0010103546,0.0010664272,0.0010890485,0.0,0.0010590367,0.0010453748,0.0010380049,0.0010490902,0.0010551445,0.0010671465,0.0010707438,0.0010590367,0.0010453747,0.0,0.0010590366,0.0010453747,0.0010380052,0.0010707127,0.0,0.0010453747,0.0010293146,0.0010198397,0.0010304387,0.0011061843,0.0010707136,0.0,0.0010453748,0.0010293147,0.0010198398,0.0010304388,0.0011061836,0.0,0.0010590367,0.0010590368,0.0010533704,0.0010647231,0.0,0.0009879213,0.0010707319,0.0,0.0010453747,0.0010293147,0.0010198397,0.0010304387,0.001106183,0.0010707156,0.0,0.0,0.0010293147,0.0010103546,0.0010664272,0.0010890496,0.0010707442,0.0010590365,0.0,0.0010293148,0.0010103543,0.0010664272,0.0010778976,0.0,0.0010590367,0.0010453747,0.0010380049,0.0010490902,0.0010551445,0.0010671467,0.0,0.0010590367,0.0,0.0010293147,0.0010103546,0.0010664272,0.0010778941,0.0,0.0010590367,0.0010453749,0.0010380049,0.0010490902,0.0010551445,0.0010671467,0.0010707186,0.0010590366,0.0010453748,0.001038005,0.0010490902,0.0010551445,0.0010671468,0.0,0.0,0.0,0.0010293147,0.0010103546,0.0010664272,0.0010890488,0.0010707115,0.0010590365,0.0,0.0010293147,0.0010103546,0.0010664272,0.0010778945,0.001070718,0.0010590367,0.0010453747,0.0010664272,0.0,0.0010293147,0.0010103547,0.0,0.0010590365,0.0010453747,0.0010380049,0.0010490902,0.0010551445,0.0010671472,0.0,0.0010590365,0.0010453747,0.0010380049,0.0010490902,0.0010551445,0.0010671467,0.0,0.0010590367,0.0010453747,0.0010380049,0.0010490902,0.0010551445,0.0010671483,0.0010707146,0.0010590365,0.0010453747,0.0010380049,0.0010490902,0.0010551445,0.0010671469,0.0,0.0,0.0010453747,0.0010293147,0.0010198397,0.0010304387,0.0011061833,0.0,0.0010590365,0.0010453747,0.0010380049,0.0010490902,0.0010551445,0.0010671467,0.001070865,0.0010590369,0.0010453748,0.0010380049,0.0010490902,0.0010551445,0.0010671484
k__Bacteria|p__Firmicutes|c__Bacilli|o__Bacillales|f__Staphylococcaceae|g__Staphylococcus|s__Staphylococcus_epidermidis,0.0,0.0010688456,0.0010555141,0.0010484197,0.0010596586,0.0010659219,0.0010779283,0.0,0.0010688457,0.0010555141,0.0010484197,0.0010596586,0.0010659219,0.0010779287,0.0,0.0,0.0010555122,0.0010397848,0.0010305968,0.001041394,0.0011152893,0.0010802159,0.0,0.0010555141,0.0010397865,0.0010305968,0.0010413942,0.0011152896,0.0,0.0,0.0010555141,0.0010397865,0.0010305968,0.0010413942,0.0011152896,0.0010801972,0.0010688457,0.0010555141,0.0010484197,0.0010596586,0.0010659219,0.0010779286,0.0019877877,0.0010688457,0.0010555142,0.0010484197,0.0010596586,0.0010659219,0.0010779288,0.0010801975,0.0010688457,0.0010555141,0.0010484197,0.0010596586,0.0010659219,0.0010779288,0.0017731945,0.0010688459,0.0010555143,0.0010484199,0.0010596586,0.0010659219,0.0010779288,0.0,0.0010688457,0.0010555141,0.0010484197,0.0010596586,0.0010659219,0.0010779286,0.0,0.0010688457,0.0,0.0010397865,0.0010211532,0.0010761556,0.0010876876,0.0,0.0010688457,0.0010555141,0.0010484197,0.0010596586,0.0010659219,0.0010779283,0.0,0.0019269682,0.0,0.0010397865,0.0010211532,0.0010761556,0.0010984676,0.0010802023,0.0010688457,0.0,0.0010397865,0.0010211532,0.0010761556,0.0010876865,0.0010802371,0.0,0.0,0.0010397864,0.0010211532,0.0010761556,0.0010984676,0.0010802117,0.0,0.0010555141,0.0,0.0010688457,0.0010555141,0.0010761556,0.0010801983,0.0,0.0,0.0010397865,0.0010211532,0.0010761556,0.0010984679,0.003269029,0.0010688455,0.0,0.0010397865,0.0010211532,0.0010761556,0.0010876876,0.0014603927,0.0,0.001055514,0.001068846,0.0,0.0010397865,0.0010688459,0.0010802029,0.0010688459,0.0,0.0010397864,0.0010211532,0.0010761556,0.0010876877,0.0,0.0,0.0010555143,0.0010397865,0.0010305968,0.0010413942,0.0011152897,0.0,0.0,0.0010555141,0.0,0.0010688457,0.0010555141,0.0010761553,0.0,0.0010688442,0.0,0.0010688459,0.0,0.0010688457,0.0010555142,0.0,0.0,0.001055511,0.0010397859,0.0010305969,0.0010413942,0.0011152889,0.0029686606,0.0010688343,0.0010688443,0.0010634396,0.0010749021,0.0,0.0009990004,0.0,0.0010688453,0.001055514,0.0,0.0010688456,0.0010555143,0.0010484197,0.0010801995,0.0010688457,0.0010555141,0.0,0.0010688457,0.0010555141,0.0010484201,0.0,0.0010688459,0.0010555142,0.0010484197,0.0010596586,0.0010659219,0.0010779285,0.0010801976,0.0010688457,0.0010555141,0.0010484197,0.0010596586,0.0010659219,0.0010779286,0.0010802109,0.0,0.0,0.0010397865,0.0010211532,0.0010761556,0.0010984677,0.0010801988,0.0,0.0010555141,0.0010397865,0.0010305968,0.0010413942,0.0011152894,0.0,0.0010688459,0.0,0.0010397865,0.0010211532,0.0010761556,0.0010876878,0.0010802024,0.0,0.0010555141,0.0010397865,0.0010305968,0.0010413942,0.0011152877,0.0,0.0010688457,0.0010555141,0.0010484197,0.0010596586,0.0010659219,0.0010779287,0.0010801981,0.0010688457,0.0010555141,0.0010484197,0.0010596586,0.0010659219,0.0010779286,0.0,0.0010688457,0.0010555143,0.0010484197,0.0010596586,0.0010659219,0.0010779283,0.0,0.0,0.0010555141,0.0010397865,0.0010305968,0.0010413942,0.0011152897,0.001080199,0.0010688457,0.0,0.0,0.0010688459,0.0010688457,0.00106344,0.0010802171,0.0,0.0010555141,0.0,0.0010688459,0.0010555141,0.0010761558,0.0010802655,0.0,0.0010688459,0.0010555143,0.0010484197,0.0,0.0010688459,0.0,0.0010688456,0.0,0.0010397865,0.0010211532,0.0010761555,0.0010876869,0.0010801995,0.0,0.0010555141,0.0010397865,0.0010305969,0.0010413943,0.0011152747,0.0010802011,0.0,0.0,0.0010397865,0.0010211532,0.0010761556,0.0010984679,0.0,0.0010688459,0.0010555142,0.0010484197,0.0010596586,0.0010659219,0.0010779287,0.0010802323,0.0010688457,0.0010555143,0.0,0.0010688456,0.0010555141,0.0010484199,0.0010801986,0.0,0.0010555143,0.0010397865,0.0010305968,0.0010413942,0.0011152888,0.0010801984,0.0,0.0010555142,0.0010397865,0.0010305969,0.0010413944,0.0011152886,0.0027696036,0.0010688457,0.001068846,0.00106344,0.0010749018,0.0,0.000999011,0.0010802166,0.0,0.0010555143,0.0010397865,0.0010305968,0.0010413942,0.0011152896,0.0010801996,0.0012789208,0.0,0.0010397865,0.0010211532,0.0010761556,0.0010984676,0.0010802357,0.0010688456,0.0025754462,0.0010397863,0.0010211526,0.0010761553,0.0010876873,0.002073961,0.0010688457,0.0010555143,0.0010484197,0.0010596586,0.0010659219,0.0010779286,0.0024233982,0.0010688453,0.0,0.0010397865,0.0010211532,0.0010761556,0.0010876878,0.0,0.0010688459,0.0010555143,0.0010484197,0.0010596586,0.0010659219,0.0010779285,0.0010802019,0.0010688457,0.0010555141,0.0010484199,0.0010596586,0.0010659219,0.0010779286,0.004465184,0.0,0.0024629738,0.0010397865,0.0010211532,0.0010761556,0.0010984681,0.0010801973,0.0010688457,0.0,0.0010397865,0.0010211532,0.0010761556,0.0010876877,0.0010802008,0.0010688457,0.0010555141,0.0010761556,0.0007566856,0.0010397865,0.0010211533,0.0,0.0010688457,0.0010555141,0.0010484197,0.0010596586,0.0010659219,0.0010779287,0.0024001694,0.0010688457,0.0010555141,0.0010484197,0.0010596586,0.0010659219,0.0010779286,0.0058378032,0.0010688454,0.0010555143,0.0010484197,0.0010596586,0.0010659219,0.0010779282,0.0010802001,0.0010688457,0.0010555141,0.0010484197,0.0010596586,0.0010659219,0.0010779286,0.0,0.0,0.0010555141,0.0010397865,0.0010305968,0.0010413942,0.0011152895,0.0,0.0010688457,0.0010555141,0.0010484197,0.0010596586,0.0010659219,0.0010779286,0.0010803058,0.0010688455,0.0010555141,0.0010484196,0.0010596586,0.0010659219,0.0010779281
k__Bacteria|p__Firmicutes|c__Clostridia|o__Eubacteriales|f__Lachnospiraceae|g__Lachnoanaerobaculum|s__Lachnoanaerobaculum_sp_ICM7,0.0,0.0010607594,0.0010470572,0.0010395914,0.0010504513,0.0010562942,0.0010681243,0.0,0.0010607598,0.0010470572,0.0010395914,0.0010504513,0.0010562942,0.0010681243,0.0,0.0,0.0010470639,0.0010309555,0.001021378,0.0010317528,0.001107477,0.0010725058,0.0,0.0010470572,0.0010309517,0.0010213774,0.0010317528,0.0011074761,0.0,0.0,0.0010470572,0.0010309517,0.0010213774,0.0010317528,0.0011074761,0.001072471,0.0010607596,0.0010470572,0.0010395914,0.0010504513,0.0010562942,0.0010681243,0.0,0.0010607603,0.0010470572,0.0010395914,0.0010504513,0.0010562942,0.0010681257,0.0010724711,0.0010607596,0.0010470572,0.0010395914,0.0010504513,0.0010562942,0.0010681243,0.0,0.0010607599,0.0010470581,0.0010395914,0.0010504513,0.0010562942,0.001068125,0.0,0.0010607598,0.0010470572,0.0010395914,0.0010504513,0.0010562942,0.0010681244,0.0,0.0010607598,0.0,0.0010309517,0.0010119409,0.0010680959,0.0010793377,0.0,0.0010607596,0.0010470572,0.0010395914,0.0010504513,0.0010562942,0.0010681251,0.0,0.0,0.0,0.0010309517,0.0010119409,0.0010680959,0.0010905259,0.0010724824,0.0010607598,0.0,0.0010309517,0.0010119409,0.0010680959,0.0010793459,0.0010725631,0.0,0.0,0.0010309521,0.0010119409,0.0010680959,0.0010905254,0.0010724986,0.0,0.0010470572,0.0,0.0010607596,0.0010470572,0.001068096,0.0010724743,0.0,0.0,0.0010309517,0.0010119409,0.0010680959,0.0010905236,0.0,0.0010607606,0.0,0.0010309517,0.0010119409,0.0010680959,0.0010793358,0.0,0.0,0.0010470579,0.0010607607,0.0,0.0010309517,0.0010607602,0.0010724878,0.0010607599,0.0,0.001030952,0.0010119409,0.0010680959,0.001079335,0.0,0.0,0.0010470572,0.0010309517,0.0010213774,0.0010317528,0.0011074768,0.0,0.0,0.0010470572,0.0,0.0010607596,0.0010470572,0.001068096,0.0,0.001060761,0.0,0.0010607599,0.0,0.0010607596,0.0010470574,0.0,0.0,0.0010470615,0.0010309527,0.0010213774,0.0010317528,0.0011074767,0.0,0.0010607745,0.0010607614,0.0010550005,0.0010661266,0.0,0.0009894344,0.0,0.0010607614,0.001047058,0.0,0.00106076,0.0010470572,0.0010395948,0.0010724755,0.0010607596,0.0010470572,0.0,0.0010607596,0.0010470572,0.001039593,0.0,0.0010607599,0.0010470573,0.0010395914,0.0010504513,0.0010562942,0.0010681243,0.0010724711,0.0010607596,0.0010470572,0.0010395914,0.0010504513,0.0010562942,0.0010681244,0.0010725042,0.0,0.0,0.0010309517,0.0010119409,0.0010680959,0.0010905236,0.0010724762,0.0,0.0010470572,0.0010309517,0.0010213774,0.0010317528,0.0011074768,0.0,0.0010607599,0.0,0.0010309517,0.0010119409,0.0010680959,0.0010793349,0.0010724898,0.0,0.0010470572,0.0010309517,0.0010213774,0.0010317528,0.0011074885,0.0,0.0010607596,0.0010470572,0.0010395914,0.0010504513,0.0010562942,0.0010681269,0.0010724717,0.0010607596,0.0010470572,0.0010395914,0.0010504513,0.0010562942,0.0010681243,0.0,0.00106076,0.0010470572,0.0010395914,0.0010504513,0.0010562942,0.0010681243,0.0,0.0,0.0010470572,0.0010309517,0.0010213774,0.0010317528,0.0011074764,0.0010724736,0.0010607596,0.0,0.0,0.0010607599,0.0010607598,0.001055001,0.0010725107,0.0,0.0010470573,0.0,0.0010607599,0.0010470572,0.0010681016,0.0010726129,0.0018256623,0.0010607599,0.0010470572,0.0010395914,0.0,0.0010607606,0.0,0.0010607596,0.0,0.0010309517,0.0010119409,0.0010680958,0.0010793454,0.0010724767,0.0,0.0010470572,0.0010309517,0.0010213774,0.0010317533,0.0011075634,0.0010724855,0.0,0.0,0.0010309517,0.0010119409,0.0010680959,0.0010905233,0.0,0.0010607599,0.0010470573,0.0010395914,0.0010504513,0.0010562942,0.0010681243,0.0010724872,0.0010607595,0.0010470572,0.0,0.0010607598,0.0010470572,0.0010395925,0.0010724738,0.0,0.0010470574,0.0010309521,0.0010213774,0.0010317528,0.0011074793,0.0010724746,0.0,0.0010470573,0.0010309519,0.0010213774,0.0010317528,0.0011074797,0.0,0.0010607599,0.00106076,0.0010550006,0.0010661267,0.0,0.0009894755,0.0010725111,0.0,0.0010470572,0.0010309517,0.0010213774,0.0010317528,0.0011074761,0.0010724762,0.0,0.0,0.0010309517,0.0010119409,0.0010680959,0.0010905253,0.0010725473,0.0010607603,0.0,0.0010309528,0.0010119411,0.0010680959,0.0010793462,0.0,0.0010607599,0.0010470572,0.0010395914,0.0010504513,0.0010562942,0.0010681243,0.0,0.0010607601,0.0,0.0010309517,0.0010119409,0.0010680959,0.0010793349,0.0,0.0010607599,0.0010470572,0.0010395914,0.0010504513,0.0010562942,0.0010681243,0.0010724895,0.0010607598,0.0010470576,0.0010395915,0.0010504513,0.0010562942,0.0010681249,0.0,0.0,0.0,0.0010309517,0.0010119409,0.0010680959,0.0010905244,0.0010724707,0.0010607596,0.0,0.0010309517,0.0010119409,0.0010680959,0.0010793366,0.0010724831,0.0010607599,0.0010470572,0.0010680959,0.0,0.0010309517,0.0010119409,0.0,0.0010607596,0.0010470572,0.0010395914,0.0010504513,0.0010562942,0.0010681258,0.0,0.0010607596,0.0010470572,0.0010395914,0.0010504513,0.0010562942,0.0010681247,0.0,0.00106076,0.0010470572,0.0010395914,0.0010504513,0.0010562942,0.0010681275,0.0010724802,0.0010607596,0.0010470572,0.0010395914,0.0010504513,0.0010562942,0.0010681251,0.0,0.0,0.0010470572,0.0010309517,0.0010213774,0.0010317528,0.0011074769,0.0,0.0010607596,0.0010470572,0.0010395914,0.0010504513,0.0010562942,0.0010681244,0.0010726829,0.0010607608,0.0010470572,0.0010395914,0.0010504513,0.0010562942,0.0010681283
k__Bacteria|p__Firmicutes|c__Clostridia|o__Eubacteriales|f__Lachnospiraceae|g__Lachnoanaerobaculum|s__Lachnoanaerobaculum_orale,0.0,0.0010622848,0.0010485953,0.0010411155,0.0010519008,0.0010576794,0.0010694425,0.0,0.0010622848,0.0010485953,0.0010411155,0.0010519008,0.0010576794,0.0010694425,0.0,0.0,0.0010486025,0.0010325048,0.0010229128,0.0010332172,0.001108773,0.0010739971,0.0,0.0010485953,0.0010325009,0.0010229124,0.0010332172,0.0011087726,0.0,0.0,0.0010485953,0.0010325009,0.0010229124,0.0010332172,0.0011087725,0.0010739822,0.0010622848,0.0010485953,0.0010411155,0.0010519008,0.0010576794,0.0010694425,0.0,0.0010622849,0.0010485954,0.0010411155,0.0010519008,0.0010576794,0.0010694427,0.0010739822,0.0010622848,0.0010485953,0.0010411155,0.0010519008,0.0010576794,0.0010694425,0.0,0.0010622849,0.0010485954,0.0010411156,0.0010519008,0.0010576794,0.0010694432,0.0,0.0010622848,0.0010485953,0.0010411155,0.0010519008,0.0010576794,0.0010694426,0.0,0.0010622848,0.0,0.0010325009,0.0010134983,0.0010695927,0.0010807498,0.0,0.0010622848,0.0010485953,0.0010411155,0.0010519008,0.0010576794,0.0010694433,0.0,0.0,0.0,0.0010325009,0.0010134983,0.0010695927,0.0010919202,0.0010739871,0.0010622848,0.0,0.0010325009,0.0010134983,0.0010695927,0.001080756,0.001074038,0.0,0.0,0.0010325011,0.0010134983,0.0010695927,0.0010919195,0.0010739975,0.0,0.0010485953,0.001160743,0.0010622848,0.0010485953,0.0010695927,0.0010739842,0.0,0.0,0.0010325009,0.0010134983,0.0010695927,0.0010919181,0.0,0.0010622859,0.0,0.0010325009,0.0010134983,0.0010695927,0.0010807491,0.0,0.0,0.0010485951,0.0010622859,0.0,0.0010325009,0.0010622849,0.001073996,0.0010622849,0.0,0.0010325009,0.0010134983,0.0010695927,0.0010807487,0.0,0.0,0.0010485954,0.0010325009,0.0010229124,0.0010332172,0.0011087727,0.0,0.0,0.0010485953,0.0,0.0010622848,0.0010485953,0.0010695928,0.0,0.0010622863,0.0,0.0010622849,0.0,0.0010622848,0.0010485954,0.0,0.0,0.0010486033,0.0010325026,0.0010229124,0.0010332172,0.0011087728,0.0,0.0010623097,0.001062287,0.0010565119,0.0010675589,0.0,0.0009909902,0.0,0.001062286,0.0010485955,0.0,0.001062285,0.0010485953,0.0010411172,0.0010739841,0.0010622848,0.0010485953,0.0014498465,0.0010622848,0.0010485953,0.0010411168,0.0,0.001062285,0.0010485954,0.0010411155,0.0010519008,0.0010576794,0.0010694425,0.0010739821,0.0010622848,0.0010485953,0.0010411155,0.0010519008,0.0010576794,0.0010694426,0.0010739978,0.0,0.0,0.0010325009,0.0010134983,0.0010695927,0.0010919181,0.001073987,0.0,0.0010485953,0.0010325009,0.0010229124,0.0010332172,0.0011087726,0.0,0.0010622849,0.0,0.0010325009,0.0010134983,0.0010695927,0.0010807486,0.0010739919,0.0,0.0010485953,0.0010325009,0.0010229124,0.0010332172,0.001108779,0.0,0.0010622848,0.0010485953,0.0010411155,0.0010519008,0.0010576794,0.0010694438,0.0010739827,0.0010622848,0.0010485953,0.0010411155,0.0010519008,0.0010576794,0.0010694425,0.0,0.0010622852,0.0010485953,0.0010411155,0.0010519008,0.0010576794,0.0010694425,0.0,0.0,0.0010485953,0.0010325009,0.0010229124,0.0010332172,0.0011087725,0.0010739833,0.0010622848,0.0,0.0,0.0010622849,0.0010622848,0.0010565121,0.0010739986,0.0,0.0010485952,0.0,0.0010622849,0.0010485953,0.0010695944,0.0010740667,0.0,0.001062285,0.0010485953,0.0010411155,0.0,0.0010622853,0.001457323,0.0010622847,0.0,0.0010325009,0.0010134983,0.0010695927,0.0010807526,0.0010739843,0.0,0.0010485953,0.0010325009,0.0010229124,0.0010332178,0.0011088334,0.001073988,0.0,0.0,0.0010325009,0.0010134983,0.0010695927,0.0010919177,0.0,0.0010622849,0.0010485954,0.0010411155,0.0010519008,0.0010576794,0.0010694425,0.0010739815,0.0010622849,0.0010485953,0.0,0.0010622849,0.0010485953,0.0010411165,0.0010739843,0.0,0.0010485953,0.001032501,0.0010229124,0.0010332172,0.0011087741,0.001073984,0.0,0.0010485954,0.0010325009,0.0010229124,0.0010332173,0.0011087736,0.0,0.0010622849,0.001062285,0.0010565119,0.0010675589,0.0,0.000991022,0.0010740065,0.0,0.0010485953,0.0010325009,0.0010229124,0.0010332172,0.0011087725,0.0010739855,0.0,0.0,0.0010325009,0.0010134983,0.0010695927,0.0010919196,0.0010740228,0.0010622855,0.0,0.0010325018,0.0010134984,0.0010695928,0.0010807547,0.0,0.001062285,0.0010485953,0.0010411155,0.0010519008,0.0010576794,0.0010694425,0.0,0.0010622852,0.0,0.0010325009,0.0010134983,0.0010695927,0.0010807486,0.0,0.0010622849,0.0010485954,0.0010411155,0.0010519008,0.0010576794,0.0010694425,0.001073992,0.0010622849,0.0010485954,0.0010411157,0.0010519008,0.0010576794,0.0010694427,0.0,0.0,0.0,0.0010325009,0.0010134983,0.0010695927,0.0010919184,0.0010739821,0.0010622848,0.0,0.0010325009,0.0010134983,0.0010695927,0.0010807497,0.0010739871,0.001062285,0.0010485953,0.0010695927,0.0,0.0010325009,0.0010134984,0.0,0.0010622848,0.0010485953,0.0010411155,0.0010519008,0.0010576794,0.0010694432,0.0,0.0010622848,0.0010485953,0.0010411155,0.0010519008,0.0010576794,0.0010694428,0.0,0.0010622854,0.0010485953,0.0010411155,0.0010519008,0.0010576794,0.0010694447,0.0010739889,0.0010622848,0.0010485953,0.0010411155,0.0010519008,0.0010576794,0.001069443,0.0,0.0,0.0010485953,0.0010325009,0.0010229124,0.0010332172,0.001108773,0.0,0.0010622848,0.0010485953,0.0010411155,0.0010519008,0.0010576794,0.0010694426,0.001074094,0.0010622857,0.0010485952,0.0010411156,0.0010519008,0.0010576794,0.0010694452
k__Bacteria|p__Firmicutes|c__Clostridia|o__Eubacteriales|f__Eubacteriales_unclassified|g__Evtepia|s__Evtepia_gabavorous,0.0,0.001059525,0.001045754,0.0010382137,0.0010489849,0.0010547333,0.0010665151,0.0,0.0010595248,0.001045754,0.0010382137,0.0010489849,0.0010547333,0.0010665151,0.0,0.0,0.0010457692,0.0010295899,0.0010199279,0.0010302063,0.0011062445,0.0010713129,0.0,0.001045754,0.0010295786,0.0010199273,0.0010302063,0.0011062445,0.0,0.0,0.0010457542,0.0010295786,0.0010199273,0.0010302063,0.0011062445,0.0010713021,0.0010595247,0.001045754,0.0010382137,0.0010489849,0.0010547333,0.0010665151,0.0,0.0010595252,0.0010457542,0.0010382137,0.0010489849,0.0010547333,0.0010665149,0.0010713023,0.0010595247,0.001045754,0.0010382137,0.0010489849,0.0010547333,0.0010665153,0.0,0.0010595252,0.0010457543,0.0010382141,0.0010489849,0.0010547333,0.0010665155,0.0019316563,0.0010595248,0.001045754,0.0010382137,0.0010489849,0.0010547333,0.0010665151,0.0,0.0010595248,0.0,0.0010295786,0.0010104968,0.00106686,0.0010780254,0.0,0.0010595247,0.001045754,0.0010382137,0.0010489849,0.0010547333,0.0010665148,0.0,0.0,0.0,0.0010295786,0.0010104968,0.00106686,0.001089288,0.0010713044,0.0010595248,0.0,0.0010295786,0.0010104968,0.00106686,0.0010780267,0.0010713263,0.0,0.0,0.0010295786,0.0010104968,0.00106686,0.0010892877,0.0010713112,0.0,0.0010457542,0.0,0.0010595247,0.001045754,0.0010668599,0.0010713036,0.0,0.0,0.0010295786,0.0010104968,0.00106686,0.0010892877,0.0,0.0010595262,0.0,0.0010295786,0.0010104968,0.00106686,0.0010780247,0.0,0.0,0.001045755,0.0010595262,0.0,0.0010295786,0.0010595248,0.0010713199,0.0010595252,0.0,0.0010295785,0.0010104968,0.00106686,0.0010780249,0.0,0.0,0.0010457542,0.0010295786,0.0010199273,0.0010302063,0.0011062447,0.0,0.0,0.001045754,0.0,0.0010595247,0.001045754,0.0010668599,0.0,0.0010595283,0.0,0.0010595248,0.0,0.0010595247,0.0010457542,0.0,0.0,0.0010457739,0.0010295815,0.0010199273,0.0010302063,0.0011062443,0.0,0.0010595681,0.0010595293,0.0010536953,0.0010647397,0.0,0.0009879103,0.0,0.0010595269,0.0010457549,0.0,0.0010595252,0.0010457543,0.001038215,0.0010713051,0.0010595247,0.001045754,0.0,0.0010595247,0.001045754,0.0010382143,0.0,0.0010595251,0.0010457542,0.0010382137,0.0010489849,0.0010547333,0.0010665151,0.0010713021,0.0010595247,0.001045754,0.0010382137,0.0010489849,0.0010547333,0.0010665151,0.001071314,0.0,0.0,0.0010295786,0.0010104968,0.00106686,0.0010892876,0.0010713055,0.0,0.001045754,0.0010295786,0.0010199273,0.0010302063,0.0011062446,0.0,0.0010595248,0.0,0.0010295786,0.0010104968,0.00106686,0.0010780249,0.0010713071,0.0,0.001045754,0.0010295786,0.0010199273,0.0010302063,0.0011062464,0.0,0.0010595247,0.001045754,0.0010382137,0.0010489849,0.0010547333,0.0010665153,0.0010713025,0.0010595247,0.001045754,0.0010382137,0.0010489849,0.0010547333,0.0010665151,0.0,0.0010595254,0.0010457543,0.0010382138,0.0010489849,0.0010547333,0.0010665151,0.0,0.0,0.001045754,0.0010295786,0.0010199273,0.0010302063,0.0011062446,0.0010713028,0.0010595247,0.0,0.0,0.0010595248,0.0010595248,0.0010536951,0.0010713162,0.0,0.0010457543,0.0,0.0010595248,0.0010457542,0.0010668606,0.0010713363,0.0,0.0010595251,0.0010457543,0.0010382137,0.0,0.0010595252,0.0,0.0010595246,0.0,0.0010295786,0.0010104968,0.0010668599,0.0010780253,0.0010713051,0.0,0.0010457542,0.0010295786,0.0010199273,0.0010302068,0.0011062546,0.0010713105,0.0,0.0,0.0010295786,0.0010104968,0.00106686,0.0010892877,0.0,0.0010595248,0.0010457542,0.0010382137,0.0010489849,0.0010547333,0.0010665151,0.0010712937,0.0010595248,0.0010457543,0.0,0.001059525,0.001045754,0.0010382145,0.0010713032,0.0,0.0010457543,0.0010295786,0.0010199273,0.0010302063,0.0011062444,0.0010713036,0.0,0.0010457541,0.0010295786,0.0010199273,0.0010302064,0.0011062446,0.0,0.0010595252,0.0010595252,0.0010536949,0.0010647395,0.0,0.0009879377,0.0010713185,0.0,0.0010457543,0.0010295786,0.0010199273,0.0010302063,0.0011062445,0.0010713042,0.0,0.0,0.0010295786,0.0010104968,0.00106686,0.0010892878,0.0010713218,0.0010595254,0.0,0.0010295794,0.0010104969,0.00106686,0.0010780271,0.0,0.001059525,0.0010457543,0.0010382137,0.0010489849,0.0010547333,0.0010665151,0.0,0.0010595261,0.0,0.0010295786,0.0010104968,0.00106686,0.0010780249,0.0,0.0010595251,0.0010457542,0.0010382137,0.0010489849,0.0010547333,0.0010665151,0.0010713065,0.001059525,0.0010457542,0.0010382141,0.0010489849,0.0010547333,0.001066515,0.0,0.0,0.0,0.0010295786,0.0010104968,0.00106686,0.001089288,0.0010713019,0.0010595247,0.0,0.0010295786,0.0010104968,0.00106686,0.0010780251,0.0010713082,0.0010595251,0.001045754,0.00106686,0.0,0.0010295786,0.0010104969,0.0,0.0010595247,0.001045754,0.0010382137,0.0010489849,0.0010547333,0.001066515,0.0,0.0010595247,0.001045754,0.0010382137,0.0010489849,0.0010547333,0.0010665151,0.0,0.0010595253,0.0010457543,0.0010382137,0.0010489849,0.0010547333,0.001066515,0.0010713066,0.0010595247,0.001045754,0.0010382137,0.0010489849,0.0010547333,0.0010665153,0.0,0.0,0.001045754,0.0010295786,0.0010199273,0.0010302063,0.0011062445,0.0,0.0010595247,0.001045754,0.0010382137,0.0010489849,0.0010547333,0.0010665151,0.0010713616,0.0010595263,0.0010457542,0.001038214,0.0010489849,0.0010547333,0.001066515
k__Bacteria|p__Firmicutes|c__Bacilli|o__Bacillales|f__Bacillales_unclassified|g__Gemella|s__Gemella_haemolysans,0.0,0.0010585766,0.0010450288,0.0010378362,0.0010492475,0.0010556193,0.0010678504,0.0,0.0010585766,0.0010450288,0.0010378362,0.0010492475,0.0010556193,0.0010678503,0.0,0.0,0.0010450418,0.0010290984,0.0010197993,0.0010307294,0.001106162,0.001070174,0.0,0.0010450288,0.0010290897,0.0010197983,0.0010307294,0.0011061615,0.0,0.0,0.0010450288,0.0010290897,0.0010197983,0.0010307294,0.0011061615,0.0010701445,0.0010585765,0.0010450288,0.0010378362,0.0010492475,0.0010556193,0.0010678503,0.0,0.0010585774,0.001045029,0.0010378362,0.0010492475,0.0010556193,0.0010678512,0.0010701446,0.0010585765,0.0010450288,0.0010378362,0.0010492475,0.0010556193,0.0010678504,0.0,0.0010585767,0.0010450295,0.0010378365,0.0010492475,0.0010556193,0.001067851,0.0,0.0010585766,0.0010450288,0.0010378362,0.0010492475,0.0010556193,0.0010678504,0.0,0.0010585766,0.0,0.0010290897,0.0010102568,0.0010660237,0.0010778058,0.0,0.0010585765,0.0010450288,0.0010378362,0.0010492475,0.0010556193,0.0010678509,0.0,0.0,0.0,0.0010290897,0.0010102568,0.001066024,0.0010888472,0.0010701534,0.0010585766,0.0,0.0010290897,0.0010102568,0.001066024,0.0010778119,0.0010702186,0.0,0.0,0.0010290898,0.0010102568,0.001066024,0.0010888464,0.0010701697,0.0,0.0010450288,0.0010447495,0.0010585765,0.0010450288,0.0010660238,0.0010701482,0.0,0.0,0.0010290897,0.0010102568,0.0010660237,0.0010888445,0.0,0.001058578,0.0,0.0010290897,0.0010102568,0.0010660237,0.001077804,0.0014176136,0.0,0.0010450296,0.0010585777,0.0,0.0010290897,0.0010585771,0.0010701685,0.0010585767,0.0,0.0010290897,0.0010102568,0.0010660237,0.0010778036,0.0,0.0,0.001045029,0.0010290897,0.0010197983,0.0010307294,0.0011061621,0.0,0.0,0.0010450288,0.0,0.0010585765,0.0010450288,0.0010660238,0.0,0.0010585798,0.0,0.0010585767,0.0,0.0010585765,0.0010450291,0.0,0.0,0.001045041,0.0010290924,0.0010197985,0.0010307294,0.0011061621,0.0018320341,0.0010586124,0.0010585804,0.0010530817,0.0010647537,0.0,0.0009879367,0.0,0.0010585791,0.0010450297,0.0,0.0010585767,0.0010450289,0.0010378393,0.0010701491,0.0010585765,0.0010450288,0.0,0.0010585765,0.0010450288,0.0010378379,0.0,0.0010585769,0.0010450289,0.0010378362,0.0010492475,0.0010556193,0.0010678504,0.0010701444,0.0010585765,0.0010450288,0.0010378362,0.0010492475,0.0010556193,0.0010678504,0.0010701746,0.0,0.0,0.0010290897,0.0010102568,0.0010660237,0.0010888441,0.0010701509,0.0,0.0010450288,0.0010290897,0.0010197983,0.0010307294,0.0011061617,0.0,0.0010585767,0.0,0.0010290897,0.0010102568,0.0010660237,0.0010778034,0.0010701596,0.0,0.0010450288,0.0010290897,0.0010197983,0.0010307294,0.0011061707,0.0,0.0010585765,0.0010450288,0.0010378362,0.0010492475,0.0010556193,0.0010678524,0.0010701449,0.0010585765,0.0010450288,0.0010378362,0.0010492475,0.0010556193,0.0010678503,0.0,0.0010585772,0.0010450289,0.0010378364,0.0010492475,0.0010556193,0.0010678504,0.0,0.0,0.0010450288,0.0010290897,0.0010197983,0.0010307294,0.0011061615,0.0010701469,0.0010585765,0.0,0.0,0.0010585767,0.0010585766,0.001053082,0.0010701792,0.0,0.0010450293,0.0,0.0010585767,0.0010450288,0.001066028,0.0010702574,0.0,0.0010585767,0.0010450289,0.0010378364,0.0,0.0010585776,0.0,0.0010585765,0.0,0.0010290897,0.0010102568,0.0010660237,0.0010778097,0.0010701498,0.0,0.0010450288,0.0010290897,0.0010197985,0.00103073,0.0011062351,0.0010701575,0.0,0.0,0.0010290897,0.0010102568,0.0010660237,0.0010888441,0.0,0.0010585767,0.0010450289,0.0010378362,0.0010492475,0.0010556193,0.0010678503,0.0010701488,0.0010585767,0.0010450289,0.0,0.0010585767,0.0010450288,0.0010378375,0.0010701475,0.0,0.0010450289,0.0010290899,0.0010197983,0.0010307294,0.001106164,0.0010701483,0.0,0.0010450289,0.0010290897,0.0010197985,0.0010307295,0.0011061638,0.0,0.0010585767,0.0010585769,0.0010530814,0.0010647536,0.0,0.0009879782,0.0010701866,0.0,0.0010450289,0.0010290897,0.0010197983,0.0010307294,0.0011061615,0.0010701503,0.0,0.0,0.0010290897,0.0010102568,0.001066024,0.0010888461,0.001070202,0.0010585774,0.0,0.0010290908,0.0010102569,0.001066024,0.001077813,0.0,0.0010585767,0.0010450289,0.0010378362,0.0010492475,0.0010556193,0.0010678503,0.0,0.0010585776,0.0,0.0010290897,0.0010102568,0.0010660237,0.0010778034,0.0,0.0010585767,0.001045029,0.0010378362,0.0010492475,0.0010556193,0.0010678504,0.0010701604,0.0010585766,0.001045029,0.0010378367,0.0010492475,0.0010556193,0.0010678505,0.0,0.0,0.0,0.0010290897,0.0010102568,0.0010660237,0.0010888451,0.0010701439,0.0010585765,0.0,0.0010290897,0.0010102568,0.0010660237,0.0010778047,0.001070157,0.0010585767,0.0010450288,0.0010660237,0.0,0.0010290897,0.001010257,0.0,0.0010585765,0.0010450288,0.0010378362,0.0010492475,0.0010556193,0.0010678513,0.0,0.0010585765,0.0010450288,0.0010378362,0.0010492475,0.0010556193,0.0010678505,0.0,0.0010585772,0.0010450289,0.0010378362,0.0010492475,0.0010556193,0.0010678525,0.0010701545,0.0010585765,0.0010450288,0.0010378364,0.0010492475,0.0010556193,0.0010678509,0.0,0.0,0.0010450288,0.0010290897,0.0010197983,0.0010307294,0.0011061619,0.0,0.0010585765,0.0010450288,0.0010378362,0.0010492475,0.0010556193,0.0010678504,0.001070315,0.0010585781,0.001045029,0.0010378365,0.0010492477,0.0010556193,0.0010678533
k__Bacteria|p__Firmicutes|c__Clostridia|o__Eubacteriales|f__Eubacteriaceae|g__Eubacterium|s__Eubacterium_ramulus,0.0,0.0010581148,0.001044433,0.0010370532,0.0010481519,0.001054214,0.001066235,0.0,0.0010581149,0.001044433,0.0010370532,0.0010481519,0.001054214,0.0010662348,0.0,0.0,0.0010444494,0.0010283623,0.0010188692,0.0010294771,0.0011053619,0.0010698426,0.0,0.001044433,0.0010283535,0.0010188682,0.0010294771,0.0011053608,0.0,0.0,0.001044433,0.0010283535,0.0010188682,0.0010294771,0.0011053608,0.0010698102,0.0010581149,0.001044433,0.0010370532,0.0010481519,0.001054214,0.0010662348,0.0,0.0010581157,0.0010444332,0.0010370532,0.0010481519,0.001054214,0.0010662351,0.0010698101,0.0010581149,0.001044433,0.0010370532,0.0010481519,0.001054214,0.0010662351,0.0,0.001058115,0.0010444337,0.0010370535,0.0010481519,0.001054214,0.0010662358,0.0,0.0010581149,0.001044433,0.0010370532,0.0010481519,0.001054214,0.0010662349,0.0,0.0010581149,0.0,0.0010283535,0.0010093746,0.0010655172,0.0010770063,0.0,0.0010581149,0.001044433,0.0010370532,0.0010481521,0.001054214,0.0010662356,0.0,0.0,0.0,0.0010283535,0.0010093746,0.0010655172,0.0010881866,0.0010698213,0.0010581149,0.0,0.0010283535,0.0010093746,0.0010655172,0.0010770177,0.0010699227,0.0,0.0,0.0010283536,0.0010093746,0.0010655172,0.0010881854,0.0010698414,0.0,0.001044433,0.0,0.0010581149,0.001044433,0.0010655173,0.0010698148,0.0,0.0,0.0010283535,0.0010093746,0.0010655172,0.0010881831,0.0,0.001058117,0.0,0.0010283535,0.0010093746,0.0010655172,0.0010770048,0.0,0.0,0.0010444333,0.0010581174,0.0,0.0010283535,0.001058115,0.00106984,0.0010581153,0.0,0.0010283533,0.0010093746,0.0010655172,0.0010770046,0.0,0.0,0.0010444332,0.0010283535,0.0010188682,0.0010294771,0.0011053614,0.0,0.0,0.001044433,0.0,0.0010581149,0.001044433,0.0010655172,0.0,0.0010581184,0.0,0.001058115,0.0,0.0010581149,0.0010444331,0.0,0.0,0.001044455,0.0010283567,0.0010188684,0.0010294771,0.0011053616,0.0,0.0010581726,0.0010581203,0.0010524403,0.0010638097,0.0,0.0009869079,0.0,0.0010581178,0.001044434,0.0,0.0010581153,0.0010444331,0.001037056,0.001069815,0.0010581149,0.001044433,0.0,0.0010581149,0.001044433,0.0010370548,0.0,0.001058115,0.0010444331,0.0010370532,0.0010481519,0.001054214,0.0010662349,0.0010698098,0.0010581149,0.001044433,0.0010370532,0.0010481519,0.001054214,0.0010662349,0.0010698474,0.0,0.0,0.0010283535,0.0010093746,0.0010655172,0.0010881829,0.0010698218,0.0,0.001044433,0.0010283535,0.0010188682,0.0010294771,0.001105361,0.0,0.001058115,0.0,0.0010283535,0.0010093746,0.0010655172,0.0010770045,0.0010698293,0.0,0.001044433,0.0010283535,0.0010188683,0.0010294771,0.001105374,0.0,0.0010581149,0.001044433,0.0010370532,0.0010481519,0.001054214,0.0010662369,0.0010698108,0.0010581149,0.001044433,0.0010370532,0.0010481519,0.001054214,0.0010662348,0.0,0.0010581155,0.0010444331,0.0010370534,0.0010481519,0.001054214,0.001066235,0.0,0.0,0.001044433,0.0010283535,0.0010188682,0.0010294771,0.0011053608,0.001069812,0.0010581149,0.0,0.0,0.001058115,0.0010581149,0.00105244,0.0010698449,0.0,0.001044433,0.0,0.001058115,0.001044433,0.0010655198,0.0010699676,0.0,0.001058115,0.0010444331,0.0010370534,0.0,0.0010581159,0.0,0.0010581148,0.0,0.0010283535,0.0010093746,0.0010655173,0.0010770109,0.001069816,0.0,0.001044433,0.0010283535,0.0010188684,0.0010294778,0.0011054734,0.0010698247,0.0,0.0,0.0010283535,0.0010093746,0.0010655172,0.001088183,0.0,0.001058115,0.0010444331,0.0010370532,0.0010481519,0.001054214,0.0010662348,0.0010698022,0.0010581149,0.0010444331,0.0,0.0010581148,0.001044433,0.0010370548,0.0010698148,0.0,0.0010444331,0.0010283532,0.0010188682,0.0010294771,0.0011053636,0.0010698143,0.0,0.0010444331,0.0010283535,0.0010188684,0.0010294772,0.0011053637,0.0,0.0010581152,0.0010581154,0.0010524398,0.0010638094,0.0,0.0009869523,0.001069862,0.0,0.0010444331,0.0010283535,0.0010188682,0.0010294771,0.0011053608,0.0010698164,0.0,0.0,0.0010283532,0.0010093746,0.0010655172,0.0010881855,0.0010698999,0.0010581166,0.0,0.0010283547,0.0010093752,0.0010655173,0.0010770152,0.0,0.0010581149,0.0010444331,0.0010370532,0.0010481519,0.001054214,0.0010662348,0.0,0.0010581157,0.0,0.0010283535,0.0010093746,0.0010655172,0.0010770045,0.0,0.0010581149,0.0010444332,0.0010370532,0.0010481519,0.001054214,0.0010662349,0.0010698308,0.0010581152,0.0010444331,0.0010370536,0.0010481519,0.001054214,0.0010662354,0.0,0.0,0.0,0.0010283535,0.0010093746,0.0010655172,0.0010881833,0.0010698095,0.0010581149,0.0,0.0010283535,0.0010093746,0.0010655172,0.001077006,0.0010698213,0.0010581149,0.001044433,0.0010655172,0.0,0.0010283535,0.0010093749,0.0,0.0010581149,0.001044433,0.0010370532,0.0010481519,0.001054214,0.001066236,0.0,0.0010581149,0.001044433,0.0010370532,0.0010481519,0.001054214,0.0010662352,0.0,0.0010581162,0.0010444331,0.0010370532,0.0010481519,0.001054214,0.0010662377,0.0010698257,0.0010581149,0.001044433,0.0010370534,0.0010481519,0.001054214,0.0010662357,0.0,0.0,0.001044433,0.0010283535,0.0010188683,0.0010294771,0.0011053615,0.0,0.0010581149,0.001044433,0.0010370532,0.0010481519,0.001054214,0.0010662349,0.0010699616,0.0010581168,0.0010444331,0.0010370532,0.0010481521,0.001054214,0.0010662385
k__Bacteria|p__Firmicutes|c__Bacilli|o__Lactobacillales|f__Enterococcaceae|g__Enterococcus|s__Enterococcus_hirae,0.0,0.0010645817,0.0010509703,0.0010435564,0.0010543801,0.0010602097,0.0010719755,0.0,0.0010645817,0.0010509703,0.0010435564,0.0010543801,0.0010602097,0.0010719756,0.0,0.0,0.0010509843,0.0010349645,0.0010254347,0.001035788,0.0011109081,0.0010762293,0.0,0.0010509703,0.0010349546,0.0010254344,0.001035788,0.0011109079,0.0,0.0,0.0010509703,0.0010349546,0.0010254344,0.001035788,0.001110908,0.0010762024,0.0010645816,0.0010509703,0.0010435564,0.0010543801,0.0010602097,0.0010719756,0.0,0.0010645823,0.0010509704,0.0010435564,0.0010543801,0.0010602097,0.0010719758,0.0010762025,0.0010645816,0.0010509703,0.0010435564,0.0010543801,0.0010602097,0.0010719756,0.0064840117,0.0010645818,0.0010509707,0.0010435567,0.0010543801,0.0010602097,0.001071976,0.0,0.0010645817,0.0010509703,0.0010435564,0.0010543801,0.0010602097,0.0010719756,0.0,0.0010645817,0.0,0.0010349546,0.0010160294,0.001071871,0.0010830457,0.0,0.0010645816,0.0010509703,0.0010435564,0.0010543801,0.0010602097,0.0010719753,0.0,0.0,0.0,0.0010349546,0.0010160294,0.001071871,0.0010941258,0.0010762095,0.0010645817,0.0,0.0010349546,0.0010160294,0.001071871,0.001083047,0.0010762481,0.0,0.0,0.0010349548,0.0010160294,0.001071871,0.0010941254,0.0010762205,0.0,0.0010509703,0.035862297,0.0010645816,0.0010509703,0.0010718711,0.0010762044,0.0,0.0,0.0010349546,0.0010160294,0.001071871,0.0010941253,0.0,0.0010645826,0.0,0.0010349546,0.0010160294,0.001071871,0.0010830446,0.0,0.0,0.0010509713,0.0010645828,0.0,0.0010349546,0.0010645818,0.0010762234,0.0010645818,0.04261446,0.0010349546,0.0010160294,0.001071871,0.0010830447,0.0,0.0,0.0010509704,0.0010349546,0.0010254344,0.001035788,0.001110908,0.0,0.0,0.0010509703,0.0,0.0010645816,0.0010509703,0.001071871,0.0,0.0010645845,0.0,0.0010645818,0.0,0.0010645816,0.0010509704,0.0,0.0,0.0010509883,0.0010349569,0.0010254344,0.001035788,0.001110908,0.0,0.0010646128,0.0010645849,0.0010588713,0.001069946,0.0,0.0009935936,0.0,0.0010645832,0.001050971,0.0,0.0010645818,0.0010509704,0.0010435581,0.0010762089,0.0010645816,0.0010509703,0.0,0.0010645816,0.0010509703,0.0010435568,0.0,0.0010645819,0.0010509704,0.0010435564,0.0010543801,0.0010602097,0.0010719757,0.0010762025,0.0010645816,0.0010509703,0.0010435564,0.0010543801,0.0010602097,0.0010719756,0.0010762233,0.0,0.0,0.0010349546,0.0010160294,0.001071871,0.0010941253,0.0010762061,0.0,0.0010509703,0.0010349546,0.0010254344,0.001035788,0.0011109078,0.0,0.0010645818,0.0,0.0010349546,0.0010160294,0.001071871,0.0010830446,0.0010762132,0.0,0.0010509703,0.0010349546,0.0010254344,0.001035788,0.0011109099,0.0,0.0010645816,0.0010509703,0.0010435564,0.0010543801,0.0010602097,0.0010719759,0.0010762033,0.0010645816,0.0010509703,0.0010435564,0.0010543801,0.0010602097,0.0010719756,0.0,0.0010645819,0.0010509704,0.0010435564,0.0010543801,0.0010602097,0.0010719755,0.0,0.0,0.0010509703,0.0010349546,0.0010254344,0.001035788,0.001110908,0.0010762042,0.0010645816,0.0,0.0,0.0010645818,0.0010645817,0.0010588712,0.00107623,0.0,0.0010509705,0.0,0.0010645818,0.0010509703,0.0010718725,0.0010762733,0.0,0.0010645818,0.0010509704,0.0010435564,0.0,0.0010645818,0.0,0.0010645816,0.0,0.0010349546,0.0010160294,0.0010718711,0.0010830463,0.0010762076,0.0,0.0010509703,0.0010349546,0.0010254341,0.0010357882,0.0011109256,0.0010762162,0.0,0.0,0.0010349546,0.0010160294,0.001071871,0.0010941253,0.0,0.0010645818,0.0010509704,0.0010435564,0.0010543801,0.0010602097,0.0010719756,0.0010762253,0.0010645818,0.0010509704,0.0,0.0010645818,0.0010509703,0.0010435574,0.001076204,0.0,0.0010509704,0.0010349548,0.0010254344,0.001035788,0.0011109083,0.0010762049,0.0,0.0010509704,0.0010349546,0.0010254341,0.001035788,0.001110908,0.0,0.0010645818,0.0010645819,0.0010588708,0.0010699459,0.0,0.000993626,0.0010762261,0.0,0.0010509704,0.0010349546,0.0010254344,0.001035788,0.001110908,0.0010762061,0.0,0.0,0.0010349546,0.0010160294,0.001071871,0.0010941257,0.0010762522,0.001064582,0.0,0.0010349553,0.0010160295,0.0010718711,0.0010830476,0.0,0.0010645818,0.0010509704,0.0010435564,0.0010543801,0.0010602097,0.0010719756,0.0,0.0010645826,0.0,0.0010349546,0.0010160294,0.001071871,0.0010830446,0.0,0.0010645818,0.0010509704,0.0010435564,0.0010543801,0.0010602097,0.0010719757,0.0010762097,0.0010645817,0.0010509703,0.0010435566,0.0010543801,0.0010602097,0.0010719756,0.0,0.0,0.0,0.0010349546,0.0010160294,0.001071871,0.0010941252,0.0010762024,0.0010645816,0.0,0.0010349546,0.0010160294,0.001071871,0.0010830447,0.0010762106,0.0010645818,0.0010509703,0.001071871,0.01295633,0.0010349546,0.0010160295,0.0,0.0010645816,0.0010509703,0.0010435564,0.0010543801,0.0010602097,0.0010719758,0.0,0.0010645816,0.0010509703,0.0010435564,0.0010543801,0.0010602097,0.0010719755,0.0,0.0010645819,0.0010509704,0.0010435564,0.0010543801,0.0010602097,0.001071976,0.0010762087,0.0010645816,0.0010509703,0.0010435564,0.0010543801,0.0010602097,0.0010719757,0.0015057569,0.0,0.0010509703,0.0010349546,0.0010254344,0.001035788,0.0011109078,0.0,0.0010645816,0.0010509703,0.0010435564,0.0010543801,0.0010602097,0.0010719756,0.0010763475,0.0010645827,0.0010509703,0.0010435565,0.0010543801,0.0010602097,0.0010719765
k__Bacteria|p__Firmicutes|c__Bacilli|o__Lactobacillales|f__Streptococcaceae|g__Streptococcus|s__Streptococcus_SGB4454,0.0,0.0010623261,0.0010486456,0.0010411782,0.0010519836,0.0010577822,0.0010695594,0.0,0.0010623261,0.0010486456,0.0010411782,0.0010519836,0.0010577822,0.001069559,0.0,0.0,0.0010486592,0.0010325684,0.0010229856,0.0010333108,0.0011088359,0.0010740561,0.0,0.0010486456,0.0010325605,0.0010229849,0.0010333108,0.0011088346,0.0,0.0,0.0010486456,0.0010325605,0.0010229849,0.0010333108,0.0011088346,0.0010740149,0.001062326,0.0010486456,0.0010411782,0.0010519836,0.0010577822,0.0010695589,0.0,0.0010623267,0.0010486457,0.0010411782,0.0010519836,0.0010577822,0.0010695605,0.001074015,0.001062326,0.0010486456,0.0010411782,0.0010519836,0.0010577822,0.0010695594,0.0,0.0010623264,0.0010486468,0.0010411785,0.0010519836,0.0010577822,0.0010695598,0.0,0.0010623261,0.0010486456,0.0010411782,0.0010519836,0.0010577822,0.001069559,0.0,0.0010623261,0.0015662545,0.0010325605,0.0010135673,0.0010696368,0.0010808145,0.0,0.001062326,0.0010486456,0.0010411781,0.0010519836,0.0010577822,0.0010695601,0.0,0.0,0.0,0.0010325605,0.0010135673,0.0010696368,0.0010919743,0.0010740279,0.0010623261,0.0,0.0010325605,0.0010135673,0.0010696368,0.0010808237,0.0010741072,0.0,0.0,0.0010325608,0.0010135679,0.0010696368,0.0010919735,0.0010740461,0.0,0.0010486456,0.0,0.001062326,0.0010486456,0.0010696369,0.0010740185,0.0,0.0,0.0010325605,0.0010135673,0.0010696368,0.0010919716,0.0,0.0010623273,0.0,0.0010325605,0.0010135673,0.0010696368,0.0010808124,0.0,0.0,0.0010486466,0.0010623275,0.0,0.0010325605,0.0010623265,0.0010740377,0.0010623264,0.0,0.0010325605,0.0010135679,0.0010696368,0.0010808118,0.0,0.0,0.0010486457,0.0010325605,0.0010229849,0.0010333108,0.001108835,0.0,0.0,0.0010486456,0.0,0.001062326,0.0010486456,0.0010696367,0.0,0.001062329,0.0,0.0010623262,0.0,0.001062326,0.0010486457,0.0,0.0,0.0010486598,0.0010325623,0.001022985,0.0010333108,0.0011088355,0.0,0.0010623586,0.0010623296,0.0010565654,0.0010676318,0.0,0.0009910791,0.0,0.0010623283,0.0010486463,0.0,0.0010623264,0.0010486456,0.0010411822,0.0010740225,0.001062326,0.0010486456,0.0,0.001062326,0.0010486456,0.0010411798,0.0,0.0010623264,0.0010486457,0.0010411781,0.0010519836,0.0010577822,0.0010695593,0.001074015,0.001062326,0.0010486456,0.0010411782,0.0010519836,0.0010577822,0.001069559,0.0010740501,0.0,0.0,0.0010325605,0.0010135673,0.0010696368,0.0010919716,0.0010740214,0.0,0.0010486456,0.0010325605,0.0010229849,0.0010333108,0.0011088351,0.0,0.0010623262,0.0,0.0010325605,0.0010135673,0.0010696368,0.0010808117,0.0010740367,0.0,0.0010486456,0.0010325605,0.0010229849,0.0010333108,0.0011088483,0.0,0.001062326,0.0010486456,0.0010411782,0.0010519836,0.0010577822,0.0010695616,0.0010740159,0.001062326,0.0010486456,0.0010411782,0.0010519836,0.0010577822,0.0010695589,0.0,0.0010623264,0.0010486456,0.0010411781,0.0010519836,0.0010577822,0.0010695594,0.0,0.0,0.0010486456,0.0010325605,0.0010229849,0.0010333108,0.001108835,0.0010740174,0.001062326,0.0,0.0,0.0010623262,0.0010623261,0.0010565654,0.001074057,0.0,0.0010486457,0.0,0.0010623262,0.0010486456,0.0010696432,0.0010741587,0.0,0.0010623262,0.0010486456,0.0010411784,0.0,0.001062327,0.0,0.001062326,0.0,0.0010325605,0.0010135673,0.0010696369,0.0010808236,0.0010740219,0.0,0.0010486456,0.0010325605,0.001022985,0.0010333112,0.0011089328,0.0010740325,0.0,0.0,0.0010325605,0.0010135673,0.0010696368,0.0010919714,0.0,0.0010623262,0.0010486457,0.0010411782,0.0010519836,0.0010577822,0.001069559,0.0010740348,0.0010623261,0.0010486456,0.0,0.0010623262,0.0010486456,0.0010411801,0.0010740182,0.0,0.0010486456,0.0010325607,0.0010229849,0.0010333108,0.0011088382,0.0010740191,0.0,0.0010486457,0.0010325604,0.001022985,0.0010333109,0.0011088381,0.0,0.0010623261,0.0010623264,0.001056565,0.0010676319,0.0,0.0009911273,0.0010740537,0.0,0.0010486456,0.0010325605,0.0010229849,0.0010333108,0.0011088346,0.001074021,0.0012944058,0.0,0.0010325605,0.0010135673,0.0010696368,0.0010919736,0.0010741026,0.001062327,0.0,0.0010325615,0.001013568,0.0010696368,0.0010808231,0.0,0.0010623262,0.0010486456,0.0010411781,0.0010519836,0.0010577822,0.0010695589,0.0,0.001062327,0.0,0.0010325605,0.0010135673,0.0010696368,0.0010808117,0.0,0.0010623262,0.0010486457,0.0010411784,0.0010519836,0.0010577822,0.0010695594,0.0010740344,0.0010623261,0.0010486456,0.0010411786,0.0010519837,0.0010577822,0.0010695597,0.0,0.0,0.00224081,0.0010325605,0.0010135673,0.0010696368,0.0010919722,0.0010740146,0.001062326,0.0,0.0010325605,0.0010135673,0.0010696368,0.0010808132,0.0010740274,0.0010623262,0.0010486456,0.0010696368,0.0,0.0010325605,0.0010135679,0.0006362054,0.001062326,0.0010486456,0.0010411781,0.0010519836,0.0010577822,0.0010695608,0.0,0.001062326,0.0010486456,0.0010411784,0.0010519836,0.0010577822,0.0010695597,0.0,0.0010623266,0.0010486456,0.0010411781,0.0010519837,0.0010577822,0.0010695627,0.0010740258,0.001062326,0.0010486456,0.0010411781,0.0010519836,0.0010577822,0.0010695597,0.0018717549,0.0,0.0010486456,0.0010325605,0.0010229849,0.0010333108,0.0011088353,0.0,0.001062326,0.0010486456,0.0010411782,0.0010519836,0.0010577822,0.001069559,0.001074231,0.0010623275,0.0010486456,0.0010411781,0.0010519836,0.0010577822,0.0010695637
k__Bacteria|p__Firmicutes|c__Clostridia|o__Eubacteriales|f__Oscillospiraceae|g__Dysosmobacter|s__Dysosmobacter_welbionis,0.0,0.0010613716,0.0010477551,0.0010404022,0.0010514397,0.0010574604,0.001069406,0.0,0.0010613718,0.0010477551,0.0010404022,0.0010514397,0.0010574604,0.0010694059,0.0,0.0,0.0010477736,0.001031752,0.0010222825,0.0010328413,0.0011082496,0.0010730342,0.0,0.0010477551,0.0010317393,0.0010222819,0.0010328413,0.0011082488,0.0,0.0,0.0010477555,0.0010317393,0.0010222819,0.0010328413,0.001108249,0.0010730015,0.0010613716,0.0010477551,0.0010404022,0.0010514397,0.0010574604,0.001069406,0.0,0.0010613727,0.0010477556,0.0010404022,0.0010514397,0.0010574604,0.0010694066,0.0010730012,0.0010613716,0.0010477551,0.0010404022,0.0010514397,0.0010574604,0.001069406,0.0,0.0010613721,0.001047756,0.0010404026,0.0010514397,0.0010574604,0.0010694063,0.0,0.0010613718,0.0010477551,0.0010404022,0.0010514397,0.0010574604,0.001069406,0.0,0.0010613718,0.0,0.0010317393,0.0010128198,0.0010687296,0.0010801342,0.0,0.0010613716,0.0010477551,0.0010404025,0.0010514397,0.0010574604,0.0010694063,0.0,0.0,0.0,0.0010317393,0.0010128198,0.0010687296,0.0010912326,0.0010730095,0.0010613718,0.0,0.0010317393,0.0010128198,0.0010687296,0.0010801392,0.0010730674,0.0,0.0,0.0010317394,0.0010128198,0.0010687296,0.001091232,0.0010730239,0.0,0.0010477551,0.0,0.0010613716,0.0010477551,0.0010687296,0.0010730041,0.0,0.0,0.0010317393,0.0010128198,0.0010687296,0.0010912312,0.0,0.0010613735,0.0,0.0010317393,0.0010128198,0.0010687296,0.0010801323,0.0,0.0,0.001047757,0.0010613734,0.0,0.0010317393,0.0010613718,0.0010730285,0.0010613721,0.0,0.0010317393,0.0010128198,0.0010687296,0.0010801323,0.0,0.0,0.0010477556,0.0010317393,0.0010222819,0.0010328413,0.0011082494,0.0,0.0,0.0010477551,0.0,0.0010613716,0.0010477551,0.0010687296,0.0,0.0010613768,0.0,0.0010613719,0.0,0.0010613716,0.0010477552,0.0,0.0,0.0010477795,0.0010317427,0.0010222819,0.0010328413,0.0011082495,0.0,0.0010614123,0.0010613766,0.0010557219,0.0010670177,0.0,0.0009904053,0.0,0.0010613747,0.0010477565,0.0,0.0010613722,0.0010477552,0.0010404055,0.0010730086,0.0010613716,0.0010477551,0.0,0.0010613716,0.0010477551,0.0010404033,0.0,0.0010613719,0.0010477552,0.0010404025,0.0010514397,0.0010574604,0.0010694059,0.0010730013,0.0010613716,0.0010477551,0.0010404022,0.0010514397,0.0010574604,0.001069406,0.0010730298,0.0,0.0,0.0010317393,0.0010128198,0.0010687296,0.001091231,0.0010730061,0.0,0.0010477551,0.0010317393,0.0010222819,0.0010328413,0.0011082492,0.0,0.0010613719,0.0,0.0010317393,0.0010128198,0.0010687296,0.0010801322,0.0010730164,0.0,0.0010477551,0.0010317393,0.0010222819,0.0010328413,0.001108256,0.0,0.0010613716,0.0010477551,0.0010404022,0.0010514397,0.0010574604,0.0010694074,0.001073002,0.0010613716,0.0010477551,0.0010404022,0.0010514397,0.0010574604,0.001069406,0.0,0.0010613725,0.0010477555,0.0010404025,0.0010514397,0.0010574604,0.001069406,0.0,0.0,0.0010477551,0.0010317393,0.0010222819,0.0010328413,0.0011082491,0.0010730029,0.0010613716,0.0,0.0,0.0010613719,0.0010613718,0.0010557215,0.0010730338,0.0,0.0010477555,0.0,0.0010613719,0.0010477551,0.0010687334,0.001073102,0.0,0.001061372,0.0010477552,0.0010404025,0.0,0.0010613723,0.0,0.0010613716,0.0,0.0010317393,0.0010128198,0.0010687297,0.0010801388,0.0010730077,0.0,0.0010477551,0.0010317393,0.0010222819,0.001032842,0.0011083016,0.0010730207,0.0,0.0,0.0010317393,0.0010128198,0.0010687296,0.0010912309,0.0,0.0010613719,0.0010477552,0.0010404022,0.0010514397,0.0010574604,0.0010694059,0.0010730054,0.0010613721,0.0010477552,0.0,0.0010613716,0.0010477551,0.0010404035,0.0010730032,0.0,0.0010477555,0.0010317394,0.0010222819,0.0010328413,0.0011082507,0.0010730048,0.0,0.0010477552,0.0010317392,0.0010222819,0.0010328415,0.0011082508,0.0,0.0010613721,0.0010613721,0.0010557212,0.0010670178,0.0,0.0009904504,0.0010730327,0.0,0.0010477552,0.0010317393,0.0010222819,0.0010328413,0.001108249,0.0010730056,0.0,0.0,0.0010317393,0.0010128198,0.0010687296,0.0010912322,0.001073066,0.0010613729,0.0,0.0010317405,0.0010128205,0.0010687299,0.0010801395,0.0,0.0010613718,0.0010477552,0.0010404025,0.0010514397,0.0010574604,0.001069406,0.0,0.0010613734,0.0,0.0010317393,0.0010128198,0.0010687296,0.0010801322,0.0,0.001061372,0.0010477556,0.0010404025,0.0010514397,0.0010574604,0.0010694062,0.0010730135,0.0010613719,0.0010477555,0.0010404026,0.0010514397,0.0010574604,0.0010694065,0.0,0.0,0.0,0.0010317393,0.0010128198,0.0010687296,0.0010912315,0.0010730011,0.0010613716,0.0,0.0010317393,0.0010128198,0.0010687296,0.0010801329,0.0010730133,0.0010613718,0.0010477551,0.0010687296,0.0,0.0010317393,0.0010128202,0.0,0.0010613716,0.0010477551,0.0010404025,0.0010514397,0.0010574604,0.0010694067,0.0,0.0010613716,0.0010477551,0.0010404025,0.0010514397,0.0010574604,0.0010694063,0.0,0.0010613725,0.0010477552,0.0010404025,0.0010514397,0.0010574604,0.001069408,0.0010730095,0.0010613716,0.0010477551,0.0010404025,0.0010514397,0.0010574604,0.0010694065,0.0,0.0,0.0010477551,0.0010317393,0.0010222819,0.0010328413,0.0011082494,0.0,0.0010613716,0.0010477551,0.0010404022,0.0010514397,0.0010574604,0.001069406,0.0010731794,0.0010613737,0.0010477555,0.0010404023,0.0010514397,0.0010574604,0.0010694086
k__Bacteria|p__Firmicutes|c__CFGB2107|o__OFGB2107|f__FGB2107|g__GGB6020|s__GGB6020_SGB14985,0.0,0.0010615593,0.0010478752,0.0010404183,0.001051268,0.0010571054,0.0010689202,0.0,0.0010615595,0.0010478752,0.0010404183,0.001051268,0.0010571054,0.0010689202,0.0,0.0,0.0010478896,0.0010317952,0.001022223,0.0010325905,0.0011081921,0.0010733068,0.0,0.0010478752,0.0010317873,0.0010222226,0.0010325905,0.0011081911,0.0,0.0,0.0010478752,0.0010317873,0.0010222226,0.0010325905,0.0011081912,0.0010732532,0.0010615594,0.0010478752,0.0010404183,0.001051268,0.0010571054,0.0010689201,0.0,0.0010615605,0.0010478752,0.0010404183,0.001051268,0.0010571054,0.0010689211,0.0010732533,0.0010615594,0.0010478752,0.0010404183,0.001051268,0.0010571054,0.00106892,0.0,0.0010615599,0.001047876,0.0010404187,0.001051268,0.0010571054,0.001068921,0.0,0.0010615595,0.0010478752,0.0010404183,0.001051268,0.0010571054,0.0010689202,0.0,0.0010615595,0.0,0.0010317873,0.0010127929,0.0010688857,0.0010801104,0.0,0.0010615594,0.0010478752,0.0010404182,0.001051268,0.0010571054,0.0010689205,0.0,0.0,0.0,0.0010317873,0.0010127929,0.0010688857,0.0010912769,0.0010732699,0.0010615595,0.0,0.0010317873,0.0010127929,0.0010688857,0.0010801193,0.0010733816,0.0,0.0,0.0010317874,0.0010127929,0.0010688857,0.0010912766,0.0010732942,0.0,0.0010478752,0.0,0.0010615594,0.0010478752,0.0010688856,0.0010732581,0.0,0.0,0.0010317873,0.0010127929,0.0010688857,0.0010912756,0.0,0.0010615613,0.0,0.0010317873,0.0010127929,0.0010688857,0.0010801089,0.0,0.0,0.0010478758,0.0010615614,0.0,0.0010317873,0.0010615599,0.0010732814,0.0010615599,0.0,0.0010317873,0.0010127929,0.0010688857,0.0010801083,0.0,0.0,0.0010478752,0.0010317873,0.0010222226,0.0010325905,0.0011081916,0.0,0.0,0.0010478752,0.0,0.0010615594,0.0010478752,0.0010688854,0.0,0.0010615615,0.0,0.0010615597,0.0,0.0010615594,0.0010478752,0.0,0.0,0.0010478903,0.0010317893,0.0010222226,0.0010325905,0.0011081913,0.0,0.0010616044,0.001061564,0.0010558094,0.0010669217,0.0,0.0009903011,0.0,0.001061562,0.0010478758,0.0,0.00106156,0.0010478752,0.0010404215,0.0010732611,0.0010615594,0.0010478752,0.0,0.0010615594,0.0010478752,0.0010404194,0.0,0.00106156,0.0010478752,0.0010404182,0.001051268,0.0010571054,0.0010689201,0.001073253,0.0010615594,0.0010478752,0.0010404183,0.001051268,0.0010571054,0.0010689202,0.0010733013,0.0,0.0,0.0010317873,0.0010127929,0.0010688857,0.0010912752,0.0010732638,0.0,0.0010478752,0.0010317873,0.0010222226,0.0010325905,0.0011081914,0.0,0.0010615597,0.0,0.0010317873,0.0010127929,0.0010688857,0.0010801086,0.0010732799,0.0,0.0010478752,0.0010317873,0.0010222226,0.0010325905,0.001108202,0.0,0.0010615594,0.0010478752,0.0010404183,0.001051268,0.0010571054,0.0010689222,0.0010732545,0.0010615594,0.0010478752,0.0010404183,0.001051268,0.0010571054,0.0010689201,0.0,0.0010615601,0.0010478752,0.0010404182,0.001051268,0.0010571054,0.0010689202,0.0,0.0,0.0010478752,0.0010317873,0.0010222226,0.0010325905,0.0011081912,0.0010732566,0.0010615594,0.0,0.0,0.0010615597,0.0010615595,0.0010558093,0.0010733074,0.0,0.0010478753,0.0,0.0010615597,0.0010478752,0.0010688895,0.0010734458,0.0,0.0010615597,0.0010478752,0.0010404182,0.0,0.0010615604,0.0,0.0010615594,0.0,0.0010317873,0.0010127929,0.0010688854,0.0010801173,0.0010732615,0.0,0.0010478752,0.0010317873,0.0010222226,0.0010325912,0.0011082672,0.001073272,0.0,0.0,0.0010317873,0.0010127929,0.0010688857,0.0010912752,0.0,0.0010615597,0.0010478752,0.0010404183,0.001051268,0.0010571054,0.0010689202,0.0010732843,0.0010615599,0.0010478752,0.0,0.0010615594,0.0010478752,0.0010404199,0.0010732579,0.0,0.0010478752,0.0010317874,0.0010222226,0.0010325905,0.001108193,0.0010732583,0.0,0.0010478752,0.0010317873,0.0010222226,0.0010325905,0.0011081939,0.0,0.0010615597,0.0010615599,0.001055809,0.0010669216,0.0,0.0009903394,0.0010733145,0.0,0.0010478752,0.0010317873,0.0010222226,0.0010325905,0.0011081912,0.0010732599,0.0,0.0,0.0010317873,0.0010127929,0.0010688857,0.0010912764,0.0010733716,0.0010615609,0.0,0.0010317886,0.001012793,0.0010688856,0.0010801178,0.0,0.0010615595,0.0010478752,0.0010404182,0.001051268,0.0010571054,0.0010689201,0.0,0.0010615601,0.0,0.0010317873,0.0010127929,0.0010688857,0.0010801086,0.0,0.0010615597,0.0010478752,0.0010404182,0.001051268,0.0010571054,0.0010689201,0.0010732765,0.0010615598,0.0010478754,0.0010404187,0.001051268,0.0010571054,0.0010689206,0.0,0.0,0.0,0.0010317873,0.0010127929,0.0010688857,0.0010912758,0.0010732528,0.0010615594,0.0,0.0010317873,0.0010127929,0.0010688857,0.0010801097,0.0010732684,0.0010615595,0.0010478752,0.0010688857,0.0,0.0010317873,0.0010127932,0.0,0.0010615594,0.0010478752,0.0010404182,0.001051268,0.0010571054,0.0010689212,0.0,0.0010615594,0.0010478752,0.0010404182,0.001051268,0.0010571054,0.0010689202,0.0,0.0010615605,0.0010478752,0.0010404182,0.001051268,0.0010571054,0.0010689225,0.001073269,0.0010615594,0.0010478752,0.0010404182,0.001051268,0.0010571054,0.0010689206,0.0,0.0,0.0010478752,0.0010317873,0.0010222226,0.0010325905,0.0011081914,0.0,0.0010615594,0.0010478752,0.0010404183,0.001051268,0.0010571054,0.0010689202,0.0010735003,0.0010615608,0.0010478752,0.0010404184,0.001051268,0.0010571054,0.0010689232
k__Bacteria|p__Firmicutes|c__Tissierellia|o__Tissierellales|f__Peptoniphilaceae|g__Peptoniphilus|s__Peptoniphilus_sp_Marseille_P3761,0.0,0.0010591287,0.0010453964,0.0010379209,0.0010488188,0.0010546893,0.0010665621,0.0,0.0010591288,0.0010453964,0.0010379209,0.0010488188,0.0010546893,0.0010665621,0.0,0.0,0.0010454113,0.0010292731,0.0010196784,0.001030085,0.001106039,0.0010708864,0.0,0.0010453964,0.001029262,0.0010196778,0.001030085,0.0011060386,0.0,0.0,0.0010453964,0.001029262,0.0010196778,0.001030085,0.0011060385,0.00107087,0.0010591287,0.0010453964,0.0010379209,0.0010488188,0.0010546893,0.0010665618,0.0,0.001059129,0.0010453966,0.0010379209,0.0010488188,0.0010546893,0.0010665627,0.0010708704,0.0010591287,0.0010453964,0.0010379209,0.0010488188,0.0010546893,0.001066562,0.0,0.0010591288,0.0010453968,0.001037921,0.0010488188,0.0010546893,0.0010665625,0.0,0.0010591288,0.0010453964,0.0010379209,0.0010488188,0.0010546893,0.0010665619,0.0,0.0010591288,0.0,0.001029262,0.001010224,0.0010664882,0.0010777782,0.0,0.0010591287,0.0010453964,0.0010379212,0.0010488188,0.0010546893,0.0010665624,0.0,0.0,0.0,0.001029262,0.001010224,0.0010664882,0.0010890028,0.0010708729,0.0010591288,0.0,0.001029262,0.001010224,0.0010664882,0.0010777821,0.001070895,0.0,0.0,0.0010292621,0.001010224,0.0010664882,0.0010890029,0.0010708793,0.0,0.0010453964,0.0,0.0010591287,0.0010453964,0.0010664881,0.0010708708,0.0,0.0,0.001029262,0.001010224,0.0010664882,0.0010890021,0.0,0.0010591298,0.0,0.001029262,0.001010224,0.0010664882,0.0010777768,0.0,0.0,0.0010453975,0.0010591294,0.0,0.001029262,0.0010591288,0.0010708858,0.0010591288,0.0,0.001029262,0.001010224,0.0010664882,0.0010777768,0.0,0.0,0.0010453966,0.001029262,0.0010196778,0.001030085,0.0011060387,0.0,0.0,0.0010453964,0.0,0.0010591287,0.0010453964,0.0010664883,0.0,0.0010591329,0.0,0.0010591289,0.0,0.0010591287,0.0010453966,0.0,0.0,0.001045411,0.0010292646,0.001019678,0.001030085,0.0011060388,0.0,0.0010591601,0.0010591329,0.0010533615,0.001064531,0.0,0.0009876912,0.0,0.0010591304,0.0010453971,0.0,0.0010591289,0.0010453964,0.0010379236,0.0010708739,0.0010591287,0.0010453964,0.0,0.0010591287,0.0010453964,0.0010379219,0.0,0.0010591289,0.0010453966,0.0010379208,0.0010488188,0.0010546893,0.0010665621,0.0010708701,0.0010591287,0.0010453964,0.0010379209,0.0010488188,0.0010546893,0.0010665621,0.0010708789,0.0,0.0,0.001029262,0.001010224,0.0010664882,0.001089002,0.0010708711,0.0,0.0010453964,0.001029262,0.0010196778,0.001030085,0.0011060386,0.0,0.0010591289,0.0,0.001029262,0.001010224,0.0010664882,0.0010777768,0.0010708796,0.0,0.0010453964,0.001029262,0.0010196778,0.001030085,0.0011060432,0.0,0.0010591287,0.0010453964,0.0010379209,0.0010488188,0.0010546893,0.0010665632,0.0010708703,0.0010591287,0.0010453964,0.0010379209,0.0010488188,0.0010546893,0.0010665618,0.0,0.001059129,0.0010453964,0.0010379212,0.0010488188,0.0010546893,0.0010665621,0.0,0.0,0.0010453964,0.001029262,0.0010196778,0.001030085,0.0011060386,0.0010708707,0.0010591287,0.0,0.0,0.0010591289,0.0010591288,0.0010533616,0.0010708879,0.0,0.0010453964,0.0,0.0010591289,0.0010453964,0.001066491,0.0010709183,0.0,0.0010591289,0.0010453964,0.0010379208,0.0,0.0010591291,0.0,0.0010591287,0.0,0.001029262,0.001010224,0.0010664884,0.0010777832,0.0010708729,0.0,0.0010453964,0.001029262,0.001019678,0.0010300854,0.0011060742,0.0010708814,0.0,0.0,0.001029262,0.001010224,0.0010664882,0.0010890019,0.0,0.0010591289,0.0010453966,0.0010379209,0.0010488188,0.0010546893,0.0010665621,0.0010708715,0.0010591289,0.0010453964,0.0,0.0010591288,0.0010453964,0.0010379218,0.0010708701,0.0,0.0010453964,0.0010292622,0.0010196778,0.001030085,0.0011060397,0.0010708718,0.0061365506,0.0010453966,0.001029262,0.001019678,0.0010300851,0.0011060397,0.0,0.0010591289,0.001059129,0.0010533611,0.0010645308,0.0,0.0009877305,0.0010708792,0.0,0.0010453964,0.001029262,0.0010196778,0.001030085,0.0011060385,0.0010708721,0.0,0.0,0.001029262,0.001010224,0.0010664882,0.001089003,0.0010708941,0.0010591291,0.0,0.0010292627,0.0010102242,0.0010664882,0.0010777814,0.0,0.0010591289,0.0010453964,0.0010379208,0.0010488188,0.0010546893,0.0010665618,0.0,0.0010591298,0.0,0.001029262,0.001010224,0.0010664882,0.0010777768,0.0,0.0010591289,0.0010453966,0.0010379212,0.0010488188,0.0010546893,0.001066562,0.0010708754,0.0010591288,0.0010453966,0.0010379213,0.0010488188,0.0010546893,0.0010665623,0.0,0.0,0.0,0.001029262,0.001010224,0.0010664882,0.0010890026,0.0010708697,0.0010591287,0.0,0.001029262,0.001010224,0.0010664882,0.0010777774,0.0010708765,0.0010591289,0.0010453964,0.0010664882,0.0,0.001029262,0.0010102242,0.0,0.0010591287,0.0010453964,0.0010379212,0.0010488188,0.0010546893,0.0010665628,0.0,0.0010591287,0.0010453964,0.0010379208,0.0010488188,0.0010546893,0.0010665621,0.0,0.001059129,0.0010453964,0.0010379208,0.0010488188,0.0010546893,0.0010665642,0.0010708718,0.0010591287,0.0010453964,0.0010379208,0.0010488188,0.0010546893,0.0010665624,0.0,0.0,0.0010453964,0.001029262,0.0010196778,0.001030085,0.0011060387,0.0,0.0010591287,0.0010453964,0.0010379209,0.0010488188,0.0010546893,0.0010665619,0.0010710285,0.0010591301,0.0010453966,0.0010379212,0.0010488188,0.0010546893,0.0010665645
k__Bacteria|p__Firmicutes|c__Bacilli|o__Lactobacillales|f__Enterococcaceae|g__Enterococcus|s__Enterococcus_SGB6173,0.0,0.0010599049,0.0010461404,0.0010386014,0.0010493622,0.0010551028,0.0010668735,0.0,0.0010599049,0.0010461404,0.0010386014,0.0010493622,0.0010551028,0.0010668737,0.0,0.0,0.0010461546,0.0010299811,0.0010203219,0.0010305913,0.0011065782,0.0010717063,0.0,0.0010461404,0.0010299709,0.0010203213,0.0010305913,0.0011065777,0.0,0.0,0.0010461404,0.0010299709,0.001020321,0.0010305913,0.0011065777,0.0010716758,0.0010599048,0.0010461404,0.0010386014,0.0010493622,0.0010551028,0.0010668737,0.0,0.0010599053,0.0010461406,0.0010386014,0.0010493622,0.0010551028,0.0010668738,0.0010716759,0.0010599048,0.0010461404,0.0010386014,0.0010493622,0.0010551028,0.0010668737,0.0,0.0010599052,0.001046141,0.0010386016,0.0010493622,0.0010551028,0.001066874,0.0,0.0010599049,0.0010461404,0.0010386014,0.0010493622,0.0010551028,0.0010668738,0.0,0.0010599049,0.0,0.0010299709,0.0010108948,0.0010672341,0.0010783874,0.0,0.0010599048,0.0010461404,0.0010386014,0.0010493622,0.0010551028,0.0010668739,0.0,0.0,0.0,0.0010299709,0.0010108948,0.0010672344,0.001089642,0.0010716834,0.0010599049,0.0,0.0010299709,0.0010108948,0.0010672344,0.0010783919,0.0010717345,0.0,0.0,0.001029971,0.0010108948,0.0010672344,0.0010896417,0.001071695,0.0,0.0010461404,0.0,0.0010599048,0.0010461404,0.0010672343,0.0010716782,0.0,0.0,0.0010299709,0.0010108948,0.0010672341,0.0010896411,0.0,0.0010599063,0.0,0.0010299709,0.0010108948,0.0010672341,0.0010783868,0.0,0.0,0.0010461417,0.001059906,0.0,0.0010299709,0.0010599052,0.0010716979,0.0010599052,0.0,0.0010299708,0.0010108948,0.0010672341,0.0010783863,0.0,0.0,0.0010461406,0.0010299709,0.001020321,0.0010305913,0.0011065779,0.0,0.0,0.0010461404,0.0,0.0010599048,0.0010461404,0.0010672344,0.0,0.0010599091,0.0,0.0010599049,0.0,0.0010599048,0.0010461406,0.0,0.0,0.0010461576,0.0010299737,0.001020321,0.0010305913,0.0011065779,0.0,0.001059942,0.001059909,0.0010540761,0.001065109,0.0,0.0009883182,0.0,0.0010599073,0.0010461414,0.0,0.0010599053,0.0010461406,0.0010386037,0.0010716809,0.0010599048,0.0010461404,0.0,0.0010599048,0.0010461404,0.001038602,0.0,0.0010599049,0.0010461406,0.0010386014,0.0010493622,0.0010551028,0.0010668737,0.0010716756,0.0010599048,0.0010461404,0.0010386014,0.0010493622,0.0010551028,0.0010668738,0.0010716991,0.0,0.0,0.0010299709,0.0010108948,0.0010672341,0.0010896409,0.0010716794,0.0,0.0010461404,0.0010299709,0.001020321,0.0010305913,0.0011065777,0.0,0.0010599049,0.0,0.0010299709,0.0010108948,0.0010672341,0.0010783864,0.0010716906,0.0,0.0010461404,0.0010299709,0.001020321,0.0010305913,0.0011065814,0.0,0.0010599048,0.0010461404,0.0010386014,0.0010493622,0.0010551028,0.0010668748,0.0010716761,0.0010599048,0.0010461404,0.0010386014,0.0010493622,0.0010551028,0.0010668737,0.0,0.0010599056,0.0010461406,0.0010386014,0.0010493622,0.0010551028,0.0010668735,0.0,0.0,0.0010461404,0.0010299709,0.001020321,0.0010305913,0.0011065777,0.0010716777,0.0010599048,0.0,0.0,0.0010599049,0.0010599049,0.0010540762,0.0010717075,0.0,0.0010461408,0.0,0.0010599049,0.0010461404,0.0010672364,0.0010717695,0.0,0.0010599052,0.0010461406,0.0010386014,0.0,0.0010599054,0.0,0.0010599047,0.0,0.0010299709,0.0010108948,0.0010672342,0.001078391,0.0010716807,0.0,0.0010461404,0.0010299709,0.001020321,0.0010305915,0.0011066042,0.0010716905,0.0,0.0,0.0010299709,0.0010108948,0.0010672341,0.0010896412,0.0,0.0010599049,0.0010461406,0.0010386014,0.0010493622,0.0010551028,0.0010668737,0.0010716864,0.0010599048,0.0010461406,0.0,0.0010599048,0.0010461404,0.0010386023,0.0010716773,0.0,0.0010461406,0.001029971,0.0010203213,0.0010305913,0.0011065787,0.0010716789,0.0,0.0010461406,0.0010299709,0.0010203213,0.0010305914,0.0011065789,0.0,0.001059905,0.0010599052,0.0010540758,0.0010651089,0.0,0.0009883519,0.001071705,0.0,0.0010461406,0.0010299709,0.001020321,0.0010305913,0.0011065777,0.00107168,0.0,0.0,0.0010299709,0.0010108948,0.0010672344,0.0010896418,0.0010717296,0.0010599056,0.0,0.0010299718,0.0010108948,0.0010672344,0.0010783913,0.001850972,0.0010599049,0.0010461406,0.0010386014,0.0010493622,0.0010551028,0.0010668737,0.0,0.0010599061,0.0,0.0010299709,0.0010108948,0.0010672341,0.0010783864,0.0,0.0010599048,0.0010461406,0.0010386014,0.0010493622,0.0010551028,0.0010668737,0.0010716872,0.001059905,0.0010461404,0.0010386017,0.0010493622,0.0010551028,0.0010668738,0.0,0.0,0.0,0.0010299709,0.0010108948,0.0010672341,0.0010896416,0.0010716754,0.0010599048,0.0,0.0010299709,0.0010108948,0.0010672341,0.001078387,0.0010716878,0.0010599049,0.0010461404,0.0010672341,0.0,0.0010299709,0.001010895,0.0,0.0010599048,0.0010461404,0.0010386014,0.0010493622,0.0010551028,0.0010668741,0.0,0.0010599048,0.0010461404,0.0010386014,0.0010493622,0.0010551028,0.0010668738,0.0,0.0010599053,0.0010461406,0.0010386014,0.0010493622,0.0010551028,0.0010668747,0.0010716822,0.0010599048,0.0010461404,0.0010386014,0.0010493622,0.0010551028,0.0010668739,0.0,0.0,0.0010461404,0.0010299709,0.001020321,0.0010305913,0.0011065779,0.0,0.0010599048,0.0010461404,0.0010386014,0.0010493622,0.0010551028,0.0010668738,0.0010718582,0.0010599064,0.0010461404,0.0010386014,0.0010493622,0.0010551028,0.0010668753
k__Bacteria|p__Firmicutes|c__Clostridia|o__Eubacteriales|f__Eubacteriaceae|g__Eubacterium|s__Eubacterium_callanderi,0.0,0.0010621066,0.0010484551,0.0010410354,0.0010519312,0.0010578171,0.001069658,0.0,0.0010621066,0.0010484551,0.0010410354,0.0010519312,0.0010578171,0.001069658,0.0,0.0,0.0010484714,0.0010324131,0.0010228753,0.0010332922,0.0011087455,0.0010738067,0.010493645,0.0010484551,0.0010324012,0.0010228746,0.0010332922,0.0011087451,0.0,0.0,0.0010484551,0.0010324012,0.0010228746,0.0010332922,0.001108745,0.0010737681,0.0010621065,0.0010484551,0.0010410354,0.0010519312,0.0010578171,0.001069658,0.0,0.001062107,0.0010484554,0.0010410354,0.0010519312,0.0010578171,0.0010696583,0.0010737686,0.0010621065,0.0010484551,0.0010410354,0.0010519312,0.0010578171,0.0010696579,0.0,0.0010621069,0.0010484558,0.0010410355,0.0010519312,0.0010578171,0.0010696588,0.0,0.0010621066,0.0010484551,0.0010410354,0.0010519312,0.0010578171,0.0010696581,0.0,0.0010621066,0.0,0.0010324012,0.0010134412,0.0010694342,0.0010806979,0.0,0.0010621065,0.0010484551,0.0010410354,0.0010519312,0.0010578171,0.0010696584,0.0,0.0,0.0,0.0010324012,0.0010134412,0.0010694342,0.0010918294,0.001073778,0.0010621066,0.0,0.0010324012,0.0010134412,0.0010694342,0.0010807024,0.0010738341,0.0,0.0,0.0010324013,0.0010134412,0.0010694342,0.0010918286,0.0010737937,0.0,0.0010484551,0.0,0.0010621065,0.0010484551,0.001069434,0.001073771,0.0,0.0,0.0010324012,0.0010134412,0.0010694342,0.0010918278,0.0,0.0010621081,0.0,0.0010324012,0.0010134412,0.0010694342,0.0010806964,0.0,0.0,0.0010484562,0.0010621075,0.0,0.0010324012,0.0010621067,0.0010737925,0.0010621069,0.0,0.0010324012,0.0010134412,0.0010694342,0.0010806964,0.0,0.0,0.0010484552,0.0010324012,0.0010228746,0.0010332922,0.0011087452,0.0,0.0,0.0010484551,0.0,0.0010621065,0.0010484551,0.0010694341,0.0,0.0010621112,0.0,0.0010621067,0.0,0.0010621065,0.0010484551,0.0,0.0,0.0010484731,0.001032404,0.0010228746,0.0010332922,0.0011087456,0.0,0.001062149,0.0010621113,0.0010563915,0.0010675469,0.0,0.0009909789,0.0,0.0010621088,0.0010484561,0.0,0.001062107,0.0010484551,0.0010410377,0.0010737762,0.0010621065,0.0010484551,0.0,0.0010621065,0.0010484551,0.0010410363,0.0,0.0010621068,0.0010484551,0.0010410354,0.0010519312,0.0010578171,0.001069658,0.0010737686,0.0010621065,0.0010484551,0.0010410354,0.0010519312,0.0010578171,0.0010696581,0.0010737927,0.0,0.0,0.0010324012,0.0010134412,0.0010694342,0.0010918276,0.0010737726,0.0,0.0010484551,0.0010324012,0.0010228746,0.0010332922,0.0011087452,0.0,0.0010621067,0.0,0.0010324012,0.0010134412,0.0010694342,0.0010806962,0.001073786,0.0,0.0010484551,0.0010324012,0.0010228746,0.0010332922,0.0011087512,0.0,0.0010621065,0.0010484551,0.0010410354,0.0010519312,0.0010578171,0.001069659,0.0010737693,0.0010621065,0.0010484551,0.0010410354,0.0010519312,0.0010578171,0.001069658,0.0,0.0010621072,0.0010484554,0.0010410354,0.0010519312,0.0010578171,0.001069658,0.0,0.0,0.0010484551,0.0010324012,0.0010228746,0.0010332922,0.0011087451,0.0010737715,0.0010621065,0.0,0.0,0.0010621067,0.0010621066,0.0010563916,0.0010738103,0.0,0.0010484555,0.0,0.0010621067,0.0010484551,0.0010694371,0.001073879,0.0,0.0010621069,0.0010484551,0.0010410354,0.0,0.0010621072,0.0,0.0010621065,0.0,0.0010324012,0.0010134412,0.001069434,0.0010806996,0.001073774,0.0,0.0010484551,0.0010324012,0.0010228746,0.0010332924,0.0011087892,0.001073786,0.0,0.0,0.0010324012,0.0010134412,0.0010694342,0.0010918276,0.0,0.0010621067,0.0010484551,0.0010410354,0.0010519312,0.0010578171,0.001069658,0.0010738048,0.0010621066,0.0010484551,0.0,0.0010621067,0.0010484551,0.0010410363,0.0010737702,0.0,0.0010484551,0.0010324013,0.0010228746,0.0010332922,0.0011087463,0.0010737722,0.0,0.0010484551,0.0010324012,0.0010228746,0.0010332922,0.0011087459,0.0,0.0010621066,0.0010621068,0.001056391,0.0010675469,0.0,0.0009910167,0.0010738018,0.0,0.0010484551,0.0010324012,0.0010228746,0.0010332922,0.001108745,0.0010737744,0.011471638,0.006742983,0.0010324012,0.0010134412,0.0010694342,0.0010918287,0.0010738289,0.0010621073,0.0,0.001032402,0.0010134412,0.0010694341,0.0010807022,0.0,0.0010621067,0.0010484551,0.0010410354,0.0010519312,0.0010578171,0.001069658,0.0,0.0010621082,0.0,0.0010324012,0.0010134412,0.0010694342,0.0010806962,0.0,0.0010621067,0.0010484552,0.0010410354,0.0010519312,0.0010578171,0.001069658,0.001073781,0.0010621068,0.0010484551,0.0010410355,0.0010519312,0.0010578171,0.0010696583,0.0,0.0,0.0,0.0010324012,0.0010134412,0.0010694342,0.001091828,0.001073768,0.0010621065,0.0,0.0010324012,0.0010134412,0.0010694342,0.0010806969,0.0010737814,0.0010621067,0.0010484551,0.0010694342,0.0,0.0010324012,0.0010134414,0.0,0.0010621065,0.0010484551,0.0010410354,0.0010519312,0.0010578171,0.0010696587,0.0,0.0010621065,0.0010484551,0.0010410354,0.0010519312,0.0010578171,0.0010696584,0.0,0.0010621072,0.0010484551,0.0010410354,0.0010519312,0.0010578171,0.0010696593,0.0010737762,0.0010621065,0.0010484551,0.0010410354,0.0010519312,0.0010578171,0.0010696584,0.0,0.0,0.0010484551,0.0010324012,0.0010228746,0.0010332922,0.0011087451,0.0,0.0010621065,0.0010484551,0.0010410354,0.0010519312,0.0010578171,0.0010696581,0.0010740135,0.0010621084,0.0010484554,0.0010410354,0.0010519312,0.0010578171,0.0010696602
k__Bacteria|p__Firmicutes|c__Clostridia|o__Eubacteriales|f__Lachnospiraceae|g__GGB3602|s__GGB3602_SGB66069,0.0,0.0010617537,0.0010483103,0.0010412037,0.001052659,0.0010590929,0.0010713215,0.0,0.001061754,0.0010483103,0.0010412037,0.001052659,0.0010590929,0.0010713214,0.0,0.0,0.0010483242,0.0010324882,0.0010232738,0.001034263,0.0011091055,0.0010732111,0.0,0.0010483103,0.0010324761,0.0010232734,0.001034263,0.0011091054,0.0,0.0,0.0010483103,0.0010324761,0.0010232734,0.001034263,0.0011091051,0.0010732192,0.001061754,0.0010483103,0.0010412037,0.001052659,0.0010590929,0.0010713214,0.0,0.0010617541,0.0010483107,0.0010412037,0.001052659,0.0010590929,0.0010713219,0.0010732192,0.001061754,0.0010483103,0.0010412037,0.001052659,0.0010590929,0.0010713215,0.0,0.0010617541,0.0010483108,0.0010412035,0.001052659,0.0010590929,0.0010713221,0.0,0.001061754,0.0010483103,0.0010412037,0.001052659,0.0010590929,0.0010713215,0.0,0.001061754,0.0,0.0010324761,0.0010137458,0.0010691744,0.0010809711,0.0,0.001061754,0.0010483103,0.0010412037,0.001052659,0.0010590929,0.0010713221,0.0,0.0,0.0,0.0010324761,0.0010137458,0.0010691741,0.0010918935,0.0010732147,0.001061754,0.0,0.0010324761,0.0010137458,0.0010691744,0.0010809719,0.0010731736,0.0,0.0,0.0010324761,0.0010137458,0.0010691744,0.0010918931,0.0010732091,0.0,0.0010483103,0.0,0.001061754,0.0010483103,0.0010691743,0.0010732181,0.0,0.0,0.0010324761,0.0010137458,0.0010691744,0.001091892,0.0,0.0010617544,0.0,0.0010324761,0.0010137458,0.0010691744,0.0010809695,0.0,0.0,0.0010483119,0.001061754,0.0,0.0010324761,0.0010617541,0.001073223,0.0010617541,0.0,0.001032476,0.0010137458,0.0010691744,0.0010809697,0.0,0.0,0.0010483107,0.0010324761,0.0010232734,0.001034263,0.0011091055,0.0,0.0,0.0010483103,0.0,0.001061754,0.0010483103,0.0010691743,0.0,0.0010617579,0.0,0.0010617541,0.0,0.001061754,0.0010483107,0.0,0.0,0.0010483246,0.001032478,0.0010232734,0.001034263,0.001109106,0.0,0.0010617767,0.0010617566,0.0010563397,0.0010680415,0.0,0.000991522,0.0,0.001061755,0.001048311,0.0,0.0010617541,0.0010483103,0.0010412056,0.0010732209,0.001061754,0.0010483103,0.0,0.001061754,0.0010483103,0.0010412043,0.0,0.001061754,0.0010483104,0.0010412037,0.001052659,0.0010590929,0.0010713214,0.0010732195,0.001061754,0.0010483103,0.0010412037,0.001052659,0.0010590929,0.0010713215,0.0010732078,0.0,0.0,0.0010324761,0.0010137458,0.0010691744,0.0010918919,0.0010732146,0.0,0.0010483103,0.0010324761,0.0010232734,0.001034263,0.0011091054,0.0,0.0010617541,0.0,0.0010324761,0.0010137458,0.0010691744,0.0010809695,0.0010732145,0.0,0.0010483103,0.0010324761,0.0010232734,0.001034263,0.0011091083,0.0,0.001061754,0.0010483103,0.0010412037,0.001052659,0.0010590929,0.0010713224,0.0010732189,0.001061754,0.0010483103,0.0010412037,0.001052659,0.0010590929,0.0010713214,0.0,0.0010617544,0.0010483103,0.0010412037,0.001052659,0.0010590929,0.0010713212,0.0,0.0,0.0010483103,0.0010324761,0.0010232734,0.001034263,0.0011091055,0.0010732186,0.001061754,0.0,0.0,0.0010617541,0.001061754,0.0010563403,0.0010732167,0.0,0.001048311,0.0,0.0010617541,0.0010483103,0.0010691773,0.0010731631,0.0,0.001061754,0.0010483103,0.0010412037,0.0,0.0010617545,0.0,0.0010617538,0.0,0.0010324761,0.0010137458,0.0010691743,0.0010809713,0.0010732192,0.0,0.0010483103,0.0010324761,0.0010232734,0.001034263,0.0011091277,0.0010732247,0.0,0.0,0.0010324761,0.0010137458,0.0010691744,0.001091892,0.0,0.0010617541,0.0010483104,0.0010412037,0.001052659,0.0010590929,0.0010713214,0.0010732156,0.0010617541,0.0010483103,0.0,0.0010617538,0.0010483103,0.0010412042,0.001073217,0.0,0.0010483103,0.0010324761,0.0010232734,0.001034263,0.0011091072,0.001073219,0.0,0.0010483104,0.0010324761,0.0010232734,0.0010342633,0.0011091055,0.0,0.0010617541,0.0010617541,0.0010563396,0.0010680418,0.0,0.0009915666,0.0010731997,0.0,0.0010483103,0.0010324761,0.0010232734,0.001034263,0.0011091054,0.0010732197,0.0,0.0,0.0010324761,0.0010137458,0.0010691744,0.0010918935,0.0010731819,0.0010617535,0.0,0.0010324762,0.0010137458,0.001069174,0.0010809741,0.0,0.001061754,0.0010483103,0.0010412037,0.001052659,0.0010590929,0.0010713214,0.0,0.0010617552,0.0,0.0010324761,0.0010137458,0.0010691744,0.0010809698,0.0,0.001061754,0.0010483105,0.0010412037,0.001052659,0.0010590929,0.0010713215,0.0010732142,0.0010617538,0.0010483104,0.0010412039,0.001052659,0.0010590929,0.0010713215,0.0,0.0,0.0,0.0010324761,0.0010137458,0.0010691744,0.0010918926,0.0010732192,0.001061754,0.0,0.0010324761,0.0010137458,0.0010691744,0.00108097,0.0010732205,0.001061754,0.0010483103,0.0010691744,0.0,0.0010324761,0.0010137459,0.0013480675,0.001061754,0.0010483103,0.0010412037,0.001052659,0.0010590929,0.0010713221,0.0,0.001061754,0.0010483103,0.0010412037,0.001052659,0.0010590929,0.0010713217,0.0,0.001061754,0.0010483103,0.0010412037,0.001052659,0.0010590929,0.0010713228,0.001073213,0.001061754,0.0010483103,0.0010412037,0.001052659,0.0010590929,0.0010713217,0.0,0.0,0.0010483103,0.0010324761,0.0010232734,0.001034263,0.0011091053,0.0,0.001061754,0.0010483103,0.0010412037,0.001052659,0.0010590929,0.0010713215,0.0010732502,0.0010617552,0.0010483107,0.0010412037,0.001052659,0.0010590929,0.0010713239
k__Bacteria|p__Firmicutes|c__Clostridia|o__Eubacteriales|f__Clostridiaceae|g__Clostridium|s__Clostridium_tertium,0.0,0.001063006,0.0010494726,0.0010422074,0.0010533433,0.0010594706,0.001071467,0.0,0.0010630062,0.0010494726,0.0010422074,0.0010533433,0.0010594706,0.0010714668,0.0,0.0,0.0010494761,0.0010335445,0.0010241751,0.0010348425,0.0011098558,0.001074557,0.0,0.0010494726,0.0010335421,0.001024175,0.0010348425,0.0011098554,0.0,0.0,0.0010494726,0.0010335421,0.001024175,0.0010348425,0.0011098554,0.0010745546,0.0010630061,0.0010494726,0.0010422074,0.0010533433,0.0010594706,0.0010714668,0.0,0.0010630065,0.0010494728,0.0010422074,0.0010533433,0.0010594706,0.0010714682,0.0010745547,0.0010630061,0.0010494726,0.0010422074,0.0010533433,0.0010594706,0.001071467,0.0,0.0010630063,0.0010494733,0.0010422075,0.0010533433,0.0010594706,0.001071467,0.0,0.0010630062,0.0010494726,0.0010422074,0.0010533433,0.0010594706,0.001071467,0.0,0.0010630062,0.0,0.0010335421,0.0010147082,0.0010703622,0.0010818468,0.0,0.0010630061,0.0010494726,0.0010422074,0.0010533433,0.0010594706,0.0010714671,0.0,0.0,0.0,0.0010335421,0.0010147082,0.0010703622,0.0010928528,0.001074555,0.0010630062,0.0,0.0010335421,0.0010147082,0.0010703622,0.0010818487,0.0010745631,0.0,0.0,0.0010335419,0.0010147082,0.0010703622,0.0010928531,0.0010745563,0.0,0.001049473,0.0,0.0010630061,0.0010494726,0.001070362,0.0010745539,0.0,0.0,0.0010335421,0.0010147082,0.0010703622,0.0010928527,0.0,0.0010630061,0.0,0.0010335421,0.0010147082,0.0010703622,0.0010818449,0.0,0.0,0.0010494736,0.0010630061,0.0,0.0010335421,0.0010630062,0.0010745514,0.0010630061,0.0,0.001033542,0.0010147082,0.0010703622,0.0010818447,0.0,0.0,0.0010494728,0.0010335421,0.001024175,0.0010348425,0.0011098557,0.0,0.0,0.0010494726,0.0012296105,0.0010630061,0.0010494726,0.001070362,0.0,0.0010630066,0.0,0.0010630063,0.0,0.0010630061,0.0010494731,0.0,0.0,0.0010494726,0.0010335414,0.0010241751,0.0010348425,0.0011098555,0.0,0.0010630015,0.0010630058,0.0010574386,0.0010688243,0.0,0.0009923747,0.0,0.0010630066,0.0010494732,0.0,0.0010630061,0.0010494728,0.00104221,0.001074555,0.0010630061,0.0010494726,0.0,0.0010630061,0.0010494726,0.0010422085,0.0,0.0010630061,0.0010494727,0.0010422074,0.0010533433,0.0010594706,0.0010714668,0.0010745547,0.0010630061,0.0010494726,0.0010422074,0.0010533433,0.0010594706,0.001071467,0.0010745572,0.0,0.0,0.0010335421,0.0010147082,0.0010703622,0.0010928528,0.0010745518,0.0,0.0010494726,0.0010335421,0.001024175,0.0010348425,0.0011098556,0.0,0.0010630063,0.0,0.0010335421,0.0010147082,0.0010703622,0.0010818447,0.0010745571,0.0,0.0010494726,0.0010335421,0.001024175,0.0010348425,0.0011098622,0.0,0.0010630061,0.0010494726,0.0010422074,0.0010533433,0.0010594706,0.0010714681,0.0010745544,0.0010630061,0.0010494726,0.0010422074,0.0010533433,0.0010594706,0.0010714668,0.0,0.0010630062,0.0010494728,0.0010422074,0.0010533433,0.0010594706,0.001071467,0.0,0.0,0.0010494726,0.0010335421,0.001024175,0.0010348425,0.0011098554,0.0010745542,0.0010630061,0.0020727278,0.0,0.0010630063,0.0010630062,0.0010574388,0.0010745582,0.0,0.0010494732,0.0,0.0010630063,0.001049473,0.0010703676,0.0010745791,0.0,0.0010630063,0.0010494728,0.0010422074,0.0,0.0010630065,0.0,0.0010630061,0.0,0.0010335421,0.0010147082,0.001070362,0.0010818528,0.0010745552,0.0,0.0010494726,0.0010335421,0.0010241751,0.0010348428,0.0011098996,0.0010745592,0.0,0.0,0.0010335421,0.0010147082,0.0010703622,0.0010928528,0.0,0.0010630063,0.0010494727,0.0010422074,0.0010533433,0.0010594706,0.0010714668,0.0010745522,0.0010630059,0.0010494728,0.0,0.0010630059,0.001049473,0.001042208,0.0010745537,0.0,0.0010494731,0.0010335423,0.001024175,0.0010348425,0.0011098568,0.0010745544,0.0,0.0010494731,0.001033542,0.0010241751,0.0010348427,0.0011098566,0.0,0.0010630059,0.0010630063,0.0010574387,0.0010688246,0.0,0.00099241,0.0010745516,0.0,0.0010494728,0.0010335421,0.001024175,0.0010348425,0.0011098554,0.0010745539,0.0,0.0,0.0010335421,0.0010147082,0.0010703622,0.0010928529,0.0010745594,0.001063006,0.0,0.0010335422,0.0010147082,0.0010703622,0.0010818507,0.001795513,0.0010630061,0.0010494728,0.0010422074,0.0010533433,0.0010594706,0.0010714668,0.0,0.0010630066,0.0,0.0010335421,0.0010147082,0.0010703622,0.0010818447,0.0,0.0010630062,0.0010494731,0.0010422074,0.0010533433,0.0010594706,0.001071467,0.0010745557,0.0010630062,0.0010494728,0.0010422075,0.0010533433,0.0010594706,0.0010714673,0.0,0.0,0.0,0.0010335421,0.0010147082,0.0010703622,0.0010928533,0.0010745546,0.0010630061,0.0,0.0010335421,0.0010147082,0.0010703622,0.0010818451,0.0010745556,0.0010630061,0.0010494726,0.0010703622,0.0,0.0010335421,0.0010147082,0.0006846517,0.0010630061,0.0010494726,0.0010422074,0.0010533433,0.0010594706,0.0010714681,0.0,0.0010630059,0.0010494726,0.0010422074,0.0010533433,0.0010594706,0.001071467,0.0,0.0010630059,0.0010494728,0.0010422074,0.0010533433,0.0010594706,0.0010714687,0.0010745521,0.0010630061,0.0010494726,0.0010422074,0.0010533433,0.0010594706,0.0010714674,0.0,0.0,0.0010494726,0.0010335421,0.001024175,0.0010348425,0.0011098555,0.0,0.0010630061,0.0010494726,0.0010422074,0.0010533433,0.0010594706,0.001071467,0.0010746457,0.0010630066,0.0010494728,0.0010422074,0.0010533433,0.0010594706,0.0010714693
k__Bacteria|p__Firmicutes|c__Clostridia|o__Eubacteriales|f__Lachnospiraceae|g__Lachnospira|s__Lachnospira_pectinoschiza,0.0,0.0010604335,0.0010468081,0.0010394623,0.0010505432,0.0010566012,0.0010685865,0.0,0.0010604337,0.0010468081,0.0010394623,0.0010505432,0.0010566012,0.001068586,0.0,0.0,0.001046829,0.0010307967,0.0010213351,0.0010319343,0.0011074501,0.0010721226,0.0,0.0010468081,0.0010307843,0.0010213342,0.0010319343,0.0011074486,0.0,0.0,0.0010468081,0.0010307843,0.0010213342,0.0010319343,0.0011074484,0.001072073,0.0010604336,0.0010468081,0.0010394623,0.0010505432,0.0010566012,0.001068586,0.0,0.0010604346,0.0010468084,0.0010394623,0.0010505432,0.0010566012,0.0010685878,0.0010720729,0.0010604336,0.0010468081,0.0010394623,0.0010505432,0.0010566012,0.0010685861,0.0,0.001060434,0.0010468096,0.0010394624,0.0010505432,0.0010566012,0.0010685867,0.0,0.0010604337,0.0010468081,0.0010394623,0.0010505432,0.0010566012,0.0010685861,0.0,0.0010604337,0.0,0.0010307843,0.0010118588,0.0010678084,0.0010792637,0.0,0.0010604336,0.0010468081,0.0010394623,0.0010505432,0.0010566012,0.0010685872,0.0,0.0,0.0,0.0010307843,0.0010118588,0.0010678084,0.0010903747,0.0010720876,0.0010604337,0.0,0.0010307843,0.0010118588,0.0010678084,0.0010792762,0.001072203,0.0,0.0,0.0010307847,0.0010118588,0.0010678084,0.0010903741,0.0010721114,0.0,0.0010468081,0.0,0.0010604336,0.0010468081,0.0010678086,0.0010720778,0.0,0.0,0.0010307843,0.0010118588,0.0010678084,0.0010903716,0.0,0.001060436,0.0,0.0010307843,0.0010118588,0.0010678084,0.0010792607,0.0,0.0,0.00104681,0.001060436,0.0,0.0010307843,0.0010604339,0.0010721083,0.001060434,0.0,0.0010307843,0.0010118588,0.0010678084,0.0010792599,0.0,0.0,0.0010468084,0.0010307843,0.0010213342,0.0010319343,0.0011074495,0.0,0.0,0.0010468081,0.0,0.0010604336,0.0010468081,0.0010678086,0.0,0.0010604387,0.0,0.0010604337,0.0,0.0010604336,0.0010468083,0.0,0.0,0.0010468315,0.001030788,0.0010213343,0.0010319343,0.0011074498,0.0,0.0010604877,0.0010604401,0.0010547907,0.0010661329,0.0,0.00098945,0.0,0.0010604373,0.0010468097,0.0,0.001060434,0.0010468084,0.0010394675,0.0010720809,0.0010604336,0.0010468081,0.0,0.0010604336,0.0010468081,0.0010394644,0.0,0.0010604337,0.0010468082,0.0010394623,0.0010505432,0.0010566012,0.001068586,0.0010720724,0.0010604336,0.0010468081,0.0010394623,0.0010505432,0.0010566012,0.0010685861,0.0010721212,0.0,0.0,0.0010307843,0.0010118588,0.0010678084,0.0010903715,0.0010720833,0.0,0.0010468081,0.0010307843,0.0010213342,0.0010319343,0.0011074492,0.0,0.0010604337,0.0,0.0010307843,0.0010118588,0.0010678084,0.0010792598,0.0010721007,0.0,0.0010468081,0.0010307843,0.0010213342,0.0010319343,0.0011074665,0.0,0.0010604336,0.0010468081,0.0010394623,0.0010505432,0.0010566012,0.0010685893,0.0010720736,0.0010604336,0.0010468081,0.0010394623,0.0010505432,0.0010566012,0.001068586,0.0,0.0010604342,0.0010468084,0.0010394623,0.0010505432,0.0010566012,0.0010685865,0.0,0.0,0.0010468081,0.0010307843,0.0010213342,0.0010319343,0.0011074488,0.0010720752,0.0010604336,0.0,0.0,0.0010604337,0.0010604337,0.0010547905,0.0010721246,0.0,0.0010468084,0.0,0.0010604337,0.0010468081,0.0010678157,0.0010722653,0.0,0.0010604339,0.0010468084,0.0010394623,0.003542166,0.001060435,0.0,0.0010604335,0.0,0.0010307843,0.0010118588,0.0010678084,0.0010792764,0.0010720821,0.0,0.0010468081,0.0010307843,0.0010213343,0.0010319353,0.0011075791,0.0010720973,0.0,0.0,0.0010307843,0.0010118588,0.0010678084,0.0010903715,0.0,0.0010604337,0.0010468082,0.0010394623,0.0010505432,0.0010566012,0.001068586,0.0010720682,0.0010604337,0.0010468081,0.0,0.0010604336,0.0010468081,0.0010394644,0.0010720771,0.0,0.0010468084,0.0010307846,0.0010213342,0.0010319343,0.0011074528,0.0010720781,0.0,0.0010468083,0.0010307842,0.0010213343,0.0010319346,0.0011074537,0.0,0.0010604337,0.0010604339,0.0010547901,0.0010661328,0.0,0.0009895077,0.0010721275,0.0,0.0010468084,0.0010307843,0.0010213342,0.0010319343,0.0011074484,0.0010720791,0.0,0.0,0.0010307843,0.0010118588,0.0010678084,0.001090374,0.0010721887,0.0010604354,0.0,0.001030786,0.0010118595,0.0010678087,0.0010792746,0.0,0.0010604336,0.0010468084,0.0010394623,0.0010505432,0.0010566012,0.001068586,0.0,0.0010604352,0.0,0.0010307843,0.0010118588,0.0010678084,0.0010792598,0.0,0.0010604336,0.0010468084,0.0010394623,0.0010505432,0.0010566012,0.0010685863,0.0010720989,0.0010604338,0.0010468084,0.0010394626,0.0010505432,0.0010566012,0.0010685868,0.0,0.0,0.0,0.0010307843,0.0010118588,0.0010678084,0.0010903726,0.0010720723,0.0010604336,0.0,0.0010307843,0.0010118588,0.0010678084,0.001079262,0.0010720897,0.0010604336,0.0010468081,0.0010678084,0.0,0.0010307843,0.0010118595,0.0,0.0010604336,0.0010468081,0.0010394623,0.0010505432,0.0010566012,0.0010685881,0.0,0.0010604336,0.0010468081,0.0010394623,0.0010505432,0.0010566012,0.0010685865,0.0,0.0010604348,0.0010468084,0.0010394623,0.0010505432,0.0010566012,0.0010685904,0.0010720886,0.0010604336,0.0010468081,0.0010394623,0.0010505432,0.0010566012,0.0010685872,0.0,0.0,0.0010468081,0.0010307843,0.0010213342,0.0010319343,0.0011074495,0.0,0.0010604336,0.0010468081,0.0010394623,0.0010505432,0.0010566012,0.0010685861,0.0010723379,0.001060436,0.0010468084,0.0010394623,0.0010505432,0.0010566012,0.0010685913
k__Bacteria|p__Firmicutes|c__Clostridia|o__Eubacteriales|f__Clostridiaceae|g__Clostridium|s__Clostridium_sp_1001270J_160509_D11,0.0,0.001059738,0.0010460785,0.0010386974,0.0010497401,0.0010557565,0.0010677226,0.0,0.0010597381,0.0010460785,0.0010386974,0.0010497401,0.0010557565,0.0010677224,0.0,0.0,0.001046095,0.0010300309,0.0010205345,0.001031092,0.0011067697,0.0010714498,0.0,0.0010460785,0.0010300201,0.0010205337,0.001031092,0.0011067692,0.0,0.0,0.0010460785,0.0010300201,0.0010205337,0.001031092,0.0011067693,0.0010714098,0.001059738,0.0010460785,0.0010386974,0.0010497401,0.0010557565,0.0010677224,0.0,0.0010597392,0.0010460789,0.0010386974,0.0010497401,0.0010557565,0.0010677229,0.0010714098,0.001059738,0.0010460785,0.0010386974,0.0010497401,0.0010557565,0.0010677226,0.0,0.0010597381,0.0010460793,0.0010386979,0.0010497401,0.0010557565,0.0010677228,0.0,0.0010597381,0.0010460785,0.0010386974,0.0010497401,0.0010557565,0.0010677226,0.0,0.0010597381,0.0,0.0010300201,0.0010110603,0.0010671141,0.0010785366,0.0,0.001059738,0.0010460785,0.0010386974,0.0010497401,0.0010557565,0.0010677228,0.0,0.0,0.0,0.0010300201,0.0010110603,0.0010671141,0.001089685,0.0010714201,0.0010597381,0.0,0.0010300201,0.0010110603,0.0010671141,0.0010785413,0.0010714891,0.0,0.0,0.0010300204,0.0010110603,0.0010671141,0.0010896847,0.0010714368,0.0,0.0010460785,0.0,0.001059738,0.0010460785,0.0010671141,0.0010714132,0.0,0.0,0.0010300201,0.0010110603,0.0010671141,0.0010896837,0.0,0.0010597395,0.0,0.0010300201,0.0010110603,0.0010671141,0.0010785353,0.0,0.0,0.0010460804,0.0010597396,0.0,0.0010300201,0.0010597381,0.001071437,0.0010597381,0.0,0.0010300202,0.0010110603,0.0010671141,0.001078535,0.0,0.0,0.0010460786,0.0010300201,0.0010205337,0.001031092,0.0011067693,0.0,0.0,0.0010460785,0.0,0.001059738,0.0010460785,0.0010671141,0.0,0.0010597422,0.0,0.0010597381,0.0,0.001059738,0.0010460786,0.0,0.0,0.0010460998,0.0010300231,0.0010205338,0.001031092,0.0011067695,0.0,0.0010597784,0.0010597424,0.0010540613,0.0010653693,0.0,0.0009886053,0.0,0.0010597409,0.0010460798,0.0,0.0010597385,0.0010460786,0.0010387003,0.0010714172,0.001059738,0.0010460785,0.0,0.001059738,0.0010460785,0.0010386985,0.0,0.0010597382,0.0010460786,0.0010386974,0.0010497401,0.0010557565,0.0010677226,0.0010714097,0.001059738,0.0010460785,0.0010386974,0.0010497401,0.0010557565,0.0010677226,0.0010714442,0.0,0.0,0.0010300201,0.0010110603,0.0010671141,0.0010896839,0.0010714157,0.0,0.0010460785,0.0010300201,0.0010205337,0.001031092,0.0011067692,0.0,0.0010597381,0.0,0.0010300201,0.0010110603,0.0010671141,0.001078535,0.0010714269,0.0,0.0010460785,0.0010300201,0.0010205337,0.001031092,0.0011067747,0.0,0.001059738,0.0010460785,0.0010386974,0.0010497401,0.0010557565,0.0010677238,0.0010714105,0.001059738,0.0010460785,0.0010386974,0.0010497401,0.0010557565,0.0010677224,0.0,0.0010597387,0.0010460789,0.0010386978,0.0010497401,0.0010557565,0.0010677226,0.0,0.0,0.0010460785,0.0010300201,0.0010205337,0.001031092,0.0011067694,0.0010714118,0.001059738,0.0,0.0,0.0010597381,0.0010597381,0.0010540615,0.0010714493,0.0,0.001046079,0.0,0.0010597381,0.0010460785,0.0010671176,0.0010715314,0.0,0.0010597381,0.0010460786,0.0010386974,0.0,0.0010597386,0.0,0.0010597379,0.0,0.0010300201,0.0010110603,0.001067114,0.0010785401,0.0010714168,0.0,0.0010460785,0.0010300201,0.0010205338,0.0010310926,0.0011068058,0.0010714291,0.0,0.0,0.0010300201,0.0010110603,0.0010671141,0.0010896839,0.0,0.0010597381,0.0010460786,0.0010386974,0.0010497401,0.0010557565,0.0010677224,0.0010714225,0.0010597381,0.0010460786,0.0,0.001059738,0.0010460785,0.0010386988,0.0010714126,0.0,0.0010460789,0.0010300204,0.0010205337,0.001031092,0.0011067706,0.0010714141,0.0,0.0010460786,0.0010300201,0.0010205338,0.001031092,0.001106771,0.0,0.0010597381,0.0010597382,0.001054061,0.0010653693,0.0,0.0009886418,0.0010714487,0.0,0.0010460786,0.0010300201,0.0010205337,0.001031092,0.0011067693,0.0010714148,0.0,0.0,0.0010300201,0.0010110603,0.0010671141,0.0010896848,0.0010714881,0.0010597392,0.0,0.0010300213,0.0010110608,0.0010671141,0.0010785415,0.0016248109,0.0010597381,0.0010460786,0.0010386974,0.0010497401,0.0010557565,0.0010677224,0.0,0.0010597394,0.0,0.0010300201,0.0010110603,0.0010671141,0.001078535,0.0,0.0010597381,0.0010460786,0.0010386978,0.0010497401,0.0010557565,0.0010677227,0.0010714253,0.001059738,0.0010460789,0.0010386979,0.0010497401,0.0010557565,0.001067723,0.0,0.0,0.0,0.0010300201,0.0010110603,0.0010671141,0.0010896842,0.0010714094,0.001059738,0.0,0.0010300201,0.0010110603,0.0010671141,0.0010785357,0.0010714239,0.0010597381,0.0010460785,0.0010671141,0.0,0.0010300201,0.0010110603,0.00072963076,0.001059738,0.0010460785,0.0010386974,0.0010497401,0.0010557565,0.0010677231,0.0,0.001059738,0.0010460785,0.0010386974,0.0010497401,0.0010557565,0.0010677227,0.0,0.0010597388,0.0010460786,0.0010386978,0.0010497401,0.0010557565,0.0010677236,0.0010714196,0.001059738,0.0010460785,0.0010386974,0.0010497401,0.0010557565,0.0010677228,0.0,0.0,0.0010460785,0.0010300201,0.0010205337,0.001031092,0.0011067694,0.0,0.001059738,0.0010460785,0.0010386974,0.0010497401,0.0010557565,0.0010677226,0.0010715966,0.0010597396,0.0010460789,0.0010386977,0.0010497401,0.0010557565,0.0010677244
k__Bacteria|p__Firmicutes|c__CFGB76106|o__OFGB76106|f__FGB76106|g__GGB3600|s__GGB3600_SGB4859,0.0,0.0010614169,0.0010476697,0.0010401239,0.001050822,0.0010565099,0.0010682223,0.0,0.001061417,0.0010476697,0.0010401239,0.001050822,0.0010565099,0.0010682221,0.0,0.0,0.0010476909,0.0010315295,0.0010218598,0.0010320708,0.0011078778,0.0010732048,0.0,0.0010476697,0.001031516,0.0010218589,0.0010320708,0.001107877,0.0,0.0,0.0010476697,0.001031516,0.0010218589,0.0010320708,0.0011078771,0.0010731703,0.001061417,0.0010476697,0.0010401239,0.001050822,0.0010565099,0.0010682222,0.0,0.0010614175,0.0010476699,0.0010401239,0.001050822,0.0010565099,0.0010682226,0.0010731702,0.001061417,0.0010476697,0.0010401239,0.001050822,0.0010565099,0.0010682223,0.0,0.0010614174,0.0010476706,0.001040124,0.001050822,0.0010565099,0.0010682229,0.0,0.001061417,0.0010476697,0.0010401239,0.001050822,0.0010565099,0.0010682223,0.0,0.001061417,0.0,0.001031516,0.001012453,0.0010687204,0.0010798023,0.0,0.001061417,0.0010476697,0.0010401239,0.001050822,0.0010565099,0.0010682223,0.0,0.0,0.0,0.001031516,0.001012453,0.0010687204,0.001091033,0.0010731793,0.001061417,0.0,0.001031516,0.001012453,0.0010687204,0.0010798092,0.0010732587,0.0,0.0,0.001031516,0.001012453,0.0010687204,0.0010910322,0.001073198,0.0,0.0010476697,0.0,0.001061417,0.0010476697,0.0010687204,0.0010731731,0.0,0.0,0.001031516,0.001012453,0.0010687204,0.001091032,0.0,0.001061419,0.0,0.001031516,0.001012453,0.0010687204,0.001079801,0.0,0.0,0.0010476706,0.0010614189,0.0,0.001031516,0.001061417,0.0010731969,0.0010614174,0.0,0.0010315159,0.001012453,0.0010687204,0.0010798009,0.0,0.0,0.0010476698,0.001031516,0.0010218589,0.0010320708,0.0011078775,0.0,0.0,0.0010476697,0.0,0.001061417,0.0010476697,0.0010687204,0.0,0.0010614218,0.0,0.0010614172,0.0,0.001061417,0.0010476698,0.0,0.0,0.0010476937,0.0010315198,0.001021859,0.0010320708,0.0011078774,0.0,0.0010614773,0.0010614238,0.0010555813,0.0010665465,0.0,0.000989888,0.0,0.00106142,0.0010476708,0.0,0.0010614175,0.0010476699,0.0010401268,0.0010731767,0.001061417,0.0010476697,0.0,0.001061417,0.0010476697,0.0010401246,0.0,0.0010614174,0.0010476698,0.0010401239,0.001050822,0.0010565099,0.0010682225,0.0010731701,0.001061417,0.0010476697,0.0010401239,0.001050822,0.0010565099,0.0010682222,0.001073199,0.0,0.0,0.001031516,0.001012453,0.0010687204,0.0010910319,0.0010731784,0.0,0.0010476697,0.001031516,0.0010218589,0.0010320708,0.0011078772,0.0,0.0010614172,0.0,0.001031516,0.001012453,0.0010687204,0.0010798008,0.0010731893,0.0,0.0010476697,0.001031516,0.0010218589,0.0010320708,0.0011078853,0.0,0.001061417,0.0010476697,0.0010401239,0.001050822,0.0010565099,0.0010682228,0.0010731709,0.001061417,0.0010476697,0.0010401239,0.001050822,0.0010565099,0.0010682222,0.0,0.0010614176,0.0010476699,0.0010401239,0.001050822,0.0010565099,0.0010682223,0.0,0.0,0.0010476697,0.001031516,0.0010218589,0.0010320708,0.001107877,0.0010731719,0.001061417,0.0,0.0,0.0010614172,0.001061417,0.0010555808,0.0010732048,0.0,0.00104767,0.0,0.0010614172,0.0010476697,0.0010687236,0.001073307,0.0,0.0010614174,0.0010476699,0.0010401239,0.0,0.0010614174,0.0,0.0010614169,0.0,0.001031516,0.001012453,0.0010687205,0.001079807,0.0010731757,0.0,0.0010476697,0.001031516,0.001021859,0.0010320714,0.001107943,0.0010731878,0.0,0.0,0.001031516,0.001012453,0.0010687204,0.0010910319,0.0,0.0010614172,0.0010476698,0.0010401239,0.001050822,0.0010565099,0.0010682223,0.0010731758,0.001061417,0.0010476699,0.0,0.0010614172,0.0010476697,0.001040125,0.0010731727,0.0,0.0010476699,0.001031516,0.0010218589,0.0010320708,0.0011078779,0.0010731737,0.0,0.0010476698,0.001031516,0.001021859,0.001032071,0.0011078784,0.0,0.0010614174,0.0010614174,0.0010555807,0.0010665467,0.0,0.0009899243,0.0010732077,0.0,0.0010476699,0.001031516,0.0010218589,0.0010320708,0.0011078771,0.0010731744,0.0,0.0,0.001031516,0.001012453,0.0010687204,0.0010910326,0.0010732472,0.0010614184,0.0,0.0010315173,0.0010124536,0.0010687204,0.0010798068,0.0,0.001061417,0.0010476699,0.0010401239,0.001050822,0.0010565099,0.0010682221,0.0,0.0010614187,0.0,0.001031516,0.001012453,0.0010687204,0.0010798008,0.0,0.0010614173,0.0010476698,0.0010401239,0.001050822,0.0010565099,0.0010682225,0.0010731847,0.0010614173,0.0010476699,0.0010401241,0.001050822,0.0010565099,0.0010682226,0.0,0.0,0.0,0.001031516,0.001012453,0.0010687204,0.0010910319,0.0010731698,0.001061417,0.0,0.001031516,0.001012453,0.0010687204,0.0010798018,0.0010731801,0.001061417,0.0010476697,0.0010687204,0.0,0.001031516,0.0010124531,0.0,0.001061417,0.0010476697,0.0010401239,0.001050822,0.0010565099,0.0010682225,0.0,0.001061417,0.0010476697,0.0010401239,0.001050822,0.0010565099,0.0010682225,0.0,0.001061418,0.0010476699,0.0010401239,0.001050822,0.0010565099,0.0010682237,0.0010731816,0.001061417,0.0010476697,0.0010401239,0.001050822,0.0010565099,0.0010682227,0.0,0.0,0.0010476697,0.001031516,0.0010218589,0.0010320708,0.0011078775,0.0,0.001061417,0.0010476697,0.0010401239,0.001050822,0.0010565099,0.0010682222,0.0010733854,0.0010614191,0.00104767,0.0010401239,0.001050822,0.0010565099,0.0010682238
k__Bacteria|p__Firmicutes|c__Bacilli|o__Lactobacillales|f__Streptococcaceae|g__Streptococcus|s__Streptococcus_sp_F0442,0.0,0.001061125,0.0010474133,0.001039926,0.0010507368,0.0010565334,0.0010683257,0.0,0.0010611251,0.0010474133,0.001039926,0.0010507368,0.0010565334,0.0010683258,0.0,0.0,0.0010474166,0.0010312992,0.0010217015,0.0010320273,0.001107749,0.0010728505,0.0,0.0010474133,0.0010312976,0.0010217013,0.0010320273,0.0011077485,0.0,0.0,0.0010474133,0.0010312976,0.0010217013,0.0010320273,0.0011077484,0.0010728444,0.001061125,0.0010474133,0.001039926,0.0010507368,0.0010565334,0.0010683257,0.0,0.001061125,0.0010474133,0.001039926,0.0010507368,0.0010565334,0.0010683266,0.0010728445,0.001061125,0.0010474133,0.001039926,0.0010507368,0.0010565334,0.0010683258,0.0,0.0010611252,0.0010474134,0.0010399261,0.0010507368,0.0010565332,0.0010683262,0.0,0.0010611251,0.0010474133,0.001039926,0.0010507368,0.0010565334,0.0010683258,0.0,0.0010611251,0.0,0.0010312976,0.001012275,0.0010684493,0.0010796402,0.0,0.001061125,0.0010474133,0.001039926,0.0010507368,0.0010565332,0.0010683262,0.0,0.0,0.0,0.0010312976,0.001012275,0.0010684493,0.0010908364,0.0010728481,0.0010611251,0.0,0.0010312976,0.001012275,0.0010684493,0.0010796454,0.0010728766,0.0,0.0,0.0010312977,0.001012275,0.0010684493,0.0010908364,0.0010728524,0.0,0.0010474133,0.0,0.001061125,0.0010474133,0.0010684493,0.0010728454,0.0,0.0,0.0010312976,0.001012275,0.0010684493,0.0010908351,0.0,0.0010611255,0.0,0.0010312976,0.001012275,0.0010684493,0.001079639,0.0,0.0,0.0010474132,0.0010611253,0.0,0.0010312976,0.0010611251,0.0010728491,0.0010611252,0.0,0.0010312975,0.001012275,0.0010684493,0.0010796387,0.0,0.0,0.0010474133,0.0010312976,0.0010217013,0.0010320273,0.0011077487,0.0,0.0,0.0010474133,0.0,0.001061125,0.0010474133,0.0010684493,0.0,0.0010611255,0.0,0.0010611252,0.0,0.001061125,0.0010474136,0.0,0.0,0.0010474158,0.001031298,0.0010217014,0.0010320273,0.0011077485,0.0,0.0010611354,0.0010611258,0.001055345,0.0010664219,0.0,0.000989751,0.0,0.0010611257,0.0010474133,0.0,0.0010611248,0.0010474136,0.0010399282,0.001072845,0.001061125,0.0010474133,0.0,0.001061125,0.0010474133,0.0010399271,0.0,0.0010611252,0.0010474133,0.001039926,0.0010507368,0.0010565334,0.0010683258,0.0010728444,0.001061125,0.0010474133,0.001039926,0.0010507368,0.0010565334,0.0010683258,0.001072853,0.0,0.0,0.0010312976,0.001012275,0.0010684493,0.0010908351,0.001072846,0.0,0.0010474133,0.0010312976,0.0010217013,0.0010320273,0.0011077484,0.0,0.0010611252,0.0,0.0010312976,0.001012275,0.0010684493,0.0010796387,0.001072852,0.0,0.0010474133,0.0010312976,0.0010217013,0.0010320273,0.0011077564,0.0,0.001061125,0.0010474133,0.001039926,0.0010507368,0.0010565334,0.0010683273,0.0010728443,0.001061125,0.0010474133,0.001039926,0.0010507368,0.0010565334,0.0010683257,0.0,0.001061125,0.0010474132,0.001039926,0.0010507368,0.0010565334,0.0010683257,0.0017494072,0.0,0.0010474133,0.0010312976,0.0010217013,0.0010320273,0.0011077485,0.0010728448,0.001061125,0.0,0.0,0.0010611252,0.0010611251,0.0010553454,0.0010728531,0.0,0.0010474133,0.0,0.0010611252,0.0010474133,0.0010684527,0.0010728939,0.0,0.0010611252,0.0010474136,0.001039926,0.0,0.0010611255,0.0,0.001061125,0.0,0.0010312976,0.001012275,0.0010684493,0.0010796468,0.0010728454,0.0,0.0010474133,0.0010312976,0.0010217014,0.0010320279,0.0011078112,0.0010728465,0.0,0.0,0.0010312976,0.001012275,0.0010684493,0.0010908347,0.0,0.0010611252,0.0010474133,0.001039926,0.0010507368,0.0010565334,0.0010683258,0.0010728402,0.0010611251,0.0010474132,0.0,0.001061125,0.0010474133,0.0010399269,0.0010728455,0.0,0.0010474136,0.0010312977,0.0010217013,0.0010320273,0.0011077501,0.0010728452,0.0,0.0010474136,0.0010312976,0.0010217014,0.0010320273,0.0011077503,0.0,0.0010611251,0.0010611253,0.0010553452,0.0010664217,0.0,0.0009897852,0.0010728554,0.0,0.0010474136,0.0010312976,0.0010217013,0.0010320273,0.0011077484,0.0010728461,0.0,0.0,0.0010312976,0.001012275,0.0010684493,0.0010908362,0.0010728657,0.0010611254,0.0,0.0010312982,0.001012275,0.0010684493,0.0010796455,0.0,0.0010611251,0.0010474136,0.001039926,0.0010507368,0.0010565334,0.0010683257,0.0,0.001061125,0.0,0.0010312976,0.001012275,0.0010684493,0.0010796387,0.0,0.0010611252,0.0010474136,0.001039926,0.0010507368,0.0010565334,0.0010683258,0.0010728511,0.0010611251,0.0010474136,0.0010399262,0.0010507368,0.0010565334,0.0010683262,0.0,0.0,0.0,0.0010312976,0.001012275,0.0010684493,0.0010908355,0.0010728443,0.001061125,0.0,0.0010312976,0.001012275,0.0010684493,0.0010796395,0.0010728465,0.0010611251,0.0010474133,0.0010684493,0.0,0.0010312976,0.001012275,0.0,0.001061125,0.0010474133,0.001039926,0.0010507368,0.0010565334,0.0010683266,0.0,0.001061125,0.0010474133,0.001039926,0.0010507368,0.0010565334,0.0010683258,0.0,0.0010611251,0.0010474132,0.001039926,0.0010507368,0.0010565334,0.0010683282,0.0010728474,0.001061125,0.0010474133,0.001039926,0.0010507368,0.0010565334,0.0010683263,0.0,0.0,0.0010474133,0.0010312976,0.0010217013,0.0010320273,0.0011077488,0.0,0.001061125,0.0010474133,0.001039926,0.0010507368,0.0010565334,0.0010683258,0.0010729133,0.0010611257,0.0010474132,0.001039926,0.0010507368,0.0010565334,0.0010683286
k__Bacteria|p__Firmicutes|c__Bacilli|o__Lactobacillales|f__Streptococcaceae|g__Streptococcus|s__Streptococcus_pasteurianus,0.0,0.0010687659,0.0010552759,0.0010479504,0.0010587875,0.0010646554,0.0010763878,0.0,0.0010687661,0.0010552759,0.0010479504,0.0010587875,0.0010646554,0.0010763877,0.0,0.0,0.0010552901,0.00103939,0.0010299529,0.0010403374,0.0011147298,0.0010802961,0.0,0.0010552759,0.0010393813,0.0010299523,0.0010403374,0.0011147287,0.0,0.0,0.0010552759,0.0010393813,0.0010299523,0.0010403374,0.0011147286,0.0010802675,0.001068766,0.0010552759,0.0010479504,0.0010587875,0.0010646554,0.0010763877,0.0,0.0010687662,0.001055276,0.0010479504,0.0010587875,0.0010646554,0.0010763885,0.0010802676,0.001068766,0.0010552759,0.0010479504,0.0010587875,0.0010646554,0.0010763878,0.0,0.0010687663,0.0010552765,0.0010479506,0.0010587875,0.0010646554,0.0010763886,0.0,0.0010687661,0.0010552759,0.0010479504,0.0010587875,0.0010646554,0.0010763878,0.14866325,0.0010687661,0.047494277,0.0010393813,0.0010205738,0.0010760126,0.0010871667,0.0,0.001068766,0.0010552759,0.0010479504,0.0010587875,0.0010646554,0.0010763885,0.0,0.0,0.0,0.0010393813,0.0010205738,0.0010760126,0.0010981081,0.0010802761,0.0010687661,0.0,0.0010393813,0.0010205738,0.0010760126,0.0010871749,0.001080334,0.0,0.0,0.0010393813,0.0010205738,0.0010760126,0.0010981079,0.0010802896,0.0,0.0010552759,0.0,0.001068766,0.0010552759,0.0010760127,0.0010802704,0.0,0.0,0.0010393813,0.0010205738,0.0010760126,0.0010981063,0.0,0.0010687674,0.0,0.0010393813,0.0010205738,0.0010760126,0.0010871654,0.0,0.0,0.0010552761,0.001068767,0.0,0.0010393813,0.0010687663,0.0010802881,0.0010687663,0.0,0.0010393811,0.0010205738,0.0010760126,0.0010871652,0.0,0.0,0.0010552759,0.0010393813,0.0010299523,0.0010403374,0.0011147289,0.0,0.0,0.0010552759,0.0,0.001068766,0.0010552759,0.0010760126,0.0,0.0010687693,0.0,0.0010687661,0.0,0.001068766,0.001055276,0.0,0.0,0.00105529,0.0010393838,0.0010299523,0.0010403374,0.0011147292,0.0,0.0010688106,0.0010687705,0.0010631385,0.0010742095,0.0,0.0009982547,0.0,0.001068768,0.0010552766,0.0,0.0010687663,0.0010552759,0.0010479531,0.0010802724,0.001068766,0.0010552759,0.0,0.001068766,0.0010552759,0.0010479515,0.0,0.0010687661,0.001055276,0.0010479504,0.0010587875,0.0010646554,0.0010763877,0.0010802676,0.001068766,0.0010552759,0.0010479504,0.0010587875,0.0010646554,0.0010763878,0.0010802888,0.0,0.0,0.0010393813,0.0010205738,0.0010760126,0.0010981059,0.001080273,0.0,0.0010552759,0.0010393813,0.0010299523,0.0010403374,0.001114729,0.0,0.0010687661,0.0,0.0010393813,0.0010205738,0.0010760126,0.0010871651,0.0010802853,0.0,0.0010552759,0.0010393813,0.0010299523,0.0010403376,0.001114738,0.0,0.001068766,0.0010552759,0.0010479504,0.0010587875,0.0010646554,0.0010763896,0.0010802682,0.001068766,0.0010552759,0.0010479504,0.0010587875,0.0010646554,0.0010763877,0.0,0.0010687666,0.0010552759,0.0010479504,0.0010587875,0.0010646554,0.001076388,0.0,0.0,0.0010552759,0.0010393813,0.0010299523,0.0010403374,0.0011147289,0.0010802696,0.001068766,0.0,0.0,0.0010687661,0.0010687661,0.0010631386,0.001080298,0.06325455,0.001055276,0.0,0.0010687661,0.0010552759,0.0010760162,0.0010803752,0.0,0.001068766,0.0010552759,0.0010479504,0.0080009755,0.0010687667,0.007320573,0.0010687659,0.035899103,0.0010393813,0.0010205738,0.0010760127,0.0010871743,0.0010802717,0.0,0.0010552759,0.0010393813,0.0010299523,0.001040338,0.0011148034,0.0010802784,0.0,0.0,0.0010393813,0.0010205738,0.0010760126,0.0010981059,0.0,0.0010687661,0.001055276,0.0010479504,0.0010587875,0.0010646554,0.0010763877,0.0010802774,0.001068766,0.0010552759,0.0,0.001068766,0.0010552759,0.0010479515,0.0010802698,0.0,0.0010552759,0.0010393813,0.0010299523,0.0010403374,0.0011147314,0.0010802706,0.0,0.001055276,0.0010393813,0.0010299523,0.0010403374,0.0011147313,0.0,0.001068766,0.0010687663,0.0010631384,0.0010742093,0.0,0.0009982962,0.0010802973,0.0,0.0010552759,0.0010393813,0.0010299523,0.0010403374,0.0011147286,0.0010802727,0.0,0.0,0.0010393813,0.0010205738,0.0010760126,0.001098108,0.001080325,0.0010687669,0.0,0.0010393823,0.0010205739,0.0010760127,0.0010871729,0.0,0.001068766,0.0010552759,0.0010479504,0.0010587875,0.0010646554,0.0010763877,0.0,0.0010687668,0.0,0.0010393813,0.0010205738,0.0010760126,0.0010871651,0.0,0.001068766,0.0010552759,0.0010479504,0.0010587875,0.0010646554,0.0010763878,0.001080282,0.0010687662,0.0010552759,0.0010479505,0.0010587875,0.0010646554,0.0010763882,0.0,0.0,0.0,0.0010393813,0.0010205738,0.0010760126,0.0010981065,0.0010802674,0.001068766,0.0,0.0010393813,0.0010205738,0.0010760126,0.0010871663,0.0010802767,0.001068766,0.0010552759,0.0010760126,0.0,0.0010393813,0.0010205739,0.0,0.001068766,0.0010552759,0.0010479504,0.0010587875,0.0010646554,0.0010763888,0.0,0.001068766,0.0010552759,0.0010479504,0.0010587875,0.0010646554,0.0010763882,0.0,0.0010687667,0.0010552759,0.0010479504,0.0010587875,0.0010646554,0.001076391,0.0010802759,0.001068766,0.0010552759,0.0010479504,0.0010587875,0.0010646554,0.0010763883,0.0,0.0,0.0010552759,0.0010393813,0.0010299523,0.0010403374,0.0011147294,0.0,0.001068766,0.0010552759,0.0010479504,0.0010587875,0.0010646554,0.0010763878,0.001080442,0.0010687676,0.0010552759,0.0010479504,0.0010587875,0.0010646554,0.0010763914
k__Bacteria|p__Firmicutes|c__Tissierellia|o__Tissierellales|f__Peptoniphilaceae|g__Peptoniphilus|s__Peptoniphilus_grossensis,0.0,0.0010611957,0.0010474294,0.0010398605,0.0010505256,0.00105618,0.0010678723,0.0,0.0010611956,0.0010474294,0.0010398605,0.0010505256,0.00105618,0.0010678723,0.0,0.0,0.0010474505,0.0010312713,0.001021576,0.0010317528,0.0011076368,0.0010729867,0.0,0.0010474294,0.001031256,0.0010215752,0.0010317528,0.0011076357,0.0,0.0,0.0010474294,0.001031256,0.0010215752,0.0010317528,0.0011076357,0.001072967,0.0010611955,0.0010474294,0.0010398605,0.0010505256,0.00105618,0.0010678722,0.0,0.0010611963,0.0010474295,0.0010398605,0.0010505256,0.00105618,0.0010678729,0.001072967,0.0010611955,0.0010474294,0.0010398605,0.0010505256,0.00105618,0.0010678723,0.0,0.001061196,0.0010474303,0.0010398607,0.0010505256,0.00105618,0.0010678731,0.0,0.0010611956,0.0010474294,0.0010398605,0.0010505256,0.00105618,0.0010678723,0.0,0.0010611956,0.0,0.001031256,0.0010121729,0.0010684961,0.0010795497,0.0,0.0010611955,0.0010474294,0.0010398605,0.0010505256,0.00105618,0.0010678733,0.0,0.0,0.0,0.001031256,0.0010121729,0.0010684961,0.0010908023,0.0010729714,0.0010611956,0.0,0.001031256,0.0010121729,0.0010684961,0.0010795585,0.0010730074,0.0,0.0,0.0010312563,0.0010121729,0.0010684961,0.0010908011,0.0010729808,0.0,0.0010474294,0.0,0.0010611955,0.0010474294,0.0010684963,0.001072969,0.0,0.0,0.001031256,0.0010121729,0.0010684961,0.0010907988,0.0,0.0010611976,0.0,0.001031256,0.0010121729,0.0010684961,0.0010795477,0.0,0.0,0.001047431,0.001061197,0.0,0.001031256,0.001061196,0.0010729909,0.001061196,0.0,0.001031256,0.0010121729,0.0010684961,0.0010795473,0.0,0.0,0.0010474295,0.001031256,0.0010215752,0.0010317528,0.001107636,0.0,0.0,0.0010474294,0.0,0.0010611955,0.0010474294,0.0010684961,0.0,0.0010612024,0.0,0.0010611957,0.0,0.0010611955,0.0010474295,0.0,0.0,0.001047454,0.0010312598,0.0010215752,0.0010317528,0.001107637,0.0,0.0010612502,0.0010612016,0.0010553378,0.001066272,0.0,0.0009895939,0.0,0.0010611989,0.0010474309,0.0,0.0010611963,0.0010474295,0.0010398641,0.0010729724,0.0010611955,0.0010474294,0.0,0.0010611955,0.0010474294,0.001039862,0.0,0.0010611957,0.0010474295,0.0010398605,0.0010505256,0.00105618,0.0010678722,0.0010729667,0.0010611955,0.0010474294,0.0010398605,0.0010505256,0.00105618,0.0010678723,0.0010729817,0.0,0.0,0.001031256,0.0010121729,0.0010684961,0.0010907984,0.0010729698,0.0,0.0010474294,0.001031256,0.0010215752,0.0010317528,0.001107636,0.0,0.0010611957,0.0,0.001031256,0.0010121729,0.0010684961,0.0010795471,0.0010729791,0.0,0.0010474294,0.001031256,0.0010215752,0.0010317528,0.0011076479,0.0,0.0010611955,0.0010474294,0.0010398605,0.0010505256,0.00105618,0.0010678743,0.001072967,0.0010611955,0.0010474294,0.0010398605,0.0010505256,0.00105618,0.0010678722,0.0,0.0010611964,0.0010474295,0.0010398605,0.0010505256,0.00105618,0.0010678723,0.0,0.0,0.0010474294,0.001031256,0.0010215752,0.0010317528,0.0011076359,0.001072968,0.0010611955,0.0,0.0,0.0010611957,0.0010611956,0.001055338,0.0010729905,0.0,0.0010474297,0.0,0.0010611957,0.0010474294,0.0010685017,0.0010730356,0.0,0.001061196,0.0010474295,0.0010398605,0.0,0.0010611968,0.0,0.0010611955,0.0,0.001031256,0.0010121729,0.0010684961,0.0010795548,0.001072971,0.0,0.0010474294,0.001031256,0.0010215752,0.0010317529,0.0011077371,0.0010729835,0.0,0.0,0.001031256,0.0010121729,0.0010684961,0.0010907984,0.0,0.001061196,0.0010474295,0.0010398605,0.0010505256,0.00105618,0.0010678723,0.0010729578,0.0010611959,0.0010474295,0.0,0.0010611956,0.0010474294,0.0010398617,0.001072968,0.0,0.0010474295,0.0010312563,0.0010215752,0.0010317528,0.0011076395,0.00107297,0.0,0.0010474295,0.001031256,0.0010215752,0.0010317528,0.0011076384,0.0,0.0010611959,0.0010611961,0.0010553371,0.0010662721,0.0,0.0009896515,0.0010729826,0.0,0.0010474295,0.001031256,0.0010215752,0.0010317528,0.0011076357,0.0010729717,0.0,0.0,0.001031256,0.0010121729,0.0010684961,0.0010908016,0.001072998,0.0010611964,0.0,0.0010312574,0.0010121736,0.0010684963,0.0010795584,0.0,0.0010611957,0.0010474295,0.0010398605,0.0010505256,0.00105618,0.0010678722,0.0019706383,0.0010611977,0.0,0.001031256,0.0010121729,0.0010684961,0.0010795472,0.0,0.001061196,0.0010474295,0.0010398605,0.0010505256,0.00105618,0.0010678723,0.0010729783,0.0010611959,0.0010474295,0.0010398608,0.0010505258,0.00105618,0.0010678727,0.0,0.0,0.0,0.001031256,0.0010121729,0.0010684961,0.0010907992,0.0010729665,0.0010611955,0.0,0.001031256,0.0010121729,0.0010684961,0.0010795484,0.0010729771,0.001061196,0.0010474294,0.0010684961,0.0,0.001031256,0.0010121731,0.0,0.0010611955,0.0010474294,0.0010398605,0.0010505256,0.00105618,0.0010678734,0.0,0.0010611955,0.0010474294,0.0010398605,0.0010505256,0.00105618,0.0010678725,0.0,0.0010611964,0.0010474295,0.0010398605,0.0010505256,0.00105618,0.0010678754,0.0010729725,0.0010611959,0.0010474294,0.0010398605,0.0010505256,0.00105618,0.0010678726,0.0,0.0,0.0010474294,0.001031256,0.0010215752,0.0010317528,0.0011076364,0.0,0.0010611955,0.0010474294,0.0010398605,0.0010505256,0.00105618,0.0010678723,0.0010731517,0.0010611983,0.0010474297,0.0010398607,0.0010505256,0.00105618,0.0010678766
k__Bacteria|p__Firmicutes|c__Negativicutes|o__Selenomonadales|f__Selenomonadaceae|g__Megamonas|s__Megamonas_funiformis,0.0,0.0010619301,0.0010484016,0.001041166,0.0010523901,0.0010585975,0.0010706653,0.0,0.0010619301,0.0010484016,0.001041166,0.0010523901,0.0010585975,0.0010706652,0.0,0.0,0.0010484039,0.0010324785,0.0010231413,0.0010338946,0.001108984,0.0010734727,0.0,0.0010484016,0.0010324772,0.0010231412,0.0010338946,0.001108984,0.0,0.0,0.0010484016,0.0010324772,0.0010231412,0.0010338946,0.001108984,0.0010734753,0.0010619301,0.0010484016,0.001041166,0.0010523901,0.0010585975,0.0010706652,0.0,0.0010619301,0.0010484017,0.001041166,0.0010523901,0.0010585975,0.0010706661,0.0010734757,0.0010619301,0.0010484016,0.001041166,0.0010523901,0.0010585975,0.0010706653,0.0,0.0010619302,0.0010484017,0.001041166,0.0010523901,0.0010585975,0.0010706654,0.0,0.0010619301,0.0010484016,0.001041166,0.0010523901,0.0010585975,0.0010706653,0.0,0.0010619301,0.0,0.0010324772,0.0010136529,0.0010693118,0.0010808873,0.0,0.0010619301,0.0010484016,0.001041166,0.0010523901,0.0010585975,0.0010706654,0.0,0.0,0.0,0.0010324772,0.0010136529,0.0010693118,0.0010918945,0.0010734755,0.0010619301,0.0,0.0010324772,0.0010136529,0.0010693118,0.0010808895,0.0010734791,0.0,0.0,0.0010324774,0.0010136529,0.0010693118,0.0010918947,0.0010734752,0.0,0.0010484016,0.0,0.0010619301,0.0010484016,0.0010693119,0.0010734753,0.0,0.0,0.0010324772,0.0010136529,0.0010693118,0.0010918941,0.0,0.0010619303,0.0,0.0010324772,0.0010136529,0.0010693118,0.0010808867,0.0,0.0,0.0010484017,0.0010619303,0.0,0.0010324772,0.0010619302,0.0010734736,0.0010619302,0.0,0.0010324774,0.0010136529,0.0010693118,0.0010808867,0.0,0.0,0.0010484015,0.0010324772,0.0010231412,0.0010338946,0.0011089842,0.0,0.0,0.0010484016,0.0,0.0010619301,0.0010484016,0.0010693116,0.0,0.0010619301,0.0,0.0010619302,0.0,0.0010619301,0.0010484017,0.0,0.0,0.0010484023,0.0010324775,0.0010231412,0.0010338946,0.0011089838,0.0,0.001061937,0.0010619304,0.0010563915,0.0010678679,0.0,0.0009913277,0.0,0.0010619304,0.0010484015,0.0,0.0010619303,0.0010484017,0.0010411673,0.0010734744,0.0010619301,0.0010484016,0.0,0.0010619301,0.0010484016,0.0010411666,0.0,0.0010619303,0.0010484017,0.001041166,0.0010523901,0.0010585975,0.0010706653,0.0010734756,0.0010619301,0.0010484016,0.001041166,0.0010523901,0.0010585975,0.0010706653,0.0010734749,0.0,0.0,0.0010324772,0.0010136529,0.0010693118,0.0010918941,0.0010734746,0.6614452,0.0010484016,0.0010324772,0.0010231412,0.0010338946,0.001108984,0.0,0.0010619302,0.0,0.0010324772,0.0010136529,0.0010693118,0.0010808865,0.0010734773,0.0,0.0010484016,0.0010324772,0.0010231412,0.0010338946,0.0011089877,0.0,0.0010619301,0.0010484016,0.001041166,0.0010523901,0.0010585975,0.0010706662,0.0010734752,0.0010619301,0.0010484016,0.001041166,0.0010523901,0.0010585975,0.0010706652,0.0,0.0010619302,0.0010484015,0.001041166,0.0010523901,0.0010585975,0.0010706653,0.0,0.0,0.0010484016,0.0010324772,0.0010231412,0.0010338946,0.0011089841,0.0010734751,0.0010619301,0.0,0.0,0.0010619302,0.0010619301,0.001056392,0.0010734731,0.0,0.0010484015,0.0,0.0010619302,0.0010484016,0.001069314,0.0010734858,0.0,0.0010619302,0.0010484015,0.001041166,0.0,0.0010619306,0.0,0.00106193,0.0,0.0010324772,0.0010136529,0.0010693118,0.0010808927,0.0010734749,0.0,0.0010484016,0.0010324772,0.0010231412,0.0010338948,0.0011090091,0.0010734734,0.0,0.0,0.0010324772,0.0010136529,0.0010693118,0.0010918941,0.0,0.0010619302,0.0010484017,0.001041166,0.0010523901,0.0010585975,0.0010706652,0.001073464,0.0010619301,0.0010484015,0.0,0.0010619301,0.0010484016,0.0010411664,0.0010734753,0.0,0.0010484017,0.0010324774,0.0010231412,0.0010338946,0.0011089846,0.0010734751,0.0,0.0010484017,0.0010324772,0.0010231412,0.0010338947,0.0011089849,0.0,0.0010619301,0.0010619303,0.0010563916,0.0010678679,0.0,0.0009913533,0.0010734753,0.0,0.0010484017,0.0010324772,0.0010231412,0.0010338946,0.001108984,0.0010734751,0.0,0.0,0.0010324772,0.0010136529,0.0010693118,0.0010918945,0.0010734729,0.0010619302,0.0,0.0010324776,0.001013653,0.0010693116,0.0010808897,0.0,0.0010619302,0.0010484015,0.001041166,0.0010523901,0.0010585975,0.0010706652,0.0,0.0010619302,0.0,0.0010324772,0.0010136529,0.0010693118,0.0010808865,0.0,0.0010619302,0.0010484017,0.001041166,0.0010523901,0.0010585975,0.0010706653,0.0010734765,0.0010619301,0.0010484017,0.001041166,0.0010523901,0.0010585975,0.0010706657,0.0,0.0,0.0,0.0010324772,0.0010136529,0.0010693118,0.0010918946,0.0010734755,0.0010619301,0.0,0.0010324772,0.0010136529,0.0010693118,0.0010808868,0.0010734746,0.0010619302,0.0010484016,0.0010693118,0.0,0.0010324772,0.001013653,0.0,0.0010619301,0.0010484016,0.001041166,0.0010523901,0.0010585975,0.001070666,0.0,0.0010619301,0.0010484016,0.001041166,0.0010523901,0.0010585975,0.0010706654,0.0,0.0010619301,0.0010484015,0.001041166,0.0010523901,0.0010585975,0.001070667,0.0010734746,0.0010619301,0.0010484016,0.001041166,0.0010523901,0.0010585975,0.0010706655,0.0,0.0,0.0010484016,0.0010324772,0.0010231412,0.0010338946,0.0011089842,0.009522442,0.0010619301,0.0010484016,0.001041166,0.0010523901,0.0010585975,0.0010706653,0.001073491,0.0010619303,0.0010484013,0.001041166,0.0010523901,0.0010585975,0.0010706667
k__Bacteria|p__Firmicutes|c__Clostridia|o__Eubacteriales|f__Clostridiaceae|g__Clostridium|s__Clostridium_sp_NSJ_42,0.0,0.0010580296,0.0010444237,0.0010371573,0.0010484572,0.0010547168,0.0010668768,0.0,0.0010580297,0.0010444237,0.0010371573,0.0010484572,0.0010547168,0.0010668766,0.0,0.0,0.0010444456,0.0010284405,0.0010190572,0.0010298712,0.0011055289,0.0010696823,0.0,0.0010444237,0.001028424,0.0010190565,0.0010298712,0.0011055284,0.0,0.0,0.0010444237,0.001028424,0.0010190565,0.0010298712,0.0011055283,0.0010696531,0.0010580296,0.0010444237,0.0010371573,0.0010484572,0.0010547168,0.0010668766,0.0022448204,0.0010580301,0.0010444238,0.0010371573,0.0010484572,0.0010547168,0.0010668776,0.0010696532,0.0010580296,0.0010444237,0.0010371573,0.0010484572,0.0010547168,0.0010668767,0.0,0.0010580301,0.0010444244,0.0010371574,0.0010484572,0.0010547168,0.0010668775,0.0,0.0010580297,0.0010444237,0.0010371573,0.0010484572,0.0010547168,0.0010668767,0.0,0.0010580297,0.0,0.001028424,0.0010095291,0.0010654649,0.0010771455,0.0,0.0010580296,0.0010444237,0.0010371573,0.0010484572,0.0010547168,0.0010668772,0.0,0.0,0.0,0.001028424,0.0010095291,0.0010654649,0.0010882473,0.0010696603,0.0010580297,0.0,0.001028424,0.0010095291,0.0010654649,0.0010771487,0.001069689,0.0,0.0,0.0010284242,0.0010095291,0.0010654649,0.0010882468,0.0010696729,0.0,0.0010444237,0.0,0.0010580296,0.0010444237,0.0010654649,0.0010696558,0.0,0.0,0.001028424,0.0010095291,0.0010654649,0.0010882458,0.0,0.0010580313,0.0,0.001028424,0.0010095291,0.0010654649,0.0010771437,0.0,0.0,0.0010444253,0.0010580308,0.0,0.001028424,0.0010580297,0.0010696811,0.0010580301,0.0,0.001028424,0.0010095291,0.0010654649,0.0010771438,0.0,0.0,0.0010444239,0.001028424,0.0010190565,0.0010298712,0.0011055286,0.0,0.0,0.0010444237,0.0,0.0010580296,0.0010444237,0.0010654649,0.0,0.0010580358,0.0,0.0010580298,0.0,0.0010580296,0.0010444239,0.0,0.0,0.0010444475,0.0010284282,0.0010190564,0.0010298712,0.001105529,0.0,0.0010580828,0.0010580356,0.0010524644,0.0010640299,0.0,0.0009871471,0.0,0.0010580323,0.0010444251,0.0,0.0010580301,0.0010444237,0.0010371606,0.0010696612,0.0010580296,0.0010444237,0.0,0.0010580296,0.0010444237,0.0010371582,0.0,0.0010580298,0.0010444237,0.0010371573,0.0010484572,0.0010547168,0.001066877,0.0010696532,0.0010580296,0.0010444237,0.0010371573,0.0010484572,0.0010547168,0.0010668767,0.0010696716,0.0,0.0,0.001028424,0.0010095291,0.0010654649,0.0010882454,0.0010696558,0.0,0.0010444237,0.001028424,0.0010190565,0.0010298712,0.0011055286,0.0,0.0010580298,0.0,0.001028424,0.0010095291,0.0010654649,0.0010771437,0.0010696677,0.0,0.0010444237,0.001028424,0.0010190565,0.0010298712,0.001105535,0.0,0.0010580296,0.0010444237,0.0010371573,0.0010484572,0.0010547168,0.0010668776,0.0010696538,0.0010580296,0.0010444237,0.0010371573,0.0010484572,0.0010547168,0.0010668766,0.0,0.0010580304,0.0010444239,0.0010371573,0.0010484572,0.0010547168,0.0010668768,0.0,0.0,0.0010444237,0.001028424,0.0010190565,0.0010298712,0.0011055284,0.0010696555,0.0010580296,0.0,0.0,0.0010580298,0.0010580297,0.0010524641,0.0010696875,0.0,0.0010444241,0.0,0.0010580298,0.0010444237,0.0010654699,0.00106972,0.0,0.0010580298,0.0010444237,0.0010371573,0.0,0.0010580305,0.0,0.0010580296,0.0,0.001028424,0.0010095291,0.0010654649,0.0010771495,0.001069659,0.0,0.0010444237,0.001028424,0.0010190564,0.0010298714,0.0011055768,0.0010696708,0.0,0.0,0.001028424,0.0010095291,0.0010654649,0.0010882454,0.0,0.0010580298,0.0010444237,0.0010371573,0.0010484572,0.0010547168,0.0010668766,0.0010696695,0.0010580297,0.0010444237,0.0,0.0010580297,0.0010444237,0.0010371587,0.0010696545,0.0,0.0010444239,0.0010284244,0.0010190565,0.0010298712,0.0011055304,0.0010696569,0.0,0.0010444237,0.001028424,0.0010190564,0.0010298712,0.0011055295,0.0,0.0010580297,0.0010580298,0.0010524637,0.0010640301,0.0,0.0009871913,0.0010696758,0.0,0.0010444237,0.001028424,0.0010190565,0.0010298712,0.0011055283,0.001069659,0.0,0.0,0.001028424,0.0010095291,0.0010654649,0.0010882469,0.0010696882,0.0010580303,0.018573834,0.0010284252,0.0010095295,0.0010654649,0.0010771506,0.0,0.0010580298,0.0010444239,0.0010371573,0.0010484572,0.0010547168,0.0010668766,0.0,0.0010580318,0.0,0.001028424,0.0010095291,0.0010654649,0.0010771437,0.0,0.0010580297,0.0010444239,0.0010371573,0.0010484572,0.0010547168,0.0010668767,0.0010696629,0.0010580297,0.0010444238,0.0010371577,0.0010484572,0.0010547168,0.0010668768,0.0,0.0,0.0,0.001028424,0.0010095291,0.0010654649,0.001088246,0.0010696526,0.0010580296,0.0,0.001028424,0.0010095291,0.0010654649,0.0010771444,0.0010696654,0.0010580298,0.0010444237,0.0010654649,0.0,0.001028424,0.0010095292,0.0,0.0010580296,0.0010444237,0.0010371573,0.0010484572,0.0010547168,0.0010668775,0.0,0.0010580296,0.0010444237,0.0010371573,0.0010484572,0.0010547168,0.0010668768,0.0,0.0010580302,0.0010444237,0.0010371573,0.0010484572,0.0010547168,0.0010668781,0.001069659,0.0010580296,0.0010444237,0.0010371573,0.0010484572,0.0010547168,0.0010668769,0.0,0.0,0.0010444237,0.001028424,0.0010190565,0.0010298712,0.0011055284,0.0,0.0010580296,0.0010444237,0.0010371573,0.0010484572,0.0010547168,0.0010668767,0.0010698405,0.001058032,0.0010444238,0.0010371573,0.0010484572,0.0010547168,0.0010668788
k__Bacteria|p__Firmicutes|c__Bacilli|o__Lactobacillales|f__Enterococcaceae|g__Enterococcus|s__Enterococcus_durans,0.0,0.0010625394,0.0010489781,0.0010416814,0.0010527783,0.0010588644,0.0010708389,0.0,0.0010625395,0.0010489781,0.0010416814,0.0010527783,0.0010588644,0.0010708388,0.0,0.0,0.0010489887,0.0010330277,0.0010236196,0.0010342448,0.0011093833,0.0010741124,0.0,0.0010489781,0.0010330186,0.0010236194,0.0010342448,0.0011093834,0.0,0.0,0.0010489781,0.0010330186,0.0010236194,0.0010342448,0.0011093834,0.0010741148,0.0010625394,0.0010489781,0.0010416814,0.0010527783,0.0010588644,0.0010708388,0.0,0.0010625394,0.0010489782,0.0010416814,0.0010527783,0.0010588644,0.0010708391,0.0010741153,0.0010625394,0.0010489781,0.0010416814,0.0010527783,0.0010588644,0.0010708389,0.0,0.0010625395,0.0010489783,0.0010416815,0.0010527783,0.0010588644,0.0010708392,0.0,0.0010625395,0.0010489781,0.0010416814,0.0010527783,0.0010588644,0.0010708389,0.0,0.0010625395,0.0,0.0010330186,0.0010141557,0.0010698942,0.0010813441,0.0,0.0010625394,0.0010489781,0.0010416814,0.0010527783,0.0010588644,0.0010708391,0.0,0.0,0.0,0.0010330186,0.0010141557,0.0010698942,0.001092382,0.0010741118,0.0010625395,0.0,0.0010330186,0.0010141557,0.0010698942,0.0010813418,0.0010740726,0.0,0.0,0.0010330185,0.0010141557,0.0010698942,0.0010923818,0.0010741089,0.0,0.0010489781,0.0,0.0010625394,0.0010489781,0.0010698941,0.0010741137,0.0,0.0,0.0010330186,0.0010141557,0.0010698942,0.0010923818,0.0,0.0010625396,0.0,0.0010330186,0.0010141557,0.0010698942,0.0010813434,0.0,0.0,0.0010489791,0.0010625393,0.0,0.0010330186,0.0010625393,0.0010741176,0.0010625395,0.0,0.0010330185,0.0010141557,0.0010698942,0.0010813435,0.0,0.0,0.0010489783,0.0010330186,0.0010236194,0.0010342448,0.0011093831,0.0,0.0,0.0010489781,0.0,0.0010625394,0.0010489781,0.0010698942,0.0,0.0010625422,0.0,0.0010625395,0.0,0.0010625394,0.0010489782,0.0,0.0,0.0010489905,0.00103302,0.0010236194,0.0010342448,0.0011093834,0.0,0.0010625536,0.0010625412,0.0010569423,0.001068292,0.0,0.0009917873,0.0,0.0010625398,0.0010489787,0.0,0.0010625396,0.0010489783,0.0010416826,0.001074118,0.0010625394,0.0010489781,0.0,0.0010625394,0.0010489781,0.0010416816,0.0,0.0010625396,0.0010489782,0.0010416814,0.0010527783,0.0010588644,0.0010708388,0.0010741153,0.0010625394,0.0010489781,0.0010416814,0.0010527783,0.0010588644,0.0010708389,0.001074103,0.0,0.0,0.0010330186,0.0010141557,0.0010698942,0.0010923819,0.0010741105,0.0,0.0010489781,0.0010330186,0.0010236194,0.0010342448,0.0011093834,0.0,0.0010625395,0.0,0.0010330186,0.0010141557,0.0010698942,0.0010813435,0.0010741109,0.0,0.0010489781,0.0010330186,0.0010236194,0.0010342448,0.0011093818,0.0,0.0010625394,0.0010489781,0.0010416814,0.0010527783,0.0010588644,0.0010708388,0.0010741152,0.0010625394,0.0010489781,0.0010416814,0.0010527783,0.0010588644,0.0010708388,0.0,0.0010625398,0.0010489783,0.0010416814,0.0010527783,0.0010588644,0.0010708389,0.0,0.0,0.0010489781,0.0010330186,0.0010236194,0.0010342448,0.0011093835,0.0010741148,0.0010625394,0.0,0.0,0.0010625395,0.0010625395,0.0010569424,0.0010741125,0.0,0.0010489784,0.0,0.0010625395,0.0010489781,0.0010698965,0.0010740684,0.0,0.0010625395,0.0010489783,0.0010416814,0.0,0.0010625395,0.0,0.0010625393,0.0,0.0010330186,0.0010141557,0.0010698942,0.0010813429,0.0010741152,0.0,0.0010489781,0.0010330186,0.0010236194,0.0010342448,0.0011093726,0.0010741189,0.0,0.0,0.0010330186,0.0010141557,0.0010698942,0.0010923817,0.0,0.0010625395,0.0010489782,0.0010416814,0.0010527783,0.0010588644,0.0010708388,0.0010741261,0.0010625394,0.0010489783,0.0,0.0010625394,0.0010489781,0.0010416819,0.0010741132,0.0,0.0010489783,0.0010330186,0.0010236194,0.0010342448,0.0011093837,0.0010741148,0.0051515764,0.0010489782,0.0010330186,0.0010236192,0.0010342447,0.0011093821,0.0,0.0010625394,0.0010625393,0.0010569422,0.001068292,0.0,0.0009918172,0.0010740954,0.0,0.0010489783,0.0010330186,0.0010236194,0.0010342448,0.0011093834,0.0010741154,0.0,0.0,0.0010330186,0.0010141557,0.0010698942,0.0010923822,0.0010740873,0.0010625388,0.0,0.0010330187,0.0010141558,0.0010698942,0.0010813439,0.0,0.0010625395,0.0010489783,0.0010416814,0.0010527783,0.0010588644,0.0010708388,0.0,0.0010625406,0.0,0.0010330186,0.0010141557,0.0010698942,0.0010813435,0.0,0.0010625395,0.0010489783,0.0010416814,0.0010527783,0.0010588644,0.0010708389,0.0010741085,0.0010625394,0.001048978,0.0010416816,0.0010527783,0.0010588644,0.0010708388,0.0,0.0,0.0,0.0010330186,0.0010141557,0.0010698942,0.001092382,0.0010741149,0.0010625394,0.0,0.0010330186,0.0010141557,0.0010698942,0.0010813432,0.0010741147,0.0010625395,0.0010489781,0.0010698942,0.0,0.0010330186,0.0010141558,0.0,0.0010625394,0.0010489781,0.0010416814,0.0010527783,0.0010588644,0.001070839,0.0,0.0010625394,0.0010489781,0.0010416814,0.0010527783,0.0010588644,0.001070839,0.0,0.0010625393,0.0010489783,0.0010416814,0.0010527783,0.0010588644,0.001070839,0.0010741098,0.0010625394,0.0010489781,0.0010416814,0.0010527783,0.0010588644,0.0010708389,0.0,0.0,0.0010489781,0.0010330186,0.0010236194,0.0010342448,0.0011093833,0.0,0.0010625394,0.0010489781,0.0010416814,0.0010527783,0.0010588644,0.0010708389,0.0010741572,0.0010625402,0.0010489782,0.0010416814,0.0010527783,0.0010588644,0.0010708395
k__Bacteria|p__Firmicutes|c__Negativicutes|o__Veillonellales|f__Veillonellaceae|g__Megasphaera|s__Megasphaera_sp_MJR8396C,0.0,0.001059377,0.0010455824,0.0010380106,0.0010487313,0.0010544293,0.0010661782,0.0,0.0010593768,0.0010455824,0.0010380106,0.0010487313,0.0010544293,0.0010661782,0.0,0.0,0.0010456019,0.001029397,0.0010196989,0.0010299251,0.0011060493,0.0010711917,0.0,0.0010455824,0.0010293822,0.0010196982,0.0010299251,0.0011060486,0.0,0.0,0.0010455824,0.0010293822,0.0010196982,0.0010299251,0.0011060485,0.0010711767,0.0010593766,0.0010455824,0.0010380106,0.0010487313,0.0010544293,0.0010661782,0.0,0.0010593774,0.0010455825,0.0010380106,0.0010487313,0.0010544293,0.0010661787,0.0010711767,0.0010593766,0.0010455824,0.0010380106,0.0010487313,0.0010544293,0.0010661781,0.0,0.0010593772,0.0010455829,0.0010380107,0.0010487313,0.0010544293,0.0010661788,0.0,0.0010593768,0.0010455824,0.0010380106,0.0010487313,0.0010544293,0.0010661782,0.011100132,0.0010593768,0.0013817755,0.0010293822,0.0010102751,0.0010667056,0.001077826,0.0,0.0010593766,0.0010455824,0.0010380105,0.0010487313,0.0010544293,0.0010661787,0.0,0.0,0.0,0.0010293822,0.0010102751,0.0010667056,0.001089113,0.001071179,0.0010593768,0.0,0.0010293822,0.0010102751,0.0010667056,0.0010778313,0.0010711942,0.0,0.0,0.0010293823,0.0010102751,0.0010667056,0.0010891121,0.001071183,0.0,0.0010455824,0.0,0.0010593766,0.0010455824,0.0010667054,0.0010711775,0.0,0.0,0.0010293822,0.0010102751,0.0010667056,0.0010891113,0.0,0.0010593785,0.0,0.0010293822,0.0010102751,0.0010667056,0.0010778243,0.0,0.0,0.0010455842,0.0010593778,0.0,0.0010293822,0.0010593769,0.001071195,0.0010593772,0.0,0.0010293821,0.0010102751,0.0010667056,0.001077824,0.0,0.0,0.0010455825,0.0010293822,0.0010196982,0.0010299251,0.0011060488,0.0,0.0,0.0010455824,0.0,0.0010593766,0.0010455824,0.0010667056,0.0,0.0010593826,0.0,0.0010593769,0.0,0.0010593766,0.0010455825,0.0,0.0,0.0010456055,0.0010293855,0.0010196982,0.0010299251,0.0011060494,0.0,0.0010594185,0.001059382,0.001053517,0.0010645128,0.0,0.0009876733,0.0,0.0010593794,0.0010455836,0.0,0.0010593772,0.0010455824,0.0010380136,0.0010711813,0.0010593766,0.0010455824,0.0,0.0010593766,0.0010455824,0.0010380112,0.0,0.001059377,0.0010455825,0.0010380105,0.0010487313,0.0010544293,0.0010661782,0.0010711766,0.0010593766,0.0010455824,0.0010380106,0.0010487313,0.0010544293,0.0010661782,0.0010711866,0.0,0.0,0.0010293822,0.0010102751,0.0010667056,0.0010891114,0.0010711773,0.0,0.0010455824,0.0010293822,0.0010196982,0.0010299251,0.0011060488,0.0,0.0010593769,0.0,0.0010293822,0.0010102751,0.0010667056,0.0010778239,0.0010711853,0.0,0.0010455824,0.0010293822,0.0010196982,0.0010299251,0.0011060548,0.0,0.0010593766,0.0010455824,0.0010380106,0.0010487313,0.0010544293,0.0010661798,0.0010711767,0.0010593766,0.0010455824,0.0010380106,0.0010487313,0.0010544293,0.0010661782,0.0,0.0010593776,0.0010455824,0.0010380105,0.0010487313,0.0010544293,0.0010661782,0.0,0.0,0.0010455824,0.0010293822,0.0010196982,0.0010299251,0.0011060486,0.001071177,0.0010593766,0.0,0.0,0.0010593769,0.0010593768,0.001053517,0.0010711928,0.0,0.0010455827,0.0,0.0010593769,0.0010455824,0.001066709,0.00107121,0.0,0.0010593771,0.0010455824,0.0010380105,0.0,0.0010593774,0.0,0.0010593766,0.0,0.0010293822,0.0010102751,0.0010667056,0.0010778303,0.00107118,0.0,0.0010455824,0.0010293822,0.0010196982,0.0010299254,0.0011060975,0.0010711916,0.0,0.0,0.0010293822,0.0010102751,0.0010667056,0.0010891111,0.0,0.0010593769,0.0010455825,0.0010380106,0.0010487313,0.0010544293,0.0010661782,0.0010711695,0.0010593771,0.0010455824,0.0,0.0010593769,0.0010455824,0.0010380115,0.0010711765,0.0,0.0010455824,0.0010293823,0.0010196982,0.0010299251,0.0011060508,0.0010711785,0.0,0.0010455825,0.0010293822,0.0010196982,0.0010299253,0.0011060502,0.0,0.0010593771,0.0010593772,0.0010535163,0.0010645129,0.0,0.0009877239,0.0010711827,0.0,0.0010455824,0.0010293822,0.0010196982,0.0010299251,0.0011060485,0.0010711788,0.0,0.0,0.0010293822,0.0010102751,0.0010667056,0.0010891128,0.0010711971,0.0010593773,0.0,0.001029383,0.0010102752,0.0010667056,0.001077831,0.0,0.0010593769,0.0010455824,0.0010380105,0.0010487313,0.0010544293,0.0010661782,0.0,0.0010593786,0.0,0.0010293822,0.0010102751,0.0010667056,0.0010778239,0.0,0.0010593771,0.0010455825,0.0010380105,0.0010487313,0.0010544293,0.0010661781,0.0010711816,0.001059377,0.0010455825,0.0010380109,0.0010487313,0.0010544293,0.0010661787,0.0,0.0,0.0,0.0010293822,0.0010102751,0.0010667056,0.0010891116,0.0010711765,0.0010593766,0.0,0.0010293822,0.0010102751,0.0010667056,0.0010778246,0.0010711844,0.0010593771,0.0010455824,0.0010667056,0.00166643,0.0010293822,0.0010102752,0.0,0.0010593766,0.0010455824,0.0010380105,0.0010487313,0.0010544293,0.0010661792,0.0,0.0010593766,0.0010455824,0.0010380105,0.0010487313,0.0010544293,0.0010661785,0.0,0.0010593773,0.0010455824,0.0010380105,0.0010487313,0.0010544293,0.0010661803,0.0010711782,0.0010593766,0.0010455824,0.0010380105,0.0010487313,0.0010544293,0.0010661785,0.0,0.0,0.0010455824,0.0010293822,0.0010196982,0.0010299251,0.0011060487,0.0,0.0010593766,0.0010455824,0.0010380106,0.0010487313,0.0010544293,0.0010661782,0.001071326,0.0010593788,0.0010455825,0.0010380106,0.0010487313,0.0010544293,0.0010661812
k__Bacteria|p__Firmicutes|c__Erysipelotrichia|o__Erysipelotrichales|f__Erysipelotrichaceae|g__Holdemanella|s__Holdemanella_porci,0.0,0.0010618475,0.0010482207,0.0010408426,0.0010518202,0.0010577852,0.0010696847,0.0,0.0010618474,0.0010482207,0.0010408426,0.0010518202,0.0010577852,0.0010696847,0.0,0.0,0.001048237,0.0010322044,0.0010227107,0.0010332101,0.0011086088,0.0010735084,0.0,0.0010482207,0.0010321932,0.0010227099,0.0010332101,0.0011086089,0.0,0.0,0.0010482207,0.0010321932,0.0010227099,0.0010332101,0.0011086089,0.0010734858,0.0010618473,0.0010482207,0.0010408426,0.0010518202,0.0010577852,0.0010696846,0.0,0.0010618478,0.0010482207,0.0010408426,0.0010518202,0.0010577852,0.0010696846,0.0010734858,0.0010618473,0.0010482207,0.0010408426,0.0010518202,0.0010577852,0.0010696847,0.0,0.0010618477,0.001048221,0.001040843,0.0010518202,0.0010577852,0.001069685,0.0,0.0010618474,0.0010482207,0.0010408426,0.0010518202,0.0010577852,0.0010696847,0.0,0.0010618474,0.0,0.0010321932,0.0010132609,0.0010691907,0.001080533,0.0,0.0010618473,0.0010482207,0.0010408426,0.0010518202,0.0010577852,0.0010696847,0.0,0.0,0.0,0.0010321932,0.0010132609,0.0010691907,0.0010916404,0.0010734912,0.0010618474,0.0,0.0010321932,0.0010132609,0.0010691907,0.0010805363,0.001073548,0.0,0.0,0.0010321934,0.0010132609,0.0010691907,0.0010916402,0.0010735046,0.0,0.0010482207,0.0,0.0010618473,0.0010482207,0.0010691907,0.0010734884,0.0,0.0,0.0010321932,0.0010132609,0.0010691907,0.0010916397,0.0,0.0010618491,0.0,0.0010321932,0.0010132609,0.0010691907,0.0010805327,0.0,0.0,0.0010482214,0.001061849,0.0,0.0010321932,0.0010618475,0.0010735112,0.0010618477,0.0,0.0010321933,0.0010132609,0.0010691907,0.0010805324,0.0,0.0,0.0010482208,0.0010321932,0.0010227099,0.0010332101,0.001108609,0.0,0.0,0.0010482207,0.0,0.0010618473,0.0010482207,0.0010691906,0.0,0.0010618512,0.0,0.0010618474,0.0,0.0010618473,0.0010482208,0.0,0.0,0.0010482412,0.0010321968,0.0010227101,0.0010332103,0.0011086086,0.0,0.0010618931,0.0010618526,0.0010561728,0.0010674088,0.0,0.000990824,0.0,0.0010618498,0.0010482215,0.0,0.0010618477,0.0010482207,0.0010408442,0.0010734901,0.0010618473,0.0010482207,0.0,0.0010618473,0.0010482207,0.0010408434,0.0,0.0010618478,0.0010482208,0.0010408426,0.0010518202,0.0010577852,0.0010696846,0.0010734859,0.0010618473,0.0010482207,0.0010408426,0.0010518202,0.0010577852,0.0010696847,0.0010735071,0.0,0.0,0.0010321932,0.0010132609,0.0010691907,0.0010916401,0.0010734922,0.0010980417,0.0010482207,0.0010321932,0.0010227099,0.0010332101,0.0011086087,0.0,0.0010618474,0.0,0.0010321932,0.0010132609,0.0010691907,0.0010805324,0.0010734975,0.0,0.0010482207,0.0010321932,0.0010227099,0.0010332101,0.0011086111,0.0,0.0010618473,0.0010482207,0.0010408426,0.0010518202,0.0010577852,0.001069685,0.0010734864,0.0010618473,0.0010482207,0.0010408426,0.0010518202,0.0010577852,0.0010696846,0.0,0.0010618478,0.0010482207,0.0010408428,0.0010518202,0.0010577852,0.0010696847,0.0,0.0,0.0010482207,0.0010321932,0.0010227099,0.0010332101,0.001108609,0.0010734873,0.0010618473,0.0,0.0,0.0010618474,0.0010618474,0.0010561723,0.001073511,0.0,0.0010482208,0.0,0.0010618474,0.0010482207,0.0010691911,0.001073577,0.0,0.0010618477,0.0010482207,0.0010408426,0.0,0.0010618475,0.0,0.0010618472,0.0,0.0010321932,0.0010132609,0.0010691907,0.0010805344,0.0010734902,0.0,0.0010482207,0.0010321932,0.0010227098,0.0010332105,0.0011086322,0.001073499,0.0,0.0,0.0010321932,0.0010132609,0.0010691907,0.00109164,0.0,0.0010618474,0.0010482208,0.0010408426,0.0010518202,0.0010577852,0.0010696847,0.0010734834,0.0010618474,0.0010482207,0.0,0.0010618477,0.0010482207,0.0010408435,0.0010734879,0.0,0.0010482207,0.0010321933,0.0010227099,0.0010332101,0.0011086086,0.0010734884,0.0,0.0010482208,0.0010321932,0.0010227098,0.00103321,0.0011086093,0.0,0.0010618475,0.0010618478,0.0010561723,0.0010674086,0.0,0.00099085,0.0010735157,0.0,0.0010482207,0.0010321932,0.0010227099,0.0010332101,0.0011086089,0.001073489,0.0,0.0,0.0010321932,0.0010132609,0.0010691907,0.0010916402,0.0010735374,0.0010618484,0.0,0.001032194,0.0010132616,0.0010691907,0.0010805349,0.0,0.0010618473,0.0010482207,0.0010408426,0.0010518202,0.0010577852,0.0010696846,0.021576058,0.0010618487,0.0,0.0010321932,0.0010132609,0.0010691907,0.0010805324,0.0,0.0010618473,0.0010482208,0.0010408426,0.0010518202,0.0010577852,0.0010696849,0.0010734954,0.0010618475,0.0010482207,0.001040843,0.0010518202,0.0010577852,0.0010696846,0.0,0.0,0.0,0.0010321932,0.0010132609,0.0010691907,0.0010916401,0.0010734857,0.0010618473,0.0,0.0010321932,0.0010132609,0.0010691907,0.0010805329,0.0010734941,0.0010618473,0.0010482207,0.0010691907,0.0,0.0010321932,0.0010132611,0.0,0.0010618473,0.0010482207,0.0010408428,0.0010518202,0.0010577852,0.0010696847,0.0,0.0010618473,0.0010482207,0.0010408426,0.0010518202,0.0010577852,0.001069685,0.0,0.0010618481,0.0010482207,0.0010408426,0.0010518202,0.0010577852,0.001069685,0.0010734942,0.0010618473,0.0010482207,0.0010408426,0.0010518202,0.0010577852,0.0010696851,0.0,0.0,0.0010482207,0.0010321932,0.0010227099,0.0010332101,0.0011086089,0.0,0.0010618473,0.0010482207,0.0010408426,0.0010518202,0.0010577852,0.0010696847,0.001073627,0.001061849,0.0010482207,0.0010408428,0.0010518202,0.0010577852,0.001069685
k__Bacteria|p__Firmicutes|c__Tissierellia|o__Tissierellales|f__Peptoniphilaceae|g__Peptoniphilus|s__Peptoniphilus_gorbachii,0.0,0.001062106,0.0010485001,0.0010411474,0.0010521602,0.0010581614,0.001070083,0.0,0.0010621061,0.0010485001,0.0010411474,0.0010521602,0.0010581614,0.0010700825,0.0,0.0,0.0010485062,0.001032499,0.0010230372,0.0010335747,0.001108888,0.001073756,0.0,0.0010485001,0.0010324942,0.0010230371,0.0010335743,0.0011088873,0.0,0.0,0.0010485001,0.0010324942,0.0010230371,0.0010335743,0.0011088873,0.0010737246,0.001062106,0.0010485001,0.0010411474,0.0010521602,0.0010581614,0.0010700825,0.0,0.0010621066,0.0010485001,0.0010411474,0.0010521602,0.0010581614,0.0010700843,0.0010737247,0.001062106,0.0010485001,0.0010411474,0.0010521602,0.0010581614,0.0010700827,0.0,0.0010621062,0.001048501,0.0010411475,0.0010521602,0.0010581614,0.0010700832,0.0,0.0010621061,0.0010485001,0.0010411474,0.0010521602,0.0010581614,0.0010700827,0.0,0.0010621061,0.0,0.0010324942,0.0010135842,0.0010694521,0.0010808284,0.0,0.001062106,0.0010485001,0.0010411474,0.0010521602,0.0010581614,0.0010700834,0.0,0.0,0.0,0.0010324942,0.0010135842,0.0010694521,0.0010919122,0.0010737334,0.0010621061,0.0,0.0010324942,0.0010135842,0.0010694521,0.001080832,0.0010737738,0.0,0.0,0.0010324942,0.0010135842,0.0010694521,0.0010919124,0.0010737437,0.0,0.0010485001,0.0,0.001062106,0.0010485001,0.0010694521,0.0010737266,0.0,0.0,0.0010324942,0.0010135842,0.0010694521,0.0010919108,0.0,0.0010621066,0.0,0.0010324942,0.0010135842,0.0010694521,0.001080826,0.0,0.0,0.0010485016,0.0010621062,0.0,0.0010324942,0.0010621065,0.0010737387,0.0010621062,0.0,0.0010324941,0.0010135842,0.0010694521,0.0010808257,0.0,0.0,0.0010485002,0.0010324942,0.0010230371,0.0010335743,0.0011088877,0.0,0.0,0.0010485001,0.0,0.001062106,0.0010485001,0.0010694521,0.0,0.0010621081,0.0,0.0010621062,0.0,0.001062106,0.0010485003,0.0,0.0,0.0010485044,0.0010324947,0.0010230371,0.0010335743,0.0011088875,0.0,0.0010621056,0.0010621068,0.0010564551,0.0010677249,0.0,0.0009911774,0.0,0.0010621073,0.0010485009,0.0,0.0010621062,0.0010485001,0.0010411503,0.0010737305,0.001062106,0.0010485001,0.0,0.001062106,0.0010485001,0.0010411487,0.0,0.0010621062,0.0010485002,0.0010411474,0.0010521602,0.0010581614,0.0010700829,0.0010737247,0.001062106,0.0010485001,0.0010411474,0.0010521602,0.0010581614,0.0010700827,0.0010737476,0.0,0.0,0.0010324942,0.0010135842,0.0010694521,0.0010919108,0.0010737245,0.0,0.0010485001,0.0010324942,0.0010230371,0.0010335743,0.0011088875,0.0,0.0010621062,0.0,0.0010324942,0.0010135842,0.0010694521,0.0010808255,0.0010737391,0.0,0.0010485001,0.0010324942,0.0010230368,0.0010335747,0.0011088949,0.0,0.001062106,0.0010485001,0.0010411474,0.0010521602,0.0010581614,0.001070085,0.0010737253,0.001062106,0.0010485001,0.0010411474,0.0010521602,0.0010581614,0.0010700825,0.0,0.0010621063,0.0010485001,0.0010411474,0.0010521602,0.0010581614,0.0010700827,0.0,0.0,0.0010485001,0.0010324942,0.0010230371,0.0010335743,0.0011088874,0.0010737269,0.001062106,0.0,0.0,0.0010621062,0.0010621061,0.0010564557,0.0010737608,0.0,0.0010485004,0.0,0.0010621062,0.0010485001,0.0010694581,0.0010738099,0.0,0.0010621062,0.0010485004,0.0010411474,0.0,0.0010621072,0.0,0.001062106,0.0018347275,0.0010324942,0.0010135842,0.0010694521,0.0010808359,0.0010737302,0.0,0.0010485001,0.0010324942,0.0010230371,0.0010335749,0.0011089346,0.0010737396,0.0,0.0,0.0010324942,0.0010135842,0.0010694521,0.0010919106,0.0,0.0010621062,0.0010485002,0.0010411474,0.0010521602,0.0010581614,0.0010700825,0.001073756,0.0010621061,0.0010485001,0.0,0.0010621061,0.0010485001,0.0010411482,0.0010737256,0.0,0.0010485004,0.0010324946,0.0010230371,0.0010335743,0.00110889,0.0010737277,0.0,0.0010485002,0.0010324942,0.0010230371,0.0010335748,0.0011088898,0.0,0.0010621061,0.0010621063,0.0010564548,0.0010677249,0.0,0.0009912195,0.0010737486,0.007745952,0.0010485001,0.0010324942,0.0010230371,0.0010335743,0.0011088873,0.0010737288,0.0,0.0,0.0010324942,0.0010135842,0.0010694521,0.0010919123,0.0010737738,0.0010621062,0.0,0.0010324946,0.0010135844,0.0010694523,0.0010808341,0.0,0.0010621062,0.0010485001,0.0010411474,0.0010521602,0.0010581614,0.0010700825,0.0,0.0010621069,0.0,0.0010324942,0.0010135842,0.0010694521,0.0010808255,0.0,0.0010621062,0.0010485002,0.0010411474,0.0010521602,0.0010581614,0.0010700828,0.0010737354,0.0010621061,0.0010485001,0.0010411475,0.0010521602,0.0010581614,0.0010700834,0.0,0.0,0.0,0.0010324942,0.0010135842,0.0010694521,0.0010919116,0.0010737242,0.001062106,0.00695267,0.0010324942,0.0010135842,0.0010694521,0.0010808266,0.0010737362,0.0010621062,0.0010485001,0.0010694521,0.0,0.0010324942,0.0010135843,0.0,0.001062106,0.0010485001,0.0010411474,0.0010521602,0.0010581614,0.001070084,0.0,0.001062106,0.0010485001,0.0010411474,0.0010521602,0.0010581614,0.001070083,0.0,0.0010621061,0.0010485001,0.0010411474,0.0010521602,0.0010581614,0.0010700856,0.0010737269,0.001062106,0.0010485001,0.0010411474,0.0010521602,0.0010581614,0.0010700832,0.0,0.0,0.0010485001,0.0010324942,0.0010230368,0.0010335743,0.0011088876,0.0,0.001062106,0.0010485001,0.0010411474,0.0010521602,0.0010581614,0.0010700827,0.001073913,0.0010621068,0.0010485004,0.0010411474,0.0010521602,0.0010581614,0.001070086
k__Bacteria|p__Firmicutes|c__Erysipelotrichia|o__Erysipelotrichales|f__Erysipelotrichaceae|g__Solobacterium|s__Solobacterium_SGB6829,0.0,0.0010619864,0.0010483316,0.0010409093,0.0010518047,0.0010576898,0.0010695318,0.004316327,0.0010619865,0.0010483316,0.0010409093,0.0010518047,0.0010576898,0.0010695314,0.0,0.0,0.001048349,0.0010322853,0.0010227457,0.0010331617,0.001108636,0.0010736829,0.0,0.0010483316,0.0010322744,0.0010227452,0.0010331617,0.0011086353,0.0,0.0,0.0010483316,0.0010322744,0.0010227452,0.0010331617,0.0011086354,0.0010736517,0.0010619865,0.0010483316,0.0010409093,0.0010518047,0.0010576898,0.0010695314,0.0,0.0010619871,0.0010483317,0.0010409093,0.0010518047,0.0010576898,0.0010695321,0.0010736517,0.0010619865,0.0010483316,0.0010409093,0.0010518047,0.0010576898,0.0010695318,0.0,0.0010619867,0.0010483324,0.0010409094,0.0010518047,0.0010576898,0.0010695325,0.0,0.0010619865,0.0010483316,0.0010409093,0.0010518047,0.0010576898,0.0010695318,0.0,0.0010619865,0.0,0.0010322744,0.0010133107,0.0010693152,0.0010805795,0.0,0.0010619865,0.0010483316,0.0010409093,0.0010518047,0.0010576898,0.001069532,0.0,0.0,0.0,0.0010322744,0.0010133107,0.0010693152,0.0010917151,0.0010736603,0.0010619865,0.0,0.0010322744,0.0010133107,0.0010693152,0.0010805856,0.0010737197,0.0,0.0,0.0010322744,0.0010133107,0.0010693152,0.0010917146,0.0010736751,0.0,0.0010483316,0.0,0.0010619865,0.0010483316,0.0010693152,0.0010736545,0.0,0.0,0.0010322744,0.0010133107,0.0010693152,0.0010917136,0.0,0.0010619881,0.0,0.0010322744,0.0010133107,0.0010693152,0.0010805784,0.0,0.0,0.0010483324,0.0010619882,0.0,0.0010322744,0.0010619867,0.0010736757,0.0010619869,0.0,0.0010322741,0.0010133107,0.0010693152,0.0010805782,0.0,0.0,0.0010483317,0.0010322744,0.0010227452,0.0010331617,0.0011086354,0.0,0.0,0.0010483316,0.0,0.0010619865,0.0010483316,0.0010693154,0.0,0.0010619904,0.0,0.0010619867,0.0,0.0010619865,0.0010483317,0.0,0.0,0.0010483513,0.0010322772,0.0010227453,0.0010331617,0.0011086356,0.0,0.001062035,0.0010619918,0.0010562693,0.0010674244,0.0,0.000990847,0.0,0.0010619888,0.0010483327,0.0,0.0010619871,0.001048332,0.001040912,0.0010736579,0.0010619865,0.0010483316,0.0,0.0010619865,0.0010483316,0.0010409103,0.0,0.0010619867,0.0010483317,0.0010409093,0.0010518047,0.0010576898,0.0010695318,0.0010736516,0.0010619865,0.0010483316,0.0010409093,0.0010518047,0.0010576898,0.0010695318,0.001073676,0.0,0.0,0.0010322742,0.0010133107,0.0010693152,0.0010917134,0.0010736579,0.0,0.0010483316,0.0010322744,0.0010227452,0.0010331617,0.0011086357,0.0,0.0010619867,0.0,0.0010322744,0.0010133107,0.0010693152,0.001080578,0.0010736682,0.0,0.0010483316,0.0010322744,0.0010227452,0.0010331617,0.0011086426,0.0,0.0010619865,0.0010483316,0.0010409093,0.0010518047,0.0010576898,0.0010695325,0.0010736523,0.0010619865,0.0010483316,0.0010409093,0.0010518047,0.0010576898,0.0010695314,0.0,0.001061987,0.001048332,0.0010409093,0.0010518047,0.0010576898,0.0010695318,0.0,0.0,0.0010483316,0.0010322744,0.0010227452,0.0010331617,0.0011086354,0.0010736535,0.0010619865,0.0,0.0,0.0010619867,0.0010619865,0.0010562689,0.0010736829,0.0,0.001048332,0.0,0.0010619867,0.0010483316,0.0010693183,0.0010737592,0.0,0.0010619868,0.0010483316,0.0010409093,0.0,0.0010619872,0.0,0.0010619864,0.0,0.0010322744,0.0010133107,0.0010693154,0.0010805848,0.0010736568,0.0,0.0010483316,0.0010322744,0.0010227453,0.0010331623,0.0011086938,0.0010736657,0.0,0.0,0.0010322744,0.0010133107,0.0010693152,0.0010917134,0.0,0.0010619867,0.0010483317,0.0010409093,0.0010518047,0.0010576898,0.0010695318,0.0010736631,0.0010619867,0.0010483316,0.0,0.0010619864,0.0010483316,0.0010409107,0.001073654,0.0,0.0010483316,0.0010322743,0.0010227452,0.0010331617,0.0011086368,0.0010736547,0.0,0.0010483317,0.0010322744,0.0010227453,0.0010331619,0.001108637,0.0,0.0010619867,0.0010619868,0.0010562688,0.0010674247,0.0,0.000990885,0.0010736821,0.0,0.0010483316,0.0010322744,0.0010227452,0.0010331617,0.0011086354,0.0010736564,0.0,0.0,0.0010322744,0.0010133107,0.0010693152,0.0010917147,0.001073716,0.0010619875,0.0,0.0010322754,0.0010133109,0.0010693152,0.001080584,0.0,0.0010619865,0.0010483316,0.0010409093,0.0010518047,0.0010576898,0.0010695314,0.0,0.0010619877,0.0,0.0010322744,0.0010133107,0.0010693152,0.001080578,0.0,0.0010619867,0.0010483317,0.0010409093,0.0010518047,0.0010576898,0.0010695318,0.0010736649,0.0010619868,0.001048332,0.0010409097,0.0010518047,0.0010576898,0.0010695319,0.0,0.0,0.0,0.0010322744,0.0010133107,0.0010693152,0.0010917138,0.0010736512,0.0010619865,0.0,0.0010322744,0.0010133107,0.0010693152,0.001080579,0.0010736608,0.0010619865,0.0010483316,0.0010693152,0.0,0.0010322744,0.0010133109,0.0,0.0010619865,0.0010483316,0.0010409093,0.0010518047,0.0010576898,0.0010695321,0.0,0.0010619865,0.0010483316,0.0010409093,0.0010518047,0.0010576898,0.0010695318,0.0,0.0010619874,0.0010483316,0.0010409093,0.0010518047,0.0010576898,0.0010695336,0.0010736609,0.0010619865,0.0010483316,0.0010409093,0.0010518047,0.0010576898,0.001069532,0.0,0.0,0.0010483316,0.0010322744,0.0010227452,0.0010331617,0.0011086357,0.0,0.0010619865,0.0010483316,0.0010409093,0.0010518047,0.0010576898,0.0010695315,0.0010738233,0.0010619881,0.001048332,0.0010409093,0.0010518047,0.0010576898,0.0010695341
k__Bacteria|p__Firmicutes|c__Clostridia|o__Eubacteriales|f__Lachnospiraceae|g__Roseburia|s__Roseburia_hominis,0.0,0.0010595358,0.0010460297,0.0010388779,0.001050328,0.0010567443,0.0010689921,0.0,0.0010595359,0.0010460297,0.0010388779,0.001050328,0.0010567443,0.001068992,0.0,0.0,0.0010460435,0.0010301416,0.001020884,0.0010318584,0.0011070821,0.0010711007,0.0,0.0010460297,0.0010301326,0.0010208834,0.0010318584,0.0011070818,0.0,0.0,0.0010460297,0.0010301326,0.0010208834,0.0010318584,0.0011070818,0.0010710633,0.0010595359,0.0010460297,0.0010388779,0.001050328,0.0010567443,0.0010689921,0.0,0.0010595365,0.0010460297,0.0010388779,0.001050328,0.0010567443,0.0010689927,0.0010710633,0.0010595359,0.0010460297,0.0010388779,0.001050328,0.0010567443,0.0010689921,0.0,0.001059536,0.0010460303,0.001038878,0.001050328,0.0010567443,0.0010689929,0.0,0.0010595359,0.0010460297,0.0010388779,0.001050328,0.0010567443,0.0010689921,0.0,0.0010595359,0.0,0.0010301326,0.0010113417,0.001066979,0.0010787896,0.0,0.0010595359,0.0010460297,0.0010388778,0.001050328,0.0010567443,0.0010689923,0.0,0.0,0.0,0.0010301326,0.0010113417,0.001066979,0.001089784,0.0010710735,0.0010595359,0.0,0.0010301326,0.0010113417,0.001066979,0.0010787944,0.001071146,0.0,0.0,0.0010301325,0.0010113417,0.001066979,0.0010897834,0.0010710905,0.0,0.0010460297,0.0,0.0010595359,0.0010460297,0.0010669793,0.0010710665,0.0,0.0,0.0010301326,0.0010113417,0.001066979,0.0010897827,0.0,0.001059537,0.0,0.0010301326,0.0010113417,0.001066979,0.0010787884,0.0,0.0,0.0010460304,0.0010595372,0.0,0.0010301326,0.001059536,0.0010710896,0.001059536,0.0,0.0010301325,0.0010113417,0.001066979,0.0010787881,0.0,0.0,0.0010460297,0.0010301326,0.0010208834,0.0010318584,0.0011070821,0.0,0.0,0.0010460297,0.0,0.0010595359,0.0010460297,0.0010669789,0.0,0.0010595381,0.0,0.001059536,0.0,0.0010595359,0.0010460299,0.0,0.0,0.0010460453,0.0010301349,0.0010208833,0.0010318584,0.001107082,0.0,0.0010595664,0.0010595396,0.0010540795,0.0010657858,0.0,0.0009890613,0.0,0.0010595376,0.0010460303,0.0,0.0010595361,0.0010460297,0.0010388801,0.0010710697,0.0010595359,0.0010460297,0.0,0.0010595359,0.0010460297,0.0010388787,0.0,0.001059536,0.0010460299,0.0010388778,0.001050328,0.0010567443,0.001068992,0.0010710633,0.0010595359,0.0010460297,0.0010388779,0.001050328,0.0010567443,0.0010689921,0.0010710958,0.0,0.0,0.0010301326,0.0010113417,0.001066979,0.0010897828,0.0010710703,0.0,0.0010460297,0.0010301326,0.0010208834,0.0010318584,0.0011070819,0.0,0.001059536,0.0,0.0010301326,0.0010113417,0.001066979,0.001078788,0.0010710795,0.0,0.0010460297,0.0010301326,0.0010208834,0.0010318584,0.0011070871,0.0,0.0010595359,0.0010460297,0.0010388779,0.001050328,0.0010567443,0.001068993,0.0010710644,0.0010595359,0.0010460297,0.0010388779,0.001050328,0.0010567443,0.0010689921,0.0,0.0010595362,0.0010460297,0.0010388778,0.001050328,0.0010567443,0.0010689921,0.0,0.0,0.0010460297,0.0010301326,0.0010208834,0.0010318584,0.0011070819,0.0010710657,0.0010595359,0.0,0.0,0.001059536,0.0010595359,0.0010540796,0.0010711029,0.0,0.0010460299,0.0,0.001059536,0.0010460297,0.0010669817,0.0010711893,0.0,0.001059536,0.0010460297,0.0010388778,0.0,0.0010595364,0.0,0.0010595358,0.0,0.0010301326,0.0010113417,0.001066979,0.0010787933,0.0010710703,0.0,0.0010460297,0.0010301326,0.0010208833,0.0010318591,0.0011071222,0.0010710806,0.0,0.0,0.0010301326,0.0010113417,0.001066979,0.0010897828,0.0,0.001059536,0.0010460299,0.0010388779,0.001050328,0.0010567443,0.001068992,0.0010710849,0.001059536,0.0010460297,0.0,0.0010595358,0.0010460297,0.0010388789,0.0010710661,0.0,0.0010460297,0.0010301326,0.0010208834,0.0010318584,0.0011070829,0.0010710668,0.0,0.0010460299,0.0010301326,0.0010208833,0.0010318586,0.0011070833,0.0,0.001059536,0.0010595361,0.0010540792,0.0010657855,0.0,0.0009890953,0.0010711019,0.0,0.0010460297,0.0010301326,0.0010208834,0.0010318584,0.0011070818,0.0010710679,0.0,0.0,0.0010301326,0.0010113417,0.001066979,0.0010897837,0.0010711441,0.0010595367,0.0,0.0010301335,0.0010113419,0.001066979,0.0010787935,0.0,0.0010595359,0.0010460297,0.0010388778,0.001050328,0.0010567443,0.0010689921,0.0,0.0010595367,0.0,0.0010301326,0.0010113417,0.001066979,0.001078788,0.0,0.001059536,0.0010460297,0.0010388778,0.001050328,0.0010567443,0.0010689922,0.0010710779,0.0010595359,0.0010460297,0.001038878,0.001050328,0.0010567443,0.0010689922,0.0,0.0,0.0,0.0010301326,0.0010113417,0.001066979,0.0010897832,0.0010710629,0.0010595359,0.0,0.0010301326,0.0010113417,0.001066979,0.001078789,0.0010710746,0.0010595359,0.0010460297,0.001066979,0.0,0.0010301326,0.0010113419,0.0,0.0010595359,0.0010460297,0.0010388778,0.001050328,0.0010567443,0.0010689928,0.0,0.0010595359,0.0010460297,0.0010388778,0.001050328,0.0010567443,0.0010689922,0.0,0.0010595364,0.0010460297,0.0010388778,0.001050328,0.0010567443,0.0010689932,0.001071073,0.0010595359,0.0010460297,0.0010388778,0.001050328,0.0010567443,0.0010689925,0.0,0.0,0.0010460297,0.0010301326,0.0010208834,0.0010318584,0.0011070821,0.0,0.0010595359,0.0010460297,0.0010388779,0.001050328,0.0010567443,0.0010689921,0.0010712573,0.001059537,0.0010460297,0.0010388779,0.001050328,0.0010567443,0.0010689938
k__Bacteria|p__Firmicutes|c__Clostridia|o__Eubacteriales|f__Lachnospiraceae|g__Roseburia|s__Roseburia_faecis,0.0,0.0010605744,0.0010468937,0.0010394634,0.0010503918,0.0010563013,0.0010681802,0.0,0.0010605744,0.0010468937,0.0010394634,0.0010503918,0.0010563013,0.0010681803,0.0,0.0,0.001046904,0.0010308175,0.0010212742,0.0010317186,0.0011073914,0.0010722919,0.0,0.0010468937,0.0010308113,0.0010212739,0.0010317186,0.0011073911,0.0,0.0,0.0010468937,0.0010308113,0.0010212739,0.0010317186,0.001107391,0.0010722654,0.0010605744,0.0010468937,0.0010394634,0.0010503918,0.0010563013,0.0010681802,0.0,0.0010605747,0.0010468937,0.0010394634,0.0010503918,0.0010563013,0.00106818,0.0010722656,0.0010605744,0.0010468937,0.0010394634,0.0010503918,0.0010563013,0.0010681803,0.0,0.0010605745,0.0010468938,0.0010394636,0.0010503918,0.0010563013,0.0010681807,0.0,0.0010605744,0.0010468937,0.0010394634,0.0010503918,0.0010563013,0.0010681803,0.0,0.0010605744,0.0,0.0010308113,0.0010118246,0.0010679235,0.0010792295,0.0,0.0010605744,0.0010468937,0.0010394634,0.0010503918,0.0010563013,0.0010681803,0.0,0.0,0.0,0.0010308113,0.0010118246,0.0010679235,0.0010903969,0.0010722727,0.0010605744,0.0,0.0010308113,0.0010118246,0.0010679235,0.0010792334,0.0010723321,0.0,0.0,0.0010308115,0.0010118246,0.0010679235,0.0010903965,0.0010722852,0.0,0.0010468937,0.0,0.0010605744,0.0010468937,0.0010679231,0.0010722675,0.0,0.0,0.0010308113,0.0010118246,0.0010679235,0.0010903964,0.0,0.0010605755,0.0,0.0010308113,0.0010118246,0.0010679235,0.001079229,0.0,0.0,0.0010468937,0.0010605755,0.0,0.001030811,0.0010605742,0.0010722836,0.0010605745,0.0,0.0010308112,0.0010118246,0.0010679235,0.0010792293,0.0,0.104564875,0.0010468938,0.0010308113,0.0010212739,0.0010317186,0.0011073912,0.0,0.0,0.0010468937,0.0,0.0010605744,0.0010468937,0.0010679234,0.0,0.001060576,0.0,0.0010605745,0.0,0.0010605744,0.0010468935,0.0,0.0,0.0010469077,0.0010308132,0.0010212739,0.0010317186,0.0011073912,0.0,0.001060606,0.0010605775,0.0010548497,0.0010660435,0.0,0.0009893349,0.0,0.0010605758,0.0010468939,0.0,0.0010605745,0.0010468938,0.0010394643,0.0010722696,0.0010605744,0.0010468937,0.0,0.0010605744,0.0010468937,0.0010394637,0.0,0.0010605747,0.0010468938,0.0010394634,0.0010503918,0.0010563013,0.0010681801,0.0010722654,0.0010605744,0.0010468937,0.0010394634,0.0010503918,0.0010563013,0.0010681803,0.0010722881,0.0,0.0,0.001030811,0.0010118246,0.0010679235,0.0010903964,0.0010722717,0.0,0.0010468937,0.0010308113,0.0010212739,0.0010317186,0.0011073911,0.0,0.0010605745,0.0,0.0010308113,0.0010118246,0.0010679235,0.0010792292,0.0010722774,0.0,0.0010468937,0.0010308113,0.0010212739,0.0010317186,0.0011073928,0.0,0.0010605744,0.0010468937,0.0010394634,0.0010503918,0.0010563013,0.0010681807,0.0010722664,0.0010605744,0.0010468937,0.0010394634,0.0010503918,0.0010563013,0.0010681802,0.0,0.0010605748,0.0010468938,0.0010394632,0.0010503918,0.0010563013,0.0010681803,0.0,0.0,0.0010468937,0.0010308113,0.0010212739,0.0010317186,0.0011073912,0.001072267,0.0010605744,0.0,0.0,0.0010605745,0.0010605744,0.0010548494,0.0010722902,0.0,0.0010468935,0.0,0.0010605745,0.0010468937,0.0010679229,0.0010723631,0.0,0.0010605745,0.0010468938,0.0010394634,0.0,0.0010605745,0.0,0.0010605743,0.0,0.0010308113,0.0010118246,0.0010679233,0.0010792301,0.001072269,0.0,0.0010468937,0.001030811,0.0010212739,0.0010317188,0.0011074116,0.001072275,0.0,0.0,0.0010308113,0.0010118246,0.0010679235,0.0010903964,0.0,0.0010605745,0.0010468938,0.0010394634,0.0010503918,0.0010563013,0.0010681803,0.0010722826,0.0010605745,0.0010468938,0.0,0.0010605744,0.0010468937,0.0010394641,0.0010722678,0.0,0.0010468938,0.0010308112,0.0010212739,0.0010317186,0.0011073911,0.0010722678,0.0,0.0010468938,0.0010308113,0.0010212739,0.0010317187,0.0011073911,0.0,0.0010605745,0.0010605745,0.0010548496,0.0010660435,0.0,0.0009893595,0.0010722971,0.0,0.0010468938,0.0010308113,0.0010212739,0.0010317186,0.001107391,0.0010722686,0.0,0.0,0.001030811,0.0010118246,0.0010679235,0.0010903968,0.0010723276,0.0010605751,0.0,0.001030812,0.0010118247,0.0010679235,0.0010792313,0.0,0.0010605745,0.0010468938,0.0010394634,0.0010503918,0.0010563013,0.0010681802,0.0,0.0010605747,0.0,0.001030811,0.0010118246,0.0010679235,0.0010792292,0.0,0.0010605744,0.0010468938,0.0010394632,0.0010503918,0.0010563013,0.0010681801,0.0010722751,0.0010605744,0.0010468937,0.0010394633,0.0010503918,0.0010563013,0.0010681802,0.0,0.0,0.0,0.0010308113,0.0010118246,0.0010679235,0.0010903965,0.0010722652,0.0010605744,0.0,0.0010308113,0.0010118246,0.0010679235,0.0010792295,0.0010722722,0.0010605745,0.0010468937,0.0010679235,0.0007759456,0.0010308113,0.0010118247,0.0,0.0010605744,0.0010468937,0.0010394634,0.0010503918,0.0010563013,0.0010681803,0.0,0.0010605744,0.0010468937,0.0010394634,0.0010503918,0.0010563013,0.0010681804,0.0,0.0010605749,0.0010468938,0.0010394634,0.0010503918,0.0010563013,0.0010681809,0.0010722737,0.0010605744,0.0010468937,0.0010394634,0.0010503918,0.0010563013,0.0010681804,0.0,0.0013414498,0.0010468937,0.0010308113,0.0010212739,0.0010317186,0.0011073912,0.0,0.0010605744,0.0010468937,0.0010394634,0.0010503918,0.0010563013,0.0010681803,0.0010723907,0.0010605752,0.0010468937,0.0010394632,0.0010503918,0.0010563013,0.0010681812
k__Bacteria|p__Firmicutes|c__Erysipelotrichia|o__Erysipelotrichales|f__Erysipelotrichaceae|g__Solobacterium|s__Solobacterium_SGB6833,0.0,0.001062661,0.0010489384,0.0010414021,0.0010520755,0.0010577467,0.0010694298,0.0,0.0010626612,0.0010489384,0.0010414021,0.0010520755,0.0010577467,0.0010694298,0.0,0.0,0.0010489553,0.0010328201,0.0010231624,0.0010333537,0.0011089792,0.0010744261,0.0,0.0010489384,0.0010328083,0.0010231616,0.0010333534,0.0011089788,0.0,0.0,0.0010489384,0.0010328087,0.0010231616,0.0010333534,0.0011089788,0.0010743894,0.0010626611,0.0010489384,0.0010414021,0.0010520755,0.0010577467,0.0010694297,0.0,0.0010626619,0.0010489385,0.0010414021,0.0010520755,0.0010577467,0.0010694298,0.0010743896,0.0010626611,0.0010489384,0.0010414021,0.0010520755,0.0010577467,0.0010694298,0.0,0.0010626612,0.0010489391,0.0010414021,0.0010520755,0.0010577467,0.0010694304,0.0,0.0010626612,0.0010489384,0.0010414021,0.0010520755,0.0010577467,0.0010694298,0.0,0.0010626612,0.0,0.0010328087,0.001013768,0.0010699473,0.0010809959,0.0,0.0010626611,0.0010489384,0.0010414021,0.0010520755,0.0010577467,0.0010694299,0.0,0.0,0.0,0.0010328087,0.001013768,0.0010699473,0.0010921975,0.001074399,0.0010626612,0.0,0.0010328087,0.001013768,0.0010699473,0.001081001,0.0010744712,0.0,0.0,0.0010328087,0.001013768,0.0010699473,0.0010921964,0.0010744162,0.0,0.0010489384,0.0,0.0010626611,0.0010489384,0.0010699471,0.0010743928,0.0,0.0,0.0010328083,0.001013768,0.0010699473,0.0010921954,0.0,0.0010626627,0.0,0.0010328083,0.001013768,0.0010699473,0.0010809944,0.0,0.0,0.0010489397,0.0010626627,0.0,0.0010328083,0.0010626612,0.0010744191,0.0010626614,0.0,0.0010328083,0.001013768,0.0010699473,0.0010809943,0.0,0.0,0.0010489385,0.0010328087,0.0010231616,0.0010333534,0.0011089791,0.0,0.0,0.0010489384,0.0,0.0010626611,0.0010489384,0.0010699473,0.0,0.0010626655,0.0,0.0010626613,0.0,0.0010626611,0.0010489385,0.0,0.0,0.0010489615,0.0010328118,0.0010231615,0.0010333537,0.0011089793,0.0,0.0010627034,0.0010626658,0.001056834,0.0010677704,0.0,0.0009912218,0.0,0.0010626637,0.0010489397,0.0,0.0010626614,0.0010489384,0.0010414047,0.0010743968,0.0010626611,0.0010489384,0.0,0.0010626611,0.0010489384,0.0010414029,0.0,0.0010626612,0.0010489385,0.0010414021,0.0010520755,0.0010577467,0.0010694297,0.0010743892,0.0010626611,0.0010489384,0.0010414021,0.0010520755,0.0010577467,0.0010694298,0.0010744217,0.0,0.0,0.0010328083,0.001013768,0.0010699473,0.0010921954,0.001074396,0.0,0.0010489384,0.0010328083,0.0010231616,0.0010333534,0.001108979,0.0,0.0010626613,0.0,0.0010328083,0.001013768,0.0010699473,0.0010809943,0.0010744052,0.0,0.0010489384,0.0010328087,0.0010231616,0.0010333537,0.001108985,0.0,0.0010626611,0.0010489384,0.0010414021,0.0010520755,0.0010577467,0.0010694308,0.0010743903,0.0010626611,0.0010489384,0.0010414021,0.0010520755,0.0010577467,0.0010694297,0.0,0.0010626615,0.0010489384,0.0010414021,0.0010520755,0.0010577467,0.0010694298,0.0,0.0,0.0010489384,0.0010328087,0.0010231616,0.0010333534,0.0011089788,0.0010743914,0.0010626611,0.0,0.0026853743,0.0010626613,0.0010626612,0.0010568338,0.0010744274,0.0,0.0010489385,0.0,0.0010626613,0.0010489384,0.00106995,0.0010745125,0.0,0.0010626613,0.0010489384,0.0010414021,0.0,0.0010626616,0.0,0.0010626611,0.0,0.0010328083,0.001013768,0.0010699473,0.0010809975,0.0010743961,0.0,0.0010489384,0.0010328083,0.0010231615,0.0010333539,0.0011090301,0.001074409,0.0,0.0,0.0010328087,0.001013768,0.0010699473,0.0010921953,0.0,0.0010626613,0.0010489385,0.0010414021,0.0010520755,0.0010577467,0.0010694298,0.0010744018,0.0010626611,0.0010489384,0.0,0.001062661,0.0010489384,0.0010414033,0.0010743922,0.0,0.0010489384,0.0010328087,0.0010231616,0.0010333534,0.0011089802,0.0010743935,0.0,0.0010489385,0.0010328087,0.0010231615,0.0010333535,0.0011089799,0.0,0.0010626611,0.0010626611,0.0010568335,0.0010677704,0.0,0.0009912606,0.0010744276,0.0,0.0010489384,0.0010328083,0.0010231616,0.0010333534,0.0011089788,0.0010743949,0.0,0.0,0.0010328083,0.001013768,0.0010699473,0.0010921968,0.001074465,0.0010626619,0.0,0.0010328095,0.0010137685,0.0010699471,0.0010810008,0.0,0.0010626611,0.0010489384,0.0010414021,0.0010520755,0.0010577467,0.0010694297,0.0,0.0010626623,0.0,0.0010328087,0.001013768,0.0010699473,0.0010809943,0.0,0.0010626611,0.0010489385,0.0010414021,0.0010520755,0.0010577467,0.0010694298,0.001074404,0.0010626612,0.0010489385,0.0010414022,0.0010520755,0.0010577467,0.0010694299,0.0,0.0,0.0,0.0010328083,0.001013768,0.0010699473,0.0010921956,0.001074389,0.0010626611,0.0,0.0010328083,0.001013768,0.0010699473,0.001080995,0.0010744024,0.0010626611,0.0010489384,0.0010699473,0.0,0.0010328083,0.0010137681,0.0,0.0010626611,0.0010489384,0.0010414021,0.0010520755,0.0010577467,0.0010694303,0.0,0.0010626611,0.0010489384,0.0010414021,0.0010520755,0.0010577467,0.0010694298,0.0,0.0010626619,0.0010489384,0.0010414021,0.0010520755,0.0010577467,0.001069431,0.0010743998,0.0010626611,0.0010489384,0.0010414021,0.0010520755,0.0010577467,0.00106943,0.0,0.0014908543,0.0010489384,0.0010328087,0.0010231616,0.0010333534,0.001108979,0.0,0.0010626611,0.0010489384,0.0010414021,0.0010520755,0.0010577467,0.0010694298,0.0010745906,0.0010626629,0.0010489385,0.001041402,0.0010520755,0.0010577467,0.0010694315
k__Bacteria|p__Firmicutes|c__Bacilli|o__Lactobacillales|f__Lactobacillaceae|g__Limosilactobacillus|s__Limosilactobacillus_fermentum,0.0,0.0010661046,0.0010526276,0.0010453783,0.0010564387,0.00106251,0.0010744225,0.0,0.0010661046,0.0010526276,0.0010453783,0.0010564387,0.00106251,0.0010744226,0.0,0.0,0.0010526357,0.0010367563,0.0010274013,0.0010380035,0.0011125809,0.0010776129,0.0,0.0010526276,0.0010367509,0.001027401,0.0010380035,0.0011125808,0.0,0.0,0.0010526276,0.0010367509,0.001027401,0.0010380035,0.0011125808,0.0010775969,0.0010661046,0.0010526276,0.0010453783,0.0010564387,0.00106251,0.0010744222,0.0,0.0010661052,0.0010526277,0.0010453783,0.0010564387,0.00106251,0.0010744228,0.001077597,0.0010661046,0.0010526276,0.0010453783,0.0010564387,0.00106251,0.0010744224,0.0,0.0010661047,0.001052628,0.0010453785,0.0010564387,0.00106251,0.0010744225,0.0,0.0010661046,0.0010526276,0.0010453783,0.0010564387,0.00106251,0.0010744226,0.0,0.0010661046,0.0,0.0010367509,0.0010179677,0.0010734155,0.0010848022,0.0,0.0010661046,0.0010526276,0.0010453783,0.0010564387,0.00106251,0.0010744225,0.021462753,0.016602822,0.0023953968,0.0010367509,0.0010179677,0.0010734155,0.0010957402,0.0010776016,0.0010661046,0.0,0.0010367509,0.0010179677,0.0010734155,0.0010848051,0.0010776449,0.0,0.0,0.0010367509,0.0010179677,0.0010734155,0.0010957402,0.0010776111,0.08255469,0.0010526276,0.0,0.0010661046,0.0010526276,0.0010734155,0.0010775987,0.0017828324,0.0018390663,0.0010367509,0.0010179677,0.0010734155,0.0010957398,0.0,0.0010661057,0.0,0.0010367509,0.0010179677,0.0010734155,0.0010848013,0.012471945,0.008462527,0.0010526283,0.0010661056,0.0,0.0010367509,0.0010661047,0.0010776091,0.0010661047,0.0,0.0010367509,0.0010179677,0.0010734155,0.0010848008,0.0,0.0,0.0010526278,0.0010367509,0.001027401,0.0010380035,0.0011125813,0.0,0.0,0.0010526276,0.0,0.0010661046,0.0010526276,0.0010734155,0.0,0.0010661061,0.0,0.0010661047,0.0,0.0010661046,0.0010526277,0.0,0.0,0.0010526357,0.0010367522,0.001027401,0.0010380035,0.0011125808,0.0,0.0010661271,0.001066107,0.0010605516,0.0010718509,0.0,0.0009956737,0.0,0.0010661064,0.0010526282,0.0,0.001066105,0.0010526278,0.0010453801,0.0010775988,0.0010661046,0.0010526276,0.0,0.0010661046,0.0010526276,0.0010453792,0.0,0.0010661049,0.0010526277,0.0010453783,0.0010564387,0.00106251,0.0010744222,0.0010775969,0.0010661046,0.0010526276,0.0010453783,0.0010564387,0.00106251,0.0010744226,0.0010776153,0.0,0.0,0.0010367509,0.0010179677,0.0010734155,0.0010957397,0.0010776005,0.0,0.0010526276,0.0010367509,0.001027401,0.0010380035,0.001112581,0.0,0.0010661047,0.0,0.0010367509,0.0010179677,0.0010734155,0.0010848012,0.0010776051,0.0,0.0010526276,0.0010367509,0.001027401,0.0010380035,0.001112585,0.0,0.0010661046,0.0010526276,0.0010453783,0.0010564387,0.00106251,0.0010744235,0.001077597,0.0010661046,0.0010526276,0.0010453783,0.0010564387,0.00106251,0.0010744225,0.0,0.0010661049,0.0010526278,0.0010453783,0.0010564387,0.00106251,0.0010744223,0.0,0.0,0.0010526276,0.0010367509,0.001027401,0.0010380035,0.0011125809,0.0010775978,0.0010661046,0.0,0.0,0.0010661047,0.0010661046,0.0010605518,0.001077615,0.0,0.0010526278,0.0,0.0010661047,0.0010526276,0.0010734177,0.0010776676,0.0,0.0010661047,0.0010526278,0.0010453783,0.0,0.0010661053,0.0013501137,0.0010661045,0.0,0.0010367509,0.0010179677,0.0010734155,0.0010848048,0.0010776,0.007973504,0.0010526276,0.0010367509,0.001027401,0.0010380042,0.0011126084,0.0010776042,0.0,0.0,0.0010367509,0.0010179677,0.0010734155,0.0010957397,0.005682979,0.0010661047,0.0010526277,0.0010453783,0.0010564387,0.00106251,0.0010744226,0.0010775924,0.0010661047,0.0010526278,0.0,0.0010661047,0.0010526276,0.0010453789,0.0010775984,0.0,0.0010526278,0.001036751,0.001027401,0.0010380035,0.0011125813,0.0010775987,0.0,0.0010526277,0.0010367509,0.001027401,0.0010380036,0.0011125818,0.0,0.0010661047,0.0010661049,0.0010605516,0.0010718509,0.0,0.0009956999,0.0010776209,0.0,0.0010526278,0.0010367509,0.001027401,0.0010380035,0.0011125808,0.0010775989,0.0,0.0,0.0010367509,0.0010179677,0.0010734155,0.00109574,0.0010776331,0.0010661053,0.0,0.0010367518,0.0010179677,0.0010734155,0.0010848055,0.0,0.0010661047,0.0010526278,0.0010453783,0.0010564387,0.00106251,0.0010744225,0.0,0.0010661053,0.0,0.0010367509,0.0010179677,0.0010734155,0.0010848009,0.0,0.0010661047,0.0010526278,0.0010453783,0.0010564387,0.00106251,0.0010744225,0.0010776054,0.0010661046,0.0010526277,0.0010453784,0.0010564387,0.00106251,0.0010744224,0.0,0.0,0.0,0.0010367509,0.0010179677,0.0010734155,0.0010957399,0.0010775968,0.0010661046,0.0,0.0010367509,0.0010179677,0.0010734155,0.0010848016,0.0010776034,0.0010661047,0.0010526276,0.0010734155,0.0,0.0010367509,0.0010179678,0.0,0.0010661046,0.0010526276,0.0010453783,0.0010564387,0.00106251,0.0010744227,0.0,0.0010661046,0.0010526276,0.0010453783,0.0010564387,0.00106251,0.0010744224,0.0,0.0010661052,0.0010526278,0.0010453783,0.0010564387,0.00106251,0.0010744233,0.0010776025,0.0010661046,0.0010526276,0.0010453783,0.0010564387,0.00106251,0.0010744227,0.0,0.0,0.0010526276,0.0010367509,0.001027401,0.0010380035,0.0011125811,0.0,0.0010661046,0.0010526276,0.0010453783,0.0010564387,0.00106251,0.0010744226,0.0010776975,0.0010661056,0.0010526277,0.0010453784,0.0010564387,0.00106251,0.0010744234
k__Bacteria|p__Firmicutes|c__Clostridia|o__Eubacteriales|f__Lachnospiraceae|g__Oribacterium|s__Oribacterium_sinus,0.0,0.001060439,0.0010469216,0.0010397343,0.0010510926,0.0010574235,0.0010695991,0.0,0.0010604393,0.0010469216,0.0010397343,0.0010510926,0.0010574235,0.0010695987,0.0,0.0,0.001046947,0.0010310287,0.0010217268,0.0010326104,0.0011077923,0.0010720204,0.0,0.0010469216,0.0010310116,0.0010217257,0.0010326104,0.0011077911,0.0,0.0,0.0010469216,0.0010310116,0.0010217257,0.0010326104,0.0011077912,0.001071976,0.0010604392,0.0010469216,0.0010397343,0.0010510926,0.0010574235,0.0010695987,0.0,0.0010604399,0.0010469219,0.0010397343,0.0010510926,0.0010574235,0.0010695996,0.0010719761,0.0010604392,0.0010469216,0.0010397343,0.0010510926,0.0010574235,0.0010695991,0.0,0.0010604392,0.0010469228,0.0010397345,0.0010510928,0.0010574235,0.0010695996,0.0,0.0010604393,0.0010469216,0.0010397343,0.0010510926,0.0010574235,0.0010695987,0.0,0.0010604393,0.0,0.0010310116,0.0010122054,0.0010678581,0.0010795749,0.0,0.0010604392,0.0010469216,0.0010397343,0.0010510928,0.0010574235,0.0010695993,0.0,0.0,0.0,0.0010310116,0.0010122054,0.0010678581,0.0010905763,0.0010719874,0.0010604393,0.0,0.0010310116,0.0010122054,0.0010678581,0.001079583,0.0010720694,0.0,0.0,0.0010310118,0.0010122054,0.0010678581,0.0010905756,0.0010720082,0.0,0.0010469216,0.0,0.0010604392,0.0010469216,0.001067858,0.00107198,0.0,0.0,0.0010310116,0.0010122054,0.0010678581,0.0010905745,0.0,0.0010604415,0.0,0.0010310116,0.0010122054,0.0010678581,0.0010795726,0.0,0.0,0.0010469232,0.0010604413,0.0,0.0010310116,0.0010604392,0.0010720117,0.0010604396,0.0,0.0010310116,0.0010122054,0.0010678581,0.0010795724,0.0,0.0,0.0010469219,0.0010310116,0.0010217257,0.0010326104,0.0011077918,0.0,0.0,0.0010469216,0.0,0.0010604392,0.0010469216,0.001067858,0.0,0.001060445,0.0,0.0010604393,0.0,0.0010604392,0.0010469217,0.0,0.0,0.0010469516,0.001031016,0.0010217256,0.0010326104,0.001107792,0.0,0.0010605045,0.0010604466,0.0010549485,0.0010665611,0.0,0.0009899124,0.0,0.0010604423,0.0010469231,0.0,0.0010604396,0.0010469216,0.0010397382,0.001071985,0.0010604392,0.0010469216,0.0,0.0010604392,0.0010469216,0.0010397357,0.0,0.0010604393,0.0010469217,0.0010397343,0.0010510926,0.0010574235,0.001069599,0.0010719759,0.0010604392,0.0010469216,0.0010397343,0.0010510926,0.0010574235,0.0010695987,0.0010720113,0.0,0.0,0.0010310116,0.0010122054,0.0010678581,0.0010905745,0.0010719843,0.0,0.0010469216,0.0010310116,0.0010217257,0.0010326104,0.0011077917,0.0,0.0010604393,0.0,0.0010310116,0.0010122054,0.0010678581,0.0010795722,0.0010719985,0.0,0.0010469216,0.0010310116,0.0010217257,0.0010326104,0.0011078024,0.0,0.0010604392,0.0010469216,0.0010397343,0.0010510928,0.0010574235,0.0010696003,0.0010719772,0.0010604392,0.0010469216,0.0010397343,0.0010510926,0.0010574235,0.0010695987,0.0,0.0010604397,0.0010469219,0.0010397343,0.0010510928,0.0010574235,0.0010695991,0.0,0.0,0.0010469216,0.0010310116,0.0010217257,0.0010326104,0.0011077912,0.0010719786,0.0010604392,0.0,0.0,0.0010604393,0.0010604393,0.0010549482,0.0010720225,0.0,0.001046922,0.0,0.0010604393,0.0010469216,0.0010678625,0.0010721197,0.0,0.0010604393,0.0010469216,0.0010397343,0.0,0.0010604397,0.0,0.001060439,0.0,0.0010310116,0.0010122054,0.001067858,0.0010795817,0.0010719842,0.0,0.0010469216,0.0010310116,0.0010217256,0.0010326109,0.0011078723,0.0010719991,0.0,0.0,0.0010310116,0.0010122054,0.0010678581,0.0010905745,0.0,0.0010604393,0.0010469217,0.0010397343,0.0010510926,0.0010574235,0.0010695987,0.0010719881,0.0010604392,0.0010469216,0.0,0.0010604392,0.0010469216,0.0010397361,0.0010719792,0.0,0.0010469216,0.0010310118,0.0010217257,0.0010326104,0.0011077934,0.0010719807,0.0,0.0010469217,0.0010310116,0.0010217256,0.0010326104,0.0011077939,0.0,0.0010604392,0.0010604393,0.001054948,0.001066561,0.0,0.0009899626,0.0010720182,0.0,0.0010469216,0.0010310116,0.0010217257,0.0010326104,0.0011077912,0.001071982,0.0,0.0,0.0010310116,0.0010122054,0.0010678581,0.0010905759,0.0010720654,0.0010604402,0.0,0.001031013,0.0010122054,0.0010678581,0.001079581,0.0,0.0010604392,0.0010469216,0.0010397343,0.0010510926,0.0010574235,0.0010695987,0.0,0.001060441,0.0,0.0010310116,0.0010122054,0.0010678581,0.0010795722,0.0,0.0010604392,0.0010469219,0.0010397343,0.0010510926,0.0010574235,0.0010695992,0.0010719941,0.0010604392,0.0010469219,0.0010397348,0.0010510928,0.0010574235,0.0010695993,0.0,0.0,0.0,0.0010310116,0.0010122054,0.0010678581,0.0010905751,0.0010719757,0.0010604392,0.0,0.0010310116,0.0010122054,0.0010678581,0.0010795734,0.0010719906,0.0010604392,0.0010469216,0.0010678581,0.0,0.0010310116,0.0010122055,0.0,0.0010604392,0.0010469216,0.0010397343,0.0010510928,0.0010574235,0.0010695998,0.0,0.0010604392,0.0010469216,0.0010397343,0.0010510928,0.0010574235,0.0010695991,0.0,0.0010604402,0.0010469216,0.0010397343,0.0010510928,0.0010574235,0.0010696015,0.0010719883,0.0010604392,0.0010469216,0.0010397343,0.0010510926,0.0010574235,0.0010695994,0.0,0.0,0.0010469216,0.0010310116,0.0010217257,0.0010326104,0.0011077919,0.0,0.0010604392,0.0010469216,0.0010397343,0.0010510926,0.0010574235,0.0010695987,0.001072225,0.0010604413,0.0010469219,0.0010397343,0.0010510928,0.0010574235,0.001069602
k__Bacteria|p__Firmicutes|c__Erysipelotrichia|o__Erysipelotrichales|f__Erysipelotrichaceae|g__Amedibacillus|s__Amedibacillus_dolichus,0.0,0.0010626622,0.0010490903,0.0010417753,0.0010528362,0.0010588875,0.0010708359,0.0,0.0010626625,0.0010490903,0.0010417753,0.0010528362,0.0010588875,0.0010708359,0.0,0.0,0.0010491001,0.0010331264,0.0010237014,0.0010342901,0.0011094515,0.001074276,0.0,0.0010490903,0.0010331193,0.0010237013,0.0010342901,0.0011094512,0.0,0.0,0.0010490903,0.0010331193,0.0010237013,0.0010342901,0.0011094509,0.001074248,0.0010626623,0.0010490903,0.0010417753,0.0010528362,0.0010588875,0.0010708357,0.0,0.0010626623,0.0010490904,0.0010417753,0.0010528362,0.0010588875,0.0010708357,0.0010742481,0.0010626623,0.0010490903,0.0010417753,0.0010528362,0.0010588875,0.0010708357,0.0,0.0010626626,0.0010490905,0.0010417755,0.0010528362,0.0010588875,0.0010708364,0.0,0.0010626625,0.0010490903,0.0010417753,0.0010528362,0.0010588875,0.0010708359,0.0,0.0010626625,0.0,0.0010331193,0.0010142442,0.00107001,0.0010814248,0.0,0.0010626623,0.0010490903,0.0010417753,0.0010528362,0.0010588875,0.0010708361,0.0,0.0,0.0,0.0010331193,0.0010142442,0.00107001,0.0010924733,0.0010742539,0.0010626625,0.0,0.0010331193,0.0010142442,0.00107001,0.0010814267,0.0010742852,0.0,0.0,0.0010331193,0.0010142442,0.00107001,0.001092473,0.0010742607,0.0,0.0010490903,0.0,0.0010626623,0.0010490903,0.0010700099,0.0010742494,0.0,0.0,0.0010331193,0.0010142442,0.00107001,0.0010924727,0.0,0.0010626632,0.0,0.0010331193,0.0010142442,0.00107001,0.0010814241,0.0,0.0,0.0010490913,0.0010626629,0.0,0.0010331193,0.0010626621,0.0010742655,0.0010626626,0.0,0.0010331192,0.0010142442,0.00107001,0.0010814242,0.0,0.0,0.0010490904,0.0010331193,0.0010237013,0.0010342901,0.0011094508,0.0,0.0,0.0010490903,0.0,0.0010626623,0.0010490903,0.0010700099,0.0,0.0010626649,0.0,0.0010626626,0.0,0.0010626623,0.0010490903,0.0,0.0,0.0010491048,0.0010331208,0.0010237012,0.0010342901,0.0011094514,0.0,0.0010626804,0.0010626642,0.0010570476,0.0010683615,0.0,0.0009918662,0.0,0.0010626634,0.0010490906,0.0,0.0010626626,0.0010490903,0.0010417764,0.0010742532,0.0010626623,0.0010490903,0.0,0.0010626623,0.0010490903,0.0010417755,0.0,0.0010626625,0.0010490903,0.0010417753,0.0010528362,0.0010588875,0.0010708359,0.0010742481,0.0010626623,0.0010490903,0.0010417753,0.0010528362,0.0010588875,0.0010708359,0.0010742644,0.0,0.0,0.0010331193,0.0010142442,0.00107001,0.0010924727,0.0010742493,0.0,0.0010490903,0.0010331193,0.0010237013,0.0010342901,0.001109451,0.0,0.0010626626,0.0,0.0010331193,0.0010142442,0.00107001,0.0010814242,0.0010742584,0.0,0.0010490903,0.0010331193,0.0010237013,0.0010342901,0.0011094504,0.0,0.0010626623,0.0010490903,0.0010417753,0.0010528362,0.0010588875,0.0010708366,0.0010742487,0.0010626623,0.0010490903,0.0010417753,0.0010528362,0.0010588875,0.0010708357,0.0,0.0010626625,0.0010490903,0.0010417753,0.0010528362,0.0010588875,0.0010708359,0.0,0.0,0.0010490903,0.0010331193,0.0010237013,0.0010342901,0.0011094514,0.0010742495,0.0010626623,0.0,0.0,0.0010626626,0.0010626625,0.0010570477,0.0010742757,0.0,0.0010490903,0.0,0.0010626626,0.0010490903,0.00107001,0.0010743098,0.0,0.0010626623,0.0010490903,0.0010417753,0.0,0.0010626625,0.0,0.0010626623,0.0,0.0010331193,0.0010142442,0.00107001,0.001081426,0.0010742524,0.0,0.0010490903,0.0010331193,0.0010237012,0.0010342903,0.0011094458,0.0010742609,0.0,0.0,0.0010331193,0.0010142442,0.00107001,0.0010924726,0.0,0.0010626626,0.0010490903,0.0010417753,0.0010528362,0.0010588875,0.0010708359,0.0010742778,0.0010626625,0.0010490903,0.0,0.0010626621,0.0010490903,0.0010417759,0.0010742489,0.0,0.0010490903,0.001033119,0.0010237013,0.0010342901,0.0011094519,0.0010742503,0.0,0.0010490903,0.0010331192,0.0010237012,0.0010342901,0.0011094514,0.0,0.0010626625,0.0010626622,0.0010570472,0.0010683615,0.0,0.0009918966,0.0010742655,0.0,0.0010490903,0.0010331193,0.0010237013,0.0010342901,0.0011094509,0.0010742511,0.0,0.0,0.0010331193,0.0010142442,0.00107001,0.0010924733,0.0010742953,0.0010626623,0.0,0.0010331196,0.0010142444,0.0010700099,0.001081426,0.0,0.0010626623,0.0010490903,0.0010417753,0.0010528362,0.0010588875,0.0010708357,0.0,0.0010626629,0.0,0.0010331193,0.0010142442,0.00107001,0.0010814242,0.0,0.0010626623,0.0010490904,0.0010417753,0.0010528362,0.0010588875,0.0010708359,0.0010742547,0.0010626622,0.0010490903,0.0010417755,0.0010528362,0.0010588875,0.0010708362,0.0,0.0,0.0,0.0010331193,0.0010142442,0.00107001,0.0010924729,0.0010742479,0.0010626623,0.0,0.0010331193,0.0010142442,0.00107001,0.0010814244,0.0010742571,0.0010626623,0.0010490903,0.00107001,0.006865079,0.0010331193,0.0010142443,0.0069039813,0.0010626623,0.0010490903,0.0010417753,0.0010528362,0.0010588875,0.0010708366,0.0,0.0010626623,0.0010490903,0.0010417753,0.0010528362,0.0010588875,0.0010708362,0.0,0.0010626623,0.0010490903,0.0010417753,0.0010528362,0.0010588875,0.0010708369,0.0010742508,0.0010626623,0.0010490903,0.0010417753,0.0010528362,0.0010588875,0.001070836,0.0,0.0,0.0010490903,0.0010331193,0.0010237013,0.0010342901,0.0011094512,0.0,0.0010626623,0.0010490903,0.0010417753,0.0010528362,0.0010588875,0.0010708359,0.001074402,0.0010626629,0.0010490903,0.0010417753,0.0010528362,0.0010588875,0.0010708376
k__Bacteria|p__Firmicutes|c__Negativicutes|o__Veillonellales|f__Veillonellaceae|g__Veillonella|s__Veillonella_ratti,0.0,0.0010611966,0.0010475498,0.0010401561,0.0010511284,0.001057084,0.0010689867,0.0,0.0010611968,0.0010475498,0.0010401561,0.0010511284,0.001057084,0.0010689864,0.12511161,0.11746833,0.0010475649,0.0010315133,0.0010220036,0.0010324948,0.0011080113,0.0010728918,0.0,0.0010475498,0.0010315021,0.0010220029,0.0010324946,0.0011080101,0.0,0.0,0.0010475498,0.0010315021,0.0010220029,0.0010324946,0.0011080102,0.0010728552,0.0010611967,0.0010475498,0.0010401561,0.0010511284,0.001057084,0.0010689864,0.0,0.0010611971,0.00104755,0.0010401561,0.0010511284,0.001057084,0.0010689871,0.001072855,0.0010611967,0.0010475498,0.0010401561,0.0010511284,0.001057084,0.0010689867,0.0,0.001061197,0.0010475504,0.0010401566,0.0010511284,0.001057084,0.0010689873,0.0,0.0010611968,0.0010475498,0.0010401561,0.0010511284,0.001057084,0.0010689865,0.10103016,0.0010611968,0.0017201635,0.0010315021,0.0010125506,0.0010685459,0.0010798902,0.0,0.0010611967,0.0010475498,0.0010401561,0.0010511284,0.001057084,0.0010689874,0.0,0.0,0.0,0.0010315021,0.0010125506,0.0010685459,0.0010910211,0.0010728647,0.0010611968,0.0,0.0010315021,0.0010125506,0.0010685459,0.0010798987,0.0010729363,0.0,0.0,0.0010315026,0.0010125506,0.0010685459,0.0010910203,0.0010728781,0.0,0.0010475498,0.0,0.0010611967,0.0010475498,0.0010685461,0.0010728586,0.0,0.0053367172,0.0010315021,0.0010125506,0.0010685459,0.0010910186,0.0,0.0010611984,0.0,0.0010315021,0.0010125506,0.0010685459,0.0010798884,0.0,0.0,0.001047551,0.001061198,0.0,0.0010315021,0.0010611969,0.001072884,0.001061197,0.0,0.0010315021,0.0010125506,0.0010685459,0.0010798882,0.0,0.0,0.0010475499,0.0010315021,0.0010220029,0.0010324946,0.0011080106,0.0,0.0,0.0010475498,0.0,0.0010611967,0.0010475498,0.0010685462,0.0,0.0010612017,0.0,0.0010611969,0.0,0.0010611967,0.0010475502,0.0,0.0,0.0010475693,0.0010315053,0.0010220029,0.0010324946,0.0011080112,0.0,0.0010612321,0.0010612011,0.0010555075,0.0010667406,0.0,0.0009901056,0.0,0.0010611996,0.001047551,0.0,0.001061197,0.0010475499,0.0010401591,0.0010728613,0.0010611967,0.0010475498,0.0,0.0010611967,0.0010475498,0.0010401577,0.0,0.0010611968,0.0010475499,0.0010401561,0.0010511284,0.001057084,0.0010689867,0.0010728549,0.0010611967,0.0010475498,0.0010401561,0.0010511284,0.001057084,0.0010689865,0.0010728855,0.0,0.0,0.0010315021,0.0010125506,0.0010685459,0.0010910184,0.0010728602,0.0,0.0010475498,0.0010315021,0.0010220029,0.0010324946,0.0011080108,0.0,0.0010611969,0.0,0.0010315021,0.0010125506,0.0010685459,0.0010798877,0.0010728734,0.0,0.0010475498,0.0010315021,0.0010220029,0.0010324946,0.0011080197,0.0,0.0010611967,0.0010475498,0.0010401561,0.0010511284,0.001057084,0.0010689888,0.0010728554,0.0010611967,0.0010475498,0.0010401561,0.0010511284,0.001057084,0.0010689864,0.0,0.0010611971,0.0010475499,0.0010401565,0.0010511284,0.001057084,0.0010689867,0.0,0.0,0.0010475498,0.0010315021,0.0010220029,0.0010324946,0.0011080105,0.0010728574,0.0010611967,0.0,0.0,0.0010611969,0.0010611968,0.0010555077,0.0010728979,0.0,0.0010475502,0.0,0.0010611969,0.0010475498,0.0010685488,0.0010729767,0.0,0.0010611967,0.0010475499,0.0010401561,0.0,0.0010611977,0.0,0.0010611967,0.0,0.0010315021,0.0010125506,0.001068546,0.0010798955,0.0010728617,0.0,0.0010475498,0.0010315021,0.0010220029,0.0010324952,0.0011080818,0.0010728757,0.0,0.0,0.0010315021,0.0010125506,0.0010685459,0.0010910181,0.0,0.0010611969,0.0010475499,0.0010401561,0.0010511284,0.001057084,0.0010689864,0.0010728682,0.0010611968,0.0010475499,0.0,0.0010611966,0.0010475498,0.0010401575,0.0010728576,0.0,0.0010475499,0.0010315024,0.0010220029,0.0010324946,0.0011080133,0.0010728593,0.0,0.0010475499,0.0010315024,0.0010220029,0.0010324947,0.0011080132,0.0,0.0010611968,0.0010611967,0.0010555066,0.0010667405,0.0,0.0009901543,0.0010728912,0.0,0.0010475499,0.0010315021,0.0010220029,0.0010324946,0.0011080102,0.0010728608,0.0,0.0,0.0010315021,0.0010125506,0.0010685459,0.0010910208,0.0010729282,0.0010611975,0.0,0.0010315032,0.001012551,0.0010685459,0.0010798974,0.0,0.0010611967,0.0010475499,0.0010401561,0.0010511284,0.001057084,0.0010689864,0.0,0.001061198,0.0,0.0010315024,0.0010125506,0.0010685459,0.0010798881,0.0,0.0010611967,0.0010475499,0.0010401561,0.0010511284,0.001057084,0.0010689867,0.0010728715,0.0010611969,0.0010475502,0.0010401566,0.0010511284,0.001057084,0.0010689871,0.0,0.0,0.0,0.0010315021,0.0010125506,0.0010685459,0.001091019,0.0010728547,0.0010611967,0.0,0.0010315021,0.0010125506,0.0010685459,0.0010798892,0.0010728703,0.0010611967,0.0010475498,0.0010685459,0.0,0.0010315021,0.0010125511,0.0,0.0010611967,0.0010475498,0.0010401565,0.0010511284,0.001057084,0.0010689879,0.0,0.0010611967,0.0010475498,0.0010401561,0.0010511284,0.001057084,0.0010689871,0.0,0.0010611971,0.0010475499,0.0010401561,0.0010511284,0.001057084,0.0010689895,0.0010728638,0.0010611967,0.0010475498,0.0010401561,0.0010511284,0.001057084,0.0010689872,0.0,0.0,0.0010475498,0.0010315021,0.0010220029,0.0010324946,0.0011080109,0.0,0.0010611967,0.0010475498,0.0010401561,0.0010511284,0.001057084,0.0010689865,0.0010730955,0.0010611984,0.0010475502,0.0010401563,0.0010511284,0.001057084,0.0010689906
k__Bacteria|p__Firmicutes|c__Clostridia|o__Eubacteriales|f__Oscillospiraceae|g__Anaerotruncus|s__Anaerotruncus_colihominis,0.0,0.001061646,0.0010480823,0.0010408007,0.001051954,0.0010580902,0.0010701126,0.0,0.001061646,0.0010480823,0.0010408007,0.001051954,0.0010580902,0.0010701126,0.0,0.0,0.0010480908,0.0010321278,0.0010227382,0.0010334173,0.0011086399,0.001073229,0.0,0.0010480823,0.0010321212,0.0010227377,0.0010334173,0.0011086395,0.0,0.0,0.0010480823,0.0010321212,0.0010227377,0.0010334173,0.0011086395,0.0010732256,0.0010616459,0.0010480823,0.0010408007,0.001051954,0.0010580902,0.0010701126,0.0,0.0010616466,0.0010480824,0.0010408007,0.001051954,0.0010580902,0.0010701123,0.0010732254,0.0010616459,0.0010480823,0.0010408007,0.001051954,0.0010580902,0.0010701125,0.0,0.0010616463,0.0010480824,0.0010408007,0.001051954,0.0010580902,0.0010701129,0.0,0.001061646,0.0010480823,0.0010408007,0.001051954,0.0010580902,0.0010701126,0.0,0.001061646,0.0,0.0010321212,0.001013259,0.0010690197,0.0010805306,0.0,0.0010616459,0.0010480823,0.0010408007,0.001051954,0.0010580902,0.0010701128,0.0,0.0,0.0,0.0010321212,0.001013259,0.0010690197,0.0010915755,0.0010732263,0.001061646,0.0,0.0010321212,0.001013259,0.0010690197,0.0010805319,0.0010732273,0.0,0.0,0.0010321211,0.001013259,0.0010690197,0.001091575,0.0010732254,0.0,0.0010480823,0.0,0.0010616459,0.0010480823,0.0010690195,0.0010732259,0.0,0.0,0.0010321212,0.001013259,0.0010690197,0.0010915741,0.0,0.0010616468,0.0,0.0010321212,0.001013259,0.0010690197,0.0010805295,0.0,0.0,0.0010480835,0.001061647,0.0,0.0010321212,0.0010616462,0.0010732362,0.0010616463,0.0,0.0010321211,0.001013259,0.0010690197,0.0010805296,0.0,0.0,0.0010480824,0.0010321212,0.0010227377,0.0010334173,0.0011086394,0.0,0.0,0.0010480823,0.0,0.0010616459,0.0010480823,0.0010690193,0.0,0.0010616486,0.0,0.0010616465,0.0,0.0010616459,0.0010480823,0.0,0.0,0.0010480962,0.0010321225,0.0010227378,0.0010334173,0.00110864,0.0,0.0010616578,0.0010616475,0.0010560642,0.0010674723,0.0,0.0009908972,0.0,0.0010616475,0.0010480826,0.0,0.0010616463,0.0010480823,0.0010408018,0.0010732274,0.0010616459,0.0010480823,0.0,0.0010616459,0.0010480823,0.001040801,0.0,0.0010616463,0.0010480823,0.0010408007,0.001051954,0.0010580902,0.0010701126,0.0010732253,0.0010616459,0.0010480823,0.0010408007,0.001051954,0.0010580902,0.0010701126,0.0010732323,0.0,0.0,0.0010321212,0.001013259,0.0010690197,0.0010915743,0.0010732249,0.0,0.0010480823,0.0010321212,0.0010227377,0.0010334173,0.0011086395,0.0,0.0010616465,0.0,0.0010321212,0.001013259,0.0010690197,0.0010805296,0.001073227,0.0,0.0010480823,0.0010321212,0.0010227377,0.0010334173,0.00110864,0.0,0.0010616459,0.0010480823,0.0010408007,0.001051954,0.0010580902,0.0010701133,0.0010732254,0.0010616459,0.0010480823,0.0010408007,0.001051954,0.0010580902,0.0010701126,0.0,0.0010616467,0.0010480823,0.0010408009,0.001051954,0.0010580902,0.0010701126,0.0,0.0,0.0010480823,0.0010321212,0.0010227377,0.0010334173,0.0011086396,0.0010732253,0.0010616459,0.0,0.0,0.0010616462,0.001061646,0.0010560645,0.0010732308,0.0,0.0010480823,0.0,0.0010616462,0.0010480823,0.0010690201,0.001073225,0.0,0.0010616465,0.0010480823,0.0010408007,0.0,0.0010616467,0.0,0.0010616463,0.0,0.0010321212,0.001013259,0.0010690197,0.0010805316,0.0010732277,0.0,0.0010480823,0.0010321212,0.0010227378,0.0010334173,0.0011086502,0.0010732324,0.0,0.0,0.0010321212,0.001013259,0.0010690197,0.0010915741,0.0,0.0010616462,0.0010480823,0.0010408007,0.001051954,0.0010580902,0.0010701126,0.0010732212,0.0010616464,0.0010480823,0.0,0.001061646,0.0010480823,0.0010408013,0.0010732253,0.0,0.0010480823,0.0010321211,0.0010227377,0.0010334173,0.0011086409,0.0010732261,0.0,0.0010480823,0.0010321212,0.0010227378,0.0010334173,0.0011086399,0.0,0.001061646,0.0010616462,0.0010560638,0.0010674723,0.0,0.0009909322,0.0010732287,0.0,0.0010480823,0.0010321212,0.0010227377,0.0010334173,0.0011086395,0.0010732266,0.0,0.0,0.0010321212,0.001013259,0.0010690197,0.0010915755,0.0010732332,0.0010616462,0.0,0.0010321216,0.001013259,0.0010690195,0.0010805333,0.0,0.0010616462,0.0010480823,0.0010408007,0.001051954,0.0010580902,0.0010701126,0.0,0.001061647,0.0,0.0010321212,0.001013259,0.0010690197,0.0010805296,0.0,0.0010616462,0.0010480824,0.0010408007,0.001051954,0.0010580902,0.0010701125,0.0010732261,0.001061646,0.0010480823,0.0010408007,0.001051954,0.0010580902,0.0010701127,0.0,0.0,0.0,0.0010321212,0.001013259,0.0010690197,0.0010915744,0.0010732254,0.0010616459,0.0,0.0010321212,0.001013259,0.0010690197,0.0010805295,0.0010732296,0.0010616462,0.0010480823,0.0010690197,0.0,0.0010321212,0.0010132592,0.0,0.0010616459,0.0010480823,0.0010408007,0.001051954,0.0010580902,0.0010701129,0.0,0.0010616459,0.0010480823,0.0010408007,0.001051954,0.0010580902,0.0010701126,0.0,0.0010616463,0.0010480823,0.0010408007,0.001051954,0.0010580902,0.0010701135,0.0010732248,0.0010616459,0.0010480823,0.0010408007,0.001051954,0.0010580902,0.0010701127,0.0,0.0,0.0010480823,0.0010321212,0.0010227377,0.0010334173,0.0011086398,0.0,0.0010616459,0.0010480823,0.0010408007,0.001051954,0.0010580902,0.0010701126,0.0010732474,0.001061647,0.0010480823,0.0010408006,0.001051954,0.0010580902,0.001070114
k__Bacteria|p__Firmicutes|c__Clostridia|o__Eubacteriales|f__Lachnospiraceae|g__Dorea|s__Dorea_longicatena,0.0,0.0010600396,0.0010466926,0.0010397637,0.0010515881,0.0010583749,0.001070875,0.0,0.0010600399,0.0010466926,0.0010397637,0.0010515881,0.0010583749,0.0010708749,0.0,0.0,0.0010467113,0.0010309746,0.0010219448,0.0010333048,0.0011079954,0.0010714498,0.0,0.0010466926,0.0010309622,0.0010219442,0.0010333048,0.0011079948,0.0,0.0,0.0010466926,0.0010309622,0.0010219442,0.0010333048,0.0011079949,0.0010714163,0.0010600397,0.0010466926,0.0010397637,0.0010515881,0.0010583749,0.0010708749,0.0,0.0010600402,0.0010466926,0.0010397637,0.0010515881,0.0010583749,0.001070875,0.0010714163,0.0010600397,0.0010466926,0.0010397637,0.0010515881,0.0010583749,0.0010708747,0.0,0.00106004,0.0010466931,0.001039764,0.0010515881,0.0010583749,0.0010708752,0.0,0.0010600399,0.0010466926,0.0010397637,0.0010515881,0.0010583749,0.001070875,0.0,0.0010600399,0.0,0.0010309622,0.0010123444,0.001067537,0.0010796972,0.0,0.0010600397,0.0010466926,0.0010397637,0.0010515881,0.0010583749,0.0010708746,0.0,0.0,0.0,0.0010309622,0.0010123444,0.001067537,0.0010905279,0.0010714247,0.0010600399,0.0,0.0010309622,0.0010123444,0.001067537,0.0010797026,0.0010715056,0.0,0.0,0.0010309624,0.0010123444,0.001067537,0.0010905275,0.0010714431,0.0,0.0010466926,0.0,0.0010600397,0.0010466926,0.0010675369,0.0010714193,0.0,0.0,0.0010309622,0.0010123444,0.001067537,0.0010905275,0.0,0.0010600415,0.0,0.0010309622,0.0010123444,0.001067537,0.0010796961,0.0,0.0,0.0010466933,0.0010600416,0.0,0.0010309622,0.0010600395,0.0010714428,0.00106004,0.0,0.0010309622,0.0010123444,0.001067537,0.0010796961,0.0,0.0,0.0010466927,0.0010309622,0.0010219442,0.0010333048,0.0011079955,0.0,0.0,0.0010466926,0.0,0.0010600397,0.0010466926,0.001067537,0.0,0.0010600436,0.0,0.0010600399,0.0,0.0010600397,0.0010466926,0.0,0.0,0.0010467152,0.0010309657,0.0010219442,0.0010333048,0.001107995,0.0,0.0010600934,0.0010600456,0.0010547978,0.0010668657,0.0,0.0009902406,0.0,0.0010600421,0.0010466935,0.0,0.00106004,0.0010466926,0.001039766,0.0010714221,0.0010600397,0.0010466926,0.0,0.0010600397,0.0010466926,0.0010397645,0.0,0.0010600399,0.0010466926,0.0010397637,0.0010515881,0.0010583749,0.0010708745,0.0010714162,0.0010600397,0.0010466926,0.0010397637,0.0010515881,0.0010583749,0.001070875,0.0010714463,0.0,0.0,0.0010309622,0.0010123444,0.001067537,0.0010905275,0.0010714245,0.0,0.0010466926,0.0010309622,0.0010219442,0.0010333048,0.001107995,0.0,0.0010600399,0.0,0.0010309622,0.0010123444,0.001067537,0.001079696,0.0010714328,0.0,0.0010466926,0.0010309622,0.0010219442,0.0010333048,0.0011080016,0.0,0.0010600397,0.0010466926,0.0010397637,0.0010515881,0.0010583749,0.0010708754,0.0010714172,0.0010600397,0.0010466926,0.0010397637,0.0010515881,0.0010583749,0.0010708749,0.0,0.0010600401,0.0010466926,0.0010397637,0.0010515881,0.0010583749,0.001070875,0.0,0.0,0.0010466926,0.0010309622,0.0010219442,0.0010333048,0.0011079949,0.001071418,0.0010600397,0.0,0.0,0.0010600399,0.0010600399,0.001054797,0.0010714508,0.0,0.0010466926,0.0,0.0010600399,0.0010466926,0.001067539,0.001071549,0.0,0.0010600399,0.0010466926,0.0010397637,0.0,0.0010600399,0.0,0.0010600396,0.0,0.0010309622,0.0010123444,0.001067537,0.0010796995,0.0010714222,0.0,0.0010466926,0.0010309622,0.0010219442,0.0010333054,0.0011080416,0.0010714338,0.0,0.0,0.0010309622,0.0010123444,0.001067537,0.0010905274,0.0,0.0010600399,0.0010466926,0.0010397637,0.0010515881,0.0010583749,0.0010708749,0.0010714219,0.0010600397,0.0010466926,0.0,0.0010600396,0.0010466926,0.0010397648,0.0010714191,0.0,0.0010466926,0.0010309623,0.0010219442,0.0010333048,0.001107995,0.0010714197,0.0,0.0010466926,0.0010309622,0.0010219442,0.001033305,0.001107996,0.0,0.0010600397,0.00106004,0.0010547971,0.0010668656,0.0,0.0009902713,0.0010714546,0.0,0.0010466926,0.0010309622,0.0010219442,0.0010333048,0.0011079949,0.0010714199,0.0,0.0,0.0010309622,0.0010123444,0.001067537,0.0010905279,0.0010714945,0.0010600409,0.0,0.0010309634,0.0010123448,0.001067537,0.0010797005,0.0,0.0010600397,0.0010466926,0.0010397637,0.0010515881,0.0010583749,0.0010708749,0.0,0.0010600409,0.0,0.0010309622,0.0010123444,0.001067537,0.001079696,0.0,0.00106004,0.0010466927,0.0010397637,0.0010515881,0.0010583749,0.0010708749,0.0010714299,0.0010600397,0.0010466926,0.0010397638,0.0010515881,0.0010583749,0.0010708749,0.0,0.0,0.0,0.0010309622,0.0010123444,0.001067537,0.0010905274,0.0010714158,0.0010600397,0.0,0.0010309622,0.0010123444,0.001067537,0.0010796967,0.0010714263,0.0010600397,0.0010466926,0.001067537,0.0,0.0010309622,0.0010123445,0.0,0.0010600397,0.0010466926,0.0010397637,0.0010515881,0.0010583749,0.0010708751,0.0,0.0010600397,0.0010466926,0.0010397637,0.0010515881,0.0010583749,0.0010708747,0.0,0.0010600406,0.0010466926,0.0010397637,0.0010515881,0.0010583749,0.0010708756,0.0010714274,0.0010600397,0.0010466926,0.0010397637,0.0010515881,0.0010583749,0.0010708749,0.0,0.0,0.0010466926,0.0010309622,0.0010219442,0.0010333048,0.0011079953,0.0,0.0010600397,0.0010466926,0.0010397637,0.0010515881,0.0010583749,0.001070875,0.0010716133,0.001060041,0.0010466926,0.0010397637,0.0010515881,0.0010583749,0.0010708757
k__Bacteria|p__Firmicutes|c__Bacilli|o__Lactobacillales|f__Lactobacillaceae|g__Lacticaseibacillus|s__Lacticaseibacillus_paracasei,0.0,0.0010613543,0.0010478365,0.0010406295,0.0010519223,0.0010581942,0.0010703156,0.0,0.0010613543,0.0010478365,0.0010406295,0.0010519223,0.0010581942,0.0010703156,0.004759786,0.0,0.0010478579,0.0010319399,0.001022619,0.0010334397,0.0011085451,0.0010729434,0.0,0.0010478365,0.0010319249,0.0010226184,0.0010334397,0.0011085442,0.0,0.0,0.0010478365,0.0010319249,0.0010226184,0.0010334397,0.0011085441,0.0010728904,0.0010613542,0.0010478365,0.0010406295,0.0010519223,0.0010581942,0.0010703154,0.0,0.0010613548,0.0010478367,0.0010406295,0.0010519223,0.0010581942,0.0010703168,0.0010728905,0.0010613542,0.0010478365,0.0010406295,0.0010519223,0.0010581942,0.0010703157,0.0,0.0010613546,0.0010478377,0.0010406296,0.0010519223,0.0010581942,0.0010703163,0.0,0.0010613543,0.0010478365,0.0010406295,0.0010519223,0.0010581942,0.0010703155,0.0,0.0010613543,0.0,0.0010319249,0.0010131146,0.0010687531,0.0010804004,0.0,0.0010613542,0.0010478365,0.0010406293,0.0010519223,0.0010581942,0.0010703162,0.0,0.0,0.0,0.0010319249,0.0010131146,0.0010687531,0.0010913985,0.0010729034,0.0010613543,0.0,0.0010319249,0.0010131146,0.0010687531,0.0010804072,0.0010729753,0.0,0.0036953927,0.0010319249,0.0010131146,0.0010687531,0.0010913981,0.0010729235,0.0,0.0010478365,0.0,0.0010613542,0.0010478365,0.001068753,0.0010728941,0.0,0.0,0.0010319249,0.0010131146,0.0010687531,0.001091397,0.0,0.0010613563,0.0,0.0010319249,0.0010131146,0.0010687531,0.0010803984,0.0,0.0,0.0010478386,0.0010613553,0.0,0.0010319249,0.0010613546,0.0010729226,0.0010613546,0.0,0.0010319247,0.0010131146,0.0010687531,0.0010803981,0.0,0.0,0.001047837,0.0010319249,0.0010226184,0.0010334397,0.0011085445,0.0,0.0,0.0010478365,0.0,0.0010613542,0.0010478365,0.001068753,0.0,0.0010613607,0.027466979,0.0010613544,0.0,0.0010613542,0.0010478366,0.0,0.0,0.0010478589,0.0010319283,0.0010226184,0.0010334397,0.0011085452,0.0,0.001061401,0.0010613604,0.0010558441,0.0010673892,0.025893858,0.0009908155,0.0,0.0010613572,0.001047838,0.0,0.0010613548,0.0010478366,0.0010406335,0.001072901,0.0010613542,0.0010478365,0.0,0.0010613542,0.0010478365,0.0010406307,0.0016073999,0.0010613545,0.0010478366,0.0010406293,0.0010519223,0.0010581942,0.0010703156,0.0010728905,0.0010613542,0.0010478365,0.0010406295,0.0010519223,0.0010581942,0.0010703155,0.0010729234,0.0,0.0,0.0010319249,0.0010131146,0.0010687531,0.0010913968,0.0010728944,0.0,0.0010478365,0.0010319249,0.0010226184,0.0010334397,0.0011085448,0.0,0.0010613544,0.0,0.0010319249,0.0010131146,0.0010687531,0.0010803979,0.0010729153,0.0,0.0010478365,0.0010319249,0.0010226184,0.0010334399,0.0011085536,0.0,0.0010613542,0.0010478365,0.0010406295,0.0010519223,0.0010581942,0.0010703171,0.0010728915,0.0010613542,0.0010478365,0.0010406295,0.0010519223,0.0010581942,0.0010703154,0.0,0.0010613551,0.0010478368,0.0010406293,0.0010519223,0.0010581942,0.0010703156,0.0,0.0,0.0010478365,0.0010319249,0.0010226184,0.0010334397,0.0011085444,0.001072894,0.0010613542,0.0,0.0,0.0010613544,0.0010613543,0.0010558442,0.0010729467,0.0,0.0010478372,0.0,0.0010613544,0.0010478365,0.0010687591,0.0010730365,0.0,0.0010613544,0.0010478366,0.0010406293,0.0014638379,0.0010613551,0.0,0.0010613542,0.0,0.0010319249,0.0010131146,0.001068753,0.0010804072,0.0010728992,0.0,0.0010478365,0.0010319249,0.0010226184,0.0010334403,0.0011086061,0.0010729167,0.0,0.0,0.0010319249,0.0010131146,0.0010687531,0.0010913968,0.0,0.0010613544,0.0010478366,0.0010406295,0.0010519223,0.0010581942,0.0010703154,0.0010729276,0.0010613543,0.0010478366,0.0,0.0010613543,0.0010478365,0.0010406307,0.0010728926,0.0,0.0010478366,0.0010319251,0.0010226184,0.0010334399,0.0011085471,0.0010728961,0.0,0.0010478366,0.0010319249,0.0010226184,0.0010334399,0.0011085466,0.0029028128,0.0010613543,0.0010613544,0.0010558434,0.0010673893,0.0,0.0009908619,0.0010729273,0.0025324074,0.0010478366,0.0010319249,0.0010226184,0.0010334397,0.0011085441,0.0010728977,0.0,0.0,0.0010319249,0.0010131146,0.0010687531,0.0010913984,0.0010729748,0.0010613551,0.0,0.0010319259,0.0010131147,0.0010687531,0.0010804067,0.0,0.0010613544,0.0010478366,0.0010406293,0.0010519223,0.0010581942,0.0010703154,0.0,0.0010613564,0.0,0.0010319249,0.0010131146,0.0010687531,0.001080398,0.0,0.0010613544,0.0010478366,0.0010406293,0.0010519223,0.0010581942,0.0010703157,0.0010729086,0.0010613545,0.0010478368,0.0010406298,0.0010519223,0.0010581942,0.001070316,0.0,0.0,0.0,0.0010319249,0.0010131146,0.0010687531,0.0010913974,0.00107289,0.0010613542,0.0,0.0010319249,0.0010131146,0.0010687531,0.0010803991,0.0010729086,0.0010613544,0.0010478365,0.0010687531,0.0,0.0010319249,0.0010131147,0.0,0.0010613542,0.0010478365,0.0010406293,0.0010519223,0.0010581942,0.0010703168,0.0,0.0010613542,0.0010478365,0.0010406293,0.0010519223,0.0010581942,0.0010703158,0.0,0.001061355,0.0010478366,0.0010406293,0.0010519223,0.0010581942,0.001070318,0.0010728997,0.0010613542,0.0010478365,0.0010406293,0.0010519223,0.0010581942,0.001070316,0.0,0.0,0.0010478365,0.0010319249,0.0010226184,0.0010334397,0.0011085449,0.0,0.0010613542,0.0010478365,0.0010406295,0.0010519223,0.0010581942,0.0010703155,0.0010732299,0.0010613566,0.0010478368,0.0010406295,0.0010519223,0.0010581944,0.0010703186
k__Bacteria|p__Firmicutes|c__Erysipelotrichia|o__Erysipelotrichales|f__Coprobacillaceae|g__Coprobacillus|s__Coprobacillus_cateniformis,0.0,0.0010627124,0.001048812,0.0010410136,0.0010512266,0.0010564465,0.0010678136,0.0,0.0010627129,0.001048812,0.0010410136,0.0010512266,0.0010564465,0.0010678137,0.0,0.0,0.001048813,0.0010324935,0.0010225766,0.0010322972,0.0011084651,0.0010746396,0.0017783217,0.001048812,0.0010324947,0.0010225764,0.0010322972,0.0011084648,0.0,0.0,0.001048812,0.0010324947,0.0010225764,0.0010322972,0.0011084649,0.0010746086,0.0010627127,0.001048812,0.0010410136,0.0010512266,0.0010564465,0.0010678136,0.0,0.001062713,0.001048812,0.0010410136,0.0010512266,0.0010564465,0.0010678143,0.0010746088,0.0010627127,0.001048812,0.0010410136,0.0010512266,0.0010564465,0.0010678136,0.0,0.0010627125,0.0010488125,0.0010410136,0.0010512266,0.0010564465,0.0010678143,0.0,0.0010627129,0.001048812,0.0010410136,0.0010512266,0.0010564465,0.0010678137,0.0,0.0010627129,0.0,0.0010324947,0.0010132586,0.0010699248,0.0010805356,0.0,0.0010627127,0.001048812,0.0010410136,0.0010512266,0.0010564465,0.001067814,0.0,0.0,0.0,0.0010324947,0.0010132586,0.0010699248,0.0010919163,0.0010746196,0.0010627129,0.0,0.0010324947,0.0010132586,0.0010699248,0.0010805401,0.0010746882,0.0,0.0,0.0010324948,0.0010132586,0.0010699248,0.001091916,0.001074633,0.0,0.001048812,0.0,0.0010627127,0.001048812,0.0010699247,0.0010746111,0.0,0.0,0.0010324947,0.0010132586,0.0010699248,0.0010919158,0.0,0.0010627126,0.0,0.0010324947,0.0010132586,0.0010699248,0.0010805349,0.0,0.0,0.0010488118,0.0010627134,0.0,0.0010324947,0.0010627129,0.0010746175,0.0010627125,0.0,0.0010324947,0.0010132586,0.0010699248,0.0010805347,0.0,0.0,0.0010488121,0.0010324947,0.0010225764,0.0010322972,0.0011084648,0.0,0.0,0.001048812,0.0,0.0010627127,0.001048812,0.0010699248,0.0,0.001062711,0.0,0.0010627129,0.0,0.0010627127,0.0010488121,0.0,0.0021626495,0.0010488097,0.0010324941,0.0010225762,0.0010322972,0.0011084647,0.0,0.0010627131,0.0010627123,0.0010566324,0.0010671207,0.0,0.0009905084,0.0,0.0010627129,0.0010488118,0.0,0.0010627126,0.001048812,0.0010410151,0.0010746121,0.0010627127,0.001048812,0.0,0.0010627127,0.001048812,0.001041014,0.0,0.0010627129,0.0010488121,0.0010410136,0.0010512266,0.0010564465,0.0010678137,0.001074609,0.0010627127,0.001048812,0.0010410136,0.0010512266,0.0010564465,0.0010678137,0.0010746379,0.0,0.0,0.0010324947,0.0010132586,0.0010699248,0.0010919155,0.0010746138,0.0,0.001048812,0.0010324947,0.0010225764,0.0010322972,0.0011084648,0.0,0.0010627129,0.0,0.0010324947,0.0010132586,0.0010699248,0.0010805345,0.0010746238,0.0,0.001048812,0.0010324947,0.0010225764,0.0010322972,0.0011084689,0.0,0.0010627127,0.001048812,0.0010410136,0.0010512266,0.0010564465,0.0010678152,0.0010746095,0.0010627127,0.001048812,0.0010410136,0.0010512266,0.0010564465,0.0010678136,0.0,0.0010627125,0.001048812,0.0010410133,0.0010512266,0.0010564465,0.0010678136,0.0,0.0,0.001048812,0.0010324947,0.0010225764,0.0010322972,0.0011084649,0.0010746105,0.0010627127,0.0,0.0,0.0010627129,0.0010627129,0.0010566328,0.0010746378,0.0,0.0010488117,0.0,0.0010627129,0.001048812,0.001069927,0.0010747294,0.0,0.0010627126,0.001048812,0.0010410136,0.0,0.0010627129,0.0,0.0010627124,0.0,0.0010324947,0.0010132586,0.0010699247,0.0010805405,0.0010746128,0.0,0.001048812,0.0010324947,0.0010225762,0.0010322976,0.0011085015,0.0010746157,0.0,0.0,0.0010324947,0.0010132586,0.0010699248,0.0010919154,0.0,0.0010627126,0.0010488121,0.0010410136,0.0010512266,0.0010564465,0.0010678137,0.0010746395,0.0010627125,0.001048812,0.0,0.0010627126,0.001048812,0.0010410141,0.0010746112,0.0,0.001048812,0.0010324949,0.0010225764,0.0010322972,0.0011084656,0.001074611,0.0,0.0010488121,0.0010324947,0.0010225762,0.0010322974,0.0011084661,0.0,0.0010627125,0.0010627127,0.0010566325,0.0010671206,0.0,0.0009905321,0.0010746446,0.0,0.001048812,0.0010324947,0.0010225764,0.0010322972,0.0011084649,0.001074612,0.0,0.0,0.0010324947,0.0010132586,0.0010699248,0.0010919161,0.0010746826,0.0010627131,0.0,0.0010324954,0.0010132587,0.0010699248,0.0010805394,0.0,0.0010627127,0.001048812,0.0010410136,0.0010512266,0.0010564465,0.0010678136,0.0,0.0010627122,0.0,0.0010324947,0.0010132586,0.0010699248,0.0010805345,0.0,0.0010627126,0.0010488121,0.0010410136,0.0010512266,0.0010564465,0.0010678137,0.0010746213,0.0010627125,0.001048812,0.0010410135,0.0010512266,0.0010564465,0.0010678142,0.0,0.0,0.0,0.0010324947,0.0010132586,0.0010699248,0.0010919156,0.0010746086,0.0010627127,0.0,0.0010324947,0.0010132586,0.0010699248,0.0010805352,0.0010746152,0.0010627127,0.001048812,0.0010699248,0.011538504,0.0010324947,0.0010132587,0.004135127,0.0010627127,0.001048812,0.0010410133,0.0010512266,0.0010564465,0.0010678144,0.0,0.0010627127,0.001048812,0.0010410136,0.0010512266,0.0010564465,0.0010678137,0.0,0.0010627127,0.001048812,0.0010410136,0.0010512266,0.0010564465,0.0010678155,0.0010746167,0.0010627124,0.001048812,0.0010410136,0.0010512266,0.0010564465,0.001067814,0.0,0.0,0.001048812,0.0010324947,0.0010225764,0.0010322972,0.0011084651,0.0,0.0010627127,0.001048812,0.0010410136,0.0010512266,0.0010564465,0.0010678137,0.0010747568,0.0010627126,0.001048812,0.0010410134,0.0010512266,0.0010564465,0.0010678158
k__Bacteria|p__Firmicutes|c__Clostridia|o__Eubacteriales|f__Lachnospiraceae|g__Lachnospira|s__Lachnospira_eligens,0.0,0.0010614141,0.0010478131,0.0010404818,0.0010515555,0.0010576124,0.0010695824,0.0,0.0010614143,0.0010478131,0.0010404818,0.0010515555,0.0010576124,0.0010695825,0.0,0.0,0.001047836,0.0010318296,0.0010223789,0.001032975,0.0011083324,0.0010730523,0.0,0.0010478131,0.0010318131,0.0010223782,0.001032975,0.0011083321,0.0,0.0,0.0010478131,0.0010318131,0.0010223781,0.001032975,0.001108332,0.0010730294,0.0010614143,0.0010478131,0.0010404818,0.0010515555,0.0010576124,0.0010695825,0.0,0.0010614148,0.0010478132,0.0010404818,0.0010515555,0.0010576124,0.0010695835,0.0010730292,0.0010614143,0.0010478131,0.0010404818,0.0010515555,0.0010576124,0.0010695824,0.0,0.0010614146,0.0010478138,0.001040482,0.0010515555,0.0010576124,0.0010695828,0.0,0.0010614143,0.0010478131,0.0010404818,0.0010515555,0.0010576124,0.0010695826,0.0,0.0010614143,0.0,0.0010318131,0.0010129107,0.0010687774,0.0010802159,0.0,0.0010614143,0.0010478131,0.0010404817,0.0010515555,0.0010576124,0.0010695824,0.0,0.0,0.0,0.0010318131,0.0010129107,0.0010687774,0.001091298,0.0010730342,0.0010614143,0.0,0.0010318131,0.0010129107,0.0010687774,0.0010802198,0.0010730666,0.0,0.0,0.0010318131,0.0010129107,0.0010687774,0.001091298,0.0010730466,0.0,0.0010478131,0.0,0.0010614143,0.0010478131,0.0010687775,0.0010730311,0.0,0.0,0.0010318131,0.0010129107,0.0010687774,0.0010912974,0.0,0.001061416,0.0,0.0010318131,0.0010129107,0.0010687774,0.0010802142,0.0,0.0,0.0010478145,0.0010614154,0.0,0.0010318131,0.0010614144,0.0010730523,0.0010614146,0.0,0.0010318131,0.0010129107,0.0010687774,0.0010802142,0.0,0.0,0.0010478132,0.0010318131,0.0010223781,0.001032975,0.0011083327,0.0,0.0,0.0010478131,0.0,0.0010614143,0.0010478131,0.0010687775,0.0,0.0010614201,0.0,0.0010614144,0.0,0.0010614143,0.0010478132,0.0,0.0,0.0010478366,0.0010318169,0.0010223782,0.001032975,0.0011083322,0.0,0.0010614725,0.001061421,0.001055785,0.001067116,0.0,0.0009905122,0.0,0.0010614169,0.0010478143,0.0,0.0010614146,0.0010478132,0.0010404851,0.0010730355,0.0010614143,0.0010478131,0.0,0.0010614143,0.0010478131,0.0010404827,0.0,0.0010614144,0.0010478132,0.0010404817,0.0010515555,0.0010576124,0.0010695825,0.0010730291,0.0010614143,0.0010478131,0.0010404818,0.0010515555,0.0010576124,0.0010695826,0.0010730441,0.0,0.0,0.0010318131,0.0010129107,0.0010687774,0.0010912974,0.0010730322,0.0,0.0010478131,0.0010318131,0.0010223781,0.001032975,0.0011083322,0.0,0.0010614144,0.0,0.0010318131,0.0010129107,0.0010687774,0.0010802142,0.001073043,0.0,0.0010478131,0.0010318131,0.0010223781,0.001032975,0.0011083399,0.0,0.0010614143,0.0010478131,0.0010404818,0.0010515555,0.0010576124,0.001069583,0.0010730295,0.0010614143,0.0010478131,0.0010404818,0.0010515555,0.0010576124,0.0010695825,0.0,0.0010614147,0.0010478132,0.0010404817,0.0010515555,0.0010576124,0.0010695824,0.0,0.0,0.0010478131,0.0010318131,0.0010223781,0.001032975,0.0011083321,0.0010730306,0.0010614143,0.0,0.0,0.0010614144,0.0010614143,0.0010557844,0.0010730546,0.0,0.0010478134,0.0,0.0010614144,0.0010478131,0.0010687828,0.0010730984,0.0,0.0010614145,0.0010478132,0.0010404817,0.0013237249,0.0010614148,0.0,0.0010614141,0.0,0.0010318131,0.0010129107,0.0010687775,0.0010802227,0.0010730338,0.0,0.0010478131,0.0010318131,0.0010223782,0.0010329756,0.0011083875,0.0010730446,0.0,0.0,0.0010318131,0.0010129107,0.0010687774,0.0010912973,0.0,0.0010614144,0.0010478132,0.0010404818,0.0010515555,0.0010576124,0.0010695825,0.0010730289,0.0010614144,0.0010478132,0.0,0.0010614141,0.0010478131,0.0010404832,0.0010730298,0.0,0.0010478132,0.0010318134,0.0010223782,0.001032975,0.0011083331,0.0010730317,0.0,0.0010478132,0.0010318131,0.0010223782,0.0010329752,0.0011083335,0.0,0.0010614144,0.0010614144,0.0010557844,0.0010671163,0.0,0.0009905548,0.0010730473,0.0,0.0010478132,0.0010318131,0.0010223781,0.001032975,0.001108332,0.0010730325,0.0,0.0,0.0010318131,0.0010129107,0.0010687774,0.0010912978,0.0010730618,0.0010614152,0.0,0.0010318143,0.0010129107,0.0010687775,0.0010802202,0.0,0.0010614143,0.0010478132,0.0010404817,0.0010515555,0.0010576124,0.0010695825,0.0,0.0010614163,0.0,0.0010318131,0.0010129107,0.0010687774,0.0010802142,0.0,0.0010614143,0.0010478132,0.0010404817,0.0010515555,0.0010576124,0.0010695825,0.0010730372,0.0010614146,0.0010478132,0.0010404822,0.0010515555,0.0010576124,0.0010695826,0.0,0.0,0.0,0.0010318131,0.0010129107,0.0010687774,0.0010912978,0.0010730289,0.0010614143,0.0,0.0010318131,0.0010129107,0.0010687774,0.0010802147,0.0010730376,0.0010614143,0.0010478131,0.0010687774,0.0,0.0010318131,0.001012911,0.0,0.0010614143,0.0010478131,0.0010404817,0.0010515555,0.0010576124,0.0010695829,0.016211322,0.0010614143,0.0010478131,0.0010404817,0.0010515555,0.0010576124,0.0010695826,0.0,0.0010614151,0.0010478132,0.0010404817,0.0010515555,0.0010576124,0.0010695838,0.0010730346,0.0010614143,0.0010478131,0.0010404817,0.0010515555,0.0010576124,0.0010695828,0.0,0.0,0.0010478131,0.0010318131,0.0010223781,0.001032975,0.0011083321,0.0,0.0010614143,0.0010478131,0.0010404818,0.0010515555,0.0010576124,0.0010695826,0.0010732108,0.0010614163,0.0010478132,0.0010404818,0.0010515555,0.0010576124,0.0010695842
k__Bacteria|p__Firmicutes|c__Tissierellia|o__Tissierellales|f__Peptoniphilaceae|g__Peptoniphilus|s__Peptoniphilus_lacydonensis,0.0,0.0010669045,0.0010530882,0.001045324,0.0010554568,0.0010606223,0.0010718915,0.0,0.0010669047,0.0010530882,0.001045324,0.0010554568,0.0010606223,0.0010718915,0.0,0.0,0.0010531074,0.0010368666,0.001026971,0.0010366259,0.0011121796,0.0010787465,0.0,0.0010530882,0.0010368534,0.0010269703,0.0010366259,0.0011121792,0.009895677,0.0037473293,0.0010530882,0.0010368534,0.0010269703,0.0010366259,0.0011121792,0.0010787164,0.0010669046,0.0010530882,0.001045324,0.0010554568,0.0010606223,0.0010718915,0.0,0.0010669052,0.0010530885,0.001045324,0.0010554568,0.0010606223,0.0010718924,0.0010787165,0.0010669046,0.0010530882,0.001045324,0.0010554568,0.0010606223,0.0010718915,0.0,0.001066905,0.0010530894,0.0010453243,0.0010554568,0.0010606223,0.0010718919,0.0,0.0010669047,0.0010530882,0.001045324,0.0010554568,0.0010606223,0.0010718915,0.0,0.0010669047,0.0,0.0010368534,0.0010176945,0.0010740588,0.0010845603,0.0012826007,0.0010669046,0.0010530882,0.001045324,0.0010554568,0.0010606223,0.0010718917,0.0,0.0,0.0,0.0010368534,0.0010176945,0.001074059,0.0010958373,0.0010787232,0.0010669047,0.0,0.0010368534,0.0010176945,0.0010740588,0.0010845657,0.0010787662,0.0,0.0,0.0010368534,0.0010176945,0.001074059,0.0010958374,0.0010787365,0.0,0.0010530882,0.0,0.0010669046,0.0010530882,0.001074059,0.0010787182,0.0,0.0,0.0010368534,0.0010176945,0.0010740588,0.001095837,0.0,0.0010669064,0.0,0.0010368534,0.0010176945,0.0010740588,0.0010845588,0.0,0.0,0.0010530896,0.0010669054,0.0,0.0010368534,0.0010669047,0.0010787338,0.001066905,0.0,0.0010368534,0.0010176945,0.0010740588,0.0010845587,0.0,0.0,0.0010530887,0.0010368534,0.0010269703,0.0010366259,0.0011121795,0.0,0.0,0.0010530882,0.0,0.0010669046,0.0010530882,0.0010740592,0.0,0.00106691,0.0,0.0010669049,0.0,0.0010669046,0.0010530882,0.0,0.0,0.0010531067,0.0010368567,0.0010269705,0.0010366259,0.0011121795,0.0,0.0010669561,0.0010669105,0.0010608562,0.0010712483,0.0,0.0009950158,0.0,0.0010669073,0.0010530894,0.0,0.0010669051,0.0010530885,0.0010453275,0.0010787223,0.0010669046,0.0010530882,0.0,0.0010669046,0.0010530882,0.0010453251,0.0,0.0010669047,0.0010530882,0.001045324,0.0010554568,0.0010606223,0.0010718915,0.0010787165,0.0010669046,0.0010530882,0.001045324,0.0010554568,0.0010606223,0.0010718915,0.0010787321,0.0,0.0,0.0010368534,0.0010176945,0.0010740588,0.0010958369,0.001078719,0.0,0.0010530882,0.0010368534,0.0010269703,0.0010366259,0.0011121795,0.0,0.0010669049,0.0,0.0010368534,0.0010176945,0.0010740588,0.0010845583,0.0010787327,0.0,0.0010530882,0.0010368534,0.0010269703,0.0010366259,0.001112188,0.0040235384,0.0010669046,0.0010530882,0.001045324,0.0010554568,0.0010606223,0.0010718926,0.0010787167,0.0010669046,0.0010530882,0.001045324,0.0010554568,0.0010606223,0.0010718915,0.0,0.0010669052,0.0010530885,0.001045324,0.0010554568,0.0010606223,0.0010718917,0.0,0.0,0.0010530882,0.0010368534,0.0010269703,0.0010366259,0.0011121794,0.001078718,0.0010669046,0.0,0.0,0.0010669049,0.0010669047,0.001060856,0.0010787467,0.0,0.0010530889,0.0,0.0010669049,0.0010530882,0.0010740642,0.0010788084,0.0,0.0010669047,0.0010530885,0.001045324,0.0,0.0010669053,0.0,0.0010669046,0.0,0.0010368534,0.0010176945,0.001074059,0.0010845662,0.0010787206,0.0,0.0010530882,0.0010368534,0.0010269705,0.0010366263,0.001112234,0.001078731,0.0,0.0,0.0010368534,0.0010176945,0.0010740588,0.0010958369,0.0,0.0010669049,0.0010530882,0.001045324,0.0010554568,0.0010606223,0.0010718915,0.0010787274,0.0010669047,0.0010530885,0.0,0.0010669046,0.0010530886,0.0010453252,0.0010787172,0.0,0.0010530885,0.0010368535,0.0010269703,0.0010366259,0.0011121804,0.0010787192,0.0,0.0010530882,0.0010368534,0.0010269705,0.001036626,0.0011121806,0.0,0.0010669047,0.0010669051,0.0010608558,0.0010712484,0.0,0.0009950545,0.0010787355,0.0040948084,0.0010530885,0.0010368534,0.0010269703,0.0010366259,0.0011121792,0.00107872,0.0,0.0,0.0010368534,0.0010176945,0.001074059,0.0010958372,0.0010787607,0.0010669056,0.0,0.0010368546,0.0010176946,0.001074059,0.0010845646,0.17061956,0.0010669046,0.0010530885,0.001045324,0.0010554568,0.0010606223,0.0010718915,0.0,0.0010669065,0.0,0.0010368534,0.0010176945,0.0010740588,0.0010845584,0.0,0.0010669046,0.0010530887,0.001045324,0.0010554568,0.0010606223,0.0010718916,0.0010787273,0.0010669049,0.0010530886,0.0010453244,0.0010554568,0.0010606223,0.001071892,0.0,0.0,0.0,0.0010368534,0.0010176945,0.0010740588,0.0010958371,0.0010787161,0.0010669046,0.030826269,0.0010368534,0.0010176945,0.0010740588,0.0010845595,0.0010787263,0.0010669046,0.0010530882,0.0010740588,0.0,0.0010368534,0.0010176947,0.0,0.0010669046,0.0010530882,0.001045324,0.0010554568,0.0010606223,0.0010718924,0.0,0.0010669046,0.0010530882,0.001045324,0.0010554568,0.0010606223,0.0010718919,0.0,0.0010669053,0.0010530885,0.001045324,0.0010554568,0.0010606223,0.0010718934,0.0010787223,0.0010669046,0.0010530882,0.001045324,0.0010554568,0.0010606223,0.0010718921,0.0,0.0,0.0010530882,0.0010368534,0.0010269703,0.0010366259,0.0011121796,0.0,0.0010669046,0.0010530882,0.001045324,0.0010554568,0.0010606223,0.0010718915,0.0010789466,0.0010669065,0.0010530886,0.001045324,0.0010554568,0.0010606223,0.001071894
k__Bacteria|p__Firmicutes|c__Clostridia|o__Eubacteriales|f__Lachnospiraceae|g__Blautia|s__Blautia_faecis,0.0,0.0010619384,0.0010483657,0.001041065,0.0010521747,0.0010582702,0.0010702595,0.0,0.0010619386,0.0010483657,0.001041065,0.0010521747,0.0010582702,0.0010702596,0.0,0.0,0.0010483792,0.0010324039,0.0010229921,0.0010336277,0.0011088526,0.0010735343,0.0030437715,0.0010483658,0.0010323948,0.0010229914,0.0010336277,0.0011088527,0.0,0.0,0.0010483658,0.0010323948,0.0010229914,0.0010336277,0.0011088526,0.001073526,0.0010619385,0.0010483657,0.001041065,0.0010521747,0.0010582702,0.0010702594,0.0,0.0010619387,0.001048366,0.001041065,0.0010521747,0.0010582702,0.0010702591,0.001073526,0.0010619385,0.0010483657,0.001041065,0.0010521747,0.0010582702,0.0010702595,0.0,0.0010619387,0.001048366,0.001041065,0.0010521747,0.0010582702,0.0010702595,0.0,0.0010619386,0.0010483657,0.001041065,0.0010521747,0.0010582702,0.0010702594,0.0,0.0010619386,0.0,0.0010323948,0.0010135219,0.0010693017,0.0010807683,0.0,0.0010619385,0.0010483657,0.0010410649,0.0010521747,0.0010582702,0.0010702591,0.0,0.0,0.0,0.0010323948,0.0010135219,0.0010693017,0.0010918208,0.0010735276,0.0010619386,0.0,0.0010323948,0.0010135219,0.0010693017,0.0010807704,0.001073554,0.0,0.0,0.0010323949,0.0010135219,0.0010693017,0.0010918204,0.0010735323,0.0,0.0010483657,0.0,0.0010619385,0.0010483657,0.0010693017,0.001073527,0.0,0.0,0.0010323948,0.0010135219,0.0010693017,0.0010918207,0.0,0.0010619401,0.0,0.0010323948,0.0010135219,0.0010693017,0.001080768,0.0,0.0,0.0010483661,0.0010619398,0.0,0.0010323948,0.0010619386,0.0010735416,0.0010619388,0.0,0.0010323947,0.0010135219,0.0010693017,0.0010807683,0.0,0.0,0.001048366,0.0010323948,0.0010229914,0.0010336277,0.0011088524,0.0,0.0,0.0010483658,0.0,0.0010619385,0.0010483657,0.0010693017,0.0,0.0010619418,0.0,0.0010619386,0.0,0.0010619385,0.0010483658,0.0,0.0,0.0010483848,0.0010323977,0.0010229918,0.0010336277,0.0011088523,0.0,0.0010619787,0.0010619424,0.0010563382,0.0010677024,0.0,0.0009911447,0.0,0.0010619403,0.0010483665,0.0,0.0010619388,0.001048366,0.001041066,0.0010735281,0.0010619385,0.0010483657,0.0,0.0010619385,0.0010483657,0.0010410651,0.0,0.0010619386,0.0010483658,0.0010410649,0.0010521747,0.0010582702,0.0010702595,0.0010735259,0.0010619385,0.0010483657,0.001041065,0.0010521747,0.0010582702,0.0010702594,0.0010735345,0.0,0.0,0.0010323948,0.0010135219,0.0010693017,0.0010918205,0.0010735295,0.0,0.0010483657,0.0010323948,0.0010229914,0.0010336277,0.0011088523,0.0,0.0010619386,0.0,0.0010323948,0.0010135219,0.0010693017,0.0010807683,0.0010735324,0.0,0.0010483657,0.0010323948,0.0010229914,0.0010336277,0.0011088527,0.0,0.0010619385,0.0010483658,0.001041065,0.0010521747,0.0010582702,0.0010702593,0.0010735261,0.0010619385,0.0010483657,0.001041065,0.0010521747,0.0010582702,0.0010702594,0.0,0.0010619389,0.001048366,0.0010410649,0.0010521747,0.0010582702,0.0010702595,0.0,0.0,0.0010483657,0.0010323948,0.0010229914,0.0010336277,0.0011088524,0.0010735258,0.0010619385,0.0,0.0,0.0010619386,0.0010619386,0.0010563375,0.0010735329,0.0,0.0010483657,0.0,0.0010619386,0.0010483657,0.0010693014,0.001073565,0.0,0.0010619388,0.001048366,0.0010410649,0.0,0.0010619386,0.0,0.0010619384,0.0,0.0010323948,0.0010135219,0.0010693017,0.0010807709,0.0010735278,0.0,0.0010483657,0.0010323948,0.0010229915,0.001033628,0.0011088612,0.0010735325,0.0,0.0,0.0010323948,0.0010135219,0.0010693017,0.0010918207,0.0,0.0010619386,0.0010483658,0.001041065,0.0010521747,0.0010582702,0.0010702596,0.0010735107,0.0010619386,0.001048366,0.0,0.0010619384,0.0010483657,0.0010410659,0.0010735269,0.0,0.0010483656,0.0010323949,0.0010229914,0.0010336277,0.0011088521,0.0010735268,0.0,0.0010483658,0.0010323948,0.0010229915,0.0010336278,0.0011088528,0.0,0.0010619386,0.0010619386,0.0010563378,0.0010677023,0.0,0.0009911689,0.0010735363,0.0,0.001048366,0.0010323948,0.0010229914,0.0010336277,0.0011088526,0.0010735268,0.0,0.0,0.0010323948,0.0010135219,0.0010693017,0.0010918209,0.0010735515,0.0010619393,0.0,0.0010323956,0.001013522,0.0010693019,0.0010807691,0.0,0.0010619385,0.001048366,0.0010410649,0.0010521747,0.0010582702,0.0010702594,0.0,0.0010619393,0.0,0.0010323948,0.0010135219,0.0010693017,0.0010807683,0.0,0.0010619385,0.001048366,0.0010410649,0.0010521747,0.0010582702,0.0010702596,0.0010735297,0.0010619385,0.0010483658,0.0010410651,0.0010521747,0.0010582702,0.0010702594,0.0,0.0,0.0,0.0010323948,0.0010135219,0.0010693017,0.0010918208,0.0010735255,0.0010619385,0.0,0.0010323948,0.0010135219,0.0010693017,0.0010807684,0.0010735287,0.0010619385,0.0010483657,0.0010693017,0.00074590003,0.0010323948,0.001013522,0.0,0.0010619385,0.0010483657,0.0010410649,0.0010521747,0.0010582702,0.0010702594,0.0,0.0010619385,0.0010483658,0.0010410649,0.0010521747,0.0010582702,0.0010702594,0.0,0.0010619389,0.001048366,0.0010410649,0.0010521747,0.0010582702,0.00107026,0.0010735302,0.0010619385,0.0010483658,0.0010410649,0.0010521747,0.0010582702,0.0010702595,0.0,0.0,0.0010483658,0.0010323948,0.0010229914,0.0010336277,0.0011088527,0.0,0.0010619385,0.0010483657,0.001041065,0.0010521747,0.0010582702,0.0010702594,0.0010735835,0.0010619396,0.0010483658,0.001041065,0.0010521747,0.0010582702,0.0010702596
k__Bacteria|p__Firmicutes|c__Clostridia|o__Eubacteriales|f__Lachnospiraceae|g__Roseburia|s__Roseburia_inulinivorans,0.0,0.0010625037,0.0010489362,0.0010416314,0.0010527152,0.0010587883,0.0010707541,0.0,0.0010625038,0.0010489362,0.0010416314,0.0010527152,0.0010587883,0.001070754,0.0,0.0,0.0010489462,0.001032977,0.0010235632,0.0010341745,0.0011093357,0.0010741218,0.0,0.0010489362,0.0010329703,0.0010235626,0.0010341745,0.001109335,0.0,0.0,0.0010489364,0.0010329703,0.0010235626,0.0010341745,0.001109335,0.0010740855,0.0010625037,0.0010489362,0.0010416314,0.0010527152,0.0010587883,0.001070754,0.0,0.0010625039,0.0010489365,0.0010416314,0.0010527152,0.0010587883,0.0010707548,0.0010740856,0.0010625037,0.0010489362,0.0010416314,0.0010527152,0.0010587883,0.0010707541,0.0,0.0010625039,0.0010489369,0.0010416317,0.0010527152,0.0010587883,0.0010707547,0.0,0.0010625038,0.0010489362,0.0010416314,0.0010527152,0.0010587883,0.0010707541,0.0,0.0010625038,0.0,0.0010329703,0.001014101,0.0010698567,0.0010812959,0.0,0.0010625037,0.0010489362,0.0010416314,0.0010527152,0.0010587883,0.0010707546,0.0,0.0,0.0,0.0010329703,0.001014101,0.0010698567,0.0010923401,0.0010740962,0.0010625038,0.0,0.0010329703,0.001014101,0.0010698567,0.001081301,0.001074159,0.0,0.0,0.0010329703,0.001014101,0.0010698567,0.0010923399,0.0010741109,0.0,0.0010489364,0.0,0.0010625037,0.0010489362,0.0010698569,0.0010740886,0.0,0.0,0.0010329703,0.001014101,0.0010698567,0.0010923388,0.0,0.0010625047,0.0,0.0010329703,0.001014101,0.0010698567,0.0010812945,0.0,0.0,0.0010489372,0.0010625046,0.0,0.0010329703,0.0010625039,0.0010741069,0.0010625039,0.0,0.0010329701,0.001014101,0.0010698567,0.0010812941,0.0,0.0,0.0010489365,0.0010329703,0.0010235626,0.0010341745,0.0011093355,0.0,0.0,0.0010489362,0.0,0.0010625037,0.0010489362,0.0010698569,0.0,0.001062506,0.0,0.0010625039,0.0,0.0010625037,0.0010489365,0.0,0.0,0.0010489476,0.0010329717,0.0010235626,0.0010341745,0.0011093353,0.0,0.0010625247,0.0010625061,0.0010568989,0.0010682356,0.0,0.0009917334,0.0,0.0010625052,0.0010489367,0.0,0.0010625039,0.0010489365,0.0010416339,0.001074092,0.0010625037,0.0010489362,0.0,0.0010625037,0.0010489362,0.0010416326,0.0,0.0010625039,0.0010489365,0.0010416314,0.0010527152,0.0010587883,0.0010707543,0.0010740854,0.0010625037,0.0010489362,0.0010416314,0.0010527152,0.0010587883,0.0010707541,0.001074114,0.0,0.0,0.0010329703,0.001014101,0.0010698567,0.0010923386,0.0010740898,0.0,0.0010489362,0.0010329703,0.0010235626,0.0010341745,0.0011093352,0.0,0.0010625039,0.0,0.0010329703,0.001014101,0.0010698567,0.0010812941,0.0010741027,0.0,0.0010489362,0.0010329703,0.0010235626,0.0010341745,0.0011093424,0.0,0.0010625037,0.0010489362,0.0010416314,0.0010527152,0.0010587883,0.0010707557,0.0010740865,0.0010625037,0.0010489362,0.0010416314,0.0010527152,0.0010587883,0.001070754,0.0,0.001062504,0.0010489365,0.0010416314,0.0010527152,0.0010587883,0.0010707541,0.0,0.0,0.0010489364,0.0010329703,0.0010235626,0.0010341745,0.0011093351,0.0010740882,0.0010625037,0.0,0.0,0.0010625039,0.0010625038,0.0010568991,0.0010741259,0.0,0.0010489365,0.0,0.0010625039,0.0010489362,0.0010698602,0.0010742001,0.0,0.0010625038,0.0010489365,0.0010416314,0.0,0.0010625044,0.0,0.0010625037,0.0,0.0010329703,0.001014101,0.0010698568,0.0010813011,0.001074092,0.0,0.0010489364,0.0010329703,0.0010235626,0.0010341749,0.0011093888,0.0010741011,0.0,0.0,0.0010329703,0.001014101,0.0010698567,0.0010923385,0.0,0.0010625039,0.0010489365,0.0010416314,0.0010527152,0.0010587883,0.001070754,0.0010741185,0.0010625038,0.0010489365,0.0,0.0010625037,0.0010489362,0.0010416327,0.001074088,0.0,0.0010489365,0.0010329704,0.0010235626,0.0010341745,0.001109337,0.0010740893,0.0,0.0010489362,0.0010329703,0.0010235626,0.0010341745,0.0011093369,0.0,0.0010625038,0.0010625038,0.0010568985,0.0010682358,0.0,0.0009917717,0.00107412,0.0,0.0010489365,0.0010329703,0.0010235626,0.0010341745,0.001109335,0.0010740908,0.0,0.0,0.0010329703,0.001014101,0.0010698567,0.0010923399,0.0010741557,0.0010625041,0.0,0.0010329707,0.0010141012,0.001069857,0.0010813014,0.0,0.0010625038,0.0010489365,0.0010416314,0.0010527152,0.0010587883,0.001070754,0.0,0.0010625044,0.0,0.0010329703,0.001014101,0.0010698567,0.0010812941,0.0,0.0010625038,0.0010489365,0.0010416314,0.0010527152,0.0010587883,0.0010707541,0.0010740992,0.0010625037,0.0010489364,0.0010416317,0.0010527152,0.0010587883,0.0010707544,0.0,0.0,0.0,0.0010329703,0.001014101,0.0010698567,0.0010923392,0.0010740849,0.0010625037,0.0,0.0010329703,0.001014101,0.0010698567,0.001081295,0.0010740972,0.0010625038,0.0010489362,0.0010698567,0.0,0.0010329703,0.0010141013,0.0,0.0010625037,0.0010489362,0.0010416314,0.0010527152,0.0010587883,0.0010707551,0.14858148,0.0010625037,0.0010489362,0.0010416314,0.0010527152,0.0010587883,0.0010707543,0.0,0.001062504,0.0010489365,0.0010416314,0.0010527152,0.0010587883,0.0010707561,0.0010740932,0.0010625037,0.0010489362,0.0010416314,0.0010527152,0.0010587883,0.0010707546,0.0,0.0013346237,0.0010489362,0.0010329703,0.0010235626,0.0010341745,0.0011093353,0.0,0.0010625037,0.0010489362,0.0010416314,0.0010527152,0.0010587883,0.0010707541,0.0010742835,0.0010625048,0.0010489364,0.0010416316,0.0010527152,0.0010587883,0.0010707566
k__Bacteria|p__Firmicutes|c__Clostridia|o__Eubacteriales|f__Clostridiaceae|g__Clostridium|s__Clostridium_cadaveris,0.0,0.0010592744,0.0010457003,0.0010384539,0.0010497478,0.0010560084,0.0010681514,0.0,0.0010592745,0.0010457003,0.0010384539,0.0010497478,0.0010560084,0.0010681513,0.0,0.0,0.0010457047,0.0010297352,0.0010203855,0.0010311987,0.0011066538,0.0010708887,0.0,0.0010457003,0.001029732,0.0010203851,0.0010311987,0.0011066534,0.0,0.0,0.0010457003,0.001029732,0.0010203851,0.0010311987,0.0011066532,0.0010708664,0.0010592744,0.0010457003,0.0010384539,0.0010497478,0.0010560084,0.0010681513,0.0,0.0010592748,0.0010457003,0.0010384539,0.0010497478,0.0010560084,0.001068152,0.0010708668,0.0010592744,0.0010457003,0.0010384539,0.0010497478,0.0010560084,0.0010681513,0.0,0.0010592747,0.0010457004,0.001038454,0.0010497478,0.0010560084,0.0010681519,0.0,0.0010592745,0.0010457003,0.0010384539,0.0010497478,0.0010560084,0.0010681514,0.0,0.0010592745,0.0,0.001029732,0.0010108674,0.0010666957,0.00107836,0.0,0.0010592744,0.0010457003,0.0010384538,0.0010497478,0.0010560084,0.0010681521,0.0,0.0,0.0,0.001029732,0.0010108674,0.0010666957,0.001089426,0.0010708731,0.0010592745,0.0,0.001029732,0.0010108674,0.0010666957,0.0010783639,0.0010709096,0.0,0.0,0.0010297322,0.0010108674,0.0010666957,0.0010894251,0.0010708818,0.0,0.0010457003,0.0,0.0010592744,0.0010457003,0.0010666955,0.0010708686,0.0,0.0,0.001029732,0.0010108674,0.0010666957,0.0010894234,0.0,0.001059275,0.0,0.001029732,0.0010108674,0.0010666957,0.0010783586,0.0,0.0,0.0010457005,0.0010592749,0.0,0.001029732,0.0010592748,0.0010708785,0.0010592747,0.0,0.001029732,0.0010108674,0.0010666957,0.0010783584,0.0,0.0,0.0010457004,0.001029732,0.0010203851,0.0010311987,0.0011066538,0.0,0.0,0.0010457003,0.0,0.0010592744,0.0010457003,0.0010666955,0.0,0.001059276,0.0,0.0010592747,0.0,0.0010592744,0.0010457003,0.0,0.0,0.0010457037,0.0010297328,0.0010203852,0.0010311987,0.0011066538,0.0,0.0010592841,0.0010592752,0.0010537271,0.0010652823,0.0,0.0009885096,0.0,0.0010592754,0.0010457006,0.0,0.0010592747,0.0010457003,0.0010384558,0.0010708706,0.0010592744,0.0010457003,0.0,0.0010592744,0.0010457003,0.0010384553,0.0,0.0010592747,0.0010457003,0.0010384538,0.0010497478,0.0010560084,0.0010681512,0.0010708668,0.0010592744,0.0010457003,0.0010384539,0.0010497478,0.0010560084,0.0010681514,0.001070883,0.0,0.0,0.001029732,0.0010108674,0.0010666957,0.001089423,0.0010708682,0.0,0.0010457003,0.001029732,0.0010203851,0.0010311987,0.0011066536,0.0,0.0010592747,0.0,0.001029732,0.0010108674,0.0010666957,0.0010783583,0.001070876,0.0,0.0010457003,0.001029732,0.0010203851,0.0010311987,0.0011066592,0.0,0.0010592744,0.0010457003,0.0010384539,0.0010497478,0.0010560084,0.0010681532,0.0010708671,0.0010592744,0.0010457003,0.0010384539,0.0010497478,0.0010560084,0.0010681513,0.0,0.0010592749,0.0010457003,0.0010384538,0.0010497478,0.0010560084,0.0010681514,0.0,0.0,0.0010457003,0.001029732,0.0010203851,0.0010311987,0.0011066537,0.0010708689,0.0010592744,0.0,0.0,0.0010592747,0.0010592745,0.0010537278,0.0010708933,0.0,0.0010457003,0.0,0.0010592747,0.0010457003,0.0010666983,0.0010709381,0.0,0.0010592747,0.0010457003,0.0010384538,0.0,0.0010592755,0.0,0.0010592744,0.0,0.001029732,0.0010108674,0.0010666957,0.0010783615,0.0010708699,0.004550497,0.0010457003,0.001029732,0.0010203852,0.0010311989,0.0011067002,0.001070875,0.0,0.0,0.001029732,0.0010108674,0.0010666957,0.001089423,0.0,0.0010592747,0.0010457003,0.0010384539,0.0010497478,0.0010560084,0.0010681513,0.0010708938,0.0010592745,0.0010457003,0.0,0.0010592744,0.0010457003,0.0010384545,0.0010708682,0.0,0.0010457003,0.001029732,0.0010203851,0.0010311987,0.0011066558,0.0010708693,0.0,0.0010457003,0.001029732,0.0010203852,0.0010311988,0.0011066545,0.0,0.0010592745,0.0010592747,0.0010537271,0.0010652822,0.0,0.0009885451,0.0010708894,0.0,0.0010457003,0.001029732,0.0010203851,0.0010311987,0.0011066532,0.0010708715,0.0,0.0,0.001029732,0.0010108674,0.0010666957,0.0010894251,0.0010709018,0.0010592745,0.0,0.0010297324,0.0010108674,0.0010666957,0.0010783651,0.0,0.0010592745,0.0010457003,0.0010384538,0.0010497478,0.0010560084,0.0010681513,0.0,0.0010592751,0.0,0.001029732,0.0010108674,0.0010666957,0.0010783583,0.0,0.0010592745,0.0010457004,0.0010384538,0.0010497478,0.0010560084,0.0010681513,0.0010708761,0.0010592745,0.0010457003,0.001038454,0.0010497478,0.0010560084,0.0010681514,0.0,0.0,0.0,0.001029732,0.0010108674,0.0010666957,0.0010894235,0.0010708664,0.0010592744,0.0,0.001029732,0.0010108674,0.0010666957,0.001078359,0.0010708751,0.0010592745,0.0010457003,0.0010666957,0.08386486,0.001029732,0.0010108675,0.0,0.0010592744,0.0010457003,0.0010384538,0.0010497478,0.0010560084,0.0010681523,0.0,0.0010592744,0.0010457003,0.0010384538,0.0010497478,0.0010560084,0.0010681514,0.0,0.0010592748,0.0010457003,0.0010384538,0.0010497478,0.0010560084,0.0010681534,0.0010708708,0.0010592744,0.0010457003,0.0010384538,0.0010497478,0.0010560084,0.0010681519,0.0,0.0044425083,0.0010457003,0.001029732,0.0010203851,0.0010311987,0.001106654,0.0,0.0010592744,0.0010457003,0.0010384539,0.0010497478,0.0010560084,0.0010681514,0.0010710147,0.0010592754,0.0010457003,0.0010384541,0.0010497478,0.0010560084,0.0010681542
k__Bacteria|p__Firmicutes|c__Erysipelotrichia|o__Erysipelotrichales|f__Turicibacteraceae|g__Turicibacter|s__Turicibacter_bilis,0.0,0.0010588861,0.0010453882,0.0010382623,0.0010497797,0.0010562578,0.0010685587,0.0,0.0010588862,0.0010453882,0.0010382623,0.0010497797,0.0010562578,0.0010685584,0.0,0.0,0.0010453976,0.0010295054,0.0010202791,0.0010313198,0.0011065726,0.0010704497,0.0,0.0010453882,0.0010295007,0.0010202784,0.0010313198,0.001106572,0.0,0.0,0.0010453882,0.0010295007,0.0010202784,0.0010313198,0.0011065722,0.0010704066,0.0010588861,0.0010453882,0.0010382623,0.0010497797,0.0010562578,0.0010685582,0.0,0.0010588869,0.0010453883,0.0010382623,0.0010497797,0.0010562578,0.0010685595,0.0010704066,0.0010588861,0.0010453882,0.0010382623,0.0010497797,0.0010562578,0.0010685587,0.0,0.0010588863,0.0010453888,0.0010382624,0.0010497797,0.0010562578,0.0010685592,0.0,0.0010588862,0.0010453882,0.0010382623,0.0010497797,0.0010562578,0.0010685583,0.0,0.0010588862,0.0,0.0010295007,0.0010107213,0.0010663469,0.0010782263,0.0,0.0010588861,0.0010453882,0.0010382623,0.0010497797,0.0010562578,0.0010685585,0.0,0.0,0.0,0.0010295007,0.0010107213,0.0010663469,0.0010892147,0.0010704204,0.0010588862,0.0,0.0010295007,0.0010107213,0.0010663469,0.0010782318,0.0010705139,0.0,0.0,0.001029501,0.0010107213,0.0010663469,0.0010892146,0.0010704427,0.0,0.0010453882,0.0,0.0010588861,0.0010453882,0.0010663471,0.0010704106,0.0,0.0,0.0010295007,0.0010107213,0.0010663469,0.0010892136,0.0,0.0010588871,0.0,0.0010295007,0.0010107213,0.0010663469,0.0010782251,0.0,0.0,0.0010453885,0.0010588872,0.0,0.0010295007,0.0010588865,0.0010704272,0.0010588863,0.0,0.0010295007,0.0010107213,0.0010663469,0.0010782246,0.0,0.0,0.0010453883,0.0010295007,0.0010202784,0.0010313198,0.0011065728,0.0,0.0,0.0010453882,0.0,0.0010588861,0.0010453882,0.001066347,0.0,0.0010588864,0.0,0.0010588862,0.001278966,0.0010588861,0.0010453883,0.0,0.0,0.0010453946,0.0010295019,0.0010202785,0.0010313198,0.0011065722,0.0,0.0010589143,0.0010588887,0.0010534547,0.0010652292,0.0,0.0009884541,0.0,0.0010588875,0.0010453885,0.0,0.0010588863,0.0010453882,0.0010382651,0.0010704126,0.0010588861,0.0010453882,0.0,0.0010588861,0.0010453882,0.0010382633,0.0,0.0010588863,0.0010453883,0.0010382623,0.0010497797,0.0010562578,0.0010685584,0.0010704065,0.0010588861,0.0010453882,0.0010382623,0.0010497797,0.0010562578,0.0010685585,0.0010704468,0.0,0.0,0.0010295007,0.0010107213,0.0010663469,0.0010892136,0.0010704153,0.0,0.0010453882,0.0010295007,0.0010202784,0.0010313198,0.0011065723,0.0,0.0010588862,0.0,0.0010295007,0.0010107213,0.0010663469,0.0010782246,0.0010704269,0.0,0.0010453882,0.0010295007,0.0010202784,0.0010313198,0.0011065806,0.0,0.0010588861,0.0010453882,0.0010382623,0.0010497797,0.0010562578,0.0010685599,0.0010704078,0.0010588861,0.0010453882,0.0010382623,0.0010497797,0.0010562578,0.0010685582,0.0,0.0010588864,0.0010453882,0.0010382623,0.0010497797,0.0010562578,0.0010685587,0.0,0.0,0.0010453882,0.0010295007,0.0010202784,0.0010313198,0.0011065722,0.0010704099,0.0010588861,0.0,0.0,0.0010588862,0.0010588862,0.0010534547,0.0010704515,0.0,0.001045388,0.0,0.0010588862,0.0010453882,0.0010663512,0.0010705715,0.0,0.0010588862,0.0010453882,0.0010382623,0.0,0.0010588866,0.0,0.001058886,0.0,0.0010295007,0.0010107213,0.001066347,0.0010782309,0.0010704132,0.0,0.0010453882,0.0010295007,0.0010202785,0.0010313204,0.0011066312,0.00107042,0.0,0.0,0.0010295007,0.0010107213,0.0010663469,0.0010892135,0.0,0.0010588862,0.0010453883,0.0010382623,0.0010497797,0.0010562578,0.0010685584,0.0010704371,0.0010588862,0.0010453882,0.0,0.0010588862,0.0010453882,0.0010382633,0.0010704104,0.0,0.0010453882,0.0010295011,0.0010202784,0.0010313198,0.0011065734,0.0010704106,0.0,0.0010453883,0.0010295007,0.0010202785,0.0010313201,0.0011065741,0.0,0.0010588862,0.0010588863,0.0010534548,0.0010652292,0.0,0.0009884819,0.0010704588,0.0,0.0010453882,0.0010295007,0.0010202784,0.0010313198,0.0011065722,0.0010704121,0.0,0.0,0.0010295007,0.0010107213,0.0010663469,0.0010892143,0.0010705013,0.0010588869,0.0,0.0010295019,0.0010107218,0.001066347,0.0010782317,0.0,0.0010588863,0.0010453882,0.0010382623,0.0010497797,0.0010562578,0.0010685582,0.0,0.0010588863,0.0,0.0010295007,0.0010107213,0.0010663469,0.0010782246,0.0,0.0010588862,0.0010453883,0.0010382623,0.0010497797,0.0010562578,0.0010685584,0.0010704256,0.0010588861,0.0010453882,0.0010382623,0.0010497797,0.0010562578,0.0010685588,0.0,0.0,0.0,0.0010295007,0.0010107213,0.0010663469,0.001089214,0.0010704063,0.0010588861,0.0,0.0010295007,0.0010107213,0.0010663469,0.0010782256,0.001070418,0.0010588863,0.0010453882,0.0010663469,0.0,0.0010295007,0.0010107214,0.0022864623,0.0010588861,0.0010453882,0.0010382623,0.0010497797,0.0010562578,0.0010685591,0.0,0.0010588861,0.0010453882,0.0010382623,0.0010497797,0.0010562578,0.0010685584,0.0,0.0010588865,0.0010453882,0.0010382623,0.0010497797,0.0010562578,0.0010685597,0.0010704197,0.0010588861,0.0010453882,0.0010382623,0.0010497797,0.0010562578,0.0010685589,0.0,0.0,0.0010453882,0.0010295007,0.0010202784,0.0010313198,0.0011065726,0.0,0.0010588861,0.0010453882,0.0010382623,0.0010497797,0.0010562578,0.0010685583,0.0010706139,0.001058887,0.001045388,0.0010382623,0.0010497797,0.0010562578,0.0010685603
k__Bacteria|p__Firmicutes|c__Erysipelotrichia|o__Erysipelotrichales|f__Erysipelotrichaceae|g__Erysipelatoclostridium|s__Clostridium_spiroforme,0.0,0.0010584976,0.001044859,0.0010375347,0.0010487175,0.0010548647,0.0010669398,0.0,0.0010584978,0.001044859,0.0010375347,0.0010487175,0.0010548647,0.0010669394,0.0,0.0,0.001044885,0.0010288425,0.0010193978,0.0010300934,0.0011058128,0.0010701973,0.0,0.001044859,0.0010288242,0.0010193964,0.0010300934,0.0011058116,0.0,0.0,0.001044859,0.0010288242,0.0010193964,0.0010300934,0.0011058114,0.0010701519,0.0010584977,0.001044859,0.0010375347,0.0010487175,0.0010548647,0.0010669396,0.0,0.001058499,0.0010448593,0.0010375347,0.0010487175,0.0010548647,0.0010669399,0.0010701517,0.0010584977,0.001044859,0.0010375347,0.0010487175,0.0010548647,0.0010669398,0.0,0.0010584979,0.0010448601,0.0010375348,0.0010487175,0.0010548647,0.0010669406,0.0,0.0010584978,0.001044859,0.0010375347,0.0010487175,0.0010548647,0.0010669396,0.0,0.0010584978,0.0,0.0010288242,0.0010098916,0.0010659093,0.0010774756,0.0,0.0010584977,0.001044859,0.0010375347,0.0010487175,0.0010548647,0.0010669403,0.0,0.0,0.0,0.0010288242,0.0010098916,0.0010659093,0.00108861,0.0010701638,0.0010584978,0.0,0.0010288242,0.0010098916,0.0010659093,0.0010774828,0.001070228,0.0,0.0,0.0010288245,0.0010098916,0.0010659093,0.0010886089,0.0010701802,0.0,0.001044859,0.0,0.0010584977,0.001044859,0.0010659095,0.0010701563,0.0,0.0,0.0010288242,0.0010098916,0.0010659093,0.0010886068,0.0,0.0010585001,0.0,0.0010288242,0.0010098916,0.0010659093,0.0010774739,0.0,0.0,0.0010448613,0.0010584998,0.0,0.0010288242,0.0010584978,0.0010701921,0.0010584979,0.0,0.0010288241,0.0010098916,0.0010659093,0.0010774735,0.0,0.0,0.0010448593,0.0010288242,0.0010193964,0.0010300934,0.0011058119,0.0,0.0,0.001044859,0.0,0.0010584977,0.001044859,0.0010659096,0.0,0.001058505,0.0,0.0010584978,0.0,0.0010584977,0.001044859,0.0,0.0,0.0010448933,0.0010288294,0.0010193966,0.0010300934,0.001105813,0.0,0.0010585671,0.0010585051,0.0010528766,0.001064326,0.0,0.0009874732,0.0,0.0010585021,0.0010448609,0.0,0.0010584984,0.0010448591,0.001037538,0.0010701619,0.0010584977,0.001044859,0.0,0.0010584977,0.001044859,0.0010375358,0.0,0.0010584978,0.001044859,0.0010375347,0.0010487175,0.0010548647,0.0010669398,0.0010701516,0.0010584977,0.001044859,0.0010375347,0.0010487175,0.0010548647,0.0010669396,0.0010701901,0.0,0.0,0.0010288242,0.0010098916,0.0010659093,0.0010886065,0.0010701589,0.0,0.001044859,0.0010288242,0.0010193964,0.0010300934,0.0011058119,0.0,0.0010584978,0.0,0.0010288242,0.0010098916,0.0010659093,0.0010774732,0.0010701723,0.0,0.001044859,0.0010288242,0.0010193964,0.0010300934,0.0011058198,0.0,0.0010584977,0.001044859,0.0010375347,0.0010487175,0.0010548647,0.0010669415,0.0010701526,0.0010584977,0.001044859,0.0010375347,0.0010487175,0.0010548647,0.0010669396,0.0,0.0010584986,0.0010448592,0.0010375347,0.0010487175,0.0010548647,0.0010669396,0.0,0.0,0.001044859,0.0010288242,0.0010193964,0.0010300934,0.0011058119,0.0010701548,0.0010584977,0.0,0.0,0.0010584978,0.0010584978,0.0010528767,0.0010702001,0.0,0.0010448596,0.0,0.0010584978,0.001044859,0.001065913,0.0010702641,0.0,0.001058498,0.0010448591,0.0010375347,0.0,0.0010584987,0.0,0.0010584976,0.0,0.0010288242,0.0010098916,0.0010659093,0.0010774788,0.0010701608,0.0,0.001044859,0.0010288242,0.0010193966,0.0010300939,0.0011058754,0.0010701763,0.0,0.0,0.0010288242,0.0010098916,0.0010659093,0.0010886064,0.0,0.0010584978,0.001044859,0.0010375347,0.0010487175,0.0010548647,0.0010669394,0.0010701616,0.0010584977,0.0010448591,0.0,0.0010584976,0.001044859,0.0010375362,0.0010701554,0.0,0.0010448591,0.0010288244,0.0010193964,0.0010300934,0.0011058148,0.0010701576,0.0,0.001044859,0.0010288242,0.0010193966,0.0010300935,0.0011058141,0.0,0.0010584977,0.0010584977,0.0010528758,0.0010643261,0.0,0.0009875265,0.0010701951,0.0,0.0010448591,0.0010288242,0.0010193964,0.0010300934,0.0011058114,0.0010701597,0.0,0.0,0.0010288242,0.0010098916,0.0010659093,0.0010886091,0.0010702293,0.0010584991,0.0,0.0010288259,0.0010098922,0.0010659095,0.0010774833,0.0,0.0010584977,0.0010448591,0.0010375347,0.0010487175,0.0010548647,0.0010669396,0.0,0.0010585,0.0,0.0010288242,0.0010098916,0.0010659093,0.0010774735,0.0,0.0010584977,0.0010448593,0.0010375347,0.0010487175,0.0010548647,0.0010669397,0.0010701708,0.0010584979,0.0010448592,0.0010375351,0.0010487175,0.0010548647,0.00106694,0.0,0.0,0.0,0.0010288242,0.0010098916,0.0010659093,0.001088607,0.0010701511,0.0010584977,0.0,0.0010288242,0.0010098916,0.0010659093,0.0010774744,0.0010701714,0.0010584977,0.001044859,0.0010659093,0.0,0.0010288242,0.0010098919,0.0,0.0010584977,0.001044859,0.0010375347,0.0010487175,0.0010548647,0.0010669405,0.0,0.0010584977,0.001044859,0.0010375347,0.0010487175,0.0010548647,0.0010669399,0.0,0.0010584986,0.0010448591,0.0010375347,0.0010487175,0.0010548647,0.0010669417,0.0010701645,0.0010584977,0.001044859,0.0010375347,0.0010487175,0.0010548647,0.00106694,0.0,0.0,0.001044859,0.0010288242,0.0010193964,0.0010300934,0.0011058121,0.0,0.0010584977,0.001044859,0.0010375347,0.0010487175,0.0010548647,0.0010669396,0.0010703569,0.0010585005,0.0010448592,0.0010375347,0.0010487175,0.0010548648,0.0010669429
k__Bacteria|p__Firmicutes|c__Clostridia|o__Eubacteriales|f__Oscillospiraceae|g__Ruthenibacterium|s__Ruthenibacterium_lactatiformans,0.0,0.0010608614,0.0010471966,0.0010397831,0.0010507324,0.0010566636,0.0010685541,0.0,0.0010608614,0.0010471966,0.0010397831,0.0010507324,0.0010566636,0.0010685538,0.0,0.0,0.0010472246,0.0010311507,0.0010216117,0.0010320778,0.001107678,0.0010725777,0.0,0.0010471966,0.0010311306,0.0010216107,0.0010320778,0.0011076774,0.0,0.0,0.0010471966,0.0010311306,0.0010216107,0.0010320778,0.0011076774,0.0010725375,0.0010608614,0.0010471966,0.0010397831,0.0010507324,0.0010566636,0.0010685537,0.0,0.0010608622,0.0010471966,0.0010397831,0.0010507324,0.0010566636,0.0010685545,0.0010725373,0.0010608614,0.0010471966,0.0010397831,0.0010507324,0.0010566636,0.0010685541,0.0,0.0010608619,0.0010471973,0.0010397836,0.0010507324,0.0010566636,0.0010685546,0.0,0.0010608614,0.0010471966,0.0010397831,0.0010507324,0.0010566636,0.0010685541,0.0,0.0010608614,0.0,0.0010311306,0.00101216,0.0010682105,0.0010795358,0.0,0.0010608614,0.0010471966,0.0010397831,0.0010507324,0.0010566636,0.0010685542,0.0,0.0,0.0,0.0010311306,0.00101216,0.0010682107,0.0010906862,0.0010725475,0.0010608614,0.0,0.0010311306,0.00101216,0.0010682107,0.001079542,0.0010726067,0.0,0.0,0.0010311304,0.00101216,0.0010682107,0.0010906851,0.0010725654,0.0,0.0010471966,0.0,0.0010608614,0.0010471966,0.0010682106,0.0010725411,0.0,0.0,0.0010311306,0.00101216,0.0010682105,0.0010906837,0.0,0.0010608638,0.0,0.0010311306,0.00101216,0.0010682105,0.0010795338,0.0,0.0,0.0010471984,0.001060863,0.0,0.0010311306,0.0010608615,0.0010725736,0.0010608619,0.0,0.0010311303,0.00101216,0.0010682105,0.0010795337,0.0,0.0,0.0010471967,0.0010311306,0.0010216107,0.0010320778,0.0011076777,0.0,0.0,0.0010471966,0.0,0.0010608614,0.0010471966,0.0010682106,0.0,0.0010608693,0.0,0.0010608615,0.0,0.0010608614,0.0010471967,0.0,0.0,0.0010472294,0.0010311354,0.0010216107,0.0010320778,0.0011076782,0.0,0.0010609364,0.0010608698,0.0010551539,0.0010663657,0.0,0.0009896954,0.0,0.0010608654,0.0010471982,0.0,0.0010608619,0.0010471964,0.0010397873,0.0010725472,0.0010608614,0.0010471966,0.0,0.0010608614,0.0010471966,0.0010397844,0.0,0.0010608616,0.0010471967,0.0010397831,0.0010507324,0.0010566636,0.001068554,0.0010725372,0.0010608614,0.0010471966,0.0010397831,0.0010507324,0.0010566636,0.0010685541,0.0010725672,0.0,0.0,0.0010311306,0.00101216,0.0010682105,0.0010906834,0.0010725432,0.0,0.0010471966,0.0010311306,0.0010216107,0.0010320778,0.0011076776,0.0,0.0010608615,0.0,0.0010311306,0.00101216,0.0010682105,0.0010795337,0.0010725585,0.0,0.0010471966,0.0010311306,0.0010216107,0.0010320778,0.0011076869,0.0,0.0010608614,0.0010471966,0.0010397831,0.0010507324,0.0010566636,0.0010685554,0.0010725382,0.0010608614,0.0010471966,0.0010397831,0.0010507324,0.0010566636,0.0010685537,0.0,0.0010608622,0.0010471964,0.0010397834,0.0010507324,0.0010566636,0.0010685541,0.0,0.0,0.0010471966,0.0010311306,0.0010216107,0.0010320778,0.0011076774,0.0010725401,0.0010608614,0.0,0.0,0.0010608615,0.0010608614,0.0010551534,0.001072581,0.0,0.0010471971,0.0,0.0010608615,0.0010471966,0.0010682157,0.0010726498,0.0,0.0010608615,0.0010471964,0.0010397834,0.0,0.001060862,0.0,0.0010608613,0.0,0.0010311306,0.00101216,0.0010682107,0.0010795404,0.0010725446,0.0,0.0010471966,0.0010311306,0.0010216107,0.0010320783,0.001107748,0.0010725611,0.0,0.0,0.0010311306,0.00101216,0.0010682105,0.0010906835,0.0,0.0010608615,0.0010471967,0.0010397831,0.0010507324,0.0010566636,0.001068554,0.0010725474,0.0010608614,0.0010471964,0.0,0.0010608615,0.0010471966,0.0010397849,0.0010725396,0.0,0.0010471964,0.0010311308,0.0010216107,0.0010320778,0.0011076796,0.0010725424,0.0,0.0010471967,0.0010311304,0.0010216107,0.0010320777,0.0011076792,0.0,0.0010608614,0.0010608616,0.001055153,0.0010663659,0.0,0.0009897464,0.0010725743,0.0,0.0010471964,0.0010311306,0.0010216107,0.0010320778,0.0011076774,0.0010725441,0.0,0.0,0.0010311306,0.00101216,0.0010682107,0.0010906853,0.0010726005,0.0010608626,0.0,0.0010311317,0.0010121606,0.0010682107,0.0010795426,0.0,0.0010608616,0.0010471964,0.0010397831,0.0010507324,0.0010566636,0.001068554,0.0,0.0010608641,0.0,0.0010311306,0.00101216,0.0010682105,0.0010795337,0.0,0.0010608615,0.0010471967,0.0010397831,0.0010507324,0.0010566636,0.0010685541,0.0010725524,0.0010608614,0.0010471966,0.0010397838,0.0010507324,0.0010566636,0.0010685541,0.0,0.0,0.0,0.0010311306,0.00101216,0.0010682105,0.0010906841,0.0010725368,0.0010608614,0.0,0.0010311306,0.00101216,0.0010682105,0.0010795345,0.0010725538,0.0010608616,0.0010471966,0.0010682105,0.09518799,0.0010311306,0.0010121601,0.011451964,0.0010608614,0.0010471966,0.0010397834,0.0010507324,0.0010566636,0.0010685545,0.0,0.0010608614,0.0010471966,0.0010397834,0.0010507324,0.0010566636,0.0010685542,0.0,0.0010608624,0.0010471964,0.0010397834,0.0010507324,0.0010566636,0.0010685556,0.0010725477,0.0010608614,0.0010471966,0.0010397831,0.0010507324,0.0010566636,0.0010685542,0.0,0.0,0.0010471966,0.0010311306,0.0010216107,0.0010320778,0.0011076776,0.0,0.0010608614,0.0010471966,0.0010397831,0.0010507324,0.0010566636,0.0010685538,0.001072781,0.0010608643,0.0010471968,0.0010397835,0.0010507324,0.0010566636,0.0010685567
k__Bacteria|p__Firmicutes|c__Clostridia|o__Eubacteriales|f__Peptostreptococcaceae|g__GGB4455|s__GGB4455_SGB5796,0.0,0.0010628746,0.0010492115,0.0010417581,0.00105257,0.0010583779,0.0010701533,0.0,0.0010628747,0.0010492115,0.0010417581,0.00105257,0.0010583779,0.0010701531,0.0,0.0,0.0010492371,0.0010331622,0.0010235839,0.0010339172,0.0011093422,0.001074586,0.0,0.0010492115,0.0010331442,0.0010235828,0.0010339172,0.0011093409,0.0,0.0,0.0010492115,0.0010331442,0.0010235828,0.0010339172,0.001109341,0.0010745466,0.0010628746,0.0010492115,0.0010417581,0.00105257,0.0010583779,0.0010701531,0.0,0.0010628755,0.0010492116,0.0010417581,0.00105257,0.0010583779,0.0010701538,0.0010745465,0.0010628746,0.0010492115,0.0010417581,0.00105257,0.0010583779,0.0010701531,0.0,0.001062875,0.0010492124,0.0010417586,0.00105257,0.0010583779,0.0010701541,0.0,0.0010628747,0.0010492115,0.0010417581,0.00105257,0.0010583779,0.0010701531,0.0,0.0010628747,0.0,0.0010331442,0.0010141683,0.0010701804,0.0010813592,0.0,0.0010628746,0.0010492115,0.0010417581,0.00105257,0.0010583779,0.0010701538,0.0,0.0,0.0,0.0010331442,0.0010141683,0.0010701804,0.0010924999,0.0010745559,0.0010628747,0.0,0.0010331442,0.0010141683,0.0010701804,0.0010813687,0.0010746261,0.0,0.0,0.0010331444,0.0010141683,0.0010701804,0.0010924988,0.0010745743,0.0,0.0010492115,0.0,0.0010628746,0.0010492115,0.0010701807,0.0010745503,0.0,0.0,0.0010331442,0.0010141683,0.0010701804,0.0010924969,0.0,0.0010628771,0.0,0.0010331442,0.0010141683,0.0010701804,0.0010813572,0.0,0.0,0.0010492132,0.0010628763,0.0,0.0010331442,0.0010628747,0.0010745825,0.001062875,0.0,0.0010331441,0.0010141683,0.0010701804,0.0010813568,0.0,0.0,0.0010492118,0.0010331442,0.0010235828,0.0010339172,0.0011093417,0.0,0.0,0.0010492115,0.0,0.0010628746,0.0010492115,0.0010701806,0.0,0.001062882,0.0,0.0010628747,0.0,0.0010628746,0.0010492116,0.0,0.0,0.0010492413,0.0010331492,0.0010235831,0.0010339172,0.0011093423,0.0,0.0010629417,0.0010628825,0.0010571275,0.0010681972,0.0,0.0009916956,0.0,0.0010628783,0.0010492132,0.0,0.001062875,0.0010492115,0.0010417622,0.001074555,0.0010628746,0.0010492115,0.0,0.0010628746,0.0010492115,0.0010417597,0.0,0.0010628748,0.0010492116,0.0010417581,0.00105257,0.0010583779,0.0010701531,0.0010745464,0.0010628746,0.0010492115,0.0010417581,0.00105257,0.0010583779,0.0010701531,0.0010745766,0.0,0.0,0.0010331442,0.0010141683,0.0010701804,0.0010924966,0.0010745535,0.0,0.0010492115,0.0010331442,0.0010235828,0.0010339172,0.0011093416,0.0,0.0010628747,0.0,0.0010331442,0.0010141683,0.0010701804,0.0010813567,0.0010745669,0.0,0.0010492115,0.0010331442,0.0010235828,0.0010339172,0.0011093532,0.0,0.0010628746,0.0010492115,0.0010417581,0.00105257,0.0010583779,0.0010701551,0.0010745471,0.0010628746,0.0010492115,0.0010417581,0.00105257,0.0010583779,0.0010701531,0.0,0.0010628755,0.0010492115,0.0010417581,0.00105257,0.0010583779,0.0010701533,0.0,0.0,0.0010492115,0.0010331442,0.0010235828,0.0010339172,0.0011093414,0.001074549,0.0010628746,0.0,0.0,0.0010628747,0.0010628747,0.0010571274,0.0010745896,0.001377384,0.0010492122,0.0,0.0010628747,0.0010492115,0.0010701852,0.0010746726,0.0,0.0010628751,0.0010492115,0.0010417581,0.0,0.0010628755,0.0,0.0010628744,0.0,0.0010331442,0.0010141683,0.0010701804,0.001081365,0.0010745535,0.0,0.0010492115,0.0010331442,0.0010235831,0.001033918,0.0011094331,0.0010745691,0.0,0.0,0.0010331442,0.0010141683,0.0010701804,0.0010924967,0.0,0.0010628747,0.0010492116,0.0010417581,0.00105257,0.0010583779,0.0010701531,0.0010745493,0.0010628747,0.0010492115,0.0,0.0010628747,0.0010492115,0.0010417599,0.0010745493,0.0,0.0010492115,0.0010331442,0.0010235828,0.0010339172,0.0011093444,0.0010745514,0.004004589,0.0010492116,0.0010331442,0.0010235831,0.0010339174,0.001109344,0.0,0.0010628747,0.001062875,0.0010571268,0.0010681973,0.0,0.000991751,0.0010745844,0.0040436825,0.0010492115,0.0010331442,0.0010235828,0.0010339172,0.001109341,0.0010745534,0.0,0.0,0.0010331442,0.0010141683,0.0010701804,0.0010924991,0.0010746164,0.0010628758,0.0,0.0010331457,0.0010141688,0.0010701807,0.0010813673,0.0,0.0010628747,0.0010492115,0.0010417581,0.00105257,0.0010583779,0.0010701531,0.0,0.0010628768,0.0,0.0010331442,0.0010141683,0.0010701804,0.0010813567,0.0,0.0010628748,0.0010492116,0.0010417581,0.00105257,0.0010583779,0.0010701532,0.0010745643,0.001062875,0.0010492118,0.0010417586,0.00105257,0.0010583779,0.0010701536,0.0,0.0,0.0,0.0010331442,0.0010141683,0.0010701804,0.0010924973,0.001074546,0.0010628746,0.030283233,0.0010331442,0.0010141683,0.0010701804,0.0010813581,0.0010745624,0.0010628747,0.0010492115,0.0010701804,0.0,0.0010331442,0.0010141685,0.0,0.0010628746,0.0010492115,0.0010417581,0.00105257,0.0010583779,0.0010701544,0.0,0.0010628746,0.0010492115,0.0010417581,0.00105257,0.0010583779,0.0010701534,0.0,0.0010628757,0.0010492115,0.0010417581,0.00105257,0.0010583779,0.0010701562,0.0010745575,0.0010628746,0.0010492115,0.0010417581,0.00105257,0.0010583779,0.0010701539,0.0,0.0,0.0010492115,0.0010331442,0.0010235828,0.0010339172,0.0011093417,0.0,0.0010628746,0.0010492115,0.0010417581,0.00105257,0.0010583779,0.0010701531,0.0010748035,0.0010628772,0.0010492118,0.0010417583,0.00105257,0.0010583779,0.0010701573
k__Bacteria|p__Firmicutes|c__Erysipelotrichia|o__Erysipelotrichales|f__Erysipelotrichaceae|g__Solobacterium|s__Solobacterium_SGB6828,0.0,0.0010608493,0.0010474043,0.0010403144,0.0010518297,0.0010583174,0.0010705964,0.0,0.0010608493,0.0010474043,0.0010403144,0.0010518297,0.0010583174,0.0010705964,0.0,0.0,0.0010474157,0.0010315765,0.0010223852,0.001033432,0.0011083563,0.0010723652,0.0,0.0010474043,0.0010315696,0.0010223845,0.001033432,0.0011083555,0.0,0.0,0.0010474043,0.0010315696,0.0010223845,0.001033432,0.0011083555,0.0010723175,0.0010608493,0.0010474043,0.0010403144,0.0010518297,0.0010583174,0.0010705963,0.0,0.0010608503,0.0010474043,0.0010403144,0.0010518297,0.0010583174,0.0010705978,0.0010723175,0.0010608493,0.0010474043,0.0010403144,0.0010518297,0.0010583174,0.0010705964,0.0,0.0010608494,0.0010474051,0.0010403146,0.0010518297,0.0010583174,0.0010705966,0.0,0.0010608493,0.0010474043,0.0010403144,0.0010518297,0.0010583174,0.0010705964,0.0,0.0010608493,0.0,0.0010315696,0.0010128411,0.0010682886,0.0010801512,0.0,0.0010608493,0.0010474043,0.0010403143,0.0010518297,0.0010583174,0.001070597,0.0,0.0,0.0,0.0010315696,0.0010128411,0.0010682886,0.0010910775,0.001072332,0.0010608493,0.0,0.0010315696,0.0010128411,0.0010682888,0.0010801568,0.0010724172,0.0,0.0,0.0010315697,0.0010128411,0.0010682886,0.0010910773,0.0010723509,0.0,0.0010474043,0.001458132,0.0010608493,0.0010474043,0.0010682889,0.0010723214,0.0,0.0,0.0010315696,0.0010128411,0.0010682886,0.0010910761,0.0,0.0010608503,0.0,0.0010315696,0.0010128411,0.0010682886,0.0010801491,0.0,0.0,0.0010474056,0.0010608508,0.0,0.0010315696,0.0010608496,0.0010723432,0.0010608494,0.0,0.0010315696,0.0010128411,0.0010682886,0.0010801485,0.0,0.0026149384,0.0010474044,0.0010315696,0.0010223845,0.001033432,0.0011083556,0.0,0.0,0.0010474043,0.0,0.0010608493,0.0010474043,0.0010682888,0.0,0.0010608513,0.0,0.0010608494,0.0,0.0010608493,0.0010474043,0.0,0.0,0.0010474152,0.0010315711,0.0010223846,0.001033432,0.0011083558,0.0,0.0010608728,0.001060852,0.001055452,0.0010672159,0.0,0.0009906259,0.0,0.0010608515,0.0010474052,0.0,0.0010608494,0.0010474044,0.0010403179,0.0010723253,0.0010608493,0.0010474043,0.0,0.0010608493,0.0010474043,0.0010403155,0.0,0.0010608495,0.0010474043,0.0010403143,0.0010518297,0.0010583174,0.0010705963,0.0010723175,0.0010608493,0.0010474043,0.0010403144,0.0010518297,0.0010583174,0.0010705964,0.0010723608,0.0,0.0,0.0010315696,0.0010128411,0.0010682886,0.001091076,0.0010723235,0.0,0.0010474043,0.0010315696,0.0010223845,0.001033432,0.0011083557,0.0,0.0010608494,0.0,0.0010315696,0.0010128411,0.0010682886,0.0010801485,0.0010723405,0.0,0.0010474043,0.0010315696,0.0010223845,0.001033432,0.0011083637,0.0,0.0010608493,0.0010474043,0.0010403144,0.0010518297,0.0010583174,0.0010705984,0.0010723185,0.0010608493,0.0010474043,0.0010403144,0.0010518297,0.0010583174,0.0010705963,0.0,0.0010608496,0.0010474044,0.0010403143,0.0010518297,0.0010583174,0.0010705964,0.0,0.0,0.0010474043,0.0010315696,0.0010223845,0.001033432,0.0011083555,0.0010723204,0.0010608493,0.0,0.0,0.0010608494,0.0010608493,0.0010554522,0.0010723668,0.0,0.0010474045,0.0,0.0010608494,0.0010474043,0.0010682944,0.0010724703,0.0,0.0010608494,0.0010474044,0.0010403143,0.0,0.0010608502,0.0,0.0010608492,0.00088757265,0.0010315696,0.0010128411,0.0010682888,0.0010801591,0.0010723261,0.0,0.0010474043,0.0010315696,0.0010223846,0.0010334325,0.0011084141,0.0010723369,0.0,0.0,0.0010315696,0.0010128411,0.0010682886,0.0010910758,0.0,0.0010608494,0.0010474043,0.0010403144,0.0010518297,0.0010583174,0.0010705964,0.0010723434,0.0010608493,0.0010474044,0.0,0.0010608494,0.0010474043,0.0010403158,0.0010723207,0.0,0.0010474044,0.0010315699,0.0010223845,0.001033432,0.001108358,0.0010723219,0.0,0.0010474043,0.0010315696,0.0010223846,0.0010334321,0.0011083584,0.0,0.0010608493,0.0010608495,0.0010554517,0.001067216,0.0,0.0009906658,0.0010723649,0.0,0.0010474044,0.0010315696,0.0010223845,0.001033432,0.0011083555,0.0010723233,0.0,0.0,0.0010315696,0.0010128411,0.0010682886,0.0010910772,0.0010724141,0.0010608501,0.0,0.0010315706,0.0010128414,0.0010682889,0.0010801578,0.0,0.0010608494,0.0010474044,0.0010403143,0.0010518297,0.0010583174,0.0010705963,0.0,0.0010608499,0.0,0.0010315696,0.0010128411,0.0010682886,0.0010801485,0.0014112575,0.0010608494,0.0010474044,0.0010403143,0.0010518297,0.0010583174,0.0010705964,0.001072337,0.0010608493,0.0010474041,0.0010403144,0.0010518297,0.0010583174,0.001070597,0.0,0.0,0.0,0.0010315696,0.0010128411,0.0010682886,0.0010910765,0.001072317,0.0010608493,0.0,0.0010315696,0.0010128411,0.0010682886,0.0010801497,0.001072333,0.0010608494,0.0010474043,0.0010682886,0.00066183036,0.0010315696,0.0010128414,0.0016010863,0.0010608493,0.0010474043,0.0010403143,0.0010518297,0.0010583174,0.0010705976,0.0,0.0010608493,0.0010474043,0.0010403143,0.0010518297,0.0010583174,0.0010705965,0.0,0.0010608498,0.0010474044,0.0010403143,0.0010518297,0.0010583174,0.0010705988,0.0010723288,0.0010608493,0.0010474043,0.0010403143,0.0010518297,0.0010583174,0.0010705969,0.0,0.0,0.0010474043,0.0010315696,0.0010223845,0.001033432,0.0011083558,0.0,0.0010608493,0.0010474043,0.0010403144,0.0010518297,0.0010583174,0.0010705964,0.0010725538,0.0010608503,0.0010474041,0.0010403143,0.0010518297,0.0010583174,0.0010705993
k__Bacteria|p__Firmicutes|c__Clostridia|o__Eubacteriales|f__Peptostreptococcaceae|g__Peptostreptococcus|s__Peptostreptococcus_anaerobius,0.0,0.0010618906,0.0010482321,0.0010408068,0.0010516999,0.0010575821,0.0010694234,0.0,0.0010618906,0.0010482321,0.0010408068,0.0010516999,0.0010575821,0.0010694234,0.0,0.0,0.0010482447,0.0010321811,0.0010226393,0.0010330528,0.0011085457,0.0010735898,0.0,0.0010482321,0.0010321713,0.0010226389,0.0010330527,0.0011085452,0.0,0.0,0.0010482321,0.0010321713,0.0010226389,0.0010330527,0.0011085452,0.001073559,0.0010618906,0.0010482321,0.0010408068,0.0010516999,0.0010575821,0.0010694233,0.0,0.0010618914,0.0010482324,0.0010408068,0.0010516999,0.0010575821,0.001069424,0.0010735592,0.0010618906,0.0010482321,0.0010408068,0.0010516999,0.0010575821,0.0010694235,0.0,0.001061891,0.0010482328,0.0010408069,0.0010516999,0.0010575821,0.0010694236,0.0,0.0010618906,0.0010482321,0.0010408068,0.0010516999,0.0010575821,0.0010694234,0.0,0.0010618906,0.0,0.0010321713,0.0010132045,0.0010692199,0.0010804831,0.0,0.0010618906,0.0010482321,0.0010408068,0.0010516999,0.0010575821,0.0010694233,0.0,0.0,0.0,0.0010321713,0.0010132045,0.0010692199,0.0010916216,0.0010735677,0.0010618906,0.0,0.0010321713,0.0010132045,0.0010692199,0.0010804854,0.0010736122,0.0,0.0,0.0010321714,0.0010132045,0.0010692199,0.0010916214,0.001073578,0.0,0.0010482321,0.0,0.0010618906,0.0010482321,0.0010692199,0.0010735614,0.0,0.0,0.0010321713,0.0010132045,0.0010692199,0.0010916208,0.0,0.0010618918,0.0,0.0010321713,0.0010132045,0.0010692199,0.0010804816,0.0,0.0,0.0010482337,0.0010618914,0.0,0.0010321713,0.0010618907,0.0010735804,0.0010618907,0.0,0.0010321713,0.0010132045,0.0010692199,0.0010804815,0.0,0.0,0.0010482325,0.0010321713,0.0010226389,0.0010330527,0.0011085456,0.0,0.0,0.0010482321,0.0,0.0010618906,0.0010482321,0.0010692199,0.0,0.0010618943,0.0,0.0010618907,0.0,0.0010618906,0.0010482322,0.0,0.0,0.0010482479,0.0010321734,0.0010226389,0.0010330527,0.0011085455,0.0,0.0010619177,0.0010618939,0.0010561701,0.0010673238,0.0,0.000990735,0.0,0.0010618928,0.001048233,0.0,0.001061891,0.0010482323,0.001040809,0.0010735655,0.0010618906,0.0010482321,0.0,0.0010618906,0.0010482321,0.0010408077,0.0,0.0010618909,0.0010482322,0.0010408068,0.0010516999,0.0010575821,0.0010694234,0.0010735592,0.0010618906,0.0010482321,0.0010408068,0.0010516999,0.0010575821,0.0010694234,0.0010735826,0.0,0.0,0.0010321713,0.0010132045,0.0010692199,0.0010916207,0.0010735614,0.0,0.0010482321,0.0010321713,0.0010226389,0.0010330527,0.0011085456,0.0,0.0010618907,0.0,0.0010321713,0.0010132045,0.0010692199,0.0010804815,0.0010735738,0.0,0.0010482321,0.0010321713,0.0010226389,0.0010330528,0.0011085495,0.0,0.0010618906,0.0010482321,0.0010408068,0.0010516999,0.0010575821,0.0010694244,0.0010735595,0.0010618906,0.0010482321,0.0010408068,0.0010516999,0.0010575821,0.0010694233,0.0,0.0010618912,0.0010482325,0.0010408068,0.0010516999,0.0010575821,0.0010694234,0.0,0.0,0.0010482321,0.0010321713,0.0010226389,0.0010330527,0.0011085455,0.0010735616,0.0010618906,0.0,0.0,0.0010618907,0.0010618906,0.0010561706,0.0010735942,0.0,0.0010482325,0.0,0.0010618907,0.0010482321,0.0010692226,0.0010736417,0.0,0.0010618911,0.0010482323,0.0010408068,0.0,0.0010618912,0.0,0.0010618905,0.00089084404,0.0010321713,0.0010132045,0.0010692199,0.0010804862,0.001073565,0.0,0.0010482321,0.0010321713,0.0010226389,0.0010330533,0.0011085725,0.0010735756,0.0,0.0,0.0010321713,0.0010132045,0.0010692199,0.0010916208,0.0,0.0010618907,0.0010482322,0.0010408068,0.0010516999,0.0010575821,0.0010694234,0.0010735834,0.0010618906,0.0010482323,0.0,0.0010618906,0.0010482321,0.0010408077,0.0010735607,0.0,0.0010482323,0.0010321715,0.0010226389,0.0010330528,0.0011085464,0.0010735623,0.0,0.0010482322,0.0010321713,0.0010226389,0.0010330527,0.0011085464,0.0,0.0010618906,0.0010618907,0.0010561697,0.001067324,0.0,0.0009907716,0.0010735862,0.0,0.0010482323,0.0010321713,0.0010226389,0.0010330527,0.0011085452,0.0010735634,0.0,0.0,0.0010321713,0.0010132045,0.0010692199,0.0010916215,0.0010736092,0.001061891,0.0,0.001032172,0.0010132046,0.00106922,0.0010804868,0.0,0.0010618907,0.0010482323,0.0010408068,0.0010516999,0.0010575821,0.0010694233,0.0,0.0010618919,0.0,0.0010321713,0.0010132045,0.0010692199,0.0010804815,0.0,0.0010618907,0.0010482323,0.0010408068,0.0010516999,0.0010575821,0.0010694235,0.0010735685,0.0010618905,0.0010482323,0.001040807,0.0010516999,0.0010575821,0.0010694235,0.0,0.0,0.0,0.0010321713,0.0010132045,0.0010692199,0.001091621,0.0010735589,0.0010618906,0.011849387,0.0010321713,0.0010132045,0.0010692199,0.0010804818,0.0010735712,0.0010618907,0.0010482321,0.0010692199,0.0,0.0010321713,0.0010132047,0.0,0.0010618906,0.0010482321,0.0010408068,0.0010516999,0.0010575821,0.0010694239,0.0,0.0010618906,0.0010482321,0.0010408068,0.0010516999,0.0010575821,0.0010694234,0.0,0.0010618909,0.0010482323,0.0010408068,0.0010516999,0.0010575821,0.0010694244,0.0010735644,0.0010618906,0.0010482321,0.0010408068,0.0010516999,0.0010575821,0.0010694236,0.0,0.0,0.0010482321,0.0010321713,0.0010226389,0.0010330527,0.0011085453,0.0,0.0010618906,0.0010482321,0.0010408068,0.0010516999,0.0010575821,0.0010694234,0.0010737496,0.0010618921,0.0010482324,0.0010408069,0.0010516999,0.0010575821,0.001069425
k__Bacteria|p__Firmicutes|c__Clostridia|o__Eubacteriales|f__Lachnospiraceae|g__Lachnoclostridium|s__Clostridium_scindens,0.0,0.0010610597,0.0010475393,0.0010403345,0.0010516412,0.0010579248,0.0010700584,0.0,0.0010610598,0.0010475393,0.0010403345,0.0010516412,0.0010579248,0.0010700586,0.0,0.0,0.0010475621,0.00103164,0.0010223221,0.0010331554,0.0011082938,0.0010726603,0.0,0.0010475393,0.0010316252,0.0010223209,0.0010331554,0.0011082931,0.0,0.0,0.0010475393,0.0010316252,0.0010223209,0.0010331554,0.0011082932,0.0010725991,0.0010610597,0.0010475393,0.0010403345,0.0010516412,0.0010579248,0.0010700583,0.0,0.0010610605,0.0010475396,0.0010403345,0.0010516412,0.0010579248,0.0010700588,0.0010725991,0.0010610597,0.0010475393,0.0010403345,0.0010516412,0.0010579248,0.0010700584,0.0,0.0010610601,0.0010475405,0.0010403347,0.0010516412,0.0010579248,0.0010700594,0.0,0.0010610598,0.0010475393,0.0010403345,0.0010516412,0.0010579248,0.0010700584,0.0,0.0010610598,0.0,0.0010316252,0.0010128132,0.0010684639,0.0010801258,0.0,0.0010610597,0.0010475393,0.0010403345,0.0010516412,0.0010579248,0.0010700587,0.0,0.0,0.0,0.0010316252,0.0010128132,0.0010684639,0.0010911286,0.0010726155,0.0010610598,0.0,0.0010316252,0.0010128132,0.0010684639,0.0010801334,0.0010727312,0.0,0.0,0.0010316254,0.0010128132,0.0010684639,0.001091128,0.001072642,0.0,0.0010475393,0.0,0.0010610597,0.0010475393,0.0010684638,0.0010726044,0.0,0.0,0.0010316252,0.0010128132,0.0010684639,0.0010911273,0.0,0.0010610623,0.0,0.0010316252,0.0010128132,0.0010684639,0.0010801246,0.0,0.0,0.0010475408,0.0010610621,0.0,0.0010316252,0.0010610598,0.0010726444,0.0010610601,0.0,0.0010316251,0.0010128132,0.0010684639,0.0010801243,0.0,0.0,0.0010475398,0.0010316252,0.0010223209,0.0010331554,0.0011082935,0.0,0.0,0.0010475393,0.0,0.0010610597,0.0010475393,0.0010684638,0.0,0.0010610648,0.0,0.0010610598,0.0014624235,0.0010610597,0.0010475398,0.0,0.0018042901,0.0010475686,0.0010316295,0.0010223212,0.0010331554,0.0011082938,0.0,0.0010611177,0.0010610665,0.0010555522,0.0010671119,0.0,0.0009905102,0.0,0.0010610631,0.0010475408,0.0,0.0010610602,0.0010475396,0.0010403375,0.0010726104,0.0010610597,0.0010475393,0.0,0.0010610597,0.0010475393,0.0010403354,0.0,0.0010610601,0.0010475394,0.0010403345,0.0010516412,0.0010579248,0.0010700584,0.001072599,0.0010610597,0.0010475393,0.0010403345,0.0010516412,0.0010579248,0.0010700584,0.0010726509,0.0,0.0,0.0010316252,0.0010128132,0.0010684639,0.0010911269,0.0010726107,0.0,0.0010475393,0.0010316252,0.0010223209,0.0010331554,0.0011082931,0.0,0.0010610598,0.0,0.0010316252,0.0010128132,0.0010684639,0.0010801242,0.0010726271,0.0,0.0010475393,0.0010316252,0.0010223209,0.0010331554,0.0011082998,0.0,0.0010610597,0.0010475393,0.0010403345,0.0010516412,0.0010579248,0.0010700597,0.0010726007,0.0010610597,0.0010475393,0.0010403345,0.0010516412,0.0010579248,0.0010700583,0.0,0.0010610605,0.0010475396,0.0010403345,0.0010516412,0.0010579248,0.0010700584,0.0,0.0,0.0010475393,0.0010316252,0.0010223209,0.0010331554,0.0011082932,0.0010726028,0.0010610597,0.0,0.0,0.0010610598,0.0010610598,0.0010555518,0.0010726635,0.0,0.0010475398,0.0,0.0010610598,0.0010475393,0.0010684661,0.0010727944,0.0,0.0010610601,0.0010475396,0.0010403345,0.0,0.0010610605,0.0,0.0010610595,0.0,0.0010316252,0.0010128132,0.0010684639,0.0010801308,0.00107261,0.0,0.0010475393,0.0010316252,0.001022321,0.001033156,0.0011083479,0.0010726276,0.0,0.0,0.0010316252,0.0010128132,0.0010684639,0.0010911269,0.0,0.0010610598,0.0010475394,0.0010403345,0.0010516412,0.0010579248,0.0010700586,0.0010726323,0.0010610599,0.0010475395,0.0061408053,0.0010610598,0.0010475393,0.0010403362,0.0010726037,0.0,0.0010475395,0.0010316253,0.0010223209,0.0010331554,0.0011082946,0.0010726053,0.0,0.0010475394,0.0010316251,0.001022321,0.0010331555,0.0011082953,0.0,0.0010610599,0.0010610602,0.0010555516,0.0010671117,0.0,0.0009905505,0.0010726621,0.0,0.0010475396,0.0010316252,0.0010223209,0.0010331554,0.0011082932,0.001072607,0.0,0.0,0.0010316252,0.0010128132,0.0010684639,0.0010911283,0.0010727283,0.0010610613,0.0,0.0010316265,0.0010128133,0.0010684639,0.0010801313,0.0,0.0010610599,0.0010475395,0.0010403345,0.0010516412,0.0010579248,0.0010700583,0.0,0.0010610613,0.0,0.0010316252,0.0010128132,0.0010684639,0.0010801242,0.0,0.0010610598,0.0010475398,0.0010403345,0.0010516412,0.0010579248,0.0010700586,0.0010726225,0.00106106,0.0010475396,0.0010403349,0.0010516412,0.0010579248,0.0010700588,0.0,0.0,0.0,0.0010316252,0.0010128132,0.0010684639,0.0010911274,0.0010725985,0.0010610597,0.0,0.0010316252,0.0010128132,0.0010684639,0.0010801252,0.0010726188,0.0010610599,0.0010475393,0.0010684639,0.0,0.0010316252,0.0010128133,0.0,0.0010610597,0.0010475393,0.0010403345,0.0010516412,0.0010579248,0.0010700593,0.0,0.0010610597,0.0010475393,0.0010403345,0.0010516412,0.0010579248,0.0010700586,0.0,0.0010610608,0.0010475395,0.0010403345,0.0010516412,0.0010579248,0.00107006,0.0010726161,0.0010610597,0.0010475393,0.0010403345,0.0010516412,0.0010579248,0.001070059,0.0,0.0,0.0010475393,0.0010316252,0.0010223209,0.0010331554,0.0011082935,0.0,0.0010610597,0.0010475393,0.0010403345,0.0010516412,0.0010579248,0.0010700584,0.0010728947,0.0010610619,0.0010475396,0.0010403343,0.0010516412,0.0010579248,0.0010700604
k__Bacteria|p__Firmicutes|c__Clostridia|o__Eubacteriales|f__Oscillospiraceae|g__Faecalibacterium|s__Faecalibacterium_prausnitzii,0.0,0.0010608028,0.0010470524,0.0010395148,0.0010502482,0.0010559671,0.0010677098,0.0,0.0010608027,0.0010470524,0.0010395148,0.0010502482,0.0010559671,0.0010677098,0.0,0.0,0.0010470648,0.0010309046,0.0010212482,0.0010314935,0.0011073614,0.0010725933,0.0,0.0010470524,0.0010308961,0.0010212478,0.0010314935,0.0011073613,0.0,0.0,0.0010470524,0.0010308961,0.0010212478,0.0010314935,0.0011073613,0.0010725595,0.0010608026,0.0010470524,0.0010395148,0.0010502482,0.0010559671,0.0010677098,0.0,0.0010608032,0.0010470526,0.0010395148,0.0010502482,0.0010559671,0.0010677106,0.0010725596,0.0010608026,0.0010470524,0.0010395148,0.0010502482,0.0010559671,0.0010677098,0.0,0.0010608028,0.001047053,0.0010395149,0.0010502482,0.0010559671,0.0010677107,0.0,0.0010608031,0.0010470524,0.0010395148,0.0010502482,0.0010559671,0.0010677098,0.0,0.0010608031,0.0,0.0010308961,0.0010118323,0.0010681183,0.0010792386,0.0,0.0010608031,0.0010470524,0.0010395148,0.0010502482,0.0010559671,0.00106771,0.0,0.0,0.0,0.0010308961,0.0010118323,0.0010681183,0.0010904752,0.0010725685,0.0010608031,0.0,0.0010308961,0.0010118323,0.0010681183,0.001079242,0.0010726268,0.0,0.0,0.0010308962,0.0010118323,0.0010681183,0.0010904747,0.0010725844,0.0,0.0010470524,0.0,0.0010608031,0.0010470524,0.0010681185,0.0010725621,0.0,0.0,0.0010308961,0.0010118323,0.0010681183,0.0010904741,0.0,0.0010608038,0.0,0.0010308961,0.0010118323,0.0010681183,0.0010792373,0.0,0.0,0.001047053,0.0010608039,0.0,0.0010308961,0.0010608031,0.0010725806,0.0010608032,0.0,0.0010308961,0.0010118323,0.0010681183,0.0010792372,0.0,0.0,0.0010470526,0.0010308961,0.0010212478,0.0010314935,0.0011073614,0.0,0.0,0.0010470524,0.0,0.0010608026,0.0010470524,0.0010681181,0.0,0.0010608047,0.0,0.0010608032,0.0,0.0010608026,0.0010470526,0.0,0.0,0.001047064,0.0010308981,0.0010212479,0.0010314935,0.0011073613,0.0,0.0010608304,0.0010608061,0.0010549751,0.0010659774,0.0,0.0009892646,0.0,0.0010608042,0.0010470528,0.0,0.0010608033,0.0010470526,0.0010395171,0.0010725659,0.0010608026,0.0010470524,0.0,0.0010608026,0.0010470524,0.0010395158,0.0,0.0010608031,0.0010470526,0.0010395148,0.0010502482,0.0010559671,0.0010677099,0.0010725599,0.0010608026,0.0010470524,0.0010395148,0.0010502482,0.0010559671,0.0010677098,0.0010725852,0.0,0.0,0.0010308961,0.0010118323,0.0010681183,0.0010904742,0.0010725649,0.0,0.0010470524,0.0010308961,0.0010212478,0.0010314935,0.0011073613,0.0,0.0010608032,0.0,0.0010308961,0.0010118323,0.0010681183,0.0010792372,0.001072574,0.0,0.0010470524,0.0010308961,0.0010212478,0.0010314935,0.0011073658,0.0,0.0010608031,0.0010470524,0.0010395148,0.0010502482,0.0010559671,0.0010677106,0.0010725606,0.0010608026,0.0010470524,0.0010395148,0.0010502482,0.0010559671,0.0010677098,0.0,0.0010608034,0.0010470526,0.0010395148,0.0010502482,0.0010559671,0.0010677098,0.0,0.0,0.0010470524,0.0010308961,0.0010212478,0.0010314935,0.0011073614,0.0010725621,0.0010608026,0.0,0.0,0.0010608032,0.0010608027,0.0010549752,0.0010725956,0.0,0.0010470526,0.0,0.0010608032,0.0010470524,0.0010681215,0.0010726687,0.0,0.0010608031,0.0010470526,0.0010395148,0.0,0.0010608034,0.0,0.0010608026,0.0,0.0010308961,0.0010118318,0.0010681183,0.0010792407,0.0010725652,0.0,0.0010470524,0.0010308961,0.0010212479,0.0010314938,0.0011073996,0.001072574,0.0,0.0,0.0010308961,0.0010118323,0.0010681183,0.0010904741,0.0,0.0010608032,0.0010470526,0.0010395148,0.0010502482,0.0010559671,0.0010677098,0.0010725918,0.0010608031,0.0010470526,0.0,0.001060803,0.0010470524,0.001039516,0.0010725618,0.0,0.0010470526,0.0010308966,0.0010212478,0.0010314935,0.0011073623,0.0010725629,0.0,0.0010470526,0.0010308961,0.0010212479,0.0010314935,0.0011073622,0.0,0.0010608027,0.0010608032,0.0010549747,0.0010659776,0.0,0.0009892962,0.0010725913,0.0,0.0010470526,0.0010308961,0.0010212478,0.0010314935,0.0011073613,0.0010725644,0.0,0.0,0.0010308961,0.0010118323,0.0010681183,0.0010904748,0.0010726248,0.0010608034,0.0,0.001030897,0.0010118324,0.0010681183,0.0010792417,0.0,0.0010608031,0.0010470526,0.0010395148,0.0010502482,0.0010559671,0.0010677098,0.0,0.0010608037,0.0,0.0010308961,0.0010118323,0.0010681183,0.0010792372,0.0,0.0010608032,0.0010470526,0.0010395148,0.0010502482,0.0010559671,0.0010677099,0.0010725713,0.001060803,0.0010470526,0.001039515,0.0010502482,0.0010559671,0.00106771,0.0,0.0,0.0,0.0010308961,0.0010118323,0.0010681183,0.0010904745,0.0010725594,0.0010608026,0.0,0.0010308961,0.0010118323,0.0010681183,0.0010792376,0.0010725689,0.0010608031,0.0010470524,0.0010681183,0.0,0.0010308961,0.0010118319,0.0,0.0010608026,0.0010470524,0.0010395148,0.0010502482,0.0010559671,0.0010677103,0.0,0.0010608031,0.0010470524,0.0010395148,0.0010502482,0.0010559671,0.00106771,0.0,0.0010608033,0.0010470526,0.0010395148,0.0010502482,0.0010559671,0.0010677108,0.0010725677,0.0010608031,0.0010470524,0.0010395148,0.0010502482,0.0010559671,0.0010677101,0.0,0.0,0.0010470524,0.0010308961,0.0010212478,0.0010314935,0.0011073614,0.0,0.0010608026,0.0010470524,0.0010395148,0.0010502482,0.0010559671,0.0010677098,0.0010727631,0.0010608038,0.0010470526,0.0010395148,0.0010502482,0.0010559671,0.0010677114
k__Bacteria|p__Firmicutes|c__Clostridia|o__Eubacteriales|f__Lachnospiraceae|g__GGB79634|s__GGB79634_SGB5832,0.0,0.0010630221,0.0010495544,0.0010423854,0.0010536889,0.0010599812,0.0010720924,0.0,0.0010630222,0.0010495544,0.0010423854,0.0010536889,0.0010599812,0.0010720924,0.0,0.0,0.0010495688,0.0010337023,0.0010244262,0.0010352648,0.0011100747,0.0010745329,0.0,0.0010495544,0.0010336927,0.0010244256,0.0010352648,0.0011100739,0.0,0.0,0.0010495544,0.0010336927,0.0010244256,0.0010352648,0.0011100739,0.0010745091,0.0010630221,0.0010495544,0.0010423854,0.0010536889,0.0010599812,0.0010720923,0.0,0.0010630229,0.0010495547,0.0010423854,0.0010536889,0.0010599812,0.001072093,0.0010745092,0.0010630221,0.0010495544,0.0010423854,0.0010536889,0.0010599812,0.0010720924,0.0,0.0010630225,0.0010495554,0.0010423854,0.0010536889,0.0010599812,0.001072093,0.0,0.0010630222,0.0010495544,0.0010423854,0.0010536889,0.0010599812,0.0010720924,0.0,0.0010630222,0.0,0.0010336927,0.0010149312,0.0010704048,0.0010820479,0.0,0.0010630221,0.0010495544,0.0010423854,0.0010536889,0.0010599812,0.0010720928,0.0,0.0,0.0,0.0010336927,0.0010149312,0.0010704048,0.0010929899,0.0010745166,0.0010630222,0.0,0.0010336927,0.0010149312,0.0010704048,0.0010820539,0.001074561,0.0,0.0,0.001033693,0.0010149312,0.0010704048,0.0010929892,0.0010745268,0.0,0.0010495544,0.0,0.0010630221,0.0010495544,0.0010704047,0.0010745119,0.0,0.0,0.0010336927,0.0010149312,0.0010704048,0.0010929877,0.0,0.0010630236,0.0,0.0010336927,0.0010149312,0.0010704048,0.0010820463,0.0,0.0,0.0010495555,0.0010630235,0.0,0.0010336927,0.0010630222,0.0010745274,0.0010630225,0.0,0.0010336929,0.0010149312,0.0010704048,0.0010820461,0.0,0.0,0.0010495547,0.0010336927,0.0010244256,0.0010352648,0.0011100743,0.0,0.0,0.0010495544,0.0,0.0010630221,0.0010495544,0.0010704048,0.0,0.0010630259,0.0,0.0010630223,0.0,0.0010630221,0.0010495546,0.0,0.0,0.0010495712,0.0010336952,0.0010244256,0.0010352648,0.0011100748,0.0,0.0010630612,0.0010630261,0.0010575477,0.0010690964,0.0,0.0009926739,0.0,0.0010630246,0.0010495556,0.0,0.0010630226,0.0010495546,0.0010423879,0.0010745139,0.0010630221,0.0010495544,0.0,0.0010630221,0.0010495544,0.0010423862,0.0,0.0010630223,0.0010495546,0.0010423854,0.0010536889,0.0010599812,0.0010720924,0.001074509,0.0010630221,0.0010495544,0.0010423854,0.0010536889,0.0010599812,0.0010720924,0.0010745308,0.0,0.0,0.0010336927,0.0010149312,0.0010704048,0.0010929874,0.0010745133,0.0,0.0010495544,0.0010336927,0.0010244256,0.0010352648,0.0011100741,0.0,0.0010630223,0.0,0.0010336927,0.0010149312,0.0010704048,0.0010820458,0.0010745227,0.0,0.0010495544,0.0010336927,0.0010244256,0.0010352648,0.0011100821,0.0,0.0010630221,0.0010495544,0.0010423854,0.0010536889,0.0010599812,0.001072094,0.0010745093,0.0010630221,0.0010495544,0.0010423854,0.0010536889,0.0010599812,0.0010720923,0.0,0.0010630228,0.0010495546,0.0010423854,0.0010536889,0.0010599812,0.0010720924,0.0,0.0,0.0010495544,0.0010336927,0.0010244256,0.0010352648,0.0011100742,0.0010745106,0.0010630221,0.0,0.0,0.0010630223,0.0010630222,0.0010575477,0.0010745347,0.0,0.001049555,0.0,0.0010630223,0.0010495544,0.0010704087,0.0010745872,0.0,0.0010630223,0.0010495546,0.0010423854,0.0,0.001063023,0.0012505964,0.0010630221,0.0012602189,0.0010336927,0.0010149312,0.0010704047,0.0010820521,0.0010745134,0.0,0.0010495544,0.0010336927,0.0010244256,0.0010352653,0.0011101358,0.0010745212,0.0,0.0,0.0010336927,0.0010149312,0.0010704048,0.0010929874,0.0,0.0010630223,0.0010495546,0.0010423854,0.0010536889,0.0010599812,0.0010720924,0.0010745103,0.0010630221,0.0010495546,0.0,0.0010630222,0.0010495544,0.0010423864,0.0010745111,0.0,0.0010495546,0.0010336929,0.0010244256,0.0010352648,0.0011100762,0.0010745123,0.0,0.0010495546,0.0010336927,0.0010244256,0.0010352648,0.0011100762,0.0,0.0010630221,0.0010630223,0.0010575474,0.0010690965,0.0,0.0009927148,0.0010745345,0.0,0.0010495546,0.0010336927,0.0010244256,0.0010352648,0.0011100739,0.0010745134,0.0,0.0,0.0010336927,0.0010149312,0.0010704048,0.0010929893,0.0010745539,0.0010630229,0.0,0.0010336938,0.0010149317,0.0010704047,0.0010820541,0.0,0.0010630222,0.0010495546,0.0010423854,0.0010536889,0.0010599812,0.0010720923,0.0,0.0010630236,0.0,0.0010336927,0.0010149312,0.0010704048,0.0010820458,0.0,0.0010630222,0.0010495547,0.0010423854,0.0010536889,0.0010599812,0.0010720924,0.0010745212,0.0010630224,0.0010495547,0.0010423856,0.0010536889,0.0010599812,0.0010720929,0.0,0.0,0.0,0.0010336927,0.0010149312,0.0010704048,0.0010929881,0.0010745086,0.0010630221,0.00213742,0.0010336927,0.0010149312,0.0010704048,0.0010820469,0.0010745191,0.0010630222,0.0010495544,0.0010704048,0.0045628394,0.0010336927,0.0010149312,0.0006349534,0.0010630221,0.0010495544,0.0010423854,0.0010536889,0.0010599812,0.0010720931,0.0,0.0010630221,0.0010495544,0.0010423854,0.0010536889,0.0010599812,0.0010720924,0.0,0.0010630229,0.0010495546,0.0010423854,0.0010536889,0.0010599812,0.0010720942,0.0010745164,0.0010630221,0.0010495544,0.0010423854,0.0010536889,0.0010599812,0.0010720929,0.0,0.0,0.0010495544,0.0010336927,0.0010244256,0.0010352648,0.0011100742,0.0,0.0010630221,0.0010495544,0.0010423854,0.0010536889,0.0010599812,0.0010720924,0.0010746375,0.0010630239,0.0010495548,0.0010423854,0.0010536889,0.0010599812,0.001072095
k__Bacteria|p__Firmicutes|c__Bacilli|o__Lactobacillales|f__Enterococcaceae|g__Enterococcus|s__Enterococcus_casseliflavus,0.0,0.0010632643,0.0010494802,0.0010418409,0.0010523138,0.0010577919,0.0010693313,0.0,0.0010632644,0.0010494802,0.0010418409,0.0010523138,0.0010577919,0.0010693314,0.0,0.0,0.0010494915,0.001033293,0.0010235312,0.0010335201,0.0011092841,0.0010750426,0.0,0.0010494802,0.0010332847,0.0010235308,0.0010335201,0.0011092833,0.0,0.0,0.0010494802,0.0010332847,0.0010235308,0.0010335201,0.0011092833,0.0010750496,0.0010632643,0.0010494802,0.0010418409,0.0010523138,0.0010577919,0.0010693313,0.0,0.0010632647,0.0010494803,0.0010418409,0.0010523138,0.0010577919,0.001069332,0.0010750499,0.0010632643,0.0010494802,0.0010418409,0.0010523138,0.0010577919,0.0010693313,0.0,0.0010632646,0.0010494809,0.001041841,0.0010523138,0.0010577919,0.0010693317,0.0019630042,0.0010632644,0.0010494802,0.0010418409,0.0010523138,0.0010577919,0.0010693313,0.0,0.0010632644,0.0,0.0010332847,0.0010141744,0.0010705122,0.0010813661,0.0,0.0010632643,0.0010494802,0.0010418409,0.0010523138,0.0010577919,0.0010693321,0.0,0.0,0.0,0.0010332847,0.0010141744,0.0010705122,0.001092627,0.0010750471,0.0010632644,0.0,0.0010332847,0.0010141744,0.0010705122,0.0010813714,0.0010750421,0.0,0.0,0.0010332848,0.0010141744,0.0010705122,0.0010926265,0.0010750458,0.0,0.0010494802,0.0,0.0010632643,0.0010494802,0.0010705121,0.0010750493,0.0,0.0,0.0010332847,0.0010141744,0.0010705122,0.0010926251,0.0,0.0010632653,0.0,0.0010332847,0.0010141744,0.0010705122,0.0010813641,0.0,0.0,0.001049481,0.001063265,0.0,0.0010332847,0.0010632646,0.0010750529,0.0010632646,0.0,0.0010332848,0.0010141744,0.0010705122,0.0010813642,0.0,0.0,0.0010494803,0.0010332847,0.0010235308,0.0010335201,0.0011092838,0.0,0.0,0.0010494802,0.0,0.0010632643,0.0010494802,0.0010705121,0.0,0.0010632676,0.0,0.0010632646,0.0,0.0010632643,0.0010494803,0.0,0.0,0.001049492,0.0010332863,0.001023531,0.0010335201,0.0011092841,0.0,0.0010632924,0.0010632672,0.0010573375,0.0010680762,0.0,0.0009915566,0.0,0.0010632658,0.0010494808,0.0,0.0010632647,0.0010494803,0.0010418434,0.0010750493,0.0010632643,0.0010494802,0.0,0.0010632643,0.0010494802,0.001041842,0.006231055,0.0010632646,0.0010494803,0.0010418409,0.0010523138,0.0010577919,0.0010693313,0.0010750497,0.0010632643,0.0010494802,0.0010418409,0.0010523138,0.0010577919,0.0010693313,0.0010750449,0.0,0.0,0.0010332847,0.0010141744,0.0010705122,0.0010926247,0.0010750486,0.0,0.0010494802,0.0010332847,0.0010235308,0.0010335201,0.0011092835,0.0,0.0010632646,0.0,0.0010332847,0.0010141744,0.0010705122,0.0010813639,0.0010750494,0.0,0.0010494802,0.0010332847,0.0010235308,0.0010335201,0.0011092919,0.0,0.0010632643,0.0010494802,0.0010418409,0.0010523138,0.0010577919,0.0010693328,0.001075049,0.0010632643,0.0010494802,0.0010418409,0.0010523138,0.0010577919,0.0010693313,0.0,0.0010632648,0.0010494803,0.0010418409,0.0010523138,0.0010577919,0.0010693313,0.0,0.0,0.0010494802,0.0010332847,0.0010235308,0.0010335201,0.0011092834,0.0010750485,0.0010632643,0.0,0.0,0.0010632646,0.0010632644,0.0010573376,0.0010750437,0.0,0.0010494803,0.0,0.0010632646,0.0010494802,0.0010705158,0.0010750454,0.0,0.0010632646,0.0010494803,0.0010418409,0.0,0.0010632651,0.0,0.0010632643,0.0,0.0010332847,0.0010141744,0.0010705121,0.0010813707,0.0010750492,0.0,0.0010494802,0.0010332847,0.001023531,0.0010335206,0.0011093483,0.0010750522,0.0,0.0,0.0010332847,0.0010141744,0.0010705122,0.0010926247,0.0,0.0010632646,0.0010494803,0.0010418409,0.0010523138,0.0010577919,0.0010693314,0.0010750211,0.0010632646,0.0010494803,0.0,0.0010632644,0.0010494802,0.0010418418,0.0010750489,0.0,0.0010494803,0.0010332848,0.0010235308,0.0010335201,0.0011092856,0.0010750492,0.0,0.0010494803,0.0010332847,0.001023531,0.0010335203,0.0011092853,0.0,0.0010632646,0.0010632646,0.0010573373,0.0010680764,0.0,0.0009916011,0.00107504,0.0,0.0010494803,0.0010332847,0.0010235308,0.0010335201,0.0011092833,0.0010750493,0.0,0.0,0.0010332847,0.0010141744,0.0010705122,0.0010926266,0.0010750378,0.0010632646,0.0,0.0010332854,0.0010141748,0.0010705122,0.0010813712,0.0,0.0010632646,0.0010494803,0.0010418409,0.0010523138,0.0010577919,0.0010693313,0.0,0.0010632654,0.0,0.0010332847,0.0010141744,0.0010705122,0.0010813641,0.0,0.0010632644,0.0010494803,0.0010418409,0.0010523138,0.0010577919,0.0010693313,0.0010750508,0.0010632644,0.0010494803,0.001041841,0.0010523138,0.0010577919,0.0010693318,0.0,0.0,0.0,0.0010332847,0.0010141744,0.0010705122,0.0010926257,0.0010750496,0.0010632643,0.0,0.0010332847,0.0010141744,0.0010705122,0.0010813648,0.0010750493,0.0010632646,0.0010494802,0.0010705122,0.0051003844,0.0010332847,0.0010141747,0.0,0.0010632643,0.0010494802,0.0010418409,0.0010523138,0.0010577919,0.0010693324,0.0,0.0010632643,0.0010494802,0.0010418409,0.0010523138,0.0010577919,0.0010693317,0.0,0.0010632647,0.0010494803,0.0010418409,0.0010523138,0.0010577919,0.001069334,0.0010750479,0.0010632643,0.0010494802,0.0010418409,0.0010523138,0.0010577919,0.0010693319,0.0,0.0,0.0010494802,0.0010332847,0.0010235308,0.0010335201,0.0011092838,0.0,0.0010632643,0.0010494802,0.0010418409,0.0010523138,0.0010577919,0.0010693313,0.0010750836,0.0010632655,0.0010494803,0.0010418409,0.0010523138,0.0010577919,0.0010693348
k__Bacteria|p__Firmicutes|c__Clostridia|o__Eubacteriales|f__Peptostreptococcaceae|g__Terrisporobacter|s__Terrisporobacter_othiniensis,0.0,0.0010676336,0.0010542815,0.0010471831,0.0010584558,0.0010647447,0.0010767871,0.0,0.0010676336,0.0010542815,0.0010471831,0.0010584558,0.0010647447,0.0010767872,0.0,0.0,0.0010542881,0.0010385386,0.0010293403,0.001040167,0.0011142291,0.0010790217,0.0,0.0010542815,0.0010385341,0.0010293402,0.001040167,0.0011142289,0.0,0.0,0.0010542815,0.0010385341,0.0010293402,0.001040167,0.001114229,0.0010790064,0.0010676336,0.0010542815,0.0010471831,0.0010584558,0.0010647447,0.001076787,0.0,0.0010676342,0.0010542816,0.0010471831,0.0010584558,0.0010647447,0.0010767878,0.0010790064,0.0010676336,0.0010542815,0.0010471831,0.0010584558,0.0010647447,0.0010767871,0.0,0.0010676337,0.001054282,0.0010471832,0.0010584558,0.0010647447,0.0010767875,0.0,0.0010676336,0.0010542815,0.0010471831,0.0010584558,0.0010647447,0.0010767871,0.0,0.0010676336,0.0,0.0010385341,0.0010198825,0.0010749619,0.0010865371,0.0,0.0010676336,0.0010542815,0.0010471831,0.0010584558,0.0010647447,0.0010767872,0.0,0.0,0.0,0.0010385341,0.0010198825,0.0010749619,0.0010973425,0.0010790111,0.0010676336,0.0,0.0010385341,0.0010198825,0.0010749619,0.0010865394,0.001079038,0.0,0.0,0.0010385342,0.0010198825,0.0010749619,0.0010973426,0.0010790175,0.0,0.0010542815,0.0015195914,0.0010676336,0.0010542815,0.0010749619,0.0010790073,0.0,0.0,0.0010385341,0.0010198825,0.0010749619,0.001097342,0.0,0.0010676341,0.0,0.0010385341,0.0010198825,0.0010749619,0.0010865362,0.0,0.0,0.0010542821,0.0010676342,0.0022185359,0.0010385341,0.0010676341,0.0010790145,0.0010676337,0.0,0.0010385341,0.0010198825,0.0010749619,0.0010865362,0.0,0.0022907571,0.0010542816,0.0010385341,0.0010293402,0.001040167,0.0011142291,0.0,0.0,0.0010542815,0.0,0.0010676336,0.0010542815,0.001074962,0.0,0.0010676344,0.0,0.0010676337,0.0,0.0010676336,0.0010542816,0.0,0.0,0.001054288,0.0010385347,0.0010293402,0.001040167,0.0011142291,0.0,0.0010676467,0.0010676349,0.0010622246,0.0010737244,0.0,0.0009977221,0.0034447794,0.0010676346,0.001054282,0.0,0.0010676337,0.0010542817,0.0010471847,0.0010790091,0.0010676336,0.0010542815,0.0,0.0010676336,0.0010542815,0.0010471835,0.0,0.0010676339,0.0010542816,0.0010471831,0.0010584558,0.0010647447,0.0010767871,0.0010790062,0.0010676336,0.0010542815,0.0010471831,0.0010584558,0.0010647447,0.0010767871,0.0010790199,0.0,0.0,0.0010385341,0.0010198825,0.0010749619,0.0010973421,0.0010790076,0.0,0.0010542815,0.0010385341,0.0010293402,0.001040167,0.0011142289,0.0,0.0010676337,0.0,0.0010385341,0.0010198825,0.0010749619,0.0010865362,0.0010790144,0.0,0.0010542815,0.0010385341,0.0010293402,0.001040167,0.0011142322,0.0,0.0010676336,0.0010542815,0.0010471831,0.0010584558,0.0010647447,0.001076788,0.0010790066,0.0010676336,0.0010542815,0.0010471831,0.0010584558,0.0010647447,0.001076787,0.0,0.0010676339,0.0010542817,0.0010471831,0.0010584558,0.0010647447,0.0010767871,0.0,0.0,0.0010542815,0.0010385341,0.0010293402,0.001040167,0.001114229,0.0010790072,0.0010676336,0.0,0.0033069903,0.0010676337,0.0010676336,0.001062225,0.0010790234,0.0,0.0010542817,0.0,0.0010676337,0.0010542815,0.0010749641,0.001079058,0.0,0.0010676337,0.0010542817,0.0010471831,0.0,0.0010676342,0.0,0.0010676335,0.0,0.0010385341,0.0010198825,0.0010749619,0.0010865403,0.0010790089,0.001872984,0.0010542815,0.0010385341,0.0010293402,0.0010401673,0.0011142526,0.0010790131,0.0,0.0,0.0010385341,0.0010198825,0.0010749619,0.001097342,0.0029974938,0.0010676337,0.0010542816,0.0010471831,0.0010584558,0.0010647447,0.0010767872,0.0010790216,0.0010676336,0.0010542817,0.0,0.0010676336,0.0010542815,0.0010471838,0.001079007,0.0,0.0010542817,0.0010385342,0.0010293402,0.001040167,0.00111423,0.0010790076,0.0013353326,0.0010542816,0.001038534,0.0010293402,0.0010401671,0.0011142298,0.0,0.0010676336,0.0010676339,0.0010622247,0.0010737245,0.0,0.0009977513,0.001079021,0.0,0.0010542817,0.0010385341,0.0010293402,0.001040167,0.001114229,0.0010790083,0.0,0.0,0.0010385341,0.0010198825,0.0010749619,0.0010973427,0.0010790374,0.0010676339,0.0,0.0010385345,0.0010198827,0.0010749619,0.0010865398,0.066642806,0.0010676337,0.0010542817,0.0010471831,0.0010584558,0.0010647447,0.001076787,0.0,0.0010676339,0.005538325,0.0010385341,0.0010198825,0.0010749619,0.0010865362,0.0,0.0010676337,0.0010542816,0.0010471831,0.0010584558,0.0010647447,0.0010767872,0.0010790117,0.0010676336,0.0010542816,0.0010471832,0.0010584558,0.0010647447,0.0010767874,0.0,0.0,0.0,0.0010385341,0.0010198825,0.0010749619,0.0010973423,0.0010790061,0.0010676336,0.019363442,0.0010385341,0.0010198825,0.0010749619,0.0010865363,0.0010790111,0.0010676337,0.0010542815,0.0010749619,0.0,0.0010385341,0.0010198826,0.0,0.0010676336,0.0010542815,0.0010471831,0.0010584558,0.0010647447,0.0010767876,0.0,0.0010676336,0.0010542815,0.0010471831,0.0010584558,0.0010647447,0.0010767872,0.0,0.0010676339,0.0010542817,0.0010471831,0.0010584558,0.0010647447,0.0010767882,0.0010790088,0.0010676336,0.0010542815,0.0010471831,0.0010584558,0.0010647447,0.0010767874,0.021140354,0.083634116,0.0010542815,0.0010385341,0.0010293402,0.001040167,0.0011142291,0.0,0.0010676336,0.0010542815,0.0010471831,0.0010584558,0.0010647447,0.0010767871,0.0010790991,0.0010676342,0.0010542816,0.0010471832,0.0010584558,0.0010647447,0.0010767888
k__Bacteria|p__Firmicutes|c__Bacilli|o__Lactobacillales|f__Streptococcaceae|g__Lactococcus|s__Lactococcus_lactis,0.0,0.0010632687,0.0010497668,0.0010425416,0.0010537392,0.0010599286,0.0010719651,0.0,0.0010632685,0.0010497668,0.0010425416,0.0010537392,0.0010599286,0.0010719649,0.0,0.0,0.0010497957,0.0010338873,0.0010245447,0.0010352749,0.0011101712,0.0010748712,0.0,0.0010497668,0.0010338683,0.0010245432,0.0010352749,0.0011101696,0.0,0.0,0.0010497668,0.0010338683,0.0010245432,0.0010352749,0.0011101693,0.0010747885,0.0010632684,0.0010497668,0.0010425416,0.0010537392,0.0010599286,0.0010719647,0.0,0.0010632699,0.0010497669,0.0010425416,0.0010537392,0.0010599286,0.0010719658,0.0010747884,0.0010632684,0.0010497668,0.0010425416,0.0010537392,0.0010599286,0.0010719651,0.0,0.0010632692,0.0010497678,0.0010425418,0.0010537392,0.0010599286,0.0010719661,0.0,0.0010632687,0.0010497668,0.0010425416,0.0010537392,0.0010599286,0.0010719649,0.0,0.0010632687,0.0,0.0010338683,0.0010150681,0.0010706317,0.001082174,0.0,0.0010632684,0.0010497668,0.0010425416,0.0010537392,0.0010599286,0.0010719661,0.0,0.0,0.0,0.0010338683,0.0010150681,0.0010706319,0.0010931509,0.0010748116,0.0010632685,0.0,0.0010338683,0.0010150681,0.0010706319,0.0010821883,0.00107496,0.0,0.0,0.0010338685,0.0010150681,0.0010706319,0.0010931494,0.0010748474,0.0034470856,0.0010497668,0.0010521554,0.0010632684,0.0010497668,0.0010706321,0.0010747967,0.0,0.0,0.0010338683,0.0010150681,0.0010706317,0.0010931464,0.0,0.0010632721,0.0,0.0010338683,0.0010150681,0.0010706317,0.0010821718,0.0,0.0,0.0010497683,0.0010632712,0.0,0.0010338683,0.0010632691,0.0010748473,0.0010632692,0.0,0.0010338682,0.0010150681,0.0010706317,0.0010821709,0.0,0.0,0.0010497669,0.0010338683,0.0010245432,0.0010352749,0.00111017,0.0,0.0,0.0010497668,0.0,0.0010632684,0.0010497668,0.001070632,0.0,0.001063277,0.0,0.0010632689,0.0,0.0010632684,0.0010497668,0.0,0.0,0.0010498005,0.0010338743,0.0010245433,0.0010352749,0.0011101711,0.0,0.0010633526,0.0010632781,0.0010577412,0.001069185,0.0,0.00099278,0.0,0.0010632736,0.0010497688,0.0,0.0010632694,0.0010497669,0.0010425464,0.0010748033,0.0010632684,0.0010497668,0.0,0.0010632684,0.0010497668,0.0010425437,0.0,0.001063269,0.0010497668,0.0010425416,0.0010537392,0.0010599286,0.0010719652,0.0010747882,0.0010632684,0.0010497668,0.0010425416,0.0010537392,0.0010599286,0.0010719649,0.0010748539,0.0,0.0,0.0010338683,0.0010150681,0.0010706317,0.0010931462,0.001074803,0.0,0.0010497668,0.0010338683,0.0010245432,0.0010352749,0.00111017,0.0,0.0010632686,0.0,0.0010338683,0.0010150681,0.0010706317,0.001082171,0.0010748287,0.0,0.0010497668,0.0010338683,0.0010245433,0.0010352749,0.0011101856,0.0,0.0010632684,0.0010497668,0.0010425416,0.0010537392,0.0010599286,0.0010719681,0.0010747903,0.0010632684,0.0010497668,0.0010425416,0.0010537392,0.0010599286,0.0010719647,0.0,0.0010632699,0.0010497669,0.0010425416,0.0010537392,0.0010599286,0.0010719651,0.0,0.0,0.0010497668,0.0010338683,0.0010245432,0.0010352749,0.0011101698,0.0010747948,0.0010632684,0.0,0.0,0.0010632689,0.0010632687,0.001057741,0.0010748776,0.0,0.0010497671,0.0,0.0010632686,0.0010497668,0.0010706366,0.0010750465,0.0023611127,0.001063269,0.0010497669,0.0010425416,0.0014769165,0.0010632703,0.0,0.0010632686,0.0,0.0010338683,0.0010150681,0.0010706319,0.0010821822,0.001074802,0.0,0.0010497668,0.0010338683,0.0010245433,0.001035276,0.0011102918,0.0010748236,0.0,0.0,0.0010338683,0.0010150681,0.0010706317,0.0010931459,0.0,0.0010632689,0.0010497668,0.0010425416,0.0010537392,0.0010599286,0.0010719649,0.0010748301,0.0010632687,0.0010497669,0.0,0.0010632689,0.0010497668,0.0010425437,0.0010747953,0.0016716385,0.0010497669,0.0010338684,0.0010245432,0.0010352749,0.0011101742,0.0010747982,0.0,0.0010497668,0.0010338683,0.0010245433,0.0010352749,0.0011101739,0.0,0.0010632687,0.001063269,0.0010577402,0.0010691851,0.0,0.0009928406,0.0010748752,0.0,0.0010497669,0.0010338683,0.0010245432,0.0010352749,0.0011101692,0.0010748019,0.0,0.0,0.0010338683,0.0010150681,0.0010706319,0.0010931497,0.0010749443,0.0010632706,0.0,0.00103387,0.0010150688,0.0010706319,0.0010821855,0.0,0.0010632689,0.0010497669,0.0010425416,0.0010537392,0.0010599286,0.0010719647,0.0,0.001063271,0.0,0.0010338683,0.0010150681,0.0010706317,0.001082171,0.0,0.0010632689,0.0010497669,0.0010425416,0.0010537392,0.0010599286,0.001071965,0.001074824,0.001063269,0.0010497671,0.001042542,0.0010537392,0.0010599286,0.0010719654,0.0,0.0,0.0,0.0010338683,0.0010150681,0.0010706317,0.001093147,0.0010747877,0.0010632684,0.0,0.0010338683,0.0010150681,0.0010706317,0.0010821732,0.0010748182,0.0010632689,0.0010497668,0.0010706317,0.0006700158,0.0010338683,0.0010150683,0.0,0.0010632684,0.0010497668,0.0010425416,0.0010537392,0.0010599286,0.0010719665,0.0,0.0010632684,0.0010497668,0.0010425416,0.0010537392,0.0010599286,0.0010719656,0.0,0.00106327,0.0010497669,0.0010425416,0.0010537392,0.0010599286,0.0010719693,0.0010748116,0.0010632686,0.0010497668,0.0010425416,0.0010537392,0.0010599286,0.001071966,0.0,0.0,0.0010497668,0.0010338683,0.0010245433,0.0010352749,0.0011101704,0.0,0.0010632684,0.0010497668,0.0010425416,0.0010537392,0.0010599286,0.0010719649,0.0010752057,0.0010632719,0.0010497671,0.0010425416,0.0010537392,0.0010599289,0.0010719706
k__Bacteria|p__Firmicutes|c__Clostridia|o__Eubacteriales|f__Clostridiaceae|g__Clostridiaceae_unclassified|s__Clostridiaceae_bacterium_OM02_2AC,0.0,0.0010655641,0.0010520665,0.0010447988,0.0010558446,0.0010618985,0.0010738071,0.0,0.0010655642,0.0010520665,0.0010447988,0.0010558446,0.0010618985,0.0010738068,0.0,0.0,0.001052076,0.0010361767,0.0010268001,0.0010373854,0.0011120727,0.0010771089,0.0,0.0010520665,0.0010361689,0.0010267997,0.0010373854,0.0011120721,0.0,0.0,0.0010520666,0.0010361689,0.0010267997,0.0010373854,0.001112072,0.0010770765,0.0010655642,0.0010520665,0.0010447988,0.0010558446,0.0010618985,0.0010738068,0.0,0.0010655647,0.0010520668,0.0010447988,0.0010558446,0.0010618985,0.0010738072,0.0010770765,0.0010655642,0.0010520665,0.0010447988,0.0010558446,0.0010618985,0.0010738068,0.0,0.0010655642,0.001052067,0.0010447986,0.0010558446,0.0010618985,0.0010738077,0.0,0.0010655642,0.0010520665,0.0010447988,0.0010558446,0.0010618985,0.0010738069,0.0,0.0010655642,0.0,0.0010361689,0.0010173651,0.0010728785,0.0010842563,0.0,0.0010655642,0.0010520665,0.0010447988,0.0010558446,0.0010618985,0.0010738076,0.0,0.0,0.0,0.0010361689,0.0010173651,0.0010728785,0.0010952185,0.0010770843,0.0010655642,0.0,0.0010361689,0.0010173651,0.0010728785,0.0010842605,0.0010771281,0.0,0.0,0.001036169,0.0010173651,0.0010728785,0.0010952177,0.0010770946,0.0,0.0010520665,0.0,0.0010655642,0.0010520665,0.0010728785,0.0010770784,0.0063342587,0.0023544133,0.0010361689,0.0010173651,0.0010728785,0.0010952165,0.0,0.0010655649,0.0,0.0010361689,0.0010173651,0.0010728785,0.0010842552,0.0,0.0,0.0010520676,0.0010655646,0.0,0.0010361689,0.0010655642,0.0010770968,0.0010655642,0.0,0.0010361691,0.0010173651,0.0010728785,0.0010842552,0.0,0.0,0.0010520667,0.0010361689,0.0010267997,0.0010373854,0.0011120721,0.0,0.0,0.0010520665,0.0,0.0010655642,0.0010520665,0.0010728785,0.0,0.0010655678,0.0,0.0010655643,0.0,0.0010655642,0.0010520667,0.0,0.0,0.0010520794,0.0010361708,0.0010267997,0.0010373854,0.0011120727,0.0,0.0010655761,0.0010655661,0.0010599936,0.0010712809,0.0,0.0009950558,0.0,0.0010655659,0.001052067,0.0,0.0010655643,0.0010520667,0.0010448005,0.0010770826,0.0010655642,0.0010520665,0.0,0.0010655642,0.0010520665,0.0010447997,0.0,0.0010655643,0.0010520665,0.0010447988,0.0010558446,0.0010618985,0.0010738071,0.0010770765,0.0010655642,0.0010520665,0.0010447988,0.0010558446,0.0010618985,0.0010738069,0.0010770978,0.0,0.0,0.0010361689,0.0010173651,0.0010728785,0.0010952165,0.001077078,0.0,0.0010520665,0.0010361689,0.0010267997,0.0010373854,0.001112072,0.0,0.0010655643,0.0,0.0010361689,0.0010173651,0.0010728785,0.0010842548,0.0010770898,0.0,0.0010520665,0.0010361689,0.0010267997,0.0010373854,0.0011120756,0.0,0.0010655642,0.0010520665,0.0010447988,0.0010558446,0.0010618985,0.0010738084,0.0010770774,0.0010655642,0.0010520665,0.0010447988,0.0010558446,0.0010618985,0.0010738068,0.0,0.0010655647,0.0010520667,0.0010447988,0.0010558446,0.0010618985,0.0010738069,0.0,0.0,0.0010520666,0.0010361689,0.0010267997,0.0010373854,0.001112072,0.0010770787,0.0010655642,0.0,0.0,0.0010655643,0.0010655642,0.0010599939,0.0010771117,0.0,0.0010520667,0.0,0.0010655643,0.0010520665,0.0010728806,0.0010771619,0.0,0.0010655642,0.0010520667,0.0010447988,0.0,0.0010655648,0.0,0.0010655641,0.0,0.0010361689,0.0010173651,0.0010728784,0.0010842587,0.0010770818,0.0,0.0010520665,0.0010361689,0.0010267997,0.0010373857,0.0011121023,0.0010770933,0.0030755596,0.0,0.0010361689,0.0010173651,0.0010728785,0.0010952165,0.0,0.0010655643,0.0010520665,0.0010447988,0.0010558446,0.0010618985,0.0010738068,0.0010771089,0.0010655643,0.0010520667,0.0,0.0010655641,0.0010520665,0.0010447991,0.0010770778,0.0,0.0010520663,0.001036169,0.0010267997,0.0010373854,0.0011120739,0.0010770799,0.0,0.0010520665,0.0010361689,0.0010267997,0.0010373855,0.001112073,0.0,0.0010655643,0.0010655642,0.0010599934,0.001071281,0.0,0.0009950958,0.001077101,0.0,0.0010520663,0.0010361689,0.0010267997,0.0010373854,0.001112072,0.0010770814,0.0,0.0,0.0010361689,0.0010173651,0.0010728785,0.001095218,0.001077129,0.0010655643,0.0,0.0010361695,0.001017365,0.0010728785,0.0010842605,0.0,0.0010655642,0.0010520667,0.0010447988,0.0010558446,0.0010618985,0.0010738068,0.0,0.0010655652,0.0,0.0010361689,0.0010173651,0.0010728785,0.0010842548,0.0,0.0010655642,0.0010520666,0.0010447988,0.0010558446,0.0010618985,0.0010738072,0.0010770863,0.0010655641,0.0010520663,0.001044799,0.0010558446,0.0010618985,0.0010738072,0.0,0.0,0.0,0.0010361689,0.0010173651,0.0010728785,0.0010952168,0.0010770763,0.0010655642,0.045800924,0.0010361689,0.0010173651,0.0010728785,0.0010842554,0.0010770886,0.0010655642,0.0010520665,0.0010728785,0.0,0.0010361689,0.0010173653,0.0,0.0010655642,0.0010520665,0.0010447988,0.0010558446,0.0010618985,0.0010738078,0.0,0.0010655642,0.0010520665,0.0010447985,0.0010558446,0.0010618985,0.0010738072,0.0,0.0010655642,0.0010520667,0.0010447988,0.0010558446,0.0010618985,0.001073809,0.0010770806,0.0010655642,0.0010520665,0.0010447988,0.0010558446,0.0010618985,0.0010738074,0.0,0.0,0.0010520665,0.0010361689,0.0010267997,0.0010373854,0.0011120721,0.0,0.0010655642,0.0010520665,0.0010447988,0.0010558446,0.0010618985,0.0010738069,0.0010772946,0.0010655653,0.0010520667,0.0010447988,0.0010558446,0.0010618985,0.0010738096
k__Bacteria|p__Firmicutes|c__Clostridia|o__Eubacteriales|f__Lachnospiraceae|g__GGB3746|s__GGB3746_SGB5089,0.0,0.00106071,0.0010471103,0.0010397964,0.0010509237,0.0010570292,0.0010690433,0.0,0.0010607103,0.0010471103,0.0010397964,0.0010509237,0.0010570292,0.0010690432,0.0,0.0,0.0010471154,0.0010311154,0.0010216963,0.0010323452,0.0011077576,0.0010723459,0.0,0.0010471103,0.0010311132,0.0010216963,0.0010323452,0.0011077567,0.0,0.0,0.0010471103,0.0010311132,0.0010216963,0.0010323452,0.0011077569,0.0010723242,0.0010607102,0.0010471103,0.0010397964,0.0010509237,0.0010570292,0.0010690432,0.0,0.0010607105,0.0010471105,0.0010397964,0.0010509237,0.0010570292,0.001069045,0.0010723243,0.0010607102,0.0010471103,0.0010397964,0.0010509237,0.0010570292,0.0010690434,0.0,0.0010607104,0.0010471111,0.0010397965,0.0010509237,0.0010570292,0.0010690439,0.0,0.0010607103,0.0010471103,0.0010397964,0.0010509237,0.0010570292,0.0010690433,0.0,0.0010607103,0.0,0.0010311132,0.001012215,0.0010680896,0.0010795852,0.0,0.0010607102,0.0010471103,0.0010397964,0.0010509237,0.0010570292,0.001069044,0.0,0.0,0.0,0.0010311132,0.001012215,0.0010680896,0.0010906687,0.0010723312,0.0010607103,0.0,0.0010311132,0.001012215,0.0010680896,0.0010795917,0.0010723871,0.0,0.0,0.0010311133,0.001012215,0.0010680896,0.0010906688,0.0010723431,0.0,0.0010471103,0.0,0.0010607102,0.0010471103,0.0010680894,0.0010723261,0.0,0.0,0.0010311132,0.001012215,0.0010680896,0.0010906673,0.0,0.0010607105,0.0,0.0010311132,0.001012215,0.0010680896,0.0010795832,0.0,0.0,0.0010471108,0.0010607109,0.0,0.0010311132,0.0010607105,0.0010723324,0.00106071,0.0,0.0010311131,0.001012215,0.0010680896,0.0010795828,0.0,0.0,0.0010471105,0.0010311132,0.0010216963,0.0010323452,0.0011077573,0.0,0.0,0.0010471103,0.0,0.0010607102,0.0010471103,0.0010680894,0.0,0.0010607102,0.0,0.0010607104,0.0,0.0010607102,0.0010471107,0.0,0.0,0.0010471105,0.0010311133,0.001021696,0.0010323452,0.0011077571,0.0,0.0010607168,0.0010607111,0.0010550967,0.0010664841,0.0,0.0009898246,0.0,0.0010607106,0.0010471105,0.0,0.00106071,0.0010471104,0.0010397994,0.0010723268,0.0010607102,0.0010471103,0.0,0.0010607102,0.0010471103,0.001039798,0.0,0.0010607103,0.0010471104,0.0010397964,0.0010509237,0.0010570292,0.0010690433,0.0010723243,0.0010607102,0.0010471103,0.0010397964,0.0010509237,0.0010570292,0.0010690433,0.0010723443,0.0,0.0,0.0010311132,0.001012215,0.0010680896,0.0010906673,0.0010723276,0.0,0.0010471103,0.0010311132,0.0010216963,0.0010323452,0.0011077572,0.0,0.0010607104,0.0,0.0010311132,0.001012215,0.0010680896,0.0010795826,0.0010723369,0.0,0.0010471103,0.0010311132,0.0010216963,0.0010323452,0.0011077675,0.0,0.0010607102,0.0010471103,0.0010397964,0.0010509237,0.0010570292,0.0010690453,0.0010723249,0.0010607102,0.0010471103,0.0010397964,0.0010509237,0.0010570292,0.0010690432,0.0,0.0010607103,0.0010471104,0.0010397964,0.0010509237,0.0010570292,0.0010690433,0.0,0.0,0.0010471103,0.0010311132,0.0010216963,0.0010323452,0.0011077569,0.0010723255,0.0010607102,0.0,0.0,0.0010607104,0.0010607103,0.0010550971,0.0010723479,0.0,0.0010471105,0.0,0.0010607104,0.0010471103,0.0010680949,0.0010724261,0.0,0.00106071,0.0010471104,0.0010397964,0.0,0.0010607111,0.0,0.0010607102,0.0,0.0010311132,0.001012215,0.0010680894,0.0010795936,0.0010723277,0.0,0.0010471103,0.0010311132,0.0010216963,0.0010323456,0.0011078373,0.0010723326,0.0,0.0,0.0010311132,0.001012215,0.0010680896,0.0010906674,0.0,0.0010607104,0.0010471104,0.0010397964,0.0010509237,0.0010570292,0.0010690432,0.0010723361,0.0010607103,0.0010471104,0.0,0.0010607102,0.0010471103,0.0010397974,0.001072326,0.0,0.0010471107,0.0010311133,0.0010216963,0.0010323452,0.0011077594,0.0010723261,0.0,0.0010471107,0.0010311132,0.001021696,0.0010323453,0.0011077595,0.0,0.0010607103,0.0010607104,0.0010550969,0.0010664839,0.0,0.000989863,0.0010723465,0.0,0.0010471104,0.0010311132,0.0010216963,0.0010323452,0.0011077569,0.0010723268,0.0018875446,0.0017438136,0.0010311132,0.001012215,0.0010680896,0.0010906686,0.0010723778,0.0010607106,0.0,0.0010311138,0.0010122152,0.0010680895,0.0010795911,0.0,0.0010607102,0.0010471104,0.0010397964,0.0010509237,0.0010570292,0.0010690432,0.0,0.0010607102,0.0,0.0010311132,0.001012215,0.0010680896,0.0010795826,0.0,0.0010607103,0.0010471108,0.0010397964,0.0010509237,0.0010570292,0.0010690434,0.001072336,0.0010607102,0.0010471107,0.0010397965,0.0010509237,0.0010570292,0.0010690438,0.0,0.0,0.0,0.0010311132,0.001012215,0.0010680896,0.001090668,0.001072324,0.0010607102,0.0,0.0010311132,0.001012215,0.0010680896,0.0010795839,0.0010723292,0.0010607102,0.0010471103,0.0010680896,0.0,0.0010311132,0.001012215,0.0,0.0010607102,0.0010471103,0.0010397964,0.0010509237,0.0010570292,0.0010690447,0.0,0.0010607102,0.0010471103,0.0010397964,0.0010509237,0.0010570292,0.0010690435,0.0,0.0010607105,0.0010471104,0.0010397964,0.0010509237,0.0010570292,0.0010690463,0.0010723296,0.0010607102,0.0010471103,0.0010397964,0.0010509237,0.0010570292,0.0010690438,0.0,0.0,0.0010471103,0.0010311132,0.0010216963,0.0010323452,0.0011077576,0.0,0.0010607102,0.0010471103,0.0010397964,0.0010509237,0.0010570292,0.0010690433,0.0010724874,0.0010607105,0.0010471105,0.0010397964,0.0010509237,0.0010570292,0.0010690469
k__Bacteria|p__Firmicutes|c__Clostridia|o__Eubacteriales|f__Clostridiaceae|g__Clostridium|s__Clostridium_porci,0.0,0.0010643115,0.0010508435,0.0010436464,0.0010548577,0.0010610672,0.0010731022,0.0,0.0010643115,0.0010508435,0.0010436464,0.0010548577,0.0010610672,0.001073102,0.0,0.0,0.0010508605,0.0010349908,0.0010256842,0.0010364337,0.0011111357,0.0010758387,0.0,0.0010508435,0.0010349795,0.0010256832,0.0010364337,0.0011111344,0.0,0.0,0.0010508435,0.0010349795,0.0010256832,0.0010364337,0.0011111345,0.0010757971,0.0010643114,0.0010508435,0.0010436464,0.0010548577,0.0010610672,0.0010731019,0.0,0.0010643122,0.0010508436,0.0010436464,0.0010548577,0.0010610672,0.0010731033,0.0010757971,0.0010643114,0.0010508435,0.0010436464,0.0010548577,0.0010610672,0.0010731022,0.0,0.0010643116,0.0010508443,0.0010436464,0.0010548577,0.0010610672,0.0010731028,0.0,0.0010643115,0.0010508435,0.0010436464,0.0010548577,0.0010610672,0.001073102,0.0,0.0010643115,0.0,0.0010349795,0.001016213,0.0010716654,0.001083212,0.0,0.0010643114,0.0010508435,0.0010436462,0.0010548577,0.0010610672,0.001073103,0.0,0.18781503,0.0,0.0010349795,0.001016213,0.0010716654,0.0010941486,0.00107581,0.0010643115,0.0,0.0010349795,0.001016213,0.0010716654,0.0010832208,0.0010758869,0.0,0.0,0.0010349797,0.001016213,0.0010716654,0.0010941478,0.0010758283,0.0,0.0010508435,0.0,0.0010643114,0.0010508435,0.0010716657,0.0010758013,0.0,0.0,0.0010349795,0.001016213,0.0010716654,0.0010941459,0.0,0.0010643132,0.0,0.0010349795,0.001016213,0.0010716654,0.0010832096,0.0050469236,0.0017486071,0.0010508449,0.0010643129,0.0015825782,0.0010349795,0.0010643116,0.0010758264,0.0010643116,0.0,0.0010349794,0.001016213,0.0010716654,0.0010832092,0.0,0.0,0.0010508436,0.0010349795,0.0010256832,0.0010364337,0.001111135,0.0,0.0,0.0010508435,0.0011193084,0.0010643114,0.0010508435,0.0010716657,0.0,0.0010643161,0.0,0.0010643116,0.0,0.0010643114,0.0010508436,0.0,0.003281166,0.0010508628,0.0010349825,0.0010256832,0.0010364337,0.0011111352,0.0,0.0010643592,0.0010643164,0.0010588095,0.0010702632,0.0,0.0009939518,0.0,0.0010643144,0.0010508447,0.0036555533,0.0010643116,0.0010508436,0.0010436501,0.0010758053,0.0010643114,0.0010508435,0.0,0.0010643114,0.0010508435,0.001043648,0.0,0.0010643117,0.0010508436,0.0010436462,0.0010548577,0.0010610672,0.0010731024,0.0010757972,0.0010643114,0.0010508435,0.0010436464,0.0010548577,0.0010610672,0.001073102,0.0010758315,0.0,0.0,0.0010349795,0.001016213,0.0010716654,0.0010941456,0.0010758039,0.0,0.0010508435,0.0010349795,0.0010256832,0.0010364337,0.0011111348,0.0,0.0010643116,0.0,0.0010349795,0.001016213,0.0010716654,0.0010832091,0.0010758198,0.0,0.0010508435,0.0010349795,0.0010256832,0.0010364337,0.0011111478,0.0,0.0010643114,0.0010508435,0.0010436464,0.0010548577,0.0010610672,0.0010731043,0.0010757981,0.0010643114,0.0010508435,0.0010436464,0.0010548577,0.0010610672,0.0010731019,0.0,0.001064312,0.0010508436,0.0010436462,0.0010548577,0.0010610672,0.0010731022,0.0,0.0,0.0010508435,0.0010349795,0.0010256832,0.0010364337,0.0011111345,0.0010758003,0.0010643114,0.0,0.0,0.0010643116,0.0010643115,0.0010588096,0.0010758424,0.0,0.001050844,0.0,0.0010643116,0.0010508435,0.0010716713,0.001075936,0.0,0.0010643116,0.0010508436,0.0010436462,0.0,0.0010643123,0.0,0.0010643114,0.0,0.0010349795,0.001016213,0.0010716653,0.0010832199,0.0010758045,0.0,0.0010508435,0.0010349795,0.0010256832,0.0010364342,0.0011112335,0.0010758162,0.0,0.0,0.0010349795,0.001016213,0.0010716654,0.0010941454,0.0,0.0010643116,0.0010508436,0.0010436464,0.0010548577,0.0010610672,0.001073102,0.0010758138,0.0010643115,0.0010508436,0.0,0.0010643115,0.0010508435,0.001043648,0.0010758005,0.0,0.0010508436,0.0010349797,0.0010256832,0.0010364337,0.0011111377,0.001075802,0.0,0.0010508436,0.0010349795,0.0010256832,0.0010364337,0.0011111377,0.0,0.0010643115,0.0010643116,0.0010588091,0.0010702631,0.0,0.0009940045,0.0010758406,0.0,0.0010508436,0.0010349795,0.0010256832,0.0010364337,0.0011111345,0.0010758043,0.0,0.0,0.0010349795,0.001016213,0.0010716654,0.0010941478,0.0010758757,0.0010643126,0.0,0.0010349808,0.0010162132,0.0010716656,0.0010832208,0.0,0.0010643116,0.0010508436,0.0010436462,0.0010548577,0.0010610672,0.0010731019,0.0,0.0010643128,0.0,0.0010349795,0.001016213,0.0010716654,0.0010832091,0.0,0.0010643116,0.0010508436,0.0010436462,0.0010548577,0.0010610672,0.0010731024,0.0010758165,0.0010643115,0.0010508436,0.0010436466,0.0010548577,0.0010610672,0.0010731026,0.0,0.0,0.0,0.0010349795,0.001016213,0.0010716654,0.0010941462,0.0010757967,0.0010643114,0.0,0.0010349795,0.001016213,0.0010716654,0.0010832106,0.0010758123,0.0010643116,0.0010508435,0.0010716654,0.0,0.0010349795,0.0010162131,0.0,0.0010643114,0.0010508435,0.0010436462,0.0010548577,0.0010610672,0.0010731034,0.0,0.0010643114,0.0010508435,0.0010436462,0.0010548577,0.0010610672,0.0010731024,0.0,0.0010643122,0.0010508436,0.0010436462,0.0010548577,0.0010610672,0.0010731055,0.0010758089,0.0010643114,0.0010508435,0.0010436462,0.0010548577,0.0010610672,0.0010731028,0.0,0.0,0.0010508435,0.0010349795,0.0010256832,0.0010364337,0.0011111351,0.0,0.0010643114,0.0010508435,0.0010436464,0.0010548577,0.0010610672,0.001073102,0.0010760353,0.0010643136,0.0010508436,0.0010436464,0.0010548577,0.0010610672,0.0010731064
k__Bacteria|p__Firmicutes|c__Bacilli|o__Bacillales|f__Bacillales_unclassified|g__Gemella|s__Gemella_sanguinis,0.0,0.0010614301,0.0010477714,0.0010403551,0.0010512795,0.0010571898,0.0010690576,0.0,0.0010614302,0.0010477714,0.0010403551,0.0010512795,0.0010571898,0.0010690575,0.0,0.0,0.001047784,0.0010317202,0.0010221882,0.0010326317,0.0011081655,0.0010731333,0.0,0.0010477714,0.0010317108,0.0010221879,0.0010326317,0.0011081647,0.0,0.0,0.0010477714,0.0010317108,0.0010221879,0.0010326317,0.0011081647,0.0010730997,0.0010614301,0.0010477714,0.0010403551,0.0010512795,0.0010571898,0.0010690573,0.0,0.0010614304,0.0010477715,0.0010403551,0.0010512795,0.0010571898,0.0010690577,0.0010730998,0.0010614301,0.0010477714,0.0010403551,0.0010512795,0.0010571898,0.0010690575,0.0,0.0010614303,0.0010477718,0.0010403552,0.0010512795,0.0010571898,0.0010690584,0.0,0.0010614302,0.0010477714,0.0010403551,0.0010512795,0.0010571898,0.0010690575,0.0,0.0010614302,0.0,0.0010317108,0.0010127452,0.0010687694,0.0010800657,0.0,0.0010614301,0.0010477714,0.0010403551,0.0010512795,0.0010571898,0.0010690581,0.0,0.0,0.0,0.0010317108,0.0010127452,0.0010687694,0.0010912082,0.0010731085,0.0010614302,0.0,0.0010317108,0.0010127452,0.0010687694,0.0010800713,0.001073164,0.0,0.0,0.0010317109,0.0010127452,0.0010687694,0.0010912074,0.001073122,0.0,0.0010477714,0.0,0.0010614301,0.0010477714,0.0010687696,0.0010731022,0.0,0.0,0.0010317108,0.0010127452,0.0010687694,0.0010912063,0.0,0.0010614314,0.0,0.0010317108,0.0010127452,0.0010687694,0.0010800646,0.0,0.0,0.0010477719,0.0010614311,0.0017922252,0.0010317108,0.0010614303,0.0010731221,0.0010614303,0.0,0.0010317106,0.0010127452,0.0010687694,0.0010800647,0.0,0.0,0.0010477715,0.0010317108,0.0010221879,0.0010326317,0.0011081651,0.0,0.0,0.0010477714,0.0,0.0010614301,0.0010477714,0.0010687696,0.0,0.0010614335,0.0,0.0010614303,0.0,0.0010614301,0.0010477714,0.0,0.0,0.0010477848,0.001031713,0.0010221879,0.0010326317,0.0011081652,0.0,0.0010614636,0.0010614339,0.0010557189,0.001066905,0.0,0.0009902793,0.0,0.0010614315,0.0010477719,0.0,0.0010614303,0.0010477714,0.0010403572,0.0010731061,0.0010614301,0.0010477714,0.0,0.0010614301,0.0010477714,0.0010403562,0.0,0.0010614303,0.0010477714,0.0010403551,0.0010512795,0.0010571898,0.0010690575,0.0010730997,0.0010614301,0.0010477714,0.0010403551,0.0010512795,0.0010571898,0.0010690575,0.0010731217,0.0,0.0,0.0010317108,0.0010127452,0.0010687694,0.001091206,0.0010731043,0.0,0.0010477714,0.0010317108,0.0010221879,0.0010326317,0.0011081649,0.0,0.0010614303,0.0,0.0010317108,0.0010127452,0.0010687694,0.0010800645,0.0010731153,0.0,0.0010477714,0.0010317108,0.0010221879,0.0010326317,0.001108171,0.0,0.0010614301,0.0010477714,0.0010403551,0.0010512795,0.0010571898,0.0010690585,0.0010731005,0.0010614301,0.0010477714,0.0010403551,0.0010512795,0.0010571898,0.0010690573,0.0,0.0010614308,0.0010477714,0.0010403551,0.0010512795,0.0010571898,0.0010690576,0.0,0.0,0.0010477714,0.0010317108,0.0010221879,0.0010326317,0.001108165,0.0010731025,0.0010614301,0.0,0.0,0.0010614303,0.0010614302,0.0010557189,0.0010731388,0.0,0.0010477715,0.0,0.0010614303,0.0010477714,0.0010687714,0.0010732037,0.0,0.0010614303,0.0010477714,0.0010403551,0.0,0.0010614308,0.0,0.0010614301,0.0,0.0010317108,0.0010127452,0.0010687695,0.001080068,0.0010731049,0.0,0.0010477714,0.0010317108,0.0010221876,0.0010326322,0.0011082145,0.0010731149,0.0,0.0,0.0010317108,0.0010127452,0.0010687694,0.001091206,0.0,0.0010614303,0.0010477714,0.0010403551,0.0010512795,0.0010571898,0.0010690575,0.0010731365,0.0010614302,0.0010477714,0.0,0.0010614302,0.0010477714,0.001040356,0.0010731018,0.0,0.0010477714,0.0010317106,0.0010221879,0.0010326317,0.0011081664,0.0010731032,0.0,0.0010477714,0.0010317108,0.0010221879,0.0010326318,0.0011081657,0.0,0.0010614302,0.0010614303,0.0010557184,0.0010669049,0.0018341806,0.0009903172,0.0010731303,0.0,0.0010477714,0.0010317108,0.0010221879,0.0010326317,0.0011081647,0.0010731054,0.0,0.0,0.0010317108,0.0010127452,0.0010687694,0.0010912077,0.0010731583,0.0010614306,0.0,0.0010317113,0.0010127452,0.0010687694,0.0010800702,0.0,0.0010614302,0.0010477714,0.0010403551,0.0010512795,0.0010571898,0.0010690573,0.0,0.0010614309,0.0,0.0010317108,0.0010127452,0.0010687694,0.0010800645,0.0,0.0010614303,0.0010477715,0.0010403551,0.0010512795,0.0010571898,0.0010690576,0.0010731118,0.0010614302,0.0010477714,0.0010403552,0.0010512795,0.0010571898,0.0010690577,0.0,0.0,0.0,0.0010317108,0.0010127452,0.0010687694,0.0010912066,0.0010730992,0.0010614301,0.0,0.0010317108,0.0010127452,0.0010687694,0.0010800652,0.0010731111,0.0010614302,0.0010477714,0.0010687694,0.0,0.0010317108,0.0010127453,0.0,0.0010614301,0.0010477714,0.0010403551,0.0010512795,0.0010571898,0.0010690582,0.0,0.0010614301,0.0010477714,0.0010403551,0.0010512795,0.0010571898,0.0010690576,0.0,0.0010614306,0.0010477714,0.0010403551,0.0010512795,0.0010571898,0.0010690595,0.0010731071,0.0010614301,0.0010477714,0.0010403551,0.0010512795,0.0010571898,0.0010690578,0.0,0.0014254779,0.0010477714,0.0010317108,0.0010221879,0.0010326317,0.0011081651,0.0,0.0010614301,0.0010477714,0.0010403551,0.0010512795,0.0010571898,0.0010690574,0.0010733291,0.0010614316,0.0010477714,0.0010403551,0.0010512795,0.0010571898,0.0010690601
k__Bacteria|p__Firmicutes|c__Bacilli|o__Bacillales|f__Staphylococcaceae|g__Staphylococcus|s__Staphylococcus_aureus,0.0019766795,0.0010653617,0.0010516982,0.0010441913,0.0010548262,0.0010604749,0.0010721035,0.0012075519,0.0010653618,0.0010516982,0.0010441913,0.0010548262,0.0010604749,0.0010721034,0.0,0.0,0.0010517199,0.0010356416,0.0010260106,0.0010361734,0.001111388,0.0010770564,0.0,0.0010516982,0.0010356265,0.00102601,0.0010361732,0.0011113873,0.0,0.0,0.0010516982,0.0010356265,0.00102601,0.0010361732,0.0011113874,0.0010770308,0.0010653617,0.0010516982,0.0010441913,0.0010548262,0.0010604749,0.0010721033,0.0,0.0010653622,0.0010516983,0.0010441913,0.0010548262,0.0010604749,0.0010721039,0.0010770306,0.0010653617,0.0010516982,0.0010441913,0.0010548262,0.0010604749,0.0010721035,0.0,0.0010653619,0.0010516992,0.0010441915,0.0010548262,0.0010604749,0.001072104,0.0,0.0010653618,0.0010516982,0.0010441913,0.0010548262,0.0010604749,0.0010721034,0.0,0.0010653618,0.0,0.0010356265,0.0010166414,0.0010726128,0.0010836018,0.0,0.0010653617,0.0010516982,0.0010441913,0.0010548262,0.0010604749,0.0010721036,0.0,0.0,0.0,0.0010356265,0.0010166414,0.0010726128,0.0010947312,0.001077036,0.0010653618,0.0,0.0010356265,0.0010166414,0.0010726128,0.0010836067,0.0010770839,0.0,0.0,0.0010356269,0.0010166414,0.0010726128,0.001094731,0.001077047,0.0,0.0010516982,0.0011177503,0.0010653617,0.0010516982,0.0010726127,0.0010770326,0.0,0.0,0.0010356265,0.0010166414,0.0010726128,0.0010947307,0.0046484056,0.0010653636,0.0,0.0010356265,0.0010166414,0.0010726128,0.0010836009,0.0,0.0,0.0010516997,0.0010653634,0.0,0.0010356265,0.0010653618,0.0010770559,0.0010653619,0.0,0.0010356264,0.0010166414,0.0010726128,0.0010836008,0.0,0.0,0.0010516987,0.0010356265,0.00102601,0.0010361732,0.0011113875,0.0,0.0,0.0010516982,0.0,0.0010653617,0.0010516982,0.0010726125,0.0,0.0010653668,0.0,0.0010653618,0.0,0.0010653617,0.0010516982,0.0,0.0,0.0010517241,0.0010356307,0.00102601,0.0010361732,0.0011113875,0.0,0.0010654136,0.0010653681,0.0010595617,0.0010704491,0.0,0.0009941456,0.0,0.0010653643,0.0010516994,0.0,0.0010653621,0.0010516983,0.0010441942,0.0010770359,0.0010653617,0.0010516982,0.0,0.0010653617,0.0010516982,0.001044192,0.0,0.0010653619,0.0010516982,0.0010441913,0.0010548262,0.0010604749,0.0010721034,0.0010770306,0.0010653617,0.0010516982,0.0010441913,0.0010548262,0.0010604749,0.0010721034,0.0010770515,0.0,0.0,0.0010356265,0.0010166414,0.0010726128,0.0010947309,0.0010770359,0.0,0.0010516982,0.0010356265,0.00102601,0.0010361732,0.0011113873,0.0,0.0010653618,0.0,0.0010356265,0.0010166414,0.0010726128,0.0010836006,0.001077044,0.0,0.0010516982,0.0010356265,0.00102601,0.0010361734,0.0011113918,0.0,0.0010653617,0.0010516982,0.0010441913,0.0010548262,0.0010604749,0.0010721041,0.0010770311,0.0010653617,0.0010516982,0.0010441913,0.0010548262,0.0010604749,0.0010721033,0.0,0.0010653624,0.0010516985,0.0010441913,0.0010548262,0.0010604749,0.0010721036,0.0,0.0,0.0010516982,0.0010356265,0.00102601,0.0010361732,0.0011113873,0.0010770315,0.0010653617,0.0,0.0,0.0010653618,0.0010653618,0.0010595614,0.0010770573,0.0,0.0010516986,0.0,0.0010653618,0.0010516982,0.0010726148,0.0010771119,0.0,0.0010653618,0.0010516983,0.0010441913,0.0,0.0010653621,0.0,0.0010653615,0.0,0.0010356265,0.0010166414,0.0010726127,0.0010836066,0.001077036,0.0,0.0010516982,0.0010356265,0.00102601,0.0010361738,0.0011114181,0.0010770475,0.0,0.0,0.0010356265,0.0010166414,0.0010726128,0.0010947309,0.0,0.0010653618,0.0010516982,0.0010441913,0.0010548262,0.0010604749,0.0010721034,0.0010770254,0.0010653617,0.0010516983,0.0,0.0010653617,0.0010516982,0.0010441926,0.0010770321,0.0038221064,0.0010516983,0.0010356266,0.00102601,0.0010361732,0.0011113882,0.0010770331,0.0,0.0010516982,0.0010356265,0.00102601,0.0010361735,0.0011113887,0.0,0.0010653617,0.0010653619,0.0010595612,0.001070449,0.0,0.0009941818,0.0010770527,0.0,0.0010516983,0.0010356265,0.00102601,0.0010361732,0.0011113874,0.0010770331,0.0,0.0,0.0010356265,0.0010166414,0.0010726128,0.0010947313,0.0010770854,0.0010653625,0.0039919685,0.0010356279,0.0010166416,0.0010726127,0.0010836049,0.0,0.0010653618,0.0010516983,0.0010441913,0.0010548262,0.0010604749,0.0010721033,0.0,0.0010653633,0.0,0.0010356265,0.0010166414,0.0010726128,0.0010836006,0.0,0.0010653618,0.0010516983,0.0010441913,0.0010548262,0.0010604749,0.0010721035,0.0010770407,0.0010653617,0.0010516985,0.0010441918,0.0010548262,0.0010604749,0.0010721039,0.0,0.0,0.0,0.0010356265,0.0010166414,0.0010726128,0.001094731,0.0010770304,0.0010653617,0.0,0.0010356265,0.0010166414,0.0010726128,0.0010836015,0.0010770399,0.0010653618,0.0010516982,0.0010726128,0.0,0.0010356265,0.001016641,0.0,0.0010653617,0.0010516982,0.0010441913,0.0010548262,0.0010604749,0.0010721039,0.0,0.0010653617,0.0010516982,0.0010441913,0.0010548262,0.0010604749,0.0010721035,0.0,0.0010653625,0.0010516983,0.0010441913,0.0010548262,0.0010604749,0.0010721048,0.0010770372,0.0010653617,0.0010516982,0.0010441913,0.0010548262,0.0010604749,0.0010721037,0.001733412,0.0036885624,0.0010516982,0.0010356265,0.00102601,0.0010361732,0.0011113876,0.0,0.0010653617,0.0010516982,0.0010441913,0.0010548262,0.0010604749,0.0010721034,0.0010771828,0.0010653633,0.0010516985,0.0010441914,0.0010548262,0.0010604749,0.0010721047
k__Bacteria|p__Firmicutes|c__Clostridia|o__Eubacteriales|f__Eubacteriales_Family_XIII_Incertae_Sedis|g__Mogibacterium|s__Mogibacterium_diversum,0.0,0.0010608386,0.0010472304,0.001039901,0.0010509973,0.001057073,0.0010690648,0.0,0.0010608387,0.0010472304,0.001039901,0.0010509973,0.001057073,0.0010690647,0.0,0.0,0.0010472359,0.0010312273,0.0010217914,0.0010324088,0.0011078371,0.0010724914,0.0,0.0010472304,0.001031224,0.0010217911,0.0010324088,0.0011078359,0.0,0.0,0.0010472304,0.001031224,0.0010217911,0.0010324088,0.0011078359,0.0010724608,0.0010608386,0.0010472304,0.001039901,0.0010509973,0.001057073,0.0010690647,0.0,0.0010608393,0.0010472306,0.001039901,0.0010509973,0.001057073,0.0010690661,0.0010724609,0.0010608386,0.0010472304,0.001039901,0.0010509973,0.001057073,0.0010690646,0.0,0.0010608388,0.0010472314,0.0010399012,0.0010509973,0.001057073,0.0010690651,0.0,0.0010608387,0.0010472304,0.001039901,0.0010509973,0.001057073,0.0010690647,0.0,0.0010608387,0.0,0.001031224,0.0010123159,0.0010682117,0.0010796771,0.0,0.0010608386,0.0010472304,0.001039901,0.0010509973,0.001057073,0.0010690654,0.0,0.0,0.0,0.001031224,0.0010123159,0.0010682117,0.0010907688,0.0010724693,0.0010608387,0.0,0.001031224,0.0010123159,0.0010682117,0.0010796844,0.001072531,0.0,0.0,0.0010312243,0.0010123159,0.0010682117,0.0010907688,0.0010724819,0.0,0.0010472304,0.0011216936,0.0010608386,0.0010472304,0.0010682117,0.001072463,0.0,0.0,0.001031224,0.0010123159,0.0010682117,0.0010907672,0.0,0.0010608395,0.0,0.001031224,0.0010123159,0.0010682117,0.0010796752,0.0,0.0,0.0010472311,0.001060839,0.0,0.001031224,0.001060839,0.0010724729,0.0010608388,0.0,0.001031224,0.0010123159,0.0010682117,0.0010796745,0.0,0.0,0.0010472306,0.001031224,0.0010217911,0.0010324088,0.0011078365,0.0,0.0,0.0010472304,0.0,0.0010608386,0.0010472304,0.0010682116,0.0,0.0010608401,0.0,0.0010608387,0.0,0.0010608386,0.0010472306,0.0,0.0,0.0010472335,0.0010312245,0.0010217909,0.0010324088,0.0011078367,0.0,0.0010608461,0.0010608399,0.0010552108,0.001066567,0.0,0.0009899166,0.0,0.0010608401,0.0010472309,0.0,0.0010608389,0.0010472306,0.0010399045,0.0010724645,0.0010608386,0.0010472304,0.0,0.0010608386,0.0010472304,0.0010399027,0.0,0.0010608388,0.0010472306,0.001039901,0.0010509973,0.001057073,0.0010690647,0.0010724608,0.0010608386,0.0010472304,0.001039901,0.0010509973,0.001057073,0.0010690647,0.0010724851,0.0,0.0,0.001031224,0.0010123159,0.0010682117,0.0010907672,0.0010724633,0.0,0.0010472304,0.001031224,0.0010217911,0.0010324088,0.0011078366,0.0,0.0010608387,0.0,0.001031224,0.0010123159,0.0010682117,0.0010796745,0.0010724763,0.0,0.0010472304,0.001031224,0.0010217911,0.001032409,0.0011078464,0.0,0.0010608386,0.0010472304,0.001039901,0.0010509973,0.001057073,0.0010690673,0.0010724614,0.0010608386,0.0010472304,0.001039901,0.0010509973,0.001057073,0.0010690647,0.0,0.0010608389,0.0010472306,0.001039901,0.0010509973,0.001057073,0.0010690648,0.0,0.0,0.0010472304,0.001031224,0.0010217911,0.0010324088,0.001107836,0.0010724624,0.0010608386,0.0,0.0018065791,0.0010608387,0.0010608387,0.0010552113,0.0010724931,0.0,0.0010472306,0.0,0.0010608387,0.0010472304,0.0010682172,0.0010725766,0.0,0.0010608387,0.0010472306,0.001039901,0.0,0.0010608395,0.0,0.0010608385,0.0,0.001031224,0.0010123159,0.0010682116,0.0010796847,0.0010724652,0.0,0.0010472304,0.001031224,0.0010217909,0.0010324095,0.00110791,0.0010724736,0.0,0.0,0.001031224,0.0010123159,0.0010682117,0.0010907672,0.0,0.0010608387,0.0010472306,0.001039901,0.0010509973,0.001057073,0.0010690647,0.001072479,0.0010608388,0.0010472306,0.0,0.0010608387,0.0010472304,0.0010399021,0.0010724625,0.0,0.0010472306,0.0010312242,0.0010217911,0.0010324088,0.001107839,0.0010724636,0.0,0.0010472306,0.001031224,0.0010217909,0.001032409,0.0011078387,0.0,0.0010608388,0.0010608388,0.0010552108,0.0010665671,0.0,0.0009899592,0.0010724879,0.0,0.0010472306,0.001031224,0.0010217911,0.0010324088,0.001107836,0.0010724643,0.0011468664,0.0,0.001031224,0.0010123159,0.0010682117,0.0010907687,0.0010725225,0.0010608393,0.0,0.0010312247,0.001012316,0.0010682117,0.0010796841,0.0,0.0010608388,0.0010472306,0.001039901,0.0010509973,0.001057073,0.0010690647,0.0,0.0010608393,0.0,0.001031224,0.0010123159,0.0010682117,0.0010796745,0.0,0.0010608387,0.0010472306,0.0010399013,0.0010509973,0.001057073,0.0010690646,0.0010724749,0.0010608386,0.0010472306,0.0010399012,0.0010509973,0.001057073,0.0010690654,0.0,0.0,0.0,0.001031224,0.0010123159,0.0010682117,0.0010907681,0.0010724606,0.0010608386,0.0,0.001031224,0.0010123159,0.0010682117,0.0010796759,0.0010724706,0.0010608388,0.0010472304,0.0010682117,0.0,0.001031224,0.0010123164,0.0,0.0010608386,0.0010472304,0.001039901,0.0010509973,0.001057073,0.0010690663,0.0,0.0010608386,0.0010472304,0.001039901,0.0010509973,0.001057073,0.0010690651,0.0,0.0010608389,0.0010472306,0.001039901,0.0010509973,0.001057073,0.0010690681,0.0010724664,0.0010608386,0.0010472304,0.001039901,0.0010509973,0.001057073,0.0010690652,0.0,0.0,0.0010472304,0.001031224,0.0010217911,0.0010324088,0.0011078365,0.0,0.0010608386,0.0010472304,0.001039901,0.0010509973,0.001057073,0.0010690647,0.0010726826,0.0010608395,0.0010472306,0.0010399009,0.0010509973,0.001057073,0.0010690688
k__Bacteria|p__Firmicutes|c__Clostridia|o__Eubacteriales|f__Clostridiaceae|g__Clostridium|s__Clostridium_baratii,0.0,0.0010686673,0.0010552581,0.0010480533,0.0010591056,0.001065184,0.0010770644,0.0,0.0010686674,0.0010552581,0.0010480533,0.0010591056,0.001065184,0.0010770644,0.0,0.0,0.0010552836,0.0010394655,0.0010301463,0.0010407501,0.0011149014,0.0010801605,0.0,0.0010552581,0.0010394488,0.0010301451,0.0010407501,0.0011149003,0.0,0.0,0.0010552581,0.0010394488,0.0010301451,0.0010407501,0.0011149002,0.0010800929,0.0010686673,0.0010552581,0.0010480533,0.0010591056,0.001065184,0.0010770644,0.006191109,0.0010686684,0.0010552582,0.0010480533,0.0010591056,0.001065184,0.0010770656,0.001080093,0.0010686673,0.0010552581,0.0010480533,0.0010591056,0.001065184,0.0010770644,0.0,0.0010686677,0.0010552594,0.0010480536,0.0010591056,0.001065184,0.0010770652,0.0,0.0010686674,0.0010552581,0.0010480533,0.0010591056,0.001065184,0.0010770645,0.0,0.0010686674,0.0,0.0010394488,0.0010207306,0.001075949,0.0010873089,0.0,0.0010686673,0.0010552581,0.0010480533,0.0010591056,0.001065184,0.0010770649,0.0,0.0,0.0,0.0010394488,0.0010207306,0.001075949,0.0010981675,0.0010801115,0.0010686674,0.0,0.0010394488,0.0010207306,0.001075949,0.0010873183,0.0010802305,0.0,0.0,0.001039449,0.0010207306,0.001075949,0.0010981668,0.0010801418,0.0,0.0010552581,0.005346989,0.0010686673,0.0010552581,0.0010759493,0.0010800987,0.0,0.0,0.0010394488,0.0010207306,0.001075949,0.0010981656,0.0,0.0010686698,0.0,0.0010394488,0.0010207306,0.001075949,0.0010873064,0.0,0.005200851,0.0010552596,0.0010686693,0.0021371187,0.0010394488,0.0010686674,0.0010801338,0.0010686677,0.0,0.0010394488,0.0010207306,0.001075949,0.0010873062,0.0,0.0,0.0010552582,0.0010394488,0.0010301451,0.0010407501,0.001114901,0.0,0.0,0.0010552581,0.0,0.0010686673,0.0010552581,0.0010759492,0.0,0.0010686739,0.0,0.0010686674,0.0027103766,0.0010686673,0.0010552581,0.0,0.0,0.0010552857,0.0010394535,0.0010301451,0.0010407501,0.0011149013,0.0,0.0010687392,0.0010686751,0.0010631568,0.0010744366,0.0,0.000998508,0.0,0.0010686712,0.0010552598,0.0,0.0010686677,0.0010552581,0.0010480579,0.0010801057,0.0010686673,0.0010552581,0.0,0.0010686673,0.0010552581,0.0010480549,0.0,0.0010686675,0.0010552581,0.0010480533,0.0010591056,0.001065184,0.0010770644,0.0010800927,0.0010686673,0.0010552581,0.0010480533,0.0010591056,0.001065184,0.0010770645,0.0010801429,0.0,0.0,0.0010394488,0.0010207306,0.001075949,0.0010981654,0.0010801036,0.0,0.0010552581,0.0010394488,0.0010301451,0.0010407501,0.001114901,0.0,0.0010686674,0.0,0.0010394488,0.0010207306,0.001075949,0.001087306,0.0010801266,0.0020872236,0.0010552581,0.0010394488,0.0010301451,0.0010407501,0.0011149143,0.0,0.0010686673,0.0010552581,0.0010480533,0.0010591056,0.001065184,0.0010770662,0.0010800946,0.0010686673,0.0010552581,0.0010480533,0.0010591056,0.001065184,0.0010770644,0.0,0.0010686681,0.0010552581,0.0010480533,0.0010591056,0.001065184,0.0010770648,0.0,0.0,0.0010552581,0.0010394488,0.0010301451,0.0010407501,0.0011149005,0.0010800976,0.0010686673,0.0,0.0,0.0010686674,0.0010686674,0.0010631562,0.0010801628,0.0015622478,0.0010552584,0.0,0.0010686674,0.0010552581,0.0010759557,0.0010803103,0.0,0.0010686674,0.0010552581,0.0010480533,0.0,0.0010686682,0.0,0.0010686672,0.0020880657,0.0010394488,0.0010207306,0.0010759493,0.0010873161,0.0010801036,0.0,0.0010552581,0.0010394485,0.0010301451,0.0010407508,0.0011149973,0.0010801224,0.0,0.0,0.0010394488,0.0010207306,0.001075949,0.0010981653,0.0,0.0010686674,0.0010552581,0.0010480533,0.0010591056,0.001065184,0.0010770644,0.0010801323,0.0010686675,0.0010552581,0.0,0.0010686673,0.0010552581,0.0010480552,0.0010800976,0.009940119,0.0010552581,0.0010394489,0.0010301451,0.0010407501,0.0011149028,0.0010800998,0.0019840654,0.0010552581,0.0010394488,0.0010301451,0.0010407503,0.0011149031,0.0034365128,0.0010686675,0.0010686674,0.0010631558,0.0010744367,0.0,0.0009985561,0.0010801576,0.0,0.0010552581,0.0010394488,0.0010301451,0.0010407501,0.0011149002,0.0010801022,0.0,0.0,0.0010394488,0.0010207306,0.001075949,0.0010981669,0.001080217,0.0010686688,0.0,0.0010394505,0.0010207312,0.0010759494,0.0010873168,0.0,0.0010686674,0.0010552581,0.0010480533,0.0010591056,0.001065184,0.0010770644,0.0,0.0010686694,0.0,0.0010394488,0.0010207306,0.001075949,0.001087306,0.0,0.0010686674,0.0010552582,0.0010480533,0.0010591056,0.001065184,0.0010770645,0.0010801193,0.0010686676,0.0010552583,0.0010480536,0.0010591056,0.001065184,0.0010770648,0.0,0.0,0.0,0.0010394488,0.0010207306,0.001075949,0.0010981659,0.0010800923,0.0010686673,0.0,0.0010394488,0.0010207306,0.001075949,0.0010873075,0.0010801144,0.0010686674,0.0010552581,0.001075949,0.0,0.0010394488,0.0010207307,0.0,0.0010686673,0.0010552581,0.0010480533,0.0010591056,0.001065184,0.0010770654,0.0,0.0010686673,0.0010552581,0.0010480533,0.0010591056,0.001065184,0.0010770649,0.0,0.0010686683,0.0010552581,0.0010480533,0.0010591056,0.001065184,0.0010770669,0.0010801107,0.0010686673,0.0010552581,0.0010480533,0.0010591056,0.001065184,0.001077065,0.0,0.0,0.0010552581,0.0010394488,0.0010301451,0.0010407501,0.0011149009,0.0020282909,0.0010686673,0.0010552581,0.0010480533,0.0010591056,0.001065184,0.0010770645,0.0010804721,0.00106867,0.0010552583,0.0010480533,0.0010591056,0.001065184,0.0010770678
k__Bacteria|p__Firmicutes|c__Clostridia|o__Eubacteriales|f__Clostridiaceae|g__Clostridiaceae_unclassified|s__Clostridiaceae_bacterium,0.0,0.0010581175,0.0010444716,0.0010371447,0.0010483358,0.0010544887,0.0010665728,0.0,0.0010581177,0.0010444716,0.0010371447,0.0010483358,0.0010544887,0.0010665727,0.0,0.0,0.0010444999,0.0010284509,0.0010190007,0.0010297031,0.0011054758,0.0010698157,0.0,0.0010444716,0.00102843,0.0010189996,0.0010297031,0.0011054757,0.0,0.0,0.0010444716,0.00102843,0.0010189996,0.0010297031,0.0011054757,0.0010697788,0.0010581177,0.0010444716,0.0010371447,0.0010483358,0.0010544887,0.0010665731,0.0,0.0010581184,0.001044472,0.0010371447,0.0010483358,0.0010544887,0.0010665727,0.0010697788,0.0010581177,0.0010444716,0.0010371447,0.0010483358,0.0010544887,0.0010665728,0.0,0.0010581181,0.0010444724,0.001037145,0.0010483358,0.0010544887,0.0010665735,0.0,0.0010581177,0.0010444716,0.0010371447,0.0010483358,0.0010544887,0.0010665728,0.0,0.0010581177,0.0,0.00102843,0.0010094906,0.0010655345,0.0010771104,0.0,0.0010581177,0.0010444716,0.0010371447,0.0010483358,0.0010544887,0.0010665728,0.0,0.0,0.0,0.00102843,0.0010094906,0.0010655345,0.0010882524,0.0010697858,0.0010581177,0.0,0.00102843,0.0010094906,0.0010655345,0.0010771138,0.0010698278,0.0,0.0,0.0010284301,0.0010094906,0.0010655345,0.0010882517,0.0010698009,0.0,0.0010444716,0.0,0.0010581177,0.0010444716,0.0010655345,0.0010697817,0.0,0.0,0.00102843,0.0010094906,0.0010655345,0.0010882512,0.0,0.0010581199,0.0,0.00102843,0.0010094906,0.0010655345,0.0010771091,0.0,0.0,0.001044474,0.0010581192,0.0,0.00102843,0.0010581175,0.0010698152,0.0010581181,0.0,0.00102843,0.0010094906,0.0010655345,0.0010771094,0.0,0.0,0.001044472,0.00102843,0.0010189996,0.0010297031,0.0011054758,0.0,0.0,0.0010444716,0.0,0.0010581177,0.0010444716,0.0010655345,0.0,0.0010581259,0.0,0.0010581178,0.0,0.0010581177,0.0010444717,0.0,0.0,0.0010445075,0.0010284355,0.0010189996,0.0010297031,0.0011054762,0.0,0.0010581851,0.0010581258,0.001052494,0.0010639529,0.0,0.0009870613,0.0,0.0010581213,0.0010444736,0.0,0.0010581182,0.0010444717,0.0010371475,0.0010697882,0.0010581177,0.0010444716,0.0,0.0010581177,0.0010444716,0.0010371451,0.0,0.0010581177,0.0010444717,0.0010371447,0.0010483358,0.0010544887,0.0010665731,0.0010697787,0.0010581177,0.0010444716,0.0010371447,0.0010483358,0.0010544887,0.0010665728,0.001069803,0.0,0.0,0.00102843,0.0010094906,0.0010655345,0.0010882511,0.0010697836,0.0,0.0010444716,0.00102843,0.0010189996,0.0010297031,0.0011054756,0.0,0.0010581178,0.0,0.00102843,0.0010094906,0.0010655345,0.0010771092,0.0010697941,0.0,0.0010444716,0.00102843,0.0010189996,0.0010297031,0.0011054779,0.0,0.0010581177,0.0010444716,0.0010371447,0.0010483358,0.0010544887,0.0010665733,0.0010697794,0.0010581177,0.0010444716,0.0010371447,0.0010483358,0.0010544887,0.0010665731,0.0,0.0010581185,0.001044472,0.0010371447,0.0010483358,0.0010544887,0.0010665728,0.0,0.0,0.0010444716,0.00102843,0.0010189996,0.0010297031,0.0011054757,0.0010697808,0.0010581177,0.0,0.0,0.0010581178,0.0010581177,0.0010524937,0.0010698161,0.0,0.0010444723,0.0,0.0010581178,0.0010444716,0.0010655368,0.0010698603,0.0,0.0010581177,0.0010444717,0.0010371447,0.0,0.0010581181,0.0,0.0010581176,0.0,0.00102843,0.0010094906,0.0010655345,0.001077111,0.0010697857,0.0,0.0010444716,0.00102843,0.0010189996,0.0010297035,0.0011054947,0.001069802,0.0,0.0,0.00102843,0.0010094906,0.0010655345,0.001088251,0.0,0.0010581178,0.0010444717,0.0010371447,0.0010483358,0.0010544887,0.0010665727,0.0010697884,0.0010581178,0.0010444717,0.0,0.0010581176,0.0010444716,0.0010371458,0.0010697801,0.0,0.0010444717,0.0010284301,0.0010189996,0.0010297031,0.0011054764,0.0010697829,0.0,0.0010444717,0.0010284298,0.0010189996,0.0010297031,0.001105476,0.0,0.0010581178,0.0010581178,0.0010524932,0.0010639532,0.0,0.0009871023,0.0010698072,0.0,0.0010444717,0.00102843,0.0010189996,0.0010297031,0.0011054757,0.0010697842,0.0,0.0,0.00102843,0.0010094906,0.0010655345,0.0010882522,0.0010698328,0.0010581185,0.0,0.0010284313,0.0010094913,0.0010655347,0.0010771133,0.0,0.0010581177,0.0010444717,0.0010371447,0.0010483358,0.0010544887,0.0010665727,0.0,0.0010581203,0.0,0.00102843,0.0010094906,0.0010655345,0.0010771092,0.0,0.0010581178,0.0010444719,0.0010371447,0.0010483358,0.0010544887,0.0010665728,0.0010697892,0.0010581176,0.0010444717,0.0010371451,0.0010483358,0.0010544887,0.0010665728,0.0,0.0,0.0,0.00102843,0.0010094906,0.0010655345,0.0010882516,0.0010697782,0.0010581177,0.0,0.00102843,0.0010094906,0.0010655345,0.0010771097,0.0010697935,0.0010581177,0.0010444716,0.0010655345,0.0,0.00102843,0.0010094908,0.0,0.0010581177,0.0010444716,0.0010371449,0.0010483358,0.0010544887,0.001066573,0.0,0.0010581177,0.0010444716,0.0010371447,0.0010483358,0.0010544887,0.0010665731,0.0,0.0010581184,0.0010444717,0.0010371447,0.0010483358,0.0010544887,0.0010665734,0.0010697867,0.0010581177,0.0010444716,0.0010371447,0.0010483358,0.0010544887,0.001066573,0.0,0.0,0.0010444716,0.00102843,0.0010189996,0.0010297031,0.0011054756,0.0,0.0010581177,0.0010444716,0.0010371447,0.0010483358,0.0010544887,0.0010665728,0.001069993,0.0010581203,0.001044472,0.0010371449,0.0010483358,0.0010544887,0.0010665739
k__Bacteria|p__Firmicutes|c__Bacilli|o__Lactobacillales|f__Streptococcaceae|g__Streptococcus|s__Streptococcus_lactarius,0.002385914,0.001066521,0.0010531507,0.0010460493,0.0010573545,0.001063669,0.0010757457,0.0,0.0010665212,0.0010531507,0.0010460493,0.0010573545,0.001063669,0.0010757453,0.0026528158,0.003801616,0.0010531587,0.0010373893,0.0010281899,0.0010390446,0.001113258,0.0010779523,0.0,0.0010531507,0.0010373857,0.0010281891,0.0010390446,0.0011132573,0.0,0.0,0.0010531507,0.0010373857,0.0010281891,0.0010390446,0.0011132574,0.0010779122,0.0010665212,0.0010531507,0.0010460493,0.0010573545,0.001063669,0.0010757452,0.0,0.0010665216,0.001053151,0.0010460493,0.0010573545,0.001063669,0.0010757457,0.0010779123,0.0010665212,0.0010531507,0.0010460493,0.0010573545,0.001063669,0.0010757456,0.013123287,0.0010665213,0.0010531512,0.0010460495,0.0010573545,0.001063669,0.0010757464,0.0,0.0010665212,0.0010531507,0.0010460493,0.0010573545,0.001063669,0.0010757453,0.0,0.0010665212,0.0,0.0010373857,0.0010187185,0.0010738663,0.0010854827,0.0,0.0010665212,0.0010531507,0.0010460492,0.0010573545,0.001063669,0.0010757464,0.0,0.0,0.0,0.0010373857,0.0010187185,0.0010738663,0.0010963132,0.0010779254,0.0010665212,0.0,0.0010373857,0.0010187185,0.0010738663,0.0010854917,0.0010780343,0.0,0.0,0.001037386,0.0010187185,0.0010738663,0.0010963121,0.0010779472,0.0,0.0010531507,0.0,0.0010665212,0.0010531507,0.0010738665,0.0010779174,0.0,0.0,0.0010373857,0.0010187185,0.0010738663,0.0010963095,0.036712013,0.0010665221,0.0055657555,0.0010373857,0.0010187185,0.0010738663,0.0010854813,0.0,0.0,0.0010531509,0.0010665228,0.0,0.0010373857,0.0010665213,0.0010779423,0.0010665213,0.055688795,0.0010373858,0.0010187185,0.0010738663,0.0010854807,0.01162606,0.0021229016,0.001053151,0.0010373857,0.0010281891,0.0010390446,0.001113258,0.0,0.0,0.0010531507,0.0,0.0010665212,0.0010531507,0.0010738665,0.0,0.0010665216,0.0,0.0010665213,0.0,0.0010665212,0.0010531509,0.0,0.0,0.0010531609,0.0010373874,0.0010281892,0.0010390446,0.001113258,0.095966466,0.0010665454,0.0010665234,0.00106111,0.0010726459,0.0,0.0009965486,0.0,0.0010665227,0.001053151,0.005917419,0.0010665213,0.0010531509,0.0010460515,0.0010779174,0.0010665212,0.0010531507,0.0,0.0010665212,0.0010531507,0.001046051,0.0,0.0010665213,0.0010531509,0.0010460492,0.0010573545,0.001063669,0.0010757453,0.0010779122,0.0010665212,0.0010531507,0.0010460493,0.0010573545,0.001063669,0.0010757453,0.0010779569,0.0,0.0,0.0010373857,0.0010187185,0.0010738663,0.0010963093,0.0010779237,0.0020476114,0.0010531507,0.0010373857,0.0010281891,0.0010390446,0.0011132576,0.0,0.0010665213,0.0,0.0010373857,0.0010187185,0.0010738663,0.0010854806,0.0010779303,0.0,0.0010531507,0.0010373857,0.0010281891,0.0010390446,0.001113267,0.0,0.0010665212,0.0010531507,0.0010460493,0.0010573545,0.001063669,0.0010757478,0.0010779136,0.0010665212,0.0010531507,0.0010460493,0.0010573545,0.001063669,0.0010757452,0.0,0.0010665214,0.0010531509,0.0010460495,0.0010573545,0.001063669,0.0010757457,0.0,0.0,0.0010531507,0.0010373857,0.0010281891,0.0010390446,0.0011132574,0.0010779154,0.0010665212,0.0,0.0,0.0010665213,0.0010665212,0.0010611105,0.001077958,0.0,0.0010531506,0.0,0.0010665213,0.0010531507,0.0010738678,0.0010780825,0.0,0.0010665213,0.0010531509,0.0010460495,0.0,0.001066522,0.0,0.001066521,0.0,0.0010373857,0.0010187185,0.0010738663,0.0010854853,0.0010779194,0.0,0.0010531507,0.0010373857,0.0010281892,0.0010390452,0.0011133429,0.001077927,0.0,0.0,0.0010373857,0.0010187185,0.0010738663,0.0010963093,0.0,0.0010665213,0.0010531509,0.0010460493,0.0010573545,0.001063669,0.0010757453,0.0010779294,0.0010665212,0.0010531509,0.0,0.001066521,0.0010531507,0.0010460506,0.0010779176,0.0,0.0010531509,0.0010373859,0.0010281891,0.0010390446,0.0011132603,0.0010779169,0.0,0.0010531509,0.0010373857,0.0010281892,0.0010390448,0.0011132603,0.0,0.0010665212,0.0010665212,0.0010611101,0.0010726459,0.0,0.0009965863,0.0010779725,0.0,0.0010531509,0.0010373857,0.0010281891,0.0010390446,0.0011132574,0.0010779195,0.0,0.0016903765,0.0010373857,0.0010187185,0.0010738663,0.0010963122,0.0010780164,0.0010665222,0.0134764705,0.0010373868,0.0010187185,0.0010738665,0.0010854902,0.04168752,0.0010665212,0.0010531509,0.0010460492,0.0010573545,0.001063669,0.0010757452,0.0,0.001066521,0.0,0.0010373857,0.0010187185,0.0010738663,0.0010854806,0.0,0.0010665212,0.001053151,0.0010460495,0.0010573545,0.001063669,0.0010757454,0.0010779345,0.0010665212,0.0010531509,0.0010460493,0.0010573545,0.001063669,0.0010757458,0.24208829,0.010756991,0.018899584,0.0010373857,0.0010187185,0.0010738663,0.00109631,0.0010779117,0.0010665212,0.0,0.0010373857,0.0010187185,0.0010738663,0.001085482,0.0010779257,0.0010665212,0.0010531507,0.0010738663,0.0,0.0010373857,0.0010187186,0.0,0.0010665212,0.0010531507,0.0010460492,0.0010573545,0.001063669,0.0010757463,0.0,0.0010665212,0.0010531507,0.0010460492,0.0010573545,0.001063669,0.0010757457,0.17014852,0.0010665216,0.0010531509,0.0010460495,0.0010573545,0.001063669,0.0010757482,0.0010779275,0.0010665212,0.0010531507,0.0010460495,0.0010573545,0.001063669,0.0010757461,0.0,0.0,0.0010531507,0.0010373857,0.0010281891,0.0010390446,0.0011132581,0.0,0.0010665212,0.0010531507,0.0010460493,0.0010573545,0.001063669,0.0010757453,0.0010780833,0.001066522,0.0010531509,0.0010460494,0.0010573545,0.001063669,0.001075749
k__Bacteria|p__Firmicutes|c__Bacilli|o__Lactobacillales|f__Enterococcaceae|g__Enterococcus|s__Enterococcus_gallinarum,0.0,0.0010669148,0.00105337,0.001046004,0.0010568331,0.0010626821,0.001074428,0.0,0.0010669146,0.00105337,0.001046004,0.0010568331,0.0010626821,0.0010744279,0.0,0.0,0.0010533767,0.0010374237,0.0010279506,0.0010383193,0.0011130362,0.0010784994,0.0,0.00105337,0.0010374209,0.0010279502,0.0010383193,0.0011130361,0.0,0.0,0.00105337,0.0010374209,0.0010279502,0.0010383193,0.001113036,0.0010784698,0.0010669146,0.00105337,0.001046004,0.0010568331,0.0010626821,0.0010744277,0.0,0.0010669148,0.0010533701,0.001046004,0.0010568331,0.0010626821,0.001074429,0.0010784699,0.0010669146,0.00105337,0.001046004,0.0010568331,0.0010626821,0.0010744279,0.0,0.0010669149,0.0010533707,0.0010460042,0.0010568331,0.0010626821,0.0010744282,0.0,0.0010669146,0.00105337,0.001046004,0.0010568331,0.0010626821,0.0010744279,0.0,0.0010669146,0.0,0.0010374209,0.00101856,0.00107418,0.001085341,0.0,0.0010669146,0.00105337,0.001046004,0.0010568331,0.0010626821,0.0010744281,0.0,0.0,0.0,0.0010374209,0.00101856,0.00107418,0.0010963443,0.0010784789,0.0010669146,0.001869831,0.0010374209,0.00101856,0.00107418,0.001085345,0.0010785409,0.0,0.0,0.001037421,0.00101856,0.00107418,0.0010963444,0.0010784956,0.0,0.00105337,0.0019209516,0.0010669146,0.00105337,0.0010741799,0.0010784727,0.0,0.0,0.0010374209,0.00101856,0.00107418,0.0010963436,0.0,0.0010669153,0.0,0.0010374209,0.00101856,0.00107418,0.00108534,0.0,0.0,0.0010533701,0.0010669151,0.0,0.0010374209,0.0010669149,0.0010784831,0.0010669148,0.0,0.0010374208,0.00101856,0.00107418,0.0010853398,0.0,0.0,0.0010533701,0.0010374209,0.0010279502,0.0010383193,0.0011130364,0.0,0.0,0.00105337,0.0,0.0010669146,0.00105337,0.0010741799,0.0,0.0010669153,0.0,0.0010669148,0.0,0.0010669146,0.0010533701,0.0,0.0,0.0010533723,0.0010374219,0.0010279503,0.0010383193,0.0011130358,0.0,0.0010669334,0.0010669165,0.001061249,0.0010723199,0.0,0.0009961852,0.0,0.0010669156,0.0010533702,0.0,0.0010669148,0.0010533701,0.0010460065,0.0010784739,0.0010669146,0.00105337,0.0,0.0010669146,0.00105337,0.0010460053,0.0,0.001066915,0.0010533701,0.001046004,0.0010568331,0.0010626821,0.0010744277,0.0010784698,0.0010669146,0.00105337,0.001046004,0.0010568331,0.0010626821,0.0010744279,0.0010784939,0.0,0.0,0.0010374209,0.00101856,0.00107418,0.0010963433,0.0010784747,0.0,0.00105337,0.0010374209,0.0010279502,0.0010383193,0.001113036,0.0,0.0010669148,0.0,0.0010374209,0.00101856,0.00107418,0.0010853397,0.0010784843,0.0,0.00105337,0.0010374209,0.0010279502,0.0010383193,0.0011130425,0.0,0.0010669146,0.00105337,0.001046004,0.0010568331,0.0010626821,0.0010744293,0.0010784706,0.0010669146,0.00105337,0.001046004,0.0010568331,0.0010626821,0.0010744277,0.0,0.001066915,0.0010533701,0.001046004,0.0010568331,0.0010626821,0.001074428,0.0,0.0,0.00105337,0.0010374209,0.0010279502,0.0010383193,0.0011130361,0.0010784721,0.0010669146,0.003738072,0.0025243005,0.0010669149,0.0010669146,0.0010612491,0.0010785003,0.0,0.0010533702,0.0,0.0010669148,0.00105337,0.0010741843,0.0010785881,0.0,0.0010669146,0.0010533701,0.001046004,0.0,0.0010669151,0.0,0.0010669146,0.0,0.0010374209,0.00101856,0.00107418,0.001085346,0.001078474,0.0,0.00105337,0.0010374209,0.0010279503,0.0010383195,0.0011130817,0.0010784777,0.0,0.0,0.0010374209,0.00101856,0.00107418,0.0010963433,0.021033658,0.0010669148,0.0010533701,0.001046004,0.0010568331,0.0010626821,0.0010744279,0.0010784891,0.0010669146,0.0010533701,0.0,0.0010669148,0.00105337,0.0010460049,0.0010784721,0.0023688877,0.0010533701,0.001037421,0.0010279502,0.0010383193,0.0011130369,0.0010784726,0.0,0.0010533701,0.0010374209,0.0010279503,0.0010383194,0.0011130373,0.0,0.0010669146,0.001066915,0.0010612492,0.0010723198,0.0,0.000996208,0.0010785024,0.0,0.0010533701,0.0010374209,0.0010279502,0.0010383193,0.001113036,0.0010784741,0.0010856,0.0037327178,0.0010374209,0.00101856,0.00107418,0.001096344,0.0010785306,0.0010669155,0.0,0.0010374215,0.0010185601,0.00107418,0.001085345,0.0,0.0010669149,0.0010533701,0.001046004,0.0010568331,0.0010626821,0.0010744277,0.0,0.001066915,0.0,0.0010374209,0.00101856,0.00107418,0.0010853397,0.0,0.0010669149,0.0010533701,0.001046004,0.0010568331,0.0010626821,0.0010744279,0.0010784838,0.0010669148,0.0010533701,0.0010460042,0.0010568331,0.0010626821,0.0010744283,0.0,0.0,0.0,0.0010374209,0.00101856,0.00107418,0.0010963439,0.0010784696,0.0010669146,0.0,0.0010374209,0.00101856,0.00107418,0.0010853406,0.0010784774,0.0010669149,0.00105337,0.00107418,0.0059271175,0.0010374209,0.0010185601,0.0017817728,0.0010669146,0.00105337,0.001046004,0.0010568331,0.0010626821,0.0010744286,0.0,0.0010669146,0.00105337,0.001046004,0.0010568331,0.0010626821,0.001074428,0.0,0.0010669151,0.0010533701,0.001046004,0.0010568331,0.0010626821,0.0010744295,0.0010784783,0.0010669146,0.00105337,0.001046004,0.0010568331,0.0010626821,0.0010744284,0.0,0.0,0.00105337,0.0010374209,0.0010279502,0.0010383193,0.0011130364,0.0,0.0010669146,0.00105337,0.001046004,0.0010568331,0.0010626821,0.0010744279,0.0010786353,0.0010669153,0.0010533701,0.0010460041,0.0010568331,0.0010626821,0.0010744295
k__Bacteria|p__Firmicutes|c__Clostridia|o__Eubacteriales|f__Clostridiaceae|g__Clostridium|s__Clostridium_sp_AT4,0.0,0.0010595525,0.0010457783,0.0010382325,0.0010489929,0.0010547311,0.0010665052,0.0,0.0010595527,0.0010457783,0.0010382325,0.0010489929,0.0010547311,0.0010665052,0.0,0.0,0.0010457928,0.0010296091,0.0010199429,0.0010302105,0.0011062569,0.0010713479,0.0,0.0010457783,0.0010295992,0.0010199421,0.0010302105,0.0011062566,0.0,0.0,0.0010457783,0.0010295992,0.0010199421,0.0010302105,0.0011062566,0.0010713331,0.0010595525,0.0010457783,0.0010382325,0.0010489929,0.0010547311,0.0010665053,0.0,0.0010595532,0.0010457784,0.0010382325,0.0010489929,0.0010547311,0.0010665051,0.0010713332,0.0010595525,0.0010457783,0.0010382325,0.0010489929,0.0010547311,0.0010665051,0.0,0.0010595527,0.0010457787,0.0010382326,0.0010489929,0.0010547311,0.0010665058,0.0,0.0010595527,0.0010457783,0.0010382325,0.0010489929,0.0010547311,0.0010665052,0.0,0.0010595527,0.0,0.0010295992,0.0010105136,0.0010668857,0.0010780409,0.0,0.0010595525,0.0010457783,0.0010382325,0.0010489929,0.0010547311,0.0010665054,0.0,0.0,0.0,0.0010295992,0.0010105136,0.0010668857,0.0010893077,0.0010713362,0.0010595527,0.0,0.0010295992,0.0010105136,0.0010668857,0.0010780442,0.0010713751,0.0,0.0,0.0010295993,0.0010105136,0.0010668857,0.001089307,0.0010713467,0.0,0.0010457783,0.0,0.0010595525,0.0010457783,0.0010668855,0.0010713348,0.0,0.0,0.0010295992,0.0010105136,0.0010668857,0.0010893064,0.0,0.0010595538,0.0,0.0010295992,0.0010105136,0.0010668857,0.0010780402,0.0,0.0,0.0010457791,0.0010595537,0.0,0.0010295992,0.0010595524,0.0010713516,0.0010595527,0.0,0.0010295991,0.0010105136,0.0010668857,0.0010780405,0.0,0.0,0.0010457785,0.0010295992,0.0010199421,0.0010302105,0.001106257,0.0,0.0,0.0010457783,0.0,0.0010595525,0.0010457783,0.0010668857,0.0,0.0010595558,0.0,0.0010595527,0.0,0.0010595525,0.0010457784,0.0,0.0,0.0010457959,0.0010296021,0.0010199422,0.0010302105,0.001106257,0.0,0.0010595928,0.0010595565,0.0010537175,0.0010647513,0.0,0.0009879253,0.0,0.0010595545,0.001045779,0.0,0.0010595528,0.0010457784,0.0010382342,0.0010713361,0.0010595525,0.0010457783,0.0,0.0010595525,0.0010457783,0.0010382332,0.0,0.0010595528,0.0010457784,0.0010382325,0.0010489929,0.0010547311,0.0010665051,0.0010713327,0.0010595525,0.0010457783,0.0010382325,0.0010489929,0.0010547311,0.0010665052,0.0010713489,0.0,0.0,0.0010295992,0.0010105136,0.0010668857,0.0010893064,0.0010713376,0.0,0.0010457783,0.0010295992,0.0010199421,0.0010302105,0.0011062566,0.0,0.0010595527,0.0,0.0010295992,0.0010105136,0.0010668857,0.0010780403,0.0010713396,0.0,0.0010457783,0.0010295992,0.0010199421,0.0010302105,0.0011062596,0.0,0.0010595525,0.0010457783,0.0010382325,0.0010489929,0.0010547311,0.0010665059,0.0010713331,0.0010595525,0.0010457783,0.0010382325,0.0010489929,0.0010547311,0.0010665053,0.0,0.0010595531,0.0010457784,0.0010382325,0.0010489929,0.0010547311,0.0010665052,0.0,0.0,0.0010457783,0.0010295992,0.0010199421,0.0010302105,0.0011062567,0.0010713334,0.0010595525,0.0,0.0,0.0010595527,0.0010595527,0.0010537172,0.0010713479,0.0,0.0010457784,0.0,0.0010595527,0.0010457783,0.0010668872,0.0010713978,0.0,0.0010595527,0.0010457784,0.0010382325,0.0,0.0010595529,0.0,0.0010595524,0.0,0.0010295992,0.0010105136,0.0010668855,0.0010780408,0.0010713359,0.0,0.0010457783,0.0010295992,0.0010199422,0.0010302109,0.0011062897,0.0010713424,0.0,0.0,0.0010295992,0.0010105136,0.0010668857,0.0010893063,0.0113441795,0.0010595527,0.0010457784,0.0010382325,0.0010489929,0.0010547311,0.0010665052,0.001071324,0.0010595525,0.0010457784,0.0,0.0010595525,0.0010457783,0.0010382332,0.0010713342,0.0,0.0010457784,0.0010295992,0.0010199421,0.0010302105,0.0011062571,0.0010713348,0.0,0.0010457784,0.0010295992,0.0010199422,0.0010302106,0.001106257,0.0,0.0010595525,0.0010595528,0.0010537171,0.0010647513,0.0,0.0009879551,0.0010713547,0.0,0.0010457784,0.0010295992,0.0010199421,0.0010302105,0.0011062566,0.0010713355,0.0,0.0,0.0010295992,0.0010105136,0.0010668857,0.0010893071,0.0010713659,0.0010595532,0.0,0.0010296,0.0010105137,0.0010668857,0.0010780441,0.0,0.0010595527,0.0010457784,0.0010382325,0.0010489929,0.0010547311,0.0010665051,0.0,0.0010595535,0.0,0.0010295992,0.0010105136,0.0010668857,0.0010780403,0.0,0.0010595527,0.0010457785,0.0010382325,0.0010489929,0.0010547311,0.0010665052,0.00107134,0.0010595525,0.0010457784,0.0010382326,0.0010489929,0.0010547311,0.0010665053,0.0,0.0,0.0,0.0010295992,0.0010105136,0.0010668857,0.0010893064,0.0010713328,0.0010595525,0.0,0.0010295992,0.0010105136,0.0010668857,0.0010780405,0.001071339,0.0010595527,0.0010457783,0.0010668857,0.0,0.0010295992,0.0010105137,0.0,0.0010595525,0.0010457783,0.0010382325,0.0010489929,0.0010547311,0.0010665053,0.0,0.0010595525,0.0010457783,0.0010382325,0.0010489929,0.0010547311,0.0010665052,0.0,0.0010595531,0.0010457784,0.0010382325,0.0010489929,0.0010547311,0.0010665058,0.0010713394,0.0010595525,0.0010457783,0.0010382325,0.0010489929,0.0010547311,0.0010665054,0.0,0.0,0.0010457783,0.0010295992,0.0010199421,0.0010302105,0.0011062567,0.0,0.0010595525,0.0010457783,0.0010382325,0.0010489929,0.0010547311,0.0010665052,0.0010714385,0.0010595539,0.0010457784,0.0010382325,0.0010489929,0.0010547311,0.0010665063
k__Bacteria|p__Firmicutes|c__Negativicutes|o__Veillonellales|f__Veillonellaceae|g__Negativicoccus|s__Negativicoccus_succinicivorans,0.0,0.0010674669,0.0010539267,0.0010465556,0.0010573566,0.0010631813,0.0010749024,0.0,0.001067467,0.0010539267,0.0010465556,0.0010573566,0.0010631813,0.0010749025,0.0,0.0,0.0010539324,0.0010379851,0.0010285054,0.0010388477,0.0011135044,0.0010790447,0.0,0.0010539267,0.0010379814,0.0010285053,0.0010388477,0.0011135039,0.0,0.0,0.0010539267,0.0010379814,0.0010285053,0.0010388477,0.0011135039,0.0010790173,0.0010674669,0.0010539267,0.0010465556,0.0010573566,0.0010631813,0.001074902,0.0,0.0010674674,0.0010539268,0.0010465556,0.0010573566,0.0010631813,0.0010749032,0.0010790173,0.0010674669,0.0010539267,0.0010465556,0.0010573566,0.0010631813,0.0010749024,0.0,0.001067467,0.0010539273,0.0010465557,0.0010573566,0.0010631813,0.0010749025,0.0,0.001067467,0.0010539267,0.0010465556,0.0010573566,0.0010631813,0.0010749021,0.0,0.001067467,0.0,0.0010379814,0.0010191237,0.0010747218,0.0010858522,0.0,0.0010674669,0.0010539267,0.0010465556,0.0010573566,0.0010631813,0.0010749026,0.0,0.0,0.0,0.0010379814,0.0010191237,0.001074722,0.0010968484,0.0010790256,0.001067467,0.0,0.0010379814,0.0010191237,0.0010747218,0.0010858554,0.0010790713,0.0,0.0,0.0010379815,0.0010191237,0.0010747218,0.0010968485,0.0010790367,0.0,0.0010539267,0.0,0.0010674669,0.0010539267,0.001074722,0.0010790193,0.0,0.0,0.0010379814,0.0010191237,0.0010747218,0.0010968477,0.0,0.0010674677,0.0,0.0010379814,0.0010191237,0.0010747218,0.0010858511,0.0027153129,0.0,0.0010539273,0.0010674675,0.0,0.0010379814,0.0010674673,0.0010790289,0.001067467,0.0,0.0010379815,0.0010191237,0.0010747218,0.0010858508,0.0,0.0,0.0010539268,0.0010379814,0.0010285053,0.0010388477,0.0011135043,0.0,0.0,0.0010539267,0.0,0.0010674669,0.0010539267,0.0010747219,0.0,0.001067468,0.0,0.001067467,0.0,0.0010674669,0.0010539268,0.0,0.0,0.0010539305,0.001037982,0.0010285053,0.0010388477,0.0011135043,0.0,0.0010674773,0.0010674681,0.001061796,0.0010728373,0.0,0.0009967516,0.0,0.0010674681,0.0010539271,0.0,0.0010674672,0.0010539269,0.0010465578,0.0010790214,0.0010674669,0.0010539267,0.0,0.0010674669,0.0010539267,0.0010465563,0.0,0.0010674672,0.0010539268,0.0010465556,0.0010573566,0.0010631813,0.0010749024,0.0010790173,0.0010674669,0.0010539267,0.0010465556,0.0010573566,0.0010631813,0.0010749021,0.0010790402,0.0044501065,0.0063252333,0.0010379814,0.0010191237,0.0010747218,0.0010968476,0.0010790197,0.0,0.0010539267,0.0010379814,0.0010285053,0.0010388477,0.0011135042,0.0,0.001067467,0.0,0.0010379814,0.0010191237,0.0010747218,0.0010858506,0.0010790306,0.0,0.0010539267,0.0010379814,0.0010285053,0.001038848,0.0011135091,0.0,0.0010674669,0.0010539267,0.0010465556,0.0010573566,0.0010631813,0.0010749036,0.0010790179,0.0010674669,0.0010539267,0.0010465556,0.0010573566,0.0010631813,0.001074902,0.0,0.0010674673,0.0010539269,0.0010465556,0.0010573566,0.0010631813,0.0010749024,0.0,0.0,0.0010539267,0.0010379814,0.0010285053,0.0010388477,0.0011135039,0.0010790193,0.0010674669,0.0,0.0,0.001067467,0.001067467,0.0010617963,0.0010790458,0.0,0.0010539269,0.0,0.001067467,0.0010539267,0.0010747255,0.0010791047,0.0024309752,0.001067467,0.0010539269,0.0010465556,0.0011995753,0.0010674675,0.0,0.0010674668,0.000925963,0.0010379814,0.0010191237,0.001074722,0.0010858566,0.0010790215,0.0,0.0010539267,0.0010379814,0.0010285053,0.0010388482,0.0011135361,0.001079027,0.0,0.0,0.0010379814,0.0010191237,0.0010747218,0.0010968477,0.0,0.001067467,0.0010539268,0.0010465556,0.0010573566,0.0010631813,0.0010749025,0.0010790379,0.0010674669,0.0010539269,0.0,0.0010674669,0.0010539267,0.0010465563,0.001079019,0.001921418,0.001053927,0.0010379816,0.0010285053,0.001038848,0.0011135055,0.0010790199,0.0,0.0010539268,0.0010379812,0.0010285053,0.0010388481,0.0011135057,0.0,0.0010674669,0.0010674672,0.0010617959,0.0010728372,0.0,0.0009967821,0.0010790442,0.004006588,0.0010539269,0.0010379814,0.0010285053,0.0010388477,0.0011135039,0.001079021,0.0,0.0,0.0010379814,0.0010191237,0.001074722,0.0010968483,0.0010790669,0.0010674673,0.0,0.001037982,0.0010191238,0.0010747219,0.0010858565,0.0,0.001067467,0.0010539269,0.0010465556,0.0010573566,0.0010631813,0.001074902,0.0,0.0010674675,0.0,0.0010379814,0.0010191237,0.0010747218,0.0010858506,0.0,0.001067467,0.0010539268,0.0010465556,0.0010573566,0.0010631813,0.0010749022,0.0010790281,0.0010674669,0.0010539267,0.0010465557,0.0010573566,0.0010631813,0.0010749026,0.0,0.0,0.0,0.0010379814,0.0010191237,0.0010747218,0.0010968479,0.0010790172,0.0010674669,0.0013778866,0.0010379814,0.0010191237,0.0010747218,0.0010858515,0.0010790264,0.001067467,0.0010539267,0.0010747218,0.0,0.0010379814,0.0010191238,0.0,0.0010674669,0.0010539267,0.0010465556,0.0010573566,0.0010631813,0.0010749031,0.0,0.0010674669,0.0010539267,0.0010465556,0.0010573566,0.0010631813,0.0010749022,0.0,0.0010674672,0.0010539269,0.0010465556,0.0010573566,0.0010631813,0.0010749038,0.001079023,0.0010674669,0.0010539267,0.0010465556,0.0010573566,0.0010631813,0.0010749026,0.0,0.0,0.0010539267,0.0010379814,0.0010285053,0.0010388477,0.0011135043,0.014727273,0.0010674669,0.0010539267,0.0010465556,0.0010573566,0.0010631813,0.0010749024,0.001079176,0.0010674677,0.0010539267,0.0010465556,0.0010573566,0.0010631813,0.0010749042
k__Bacteria|p__Firmicutes|c__Bacilli|o__Lactobacillales|f__Lactobacillaceae|g__Lactobacillus|s__Lactobacillus_gasseri,0.0034113543,0.0010776103,0.001064498,0.0010575355,0.0010687073,0.0010749571,0.0010868262,0.0,0.0010776107,0.001064498,0.0010575355,0.0010687073,0.0010749571,0.0010868262,0.0,0.0,0.0010645033,0.0010489905,0.0010399353,0.0010507002,0.0011231699,0.0010887631,0.0,0.001064498,0.0010489871,0.0010399349,0.0010507002,0.0011231701,0.0,0.0,0.001064498,0.0010489871,0.0010399349,0.0010507002,0.0011231701,0.0010887451,0.0010776105,0.001064498,0.0010575355,0.0010687073,0.0010749571,0.0010868262,0.0,0.0010776103,0.0010644977,0.0010575355,0.0010687073,0.0010749571,0.0010868267,0.0010887454,0.0010776105,0.001064498,0.0010575355,0.0010687073,0.0010749571,0.0010868263,0.0,0.0010776104,0.0010644981,0.0010575355,0.0010687073,0.0010749571,0.0010868266,0.0,0.0010776107,0.001064498,0.0010575355,0.0010687073,0.0010749571,0.0010868262,0.0,0.0010776103,0.0,0.0010489871,0.001030563,0.0010848142,0.0010962107,0.0012885615,0.0010776105,0.001064498,0.0010575355,0.0010687073,0.0010749571,0.0010868264,0.23409562,0.1754559,0.0027202808,0.0010489871,0.001030563,0.0010848142,0.0011067338,0.0010887499,0.0010776103,0.0,0.0010489871,0.001030563,0.0010848142,0.0010962129,0.0010887895,0.0,0.0,0.0010489874,0.001030563,0.0010848142,0.0011067338,0.0010887603,0.008385213,0.001064498,0.0,0.0010776105,0.001064498,0.0010848143,0.0010887465,0.0,0.0014314796,0.0010489871,0.001030563,0.0010848142,0.0011067336,0.0,0.0010776108,0.0,0.0010489871,0.001030563,0.0010848142,0.0010962106,0.004817742,0.0042217723,0.0010644975,0.0010776105,0.0,0.0010489871,0.0010776103,0.0010887547,0.0010776104,0.0,0.0010489871,0.001030563,0.0010848142,0.0010962108,0.0,0.0,0.0010644981,0.0010489871,0.0010399349,0.0010507002,0.0011231699,0.0,0.0026976415,0.001064498,0.0017080354,0.0010776105,0.001064498,0.0010848142,0.0,0.0010776109,0.0052177613,0.0010776104,0.0038472733,0.0010776105,0.0010644981,0.0036423479,0.025261419,0.001064501,0.0010489883,0.001039935,0.0010507002,0.0011231696,0.0,0.0010776288,0.001077612,0.0010723276,0.0010836874,0.0,0.0010086063,0.0,0.0010776109,0.0010644981,0.0,0.0010776104,0.001064498,0.0010575366,0.0010887475,0.0010776105,0.001064498,0.0,0.0010776105,0.001064498,0.0010575361,0.0,0.0010776105,0.0010644981,0.0010575355,0.0010687073,0.0010749571,0.0010868262,0.0010887452,0.0010776105,0.001064498,0.0010575355,0.0010687073,0.0010749571,0.0010868262,0.0010887563,0.0,0.0,0.0010489871,0.001030563,0.0010848142,0.0011067338,0.0010887483,0.0,0.001064498,0.0010489871,0.0010399349,0.0010507002,0.0011231698,0.0,0.0010776104,0.0,0.0010489871,0.001030563,0.0010848142,0.0010962107,0.0010887544,0.0,0.001064498,0.0010489871,0.0010399349,0.0010507002,0.0011231713,0.0,0.0010776105,0.001064498,0.0010575355,0.0010687073,0.0010749571,0.0010868268,0.0010887458,0.0010776105,0.001064498,0.0010575355,0.0010687073,0.0010749571,0.0010868262,0.0,0.0010776105,0.001064498,0.0010575355,0.0010687073,0.0010749571,0.0010868262,0.0,0.0,0.001064498,0.0010489871,0.0010399349,0.0010507002,0.0011231699,0.0010887467,0.0010776105,0.0,0.0,0.0010776104,0.0010776107,0.0010723275,0.0010887631,0.0014375633,0.001064498,0.0016793732,0.0010776104,0.001064498,0.0010848152,0.0010888213,0.0,0.0010776103,0.001064498,0.0010575355,0.0,0.0010776103,0.0,0.0010776102,0.002547692,0.0010489871,0.001030563,0.0010848142,0.0010962132,0.001088747,0.0037287907,0.001064498,0.0010489871,0.001039935,0.0010507005,0.0011231829,0.0010887492,0.0,0.0,0.0010489871,0.001030563,0.0010848142,0.0011067338,0.0,0.0010776104,0.0010644981,0.0010575355,0.0010687073,0.0010749571,0.0010868262,0.0010887604,0.0010776102,0.001064498,0.0,0.0010776104,0.001064498,0.0010575358,0.0010887465,0.0,0.001064498,0.0010489874,0.0010399349,0.0010507002,0.0011231698,0.0010887467,0.0,0.0010644981,0.0010489871,0.001039935,0.0010507003,0.0011231699,0.04865566,0.0010776102,0.0010776104,0.0010723275,0.0010836874,0.0,0.0010086237,0.0010887649,0.0,0.001064498,0.0010489871,0.0010399349,0.0010507002,0.0011231701,0.0010887478,0.0012501631,0.0,0.0010489871,0.001030563,0.0010848142,0.0011067337,0.0010887802,0.0010776107,0.0,0.0010489878,0.0010305633,0.0010848143,0.0010962117,0.0,0.0010776105,0.001064498,0.0010575355,0.0010687073,0.0010749571,0.0010868262,0.0,0.0010776105,0.0,0.0010489871,0.001030563,0.0010848142,0.0010962107,0.0,0.0010776104,0.0010644979,0.0010575355,0.0010687073,0.0010749571,0.0010868263,0.001088752,0.0010776102,0.0010644981,0.0010575356,0.0010687073,0.0010749571,0.0010868263,0.014870899,0.0,0.0,0.0010489871,0.001030563,0.0010848142,0.0011067338,0.001088745,0.0010776105,0.0,0.0010489871,0.001030563,0.0010848142,0.0010962109,0.0010887492,0.0010776104,0.001064498,0.0010848142,0.0,0.0010489871,0.0010305633,0.0,0.0010776105,0.001064498,0.0010575355,0.0010687073,0.0010749571,0.0010868264,0.0,0.0010776105,0.001064498,0.0010575355,0.0010687073,0.0010749571,0.0010868263,0.0,0.0010776105,0.001064498,0.0010575355,0.0010687073,0.0010749571,0.001086827,0.0010887497,0.0010776102,0.001064498,0.0010575355,0.0010687073,0.0010749571,0.0010868266,0.0,0.0,0.001064498,0.0010489871,0.0010399349,0.0010507002,0.0011231701,0.0,0.0010776105,0.001064498,0.0010575355,0.0010687073,0.0010749571,0.0010868262,0.0010888769,0.0010776109,0.0010644977,0.0010575355,0.0010687073,0.0010749571,0.0010868271
k__Bacteria|p__Firmicutes|c__Tissierellia|o__Tissierellales|f__Peptoniphilaceae|g__Anaerococcus|s__Anaerococcus_obesiensis,0.0,0.0010657407,0.0010520614,0.0010445227,0.0010550894,0.0010606735,0.0010722517,0.0,0.0010657408,0.0010520614,0.0010445227,0.0010550894,0.0010606735,0.0010722516,0.0,0.0,0.001052074,0.0010359806,0.0010263236,0.0010364179,0.0011116497,0.0010774713,0.0,0.0010520614,0.0010359723,0.0010263227,0.0010364179,0.0011116493,0.0,0.0,0.0010520614,0.0010359723,0.0010263227,0.0010364179,0.001111649,0.0010774247,0.0010657407,0.0010520614,0.0010445227,0.0010550894,0.0010606735,0.0010722517,0.0,0.001065741,0.0010520614,0.0010445227,0.0010550894,0.0010606735,0.0010722522,0.0010774249,0.0010657407,0.0010520614,0.0010445227,0.0010550894,0.0010606735,0.0010722517,0.0,0.0010657408,0.0010520618,0.0010445229,0.0010550894,0.0010606735,0.0010722525,0.0,0.0010657408,0.0010520614,0.0010445227,0.0010550894,0.0010606735,0.0010722517,0.0,0.0010657408,0.0,0.0010359723,0.0010169678,0.0010729767,0.0010838993,0.0,0.0010657407,0.0010520614,0.0010445227,0.0010550894,0.0010606735,0.0010722523,0.0,0.0,0.0,0.0010359723,0.0010169678,0.0010729767,0.0010950444,0.0010774388,0.0010657408,0.0,0.0010359723,0.0010169678,0.0010729767,0.0010839063,0.0010775311,0.0,0.0,0.0010359724,0.0010169678,0.0010729767,0.001095044,0.0010774594,0.0,0.0010520614,0.0,0.0010657407,0.0010520614,0.001072977,0.0010774297,0.0,0.0,0.0010359723,0.0010169678,0.0010729767,0.0010950423,0.0,0.0010657422,0.0,0.0010359723,0.0010169678,0.0010729767,0.0010838977,0.0,0.0,0.0010520619,0.0010657419,0.0,0.0010359723,0.0010657408,0.001077456,0.0010657408,0.0,0.0010359723,0.0010169678,0.0010729767,0.0010838974,0.0,0.0,0.0010520616,0.0010359723,0.0010263227,0.0010364179,0.0011116497,0.0,0.0,0.0010520614,0.0011603711,0.0010657407,0.0010520614,0.0010729769,0.0,0.0010657444,0.0,0.0010657408,0.0,0.0010657407,0.0010520614,0.0,0.0,0.0010520763,0.0010359752,0.0010263227,0.0010364179,0.0011116498,0.0,0.001065781,0.0010657448,0.0010599098,0.0010707296,0.0,0.000994451,0.0,0.0010657432,0.001052062,0.0,0.001065741,0.0010520614,0.0010445251,0.0010774325,0.0010657407,0.0010520614,0.0,0.0010657407,0.0010520614,0.0010445241,0.0,0.001065741,0.0010520614,0.0010445227,0.0010550894,0.0010606735,0.0010722517,0.0010774246,0.0010657407,0.0010520614,0.0010445227,0.0010550894,0.0010606735,0.0010722517,0.0010774633,0.0,0.0,0.0010359723,0.0010169678,0.0010729767,0.001095042,0.0010774329,0.0,0.0010520614,0.0010359723,0.0010263227,0.0010364179,0.0011116494,0.0,0.0010657408,0.0,0.0010359723,0.0010169678,0.0010729767,0.0010838973,0.0010774483,0.0,0.0010520614,0.0010359723,0.0010263227,0.0010364179,0.0011116582,0.0,0.0010657407,0.0010520614,0.0010445227,0.0010550894,0.0010606735,0.0010722534,0.0010774259,0.0010657407,0.0010520614,0.0010445227,0.0010550894,0.0010606735,0.0010722517,0.0,0.0010657413,0.0010520614,0.0010445227,0.0010550894,0.0010606735,0.0010722517,0.0,0.0,0.0010520614,0.0010359723,0.0010263227,0.0010364179,0.0011116493,0.0010774289,0.0010657407,0.0,0.0,0.0010657408,0.0010657408,0.00105991,0.0010774785,0.0021439488,0.0010520616,0.0,0.0010657408,0.0010520614,0.0010729792,0.0010775841,0.0,0.0010657408,0.0010520614,0.0010445227,0.0,0.0010657416,0.0,0.0010657406,0.0,0.0010359723,0.0010169678,0.0010729766,0.0010839037,0.0010774323,0.0,0.0010520614,0.0010359723,0.0010263227,0.0010364184,0.0011117171,0.0010774437,0.0,0.0,0.0010359723,0.0010169678,0.0010729767,0.0010950419,0.0,0.0010657408,0.0010520614,0.0010445227,0.0010550894,0.0010606735,0.0010722516,0.0010774587,0.0010657408,0.0010520614,0.0,0.0010657407,0.0010520614,0.0010445238,0.0010774289,0.0,0.0010520614,0.0010359724,0.0010263227,0.0010364179,0.0011116513,0.0010774302,0.0048482204,0.0010520614,0.0010359723,0.001026323,0.001036418,0.0011116514,0.0,0.0010657408,0.001065741,0.0010599094,0.0010707296,0.0,0.0009944895,0.0010774796,0.0,0.0010520614,0.0010359723,0.0010263227,0.0010364179,0.001111649,0.0010774328,0.0,0.0,0.0010359723,0.0010169678,0.0010729767,0.0010950437,0.0010775145,0.0010657416,0.0,0.0010359734,0.0010169679,0.0010729767,0.0010839056,0.0,0.0010657408,0.0010520614,0.0010445227,0.0010550894,0.0010606735,0.0010722517,0.0,0.0010657415,0.0,0.0010359723,0.0010169678,0.0010729767,0.0010838973,0.0,0.0010657408,0.0010520616,0.0010445227,0.0010550894,0.0010606735,0.0010722518,0.0010774449,0.0010657407,0.0010520613,0.001044523,0.0010550894,0.0010606735,0.0010722522,0.0,0.0,0.0,0.0010359723,0.0010169678,0.0010729767,0.0010950426,0.0010774242,0.0010657407,0.0070891483,0.0010359723,0.0010169678,0.0010729767,0.0010838982,0.0010774416,0.0010657408,0.0010520614,0.0010729767,0.0035825064,0.0010359723,0.0010169679,0.0,0.0010657407,0.0010520614,0.0010445227,0.0010550894,0.0010606735,0.0010722526,0.0,0.0010657407,0.0010520614,0.0010445227,0.0010550894,0.0010606735,0.001072252,0.0,0.0010657413,0.0010520614,0.0010445227,0.0010550894,0.0010606735,0.0010722538,0.0010774379,0.0010657407,0.0010520614,0.0010445227,0.0010550894,0.0010606735,0.0010722522,0.0,0.0,0.0010520614,0.0010359723,0.0010263227,0.0010364179,0.0011116494,0.0,0.0010657407,0.0010520614,0.0010445227,0.0010550894,0.0010606735,0.0010722517,0.0010776764,0.0010657423,0.0010520613,0.0010445229,0.0010550894,0.0010606735,0.0010722543
k__Bacteria|p__Firmicutes|c__Clostridia|o__Eubacteriales|f__Lachnospiraceae|g__Lachnospiraceae_unclassified|s__Eubacterium_rectale,0.0,0.001065051,0.0010514304,0.0010439932,0.0010547597,0.0010605365,0.0010722587,0.0,0.0010650513,0.0010514304,0.0010439932,0.0010547597,0.0010605365,0.0010722586,0.0,0.0,0.001051448,0.0010354168,0.0010258604,0.0010361571,0.001111266,0.0010767202,0.0,0.0010514304,0.0010354043,0.0010258598,0.0010361571,0.0011112655,0.0,0.0,0.0010514304,0.0010354043,0.0010258595,0.0010361571,0.0011112654,0.0010766801,0.0010650512,0.0010514304,0.0010439932,0.0010547597,0.0010605365,0.0010722585,0.0,0.001065052,0.0010514306,0.0010439932,0.0010547597,0.0010605365,0.001072259,0.0010766803,0.0010650512,0.0010514304,0.0010439932,0.0010547597,0.0010605365,0.0010722586,0.0,0.0010650513,0.001051431,0.0010439934,0.0010547597,0.0010605365,0.0010722592,0.0,0.0010650513,0.0010514304,0.0010439932,0.0010547597,0.0010605365,0.0010722586,0.0,0.0010650513,0.0,0.0010354043,0.0010164676,0.0010723263,0.0010834436,0.0,0.0010650512,0.0010514304,0.0010439932,0.0010547597,0.0010605365,0.0010722588,0.0,0.0,0.0,0.0010354043,0.0010164676,0.0010723263,0.0010945318,0.0010766912,0.0010650513,0.0,0.0010354043,0.0010164676,0.0010723263,0.0010834496,0.0010767668,0.0,0.0,0.0010354046,0.0010164676,0.0010723263,0.0010945313,0.0010767088,0.0,0.0010514304,0.0,0.0010650512,0.0010514304,0.0010723263,0.001076684,0.0,0.0,0.0010354043,0.001016467,0.0010723263,0.0010945302,0.0,0.0010650528,0.0,0.0010354043,0.0010164676,0.0010723263,0.0010834425,0.0,0.0,0.0010514318,0.0010650525,0.0,0.0010354043,0.0010650513,0.0010767104,0.0010650513,0.0,0.0010354043,0.0010164676,0.0010723263,0.0010834424,0.0,0.0,0.0010514306,0.0010354043,0.0010258595,0.0010361571,0.001111266,0.0,0.0,0.0010514304,0.0,0.0010650512,0.0010514304,0.0010723263,0.0,0.0010650556,0.0,0.0010650513,0.0,0.0010650512,0.0010514305,0.0,0.0,0.0010514527,0.001035408,0.0010258598,0.0010361571,0.0011112661,0.0,0.0010650994,0.0010650561,0.001059318,0.0010703353,0.0,0.0009940214,0.0,0.0010650541,0.0010514316,0.0,0.0010650514,0.0010514306,0.0010439955,0.0010766878,0.0010650512,0.0010514304,0.0,0.0010650512,0.0010514304,0.0010439941,0.0,0.0010650512,0.0010514305,0.0010439932,0.0010547597,0.0010605365,0.0010722586,0.0010766801,0.0010650512,0.0010514304,0.0010439932,0.0010547597,0.0010605365,0.0010722586,0.0010767134,0.0,0.0,0.0010354043,0.001016467,0.0010723263,0.0010945301,0.0010766871,0.0,0.0010514304,0.0010354043,0.0010258595,0.0010361571,0.0011112657,0.0,0.0010650513,0.0,0.0010354043,0.001016467,0.0010723263,0.0010834424,0.0010766995,0.0,0.0010514304,0.0010354043,0.0010258598,0.0010361571,0.0011112723,0.0,0.0010650512,0.0010514304,0.0010439932,0.0010547597,0.0010605365,0.00107226,0.001076681,0.0010650512,0.0010514304,0.0010439932,0.0010547597,0.0010605365,0.0010722585,0.0,0.0010650516,0.0010514306,0.0010439932,0.0010547597,0.0010605365,0.0010722587,0.0,0.0,0.0010514304,0.0010354043,0.0010258595,0.0010361571,0.0011112656,0.0010766828,0.0010650512,0.0,0.0,0.0010650513,0.0010650513,0.0010593178,0.0010767228,0.0021123209,0.0010514307,0.0,0.0010650513,0.0010514304,0.0010723288,0.0010768095,0.0,0.0010650513,0.0010514306,0.0010439932,0.0,0.0010650518,0.0,0.0010650511,0.0,0.0010354043,0.0010164676,0.0010723264,0.0010834467,0.0010766874,0.0,0.0010514304,0.0010354043,0.0010258598,0.0010361575,0.001111316,0.0010766997,0.0,0.0,0.0010354043,0.001016467,0.0010723263,0.0010945302,0.0,0.0010650513,0.0010514305,0.0010439932,0.0010547597,0.0010605365,0.0010722586,0.0010766963,0.0010650512,0.0010514306,0.0,0.0010650511,0.0010514304,0.0010439944,0.0010766832,0.0,0.0010514306,0.0010354045,0.0010258598,0.0010361571,0.0011112668,0.0010766847,0.0,0.0010514305,0.0010354043,0.0010258598,0.0010361572,0.001111267,0.0,0.0010650512,0.0010650512,0.0010593176,0.0010703352,0.0,0.0009940594,0.0010767223,0.0,0.0010514306,0.0010354043,0.0010258595,0.0010361571,0.0011112654,0.001076686,0.0,0.0,0.0010354043,0.0010164676,0.0010723263,0.0010945314,0.0010767574,0.001065052,0.0,0.0010354058,0.0010164676,0.0010723263,0.0010834488,0.0,0.0010650511,0.0010514306,0.0010439932,0.0010547597,0.0010605365,0.0010722585,0.0,0.0010650525,0.0,0.0010354043,0.001016467,0.0010723263,0.0010834424,0.0,0.0010650512,0.0010514306,0.0010439932,0.0010547597,0.0010605365,0.0010722586,0.0010766961,0.0010650512,0.0010514306,0.0010439933,0.0010547597,0.0010605365,0.0010722587,0.0,0.0,0.0,0.0010354043,0.001016467,0.0010723263,0.0010945306,0.0010766797,0.0010650512,0.0,0.0010354043,0.001016467,0.0010723263,0.001083443,0.0010766946,0.0010650511,0.0010514304,0.0010723263,0.0011901312,0.0010354043,0.0010164677,0.0010788678,0.0010650512,0.0010514304,0.0010439932,0.0010547597,0.0010605365,0.001072259,0.0,0.0010650512,0.0010514304,0.0010439932,0.0010547597,0.0010605365,0.0010722587,0.0,0.0010650519,0.0010514306,0.0010439932,0.0010547597,0.0010605365,0.0010722599,0.0010766916,0.0010650512,0.0010514304,0.0010439932,0.0010547597,0.0010605365,0.001072259,0.0019165553,0.009990474,0.0010514304,0.0010354043,0.0010258598,0.0010361571,0.0011112657,0.0,0.0010650512,0.0010514304,0.0010439932,0.0010547597,0.0010605365,0.0010722586,0.0010769038,0.0010650529,0.0010514307,0.0010439932,0.0010547597,0.0010605365,0.0010722603
k__Bacteria|p__Firmicutes|c__Tissierellia|o__Tissierellales|f__Peptoniphilaceae|g__Peptoniphilus|s__Peptoniphilus_harei,0.0,0.0010668664,0.0010533393,0.0010460004,0.001056878,0.0010627744,0.0010745539,0.0,0.0010668666,0.0010533393,0.0010460004,0.001056878,0.0010627744,0.0010745538,0.0,0.0,0.0010533449,0.0010374119,0.0010279665,0.0010383844,0.0011130518,0.0010784416,0.0,0.0010533393,0.0010374088,0.0010279659,0.0010383844,0.0011130511,0.0,0.0,0.0010533393,0.0010374088,0.0010279659,0.0010383844,0.0011130511,0.0010784052,0.0010668664,0.0010533393,0.0010460004,0.001056878,0.0010627744,0.0010745536,0.0,0.001066867,0.0010533395,0.0010460004,0.001056878,0.0010627744,0.0010745546,0.0010784053,0.0010668664,0.0010533393,0.0010460004,0.001056878,0.0010627744,0.0010745539,0.0,0.0010668666,0.0010533397,0.0010460004,0.001056878,0.0010627744,0.001074554,0.0,0.0010668666,0.0010533393,0.0010460004,0.001056878,0.0010627744,0.0010745539,0.0,0.0010668666,0.0,0.0010374088,0.001018568,0.0010741401,0.0010853478,0.0,0.0010668664,0.0010533393,0.0010460003,0.001056878,0.0010627744,0.0010745542,0.0025605594,0.0017588877,0.0,0.0010374088,0.001018568,0.0010741401,0.0010963342,0.0010784158,0.0010668666,0.0,0.0010374088,0.001018568,0.0010741401,0.0010853544,0.0010785065,0.0,0.0,0.0010374088,0.001018568,0.0010741401,0.0010963336,0.0010784342,0.0,0.0010533393,0.0,0.0010668664,0.0010533393,0.00107414,0.0010784088,0.0,0.0,0.0010374088,0.001018568,0.0010741401,0.0010963323,0.0,0.0010668675,0.0,0.0010374088,0.001018568,0.0010741401,0.0010853467,0.0,0.0,0.0010533399,0.0010668673,0.0,0.0010374088,0.0010668666,0.0010784267,0.0010668666,0.0,0.0010374087,0.001018568,0.0010741401,0.0010853463,0.0,0.0,0.0010533395,0.0010374088,0.0010279659,0.0010383844,0.0011130519,0.0,0.0,0.0010533393,0.0,0.0010668664,0.0010533393,0.00107414,0.0,0.0010668682,0.0,0.0010668666,0.0013736754,0.0010668664,0.0010533395,0.0,0.0,0.0010533462,0.0010374102,0.0010279658,0.0010383844,0.0011130514,0.0,0.0010668808,0.0010668682,0.0010612267,0.001072345,0.0,0.0009962152,0.0,0.0010668683,0.0010533398,0.0,0.0010668667,0.0010533395,0.0010460027,0.0010784096,0.0010668664,0.0010533393,0.0011881789,0.0010668664,0.0010533393,0.0010460018,0.0,0.0010668667,0.0010533395,0.0010460003,0.001056878,0.0010627744,0.0010745537,0.001078405,0.0010668664,0.0010533393,0.0010460004,0.001056878,0.0010627744,0.0010745539,0.0010784399,0.0,0.0,0.0010374088,0.001018568,0.0010741401,0.0010963322,0.0010784115,0.0,0.0010533393,0.0010374088,0.0010279659,0.0010383844,0.0011130513,0.0,0.0010668666,0.0,0.0010374088,0.001018568,0.0010741401,0.0010853462,0.0010784225,0.0,0.0010533393,0.0010374088,0.0010279659,0.0010383844,0.0011130589,0.0,0.0010668664,0.0010533393,0.0010460004,0.001056878,0.0010627744,0.0010745558,0.0010784059,0.0010668664,0.0010533393,0.0010460004,0.001056878,0.0010627744,0.0010745536,0.0,0.0010668668,0.0010533395,0.0010460003,0.001056878,0.0010627744,0.0010745539,0.0,0.0,0.0010533393,0.0010374088,0.0010279659,0.0010383844,0.0011130512,0.0010784076,0.0010668664,0.0,0.0,0.0010668666,0.0010668666,0.0010612272,0.0010784449,0.0029119558,0.0010533395,0.0,0.0010668666,0.0010533393,0.0010741429,0.001078557,0.0,0.0010668666,0.0010533395,0.0010460003,0.0,0.0010668671,0.0,0.0010668663,0.0012647412,0.0010374088,0.001018568,0.0010741401,0.0010853516,0.0010784109,0.0,0.0010533393,0.0010374088,0.0010279658,0.001038385,0.0011131102,0.0010784202,0.0,0.0,0.0010374088,0.001018568,0.0010741401,0.0010963322,0.0,0.0010668666,0.0010533395,0.0010460004,0.001056878,0.0010627744,0.0010745538,0.0010784204,0.0010668664,0.0010533395,0.0,0.0010668664,0.0010533393,0.001046001,0.0010784086,0.0,0.0010533395,0.001037409,0.0010279659,0.0010383844,0.001113053,0.0010784091,0.0,0.0010533395,0.0010374088,0.0010279658,0.0010383844,0.0011130533,0.0,0.0010668664,0.0010668667,0.0010612267,0.001072345,0.0,0.0009962466,0.0010784515,0.0,0.0010533395,0.0010374088,0.0010279659,0.0010383844,0.0011130511,0.0010784103,0.0,0.0,0.0010374088,0.001018568,0.0010741401,0.0010963336,0.0010784871,0.0010668674,0.0,0.0010374096,0.001018568,0.00107414,0.0010853538,0.0,0.0010668666,0.0010533395,0.0010460003,0.001056878,0.0010627744,0.0010745538,0.0,0.0010668668,0.0,0.0010374088,0.001018568,0.0010741401,0.0010853462,0.0,0.0010668666,0.0010533395,0.0010460003,0.001056878,0.0010627744,0.001074554,0.0010784228,0.0010668664,0.0010533395,0.0010460004,0.001056878,0.0010627744,0.001074554,0.0,0.0,0.0,0.0010374088,0.001018568,0.0010741401,0.0010963328,0.0010784047,0.0010668664,0.0025076165,0.0010374088,0.001018568,0.0010741401,0.0010853471,0.0010784179,0.0010668666,0.0010533393,0.0010741401,0.0075812615,0.0010374088,0.0010185681,0.0,0.0010668664,0.0010533393,0.0010460003,0.001056878,0.0010627744,0.0010745545,0.0,0.0010668664,0.0010533393,0.0010460003,0.001056878,0.0010627744,0.001074554,0.0,0.0010668669,0.0010533395,0.0010460003,0.001056878,0.0010627744,0.0010745558,0.0010784157,0.0010668664,0.0010533393,0.0010460003,0.001056878,0.0010627744,0.0010745545,0.0,0.0,0.0010533393,0.0010374088,0.0010279659,0.0010383844,0.0011130517,0.0019865832,0.0010668664,0.0010533393,0.0010460004,0.001056878,0.0010627744,0.0010745539,0.0010786245,0.0010668676,0.0010533395,0.0010460004,0.001056878,0.0010627744,0.0010745564
k__Bacteria|p__Firmicutes|c__Clostridia|o__Eubacteriales|f__Lachnospiraceae|g__Lacrimispora|s__Lacrimispora_celerecrescens,0.0,0.0010633501,0.0010495515,0.0010418895,0.00105232,0.0010577566,0.0010692658,0.0,0.0010633502,0.0010495515,0.0010418895,0.00105232,0.0010577566,0.0010692659,0.0,0.0,0.0010495606,0.0010333471,0.0010235639,0.0010335096,0.0011093091,0.0010751572,0.0,0.0010495515,0.0010333412,0.0010235638,0.0010335096,0.0011093093,0.0,0.0,0.0010495515,0.0010333412,0.0010235636,0.0010335096,0.0011093093,0.0010751489,0.0010633501,0.0010495515,0.0010418895,0.00105232,0.0010577566,0.0010692657,0.0,0.0010633504,0.0010495516,0.0010418895,0.00105232,0.0010577566,0.0010692665,0.0010751489,0.0010633501,0.0010495515,0.0010418895,0.00105232,0.0010577566,0.0010692658,0.0,0.0010633502,0.0010495521,0.0010418897,0.00105232,0.0010577566,0.0010692657,0.0,0.0010633502,0.0010495515,0.0010418895,0.00105232,0.0010577566,0.0010692658,0.0,0.0010633502,0.0,0.0010333412,0.0010142147,0.00107059,0.0010814016,0.0,0.0010633501,0.0010495515,0.0010418895,0.00105232,0.0010577566,0.0010692658,0.0,0.0,0.0,0.0010333412,0.0010142147,0.00107059,0.0010926753,0.0010751503,0.0010633502,0.0,0.0010333412,0.0010142147,0.00107059,0.0010814021,0.0010751663,0.0,0.0,0.0010333413,0.0010142147,0.00107059,0.0010926757,0.0010751556,0.0,0.0010495515,0.0,0.0010633501,0.0010495515,0.00107059,0.0010751493,0.0,0.0,0.0010333412,0.0010142147,0.00107059,0.0010926757,0.0,0.0010633508,0.0,0.0010333412,0.0010142147,0.00107059,0.0010814008,0.0,0.0,0.0010495526,0.0010633508,0.0,0.0010333412,0.0010633502,0.0010751553,0.0010633502,0.0,0.0010333412,0.0010142147,0.00107059,0.0010814008,0.0,0.0,0.0010495518,0.0010333412,0.0010235636,0.0010335096,0.0011093094,0.0,0.0,0.0010495515,0.0,0.0010633501,0.0010495515,0.0010705899,0.0,0.0010633522,0.0,0.0010633502,0.0,0.0010633501,0.0010495516,0.012073995,0.034475558,0.0010495629,0.0010333423,0.0010235636,0.0010335096,0.001109309,0.0,0.0010633703,0.0010633521,0.0010574014,0.001068098,0.0,0.0009915726,0.0,0.0010633513,0.0010495521,0.0,0.0010633504,0.0010495519,0.0010418912,0.0010751508,0.0010633501,0.0010495515,0.0,0.0010633501,0.0010495515,0.00104189,0.0,0.0010633504,0.0010495516,0.0010418895,0.00105232,0.0010577566,0.0010692658,0.0010751489,0.0010633501,0.0010495515,0.0010418895,0.00105232,0.0010577566,0.0010692658,0.0010751563,0.0,0.0,0.0010333412,0.0010142147,0.00107059,0.0010926756,0.0010751492,0.0,0.0010495515,0.0010333412,0.0010235636,0.0010335096,0.0011093093,0.0,0.0010633502,0.0,0.0010333412,0.0010142147,0.00107059,0.0010814008,0.0010751525,0.0,0.0010495515,0.0010333412,0.0010235636,0.0010335096,0.0011093115,0.0,0.0010633501,0.0010495515,0.0010418895,0.00105232,0.0010577566,0.001069266,0.0010751488,0.0010633501,0.0010495515,0.0010418895,0.00105232,0.0010577566,0.0010692657,0.0,0.0010633505,0.0010495519,0.0010418895,0.00105232,0.0010577566,0.0010692658,0.0,0.0,0.0010495515,0.0010333412,0.0010235636,0.0010335096,0.0011093093,0.0010751489,0.0010633501,0.0,0.0,0.0010633502,0.0010633502,0.0010574011,0.0010751561,0.0,0.0010495519,0.0,0.0010633502,0.0010495515,0.001070593,0.001075182,0.0,0.0010633502,0.0010495516,0.0010418895,0.0,0.0010633502,0.0,0.00106335,0.0,0.0010333412,0.0010142147,0.00107059,0.0010814042,0.0010751506,0.0,0.0010495515,0.0010333412,0.0010235636,0.00103351,0.0011093175,0.001075155,0.0038620955,0.0,0.0010333412,0.0010142147,0.00107059,0.0010926758,0.0,0.0010633502,0.0010495516,0.0010418895,0.00105232,0.0010577566,0.0010692659,0.0010751418,0.0010633501,0.0010495516,0.0,0.0010633501,0.0010495515,0.0010418901,0.0010751489,0.0,0.0010495519,0.0010333413,0.0010235638,0.0010335096,0.0011093093,0.0010751495,0.0,0.0010495519,0.0010333412,0.0010235636,0.0010335096,0.0011093094,0.0,0.0010633501,0.0010633504,0.0010574011,0.0010680984,0.0,0.0009915953,0.0010751543,0.0,0.0010495516,0.0010333412,0.0010235636,0.0010335096,0.0011093093,0.0010751489,0.0,0.0,0.0010333412,0.0010142147,0.00107059,0.0010926755,0.0010751665,0.0010633505,0.0,0.0010333417,0.0010142148,0.00107059,0.0010814029,0.0,0.0010633502,0.0010495519,0.0010418895,0.00105232,0.0010577566,0.0010692657,0.0,0.0010633509,0.0,0.0010333412,0.0010142147,0.00107059,0.0010814008,0.0,0.0010633504,0.0010495518,0.0010418895,0.00105232,0.0010577566,0.0010692658,0.0010751517,0.0010633501,0.0010495516,0.0010418898,0.00105232,0.0010577566,0.001069266,0.0,0.0,0.0,0.0010333412,0.0010142147,0.00107059,0.001092676,0.0010751488,0.0010633501,0.0,0.0010333412,0.0010142147,0.00107059,0.0010814011,0.0010751515,0.0010633502,0.0010495515,0.00107059,0.0,0.0010333412,0.0010142149,0.0,0.0010633501,0.0010495515,0.0010418895,0.00105232,0.0010577566,0.001069266,0.0,0.0010633501,0.0010495515,0.0010418895,0.00105232,0.0010577566,0.0010692659,0.0,0.0010633505,0.0010495519,0.0010418895,0.00105232,0.0010577566,0.0010692659,0.0010751502,0.0010633501,0.0010495515,0.0010418895,0.00105232,0.0010577566,0.0010692659,0.0,0.0,0.0010495515,0.0010333412,0.0010235636,0.0010335096,0.0011093091,0.0,0.0010633501,0.0010495515,0.0010418895,0.00105232,0.0010577566,0.0010692658,0.0010752011,0.0010633509,0.0010495516,0.0010418895,0.00105232,0.0010577566,0.0010692658
k__Bacteria|p__Firmicutes|c__Clostridia|o__Eubacteriales|f__Clostridiaceae|g__Clostridium|s__Clostridium_saudiense,0.0,0.0010701639,0.0010567934,0.0010496129,0.0010606569,0.0010667361,0.0010785958,0.0,0.0010701641,0.0010567934,0.0010496129,0.0010606569,0.0010667361,0.0010785955,0.0,0.0,0.0010568046,0.0010410298,0.0010317443,0.0010423465,0.0011162516,0.0010815895,0.0,0.0010567934,0.0010410222,0.0010317437,0.0010423465,0.0011162508,0.0,0.0,0.0010567934,0.0010410222,0.0010317437,0.0010423465,0.0011162508,0.0010815514,0.001070164,0.0010567934,0.0010496129,0.0010606569,0.0010667361,0.0010785954,0.0,0.0010701643,0.0010567935,0.0010496129,0.0010606569,0.0010667361,0.0010785961,0.0010815515,0.001070164,0.0010567934,0.0010496129,0.0010606569,0.0010667361,0.0010785955,0.0,0.0010701644,0.0010567937,0.001049613,0.0010606569,0.0010667361,0.0010785965,0.0,0.0010701641,0.0010567934,0.0010496129,0.0010606569,0.0010667361,0.0010785955,0.0,0.0010701641,0.0,0.0010410222,0.0010223407,0.0010774285,0.0010887665,0.0,0.001070164,0.0010567934,0.0010496129,0.0010606569,0.0010667361,0.0010785963,0.0,0.0,0.0,0.0010410222,0.0010223407,0.0010774285,0.0010995822,0.0010815621,0.0010701641,0.0015384923,0.0010410222,0.0010223407,0.0010774285,0.0010887726,0.0010816319,0.0,0.0,0.0010410225,0.0010223407,0.0010774285,0.0010995818,0.0010815785,0.0,0.0010567934,0.0,0.001070164,0.0010567934,0.0010774287,0.001081555,0.0,0.0,0.0010410222,0.0010223407,0.0010774285,0.0010995802,0.0,0.0010701653,0.0,0.0010410222,0.0010223407,0.0010774285,0.0010887657,0.0,0.0,0.0010567936,0.0010701648,0.0,0.0010410222,0.0010701643,0.0010815797,0.0010701644,0.0,0.0010410221,0.0010223407,0.0010774285,0.0010887656,0.0,0.0,0.0010567935,0.0010410222,0.0010317437,0.0010423465,0.0011162509,0.0,0.0,0.0010567934,0.0,0.001070164,0.0010567934,0.0010774286,0.0,0.0010701678,0.0,0.0010701641,0.0,0.001070164,0.0010567935,0.0,0.0,0.001056806,0.0010410247,0.0010317438,0.0010423465,0.0011162515,0.0,0.0010701938,0.0010701673,0.0010646757,0.001075942,0.0,0.0010001452,0.0,0.001070166,0.0010567941,0.0,0.0010701644,0.0010567934,0.0010496151,0.0010815584,0.001070164,0.0010567934,0.0,0.001070164,0.0010567934,0.0010496142,0.0,0.0010701641,0.0010567935,0.0010496129,0.0010606569,0.0010667361,0.0010785955,0.0010815515,0.001070164,0.0010567934,0.0010496129,0.0010606569,0.0010667361,0.0010785955,0.001081579,0.0,0.0,0.0010410222,0.0010223407,0.0010774285,0.0010995799,0.0010815569,0.0,0.0010567934,0.0010410222,0.0010317437,0.0010423465,0.0011162511,0.0,0.0010701641,0.0,0.0010410222,0.0010223407,0.0010774285,0.0010887652,0.0010815708,0.0,0.0010567934,0.0010410222,0.0010317437,0.0010423465,0.0011162569,0.0,0.001070164,0.0010567934,0.0010496129,0.0010606569,0.0010667361,0.001078597,0.0010815526,0.001070164,0.0010567934,0.0010496129,0.0010606569,0.0010667361,0.0010785954,0.0,0.0010701646,0.0010567934,0.0010496129,0.0010606569,0.0010667361,0.0010785958,0.0,0.0,0.0010567934,0.0010410222,0.0010317437,0.0010423465,0.0011162509,0.0010815548,0.001070164,0.0025068184,0.0,0.0010701641,0.0010701641,0.0010646759,0.0010815947,0.0,0.0010567934,0.0,0.0010701641,0.0010567934,0.0010774309,0.0010816783,0.0,0.0010701641,0.0010567934,0.0010496129,0.0,0.0010701648,0.0,0.0010701639,0.0,0.0010410222,0.0010223407,0.0010774283,0.0010887714,0.0010815576,0.0,0.0010567934,0.0010410222,0.0010317438,0.0010423469,0.0011163059,0.0010815675,0.0,0.0,0.0010410222,0.0010223407,0.0010774285,0.0010995799,0.0,0.0010701641,0.0010567935,0.0010496129,0.0010606569,0.0010667361,0.0010785955,0.0010815792,0.0010701641,0.0010567934,0.0,0.001070164,0.0010567934,0.0010496138,0.0010815543,0.0,0.0010567934,0.0010410221,0.0010317437,0.0010423465,0.0011162529,0.001081556,0.0,0.0010567935,0.0010410221,0.0010317438,0.0010423465,0.0011162525,0.0,0.0010701643,0.0010701641,0.0010646753,0.0010759418,0.0016804924,0.0010001811,0.001081589,0.0,0.0010567934,0.0010410222,0.0010317437,0.0010423465,0.0011162508,0.0010815584,0.0,0.0,0.0010410222,0.0010223407,0.0010774285,0.001099582,0.0010816212,0.001070165,0.0,0.0010410232,0.001022341,0.0010774288,0.001088772,0.004119311,0.001070164,0.0010567934,0.0010496129,0.0010606569,0.0010667361,0.0010785954,0.0,0.0010701651,0.0,0.0010410222,0.0010223407,0.0010774285,0.0010887652,0.0,0.001070164,0.0010567935,0.0010496129,0.0010606569,0.0010667361,0.0010785958,0.0010815671,0.001070164,0.0010567935,0.0010496131,0.0010606569,0.0010667361,0.001078596,0.0,0.0,0.0,0.0010410222,0.0010223407,0.0010774285,0.0010995804,0.001081551,0.001070164,0.0,0.0010410222,0.0010223407,0.0010774285,0.0010887661,0.0010815652,0.001070164,0.0010567934,0.0010774285,0.00081273215,0.0010410222,0.0010223411,0.0,0.001070164,0.0010567934,0.0010496129,0.0010606569,0.0010667361,0.0010785966,0.0,0.001070164,0.0010567934,0.0010496129,0.0010606569,0.0010667361,0.0010785959,0.0,0.0010701645,0.0010567934,0.0010496129,0.0010606569,0.0010667361,0.0010785979,0.001081561,0.001070164,0.0010567934,0.0010496129,0.0010606569,0.0010667361,0.0010785963,0.004239256,0.0,0.0010567934,0.0010410222,0.0010317437,0.0010423465,0.0011162512,0.0,0.001070164,0.0010567934,0.0010496129,0.0010606569,0.0010667361,0.0010785955,0.0010817935,0.0010701657,0.0010567935,0.0010496129,0.0010606569,0.0010667361,0.0010785984
k__Bacteria|p__Firmicutes|c__Tissierellia|o__Tissierellales|f__Peptoniphilaceae|g__Finegoldia|s__Finegoldia_magna,0.0,0.0010669754,0.0010535031,0.001046242,0.0010572525,0.0010632797,0.0010751489,0.0,0.0010669756,0.0010535031,0.001046242,0.0010572525,0.0010632797,0.0010751489,0.0,0.0,0.0010535083,0.0010376322,0.0010282681,0.0010388229,0.0011133122,0.00107849,0.0,0.0010535031,0.00103763,0.0010282679,0.0010388229,0.0011133116,0.002647309,0.0,0.0010535031,0.00103763,0.0010282679,0.0010388229,0.0011133117,0.0010784622,0.0010669756,0.0010535031,0.001046242,0.0010572525,0.0010632797,0.0010751489,0.0021930295,0.0010669755,0.0010535032,0.001046242,0.0010572525,0.0010632797,0.0010751496,0.0010784625,0.0010669756,0.0010535031,0.001046242,0.0010572525,0.0010632797,0.001075149,0.0,0.0010669758,0.0010535035,0.0010462422,0.0010572522,0.0010632797,0.0010751497,0.0,0.0010669756,0.0010535031,0.001046242,0.0010572525,0.0010632797,0.0010751489,0.0,0.0010669756,0.0,0.00103763,0.0010188486,0.0010742692,0.0010856009,0.0,0.0010669756,0.0010535031,0.001046242,0.0010572525,0.0010632797,0.0010751492,0.0,0.0,0.0,0.00103763,0.0010188486,0.0010742692,0.0010965305,0.001078471,0.0010669756,0.0,0.00103763,0.0010188486,0.0010742692,0.0010856048,0.0010785286,0.0,0.0,0.00103763,0.0010188486,0.0010742692,0.0010965306,0.0010784838,0.0,0.0010535031,0.0010524439,0.0010669756,0.0010535031,0.0010742691,0.0010784644,0.0,0.0,0.00103763,0.0010188486,0.0010742692,0.0010965305,0.0,0.001066976,0.0,0.00103763,0.0010188486,0.0010742692,0.0010856002,0.0,0.0,0.001053503,0.0010669762,0.0,0.00103763,0.0010669758,0.0010784728,0.0010669754,0.0,0.0010376299,0.0010188486,0.0010742692,0.0010856002,0.0,0.0,0.0010535032,0.00103763,0.0010282679,0.0010388229,0.0011133119,0.0,0.0017364896,0.0010535031,0.0,0.0010669756,0.0010535031,0.0010742691,0.0,0.0010669748,0.0,0.0010669758,0.0,0.0010669756,0.0010535031,0.0,0.0,0.0010535069,0.0010376303,0.0010282677,0.0010388229,0.0011133115,0.0,0.0010669864,0.0010669768,0.0010614105,0.0010726576,0.0,0.0009965549,0.0,0.0010669756,0.0010535031,0.0,0.0010669754,0.0010535032,0.0010462435,0.001078466,0.0010669756,0.0010535031,0.0018824013,0.0010669756,0.0010535031,0.0010462425,0.0,0.0010669756,0.0010535031,0.001046242,0.0010572525,0.0010632797,0.0010751489,0.0010784626,0.0010669756,0.0010535031,0.001046242,0.0010572525,0.0010632797,0.0010751489,0.0010784847,0.0,0.0,0.00103763,0.0010188486,0.0010742692,0.0010965305,0.0010784675,0.0,0.0010535031,0.00103763,0.0010282679,0.0010388229,0.0011133116,0.0,0.0010669758,0.0,0.00103763,0.0010188486,0.0010742692,0.0010856001,0.0010784746,0.0,0.0010535031,0.00103763,0.0010282679,0.0010388229,0.0011133158,0.0,0.0010669756,0.0010535031,0.001046242,0.0010572525,0.0010632797,0.0010751497,0.0010784634,0.0010669756,0.0010535031,0.001046242,0.0010572525,0.0010632797,0.0010751489,0.0,0.0010669756,0.0010535032,0.001046242,0.0010572525,0.0010632797,0.0010751492,0.0,0.0,0.0010535031,0.00103763,0.0010282679,0.0010388229,0.0011133117,0.0010784643,0.0010669756,0.0,0.0,0.0010669758,0.0010669756,0.0010614106,0.0010784913,0.0022310456,0.001053503,0.0,0.0010669758,0.0010535031,0.0010742706,0.0010785656,0.0,0.0010669758,0.0010535032,0.001046242,0.0,0.0010669756,0.0,0.0010669755,0.0009369317,0.00103763,0.0010188486,0.0010742691,0.0010856041,0.0010784664,0.0,0.0010535031,0.00103763,0.0010282677,0.0010388233,0.001113338,0.00107847,0.0,0.0,0.00103763,0.0010188486,0.0010742692,0.0010965305,0.0,0.0010669758,0.0010535031,0.001046242,0.0010572525,0.0010632797,0.0010751489,0.001078495,0.0010669756,0.0010535032,0.0,0.0010669755,0.0010535031,0.001046243,0.0010784647,0.0,0.0010535032,0.0010376299,0.0010282677,0.0010388229,0.0011133122,0.0010784644,0.0,0.0010535031,0.00103763,0.0010282677,0.001038823,0.0011133126,0.0,0.0010669756,0.0010669759,0.0010614106,0.0010726574,0.0,0.0009965773,0.0010784903,0.0030156001,0.0010535032,0.00103763,0.0010282679,0.0010388229,0.0011133117,0.0010784653,0.0,0.0,0.00103763,0.0010188486,0.0010742692,0.0010965309,0.0010785282,0.001066976,0.0,0.0010376303,0.0010188487,0.0010742691,0.0010856031,0.005056249,0.0010669755,0.0010535032,0.001046242,0.0010572525,0.0010632797,0.0010751489,0.0,0.0010669755,0.0,0.00103763,0.0010188486,0.0010742692,0.0010856001,0.0,0.0010669758,0.0010535032,0.001046242,0.0010572525,0.0010632797,0.001075149,0.0010784729,0.0010669756,0.0010535032,0.0010462421,0.0010572522,0.0010632797,0.0010751494,0.0,0.0,0.0,0.00103763,0.0010188486,0.0010742692,0.0010965306,0.0010784621,0.0010669756,0.0033475563,0.00103763,0.0010188486,0.0010742692,0.0010856008,0.0010784678,0.0010669755,0.0010535031,0.0010742692,0.001563582,0.00103763,0.0010188487,0.0,0.0010669756,0.0010535031,0.001046242,0.0010572525,0.0010632797,0.0010751496,0.0,0.0010669756,0.0010535031,0.001046242,0.0010572525,0.0010632797,0.001075149,0.0,0.0010669759,0.0010535032,0.001046242,0.0010572522,0.0010632797,0.0010751504,0.001078469,0.0010669756,0.0010535031,0.001046242,0.0010572525,0.0010632797,0.0010751495,0.0013597228,0.0,0.0010535031,0.00103763,0.0010282679,0.0010388229,0.0011133119,0.0,0.0010669756,0.0010535031,0.001046242,0.0010572525,0.0010632797,0.0010751489,0.0010785967,0.0010669756,0.0010535032,0.0010462421,0.0010572522,0.0010632797,0.0010751502
k__Bacteria|p__Firmicutes|c__Clostridia|o__Eubacteriales|f__Lachnospiraceae|g__Blautia|s__Blautia_massiliensis,0.0,0.0010604203,0.0010467841,0.0010394224,0.0010504758,0.001056507,0.0010684732,0.0,0.0010604204,0.0010467841,0.0010394224,0.0010504758,0.001056507,0.0010684731,0.0,0.0,0.0010467892,0.0010307512,0.0010212823,0.0010318543,0.0011074038,0.001072093,0.0,0.0010467841,0.0010307487,0.0010212822,0.0010318543,0.0011074033,0.0,0.0,0.0010467841,0.0010307487,0.0010212822,0.0010318543,0.0011074032,0.0010720696,0.0010604204,0.0010467841,0.0010394224,0.0010504758,0.001056507,0.0010684732,0.0,0.0010604206,0.0010467842,0.0010394224,0.0010504758,0.001056507,0.0010684737,0.0010720697,0.0010604204,0.0010467841,0.0010394224,0.0010504758,0.001056507,0.0010684733,0.0,0.0010604205,0.0010467845,0.0010394225,0.0010504758,0.001056507,0.0010684737,0.0,0.0010604204,0.0010467841,0.0010394224,0.0010504758,0.001056507,0.0010684731,0.0,0.0010604204,0.0,0.0010307487,0.0010118117,0.001067791,0.0010792172,0.0,0.0010604204,0.0010467841,0.0010394224,0.0010504758,0.001056507,0.0010684734,0.0,0.0,0.0,0.0010307487,0.0010118117,0.001067791,0.0010903405,0.0010720774,0.0010604204,0.0,0.0010307487,0.0010118117,0.001067791,0.001079221,0.0010721261,0.0,0.0,0.0010307488,0.0010118117,0.001067791,0.0010903403,0.0010720879,0.0,0.0010467841,0.0,0.0010604204,0.0010467841,0.001067791,0.0010720717,0.0,0.0,0.0010307487,0.0010118117,0.001067791,0.0010903396,0.0,0.0010604209,0.0,0.0010307487,0.0010118117,0.001067791,0.0010792167,0.0,0.0,0.0010467841,0.0010604212,0.0,0.0010307487,0.0010604208,0.0010720821,0.0010604205,0.0,0.0010307487,0.0010118117,0.001067791,0.0010792166,0.0,0.0,0.0010467842,0.0010307487,0.0010212822,0.0010318543,0.0011074034,0.0,0.0,0.0010467841,0.0,0.0010604204,0.0010467841,0.0010677911,0.0,0.0010604206,0.0,0.0010604205,0.0,0.0010604204,0.0010467842,0.0,0.0,0.0010467889,0.0010307491,0.0010212823,0.0010318543,0.0011074033,0.0,0.0010604324,0.0010604215,0.0010547616,0.0010660778,0.0,0.000989375,0.0,0.001060421,0.0010467843,0.0,0.0010604206,0.0010467841,0.0010394236,0.0010720732,0.0010604204,0.0010467841,0.0,0.0010604204,0.0010467841,0.001039423,0.0,0.0010604205,0.0010467842,0.0010394224,0.0010504758,0.001056507,0.0010684732,0.0010720696,0.0010604204,0.0010467841,0.0010394224,0.0010504758,0.001056507,0.0010684732,0.0010720904,0.0,0.0,0.0010307487,0.0010118117,0.001067791,0.0010903395,0.0010720736,0.0,0.0010467841,0.0010307487,0.0010212822,0.0010318543,0.0011074033,0.0,0.0010604205,0.0,0.0010307487,0.0010118117,0.001067791,0.0010792167,0.0010720816,0.0,0.0010467841,0.0010307487,0.0010212822,0.0010318543,0.0011074069,0.0,0.0010604204,0.0010467841,0.0010394224,0.0010504758,0.001056507,0.001068474,0.0010720704,0.0010604204,0.0010467841,0.0010394224,0.0010504758,0.001056507,0.0010684732,0.0,0.0010604208,0.0010467841,0.0010394224,0.0010504758,0.001056507,0.0010684732,0.0,0.0,0.0010467841,0.0010307487,0.0010212822,0.0010318543,0.0011074033,0.0010720714,0.0010604204,0.0,0.0,0.0010604205,0.0010604204,0.0010547618,0.0010720944,0.0,0.0010467841,0.0,0.0010604205,0.0010467841,0.001067793,0.001072157,0.0,0.0010604205,0.0010467841,0.0010394224,0.0,0.0010604209,0.0,0.0010604203,0.0,0.0010307487,0.0010118111,0.001067791,0.0010792211,0.0010720735,0.0,0.0010467841,0.0010307487,0.0010212823,0.0010318545,0.0011074349,0.0010720772,0.0,0.0,0.0010307487,0.0010118117,0.001067791,0.0010903394,0.0,0.0010604205,0.0010467842,0.0010394224,0.0010504758,0.001056507,0.0010684731,0.001072091,0.0010604205,0.0010467841,0.0,0.0010604203,0.0010467841,0.0010394229,0.0010720717,0.0,0.0010467841,0.0010307488,0.0010212822,0.0010318543,0.0011074044,0.0010720717,0.0,0.0010467842,0.0010307487,0.0010212823,0.0010318543,0.0011074044,0.0,0.0010604205,0.0010604206,0.0010547616,0.0010660776,0.0,0.0009894005,0.0010720948,0.0,0.0010467841,0.0010307487,0.0010212822,0.0010318543,0.0011074032,0.001072073,0.0,0.0,0.0010307487,0.0010118117,0.001067791,0.0010903403,0.0010721233,0.0010604208,0.0,0.0010307493,0.0010118112,0.001067791,0.0010792207,0.0,0.0010604204,0.0010467841,0.0010394224,0.0010504758,0.001056507,0.001068473,0.0,0.0010604205,0.0,0.0010307487,0.0010118117,0.001067791,0.0010792167,0.0,0.0010604205,0.0010467842,0.0010394224,0.0010504758,0.001056507,0.001068473,0.0010720798,0.0010604204,0.0010467841,0.0010394226,0.0010504758,0.001056507,0.0010684734,0.0,0.0,0.0,0.0010307487,0.0010118117,0.001067791,0.0010903397,0.0010720694,0.0010604204,0.0,0.0010307487,0.0010118117,0.001067791,0.001079217,0.0010720759,0.0010604204,0.0010467841,0.001067791,0.0,0.0010307487,0.0010118118,0.0013619367,0.0010604204,0.0010467841,0.0010394224,0.0010504758,0.001056507,0.0010684737,0.0,0.0010604204,0.0010467841,0.0010394224,0.0010504758,0.001056507,0.0010684734,0.0,0.0010604206,0.0010467841,0.0010394224,0.0010504758,0.001056507,0.0010684746,0.0010720758,0.0010604204,0.0010467841,0.0010394224,0.0010504758,0.001056507,0.0010684734,0.0,0.0,0.0010467841,0.0010307487,0.0010212822,0.0010318543,0.0011074034,0.0,0.0010604204,0.0010467841,0.0010394224,0.0010504758,0.001056507,0.0010684731,0.001072192,0.0010604208,0.0010467841,0.0010394224,0.0010504758,0.001056507,0.0010684748
k__Bacteria|p__Firmicutes|c__Clostridia|o__Eubacteriales|f__Oscillospiraceae|g__Agathobaculum|s__Agathobaculum_butyriciproducens,0.0,0.0010592774,0.0010456397,0.0010383003,0.0010494312,0.0010555313,0.0010675624,0.0,0.0010592776,0.0010456397,0.0010383003,0.0010494312,0.0010555313,0.0010675625,0.0,0.0,0.0010456532,0.0010296138,0.0010201624,0.001030808,0.0011064578,0.0010709679,0.0,0.0010456401,0.0010296049,0.0010201614,0.001030808,0.0011064573,0.0,0.0,0.0010456401,0.0010296049,0.0010201614,0.001030808,0.0011064573,0.0010709295,0.0010592774,0.0010456397,0.0010383003,0.0010494312,0.0010555313,0.0010675625,0.0,0.001059278,0.0010456401,0.0010383003,0.0010494312,0.0010555313,0.0010675627,0.0010709296,0.0010592774,0.0010456397,0.0010383003,0.0010494312,0.0010555313,0.0010675625,0.0,0.0010592777,0.0010456403,0.0010383008,0.0010494312,0.0010555316,0.0010675628,0.0,0.0010592776,0.0010456397,0.0010383003,0.0010494312,0.0010555313,0.0010675625,0.0,0.0010592776,0.0,0.0010296049,0.0010106702,0.0010666725,0.0010781818,0.0,0.0010592774,0.0010456397,0.0010383003,0.0010494312,0.0010555316,0.0010675627,0.0,0.0,0.0,0.0010296049,0.0010106702,0.0010666725,0.0010893105,0.0010709403,0.0010592776,0.0,0.0010296049,0.0010106702,0.0010666725,0.0010781864,0.0010710123,0.0,0.0,0.0010296049,0.0010106702,0.0010666725,0.0010893102,0.0010709572,0.0,0.0010456397,0.0,0.0010592774,0.0010456397,0.0010666725,0.0010709328,0.0,0.0,0.0010296049,0.0010106702,0.0010666725,0.0010893096,0.0,0.0010592791,0.0064722565,0.0010296049,0.0010106702,0.0010666725,0.0010781807,0.0,0.0,0.0010456407,0.0010592788,0.0,0.0010296049,0.0010592777,0.0010709545,0.0010592777,0.0,0.0010296048,0.0010106702,0.0010666725,0.0010781807,0.0,0.0,0.0010456401,0.0010296049,0.0010201614,0.001030808,0.0011064578,0.0,0.0,0.0010456397,0.0,0.0010592774,0.0010456397,0.0010666724,0.0,0.0010592809,0.0,0.0010592777,0.0,0.0010592774,0.0010456397,0.0,0.0,0.0010456569,0.0010296075,0.0010201616,0.001030808,0.0011064578,0.0,0.0010593154,0.0010592815,0.0010536411,0.001065037,0.0,0.0009882415,0.0,0.0010592798,0.0010456407,0.0,0.0010592777,0.0010456401,0.0010383026,0.0010709363,0.0010592774,0.0010456397,0.0,0.0010592774,0.0010456397,0.0010383012,0.0,0.0010592777,0.0010456397,0.0010383003,0.0010494312,0.0010555313,0.0010675624,0.0010709292,0.0010592774,0.0010456397,0.0010383003,0.0010494312,0.0010555313,0.0010675625,0.0010709603,0.0,0.0,0.0010296049,0.0010106702,0.0010666725,0.0010893095,0.0010709357,0.0,0.0010456397,0.0010296049,0.0010201614,0.001030808,0.0011064577,0.0,0.0010592777,0.0,0.0010296049,0.0010106702,0.0010666725,0.0010781807,0.0010709479,0.0,0.0010456397,0.0010296049,0.0010201614,0.001030808,0.0011064633,0.0,0.0010592774,0.0010456397,0.0010383003,0.0010494312,0.0010555316,0.0010675635,0.0010709303,0.0010592774,0.0010456397,0.0010383003,0.0010494312,0.0010555313,0.0010675625,0.0,0.001059278,0.0010456401,0.0010383003,0.0010494312,0.0010555313,0.0010675624,0.0,0.0,0.0010456397,0.0010296049,0.0010201614,0.001030808,0.0011064578,0.001070932,0.0010592774,0.0,0.0,0.0010592777,0.0010592776,0.001053641,0.0010709694,0.0,0.0010456401,0.0,0.0010592777,0.0010456397,0.0010666751,0.0010710561,0.0,0.0010592777,0.0010456401,0.0010383003,0.0,0.0010592778,0.0,0.0010592774,0.0,0.0010296049,0.0010106702,0.0010666725,0.001078185,0.0010709357,0.0,0.0010456397,0.0010296049,0.0010201616,0.0010308087,0.0011064983,0.0010709456,0.0,0.0,0.0010296049,0.0010106702,0.0010666725,0.0010893095,0.0,0.0010592777,0.0010456397,0.0010383003,0.0010494312,0.0010555313,0.0010675625,0.0010709517,0.0010592777,0.0010456401,0.0,0.0010592774,0.0010456397,0.0010383015,0.0010709324,0.0,0.0010456401,0.001029605,0.0010201614,0.001030808,0.0011064584,0.0010709334,0.0,0.0010456397,0.0010296049,0.0010201616,0.0010308082,0.0011064587,0.0,0.0010592777,0.0010592776,0.0010536406,0.0010650369,0.0,0.0009882736,0.0010709699,0.0,0.0010456401,0.0010296049,0.0010201614,0.001030808,0.0011064573,0.0010709349,0.0,0.0,0.0010296049,0.0010106702,0.0010666725,0.0010893103,0.0010710044,0.0010592784,0.0,0.0010296061,0.0010106708,0.0010666726,0.0010781862,0.0,0.0010592776,0.0010456401,0.0010383003,0.0010494312,0.0010555313,0.0010675625,0.0,0.0010592786,0.0,0.0010296049,0.0010106702,0.0010666725,0.0010781807,0.0,0.0010592776,0.0010456401,0.0010383003,0.0010494312,0.0010555313,0.0010675625,0.0010709441,0.0010592776,0.0010456401,0.0010383008,0.0010494312,0.0010555313,0.0010675627,0.0,0.0,0.0,0.0010296049,0.0010106702,0.0010666725,0.0010893098,0.001070929,0.0010592774,0.0,0.0010296049,0.0010106702,0.0010666725,0.0010781812,0.0010709421,0.0010592776,0.0010456397,0.0010666725,0.0,0.0010296049,0.0010106709,0.0,0.0010592774,0.0010456397,0.0010383003,0.0010494312,0.0010555313,0.0010675628,0.0,0.0010592774,0.0010456397,0.0010383003,0.0010494312,0.0010555313,0.0010675625,0.0,0.001059278,0.0010456401,0.0010383003,0.0010494312,0.0010555316,0.0010675634,0.0010709397,0.0010592774,0.0010456397,0.0010383003,0.0010494312,0.0010555313,0.0010675626,0.0,0.0,0.0010456397,0.0010296049,0.0010201614,0.001030808,0.0011064578,0.0,0.0010592774,0.0010456397,0.0010383003,0.0010494312,0.0010555313,0.0010675625,0.0010711339,0.0010592791,0.0010456401,0.0010383005,0.0010494312,0.0010555316,0.001067564
k__Bacteria|p__Firmicutes|c__Bacilli|o__Lactobacillales|f__Streptococcaceae|g__Streptococcus|s__Streptococcus_infantis,0.0,0.0010647582,0.00105124,0.0010439588,0.0010550087,0.0010610616,0.0010729809,0.0,0.0010647584,0.00105124,0.0010439588,0.0010550087,0.0010610616,0.001072981,0.0,0.0,0.0010512463,0.0010353272,0.001025939,0.0010365251,0.0011113447,0.0010762782,0.0,0.00105124,0.001035322,0.0010259389,0.0010365251,0.0011113441,0.0,0.0019747538,0.00105124,0.001035322,0.0010259389,0.0010365251,0.001111344,0.0010762907,0.0010647584,0.00105124,0.0010439588,0.0010550087,0.0010610616,0.0010729809,0.0,0.0010647584,0.0010512401,0.0010439588,0.0010550087,0.0010610616,0.0010729813,0.001076291,0.0010647584,0.00105124,0.0010439588,0.0010550087,0.0010610616,0.0010729808,0.0,0.0010647585,0.0010512403,0.0010439587,0.0010550087,0.0010610616,0.0010729814,0.0,0.0010647584,0.00105124,0.0010439588,0.0010550087,0.0010610616,0.001072981,0.0,0.0010647584,0.0,0.001035322,0.001016498,0.001072082,0.00108347,0.0,0.0010647584,0.00105124,0.0010439588,0.0010550087,0.0010610616,0.0010729819,0.0,0.0,0.0,0.001035322,0.001016498,0.001072082,0.0010944564,0.0010762865,0.0010647584,0.0,0.001035322,0.001016498,0.001072082,0.0010834743,0.00107626,0.0,0.0,0.0010353219,0.001016498,0.001072082,0.0010944557,0.0010762798,0.0,0.00105124,0.0,0.0010647584,0.00105124,0.001072082,0.0010762892,0.0,0.0,0.001035322,0.001016498,0.001072082,0.0010944542,0.0,0.0010647586,0.0,0.001035322,0.001016498,0.001072082,0.0010834688,0.0,0.0,0.0010512407,0.0010647583,0.0,0.001035322,0.0010647585,0.0010762858,0.0010647583,0.0,0.0010353216,0.001016498,0.001072082,0.0010834684,0.0,0.0,0.0010512401,0.001035322,0.0010259389,0.0010365251,0.0011113442,0.0,0.0,0.00105124,0.0,0.0010647584,0.00105124,0.0010720819,0.0,0.0010647606,0.0,0.0010647585,0.0,0.0010647584,0.0010512401,0.0,0.0,0.0010512462,0.0010353222,0.0010259389,0.0010365251,0.0011113446,0.0,0.0010647682,0.0010647591,0.001059175,0.0010704697,0.0,0.0009941712,0.0,0.0010647592,0.0010512401,0.0,0.0010647583,0.00105124,0.0010439607,0.001076289,0.0010647584,0.00105124,0.0023389012,0.0010647584,0.00105124,0.0010439596,0.0,0.0010647584,0.0010512401,0.0010439588,0.0010550087,0.0010610616,0.001072981,0.0010762908,0.0010647584,0.00105124,0.0010439588,0.0010550087,0.0010610616,0.0010729808,0.001076279,0.0,0.0,0.001035322,0.001016498,0.001072082,0.0010944542,0.0010762865,0.0,0.00105124,0.001035322,0.0010259389,0.0010365251,0.0011113442,0.0,0.0010647585,0.0,0.001035322,0.001016498,0.001072082,0.0010834684,0.0010762874,0.0,0.00105124,0.001035322,0.0010259389,0.0010365251,0.0011113499,0.0016707823,0.0010647584,0.00105124,0.0010439588,0.0010550087,0.0010610616,0.0010729826,0.0010762902,0.0010647584,0.00105124,0.0010439588,0.0010550087,0.0010610616,0.0010729809,0.0,0.0010647587,0.00105124,0.0010439588,0.0010550087,0.0010610616,0.0010729809,0.0,0.0,0.00105124,0.001035322,0.0010259389,0.0010365251,0.001111344,0.0010762891,0.0010647584,0.0,0.0,0.0010647585,0.0010647584,0.0010591754,0.0010762777,0.0,0.0010512401,0.0,0.0010647585,0.00105124,0.0010720852,0.0010762544,0.0,0.0010647585,0.0010512398,0.0010439588,0.0,0.0010647586,0.0,0.0010647583,0.0,0.001035322,0.001016498,0.0010720821,0.0010834733,0.0010762888,0.0,0.00105124,0.001035322,0.0010259389,0.0010365255,0.0011113909,0.00107629,0.0,0.0,0.001035322,0.001016498,0.001072082,0.0010944542,0.0,0.0010647585,0.0010512401,0.0010439588,0.0010550087,0.0010610616,0.001072981,0.0010762675,0.0010647585,0.00105124,0.0,0.0010647582,0.00105124,0.0010439593,0.001076289,0.0,0.00105124,0.0010353221,0.0010259389,0.0010365251,0.0011113462,0.0010762898,0.0,0.0010512401,0.0010353216,0.0010259389,0.0010365252,0.0011113451,0.0,0.0010647585,0.0010647583,0.001059175,0.0010704697,0.0,0.000994214,0.001076271,0.0,0.0010512398,0.001035322,0.0010259389,0.0010365251,0.001111344,0.00107629,0.0,0.0,0.001035322,0.001016498,0.001072082,0.0010944561,0.0010762597,0.0010647583,0.0,0.0010353223,0.0010164981,0.0010720817,0.0010834747,0.0,0.0010647584,0.00105124,0.0010439588,0.0010550087,0.0010610616,0.0010729809,0.0,0.0010647589,0.0,0.001035322,0.001016498,0.001072082,0.0010834684,0.0,0.0010647584,0.0010512401,0.0010439588,0.0010550087,0.0010610616,0.001072981,0.0010762879,0.0010647584,0.0010512401,0.001043959,0.0010550087,0.0010610616,0.0010729814,0.0,0.0,0.0,0.001035322,0.001016498,0.001072082,0.0010944548,0.0010762908,0.0010647584,0.0011672527,0.001035322,0.001016498,0.001072082,0.0010834691,0.0010762893,0.0010647584,0.00105124,0.001072082,0.0,0.001035322,0.0010164981,0.0,0.0010647584,0.00105124,0.0010439588,0.0010550087,0.0010610616,0.0010729819,0.0,0.0010647584,0.00105124,0.0010439588,0.0010550087,0.0010610616,0.001072981,0.0,0.001064758,0.00105124,0.0010439588,0.0010550087,0.0010610616,0.0010729834,0.0010762856,0.0010647584,0.00105124,0.0010439588,0.0010550087,0.0010610616,0.0010729813,0.0,0.0013752918,0.00105124,0.001035322,0.0010259389,0.0010365251,0.0011113444,0.0,0.0010647584,0.00105124,0.0010439588,0.0010550087,0.0010610616,0.001072981,0.0010763162,0.0010647592,0.0010512401,0.0010439588,0.0010550087,0.0010610616,0.0010729843
k__Bacteria|p__Firmicutes|c__Bacilli|o__Lactobacillales|f__Streptococcaceae|g__Streptococcus|s__Streptococcus_vestibularis,0.0,0.0010781414,0.0010649757,0.0010579235,0.0010689204,0.0010750013,0.0010867453,0.002266568,0.0010781414,0.0010649757,0.0010579235,0.0010689204,0.0010750013,0.0010867451,0.0,0.0027740689,0.0010649911,0.0010494195,0.0010402639,0.0010508511,0.0011234403,0.0010893416,0.0,0.0010649757,0.0010494083,0.0010402632,0.0010508511,0.0011234398,0.009993318,0.0,0.0010649757,0.0010494083,0.0010402632,0.0010508511,0.0011234394,0.0010893258,0.0010781414,0.0010649757,0.0010579235,0.0010689204,0.0010750013,0.0010867451,0.045801796,0.0010781417,0.0010649757,0.0010579235,0.0010689204,0.0010750013,0.0010867453,0.0010893259,0.0010781414,0.0010649757,0.0010579235,0.0010689204,0.0010750013,0.0010867454,0.005323438,0.0010781415,0.0010649762,0.0010579237,0.0010689204,0.0010750013,0.001086746,0.0,0.0010781414,0.0010649757,0.0010579235,0.0010689204,0.0010750013,0.0010867454,0.0,0.0010781414,0.0,0.0010494083,0.0010309234,0.0010853116,0.0010965394,0.0,0.0010781414,0.0010649757,0.0010579235,0.0010689204,0.0010750013,0.0010867459,0.0,0.0,0.0,0.0010494083,0.0010309234,0.0010853116,0.001107115,0.0010893291,0.0010781414,0.0,0.0010494083,0.0010309234,0.0010853116,0.001096545,0.0010893651,0.0,0.0,0.0010494082,0.0010309234,0.0010853116,0.0011071139,0.0010893373,0.45784035,0.0010649757,0.0,0.0010781414,0.0010649757,0.0010853116,0.0010893275,0.0021536048,0.0014664705,0.0010494083,0.0010309234,0.0010853116,0.0011071127,0.0,0.0010781427,0.0,0.0010494083,0.0010309234,0.0010853116,0.001096538,0.0015117277,0.0,0.0010649767,0.0010781423,0.0016677442,0.0010494083,0.0010781413,0.0010893452,0.0010781415,0.0,0.0010494082,0.0010309234,0.0010853116,0.0010965379,0.0,0.0,0.0010649759,0.0010494083,0.0010402632,0.0010508511,0.0011234399,0.0,0.0018336523,0.0010649757,0.0,0.0010781414,0.0010649757,0.0010853118,0.0,0.0010781458,0.0,0.0010781415,0.0,0.0010781414,0.0010649757,0.0,0.0023553318,0.0010649958,0.0010494114,0.0010402633,0.0010508511,0.0011234403,0.0,0.001078183,0.0010781458,0.0010727725,0.0010839596,0.0,0.0010089102,0.0,0.0010781436,0.0010649768,0.0,0.0010781416,0.0010649759,0.0010579258,0.0010893292,0.0010781414,0.0010649757,0.0056454735,0.0010781414,0.0010649757,0.0010579245,0.0,0.0010781416,0.0010649757,0.0010579235,0.0010689204,0.0010750013,0.0010867454,0.0010893256,0.0010781414,0.0010649757,0.0010579235,0.0010689204,0.0010750013,0.0010867454,0.0010893394,0.0,0.0,0.0010494083,0.0010309234,0.0010853116,0.0011071127,0.0010893291,0.0,0.0010649757,0.0010494083,0.0010402632,0.0010508511,0.0011234398,0.004331509,0.0010781415,0.0,0.0010494083,0.0010309234,0.0010853116,0.0010965379,0.0010893343,0.0,0.0010649757,0.0010494083,0.0010402632,0.0010508511,0.0011234455,0.0,0.0010781414,0.0010649757,0.0010579235,0.0010689204,0.0010750013,0.0010867465,0.0010893261,0.0010781414,0.0010649757,0.0010579235,0.0010689204,0.0010750013,0.0010867451,0.0,0.0010781421,0.0010649759,0.0010579235,0.0010689204,0.0010750013,0.0010867453,0.0,0.0,0.0010649757,0.0010494083,0.0010402632,0.0010508511,0.0011234399,0.0010893266,0.0010781414,0.0,0.0,0.0010781415,0.0010781414,0.0010727725,0.0010893442,0.0,0.0010649761,0.0,0.0010781415,0.0010649757,0.001085313,0.0010893862,0.0,0.0010781416,0.0010649759,0.0010579235,0.0,0.0010781419,0.0015860706,0.0010781413,0.0,0.0010494083,0.0010309234,0.0010853118,0.0010965408,0.0010893287,0.0,0.0010649757,0.0010494083,0.001040263,0.0010508513,0.0011234896,0.0010893375,0.0,0.0,0.0010494083,0.0010309234,0.0010853116,0.0011071126,0.0,0.0010781415,0.0010649757,0.0010579235,0.0010689204,0.0010750013,0.0010867454,0.0010893235,0.0010781415,0.0010649759,0.0,0.0010781414,0.0010649757,0.0010579244,0.001089327,0.0,0.0010649759,0.0010494083,0.0010402632,0.0010508511,0.0011234414,0.0010893277,0.0,0.0010649757,0.0010494083,0.0010402633,0.0010508511,0.0011234407,0.0,0.0010781415,0.0010781416,0.0010727721,0.0010839594,0.0,0.0010089518,0.001089345,0.0,0.0010649759,0.0010494083,0.0010402632,0.0010508511,0.0011234394,0.0010893291,0.0,0.0,0.0010494083,0.0010309234,0.0010853116,0.0011071143,0.0010893573,0.0010781421,0.008145082,0.001049409,0.0010309236,0.0010853118,0.0010965441,0.0,0.0010781415,0.0010649759,0.0010579235,0.0010689204,0.0010750013,0.0010867451,0.0,0.0010781426,0.0,0.0010494083,0.0010309234,0.0010853116,0.0010965379,0.0,0.0010781415,0.0010649759,0.0010579235,0.0010689204,0.0010750013,0.0010867454,0.0010893333,0.0010781415,0.0010649757,0.0010579237,0.0010689204,0.0010750013,0.0010867456,0.0,0.0,0.0,0.0010494083,0.0010309234,0.0010853116,0.0011071131,0.0010893255,0.0010781414,0.0,0.0010494083,0.0010309234,0.0010853116,0.0010965386,0.0010893333,0.0010781415,0.0010649757,0.0010853116,0.0,0.0010494083,0.0010309234,0.0,0.0010781414,0.0010649757,0.0010579235,0.0010689204,0.0010750013,0.0010867459,0.0,0.0010781414,0.0010649757,0.0010579235,0.0010689204,0.0010750013,0.0010867454,0.0,0.0010781419,0.0010649759,0.0010579235,0.0010689204,0.0010750013,0.0010867469,0.0010893304,0.0010781414,0.0010649757,0.0010579235,0.0010689204,0.0010750013,0.0010867455,0.0015432506,0.0,0.0010649757,0.0010494083,0.0010402632,0.0010508511,0.00112344,0.0,0.0010781414,0.0010649757,0.0010579235,0.0010689204,0.0010750013,0.0010867452,0.0010894458,0.001078143,0.001064976,0.0010579235,0.0010689204,0.0010750013,0.0010867477
k__Bacteria|p__Firmicutes|c__Clostridia|o__Eubacteriales|f__Lachnospiraceae|g__Sellimonas|s__Sellimonas_intestinalis,0.0,0.0010619593,0.0010483026,0.0010408781,0.0010517702,0.0010576522,0.0010694921,0.0,0.0010619597,0.0010483026,0.0010408781,0.0010517702,0.0010576522,0.001069492,0.0,0.0,0.0010483264,0.001032259,0.0010227127,0.0010331251,0.0011086079,0.0010736891,0.0,0.0010483026,0.0010322431,0.0010227117,0.0010331251,0.0011086067,0.0,0.0,0.0010483026,0.0010322431,0.0010227117,0.0010331251,0.0011086067,0.0010736266,0.0010619595,0.0010483026,0.0010408781,0.0010517702,0.0010576522,0.001069492,0.0,0.00106196,0.0010483027,0.0010408781,0.0010517702,0.0010576522,0.0010694929,0.0010736267,0.0010619595,0.0010483026,0.0010408781,0.0010517702,0.0010576522,0.001069492,0.0,0.0010619598,0.0010483037,0.0010408782,0.0010517704,0.0010576518,0.0010694928,0.0,0.0010619597,0.0010483026,0.0010408781,0.0010517702,0.0010576522,0.001069492,0.0,0.0010619597,0.0,0.0010322431,0.0010132779,0.001069288,0.0010805501,0.0,0.0010619595,0.0010483026,0.0010408781,0.0010517702,0.0010576522,0.0010694922,0.0,0.0,0.0,0.0010322431,0.0010132779,0.001069288,0.0010916869,0.0010736439,0.0010619597,0.0,0.0010322431,0.0010132779,0.001069288,0.0010805579,0.0010737512,0.0,0.0,0.0010322434,0.0010132779,0.001069288,0.0010916864,0.0010736713,0.0,0.0010483026,0.0,0.0010619595,0.0010483026,0.001069288,0.001073632,0.0,0.0,0.0010322431,0.0010132779,0.001069288,0.0010916856,0.0,0.001061962,0.0,0.0010322431,0.0010132779,0.001069288,0.0010805485,0.0,0.0,0.0010483037,0.0010619613,0.0,0.0010322431,0.0010619597,0.0010736677,0.0010619598,0.0,0.0010322431,0.0010132779,0.001069288,0.0010805483,0.0,0.0,0.0010483027,0.0010322431,0.0010227117,0.0010331251,0.0011086075,0.0,0.0,0.0010483026,0.0,0.0010619595,0.0010483026,0.0010692879,0.0,0.0010619652,0.0,0.0010619597,0.0,0.0010619595,0.0010483027,0.0,0.0,0.0010483296,0.0010322478,0.0010227117,0.0010331251,0.0011086076,0.0,0.0010620289,0.0010619672,0.0010562403,0.0010673924,0.002098778,0.0009908144,0.0,0.0010619629,0.001048304,0.0,0.0010619599,0.0010483027,0.0010408817,0.0010736383,0.0010619595,0.0010483026,0.0,0.0010619595,0.0010483026,0.0010408792,0.0,0.0010619595,0.0010483027,0.0010408781,0.0010517702,0.0010576522,0.001069492,0.0010736267,0.0010619595,0.0010483026,0.0010408781,0.0010517702,0.0010576522,0.001069492,0.0010736712,0.0,0.0,0.0010322431,0.0010132779,0.001069288,0.0010916856,0.0010736368,0.0,0.0010483026,0.0010322431,0.0010227117,0.0010331251,0.0011086073,0.0,0.0010619597,0.0,0.0010322431,0.0010132779,0.001069288,0.001080548,0.0010736582,0.0,0.0010483026,0.0010322431,0.0010227117,0.0010331251,0.0011086173,0.0,0.0010619595,0.0010483026,0.0010408781,0.0010517702,0.0010576522,0.0010694932,0.0010736283,0.0010619595,0.0010483026,0.0010408781,0.0010517702,0.0010576522,0.001069492,0.0,0.0010619604,0.0010483027,0.0010408781,0.0010517702,0.0010576522,0.0010694922,0.0,0.0,0.0010483026,0.0010322431,0.0010227117,0.0010331251,0.0011086072,0.0010736312,0.0010619595,0.0,0.0,0.0010619597,0.0010619597,0.0010562396,0.0010736918,0.0,0.001048303,0.0,0.0010619597,0.0010483026,0.0010692923,0.0010738233,0.0,0.0010619599,0.0010483027,0.0010408781,0.0,0.0010619601,0.0,0.0010619594,0.0,0.0010322431,0.0010132779,0.001069288,0.0010805577,0.0010736363,0.0,0.0010483026,0.0010322431,0.0010227117,0.0010331256,0.00110868,0.0010736526,0.0,0.0,0.0010322431,0.0010132779,0.001069288,0.0010916851,0.0,0.0010619597,0.0010483027,0.0010408781,0.0010517702,0.0010576522,0.001069492,0.0010736675,0.0010619595,0.0010483027,0.0,0.0010619594,0.0010483026,0.0010408796,0.001073631,0.0,0.0010483027,0.0010322432,0.0010227117,0.0010331251,0.0011086086,0.0010736331,0.0,0.0010483027,0.0010322431,0.0010227117,0.001033125,0.0011086093,0.0,0.0010619598,0.0010619599,0.0010562395,0.0010673923,0.0,0.0009908567,0.001073686,0.0,0.0010483027,0.0010322431,0.0010227117,0.0010331251,0.0011086067,0.0010736354,0.0017787655,0.014885147,0.0010322431,0.0010132779,0.001069288,0.0010916865,0.0010737428,0.0010619609,0.0,0.0010322448,0.001013278,0.0010692881,0.001080556,0.0,0.0010619595,0.0010483027,0.0010408781,0.0010517702,0.0010576522,0.001069492,0.0,0.0010619613,0.0,0.0010322431,0.0010132779,0.001069288,0.001080548,0.0,0.0010619594,0.0010483027,0.0010408781,0.0010517702,0.0010576522,0.001069492,0.0010736499,0.0010619598,0.001048303,0.0010408784,0.0010517704,0.0010576522,0.0010694924,0.0,0.0,0.0,0.0010322431,0.0010132779,0.001069288,0.001091686,0.0010736262,0.0010619595,0.0,0.0010322431,0.0010132779,0.001069288,0.0010805494,0.0010736459,0.0010619595,0.0010483026,0.001069288,0.0,0.0010322431,0.001013278,0.021291185,0.0010619595,0.0010483026,0.0010408781,0.0010517702,0.0010576522,0.0010694929,0.0,0.0010619595,0.0010483026,0.0010408781,0.0010517702,0.0010576522,0.0010694923,0.0,0.0010619605,0.0010483027,0.0010408781,0.0010517702,0.0010576522,0.001069494,0.0010736429,0.0010619595,0.0010483026,0.0010408781,0.0010517702,0.0010576522,0.0010694924,0.0,0.0,0.0010483026,0.0010322431,0.0010227117,0.0010331251,0.0011086075,0.0,0.0010619595,0.0010483026,0.0010408781,0.0010517702,0.0010576522,0.001069492,0.001073965,0.0010619618,0.001048303,0.001040878,0.0010517704,0.0010576522,0.0010694945
k__Bacteria|p__Firmicutes|c__Bacilli|o__Lactobacillales|f__Enterococcaceae|g__Enterococcus|s__Enterococcus_avium,0.0,0.001068273,0.0010549474,0.0010478739,0.0010591692,0.0010654842,0.0010775356,0.0,0.001068273,0.0010549474,0.0010478739,0.0010591692,0.0010654842,0.0010775356,0.0,0.0,0.0010549593,0.0010392352,0.0010300594,0.0010409114,0.0011148385,0.0010796388,0.0,0.0010549474,0.0010392267,0.0010300592,0.0010409114,0.0011148374,0.0,0.0,0.0010549474,0.0010392267,0.0010300592,0.0010409114,0.0011148374,0.0010796197,0.001068273,0.0010549474,0.0010478739,0.0010591692,0.0010654842,0.0010775353,0.0,0.0010682732,0.0010549474,0.0010478739,0.0010591692,0.0010654842,0.0010775364,0.0010796199,0.001068273,0.0010549474,0.0010478739,0.0010591692,0.0010654842,0.0010775354,0.0,0.0010682731,0.0010549477,0.001047874,0.0010591692,0.0010654842,0.0010775361,0.0,0.001068273,0.0010549474,0.0010478739,0.0010591692,0.0010654842,0.0010775354,0.0,0.001068273,0.003792598,0.0010392267,0.0010206021,0.0010755977,0.0010871905,0.0,0.001068273,0.0010549474,0.0010478739,0.0010591692,0.0010654842,0.0010775365,0.0,0.0,0.0,0.0010392267,0.0010206021,0.0010755977,0.0010979673,0.0010796252,0.0010682727,0.0,0.0010392267,0.0010206021,0.0010755977,0.0010871972,0.001079665,0.0,0.0,0.0010392269,0.0010206021,0.0010755977,0.0010979667,0.0010796317,0.0,0.0010549474,0.0,0.001068273,0.0010549474,0.001075598,0.0010796218,0.0,0.0,0.0010392267,0.0010206021,0.0010755977,0.0010979648,0.0,0.0010682743,0.0,0.0010392267,0.0010206021,0.0010755977,0.0010871885,0.0,0.0,0.0010549484,0.0010682739,0.0,0.0010392267,0.0010682731,0.0010796385,0.0010682731,0.0,0.0010392265,0.0010206021,0.0010755977,0.0010871881,0.0,0.0,0.0010549475,0.0010392267,0.0010300592,0.0010409114,0.0011148377,0.0,0.0,0.0010549474,0.0,0.001068273,0.0010549474,0.0010755978,0.0,0.0010682768,0.0,0.0010682731,0.0,0.001068273,0.0010549475,0.0,0.0,0.0010549622,0.0010392288,0.0010300591,0.0010409114,0.0011148383,0.0,0.001068299,0.001068276,0.0010628882,0.0010744068,0.0,0.000998475,0.0,0.001068275,0.0010549481,0.0,0.0010682731,0.0010549475,0.0010478768,0.0010796239,0.001068273,0.0010549474,0.0023856377,0.001068273,0.0010549474,0.0010478754,0.0,0.0010682732,0.0010549475,0.0010478739,0.0010591692,0.0010654842,0.0010775356,0.0010796197,0.001068273,0.0010549474,0.0010478739,0.0010591692,0.0010654842,0.0010775354,0.0010796373,0.0,0.0,0.0010392267,0.0010206021,0.0010755977,0.0010979646,0.0010796221,0.0,0.0010549474,0.0010392267,0.0010300592,0.0010409114,0.0011148377,0.0,0.0010682731,0.031886905,0.0010392267,0.0010206021,0.0010755977,0.001087188,0.0010796315,0.008541642,0.0010549474,0.0010392267,0.0010300592,0.0010409114,0.001114846,0.0,0.001068273,0.0010549474,0.0010478739,0.0010591692,0.0010654842,0.0010775377,0.0010796199,0.001068273,0.0010549474,0.0010478739,0.0010591692,0.0010654842,0.0010775353,0.0,0.0010682733,0.0010549475,0.0010478739,0.0010591692,0.0010654842,0.0010775356,0.0,0.0,0.0010549474,0.0010392267,0.0010300592,0.0010409114,0.0011148374,0.0010796207,0.001068273,0.0,0.0,0.0010682731,0.001068273,0.0010628885,0.0010796427,0.0,0.0010549475,0.0,0.0010682731,0.0010549474,0.0010756012,0.0010796865,0.0,0.0010682732,0.0010549475,0.0010478739,0.0,0.0010682739,0.0,0.0010682729,0.0,0.0010392267,0.0010206021,0.0010755976,0.0010871968,0.0010796238,0.0,0.0010549474,0.0010392267,0.0010300591,0.001040912,0.0011149093,0.001079633,0.0,0.0,0.0010392267,0.0010206021,0.0010755977,0.0010979646,0.0,0.0010682731,0.0010549475,0.0010478739,0.0010591692,0.0010654842,0.0010775356,0.0010796177,0.0010682731,0.0010549475,0.0,0.001068273,0.0010549474,0.001047875,0.0010796213,0.0,0.0010549475,0.0010392267,0.0010300592,0.0010409114,0.0011148406,0.0010796224,0.0,0.0010549475,0.0010392267,0.0010300591,0.0010409115,0.0011148402,0.0,0.0010682731,0.0010682732,0.0010628877,0.001074407,0.0,0.0009985227,0.0010796371,0.0,0.0010549475,0.0010392267,0.0010300592,0.0010409114,0.0011148374,0.0010796234,0.0,0.0,0.0010392267,0.0010206021,0.0010755977,0.0010979671,0.0010796598,0.0010682733,0.0,0.0010392275,0.0010206022,0.0010755977,0.0010871971,0.0,0.0010682731,0.0010549475,0.0010478739,0.0010591692,0.0010654842,0.0010775353,0.0,0.0010682739,0.0,0.0010392267,0.0010206021,0.0010755977,0.001087188,0.0,0.0010682731,0.0010549475,0.0010478739,0.0010591692,0.0010654842,0.0010775354,0.0010796301,0.0010682731,0.0010549474,0.001047874,0.0010591692,0.0010654842,0.0010775359,0.0028646002,0.0041610566,0.0026589888,0.0010392267,0.0010206021,0.0010755977,0.0010979653,0.0010796193,0.001068273,0.0,0.0010392267,0.0010206021,0.0010755977,0.0010871893,0.0010796287,0.0010682731,0.0010549474,0.0010755977,0.021477517,0.0010392267,0.0010206022,0.00087757007,0.001068273,0.0010549474,0.0010478739,0.0010591692,0.0010654842,0.0010775367,0.0,0.001068273,0.0010549474,0.0010478739,0.0010591692,0.0010654842,0.0010775359,0.0,0.0010682733,0.0010549475,0.0010478739,0.0010591692,0.0010654842,0.0010775389,0.0010796243,0.001068273,0.0010549474,0.0010478739,0.0010591692,0.0010654842,0.0010775363,0.0,0.0,0.0010549474,0.0010392267,0.0010300592,0.0010409114,0.001114838,0.009321876,0.001068273,0.0010549474,0.0010478739,0.0010591692,0.0010654842,0.0010775354,0.0010797621,0.0010682744,0.0010549474,0.0010478739,0.0010591692,0.0010654842,0.0010775394
k__Bacteria|p__Firmicutes|c__Bacilli|o__Lactobacillales|f__Lactobacillaceae|g__Lacticaseibacillus|s__Lacticaseibacillus_rhamnosus,0.002888641,0.0010691036,0.0010557021,0.0010484994,0.0010595404,0.0010656104,0.0010774788,0.0,0.0010691037,0.0010557021,0.0010484994,0.0010595404,0.0010656104,0.0010774789,0.0,0.0,0.001055722,0.001039914,0.0010305997,0.0010411942,0.0011152837,0.0010805475,0.0,0.0010557021,0.0010399002,0.0010305988,0.0010411942,0.0011152833,0.15035012,0.012631542,0.0010557021,0.0010399005,0.0010305988,0.0010411942,0.0011152832,0.0010805213,0.0010691036,0.0010557021,0.0010484994,0.0010595404,0.0010656104,0.0010774786,0.0,0.0010691042,0.0010557022,0.0010484994,0.0010595404,0.0010656104,0.0010774789,0.0010805214,0.0010691036,0.0010557021,0.0010484994,0.0010595404,0.0010656104,0.0010774788,0.003577292,0.0010691041,0.0010557028,0.0010484998,0.0010595404,0.0010656104,0.0010774793,0.0,0.0010691037,0.0010557021,0.0010484994,0.0010595404,0.0010656104,0.0010774788,0.0,0.0010691037,0.0,0.0010399005,0.0010211891,0.0010763791,0.001087723,0.0,0.0010691036,0.0010557021,0.0010484994,0.0010595404,0.0010656104,0.001077479,0.0,0.0,0.0,0.0010399005,0.0010211891,0.0010763791,0.001098573,0.0010805276,0.0010691037,0.0,0.0010399005,0.0010211891,0.0010763791,0.0010877289,0.0010805805,0.0,0.0,0.0010399006,0.0010211891,0.0010763791,0.0010985726,0.0010805409,0.0,0.0010557021,0.0,0.0010691036,0.0010557021,0.001076379,0.0010805238,0.0,0.0,0.0010399002,0.0010211891,0.0010763791,0.0010985716,0.0034014047,0.0010691056,0.010469657,0.0010399002,0.0010211891,0.0010763791,0.0010877219,0.017117186,0.011025257,0.0010557033,0.0010691051,0.0,0.0010399002,0.0010691037,0.0010805478,0.0010691041,0.0,0.0010399002,0.0010211891,0.0010763791,0.0010877218,0.0,0.0,0.0010557023,0.0010399005,0.0010305988,0.0010411942,0.0011152837,0.0,0.0,0.0010557021,0.0,0.0010691036,0.0010557021,0.0010763791,0.0,0.0010691092,0.0038519786,0.0010691037,0.0013939635,0.0010691036,0.0010557022,0.0,0.0,0.001055727,0.0010399044,0.0010305988,0.0010411942,0.0011152838,0.0,0.0010691577,0.0010691098,0.0010635947,0.0010748619,0.0024332253,0.0009989665,0.0,0.0010691066,0.0010557034,0.0,0.0010691041,0.0010557022,0.001048502,0.0010805267,0.0010691036,0.0010557021,0.0,0.0010691036,0.0010557021,0.0010485004,0.0,0.0010691038,0.0010557022,0.0010484994,0.0010595404,0.0010656104,0.0010774788,0.001080521,0.0010691036,0.0010557021,0.0010484994,0.0010595404,0.0010656104,0.0010774788,0.0010805427,0.0,0.0,0.0010399002,0.0010211891,0.0010763791,0.0010985716,0.0010805266,0.0,0.0010557021,0.0010399002,0.0010305988,0.0010411942,0.0011152833,0.0,0.0010691037,0.0043228692,0.0010399002,0.0010211891,0.0010763791,0.0010877217,0.0010805357,0.0,0.0010557021,0.0010399005,0.0010305988,0.0010411942,0.00111529,0.0,0.0010691036,0.0010557021,0.0010484994,0.0010595404,0.0010656104,0.0010774798,0.0010805216,0.0010691036,0.0010557021,0.0010484994,0.0010595404,0.0010656104,0.0010774786,0.0,0.0010691044,0.0010557022,0.0010484994,0.0010595404,0.0010656104,0.0010774788,0.0,0.0,0.0010557021,0.0010399005,0.0010305988,0.0010411942,0.0011152835,0.0010805225,0.0010691036,0.0,0.0,0.0010691037,0.0010691037,0.0010635942,0.0010805489,0.0014533291,0.0010557025,0.0,0.0010691037,0.0010557021,0.0010763819,0.001080614,0.0,0.0010691037,0.0010557022,0.0010484994,0.0,0.0010691042,0.0,0.0010691035,0.0,0.0010399002,0.0010211891,0.0010763792,0.0010877268,0.0010805259,0.0,0.0010557021,0.0010399002,0.0010305988,0.0010411944,0.0011153365,0.0010805367,0.0,0.020637339,0.0010399005,0.0010211891,0.0010763791,0.0010985715,0.0,0.0010691037,0.0010557022,0.0010484994,0.0010595404,0.0010656104,0.0010774789,0.0010805153,0.0010691037,0.0010557022,0.0,0.0010691036,0.0010557021,0.0010485005,0.0010805231,0.0,0.0010557022,0.0010399006,0.0010305988,0.0010411942,0.0011152847,0.0010805243,0.0,0.0010557022,0.0010399005,0.0010305988,0.0010411942,0.0011152846,0.0,0.0010691037,0.0010691038,0.001063594,0.0010748621,0.0,0.0009990053,0.0010805486,0.0024589861,0.0010557022,0.0010399002,0.0010305988,0.0010411942,0.0011152832,0.0010805255,0.0039419373,0.0046818047,0.0010399002,0.0010211891,0.0010763791,0.0010985727,0.0010805724,0.0010691049,0.0,0.0010399016,0.0010211893,0.0010763791,0.0010877277,0.0,0.0010691037,0.0010557022,0.0010484994,0.0010595404,0.0010656104,0.0010774786,0.0,0.0010691052,0.0,0.0010399005,0.0010211891,0.0010763791,0.0010877217,0.0,0.0010691037,0.0010557023,0.0010484994,0.0010595404,0.0010656104,0.0010774788,0.0010805329,0.0010691038,0.0010557021,0.0010484998,0.0010595404,0.0010656104,0.0010774789,0.0,0.0,0.0,0.0010399002,0.0010211891,0.0010763791,0.0010985719,0.0010805208,0.0010691036,0.0,0.0010399002,0.0010211891,0.0010763791,0.0010877224,0.0010805317,0.0010691037,0.0010557021,0.0010763791,0.0,0.0010399002,0.0010211891,0.010000982,0.0010691036,0.0010557021,0.0010484994,0.0010595404,0.0010656104,0.0010774791,0.0,0.0010691036,0.0010557021,0.0010484994,0.0010595404,0.0010656104,0.0010774789,0.0,0.0010691044,0.0010557022,0.0010484994,0.0010595404,0.0010656104,0.0010774803,0.0010805292,0.0010691036,0.0010557021,0.0010484994,0.0010595404,0.0010656104,0.001077479,0.0,0.0,0.0010557021,0.0010399002,0.0010305988,0.0010411942,0.0011152835,0.0,0.0010691036,0.0010557021,0.0010484994,0.0010595404,0.0010656104,0.0010774788,0.0010806824,0.0010691057,0.0010557025,0.0010484994,0.0010595404,0.0010656104,0.0010774806
k__Bacteria|p__Firmicutes|c__Clostridia|o__Eubacteriales|f__Lachnospiraceae|g__Blautia|s__Blautia_caecimuris,0.0,0.0010592893,0.0010456544,0.0010383186,0.0010494551,0.0010555612,0.0010675965,0.0,0.0010592894,0.0010456544,0.0010383186,0.0010494551,0.0010555612,0.0010675964,0.0,0.0,0.0010456683,0.0010296304,0.0010201832,0.0010308351,0.0011064773,0.0010709893,0.0,0.0010456544,0.001029622,0.0010201826,0.0010308351,0.0011064756,0.0,0.0,0.0010456544,0.001029622,0.0010201826,0.0010308351,0.0011064756,0.001070939,0.0010592893,0.0010456544,0.0010383186,0.0010494551,0.0010555612,0.0010675963,0.0,0.0010592897,0.0010456544,0.0010383186,0.0010494551,0.0010555612,0.0010675979,0.0010709391,0.0010592893,0.0010456544,0.0010383186,0.0010494551,0.0010555612,0.0010675965,0.0,0.0010592898,0.0010456555,0.0010383188,0.0010494551,0.0010555612,0.0010675971,0.0,0.0010592894,0.0010456544,0.0010383186,0.0010494551,0.0010555612,0.0010675964,0.0,0.0010592894,0.0,0.001029622,0.0010106905,0.0010666852,0.0010782024,0.0,0.0010592893,0.0010456544,0.0010383186,0.0010494551,0.0010555612,0.0010675979,0.0,0.0,0.0,0.001029622,0.0010106905,0.0010666852,0.0010893284,0.0010709541,0.0010592894,0.0,0.001029622,0.0010106905,0.0010666852,0.0010782134,0.0010710444,0.0,0.0,0.0010296224,0.0010106905,0.0010666852,0.0010893277,0.0010709739,0.0,0.0010456544,0.0,0.0010592893,0.0010456544,0.0010666854,0.0010709434,0.0,0.0,0.001029622,0.0010106905,0.0010666852,0.0010893253,0.0,0.0010592912,0.0,0.0010296223,0.0010106905,0.0010666852,0.0010781998,0.0,0.0,0.0010456552,0.0010592905,0.0,0.001029622,0.0010592898,0.0010709665,0.0010592898,0.0,0.0010296223,0.0010106905,0.0010666852,0.001078199,0.0,0.0,0.0010456544,0.001029622,0.0010201826,0.0010308351,0.0011064763,0.0,0.0,0.0010456544,0.0,0.0010592893,0.0010456544,0.0010666854,0.0,0.001059294,0.0,0.0010592894,0.0,0.0010592893,0.0010456545,0.0,0.0,0.0010456685,0.0010296245,0.0010201827,0.0010308351,0.001106477,0.0,0.0010593234,0.0010592933,0.0010536563,0.0010650578,0.0,0.0009882763,0.0,0.001059292,0.0010456553,0.0,0.0010592898,0.0010456545,0.001038323,0.0010709479,0.0010592893,0.0010456544,0.0,0.0010592893,0.0010456544,0.0010383205,0.0,0.0010592896,0.0010456545,0.0010383186,0.0010494551,0.0010555612,0.0010675965,0.0010709389,0.0010592893,0.0010456544,0.0010383186,0.0010494551,0.0010555612,0.0010675964,0.001070975,0.0,0.0,0.001029622,0.0010106905,0.0010666852,0.0010893251,0.0010709446,0.0,0.0010456544,0.001029622,0.0010201826,0.0010308351,0.0011064764,0.0,0.0010592894,0.0,0.001029622,0.0010106905,0.0010666852,0.0010781989,0.0010709664,0.0,0.0010456544,0.001029622,0.0010201826,0.0010308353,0.0011064915,0.0,0.0010592893,0.0010456544,0.0010383186,0.0010494551,0.0010555612,0.0010675993,0.00107094,0.0010592893,0.0010456544,0.0010383186,0.0010494551,0.0010555612,0.0010675963,0.0,0.00105929,0.0010456545,0.0010383186,0.0010494551,0.0010555612,0.0010675968,0.0,0.0,0.0010456544,0.001029622,0.0010201826,0.0010308351,0.0011064758,0.0010709425,0.0010592893,0.0,0.0,0.0010592894,0.0010592894,0.0010536567,0.0010709929,0.0,0.0010456549,0.0,0.0010592894,0.0010456544,0.0010666924,0.0010711075,0.0,0.0010592894,0.0010456545,0.0010383186,0.0,0.0010592907,0.0,0.0010592892,0.0,0.0010296223,0.0010106905,0.0010666852,0.0010782134,0.0010709466,0.0,0.0010456544,0.0010296223,0.0010201827,0.0010308359,0.0011065912,0.0010709604,0.0,0.0,0.001029622,0.0010106905,0.0010666852,0.0010893251,0.21785292,0.0010592894,0.0010456545,0.0010383186,0.0010494551,0.0010555612,0.0010675964,0.0010709718,0.0010592894,0.0010456545,0.0,0.0010592893,0.0010456544,0.0010383202,0.0010709425,0.0,0.0010456545,0.0010296224,0.0010201824,0.0010308351,0.0011064799,0.0010709444,0.0,0.0010456545,0.0010296223,0.0010201827,0.0010308354,0.0011064799,0.0,0.0010592894,0.0010592898,0.001053656,0.0010650579,0.0,0.0009883307,0.0010709823,0.0,0.0010456545,0.001029622,0.0010201826,0.0010308351,0.0011064756,0.0010709469,0.0,0.0,0.001029622,0.0010106905,0.0010666852,0.0010893281,0.0010710343,0.0010592905,0.0,0.0010296234,0.0010106912,0.0010666855,0.001078212,0.0,0.0010592894,0.0010456545,0.0010383186,0.0010494551,0.0010555612,0.0010675963,0.0,0.0010592908,0.0,0.001029622,0.0010106905,0.0010666852,0.0010781989,0.0,0.0010592896,0.0010456544,0.0010383186,0.0010494551,0.0010555612,0.0010675966,0.0010709615,0.0010592897,0.0010456548,0.0010383188,0.0010494551,0.0010555612,0.0010675973,0.0,0.0,0.0,0.001029622,0.0010106905,0.0010666852,0.0010893262,0.0010709384,0.0010592893,0.0,0.001029622,0.0010106905,0.0010666852,0.0010782009,0.0010709557,0.0010592894,0.0010456544,0.0010666852,0.022930967,0.001029622,0.0010106906,0.0,0.0010592893,0.0010456544,0.0010383186,0.0010494551,0.0010555612,0.0010675985,0.0,0.0010592893,0.0010456544,0.0010383186,0.0010494551,0.0010555612,0.0010675968,0.0,0.0010592901,0.0010456545,0.0010383186,0.0010494551,0.0010555612,0.0010676011,0.00107095,0.0010592893,0.0010456544,0.0010383186,0.0010494551,0.0010555612,0.0010675973,0.0,0.0,0.0010456544,0.001029622,0.0010201826,0.0010308351,0.0011064765,0.0,0.0010592893,0.0010456544,0.0010383186,0.0010494551,0.0010555612,0.0010675964,0.0010712415,0.0010592913,0.0010456544,0.0010383187,0.0010494551,0.0010555612,0.0010676022
k__Bacteria|p__Firmicutes|c__Clostridia|o__Eubacteriales|f__Lachnospiraceae|g__Enterocloster|s__Enterocloster_clostridioformis,0.0039727907,0.0010614458,0.001047773,0.0010403364,0.0010512247,0.0010570993,0.0010689416,0.0,0.0010614459,0.001047773,0.0010403364,0.0010512247,0.0010570993,0.0010689417,0.0,0.0,0.001047796,0.0010317129,0.0010221548,0.0010325608,0.0011081352,0.0010731969,0.0,0.001047773,0.001031698,0.001022154,0.0010325608,0.0011081345,0.0,0.0,0.001047773,0.0010316982,0.001022154,0.0010325608,0.0011081345,0.0010731285,0.0010614459,0.001047773,0.0010403364,0.0010512247,0.0010570993,0.0010689416,0.0,0.0010614466,0.0010477734,0.0010403364,0.0010512247,0.0010570993,0.0010689422,0.0010731284,0.0010614459,0.001047773,0.0010403364,0.0010512247,0.0010570993,0.0010689416,0.0,0.001061446,0.0010477743,0.0010403366,0.0010512247,0.0010570993,0.0010689425,0.0,0.0010614459,0.001047773,0.0010403364,0.0010512247,0.0010570993,0.0010689417,0.0,0.0010614459,0.0013621643,0.001031698,0.0010127173,0.001068779,0.0010800414,0.0,0.0010614459,0.001047773,0.0010403364,0.0010512247,0.0010570993,0.0010689418,0.0,0.0,0.0,0.001031698,0.0010127173,0.001068779,0.001091196,0.0010731466,0.0010614459,0.0,0.0010316982,0.0010127173,0.001068779,0.0010800478,0.001073262,0.0,0.0,0.0010316983,0.0010127173,0.001068779,0.0010911954,0.0010731756,0.0,0.001047773,0.0,0.0010614459,0.001047773,0.001068779,0.0010731338,0.0,0.0,0.001031698,0.0010127173,0.001068779,0.0010911948,0.0,0.0010614479,0.0,0.0010316982,0.0010127173,0.001068779,0.0010800399,0.0,0.0,0.0010477747,0.0010614478,0.0,0.001031698,0.0010614459,0.0010731716,0.0010614463,0.0,0.0010316982,0.0010127173,0.001068779,0.0010800397,0.0,0.0,0.0010477735,0.0010316982,0.001022154,0.0010325608,0.001108135,0.0,0.0,0.001047773,0.0,0.0010614459,0.001047773,0.0010687789,0.0,0.0010614509,0.0,0.001061446,0.0,0.0010614459,0.0010477732,0.02568831,0.004122719,0.0010477997,0.0010317023,0.001022154,0.0010325608,0.0011081351,0.0,0.0010615014,0.0010614526,0.0010557153,0.0010668653,0.0,0.0009902387,0.0,0.0010614491,0.0010477746,0.0,0.0010614463,0.0010477734,0.0010403398,0.0010731409,0.0010614459,0.001047773,0.0,0.0010614459,0.001047773,0.0010403374,0.0,0.001061446,0.0010477732,0.0010403364,0.0010512247,0.0010570993,0.0010689416,0.0010731284,0.0010614459,0.001047773,0.0010403364,0.0010512247,0.0010570993,0.0010689417,0.0010731808,0.0,0.0,0.001031698,0.0010127173,0.001068779,0.0010911948,0.0010731391,0.0,0.001047773,0.001031698,0.001022154,0.0010325608,0.0011081349,0.0,0.001061446,0.0,0.001031698,0.0010127173,0.001068779,0.0010800395,0.0010731589,0.0,0.001047773,0.0010316982,0.001022154,0.0010325608,0.0011081409,0.0,0.0010614459,0.001047773,0.0010403364,0.0010512247,0.0010570993,0.0010689428,0.0010731303,0.0010614459,0.001047773,0.0010403364,0.0010512247,0.0010570993,0.0010689416,0.0,0.0010614465,0.0010477734,0.0010403364,0.0010512247,0.0010570993,0.0010689416,0.0,0.0,0.001047773,0.001031698,0.001022154,0.0010325608,0.0011081346,0.0010731329,0.0010614459,0.007863517,0.0043186997,0.001061446,0.0010614459,0.0010557146,0.0010731972,0.0,0.0010477734,0.0,0.001061446,0.001047773,0.0010687826,0.0010733344,0.0,0.001061446,0.0010477734,0.0010403364,0.0,0.0010614464,0.0,0.0010614458,0.0,0.001031698,0.0010127173,0.0010687794,0.0010800466,0.0010731397,0.0,0.001047773,0.001031698,0.001022154,0.0010325614,0.0011081831,0.0010731573,0.0,0.0,0.001031698,0.0010127173,0.001068779,0.0010911948,0.0,0.001061446,0.0010477732,0.0010403364,0.0010512247,0.0010570993,0.0010689417,0.0010731763,0.0010614459,0.0010477734,0.0,0.0010614458,0.001047773,0.0010403381,0.001073133,0.0,0.0010477733,0.0010316983,0.0010221538,0.0010325608,0.0011081358,0.0010731351,0.0,0.0010477732,0.0010316982,0.001022154,0.001032561,0.0011081365,0.0,0.0010614459,0.001061446,0.0010557144,0.0010668654,0.0,0.0009902775,0.0010731934,0.0,0.0010477733,0.001031698,0.001022154,0.0010325608,0.0011081345,0.0010731368,0.0016301681,0.002097403,0.001031698,0.0010127173,0.001068779,0.0010911957,0.0010732608,0.0010614472,0.0,0.0010316995,0.0010127177,0.0010687793,0.0010800461,0.0,0.0010614459,0.0010477733,0.0010403364,0.0010512247,0.0010570993,0.0010689416,0.0,0.0010614474,0.0,0.001031698,0.0010127173,0.001068779,0.0010800395,0.0,0.0010614459,0.0010477735,0.0010403364,0.0010512247,0.0010570993,0.0010689417,0.001073152,0.0010614459,0.0010477734,0.0010403369,0.0010512247,0.0010570993,0.0010689419,0.0,0.0,0.0,0.001031698,0.0010127173,0.001068779,0.0010911952,0.0010731278,0.0010614459,0.0,0.001031698,0.0010127173,0.001068779,0.0010800404,0.0010731489,0.0010614459,0.001047773,0.001068779,0.0,0.001031698,0.0010127173,0.0069121704,0.0010614459,0.001047773,0.0010403364,0.0010512247,0.0010570993,0.0010689424,0.0,0.0010614459,0.001047773,0.0010403364,0.0010512247,0.0010570993,0.0010689417,0.0,0.001061447,0.0010477734,0.0010403364,0.0010512247,0.0010570991,0.0010689432,0.001073145,0.0010614459,0.001047773,0.0010403364,0.0010512247,0.0010570993,0.0010689421,0.0,0.0,0.001047773,0.001031698,0.001022154,0.0010325608,0.001108135,0.0,0.0010614459,0.001047773,0.0010403364,0.0010512247,0.0010570993,0.0010689417,0.0010734691,0.0010614478,0.0010477734,0.0010403364,0.0010512247,0.0010570993,0.0010689438
k__Bacteria|p__Firmicutes|c__Clostridia|o__Eubacteriales|f__Lachnospiraceae|g__Anaerostipes|s__Anaerostipes_hadrus,0.0,0.0010623868,0.001048756,0.0010413602,0.0010522887,0.0010582086,0.0010700691,0.0,0.001062387,0.001048756,0.0010413602,0.0010522887,0.0010582086,0.0010700688,0.0,0.0,0.0010487767,0.001032737,0.0010232222,0.0010336738,0.001109041,0.0010740758,0.0,0.001048756,0.0010327231,0.0010232214,0.0010336738,0.0011090399,0.0,0.0,0.001048756,0.0010327231,0.0010232214,0.0010336738,0.0011090398,0.0010740291,0.001062387,0.001048756,0.0010413602,0.0010522887,0.0010582086,0.0010700688,0.0,0.0010623875,0.0010487562,0.0010413602,0.0010522887,0.0010582086,0.0010700697,0.0010740294,0.001062387,0.001048756,0.0010413602,0.0010522887,0.0010582086,0.0010700691,0.0,0.0010623874,0.001048757,0.0010413604,0.0010522887,0.0010582086,0.00107007,0.0,0.001062387,0.001048756,0.0010413602,0.0010522887,0.0010582086,0.0010700691,0.0,0.001062387,0.0,0.0010327231,0.0010137843,0.0010697168,0.0010810104,0.0,0.001062387,0.001048756,0.0010413601,0.0010522887,0.0010582086,0.0010700696,0.0,0.0,0.0,0.0010327231,0.0010137843,0.0010697168,0.0010921198,0.0010740417,0.001062387,0.0,0.0010327231,0.0010137843,0.0010697168,0.0010810188,0.0010741266,0.0,0.0,0.0010327233,0.0010137843,0.0010697168,0.0010921191,0.001074064,0.0,0.001048756,0.0,0.001062387,0.001048756,0.0010697166,0.0010740332,0.0,0.0,0.0010327231,0.0010137843,0.0010697168,0.0010921172,0.0,0.001062389,0.0,0.0010327231,0.0010137843,0.0010697168,0.0010810081,0.0,0.0,0.0010487569,0.0010623886,0.0,0.0010327231,0.0010623873,0.0010740617,0.0010623874,0.0,0.0010327231,0.0010137843,0.0010697168,0.0010810078,0.0,0.0,0.0010487563,0.0010327231,0.0010232214,0.0010336738,0.0011090406,0.0,0.0,0.001048756,0.0,0.001062387,0.001048756,0.0010697169,0.0,0.0010623923,0.0,0.0010623871,0.0,0.001062387,0.0010487561,0.0,0.0,0.0010487783,0.0010327268,0.0010232215,0.0010336738,0.0011090409,0.0,0.0010624445,0.0010623932,0.001056695,0.0010678809,0.0,0.0009913495,0.0,0.0010623897,0.0010487571,0.0,0.0010623874,0.0010487562,0.0010413639,0.0010740387,0.001062387,0.001048756,0.0,0.001062387,0.001048756,0.0010413617,0.0,0.001062387,0.0010487561,0.0010413601,0.0010522887,0.0010582086,0.0010700691,0.0010740291,0.001062387,0.001048756,0.0010413602,0.0010522887,0.0010582086,0.0010700691,0.0010740623,0.0,0.0,0.0010327231,0.0010137843,0.0010697168,0.0010921172,0.0010740368,0.0,0.001048756,0.0010327231,0.0010232214,0.0010336738,0.0011090405,0.0,0.0010623871,0.0,0.0010327231,0.0010137843,0.0010697168,0.0010810076,0.0010740529,0.0,0.001048756,0.0010327231,0.0010232214,0.0010336738,0.0011090524,0.0,0.001062387,0.001048756,0.0010413602,0.0010522887,0.0010582086,0.0010700707,0.0010740305,0.001062387,0.001048756,0.0010413602,0.0010522887,0.0010582086,0.0010700688,0.0023302813,0.0010623875,0.0010487562,0.0010413601,0.0010522887,0.0010582086,0.0010700691,0.0,0.0,0.001048756,0.0010327231,0.0010232214,0.0010336738,0.0011090402,0.0010740326,0.001062387,0.0,0.0,0.0010623871,0.001062387,0.001056695,0.0010740801,0.0,0.0010487565,0.0,0.0010623871,0.001048756,0.0010697219,0.0010741866,0.0,0.0010623873,0.0010487562,0.0010413601,0.0,0.0010623878,0.0,0.0010623869,0.0,0.0010327231,0.0010137843,0.0010697165,0.0010810164,0.0010740366,0.0,0.001048756,0.0010327231,0.0010232215,0.001033674,0.0011091358,0.0010740511,0.0,0.0,0.0010327231,0.0010137843,0.0010697168,0.0010921172,0.0,0.0010623871,0.0010487561,0.0010413602,0.0010522887,0.0010582086,0.0010700691,0.0010740593,0.0010623871,0.0010487562,0.0,0.0010623869,0.001048756,0.0010413618,0.0010740324,0.0,0.0010487562,0.0010327233,0.0010232214,0.0010336738,0.0011090427,0.0010740343,0.0,0.0010487561,0.0010327231,0.0010232215,0.0010336739,0.0011090423,0.0,0.0010623873,0.0010623874,0.0010566945,0.0010678811,0.0,0.0009913992,0.0010740736,0.0,0.0010487562,0.0010327231,0.0010232214,0.0010336738,0.0011090398,0.0010740367,0.0,0.0,0.0010327231,0.0010137843,0.0010697168,0.0010921191,0.0010741157,0.001062388,0.0,0.0010327244,0.0010137846,0.0010697166,0.0010810175,0.0,0.0010623869,0.0010487562,0.0010413601,0.0010522887,0.0010582086,0.0010700688,0.0,0.0010623888,0.0,0.0010327231,0.0010137843,0.0010697168,0.0010810076,0.0,0.001062387,0.0010487563,0.0010413601,0.0010522887,0.0010582086,0.0010700691,0.0010740483,0.0010623871,0.0010487562,0.0010413604,0.0010522887,0.0010582086,0.0010700694,0.0,0.0,0.0,0.0010327231,0.0010137843,0.0010697168,0.0010921177,0.0010740287,0.001062387,0.0,0.0010327231,0.0010137843,0.0010697168,0.001081009,0.001074044,0.0010623869,0.001048756,0.0010697168,0.0,0.0010327231,0.0010137844,0.014716258,0.001062387,0.001048756,0.0010413601,0.0010522887,0.0010582086,0.0010700702,0.0,0.001062387,0.001048756,0.0010413601,0.0010522887,0.0010582086,0.0010700695,0.0,0.0010623876,0.0010487562,0.0010413601,0.0010522887,0.0010582086,0.0010700718,0.0010740415,0.001062387,0.001048756,0.0010413601,0.0010522887,0.0010582086,0.0010700697,0.0,0.0,0.001048756,0.0010327231,0.0010232214,0.0010336738,0.0011090405,0.0,0.001062387,0.001048756,0.0010413602,0.0010522887,0.0010582086,0.0010700689,0.0010743191,0.0010623891,0.0010487562,0.0010413604,0.0010522887,0.0010582086,0.0010700728
k__Bacteria|p__Firmicutes|c__Negativicutes|o__Veillonellales|f__Veillonellaceae|g__Veillonella|s__Veillonella_rogosae,0.0,0.0010652938,0.0010515,0.0010438031,0.0010541076,0.0010594324,0.0010708359,0.0,0.0010652939,0.0010515,0.0010438031,0.0010541076,0.0010594324,0.0010708359,0.0,0.0,0.0010515138,0.0010352995,0.0010254788,0.0010353028,0.0011109253,0.0010771351,0.0,0.0010515002,0.0010352914,0.001025478,0.0010353028,0.0011109238,0.0,0.0,0.0010515,0.0010352914,0.001025478,0.0010353028,0.0011109238,0.0010770865,0.0010652939,0.0010515,0.0010438031,0.0010541076,0.0010594324,0.0010708355,0.0,0.0010652944,0.0010515,0.0010438031,0.0010541076,0.0010594324,0.0010708368,0.0010770867,0.0010652939,0.0010515,0.0010438031,0.0010541076,0.0010594324,0.0010708357,0.0,0.001065294,0.001051501,0.0010438032,0.0010541079,0.0010594324,0.0010708367,0.0,0.0010652939,0.0010515,0.0010438031,0.0010541076,0.0010594324,0.0010708356,0.0,0.0010652939,0.0,0.0010352914,0.0010161626,0.0010724928,0.0010831713,0.0,0.0010652939,0.0010515,0.001043803,0.0010541079,0.0010594324,0.0010708371,0.0,0.0,0.0,0.0010352914,0.0010161626,0.0010724928,0.0010944344,0.0010771011,0.0010652939,0.0,0.0010352914,0.0010161626,0.0010724931,0.0010831829,0.0010772011,0.0,0.0,0.0010352914,0.0010161626,0.0010724931,0.0010944337,0.001077121,0.0,0.0010515,0.0,0.0010652939,0.0010515,0.001072493,0.0010770912,0.0,0.0,0.0010352914,0.0010161626,0.0010724928,0.0010944314,0.0,0.0010652957,0.0,0.0010352914,0.0010161626,0.0010724928,0.0010831695,0.0,0.0,0.0010515007,0.0010652952,0.0,0.0010352914,0.0010652943,0.0010771183,0.0010652943,0.0021265324,0.0010352912,0.0010161626,0.0010724928,0.0010831688,0.0,0.0,0.0010515002,0.0010352914,0.001025478,0.0010353028,0.0011109242,0.0,0.0,0.0010515,0.0012261487,0.0010652939,0.0010515,0.0010724929,0.0,0.001065298,0.0,0.001065294,0.0,0.0010652939,0.0010515002,0.0,0.0,0.0010515153,0.0010352941,0.0010254779,0.0010353028,0.0011109249,0.0,0.0010653336,0.0010652984,0.0010593111,0.0010698771,0.0,0.0009935263,0.0,0.0010652968,0.001051501,0.0,0.0010652943,0.0010515002,0.0010438069,0.001077094,0.0010652939,0.0010515,0.0,0.0010652939,0.0010515,0.0010438048,0.0,0.001065294,0.0010515002,0.001043803,0.0010541076,0.0010594324,0.0010708359,0.0010770863,0.0010652939,0.0010515,0.0010438031,0.0010541076,0.0010594324,0.0010708359,0.0010771262,0.0,0.0,0.001035291,0.0010161626,0.0010724928,0.001094431,0.0010770945,0.0,0.0010515,0.0010352914,0.001025478,0.0010353028,0.0011109243,0.0,0.001065294,0.0,0.0010352914,0.0010161626,0.0010724928,0.0010831686,0.0010771134,0.0,0.0010515,0.0010352914,0.001025478,0.0010353028,0.0011109366,0.0,0.0010652939,0.0010515,0.0010438031,0.0010541076,0.0010594324,0.0010708388,0.0010770874,0.0010652939,0.0010515,0.0010438031,0.0010541076,0.0010594324,0.0010708355,0.0,0.0010652944,0.0010515002,0.001043803,0.0010541076,0.0010594324,0.0010708361,0.0,0.0,0.0010515,0.0010352914,0.001025478,0.0010353028,0.0011109241,0.0010770899,0.0010652939,0.0,0.0,0.001065294,0.0010652939,0.0010593113,0.0010771381,0.0,0.0010515003,0.0,0.001065294,0.0010515,0.0010724973,0.001077262,0.0,0.0010652941,0.0010515002,0.001043803,0.024721947,0.0010652951,0.0,0.0010652938,0.0,0.0010352914,0.0010161626,0.0010724929,0.0010831807,0.001077094,0.0,0.0010515,0.0010352914,0.0010254779,0.0010353036,0.0011110278,0.0010771065,0.0,0.0,0.0010352914,0.0010161626,0.0010724928,0.0010944308,0.0,0.001065294,0.0010515001,0.0010438031,0.0010541076,0.0010594324,0.0010708355,0.0010771058,0.001065294,0.0010515,0.0,0.0010652938,0.0010515,0.0010438045,0.0010770907,0.0,0.0010515,0.0010352911,0.001025478,0.0010353028,0.0011109278,0.0010770919,0.0,0.0010515002,0.0010352914,0.0010254779,0.0010353029,0.0011109278,0.0,0.001065294,0.001065294,0.0010593105,0.0010698773,0.0,0.0009935772,0.0010771375,0.0,0.0010515002,0.0010352914,0.001025478,0.0010353028,0.0011109238,0.0010770945,0.0,0.0,0.001035291,0.0010161626,0.0010724928,0.0010944338,0.0010771868,0.001065295,0.0,0.0010352924,0.0010161633,0.001072493,0.0010831807,0.0,0.0010652939,0.0010515002,0.001043803,0.0010541076,0.0010594324,0.0010708355,0.0,0.0010652948,0.0,0.0010352914,0.0010161626,0.0010724928,0.0010831686,0.0,0.0010652939,0.0010515002,0.001043803,0.0010541076,0.0010594324,0.0010708359,0.0010771103,0.0010652943,0.0010515002,0.0010438034,0.0010541079,0.0010594324,0.0010708364,0.0,0.0,0.0,0.0010352914,0.0010161626,0.0010724928,0.0010944318,0.0010770861,0.0010652939,0.0,0.0010352914,0.0010161626,0.0010724928,0.0010831705,0.0010771037,0.0010652939,0.0010515,0.0010724928,0.0,0.0010352914,0.0010161627,0.0,0.0010652939,0.0010515,0.001043803,0.0010541076,0.0010594324,0.0010708375,0.0,0.0010652939,0.0010515,0.001043803,0.0010541076,0.0010594324,0.0010708362,0.0,0.0010652947,0.0010515,0.001043803,0.0010541079,0.0010594324,0.0010708399,0.0010770998,0.0010652939,0.0010515,0.001043803,0.0010541076,0.0010594324,0.0010708369,0.0,0.0,0.0010515,0.0010352914,0.001025478,0.0010353028,0.0011109248,0.0,0.0010652939,0.0010515,0.0010438031,0.0010541076,0.0010594324,0.0010708356,0.001077375,0.0010652957,0.0010515002,0.0010438031,0.0010541079,0.0010594324,0.001070841
k__Bacteria|p__Firmicutes|c__Clostridia|o__Eubacteriales|f__Lachnospiraceae|g__Fusicatenibacter|s__Fusicatenibacter_saccharivorans,0.0,0.0010604722,0.0010467456,0.0010392497,0.0010500671,0.0010558664,0.0010676704,0.0,0.0010604722,0.0010467456,0.0010392497,0.0010500671,0.0010558664,0.0010676704,0.0,0.0,0.0010467613,0.0010306259,0.0010210101,0.0010313398,0.0011071637,0.0010722352,0.010580726,0.0010467456,0.0010306148,0.0010210094,0.0010313398,0.0011071628,0.0,0.0,0.0010467456,0.0010306148,0.0010210094,0.0010313398,0.0011071627,0.0010722071,0.0010604722,0.0010467456,0.0010392497,0.0010500671,0.0010558664,0.0010676703,0.0,0.001060473,0.0010467456,0.0010392497,0.0010500671,0.0010558664,0.0010676718,0.0010722073,0.0010604722,0.0010467456,0.0010392497,0.0010500671,0.0010558664,0.0010676704,0.0,0.0010604727,0.0010467465,0.0010392498,0.0010500671,0.0010558664,0.0010676706,0.0,0.0010604722,0.0010467456,0.0010392497,0.0010500671,0.0010558664,0.0010676704,0.0,0.0010604722,0.0,0.0010306148,0.0010115777,0.0010678045,0.0010790084,0.086412355,0.0010604722,0.0010467456,0.0010392497,0.0010500668,0.0010558664,0.0010676708,0.0,0.0,0.0,0.0010306148,0.0010115777,0.0010678045,0.0010902219,0.0010722135,0.0010604722,0.0,0.0010306148,0.0010115777,0.0010678045,0.0010790145,0.001072258,0.0,0.0,0.0010306148,0.0010115777,0.0010678045,0.0010902218,0.0010722264,0.0,0.0010467456,0.0,0.0010604722,0.0010467456,0.0010678048,0.001072209,0.0,0.0,0.0010306148,0.0010115777,0.0010678045,0.0010902201,0.0,0.0010604737,0.0,0.0010306148,0.0010115777,0.0010678045,0.0010790066,0.0,0.0,0.0010467471,0.001060473,0.0,0.0010306148,0.0010604727,0.001072227,0.0010604727,0.0,0.0010306147,0.0010115777,0.0010678045,0.0010790059,0.0,0.0,0.0010467456,0.0010306148,0.0010210094,0.0010313398,0.0011071634,0.0,0.0,0.0010467456,0.0,0.0010604722,0.0010467456,0.0010678048,0.0,0.0010604773,0.0,0.0010604723,0.0,0.0010604722,0.0010467456,0.0,0.0,0.0010467605,0.0010306174,0.0010210095,0.0010313398,0.0011071636,0.0,0.0010605037,0.0010604765,0.0010546851,0.0010657705,0.0,0.0009890462,0.0,0.0010604749,0.0010467467,0.0,0.0010604727,0.0010467455,0.0010392538,0.0010722126,0.0010604722,0.0010467456,0.0,0.0010604722,0.0010467456,0.001039251,0.0,0.0010604725,0.0010467456,0.0010392497,0.0010500671,0.0010558664,0.0010676703,0.0010722069,0.0010604722,0.0010467456,0.0010392497,0.0010500671,0.0010558664,0.0010676704,0.0010722276,0.0,0.0,0.0010306148,0.0010115777,0.0010678045,0.0010902201,0.0010722085,0.0,0.0010467456,0.0010306148,0.0010210094,0.0010313398,0.0011071635,0.0,0.0010604723,0.0,0.0010306148,0.0010115777,0.0010678045,0.0010790059,0.0010722219,0.0,0.0010467456,0.0010306145,0.0010210094,0.0010313398,0.0011071734,0.0,0.0010604722,0.0010467456,0.0010392497,0.0010500671,0.0010558664,0.0010676724,0.0010722073,0.0010604722,0.0010467456,0.0010392497,0.0010500671,0.0010558664,0.0010676703,0.0,0.0010604728,0.0010467455,0.0010392497,0.0010500671,0.0010558664,0.0010676704,0.0,0.0,0.0010467456,0.0010306148,0.0010210094,0.0010313398,0.0011071631,0.0010722086,0.0010604722,0.0,0.0,0.0010604723,0.0010604722,0.0010546852,0.0010722384,0.0,0.0010467459,0.0,0.0010604723,0.0010467456,0.0010678117,0.0010722985,0.0,0.0010604723,0.0010467455,0.0010392497,0.0,0.0010604734,0.0,0.0010604721,0.0,0.0010306145,0.0010115777,0.0010678049,0.001079017,0.0010722121,0.0,0.0010467456,0.0010306148,0.0010210095,0.0010313404,0.001107233,0.0010722241,0.0075914385,0.0,0.0010306148,0.0010115777,0.0010678045,0.0010902202,0.0,0.0010604723,0.0010467456,0.0010392497,0.0010500671,0.0010558664,0.0010676704,0.0010722085,0.0010604723,0.0010467455,0.0,0.0010604722,0.0010467456,0.0010392508,0.0010722078,0.0,0.0010467455,0.0010306151,0.0010210094,0.0010313398,0.0011071658,0.00107221,0.0,0.0010467456,0.0010306147,0.0010210095,0.0010313399,0.0011071657,0.0,0.0010604723,0.0010604725,0.0010546844,0.0010657707,0.0,0.0009890926,0.0010722282,0.0,0.0010467455,0.0010306148,0.0010210094,0.0010313398,0.0011071627,0.001072211,0.0,0.0,0.0010306148,0.0010115777,0.0010678045,0.0010902217,0.0010722515,0.0010604729,0.0,0.0010306155,0.0010115777,0.0010678048,0.0010790156,0.0,0.0010604723,0.0010467455,0.0010392497,0.0010500671,0.0010558664,0.0010676703,0.0,0.0010604741,0.0,0.0010306148,0.0010115777,0.0010678045,0.0010790059,0.0,0.0010604723,0.0010467456,0.0010392497,0.0010500671,0.0010558664,0.0010676704,0.0010722196,0.0010604725,0.0010467456,0.0010392499,0.0010500671,0.0010558664,0.0010676708,0.0,0.0,0.0,0.0010306148,0.0010115777,0.0010678045,0.001090221,0.0010722068,0.0010604722,0.0,0.0010306148,0.0010115777,0.0010678045,0.001079007,0.0010722186,0.0010604723,0.0010467456,0.0010678045,0.0,0.0010306148,0.0010115778,0.0,0.0010604722,0.0010467456,0.0010392497,0.0010500671,0.0010558664,0.0010676716,0.0,0.0010604722,0.0010467456,0.0010392497,0.0010500671,0.0010558664,0.0010676704,0.0,0.0010604727,0.0010467455,0.0010392497,0.0010500671,0.0010558666,0.0010676729,0.0010722115,0.0010604722,0.0010467456,0.0010392497,0.0010500671,0.0010558664,0.0010676709,0.0,0.0,0.0010467456,0.0010306145,0.0010210094,0.0010313398,0.0011071634,0.05494459,0.0010604722,0.0010467456,0.0010392497,0.0010500671,0.0010558664,0.0010676704,0.0010724171,0.0010604741,0.0010467456,0.0010392496,0.0010500671,0.0010558666,0.0010676737
k__Bacteria|p__Firmicutes|c__Bacilli|o__Lactobacillales|f__Streptococcaceae|g__Streptococcus|s__Streptococcus_australis,0.0,0.0010612403,0.0010474967,0.0010399593,0.0010506785,0.0010563865,0.0010681155,0.0,0.0010612404,0.0010474967,0.0010399593,0.0010506785,0.0010563865,0.0010681154,0.0,0.0,0.0010475122,0.0010313564,0.0010216993,0.001031932,0.0011077425,0.0010730085,0.0,0.0010474967,0.0010313465,0.0010216986,0.001031932,0.0011077422,0.0,0.0,0.0010474967,0.0010313465,0.0010216986,0.001031932,0.0011077422,0.0010729905,0.0010612404,0.0010474967,0.0010399593,0.0010506785,0.0010563865,0.0010681154,0.0,0.0010612411,0.0010474967,0.0010399593,0.0010506785,0.0010563865,0.0010681158,0.0010729902,0.0010612404,0.0010474967,0.0010399593,0.0010506785,0.0010563865,0.0010681154,0.0,0.0010612408,0.0010474973,0.0010399596,0.0010506785,0.0010563865,0.0010681156,0.0,0.0010612404,0.0010474967,0.0010399593,0.0010506785,0.0010563865,0.0010681154,0.0,0.0010612404,0.0,0.0010313465,0.0010122878,0.001068549,0.0010796525,0.0,0.0010612404,0.0010474967,0.0010399593,0.0010506785,0.0010563865,0.0010681154,0.0,0.0,0.0,0.0010313465,0.0010122878,0.001068549,0.0010908798,0.0010729951,0.0010612404,0.0,0.0010313465,0.0010122878,0.001068549,0.001079656,0.0010730382,0.0,0.0,0.0010313469,0.0010122878,0.001068549,0.0010908796,0.001073005,0.0,0.0010474967,0.0,0.0010612404,0.0010474967,0.0010685489,0.0010729921,0.0,0.0,0.0010313465,0.0010122878,0.001068549,0.0010908793,0.0,0.001061242,0.0,0.0010313469,0.0010122878,0.001068549,0.0010796511,0.0,0.0,0.0010474977,0.0010612423,0.0027658679,0.0010313465,0.0010612404,0.0010730085,0.0010612408,0.0,0.0010313467,0.0010122878,0.001068549,0.0010796511,0.0,0.0,0.0010474968,0.0010313465,0.0010216986,0.001031932,0.0011077423,0.0,0.0,0.0010474967,0.0,0.0010612404,0.0010474967,0.0010685489,0.0,0.0010612431,0.0,0.0010612406,0.0,0.0010612404,0.0010474968,0.0,0.0,0.0010475166,0.0010313494,0.0010216987,0.001031932,0.0011077423,0.0,0.0010612807,0.0010612449,0.001055413,0.0010663999,0.0,0.000989726,0.0,0.0010612425,0.0010474974,0.0,0.0010612408,0.0010474967,0.0010399618,0.001072994,0.0010612404,0.0010474967,0.0,0.0010612404,0.0010474967,0.00103996,0.0,0.0010612408,0.0010474968,0.0010399593,0.0010506785,0.0010563865,0.0010681154,0.0010729901,0.0010612404,0.0010474967,0.0010399593,0.0010506785,0.0010563865,0.0010681154,0.00107301,0.0,0.0,0.0010313465,0.0010122878,0.001068549,0.0010908796,0.0010729951,0.0,0.0010474967,0.0010313465,0.0010216986,0.001031932,0.0011077423,0.0,0.0010612406,0.0,0.0010313465,0.0010122878,0.001068549,0.0010796511,0.001073,0.0,0.0010474967,0.0010313465,0.0010216986,0.001031932,0.0011077469,0.0,0.0010612404,0.0010474967,0.0010399593,0.0010506785,0.0010563865,0.0010681159,0.0010729906,0.0010612404,0.0010474967,0.0010399593,0.0010506785,0.0010563865,0.0010681154,0.0,0.001061241,0.0010474967,0.0010399595,0.0010506785,0.0010563865,0.0010681155,0.0,0.0,0.0010474967,0.0010313465,0.0010216986,0.001031932,0.0011077423,0.0010729905,0.0010612404,0.0,0.0020050383,0.0010612406,0.0010612404,0.0010554126,0.0010730058,0.0,0.0010474967,0.0,0.0010612406,0.0010474967,0.0010685518,0.0010730614,0.002181508,0.0010612408,0.0010474967,0.0010399593,0.0015257684,0.0010612407,0.0,0.0010612403,0.0,0.0010313465,0.0010122878,0.0010685489,0.0010796572,0.0010729943,0.0,0.0010474967,0.0010313465,0.0010216987,0.0010319324,0.0011077783,0.0010730006,0.0,0.0,0.0010313465,0.0010122878,0.001068549,0.0010908796,0.0,0.0010612406,0.0010474968,0.0010399593,0.0010506785,0.0010563865,0.0010681154,0.0010729762,0.0010612404,0.0010474966,0.0,0.0010612403,0.0010474967,0.0010399607,0.0010729916,0.0,0.0010474967,0.0010313469,0.0010216986,0.001031932,0.0011077427,0.0010729918,0.0,0.0010474968,0.0010313465,0.0010216987,0.0010319318,0.0011077437,0.0,0.0010612404,0.0010612408,0.0010554126,0.0010663999,0.0,0.0009897592,0.0010730104,0.0,0.0010474967,0.0010313465,0.0010216986,0.001031932,0.0011077422,0.0010729918,0.0,0.0,0.0010313465,0.0010122878,0.001068549,0.0010908797,0.0010730379,0.0010612415,0.0,0.0010313477,0.0010122885,0.0010685492,0.0010796555,0.0,0.0010612404,0.0010474967,0.0010399593,0.0010506785,0.0010563865,0.0010681154,0.0019699656,0.0010612415,0.0,0.0010313465,0.0010122878,0.001068549,0.0010796511,0.0,0.0010612407,0.0010474968,0.0010399595,0.0010506785,0.0010563865,0.0010681155,0.0010729987,0.0010612407,0.0010474967,0.0010399596,0.0010506785,0.0010563865,0.0010681155,0.0,0.0,0.0,0.0010313465,0.0010122878,0.001068549,0.0010908796,0.00107299,0.0010612404,0.0,0.0010313465,0.0010122878,0.001068549,0.0010796516,0.0010729955,0.0010612404,0.0010474967,0.001068549,0.0,0.0010313465,0.001012288,0.0,0.0010612404,0.0010474967,0.0010399593,0.0010506785,0.0010563865,0.0010681155,0.0,0.0010612404,0.0010474967,0.0010399593,0.0010506785,0.0010563865,0.0010681152,0.0,0.0010612411,0.0010474967,0.0010399593,0.0010506785,0.0010563865,0.0010681165,0.0010729968,0.0010612404,0.0010474967,0.0010399593,0.0010506785,0.0010563865,0.0010681157,0.0,0.0,0.0010474967,0.0010313465,0.0010216986,0.001031932,0.0011077425,0.0,0.0010612404,0.0010474967,0.0010399593,0.0010506785,0.0010563865,0.0010681154,0.0010730767,0.0010612417,0.0010474967,0.0010399593,0.0010506785,0.0010563865,0.0010681165
k__Bacteria|p__Firmicutes|c__Bacilli|o__Lactobacillales|f__Streptococcaceae|g__Streptococcus|s__Streptococcus_peroris,0.0,0.0010902309,0.0010771754,0.0010700186,0.0010804146,0.0010859794,0.0010971848,0.001205821,0.001090231,0.0010771754,0.0010700186,0.0010804146,0.0010859794,0.0010971848,0.0,0.0027754137,0.0010771868,0.0010617122,0.001052453,0.0010624751,0.0011336819,0.0011013121,0.0017775527,0.0010771754,0.0010617052,0.0010524526,0.0010624751,0.0011336813,0.0,0.0,0.0010771754,0.0010617052,0.0010524526,0.0010624751,0.0011336814,0.0011012976,0.001090231,0.0010771754,0.0010700186,0.0010804146,0.0010859794,0.0010971848,0.0071630287,0.0010902311,0.0010771754,0.0010700186,0.0010804146,0.0010859794,0.0010971855,0.0011012977,0.001090231,0.0010771754,0.0010700186,0.0010804146,0.0010859794,0.001097185,0.0,0.001090231,0.0010771763,0.001070019,0.0010804146,0.0010859794,0.0010971852,0.0,0.001090231,0.0010771754,0.0010700186,0.0010804146,0.0010859794,0.001097185,0.0040633474,0.001090231,0.0015228987,0.0010617052,0.0010432975,0.0010971726,0.0011077311,0.0,0.001090231,0.0010771754,0.0010700186,0.0010804146,0.0010859794,0.0010971851,0.0,0.0,0.0,0.0010617052,0.0010432975,0.0010971726,0.0011181453,0.0011013018,0.001090231,0.0,0.0010617052,0.0010432975,0.0010971726,0.001107734,0.0011013317,0.0,0.0,0.0010617053,0.0010432975,0.0010971726,0.0011181454,0.0011013104,0.002178416,0.0010771754,0.0011567995,0.001090231,0.0010771754,0.0010971725,0.0011012987,0.0,0.0,0.0010617052,0.0010432975,0.0010971726,0.0011181448,0.0,0.0010902319,0.001547113,0.0010617052,0.0010432975,0.0010971726,0.0011077301,0.0,0.0017347684,0.0010771762,0.0010902319,0.0,0.0010617052,0.0010902309,0.0011013097,0.001090231,0.0,0.001061705,0.0010432975,0.0010971726,0.0011077302,0.0,0.0025658403,0.0010771755,0.0010617052,0.0010524526,0.0010624751,0.0011336814,0.0,0.0,0.0010771754,0.001134118,0.001090231,0.0010771754,0.0010971726,0.0,0.0010902325,0.0,0.0010902311,0.0,0.001090231,0.0010771755,0.0,0.0,0.0010771877,0.0010617066,0.0010524526,0.0010624751,0.0011336814,0.0,0.0010902542,0.0010902336,0.0010847558,0.0010953073,0.0,0.0010213294,0.0,0.0010902317,0.0010771758,0.0027113,0.0010902312,0.0010771755,0.0010700211,0.001101301,0.001090231,0.0010771754,0.0,0.001090231,0.0010771754,0.0010700193,0.0,0.0010902311,0.0010771755,0.0010700186,0.0010804146,0.0010859794,0.0010971848,0.0011012977,0.001090231,0.0010771754,0.0010700186,0.0010804146,0.0010859794,0.001097185,0.0011013107,0.0021008903,0.0018599542,0.0010617052,0.0010432975,0.0010971726,0.0011181447,0.0011013009,0.0,0.0010771754,0.0010617052,0.0010524526,0.0010624751,0.0011336813,0.0,0.0010902311,0.0,0.0010617052,0.0010432975,0.0010971726,0.0011077297,0.0011013047,0.0,0.0010771754,0.0010617052,0.0010524526,0.0010624751,0.001133686,0.0,0.001090231,0.0010771754,0.0010700186,0.0010804146,0.0010859794,0.0010971854,0.0011012983,0.001090231,0.0010771754,0.0010700186,0.0010804146,0.0010859794,0.0010971848,0.00256895,0.0010902312,0.0010771755,0.0010700186,0.0010804146,0.0010859794,0.0010971848,0.0,0.0,0.0010771754,0.0010617052,0.0010524526,0.0010624751,0.0011336814,0.001101298,0.001090231,0.0,0.0,0.0010902311,0.001090231,0.0010847556,0.001101312,0.001889773,0.0010771756,0.0058055553,0.0010902311,0.0010771754,0.001097176,0.0011013544,0.0,0.0010902309,0.0010771755,0.0010700186,0.0,0.0010902312,0.0042353445,0.0010902309,0.0022793433,0.0010617052,0.0010432975,0.0010971726,0.0011077356,0.0011013009,0.0,0.0010771754,0.0010617052,0.0010524526,0.0010624755,0.0011337161,0.0011013056,0.0,0.0,0.0010617052,0.0010432975,0.0010971726,0.0011181447,0.0,0.0010902311,0.0010771755,0.0010700186,0.0010804146,0.0010859794,0.0010971848,0.0011013005,0.001090231,0.0010771755,0.0,0.0010902309,0.0010771754,0.0010700198,0.0011012987,0.0016830751,0.0010771755,0.0010617053,0.0010524526,0.0010624751,0.0011336824,0.0011012987,0.0016252287,0.0010771757,0.0010617052,0.0010524526,0.0010624751,0.0011336823,0.0,0.001090231,0.001090231,0.0010847556,0.0010953072,0.002088982,0.0010213596,0.0011013098,0.0,0.0010771755,0.0010617052,0.0010524526,0.0010624751,0.0011336814,0.0011012992,0.0,0.0,0.0010617052,0.0010432975,0.0010971726,0.0011181455,0.001101335,0.0010902316,0.0,0.0010617059,0.0010432977,0.0010971725,0.0011077339,0.0016513389,0.001090231,0.0010771755,0.0010700186,0.0010804146,0.0010859794,0.0010971848,0.0030748656,0.0010902315,0.0,0.0010617052,0.0010432975,0.0010971726,0.0011077301,0.0,0.001090231,0.0010771758,0.0010700186,0.0010804146,0.0010859794,0.001097185,0.0011013041,0.0010902308,0.0010771754,0.0010700191,0.0010804146,0.0010859794,0.001097185,0.0,0.001601285,0.0,0.0010617052,0.0010432975,0.0010971726,0.0011181452,0.0011012974,0.001090231,0.0011180085,0.0010617052,0.0010432975,0.0010971726,0.0011077304,0.0011013004,0.001090231,0.0010771754,0.0010971726,0.0,0.0010617052,0.0010432976,0.0008984704,0.001090231,0.0010771754,0.0010700186,0.0010804146,0.0010859794,0.0010971853,0.0,0.001090231,0.0010771754,0.0010700186,0.0010804146,0.0010859794,0.001097185,0.0,0.0010902315,0.0010771755,0.0010700186,0.0010804146,0.0010859794,0.001097186,0.0011013015,0.001090231,0.0010771754,0.0010700186,0.0010804146,0.0010859794,0.0010971852,0.0,0.0,0.0010771754,0.0010617052,0.0010524526,0.0010624751,0.0011336817,0.0,0.001090231,0.0010771754,0.0010700186,0.0010804146,0.0010859794,0.001097185,0.0011013682,0.0010902318,0.0010771754,0.0010700186,0.0010804146,0.0010859794,0.0010971862
k__Bacteria|p__Firmicutes|c__Clostridia|o__Eubacteriales|f__Lachnospiraceae|g__Enterocloster|s__Enterocloster_aldenensis,0.0,0.0010599457,0.0010463195,0.0010389829,0.0010500959,0.0010561828,0.0010681951,0.0,0.0010599457,0.0010463195,0.0010389829,0.0010500959,0.0010561828,0.0010681951,0.0,0.0,0.0010463292,0.0010303016,0.0010208555,0.0010314864,0.0011070451,0.0010715926,0.0065456256,0.0010463195,0.0010302956,0.0010208552,0.0010314864,0.0011070443,0.0,0.0,0.0010463195,0.0010302956,0.0010208552,0.0010314864,0.0011070439,0.0010715858,0.0010599457,0.0010463195,0.0010389829,0.0010500959,0.0010561828,0.0010681951,0.0,0.0010599463,0.0010463196,0.0010389829,0.0010500959,0.0010561828,0.0010681957,0.001071586,0.0010599457,0.0010463195,0.0010389829,0.0010500959,0.0010561828,0.0010681951,0.0,0.0010599459,0.0010463201,0.0010389829,0.0010500959,0.0010561828,0.0010681957,0.0,0.0010599457,0.0010463195,0.0010389829,0.0010500959,0.0010561828,0.0010681952,0.0,0.0010599457,0.0,0.0010302956,0.0010113713,0.0010673308,0.001078819,0.0,0.0010599457,0.0010463195,0.0010389828,0.0010500959,0.0010561828,0.0010681959,0.0,0.0,0.0,0.0010302956,0.0010113713,0.0010673308,0.0010899343,0.0010715886,0.0010599457,0.0,0.0010302956,0.0010113713,0.0010673308,0.0010788265,0.0010716211,0.0,0.0,0.0010302957,0.0010113713,0.0010673308,0.0010899336,0.001071594,0.0,0.0010463195,0.0,0.0010599457,0.0010463195,0.0010673311,0.0010715871,0.0,0.0,0.0010302956,0.0010113713,0.0010673308,0.0010899317,0.0,0.0010599467,0.0,0.0010302956,0.0010113713,0.0010673308,0.0010788173,0.0,0.0,0.0010463201,0.0010599468,0.0,0.0010302956,0.0010599458,0.0010715956,0.0010599459,0.0,0.0010302957,0.0010113713,0.0010673308,0.0010788168,0.2016923,0.027676035,0.0010463196,0.0010302956,0.0010208552,0.0010314864,0.0011070446,0.0,0.0,0.0010463195,0.0,0.0010599457,0.0010463195,0.0010673312,0.0,0.0010599478,0.0,0.0010599458,0.0,0.0010599457,0.0010463196,0.005929873,0.0023461059,0.0010463302,0.001030297,0.0010208552,0.0010314864,0.0011070448,0.0,0.0010599706,0.0010599482,0.0010543112,0.0010656875,0.0,0.0009889557,0.0,0.0010599472,0.00104632,0.0,0.0010599459,0.0010463196,0.0010389854,0.0010715869,0.0010599457,0.0010463195,0.0049905814,0.0010599457,0.0010463195,0.0010389843,0.0,0.0010599459,0.0010463196,0.0010389828,0.0010500959,0.0010561828,0.0010681952,0.0010715857,0.0010599457,0.0010463195,0.0010389829,0.0010500959,0.0010561828,0.0010681952,0.0010715976,0.0,0.0,0.0010302956,0.0010113713,0.0010673308,0.0010899315,0.0010715891,0.0,0.0010463195,0.0010302956,0.0010208552,0.0010314864,0.0011070445,0.0,0.0010599458,0.0,0.0010302956,0.0010113713,0.0010673308,0.0010788168,0.0010715916,0.0,0.0010463195,0.0010302956,0.0010208552,0.0010314864,0.0011070541,0.0,0.0010599457,0.0010463195,0.0010389829,0.0010500959,0.0010561828,0.0010681972,0.0010715857,0.0010599457,0.0010463195,0.0010389829,0.0010500959,0.0010561828,0.0010681951,0.0,0.001059946,0.0010463196,0.0010389828,0.0010500959,0.0010561828,0.0010681951,0.016891144,0.0,0.0010463195,0.0010302956,0.0010208552,0.0010314864,0.0011070443,0.0010715859,0.0010599457,0.0,0.0,0.0010599458,0.0010599457,0.0010543115,0.0010715941,0.0,0.0010463196,0.0,0.0010599458,0.0010463195,0.0010673344,0.0010716378,0.0,0.0010599459,0.0010463196,0.0010389828,0.0,0.0010599466,0.0,0.0010599456,0.0,0.0010302956,0.0010113713,0.001067331,0.0010788236,0.0010715876,0.0,0.0010463195,0.0010302956,0.0010208552,0.0010314867,0.0011071278,0.0010715914,0.0,0.0,0.0010302956,0.0010113713,0.0010673308,0.0010899315,0.0,0.0010599458,0.0010463196,0.0010389829,0.0010500959,0.0010561828,0.0010681951,0.0010715706,0.0010599458,0.0010463196,0.0,0.0010599458,0.0010463195,0.0010389839,0.0010715872,0.0,0.0010463196,0.0010302957,0.0010208552,0.0010314864,0.0011070471,0.001071587,0.0,0.0010463196,0.0010302956,0.001020855,0.0010314864,0.0011070467,0.0,0.0010599458,0.0010599459,0.0010543112,0.0010656874,0.0,0.0009890015,0.0010715986,0.0,0.0010463196,0.0010302956,0.0010208552,0.0010314864,0.0011070439,0.0010715877,0.0,0.0,0.0010302956,0.0010113713,0.0010673308,0.0010899337,0.0010716121,0.0010599464,0.0,0.0010302964,0.0010113713,0.0010673308,0.0010788259,0.0,0.0010599459,0.0010463196,0.0010389828,0.0010500959,0.0010561828,0.0010681951,0.0,0.0010599464,0.0,0.0010302956,0.0010113713,0.0010673308,0.0010788168,0.0,0.0010599458,0.0010463196,0.0010389828,0.0010500959,0.0010561828,0.0010681951,0.0010715938,0.0010599458,0.0010463196,0.0010389829,0.0010500959,0.0010561828,0.0010681956,0.0,0.0,0.0,0.0010302956,0.0010113713,0.0010673308,0.001089932,0.0010715858,0.0010599457,0.0,0.0010302956,0.0010113713,0.0010673308,0.001078818,0.0010715891,0.0010599459,0.0010463195,0.0010673308,0.0,0.0010302956,0.0010113714,0.0,0.0010599457,0.0010463195,0.0010389828,0.0010500959,0.0010561828,0.0010681961,0.0,0.0010599457,0.0010463195,0.0010389828,0.0010500959,0.0010561828,0.0010681954,0.0,0.0010599463,0.0010463196,0.0010389828,0.0010500959,0.0010561828,0.0010681979,0.00107159,0.0010599457,0.0010463195,0.0010389828,0.0010500959,0.0010561828,0.0010681957,0.0,0.0,0.0010463195,0.0010302956,0.0010208552,0.0010314864,0.0011070446,0.0,0.0010599457,0.0010463195,0.0010389829,0.0010500959,0.0010561828,0.0010681952,0.0010716578,0.0010599468,0.0010463196,0.0010389829,0.0010500959,0.0010561828,0.001068199
k__Bacteria|p__Firmicutes|c__Clostridia|o__Eubacteriales|f__Lachnospiraceae|g__Lachnoclostridium|s__Clostridium_symbiosum,0.0023898536,0.001071342,0.0010579325,0.0010506702,0.0010615309,0.001067437,0.0010791589,0.0,0.001071342,0.0010579325,0.0010506702,0.0010615309,0.001067437,0.0010791586,0.0,0.0,0.0010579533,0.0010421346,0.0010327566,0.0010431756,0.0011170994,0.0010827894,0.0,0.0010579325,0.001042119,0.0010327558,0.0010431756,0.0011170983,0.0,0.0,0.0010579325,0.001042119,0.0010327558,0.0010431756,0.0011170981,0.0010827644,0.0010713419,0.0010579325,0.0010506702,0.0010615309,0.001067437,0.0010791585,0.0,0.001071343,0.0010579329,0.0010506702,0.0010615309,0.001067437,0.00107916,0.0010827645,0.0010713419,0.0010579325,0.0010506702,0.0010615309,0.001067437,0.0010791589,0.0,0.0010713423,0.0010579337,0.0010506704,0.0010615309,0.001067437,0.0010791592,0.0,0.001071342,0.0010579325,0.0010506702,0.0010615309,0.001067437,0.0010791586,0.0019053689,0.001071342,0.0,0.001042119,0.0010233909,0.0010785644,0.0010897213,0.0,0.0010713419,0.0010579325,0.0010506702,0.0010615309,0.001067437,0.0010791597,0.0,0.0,0.0,0.001042119,0.0010233909,0.0010785644,0.0011005697,0.0010827704,0.001071342,0.0,0.001042119,0.0010233909,0.0010785644,0.0010897294,0.0010828103,0.0,0.0,0.0010421192,0.0010233909,0.0010785644,0.0011005691,0.0010827804,0.0,0.0010579325,0.0,0.0010713419,0.0010579325,0.0010785647,0.001082767,0.0,0.0,0.001042119,0.0010233909,0.0010785644,0.0011005669,0.0,0.0010713439,0.0,0.001042119,0.0010233909,0.0010785644,0.0010897187,0.0,0.0,0.0010579348,0.001071343,0.0,0.001042119,0.0010713423,0.001082788,0.0010713423,0.0,0.0010421191,0.0010233909,0.0010785644,0.0010897181,0.0,0.0,0.001057933,0.001042119,0.0010327558,0.0010431756,0.001117099,0.0,0.0,0.0010579325,0.002142801,0.0010713419,0.0010579325,0.0010785647,0.0,0.0010713486,0.0023863486,0.0010713422,0.0,0.0010713419,0.001057933,0.0,0.0,0.0010579545,0.0010421228,0.0010327557,0.0010431756,0.0011170994,0.0,0.0010713915,0.001071348,0.0010657747,0.001076857,0.0,0.0010011524,0.0,0.0010713456,0.0010579342,0.0,0.0010713426,0.0010579329,0.0010506749,0.0010827695,0.0010713419,0.0010579325,0.0,0.0010713419,0.0010579325,0.0010506719,0.0,0.001071342,0.0010579326,0.0010506702,0.0010615309,0.001067437,0.0010791589,0.0010827641,0.0010713419,0.0010579325,0.0010506702,0.0010615309,0.001067437,0.0010791586,0.0010827869,0.0,0.0,0.001042119,0.0010233909,0.0010785644,0.0011005666,0.0010827668,0.0,0.0010579325,0.001042119,0.0010327558,0.0010431756,0.0011170987,0.0,0.0010713422,0.0,0.001042119,0.0010233909,0.0010785644,0.0010897178,0.0010827787,0.0,0.0010579325,0.001042119,0.0010327558,0.0010431756,0.0011171111,0.0,0.0010713419,0.0010579325,0.0010506702,0.0010615309,0.001067437,0.0010791614,0.0010827642,0.0010713419,0.0010579325,0.0010506702,0.0010615309,0.001067437,0.0010791585,0.0,0.0010713427,0.0010579329,0.0010506702,0.0010615309,0.001067437,0.0010791589,0.0058609913,0.0,0.0010579325,0.001042119,0.0010327558,0.0010431756,0.0011170983,0.0010827659,0.0010713419,0.0,0.0,0.0010713422,0.001071342,0.001065775,0.0010827946,0.0,0.0010579332,0.0,0.0010713422,0.0010579329,0.0010785711,0.0010828389,0.0,0.0010713424,0.0010579329,0.0010506702,0.0,0.0010713433,0.0,0.0010713422,0.0,0.001042119,0.0010233909,0.0010785643,0.0010897287,0.0010827696,0.0,0.0010579325,0.001042119,0.0010327557,0.0010431762,0.0011171859,0.0010827824,0.08304462,0.0,0.001042119,0.0010233909,0.0010785644,0.0011005665,0.0,0.0010713422,0.0010579326,0.0010506702,0.0010615309,0.001067437,0.0010791586,0.0010827497,0.001071342,0.0010579327,0.0,0.0010713419,0.0010579325,0.0010506717,0.0010827655,0.0,0.0010579329,0.0010421195,0.0010327558,0.0010431756,0.0011171022,0.001082768,0.0,0.0010579326,0.001042119,0.0010327557,0.0010431756,0.0011171018,0.0,0.0010713422,0.0010713424,0.0010657739,0.0010768572,0.0,0.0010012109,0.0010827886,0.0,0.0010579329,0.001042119,0.0010327558,0.0010431756,0.0011170981,0.0010827691,0.0,0.0,0.001042119,0.0010233909,0.0010785644,0.0011005691,0.0010828003,0.0010713428,0.0,0.0010421205,0.0010233916,0.0010785648,0.0010897304,0.0,0.001071342,0.0010579329,0.0010506702,0.0010615309,0.001067437,0.0010791585,0.0,0.001071344,0.0,0.001042119,0.0010233909,0.0010785644,0.0010897178,0.004443449,0.0010713423,0.001057933,0.0010506702,0.0010615309,0.001067437,0.0010791589,0.0010827781,0.0010713423,0.0010579329,0.0010506706,0.0010615309,0.001067437,0.0010791592,0.0,0.0,0.0,0.001042119,0.0010233909,0.0010785644,0.0011005678,0.001082764,0.0010713419,0.0,0.001042119,0.0010233909,0.0010785644,0.0010897195,0.0010827786,0.001071342,0.0010579325,0.0010785644,0.0,0.001042119,0.001023391,0.00073627644,0.0010713419,0.0010579325,0.0010506702,0.0010615309,0.001067437,0.0010791603,0.0,0.0010713419,0.0010579325,0.0010506702,0.0010615309,0.001067437,0.001079159,0.0,0.0010713426,0.0010579329,0.0010506702,0.0010615309,0.0010674372,0.001079162,0.00108277,0.0010713419,0.0010579325,0.0010506702,0.0010615309,0.001067437,0.0010791593,0.0,0.0,0.0010579325,0.001042119,0.0010327558,0.0010431756,0.0011170988,0.0,0.0010713419,0.0010579325,0.0010506702,0.0010615309,0.001067437,0.0010791586,0.0010829451,0.0010713445,0.0010579329,0.0010506703,0.0010615309,0.0010674372,0.001079163
k__Bacteria|p__Firmicutes|c__Clostridia|o__Eubacteriales|f__Lachnospiraceae|g__Blautia|s__Blautia_producta,0.0,0.0010591747,0.0010456145,0.0010383911,0.0010497281,0.001056031,0.0010682046,0.0,0.0010591748,0.0010456145,0.0010383911,0.0010497281,0.001056031,0.0010682048,0.0,0.0,0.0010456224,0.0010296666,0.0010203382,0.0010311956,0.0011066153,0.0010707892,0.0,0.0010456145,0.0010296614,0.0010203382,0.0010311956,0.0011066154,0.0,0.0,0.0010456145,0.0010296614,0.0010203382,0.0010311956,0.0011066154,0.0010707536,0.0010591747,0.0010456145,0.0010383911,0.0010497281,0.001056031,0.0010682048,0.0,0.001059175,0.0010456145,0.0010383911,0.0010497281,0.001056031,0.0010682052,0.0010707537,0.0010591747,0.0010456145,0.0010383911,0.0010497281,0.001056031,0.0010682045,0.0,0.0010591749,0.0010456151,0.0010383913,0.0010497281,0.001056031,0.0010682051,0.0,0.0010591748,0.0010456145,0.0010383911,0.0010497281,0.001056031,0.0010682045,0.0,0.0010591748,0.0,0.0010296614,0.0010108125,0.0010666038,0.0010783086,0.0,0.0010591747,0.0010456145,0.0010383911,0.0010497281,0.001056031,0.0010682048,0.0,0.0,0.0,0.0010296614,0.0010108125,0.0010666038,0.0010893589,0.0010707636,0.0010591748,0.0,0.0010296614,0.0010108125,0.0010666038,0.0010783091,0.0010708036,0.0,0.0,0.0010296614,0.0010108125,0.0010666038,0.0010893592,0.0010707759,0.0,0.0010456145,0.0,0.0010591747,0.0010456145,0.0010666038,0.001070756,0.0,0.0,0.0010296614,0.0010108125,0.0010666038,0.0010893592,0.0,0.0010591752,0.0,0.0010296614,0.0010108125,0.0010666038,0.0010783082,0.0,0.0,0.0010456151,0.001059175,0.0,0.0010296614,0.0010591748,0.0010707708,0.0010591749,0.0,0.0010296613,0.0010108125,0.0010666038,0.0010783082,0.0,0.0,0.0010456146,0.0010296614,0.0010203382,0.0010311956,0.0011066151,0.0,0.0,0.0010456145,0.0,0.0010591747,0.0010456145,0.0010666038,0.0,0.0010591759,0.0,0.0010591749,0.0,0.0010591747,0.0010456146,0.0,0.0,0.0010456217,0.0010296626,0.0010203382,0.0010311956,0.0011066153,0.0,0.0010591925,0.0010591764,0.0010536496,0.0010652472,0.0,0.0009884682,0.0,0.0010591756,0.001045615,0.0,0.0010591749,0.0010456146,0.0010383925,0.0010707602,0.0010591747,0.0010456145,0.0,0.0010591747,0.0010456145,0.0010383914,0.0,0.0010591749,0.0010456146,0.0010383911,0.0010497281,0.001056031,0.0010682049,0.0010707537,0.0010591747,0.0010456145,0.0010383911,0.0010497281,0.001056031,0.0010682045,0.0010707751,0.0,0.0,0.0010296614,0.0010108125,0.0010666038,0.001089359,0.0010707562,0.0,0.0010456145,0.0010296614,0.0010203382,0.0010311956,0.0011066151,0.0,0.0010591749,0.074690744,0.0010296614,0.0010108125,0.0010666038,0.0010783082,0.0010707696,0.0,0.0010456145,0.0010296614,0.0010203382,0.0010311956,0.0011066147,0.0,0.0010591747,0.0010456145,0.0010383911,0.0010497281,0.001056031,0.0010682051,0.0010707547,0.0010591747,0.0010456145,0.0010383911,0.0010497281,0.001056031,0.0010682048,0.0,0.001059175,0.0010456146,0.0010383911,0.0010497281,0.001056031,0.0010682046,0.0,0.0,0.0010456145,0.0010296614,0.0010203382,0.0010311956,0.0011066155,0.0010707563,0.0010591747,0.0,0.0,0.0010591749,0.0010591748,0.0010536495,0.0010707888,0.0,0.0010456147,0.0,0.0010591749,0.0010456145,0.0010666056,0.0010708417,0.0,0.0010591749,0.0010456146,0.0010383911,0.0,0.0010591751,0.0,0.0010591747,0.0,0.0010296614,0.0010108125,0.0010666037,0.0010783122,0.0010707588,0.0,0.0010456145,0.0010296614,0.0010203382,0.001031196,0.0011066094,0.0010707639,0.0,0.0,0.0010296614,0.0010108125,0.0010666038,0.001089359,0.0,0.0010591749,0.0010456146,0.0010383911,0.0010497281,0.001056031,0.0010682045,0.0010707983,0.0010591748,0.0010456146,0.0,0.0010591748,0.0010456145,0.0010383917,0.0010707554,0.0,0.0010456146,0.0010296614,0.0010203382,0.0010311956,0.0011066154,0.0010707567,0.0,0.0010456146,0.0010296614,0.0010203382,0.0010311959,0.0011066154,0.0018642439,0.0010591748,0.001059175,0.0010536495,0.0010652469,0.0,0.000988489,0.0010707807,0.0,0.0010456146,0.0010296614,0.0010203382,0.0010311956,0.0011066154,0.0010707584,0.0,0.0,0.0010296614,0.0010108125,0.0010666038,0.0010893593,0.00107081,0.001059175,0.0,0.001029662,0.0010108125,0.0010666038,0.0010783095,0.0,0.0010591749,0.0010456146,0.0010383911,0.0010497281,0.001056031,0.0010682044,0.0,0.0010591754,0.0,0.0010296614,0.0010108125,0.0010666038,0.0010783082,0.0,0.0010591749,0.0010456146,0.0010383911,0.0010497281,0.001056031,0.0010682045,0.0010707628,0.0010591748,0.0010456145,0.0010383914,0.0010497281,0.001056031,0.001068205,0.0,0.0,0.0,0.0010296614,0.0010108125,0.0010666038,0.0010893595,0.0010707531,0.0010591747,0.0,0.0010296614,0.0010108125,0.0010666038,0.0010783086,0.0010707631,0.0010591749,0.0010456145,0.0010666038,0.0,0.0010296614,0.0010108126,0.0,0.0010591747,0.0010456145,0.0010383911,0.0010497281,0.001056031,0.001068205,0.07355786,0.0010591747,0.0010456145,0.0010383911,0.0010497281,0.001056031,0.0010682046,0.0,0.001059175,0.0010456146,0.0010383911,0.0010497281,0.001056031,0.0010682051,0.0010707595,0.0010591747,0.0010456145,0.0010383911,0.0010497281,0.001056031,0.0010682048,0.0,0.0,0.0010456145,0.0010296614,0.0010203382,0.0010311956,0.0011066153,0.0,0.0010591747,0.0010456145,0.0010383911,0.0010497281,0.001056031,0.0010682045,0.0010709362,0.0010591754,0.0010456145,0.0010383913,0.0010497281,0.001056031,0.0010682055
k__Bacteria|p__Firmicutes|c__Clostridia|o__Eubacteriales|f__Clostridiaceae|g__Clostridium|s__Clostridium_sp_C5_48,0.0,0.0010623874,0.0010488161,0.001041508,0.00105259,0.0010586606,0.001070626,0.0,0.0010623876,0.0010488161,0.001041508,0.00105259,0.0010586606,0.001070626,0.0,0.0,0.0010488279,0.001032856,0.0010234356,0.0010340443,0.0011092267,0.0010739956,0.0,0.0010488161,0.001032846,0.0010234352,0.0010340443,0.0011092268,0.0,0.0,0.0010488161,0.001032846,0.0010234352,0.0010340443,0.001109227,0.0010739731,0.0010623875,0.0010488161,0.001041508,0.00105259,0.0010586606,0.001070626,0.0,0.001062388,0.0010488161,0.001041508,0.00105259,0.0010586606,0.0010706256,0.001073973,0.0010623875,0.0010488161,0.001041508,0.00105259,0.0010586606,0.001070626,0.0,0.0010623876,0.0010488163,0.0010415083,0.00105259,0.0010586606,0.0010706263,0.0,0.0010623876,0.0010488161,0.001041508,0.00105259,0.0010586606,0.0010706261,0.0,0.0010623876,0.0,0.001032846,0.0010139728,0.0010697414,0.0010811781,0.0,0.0010623875,0.0010488161,0.001041508,0.00105259,0.0010586606,0.0010706257,0.0,0.0,0.0,0.001032846,0.0010139728,0.0010697414,0.0010922268,0.0010739785,0.0010623876,0.0,0.001032846,0.0010139728,0.0010697414,0.0010811766,0.0010739944,0.0,0.0,0.0010328462,0.0010139728,0.0010697414,0.0010922265,0.0010739855,0.0,0.0010488161,0.0,0.0010623875,0.0010488161,0.0010697413,0.0010739741,0.0,0.0,0.001032846,0.0010139728,0.0010697414,0.0010922268,0.12520844,0.0010623882,0.43224338,0.001032846,0.0010139728,0.0010697414,0.0010811774,0.0,0.0,0.0010488172,0.0010623878,0.0,0.001032846,0.0010623873,0.0010739891,0.0010623876,0.0,0.001032846,0.0010139728,0.0010697414,0.0010811777,0.0,0.0,0.0010488164,0.001032846,0.0010234352,0.0010340443,0.0011092266,0.0,0.0,0.0010488161,0.0,0.0010623875,0.0010488161,0.0010697414,0.0,0.0010623906,0.0,0.0010623877,0.0,0.0010623875,0.0010488163,0.0,0.0,0.0010488323,0.0010328483,0.0010234353,0.0010340443,0.0011092268,0.0,0.0010624124,0.0010623903,0.0010567795,0.0010681149,0.0,0.0009915924,0.0,0.0010623889,0.0010488167,0.0,0.0010623877,0.0010488161,0.0010415085,0.0010739794,0.0010623875,0.0010488161,0.0,0.0010623875,0.0010488161,0.001041508,0.0,0.0010623876,0.0010488163,0.001041508,0.00105259,0.0010586606,0.001070626,0.001073973,0.0010623875,0.0010488161,0.001041508,0.00105259,0.0010586606,0.0010706261,0.0010739854,0.0,0.0,0.001032846,0.0010139728,0.0010697414,0.0010922268,0.0010739736,0.010964127,0.0010488161,0.001032846,0.0010234352,0.0010340443,0.0011092265,0.0,0.0010623877,0.0,0.001032846,0.0010139728,0.0010697414,0.0010811777,0.0010739814,0.0,0.0010488161,0.001032846,0.0010234352,0.0010340443,0.0011092245,0.0,0.0010623875,0.0010488161,0.001041508,0.00105259,0.0010586606,0.0010706257,0.001073974,0.0010623875,0.0010488161,0.001041508,0.00105259,0.0010586606,0.001070626,0.0,0.001062388,0.0010488161,0.001041508,0.00105259,0.0010586606,0.0010706257,0.0,0.0,0.0010488161,0.001032846,0.0010234352,0.0010340443,0.0011092268,0.001073975,0.0010623875,0.0,0.0,0.0010623877,0.0010623876,0.0010567794,0.0010739978,0.0,0.0010488165,0.0,0.0010623877,0.0010488161,0.0010697419,0.0010740119,0.0,0.0010623877,0.0010488161,0.001041508,0.0,0.0010623873,0.0,0.0010623875,0.0,0.001032846,0.0010139728,0.0010697413,0.0010811752,0.0010739769,0.0,0.0010488161,0.001032846,0.0010234353,0.0010340444,0.001109211,0.0010739857,0.0,0.0,0.001032846,0.0010139728,0.0010697414,0.0010922268,0.0,0.0010623877,0.0010488163,0.001041508,0.00105259,0.0010586606,0.001070626,0.0010740091,0.0010623876,0.0010488161,0.0,0.0010623874,0.0010488161,0.0010415085,0.0010739735,0.0,0.0010488161,0.0010328463,0.0010234352,0.0010340443,0.0011092261,0.0010739753,0.0,0.0010488163,0.001032846,0.0010234353,0.0010340445,0.0011092254,0.0,0.0010623876,0.0010623875,0.0010567791,0.0010681151,0.0,0.0009916176,0.0010739899,0.0,0.0010488161,0.001032846,0.0010234352,0.0010340443,0.001109227,0.0010739765,0.0,0.0,0.001032846,0.0010139728,0.0010697414,0.0010922268,0.0010739979,0.0010623874,0.0,0.0010328465,0.0010139731,0.0010697413,0.0010811781,0.0,0.0010623875,0.0010488161,0.001041508,0.00105259,0.0010586606,0.001070626,0.0,0.0010623888,0.0,0.001032846,0.0010139728,0.0010697414,0.0010811777,0.19995295,0.0010623875,0.0010488164,0.001041508,0.00105259,0.0010586606,0.001070626,0.0010739751,0.0010623876,0.0010488161,0.0010415082,0.00105259,0.0010586606,0.0010706258,0.0,0.0,0.019820161,0.001032846,0.0010139728,0.0010697414,0.001092227,0.0010739729,0.0010623875,0.0,0.001032846,0.0010139728,0.0010697414,0.0010811774,0.0010739813,0.0010623875,0.0010488161,0.0010697414,0.0,0.001032846,0.001013973,0.0,0.0010623875,0.0010488161,0.001041508,0.00105259,0.0010586606,0.0010706257,0.0,0.0010623875,0.0010488161,0.001041508,0.00105259,0.0010586606,0.0010706258,0.0,0.0010623875,0.0010488161,0.001041508,0.00105259,0.0010586606,0.001070625,0.0010739757,0.0010623875,0.0010488161,0.001041508,0.00105259,0.0010586606,0.0010706256,0.0,0.0,0.0010488161,0.001032846,0.0010234352,0.0010340443,0.0011092264,0.0,0.0010623875,0.0010488161,0.001041508,0.00105259,0.0010586606,0.0010706261,0.0010741149,0.0010623886,0.0010488161,0.001041508,0.00105259,0.0010586606,0.0010706255
k__Bacteria|p__Firmicutes|c__Clostridia|o__Eubacteriales|f__Clostridiaceae|g__Clostridium|s__Clostridium_paraputrificum,0.0,0.0010643817,0.0010510295,0.0010440007,0.0010555047,0.0010620016,0.0010742366,0.001737685,0.0010643818,0.0010510295,0.0010440007,0.0010555047,0.0010620016,0.0010742365,0.0,0.0,0.0010510437,0.0010352951,0.0010261658,0.0010372156,0.0011115543,0.0010758063,0.0015927235,0.0010510295,0.001035287,0.0010261653,0.0010372156,0.0011115539,0.0,0.0,0.0010510295,0.001035287,0.0010261653,0.0010372156,0.001111554,0.0010757581,0.0010643817,0.0010510295,0.0010440007,0.0010555047,0.0010620016,0.0010742365,0.0,0.0010643819,0.0010510295,0.0010440007,0.0010555047,0.0010620016,0.0010742374,0.0010757582,0.0010643817,0.0010510295,0.0010440007,0.0010555047,0.0010620016,0.0010742366,0.0,0.0010643818,0.0010510305,0.0010440008,0.0010555047,0.0010620016,0.0010742372,0.0,0.0010643818,0.0010510295,0.0010440007,0.0010555047,0.0010620016,0.0010742366,0.0,0.0010643818,0.0,0.001035287,0.0010166472,0.0010717816,0.0010836028,0.0,0.0010643817,0.0010510295,0.0010440007,0.0010555047,0.0010620016,0.0010742367,0.0,0.0,0.0,0.001035287,0.0010166472,0.0010717816,0.0010944211,0.0010757718,0.0010643818,0.0,0.001035287,0.0010166472,0.0010717816,0.0010836086,0.0010758651,0.0,0.0,0.0010352872,0.0010166472,0.0010717816,0.0010944211,0.0010757952,0.0,0.0010510295,0.0,0.0010643817,0.0010510295,0.0010717817,0.0010757617,0.0,0.0,0.001035287,0.0010166472,0.0010717816,0.0010944206,0.0,0.001064383,0.0021003745,0.001035287,0.0010166472,0.0010717816,0.001083602,0.0,0.0,0.00105103,0.0010643831,0.0,0.001035287,0.0010643818,0.0010757846,0.0010643818,0.0,0.0010352872,0.0010166472,0.0010717816,0.0010836016,0.0,0.0,0.0010510295,0.001035287,0.0010261653,0.0010372156,0.0011115542,0.0,0.0,0.0010510295,0.001296542,0.0010643817,0.0010510295,0.0010717816,0.0,0.001064384,0.0,0.0010643818,0.0,0.0010643817,0.0010510295,0.0,0.0,0.001051043,0.0010352893,0.0010261654,0.0010372156,0.001111554,0.0018345327,0.0010644218,0.0010643856,0.0010590415,0.0010707796,0.0,0.0009945107,0.0058303582,0.0010643834,0.0010510302,0.0,0.0010643818,0.0010510295,0.0010440035,0.0010757666,0.0010643817,0.0010510295,0.0,0.0010643817,0.0010510295,0.0010440013,0.0,0.0010643819,0.0010510295,0.0010440007,0.0010555047,0.0010620016,0.0010742365,0.0010757581,0.0010643817,0.0010510295,0.0010440007,0.0010555047,0.0010620016,0.0010742366,0.0010757935,0.0,0.0,0.001035287,0.0010166472,0.0010717816,0.0010944207,0.0010757659,0.0,0.0010510295,0.001035287,0.0010261653,0.0010372156,0.0011115541,0.0,0.0010643818,0.0,0.001035287,0.0010166472,0.0010717816,0.0010836015,0.0010757819,0.0,0.0010510295,0.001035287,0.0010261653,0.0010372156,0.0011115615,0.0023996455,0.0010643817,0.0010510295,0.0010440007,0.0010555047,0.0010620016,0.0010742374,0.0010757596,0.0010643817,0.0010510295,0.0010440007,0.0010555047,0.0010620016,0.0010742365,0.0,0.001064382,0.0010510295,0.0010440007,0.0010555047,0.0010620016,0.0010742366,0.0,0.0,0.0010510295,0.001035287,0.0010261653,0.0010372156,0.0011115539,0.0010757613,0.0010643817,0.0034811918,0.0016659755,0.0010643818,0.0010643818,0.001059041,0.0010758064,0.0,0.0010510295,0.0,0.0010643818,0.0010510295,0.0010717865,0.001075932,0.0,0.0010643819,0.0010510295,0.0010440007,0.0,0.001064382,0.0,0.0010643816,0.0,0.001035287,0.0010166472,0.0010717817,0.0010836092,0.0010757656,0.0,0.0010510295,0.001035287,0.0010261654,0.0010372162,0.0011116114,0.0010757765,0.0,0.0,0.001035287,0.0010166472,0.0010717816,0.0010944206,0.0,0.0010643818,0.0010510295,0.0010440007,0.0010555047,0.0010620016,0.0010742365,0.0010757936,0.0010643817,0.0010510295,0.0,0.0010643818,0.0010510295,0.0010440019,0.0010757613,0.0,0.0010510295,0.0010352872,0.0010261651,0.0010372156,0.0011115549,0.0010757626,0.0,0.0010510295,0.001035287,0.0010261654,0.0010372157,0.0011115553,0.0,0.0010643817,0.0010643819,0.001059041,0.0010707795,0.0,0.0009945392,0.001075802,0.0,0.0010510295,0.001035287,0.0010261653,0.0010372156,0.001111554,0.0010757641,0.0,0.001737086,0.001035287,0.0010166472,0.0010717816,0.0010944213,0.0010758572,0.0010643826,0.0,0.0010352881,0.0010166479,0.0010717816,0.0010836072,0.0016521079,0.0010643818,0.0010510295,0.0010440007,0.0010555047,0.0010620016,0.0010742365,0.0,0.0010643826,0.0,0.001035287,0.0010166472,0.0010717816,0.0010836015,0.0,0.0010643818,0.0010510295,0.0010440004,0.0010555047,0.0010620016,0.0010742366,0.0010757768,0.0010643818,0.0010510295,0.0010440008,0.0010555047,0.0010620016,0.0010742366,0.0,0.0,0.0,0.001035287,0.0010166472,0.0010717816,0.001094421,0.0010757577,0.0010643817,0.0,0.001035287,0.0010166472,0.0010717816,0.0010836024,0.0010757701,0.0010643818,0.0010510295,0.0010717816,0.0009690266,0.001035287,0.0010166476,0.0,0.0010643817,0.0010510295,0.0010440004,0.0010555047,0.0010620016,0.0010742372,0.0,0.0010643817,0.0010510295,0.0010440007,0.0010555047,0.0010620016,0.0010742367,0.0,0.0010643823,0.0010510295,0.0010440007,0.0010555047,0.0010620016,0.001074238,0.0010757708,0.0010643817,0.0010510295,0.0010440007,0.0010555047,0.0010620016,0.001074237,0.0,0.0,0.0010510295,0.001035287,0.0010261653,0.0010372156,0.0011115542,0.0,0.0010643817,0.0010510295,0.0010440007,0.0010555047,0.0010620016,0.0010742366,0.0010760396,0.0010643828,0.0010510295,0.0010440004,0.0010555047,0.0010620016,0.0010742384
k__Bacteria|p__Firmicutes|c__Clostridia|o__Eubacteriales|f__Lachnospiraceae|g__Mediterraneibacter|s__Ruminococcus_torques,0.0,0.0010672956,0.0010538,0.0010464977,0.0010574252,0.0010633733,0.0010751826,0.0,0.0010672957,0.0010538,0.0010464977,0.0010574252,0.0010633733,0.0010751825,0.0,0.0,0.0010538058,0.0010379049,0.0010284974,0.0010389686,0.0011135029,0.0010788208,0.0,0.0010538,0.0010379016,0.0010284969,0.0010389686,0.001113502,0.0,0.0,0.0010538,0.0010379016,0.0010284969,0.0010389686,0.0011135021,0.0010788043,0.0010672957,0.0010538,0.0010464977,0.0010574252,0.0010633733,0.0010751825,0.0,0.0010672965,0.0010538002,0.0010464977,0.0010574252,0.0010633733,0.0010751833,0.0010788043,0.0010672957,0.0010538,0.0010464977,0.0010574252,0.0010633733,0.0010751826,0.0,0.0010672959,0.0010538005,0.0010464978,0.0010574252,0.0010633733,0.0010751832,0.0033884034,0.0010672957,0.0010538,0.0010464977,0.0010574252,0.0010633733,0.0010751825,0.0,0.0010672957,0.0,0.0010379016,0.0010190936,0.0010745726,0.0010858244,0.0,0.0010672957,0.0010538,0.0010464977,0.0010574252,0.0010633733,0.001075183,0.0,0.0,0.0,0.0010379016,0.0010190936,0.0010745726,0.0010967775,0.0010788107,0.0010672957,0.0,0.0010379016,0.0010190936,0.0010745726,0.001085829,0.0010788557,0.0,0.0,0.001037902,0.0010190936,0.0010745726,0.001096777,0.0010788192,0.0,0.0010538,0.07907196,0.0010672957,0.0010538,0.0010745727,0.0010788068,0.004520859,0.0,0.0010379016,0.0010190936,0.0010745726,0.0010967754,0.0,0.0010672964,0.0,0.0010379016,0.0010190936,0.0010745726,0.0010858232,0.0,0.0,0.0010538009,0.001067297,0.0,0.0010379016,0.001067296,0.0010788185,0.0010672959,0.0,0.0010379016,0.0010190936,0.0010745726,0.0010858228,0.0,0.0,0.0010538003,0.0010379016,0.0010284969,0.0010389686,0.0011135024,0.0,0.0,0.0010538,0.0,0.0010672957,0.0010538,0.0010745726,0.0,0.0010672961,0.0,0.0010672958,0.0,0.0010672957,0.0010538001,0.0,0.0,0.0010538073,0.0010379023,0.0010284969,0.0010389686,0.0011135025,0.0,0.0010673049,0.0010672966,0.0010616912,0.0010728562,0.0,0.0009967744,0.0,0.0010672967,0.0010538006,0.0,0.0010672959,0.0010538001,0.0010464998,0.0010788072,0.0010672957,0.0010538,0.0,0.0010672957,0.0010538,0.0010464987,0.0,0.0010672958,0.0010538001,0.0010464977,0.0010574252,0.0010633733,0.0010751825,0.0010788044,0.0010672957,0.0010538,0.0010464977,0.0010574252,0.0010633733,0.0010751825,0.0010788274,0.0,0.0,0.0010379016,0.0010190936,0.0010745726,0.0010967753,0.0010788083,0.0,0.0010538,0.0010379016,0.0010284969,0.0010389686,0.0011135024,0.0,0.0010672958,0.0,0.0010379016,0.0010190936,0.0010745726,0.0010858228,0.0010788126,0.0,0.0010538,0.0010379016,0.0010284969,0.0010389686,0.0011135086,0.0,0.0010672957,0.0010538,0.0010464977,0.0010574252,0.0010633733,0.0010751843,0.0010788047,0.0010672957,0.0010538,0.0010464977,0.0010574252,0.0010633733,0.0010751825,0.0,0.001067296,0.0010537998,0.0010464977,0.0010574252,0.0010633733,0.0010751826,0.0,0.0,0.0010538,0.0010379016,0.0010284969,0.0010389686,0.0011135024,0.0010788053,0.0010672957,0.0,0.0,0.0010672958,0.0010672957,0.0010616917,0.0010788237,0.0,0.0010537999,0.0,0.0010672958,0.0010538,0.0010745759,0.0010788766,0.0,0.0010672958,0.0010538001,0.0010464977,0.0,0.0010672966,0.0,0.0010672956,0.0,0.0010379016,0.0010190936,0.0010745726,0.0010858289,0.0010788084,0.0,0.0010538,0.0010379016,0.0010284969,0.0010389689,0.0011135583,0.0010788129,0.0017109216,0.0,0.0010379016,0.0010190936,0.0010745726,0.001096775,0.00961128,0.0010672958,0.0010538001,0.0010464977,0.0010574252,0.0010633733,0.0010751825,0.0010788039,0.0010672958,0.0010538001,0.0,0.0010672956,0.0010538,0.0010464988,0.0010788064,0.0,0.0010538001,0.001037902,0.0010284969,0.0010389686,0.0011135045,0.0010788061,0.0,0.0010538001,0.0010379016,0.0010284969,0.0010389687,0.0011135043,0.0,0.0010672958,0.0010672959,0.001061691,0.0010728561,0.0,0.0009968111,0.0010788285,0.0,0.0010538001,0.0010379016,0.0010284969,0.0010389686,0.0011135021,0.0010788075,0.0,0.0,0.0010379016,0.0010190936,0.0010745726,0.0010967772,0.0010788513,0.0010672963,0.0,0.0010379025,0.0010190937,0.0010745727,0.0010858303,0.0,0.0010672957,0.0010538001,0.0010464977,0.0010574252,0.0010633733,0.0010751825,0.0,0.001067296,0.0,0.0010379016,0.0010190936,0.0010745726,0.0010858228,0.0,0.0010672958,0.0010538003,0.0010464977,0.0010574252,0.0010633733,0.0010751827,0.001078815,0.0010672957,0.0010538001,0.001046498,0.0010574252,0.0010633733,0.0010751827,0.0,0.0,0.0,0.0010379016,0.0010190936,0.0010745726,0.0010967758,0.0010788039,0.0010672957,0.0,0.0010379016,0.0010190936,0.0010745726,0.0010858233,0.0010788105,0.001067296,0.0010538,0.0010745726,0.0,0.0010379016,0.0010190936,0.047835328,0.0010672957,0.0010538,0.0010464977,0.0010574252,0.0010633733,0.0010751832,0.07596644,0.0010672957,0.0010538,0.0010464977,0.0010574252,0.0010633733,0.0010751827,0.0,0.0010672961,0.0010538001,0.0010464977,0.0010574252,0.0010633733,0.0010751847,0.0010788105,0.0010672957,0.0010538,0.0010464977,0.0010574252,0.0010633733,0.0010751832,0.0,0.0,0.0010538,0.0010379016,0.0010284969,0.0010389686,0.0011135024,0.0,0.0010672957,0.0010538,0.0010464977,0.0010574252,0.0010633733,0.0010751825,0.0010788749,0.0010672965,0.0010538001,0.0010464978,0.0010574252,0.0010633733,0.0010751853
k__Bacteria|p__Firmicutes|c__Clostridia|o__Eubacteriales|f__Peptostreptococcaceae|g__Romboutsia|s__Romboutsia_timonensis,0.0,0.001062676,0.0010490969,0.0010417716,0.0010528136,0.0010588464,0.0010707816,0.0,0.001062676,0.0010490969,0.0010417716,0.0010528136,0.0010588464,0.0010707817,0.0,0.0,0.0010491001,0.0010331202,0.00102369,0.0010342592,0.001109441,0.0010742791,0.0,0.0010490969,0.0010331186,0.0010236899,0.0010342592,0.0011094408,0.0,0.0,0.0010490969,0.0010331186,0.0010236899,0.0010342592,0.0011094408,0.001074268,0.001062676,0.0010490969,0.0010417716,0.0010528136,0.0010588464,0.0010707816,0.0,0.0010626763,0.0010490969,0.0010417716,0.0010528136,0.0010588464,0.0010707823,0.0010742684,0.001062676,0.0010490969,0.0010417716,0.0010528136,0.0010588464,0.0010707817,0.0,0.0010626761,0.0010490973,0.0010417717,0.0010528136,0.0010588464,0.0010707821,0.0012019845,0.001062676,0.0010490969,0.0010417716,0.0010528136,0.0010588464,0.0010707817,0.0,0.001062676,0.0014723327,0.0010331186,0.001014236,0.0010700207,0.0010814175,0.0013648985,0.001062676,0.0010490969,0.0010417715,0.0010528136,0.0010588464,0.0010707822,0.0,0.0,0.0,0.0010331186,0.001014236,0.0010700207,0.0010924737,0.0010742717,0.001062676,0.0,0.0010331186,0.001014236,0.0010700207,0.0010814215,0.0010743019,0.0,0.0,0.0010331186,0.001014236,0.0010700207,0.0010924735,0.0010742771,0.0,0.0010490969,0.0,0.001062676,0.0010490969,0.0010700207,0.0010742695,0.0,0.0,0.0010331186,0.001014236,0.0010700207,0.0010924725,0.0,0.0010626762,0.0,0.0010331186,0.001014236,0.0010700207,0.0010814172,0.0,0.0,0.0010490973,0.0010626763,0.0,0.0010331186,0.0010626761,0.0010742738,0.0010626758,0.0,0.0010331185,0.001014236,0.0010700207,0.0010814168,0.0,0.0,0.001049097,0.0010331186,0.0010236899,0.0010342592,0.0011094409,0.0,0.0,0.0010490969,0.0,0.001062676,0.0010490969,0.0010700206,0.0,0.0010626761,0.0,0.0010626761,0.0,0.001062676,0.0010490973,0.0,0.0,0.0010490977,0.0010331189,0.0010236896,0.0010342592,0.0011094408,0.0,0.0010626862,0.0010626764,0.0010570508,0.0010683467,0.0,0.0009918497,0.0,0.0010626767,0.0010490972,0.0,0.001062676,0.001049097,0.0010417732,0.0010742686,0.001062676,0.0010490969,0.0,0.001062676,0.0010490969,0.0010417724,0.0,0.0010626762,0.001049097,0.0010417715,0.0010528136,0.0010588464,0.0010707818,0.0010742684,0.001062676,0.0010490969,0.0010417716,0.0010528136,0.0010588464,0.0010707817,0.0010742804,0.0,0.0,0.0010331186,0.001014236,0.0010700207,0.0010924725,0.0010742702,0.0,0.0010490969,0.0010331186,0.0010236899,0.0010342592,0.0011094407,0.0,0.0010626761,0.0,0.0010331186,0.001014236,0.0010700207,0.0010814167,0.0010742743,0.0,0.0010490969,0.0010331186,0.0010236899,0.0010342592,0.001109445,0.0,0.001062676,0.0010490969,0.0010417716,0.0010528136,0.0010588464,0.0010707834,0.0010742684,0.001062676,0.0010490969,0.0010417716,0.0010528136,0.0010588464,0.0010707816,0.0,0.0010626761,0.001049097,0.0010417715,0.0010528136,0.0010588464,0.0010707816,0.0,0.0,0.0010490969,0.0010331186,0.0010236899,0.0010342592,0.0011094408,0.001074269,0.001062676,0.0,0.0,0.0010626761,0.001062676,0.0010570516,0.0010742827,0.0,0.0010490972,0.0,0.0010626761,0.0010490969,0.0010700225,0.0010743215,0.0,0.0010626761,0.001049097,0.0010417715,0.0014627802,0.0010626767,0.0,0.0010626758,0.0,0.0010331186,0.001014236,0.0010700205,0.0010814209,0.0010742698,0.0,0.0010490969,0.0010331186,0.0010236898,0.0010342594,0.0011094717,0.001074271,0.0,0.0,0.0010331186,0.001014236,0.0010700207,0.0010924722,0.0,0.0010626761,0.001049097,0.0010417716,0.0010528136,0.0010588464,0.0010707817,0.0010742712,0.0010626761,0.001049097,0.0,0.0010626761,0.0010490969,0.001041772,0.0010742693,0.0,0.001049097,0.0010331186,0.0010236899,0.0010342592,0.0011094421,0.0010742692,0.0,0.001049097,0.0010331186,0.0010236898,0.0010342593,0.0011094421,0.0,0.0010626761,0.0010626762,0.001057051,0.0010683463,0.0017521944,0.0009918767,0.0010742847,0.0,0.001049097,0.0010331186,0.0010236899,0.0010342592,0.0011094408,0.0010742703,0.0,0.0,0.0010331186,0.001014236,0.0010700207,0.0010924733,0.0010742929,0.0010626761,0.0,0.001033119,0.0010142361,0.0010700205,0.0010814219,0.0,0.0010626762,0.001049097,0.0010417715,0.0010528136,0.0010588464,0.0010707816,0.0,0.0010626758,0.0,0.0010331186,0.001014236,0.0010700207,0.0010814167,0.0,0.0010626761,0.001049097,0.0010417715,0.0010528136,0.0010588464,0.0010707817,0.001074276,0.001062676,0.0010490969,0.0010417716,0.0010528136,0.0010588464,0.001070782,0.0,0.0,0.0,0.0010331186,0.001014236,0.0010700207,0.0010924728,0.001074268,0.001062676,0.0,0.0010331186,0.001014236,0.0010700207,0.0010814173,0.001074273,0.0010626762,0.0010490969,0.0010700207,0.00089449075,0.0010331186,0.001014236,0.0026194218,0.001062676,0.0010490969,0.0010417715,0.0010528136,0.0010588464,0.0010707824,0.0,0.001062676,0.0010490969,0.0010417715,0.0010528136,0.0010588464,0.0010707817,0.0,0.001062676,0.001049097,0.0010417715,0.0010528136,0.0010588464,0.0010707832,0.0010742714,0.001062676,0.0010490969,0.0010417715,0.0010528136,0.0010588464,0.0010707818,0.0,0.0,0.0010490969,0.0010331186,0.0010236899,0.0010342592,0.0011094409,0.0,0.001062676,0.0010490969,0.0010417716,0.0010528136,0.0010588464,0.0010707817,0.0010743501,0.0010626763,0.0010490969,0.0010417716,0.0010528136,0.0010588464,0.0010707836
k__Bacteria|p__Firmicutes|c__Clostridia|o__Eubacteriales|f__Lachnospiraceae|g__GGB79916|s__GGB79916_SGB4587,0.0,0.0010659895,0.0010524904,0.0010452113,0.0010562233,0.0010622464,0.0010741275,0.0,0.0010659896,0.0010524904,0.0010452113,0.0010562233,0.0010622464,0.0010741273,0.0,0.0,0.0010525059,0.0010366025,0.0010272105,0.0010377627,0.0011124184,0.0010775125,0.0,0.0010524904,0.0010365907,0.0010272098,0.0010377627,0.0011124177,0.01868513,0.008100547,0.0010524904,0.0010365907,0.0010272098,0.0010377627,0.0011124173,0.0010775026,0.0010659895,0.0010524904,0.0010452113,0.0010562233,0.0010622464,0.001074127,0.0,0.0010659903,0.0010524908,0.0010452113,0.0010562233,0.0010622464,0.0010741279,0.0010775027,0.0010659895,0.0010524904,0.0010452113,0.0010562233,0.0010622464,0.0010741275,0.0,0.0010659896,0.001052491,0.0010452113,0.0010562233,0.0010622469,0.0010741281,0.012720083,0.0010659896,0.0010524904,0.0010452113,0.0010562233,0.0010622464,0.0010741272,0.0,0.0010659896,0.0,0.0010365907,0.0010177838,0.001073294,0.0010846369,0.0,0.0010659895,0.0010524904,0.0010452113,0.0010562233,0.0010622464,0.001074128,0.0,0.0,0.0,0.0010365907,0.0010177838,0.001073294,0.0010955984,0.001077505,0.0010659896,0.0,0.0010365907,0.0010177838,0.001073294,0.0010846423,0.0010775222,0.0,0.0,0.001036591,0.0010177838,0.001073294,0.0010955976,0.0010775087,0.0,0.0010524904,0.0,0.0010659895,0.0010524904,0.0010732939,0.0010775034,0.0,0.0,0.0010365907,0.0010177838,0.001073294,0.0010955959,0.0,0.0010659908,0.0,0.0010365907,0.0010177838,0.001073294,0.0010846349,0.0060482454,0.0,0.001052492,0.0010659904,0.0,0.0010365907,0.0010659896,0.0010775178,0.0010659896,0.0,0.0010365905,0.0010177838,0.001073294,0.0010846348,0.0,0.0,0.0010524906,0.0010365907,0.0010272098,0.0010377627,0.0011124178,0.0,0.0,0.0010524904,0.0,0.0010659895,0.0010524904,0.001073294,0.0,0.0010659938,0.0,0.0010659896,0.0,0.0010659895,0.0010524906,0.0,0.0,0.0010525079,0.0010365931,0.0010272101,0.0010377627,0.0011124181,0.0,0.0010660196,0.0010659933,0.0010604082,0.0010716605,0.0,0.0009954738,0.0,0.0010659917,0.0010524914,0.0,0.0010659897,0.0010524904,0.0010452141,0.0010775059,0.0010659895,0.0010524904,0.0,0.0010659895,0.0010524904,0.0010452123,0.0,0.0010659897,0.0010524906,0.0010452113,0.0010562233,0.0010622464,0.0010741274,0.0010775027,0.0010659895,0.0010524904,0.0010452113,0.0010562233,0.0010622464,0.0010741272,0.0010775131,0.037845384,0.002997416,0.0010365907,0.0010177838,0.001073294,0.001095596,0.001077503,0.0017889879,0.0010524904,0.0010365907,0.0010272098,0.0010377627,0.0011124179,0.0,0.0010659896,0.0,0.0010365907,0.0010177838,0.001073294,0.0010846347,0.0010775097,0.0,0.0010524904,0.0010365907,0.0010272098,0.0010377627,0.0011124257,0.0,0.0010659895,0.0010524904,0.0010452113,0.0010562233,0.0010622464,0.0010741289,0.0010775024,0.0010659895,0.0010524904,0.0010452113,0.0010562233,0.0010622464,0.001074127,0.0,0.0010659901,0.0010524907,0.0010452113,0.0010562233,0.0010622464,0.0010741275,0.0,0.0,0.0010524904,0.0010365907,0.0010272098,0.0010377627,0.0011124178,0.0010775028,0.0010659895,0.0,0.0,0.0010659896,0.0010659896,0.0010604084,0.0010775168,0.0,0.0010524908,0.0,0.0010659896,0.0010524904,0.0010732977,0.0010775343,0.0,0.0010659896,0.0010524904,0.0010452113,0.0,0.0010659904,0.0,0.0010659894,0.0,0.0010365907,0.0010177838,0.001073294,0.0010846413,0.0010775055,0.0,0.0010524904,0.0010365907,0.0010272101,0.0010377628,0.0011124839,0.001077515,0.0,0.0,0.0010365907,0.0010177838,0.001073294,0.0010955959,0.0023492659,0.0010659896,0.0010524906,0.0010452113,0.0010562233,0.0010622464,0.0010741273,0.0010774953,0.0010659896,0.0010524904,0.0,0.0010659895,0.0010524904,0.0010452124,0.0010775027,0.0,0.0010524904,0.001036591,0.0010272098,0.0010377627,0.0011124201,0.0010775041,0.0,0.0010524906,0.0010365907,0.0010272101,0.0010377627,0.0011124192,0.0,0.0010659896,0.0010659897,0.0010604077,0.0010716608,0.0,0.0009955253,0.0010775111,0.0,0.0010524904,0.0010365907,0.0010272098,0.0010377627,0.0011124173,0.001077505,0.0,0.0,0.0010365907,0.0010177838,0.001073294,0.001095598,0.0010775174,0.00106599,0.0,0.0010365916,0.0010177839,0.001073294,0.0010846432,0.0,0.0010659896,0.0010524904,0.0010452113,0.0010562233,0.0010622464,0.001074127,0.0,0.0010659908,0.0,0.0010365907,0.0010177838,0.001073294,0.0010846347,0.0,0.0010659896,0.0010524906,0.0010452113,0.0010562233,0.0010622464,0.0010741275,0.0010775074,0.0010659895,0.0010524904,0.0010452115,0.0010562233,0.0010622464,0.0010741275,0.0,0.0,0.0,0.0010365907,0.0010177838,0.001073294,0.0010955966,0.0010775024,0.0010659895,0.001118874,0.0010365907,0.0010177838,0.001073294,0.0010846356,0.0010775096,0.0010659896,0.0010524904,0.001073294,0.0031844038,0.0010365907,0.0010177839,0.0008612929,0.0010659895,0.0010524904,0.0010452113,0.0010562233,0.0010622464,0.0010741281,0.0,0.0010659895,0.0010524904,0.0010452113,0.0010562233,0.0010622464,0.0010741275,0.0,0.0010659898,0.0010524904,0.0010452113,0.0010562233,0.0010622469,0.0010741298,0.0010775039,0.0010659895,0.0010524904,0.0010452113,0.0010562233,0.0010622464,0.0010741277,0.0,0.0,0.0010524904,0.0010365907,0.0010272098,0.0010377627,0.0011124177,0.0,0.0010659895,0.0010524904,0.0010452113,0.0010562233,0.0010622464,0.0010741272,0.0010776195,0.0010659911,0.0010524907,0.0010452113,0.0010562233,0.0010622469,0.0010741305
k__Bacteria|p__Firmicutes|c__Clostridia|o__Eubacteriales|f__Lachnospiraceae|g__Enterocloster|s__Enterocloster_bolteae,0.0,0.001061241,0.0010476705,0.0010403878,0.0010515519,0.001057697,0.0010697312,0.0,0.0010612411,0.0010476705,0.0010403878,0.0010515519,0.001057697,0.0010697308,0.0027876957,0.0,0.0010476894,0.0010317162,0.001022319,0.0010330073,0.0011082859,0.0010728493,0.0064236573,0.0010476705,0.0010317029,0.0010223183,0.0010330073,0.0011082849,0.0,0.0,0.0010476705,0.0010317029,0.0010223179,0.0010330073,0.0011082848,0.0010728275,0.001061241,0.0010476705,0.0010403878,0.0010515519,0.001057697,0.0010697308,0.0,0.0010612421,0.0010476706,0.0010403878,0.0010515519,0.001057697,0.0010697318,0.0010728276,0.001061241,0.0010476705,0.0010403878,0.0010515519,0.001057697,0.0010697312,0.0066022216,0.0010612415,0.0010476713,0.001040388,0.0010515519,0.001057697,0.0010697318,0.0020683014,0.0010612411,0.0010476705,0.0010403878,0.0010515519,0.001057697,0.001069731,0.0,0.0010612411,0.004373434,0.0010317029,0.001012835,0.0010686206,0.0010801475,0.0,0.001061241,0.0010476705,0.0010403878,0.0010515519,0.001057697,0.0010697317,0.0,0.0,0.0,0.0010317029,0.001012835,0.0010686207,0.0010912004,0.0010728333,0.0010612411,0.0,0.0010317029,0.001012835,0.0010686207,0.0010801537,0.0010728756,0.0,0.0,0.0010317032,0.001012835,0.0010686206,0.0010911996,0.0010728438,0.0,0.0010476705,0.0,0.001061241,0.0010476705,0.001068621,0.0010728299,0.0,0.0,0.0010317029,0.001012835,0.0010686206,0.001091198,0.0,0.0010612429,0.0,0.0010317029,0.001012835,0.0010686206,0.0010801452,0.0,0.0,0.0010476722,0.0010612428,0.0035585086,0.0010317029,0.0010612415,0.0010728497,0.0010612415,0.0,0.0010317029,0.001012835,0.0010686206,0.0010801447,0.0,0.0,0.0010476706,0.0010317029,0.0010223179,0.0010330073,0.0011082856,0.0,0.0,0.0010476705,0.0,0.001061241,0.0010476705,0.0010686208,0.0,0.0010612463,0.0,0.0010612413,0.0,0.001061241,0.0010476706,0.0,0.0,0.0010476927,0.001031706,0.0010223183,0.0010330073,0.0011082857,0.0,0.0010612858,0.0010612464,0.0010556583,0.0010670787,0.0,0.0009904753,0.0,0.0010612442,0.0010476717,0.0,0.0010612417,0.0010476706,0.0010403914,0.0010728326,0.001061241,0.0010476705,0.0,0.001061241,0.0010476705,0.0010403891,0.0,0.0010612413,0.0010476706,0.0010403878,0.0010515519,0.001057697,0.0010697312,0.0010728276,0.001061241,0.0010476705,0.0010403878,0.0010515519,0.001057697,0.001069731,0.00107285,0.0,0.0,0.0010317029,0.001012835,0.0010686206,0.0010911977,0.0010728315,0.0,0.0010476705,0.0010317029,0.0010223179,0.0010330073,0.0011082854,0.0,0.0010612413,0.0,0.0010317029,0.001012835,0.0010686206,0.0010801447,0.0010728387,0.0,0.0010476705,0.0010317029,0.0010223183,0.0010330073,0.0011082947,0.0,0.001061241,0.0010476705,0.0010403878,0.0010515519,0.001057697,0.0010697329,0.0010728277,0.001061241,0.0010476705,0.0010403878,0.0010515519,0.001057697,0.0010697308,0.0,0.001061242,0.0010476706,0.0010403878,0.0010515519,0.001057697,0.0010697312,0.0,0.0,0.0010476705,0.0010317029,0.0010223179,0.0010330073,0.001108285,0.0010728285,0.001061241,0.0,0.0,0.0010612413,0.0010612411,0.0010556584,0.0010728516,0.0,0.0010476708,0.0,0.0010612413,0.0010476705,0.0010686255,0.0010729001,0.0,0.0010612415,0.0010476706,0.0010403878,0.0,0.0010612422,0.0,0.001061241,0.0,0.0010317029,0.001012835,0.0010686208,0.0010801522,0.0010728325,0.0,0.0010476705,0.0010317029,0.0010223183,0.0010330079,0.0011083591,0.0010728436,0.0,0.0,0.0010317029,0.001012835,0.0010686206,0.0010911977,0.0,0.0010612413,0.0010476706,0.0010403878,0.0010515519,0.001057697,0.0010697308,0.0010728169,0.0010612413,0.0010476706,0.0,0.001061241,0.0010476705,0.0010403892,0.001072829,0.0,0.0010476706,0.0010317031,0.0010223183,0.0010330073,0.0011082877,0.0010728303,0.0,0.0010476706,0.0010317029,0.0010223183,0.0010330073,0.0011082874,0.0,0.0010612415,0.0010612416,0.001055658,0.0010670788,0.0,0.0009905259,0.0010728508,0.0,0.0010476706,0.0010317029,0.0010223179,0.0010330073,0.0011082848,0.0010728311,0.0,0.0,0.0010317029,0.001012835,0.0010686207,0.0010911997,0.0010728706,0.0010612421,0.0,0.001031704,0.001012835,0.0010686207,0.0010801546,0.0,0.0010612411,0.0010476706,0.0010403878,0.0010515519,0.001057697,0.0010697308,0.0,0.0010612428,0.0,0.0010317029,0.001012835,0.0010686206,0.0010801447,0.0035410877,0.0010612413,0.0010476706,0.0010403878,0.0010515519,0.001057697,0.0010697312,0.0010728388,0.0010612414,0.0010476705,0.0010403878,0.0010515519,0.001057697,0.0010697314,0.0,0.0,0.0,0.0010317029,0.001012835,0.0010686206,0.0010911984,0.0010728273,0.001061241,0.0,0.0010317029,0.001012835,0.0010686206,0.0010801458,0.0010728376,0.0010612411,0.0010476705,0.0010686206,0.0,0.0010317029,0.0010128351,0.0,0.001061241,0.0010476705,0.0010403878,0.0010515519,0.001057697,0.001069732,0.0,0.001061241,0.0010476705,0.0010403878,0.0010515519,0.001057697,0.0010697313,0.0,0.001061242,0.0010476706,0.0010403878,0.0010515519,0.001057697,0.0010697335,0.0010728339,0.001061241,0.0010476705,0.0010403878,0.0010515519,0.001057697,0.0010697317,0.0,0.0,0.0010476705,0.0010317029,0.0010223183,0.0010330073,0.0011082854,0.0,0.001061241,0.0010476705,0.0010403878,0.0010515519,0.001057697,0.001069731,0.0010729543,0.0010612432,0.0010476708,0.0010403878,0.0010515519,0.001057697,0.0010697346
k__Bacteria|p__Firmicutes|c__Clostridia|o__Eubacteriales|f__Lachnospiraceae|g__Blautia|s__Blautia_hansenii,0.0,0.0010636057,0.0010501678,0.0010430296,0.0010543682,0.0010606981,0.0010728275,0.0,0.0010636058,0.0010501678,0.0010430296,0.0010543682,0.0010606981,0.0010728274,0.0,0.0,0.0010501854,0.0010343491,0.0010251021,0.0010359789,0.0011106475,0.0010750934,0.0,0.0010501678,0.0010343363,0.0010251013,0.0010359789,0.0011106473,0.0,0.0,0.0010501678,0.0010343363,0.0010251013,0.0010359789,0.0011106473,0.0010750638,0.0010636057,0.0010501678,0.0010430296,0.0010543682,0.0010606981,0.0010728274,0.0,0.0010636062,0.001050168,0.0010430296,0.0010543682,0.0010606981,0.0010728278,0.001075064,0.0010636057,0.0010501678,0.0010430296,0.0010543682,0.0010606981,0.0010728275,0.0,0.0010636061,0.0010501684,0.0010430297,0.0010543682,0.0010606981,0.001072828,0.0,0.0010636058,0.0010501678,0.0010430296,0.0010543682,0.0010606981,0.0010728275,0.0,0.0010636058,0.0,0.0010343363,0.0010156055,0.0010709875,0.0010826584,0.0,0.0010636057,0.0010501678,0.0010430296,0.0010543682,0.0010606981,0.0010728275,0.0,0.0,0.0,0.0010343363,0.0010156055,0.0010709875,0.0010935672,0.001075071,0.0010636058,0.0,0.0010343363,0.0010156055,0.0010709875,0.0010826614,0.0010751168,0.0,0.0,0.0010343365,0.0010156055,0.0010709875,0.001093567,0.0010750832,0.0,0.0010501678,0.0,0.0010636057,0.0010501678,0.0010709874,0.0010750665,0.0,0.0,0.0010343363,0.0010156055,0.0010709875,0.0010935661,0.0,0.0010636073,0.0,0.0010343363,0.0010156055,0.0010709875,0.0010826575,0.029425764,0.013122185,0.0010501691,0.0010636068,0.0,0.0010343363,0.0010636059,0.0010750879,0.0010636061,0.0,0.0010343362,0.0010156055,0.0010709875,0.0010826574,0.0,0.0,0.001050168,0.0010343363,0.0010251013,0.0010359789,0.0011106475,0.0,0.0,0.0010501678,0.0,0.0010636057,0.0010501678,0.0010709875,0.0,0.0010636103,0.0,0.0010636059,0.0,0.0010636057,0.0010501678,0.0,0.0,0.0010501883,0.0010343395,0.0010251014,0.0010359789,0.0011106473,0.0,0.0010636516,0.0010636108,0.0010581609,0.0010697412,0.0,0.0009933747,0.0,0.0010636082,0.0010501691,0.0,0.0010636061,0.0010501678,0.0010430319,0.0010750702,0.0010636057,0.0010501678,0.0,0.0010636057,0.0010501678,0.0010430303,0.0,0.0010636059,0.0010501678,0.0010430296,0.0010543682,0.0010606981,0.0010728276,0.001075064,0.0010636057,0.0010501678,0.0010430296,0.0010543682,0.0010606981,0.0010728275,0.0010750863,0.0,0.0,0.0010343363,0.0010156055,0.0010709875,0.0010935662,0.0010750677,0.0,0.0010501678,0.0010343363,0.0010251013,0.0010359789,0.0011106473,0.4786008,0.0010636059,0.07480291,0.0010343363,0.0010156055,0.0010709875,0.0010826574,0.0010750784,0.0,0.0010501678,0.0010343363,0.0010251013,0.0010359789,0.0011106514,0.0,0.0010636057,0.0010501678,0.0010430296,0.0010543682,0.0010606981,0.0010728284,0.0010750644,0.0010636057,0.0010501678,0.0010430296,0.0010543682,0.0010606981,0.0010728274,0.0,0.0010636064,0.0010501678,0.0010430296,0.0010543682,0.0010606981,0.0010728275,0.07961094,0.0,0.0010501678,0.0010343363,0.0010251013,0.0010359789,0.0011106473,0.0010750659,0.0010636057,0.0,0.0,0.0010636059,0.0010636058,0.0010581608,0.001075096,0.0,0.0010501682,0.0,0.0010636059,0.0010501678,0.0010709905,0.0010751493,0.0,0.0010636058,0.0010501678,0.0010430296,0.0,0.0010636061,0.0,0.0010636057,0.0,0.0010343363,0.0010156055,0.0010709878,0.0010826618,0.0010750692,0.012450892,0.0010501678,0.0010343363,0.0010251014,0.0010359794,0.0011106747,0.0010750801,0.0,0.0,0.0010343363,0.0010156055,0.0010709875,0.0010935664,0.0,0.0010636059,0.0010501678,0.0010430296,0.0010543682,0.0010606981,0.0010728274,0.0010750747,0.0010636059,0.0010501678,0.0,0.0010636058,0.0010501678,0.0010430304,0.0010750655,0.0,0.0010501678,0.0010343366,0.0010251013,0.0010359789,0.001110648,0.0010750672,0.1277713,0.0010501678,0.0010343364,0.0010251014,0.0010359793,0.0011106483,0.0,0.0010636059,0.0010636059,0.0010581606,0.0010697413,0.0,0.0009934084,0.0010750911,0.0,0.0010501678,0.0010343363,0.0010251013,0.0010359789,0.0011106473,0.0010750683,0.0,0.0,0.0010343363,0.0010156055,0.0010709875,0.0010935669,0.001075113,0.0010636064,0.0,0.0010343373,0.0010156058,0.0010709878,0.0010826618,0.0,0.0010636058,0.0010501678,0.0010430296,0.0010543682,0.0010606981,0.0010728274,0.0,0.0010636073,0.0,0.0010343364,0.0010156055,0.0010709875,0.0010826574,0.0,0.0010636058,0.001050168,0.0010430296,0.0010543682,0.0010606981,0.0010728276,0.0010750742,0.0010636057,0.0010501678,0.0010430297,0.0010543682,0.0010606981,0.0010728277,0.0,0.0,0.0,0.0010343363,0.0010156055,0.0010709875,0.0010935667,0.0010750637,0.0010636057,0.0,0.0010343363,0.0010156055,0.0010709875,0.0010826577,0.0010750752,0.0010636058,0.0010501678,0.0010709875,0.0705385,0.0010343363,0.0010156056,0.0,0.0010636057,0.0010501678,0.0010430296,0.0010543682,0.0010606981,0.001072828,0.0,0.0010636057,0.0010501678,0.0010430296,0.0010543682,0.0010606981,0.0010728276,0.0,0.0010636062,0.0010501678,0.0010430296,0.0010543682,0.0010606981,0.0010728284,0.0010750707,0.0010636057,0.0010501678,0.0010430296,0.0010543682,0.0010606981,0.0010728277,0.0,0.0,0.0010501678,0.0010343363,0.0010251013,0.0010359789,0.0011106476,0.0,0.0010636057,0.0010501678,0.0010430296,0.0010543682,0.0010606981,0.0010728275,0.0010752416,0.0010636076,0.0010501682,0.0010430296,0.0010543682,0.0010606981,0.0010728285
k__Bacteria|p__Firmicutes|c__Bacilli|o__Lactobacillales|f__Streptococcaceae|g__Streptococcus|s__Streptococcus_lutetiensis,0.0,0.0010725039,0.0010592294,0.0010521394,0.0010632628,0.0010694343,0.0010813241,0.0,0.001072504,0.0010592294,0.0010521394,0.0010632628,0.0010694343,0.0010813238,0.0,0.0,0.0010592685,0.0010435812,0.0010343731,0.0010450653,0.0011184744,0.0010838644,0.0,0.0010592294,0.0010435558,0.0010343712,0.0010450653,0.0011184732,0.21511692,0.29954383,0.0010592294,0.0010435558,0.0010343712,0.0010450653,0.0011184731,0.0010837982,0.0010725036,0.0010592294,0.0010521394,0.0010632628,0.0010694343,0.0010813237,0.0,0.0010725053,0.0010592294,0.0010521394,0.0010632628,0.0010694343,0.0010813244,0.001083798,0.0010725036,0.0010592294,0.0010521394,0.0010632628,0.0010694343,0.0010813241,0.0,0.0010725043,0.0010592308,0.0010521398,0.0010632628,0.0010694343,0.0010813251,0.0,0.0010725037,0.0010592294,0.0010521394,0.0010632628,0.0010694343,0.0010813238,0.0,0.0010725037,0.0,0.0010435558,0.0010249718,0.0010797556,0.001091151,0.0,0.0010725039,0.0010592294,0.0010521394,0.0010632628,0.0010694343,0.0010813243,0.0,0.0,0.0,0.0010435558,0.0010249718,0.0010797556,0.0011018594,0.001083816,0.001072504,0.0,0.0010435558,0.0010249718,0.0010797556,0.0010911637,0.0010839502,0.0,0.0,0.001043556,0.0010249718,0.0010797556,0.001101858,0.0010838495,0.0,0.0010592294,0.37201995,0.0010725036,0.0010592294,0.0010797557,0.0010838052,0.006787491,0.0,0.0010435558,0.0010249718,0.0010797555,0.0011018562,0.0,0.0010725077,0.0,0.0010435558,0.0010249718,0.0010797555,0.0010911488,0.0,0.0,0.0010592313,0.0010725074,0.0,0.0010435558,0.0010725041,0.0010838556,0.0010725046,0.0,0.0010435557,0.0010249718,0.0010797555,0.0010911486,0.0,0.0,0.0010592297,0.0010435558,0.0010343712,0.0010450653,0.0011184737,0.05433126,0.085624166,0.0010592294,0.0,0.0010725036,0.0010592294,0.0010797556,0.0,0.0010725139,0.0,0.0010725041,0.0,0.0010725036,0.0010592294,0.0,0.0,0.0010592768,0.0010435636,0.0010343716,0.0010450653,0.0011184745,0.0,0.0010726202,0.0010725167,0.0010671029,0.0010784356,0.0,0.0010028802,0.0,0.0010725097,0.0010592319,0.0,0.0010725047,0.0010592294,0.0010521449,0.0010838121,0.0010725036,0.0010592294,0.0,0.0010725036,0.0010592294,0.0010521408,0.0,0.0010725041,0.0010592294,0.0010521394,0.0010632628,0.0010694343,0.0010813241,0.0010837978,0.0010725036,0.0010592294,0.0010521394,0.0010632628,0.0010694343,0.0010813238,0.001083854,0.0,0.0020813728,0.0010435558,0.0010249718,0.0010797555,0.0011018562,0.0010838137,0.01659932,0.0010592294,0.0010435558,0.0010343712,0.0010450653,0.0011184736,0.0,0.0010725039,0.0,0.0010435558,0.0010249718,0.0010797555,0.0010911485,0.0010838337,0.0152233355,0.0010592294,0.0010435558,0.0010343712,0.0010450653,0.0011184884,0.0,0.0010725039,0.0010592294,0.0010521394,0.0010632628,0.0010694343,0.0010813256,0.0010837995,0.0010725036,0.0010592294,0.0010521394,0.0010632628,0.0010694343,0.0010813237,0.0,0.001072505,0.0010592294,0.0010521398,0.0010632628,0.0010694343,0.0010813241,0.0,0.0,0.0010592294,0.0010435558,0.0010343712,0.0010450653,0.0011184734,0.0010838017,0.0010725036,0.0,0.0,0.0010725039,0.001072504,0.0010671016,0.0010838645,0.0,0.0010592301,0.0,0.0010725039,0.0010592294,0.0010797617,0.0010840283,0.0,0.0010725043,0.0010592294,0.0010521394,0.044734452,0.0010725048,0.032111134,0.0010725036,0.45569855,0.0010435558,0.0010249718,0.0010797557,0.0010911594,0.0010838096,0.051612556,0.0010592294,0.0010435558,0.0010343716,0.0010450663,0.0011185979,0.0010838321,0.0,0.0,0.0010435558,0.0010249718,0.0010797555,0.0011018559,0.0,0.0010725041,0.0010592294,0.0010521394,0.0010632628,0.0010694343,0.0010813238,0.0010838006,0.001072504,0.0010592294,0.0,0.001072504,0.0010592294,0.0010521421,0.0010838036,0.0,0.0010592294,0.0010435561,0.0010343712,0.0010450653,0.0011184763,0.0010838057,0.03869078,0.0010592294,0.0010435558,0.0010343716,0.0010450656,0.0011184766,0.20683567,0.001072504,0.0010725044,0.0010671014,0.0010784357,0.58227867,0.0010029386,0.0010838704,0.0,0.0010592294,0.0010435558,0.0010343712,0.0010450653,0.0011184731,0.001083808,0.0,0.0,0.0010435558,0.0010249718,0.0010797556,0.0011018582,0.0010839336,0.0010725064,0.0,0.0010435584,0.0010249725,0.001079756,0.0010911608,0.0,0.001072504,0.0010592294,0.0010521394,0.0010632628,0.0010694343,0.0010813237,0.0,0.0010725072,0.0,0.0010435558,0.0010249718,0.0010797555,0.0010911485,0.0,0.0010725041,0.0010592295,0.0010521394,0.0010632628,0.0010694343,0.0010813242,0.0010838275,0.0010725042,0.0010592297,0.0010521401,0.0010632628,0.0010694343,0.0010813242,0.0,0.0,0.014756836,0.0010435558,0.0010249718,0.0010797555,0.0011018564,0.0010837973,0.0010725036,0.01888803,0.0010435558,0.0010249718,0.0010797555,0.0010911502,0.0010838205,0.001072504,0.0010592294,0.0010797555,0.0,0.0010435558,0.001024972,0.0,0.0010725036,0.0010592294,0.0010521398,0.0010632628,0.0010694343,0.0010813248,0.0,0.0010725039,0.0010592294,0.0010521394,0.0010632628,0.0010694343,0.0010813243,0.0,0.0010725057,0.0010592294,0.0010521394,0.0010632628,0.0010694343,0.0010813265,0.001083821,0.0010725039,0.0010592294,0.0010521394,0.0010632628,0.0010694343,0.0010813246,0.030024588,0.0,0.0010592294,0.0010435558,0.0010343712,0.0010450653,0.0011184738,0.0,0.0010725039,0.0010592294,0.0010521394,0.0010632628,0.0010694343,0.0010813238,0.0010841436,0.0010725078,0.0010592297,0.0010521396,0.0010632628,0.0010694343,0.0010813276
k__Bacteria|p__Firmicutes|c__Clostridia|o__Eubacteriales|f__Lachnospiraceae|g__Anaerostipes|s__Anaerostipes_caccae,0.0,0.0010678276,0.0010543384,0.001047034,0.0010579401,0.0010638701,0.001075659,0.00410112,0.0010678277,0.0010543384,0.001047034,0.0010579401,0.0010638701,0.001075659,0.0,0.0,0.0010543438,0.0010384497,0.0010290394,0.0010394907,0.0011139598,0.0010793572,0.0021820047,0.0010543384,0.001038446,0.0010290389,0.0010394907,0.0011139597,0.0,0.0,0.0010543384,0.001038446,0.0010290389,0.0010394907,0.0011139596,0.0010793296,0.0010678276,0.0010543384,0.001047034,0.0010579401,0.0010638701,0.001075659,0.0,0.0010678282,0.0010543384,0.001047034,0.0010579401,0.0010638701,0.0010756596,0.0010793298,0.0010678276,0.0010543384,0.001047034,0.0010579401,0.0010638701,0.001075659,0.0,0.0010678278,0.0010543388,0.0010470342,0.0010579401,0.0010638701,0.0010756593,0.0,0.0010678277,0.0010543384,0.001047034,0.0010579401,0.0010638701,0.001075659,0.009552581,0.0010678277,0.0023422404,0.001038446,0.0010196428,0.0010750954,0.001086322,0.0,0.0010678276,0.0010543384,0.001047034,0.0010579401,0.0010638698,0.0010756592,0.0,0.0,0.0,0.001038446,0.0010196428,0.0010750954,0.0010972657,0.0010793374,0.0010678277,0.0,0.001038446,0.0010196428,0.0010750954,0.0010863247,0.0010793894,0.0,0.0,0.0010384459,0.0010196428,0.0010750954,0.0010972654,0.0010793499,0.0,0.0010543384,0.0,0.0010678276,0.0010543384,0.0010750954,0.0010793317,0.0,0.0,0.001038446,0.0010196428,0.0010750954,0.0010972649,0.0,0.001067828,0.0015137595,0.001038446,0.0010196428,0.0010750954,0.0010863208,0.0,0.0,0.001054339,0.0010678285,0.0,0.001038446,0.001067828,0.0010793456,0.0010678278,0.0,0.0010384459,0.0010196428,0.0010750954,0.0010863207,0.0,0.0,0.0010543385,0.001038446,0.0010290389,0.0010394907,0.0011139598,0.0,0.0,0.0010543384,0.0013478945,0.0010678276,0.0010543384,0.0010750954,0.0,0.0010678286,0.0019326576,0.0010678278,0.0,0.0010678276,0.0010543384,0.0,0.0,0.0010543452,0.0010384466,0.001029039,0.0010394907,0.0011139595,0.0,0.0010678371,0.0010678286,0.0010622209,0.0010733628,0.0,0.0009973245,0.0,0.0010678285,0.0010543389,0.0,0.0010678278,0.0010543384,0.0010470356,0.0010793345,0.0010678276,0.0010543384,0.0,0.0010678276,0.0010543384,0.0010470349,0.0,0.0010678278,0.0010543384,0.001047034,0.0010579401,0.0010638701,0.001075659,0.0010793296,0.0010678276,0.0010543384,0.001047034,0.0010579401,0.0010638701,0.001075659,0.001079353,0.0,0.0,0.001038446,0.0010196428,0.0010750954,0.0010972645,0.0010793331,0.0,0.0010543384,0.001038446,0.0010290389,0.0010394907,0.0011139596,0.0,0.0010678278,0.008540422,0.001038446,0.0010196428,0.0010750954,0.0010863205,0.0010793406,0.0,0.0010543384,0.001038446,0.0010290389,0.0010394907,0.0011139634,0.0,0.0010678276,0.0010543384,0.001047034,0.0010579401,0.0010638701,0.00107566,0.0010793306,0.0010678276,0.0010543384,0.001047034,0.0010579401,0.0010638701,0.001075659,0.0,0.0010678279,0.0010543384,0.001047034,0.0010579401,0.0010638701,0.001075659,0.0019558514,0.0,0.0010543384,0.001038446,0.0010290389,0.0010394907,0.0011139596,0.0010793316,0.0010678276,0.0,0.0,0.0010678278,0.0010678277,0.0010622211,0.0010793596,0.0,0.0010543384,0.0,0.0010678278,0.0010543384,0.001075098,0.0010794227,0.0,0.0010678277,0.0010543384,0.001047034,0.0,0.0010678283,0.0,0.0010678276,0.0,0.001038446,0.0010196428,0.0010750954,0.001086324,0.0010793343,0.0,0.0010543384,0.001038446,0.001029039,0.0010394909,0.0011139897,0.0010793414,0.006801824,0.0,0.001038446,0.0010196428,0.0010750954,0.0010972646,0.0,0.0010678278,0.0010543384,0.001047034,0.0010579401,0.0010638701,0.001075659,0.001079356,0.0010678277,0.0010543384,0.0,0.0010678276,0.0010543384,0.0010470346,0.0010793317,0.0,0.0010543384,0.001038446,0.0010290389,0.0010394907,0.0011139606,0.0010793323,0.0,0.0010543384,0.001038446,0.001029039,0.0010394907,0.0011139604,0.0,0.0010678277,0.0010678278,0.0010622207,0.0010733627,0.0,0.000997354,0.0010793577,0.0,0.0010543384,0.001038446,0.0010290389,0.0010394907,0.0011139596,0.0010793335,0.0,0.0,0.001038446,0.0010196428,0.0010750954,0.0010972655,0.0010793859,0.0010678279,0.0,0.0010384466,0.0010196428,0.0010750954,0.0010863254,0.0,0.0010678277,0.0010543384,0.001047034,0.0010579401,0.0010638701,0.001075659,0.0,0.0010678282,0.0,0.001038446,0.0010196428,0.0010750954,0.0010863205,0.0017879864,0.0010678277,0.0010543385,0.001047034,0.0010579401,0.0010638701,0.001075659,0.00107934,0.0010678276,0.0010543384,0.0010470342,0.0010579401,0.0010638701,0.0010756592,0.0,0.0,0.0,0.001038446,0.0010196428,0.0010750954,0.001097265,0.0010793295,0.0010678276,0.0,0.001038446,0.0010196428,0.0010750954,0.001086321,0.001079338,0.0010678277,0.0010543384,0.0010750954,0.0,0.001038446,0.0010196429,0.0006375538,0.0010678276,0.0010543384,0.001047034,0.0010579401,0.0010638701,0.0010756596,0.0,0.0010678276,0.0010543384,0.001047034,0.0010579401,0.0010638701,0.001075659,0.0,0.0010678278,0.0010543384,0.001047034,0.0010579401,0.0010638701,0.00107566,0.0010793358,0.0010678276,0.0010543384,0.001047034,0.0010579401,0.0010638701,0.0010756592,0.0,0.0,0.0010543384,0.001038446,0.0010290389,0.0010394907,0.0011139597,0.0,0.0010678276,0.0010543384,0.001047034,0.0010579401,0.0010638701,0.001075659,0.0010794881,0.0010678285,0.0010543384,0.001047034,0.0010579401,0.0010638701,0.0010756605
k__Bacteria|p__Firmicutes|c__Clostridia|o__Eubacteriales|f__Lachnospiraceae|g__Tyzzerella|s__Tyzzerella_nexilis,0.0,0.0010600917,0.0010464697,0.0010391359,0.0010502493,0.0010563377,0.0010683488,0.0,0.0010600919,0.0010464697,0.0010391359,0.0010502493,0.0010563377,0.0010683484,0.0,0.0,0.001046486,0.0010304622,0.001021013,0.0010316448,0.001107178,0.0010717491,0.0,0.0010464697,0.00103045,0.0010210123,0.0010316448,0.0011071772,0.0,0.0,0.0010464697,0.00103045,0.0010210123,0.0010316448,0.0011071772,0.001071728,0.0010600918,0.0010464697,0.0010391359,0.0010502493,0.0010563377,0.0010683483,0.0,0.0010600926,0.0010464698,0.0010391359,0.0010502493,0.0010563377,0.0010683493,0.0010717278,0.0010600918,0.0010464697,0.0010391359,0.0010502493,0.0010563377,0.0010683485,0.0,0.0010600922,0.0010464706,0.0010391361,0.0010502493,0.0010563377,0.0010683488,0.0,0.0010600919,0.0010464697,0.0010391359,0.0010502493,0.0010563377,0.0010683484,0.0,0.0010600919,0.0,0.00103045,0.0010115298,0.0010674754,0.0010789628,0.0,0.0010600918,0.0010464697,0.0010391359,0.0010502493,0.0010563377,0.0010683488,0.0,0.0,0.0,0.00103045,0.0010115294,0.0010674754,0.0010900716,0.0010717327,0.0010600919,0.0,0.00103045,0.0010115294,0.0010674754,0.0010789672,0.0010717682,0.0,0.0,0.00103045,0.0010115298,0.0010674754,0.001090071,0.0010717404,0.0,0.0010464697,0.0,0.0010600918,0.0010464697,0.0010674753,0.0010717291,0.0,0.0,0.00103045,0.0010115294,0.0010674754,0.0010900702,0.0,0.0010600933,0.0,0.00103045,0.0010115298,0.0010674754,0.0010789607,0.0,0.0,0.0010464716,0.0010600929,0.0,0.00103045,0.0010600919,0.0010717482,0.0010600922,0.0,0.0010304499,0.0010115294,0.0010674754,0.0010789606,0.0,0.0,0.0010464698,0.00103045,0.0010210123,0.0010316448,0.0011071777,0.0,0.0,0.0010464697,0.0,0.0010600918,0.0010464697,0.0010674753,0.0,0.0010600965,0.0,0.001060092,0.0,0.0010600918,0.0010464698,0.0,0.0,0.0010464902,0.0010304528,0.0010210124,0.0010316448,0.0011071777,0.0,0.0010601247,0.0010600961,0.0010544605,0.0010658362,0.0,0.0009891174,0.0,0.0010600945,0.0010464708,0.0,0.0010600924,0.0010464698,0.001039139,0.0010717328,0.0010600918,0.0010464697,0.0,0.0010600918,0.0010464697,0.0010391369,0.0,0.0010600919,0.0010464698,0.0010391359,0.0010502493,0.0010563377,0.0010683486,0.0010717278,0.0010600918,0.0010464697,0.0010391359,0.0010502493,0.0010563377,0.0010683484,0.0010717468,0.0,0.0,0.00103045,0.0010115294,0.0010674754,0.0010900701,0.0010717298,0.0,0.0010464697,0.00103045,0.0010210123,0.0010316448,0.0011071776,0.0,0.001060092,0.0,0.00103045,0.0010115294,0.0010674754,0.0010789606,0.0010717389,0.0,0.0010464697,0.00103045,0.0010210123,0.0010316448,0.001107184,0.0,0.0010600918,0.0010464697,0.0010391359,0.0010502493,0.0010563377,0.0010683499,0.0010717281,0.0010600918,0.0010464697,0.0010391359,0.0010502493,0.0010563377,0.0010683483,0.0,0.0010600922,0.0010464698,0.0010391359,0.0010502493,0.0010563377,0.0010683484,0.0,0.0,0.0010464697,0.00103045,0.0010210123,0.0010316448,0.0011071776,0.0010717284,0.0010600918,0.0,0.0,0.001060092,0.0010600919,0.0010544606,0.0010717505,0.0,0.00104647,0.0,0.001060092,0.0010464697,0.0010674795,0.001071791,0.0,0.001060092,0.0010464698,0.0010391359,0.0,0.0010600924,0.0,0.0010600918,0.0,0.00103045,0.0010115298,0.0010674755,0.0010789676,0.0010717326,0.0,0.0010464697,0.00103045,0.0010210124,0.0010316452,0.0011072243,0.0010717441,0.0,0.0,0.00103045,0.0010115294,0.0010674754,0.0010900702,0.0,0.001060092,0.0010464698,0.0010391359,0.0010502493,0.0010563377,0.0010683484,0.0010717219,0.0010600918,0.0010464698,0.0,0.0010600918,0.0010464697,0.0010391371,0.0010717288,0.0,0.0010464698,0.0010304502,0.0010210123,0.0010316448,0.0011071793,0.0010717302,0.0020193527,0.0010464698,0.00103045,0.0010210124,0.0010316448,0.0011071792,0.0,0.0010600918,0.001060092,0.0010544598,0.001065836,0.0,0.000989163,0.0010717446,0.0,0.0010464698,0.00103045,0.0010210123,0.0010316448,0.0011071772,0.0010717303,0.0,0.0,0.00103045,0.0010115298,0.0010674754,0.0010900714,0.0010717674,0.0010600925,0.0,0.0010304508,0.0010115299,0.0010674754,0.0010789677,0.0,0.0010600919,0.0010464698,0.0010391359,0.0010502493,0.0010563377,0.0010683483,0.0,0.0010600934,0.0,0.00103045,0.0010115294,0.0010674754,0.0010789606,0.0,0.001060092,0.0010464698,0.0010391359,0.0010502493,0.0010563377,0.0010683485,0.0010717359,0.001060092,0.0010464698,0.0010391363,0.0010502493,0.0010563377,0.0010683489,0.0,0.0017004993,0.0,0.00103045,0.0010115294,0.0010674754,0.0010900708,0.0010717275,0.0010600918,0.0,0.00103045,0.0010115294,0.0010674754,0.0010789614,0.0010717373,0.0010600919,0.0010464697,0.0010674754,0.0,0.00103045,0.0010115299,0.04427004,0.0010600918,0.0010464697,0.0010391359,0.0010502493,0.0010563377,0.0010683493,0.0,0.0010600918,0.0010464697,0.0010391359,0.0010502493,0.0010563377,0.0010683485,0.0,0.0010600922,0.0010464698,0.0010391359,0.0010502493,0.0010563377,0.0010683503,0.001071732,0.0010600918,0.0010464697,0.0010391359,0.0010502493,0.0010563377,0.001068349,0.0,0.0,0.0010464697,0.00103045,0.0010210123,0.0010316448,0.0011071777,0.0,0.0010600918,0.0010464697,0.0010391359,0.0010502493,0.0010563377,0.0010683484,0.001071887,0.0010600938,0.00104647,0.0010391359,0.0010502493,0.0010563377,0.001068351
k__Bacteria|p__Firmicutes|c__Clostridia|o__Eubacteriales|f__Peptostreptococcaceae|g__Clostridioides|s__Clostridioides_difficile,0.0,0.0010686759,0.0010552012,0.0010479004,0.0010587836,0.0010646966,0.0010764612,0.0,0.0010686761,0.0010552012,0.0010479004,0.0010587836,0.0010646966,0.0010764612,0.0,0.0,0.0010552238,0.0010393395,0.0010299208,0.0010403518,0.001114704,0.001080224,0.0,0.0010552014,0.001039323,0.0010299197,0.0010403518,0.0011147029,0.0,0.0,0.0010552014,0.001039323,0.0010299197,0.0010403518,0.0011147029,0.0010801635,0.001068676,0.0010552012,0.0010479004,0.0010587836,0.0010646966,0.001076461,0.0,0.0010686768,0.0010552015,0.0010479004,0.0010587836,0.0010646966,0.0010764614,0.0010801635,0.001068676,0.0010552012,0.0010479004,0.0010587836,0.0010646966,0.0010764612,0.0,0.0010686761,0.0010552021,0.0010479005,0.0010587836,0.0010646966,0.0010764623,0.0,0.0010686761,0.0010552012,0.0010479004,0.0010587836,0.0010646966,0.0010764612,0.0,0.0010686761,0.0,0.001039323,0.001020533,0.0010759309,0.0010871299,0.0,0.001068676,0.0010552012,0.0010479003,0.0010587836,0.0010646966,0.0010764616,0.0,0.0,0.0,0.001039323,0.001020533,0.0010759309,0.0010980562,0.0010801792,0.0010686761,0.0,0.001039323,0.001020533,0.0010759309,0.0010871363,0.0010802734,0.0,0.0,0.0010393233,0.001020533,0.0010759309,0.0010980549,0.0010802038,0.0,0.0010552012,0.0,0.001068676,0.0010552012,0.001075931,0.0010801684,0.0,0.0,0.001039323,0.001020533,0.0010759309,0.0010980536,0.0,0.0010686781,0.0,0.001039323,0.001020533,0.0010759309,0.0010871278,0.0022707942,0.0,0.0010552029,0.0010686776,0.0021956586,0.001039323,0.0010686761,0.0010802089,0.0010686764,0.0,0.0010393233,0.001020533,0.0010759309,0.0010871278,0.0,0.0,0.0010552015,0.001039323,0.0010299197,0.0010403518,0.0011147034,0.0,0.0,0.0010552014,0.0021400126,0.001068676,0.0010552012,0.0010759307,0.0,0.0010686826,0.0,0.0010686761,0.0012921387,0.001068676,0.0010552015,0.0,0.0,0.0010552302,0.0010393276,0.0010299198,0.0010403518,0.0011147041,0.0,0.0010687253,0.0010686824,0.0010630728,0.0010741884,0.0,0.0009982323,0.0,0.0010686793,0.0010552029,0.0,0.0010686764,0.0010552015,0.0010479032,0.0010801764,0.001068676,0.0010552012,0.0,0.001068676,0.0010552012,0.0010479013,0.0,0.0010686761,0.0010552015,0.0010479003,0.0010587836,0.0010646966,0.0010764613,0.0010801636,0.001068676,0.0010552012,0.0010479004,0.0010587836,0.0010646966,0.0010764612,0.0010802082,0.0,0.0,0.001039323,0.001020533,0.0010759309,0.0010980533,0.0010801716,0.0,0.0010552012,0.001039323,0.0010299197,0.0010403518,0.0011147031,0.00962969,0.0010686761,0.0,0.001039323,0.001020533,0.0010759309,0.0010871277,0.0010801896,0.0,0.0010552014,0.001039323,0.0010299197,0.0010403518,0.0011147094,0.0,0.001068676,0.0010552012,0.0010479004,0.0010587836,0.0010646966,0.0010764628,0.0010801652,0.001068676,0.0010552012,0.0010479004,0.0010587836,0.0010646966,0.001076461,0.0,0.0010686769,0.0010552015,0.0010479003,0.0010587836,0.0010646966,0.0010764612,0.0025202087,0.0,0.0010552014,0.001039323,0.0010299197,0.0010403518,0.0011147034,0.0010801681,0.001068676,0.003983323,0.0046775616,0.0010686761,0.0010686761,0.0010630727,0.0010802286,0.0,0.0010552017,0.0,0.0010686761,0.0010552014,0.0010759339,0.0010803337,0.0,0.0010686761,0.0010552015,0.0010479003,0.0,0.0010686766,0.0,0.0010686759,0.0,0.001039323,0.001020533,0.0010759308,0.0010871318,0.0010801742,0.0,0.0010552012,0.001039323,0.0010299197,0.001040352,0.0011147627,0.001080194,0.0015573831,0.0,0.001039323,0.001020533,0.0010759309,0.0010980532,0.0,0.0010686761,0.0010552013,0.0010479004,0.0010587836,0.0010646966,0.0010764612,0.0010802136,0.0010686761,0.0010552015,0.0,0.001068676,0.0010552012,0.0010479016,0.001080167,0.0,0.0010552015,0.0010393233,0.0010299197,0.0010403518,0.0011147052,0.0010801702,0.0,0.0010552013,0.0010393233,0.0010299197,0.0010403518,0.0011147043,0.0,0.0010686761,0.0010686761,0.001063072,0.0010741886,0.0,0.0009982813,0.0010802204,0.0,0.0010552015,0.001039323,0.0010299197,0.0010403518,0.0011147029,0.001080173,0.0,0.0020568445,0.001039323,0.001020533,0.0010759309,0.0010980555,0.0010802703,0.0010686769,0.0,0.0010393243,0.001020533,0.001075931,0.0010871355,0.0,0.001068676,0.0010552015,0.0010479003,0.0010587836,0.0010646966,0.001076461,0.0021728044,0.0010686782,0.0,0.001039323,0.001020533,0.0010759309,0.0010871277,0.0,0.001068676,0.0010552015,0.0010479003,0.0010587836,0.0010646966,0.0010764613,0.0010801832,0.001068676,0.0010552015,0.0010479005,0.0010587836,0.0010646966,0.0010764614,0.0,0.0022133961,0.0,0.001039323,0.001020533,0.0010759309,0.0010980538,0.0010801628,0.001068676,0.0,0.001039323,0.001020533,0.0010759309,0.0010871287,0.0010801846,0.001068676,0.0010552012,0.0010759309,0.014296338,0.001039323,0.001020533,0.0,0.001068676,0.0010552012,0.0010479003,0.0010587836,0.0010646966,0.0010764619,0.002557967,0.001068676,0.0010552014,0.0010479003,0.0010587836,0.0010646966,0.0010764616,0.0,0.0010686767,0.0010552015,0.0010479003,0.0010587836,0.0010646966,0.001076463,0.0010801771,0.001068676,0.0010552014,0.0010479003,0.0010587836,0.0010646966,0.0010764617,0.0,0.0,0.0010552012,0.001039323,0.0010299197,0.0010403518,0.0011147035,0.0,0.001068676,0.0010552012,0.0010479004,0.0010587836,0.0010646966,0.0010764612,0.0010805103,0.0010686783,0.0010552015,0.0010479004,0.0010587836,0.0010646966,0.0010764641
k__Bacteria|p__Firmicutes|c__Clostridia|o__Eubacteriales|f__Clostridiaceae|g__Clostridium|s__Clostridium_SGB6179,0.0,0.0010729246,0.0010596315,0.0010525053,0.0010635505,0.0010696474,0.001081479,0.0,0.0010729247,0.0010596315,0.0010525053,0.0010635505,0.0010696474,0.0010814789,0.0,0.0,0.001059641,0.001043944,0.0010347158,0.0010453311,0.0011187608,0.0010842445,0.0,0.0010596315,0.0010439378,0.0010347153,0.0010453311,0.0011187607,0.0,0.0,0.0010596315,0.0010439378,0.0010347153,0.0010453311,0.0011187606,0.0010842355,0.0010729247,0.0010596315,0.0010525053,0.0010635505,0.0010696474,0.0010814789,0.0,0.0010729249,0.0010596315,0.0010525053,0.0010635505,0.0010696474,0.0010814794,0.0010842357,0.0010729247,0.0010596315,0.0010525053,0.0010635505,0.0010696474,0.0010814787,0.0,0.0010729248,0.0010596317,0.0010525053,0.0010635505,0.0010696474,0.0010814794,0.0,0.0010729247,0.0010596315,0.0010525053,0.0010635505,0.0010696474,0.001081479,0.0,0.0010729247,0.0,0.0010439378,0.0010253317,0.0010801594,0.0010914756,0.0018409949,0.0010729247,0.0010596315,0.0010525053,0.0010635505,0.0010696474,0.0010814791,0.0,0.0,0.0,0.0010439378,0.0010253317,0.0010801594,0.0011022002,0.0010842378,0.0010729247,0.0015420489,0.0010439378,0.0010253317,0.0010801594,0.0010914787,0.0010842618,0.0,0.0,0.0010439378,0.0010253317,0.0010801594,0.0011022,0.0010842439,0.0,0.0010596315,0.003674317,0.0010729247,0.0010596315,0.0010801594,0.0010842364,0.0,0.02386038,0.0010439378,0.0010253317,0.0010801594,0.0011021997,0.0,0.0010729254,0.0,0.0010439378,0.0010253317,0.0010801594,0.0010914747,0.0,0.0,0.0010596318,0.0010729255,0.0,0.0010439378,0.0010729248,0.0010842454,0.0010729248,0.001778659,0.0010439376,0.0010253317,0.0010801594,0.0010914748,0.0,0.0,0.0010596316,0.0010439378,0.0010347153,0.0010453311,0.0011187608,0.0,0.0,0.0010596315,0.0,0.0010729247,0.0010596315,0.0010801593,0.0,0.0010729261,0.0,0.0010729248,0.0012685815,0.0010729247,0.0010596316,0.0,0.0068636085,0.0010596408,0.0010439391,0.0010347154,0.0010453311,0.0011187604,0.0,0.0010729459,0.0010729271,0.0010674868,0.0010787429,0.0,0.001003204,0.0035146046,0.0010729253,0.0010596317,0.0,0.0010729249,0.0010596315,0.0010525069,0.0010842374,0.0010729247,0.0010596315,0.005415925,0.0010729247,0.0010596315,0.0010525058,0.0,0.0010729248,0.0010596316,0.0010525053,0.0010635505,0.0010696474,0.0010814791,0.0010842356,0.0010729247,0.0010596315,0.0010525053,0.0010635505,0.0010696474,0.001081479,0.0010842432,0.0,0.0,0.0010439378,0.0010253317,0.0010801594,0.0011021997,0.0010842376,0.0,0.0010596315,0.0010439378,0.0010347153,0.0010453311,0.0011187606,0.015628638,0.0010729248,0.0,0.0010439378,0.0010253317,0.0010801594,0.0010914748,0.0010842419,0.0,0.0010596315,0.0010439378,0.0010347153,0.0010453311,0.0011187646,0.0,0.0010729247,0.0010596315,0.0010525053,0.0010635505,0.0010696474,0.0010814795,0.0010842358,0.0010729247,0.0010596315,0.0010525053,0.0010635505,0.0010696474,0.0010814789,0.0,0.0010729249,0.0010596315,0.0010525053,0.0010635505,0.0010696474,0.001081479,0.0,0.0,0.0010596315,0.0010439378,0.0010347153,0.0010453311,0.0011187606,0.0010842357,0.0010729247,0.0,0.0,0.0010729248,0.0010729247,0.0010674869,0.0010842456,0.0,0.0010596316,0.0,0.0010729248,0.0010596315,0.0010801613,0.0010842792,0.0,0.0010729247,0.0010596315,0.0010525053,0.0,0.001072925,0.17939952,0.0010729246,0.007317526,0.0010439378,0.0010253317,0.0010801594,0.0010914799,0.0010842375,0.0,0.0010596315,0.0010439378,0.0010347154,0.0010453311,0.0011187966,0.0010842406,0.0,0.0,0.0010439378,0.0010253317,0.0010801594,0.0011021995,0.0,0.0010729248,0.0010596316,0.0010525053,0.0010635505,0.0010696474,0.0010814789,0.0010842363,0.0010729248,0.0010596315,0.0,0.0010729247,0.0010596315,0.0010525062,0.0010842361,0.0,0.0010596315,0.0010439378,0.0010347153,0.0010453311,0.0011187613,0.0010842363,0.0,0.0010596316,0.0010439378,0.0010347154,0.0010453311,0.0011187614,0.0,0.0010729248,0.0010729248,0.0010674866,0.0010787428,0.0040126303,0.0010032356,0.0010842448,0.0,0.0010596315,0.0010439378,0.0010347153,0.0010453311,0.0011187606,0.0010842367,0.0,0.0,0.0010439378,0.0010253317,0.0010801594,0.0011022002,0.0010842595,0.001072925,0.008090611,0.0010439384,0.0010253317,0.0010801594,0.0010914782,0.0,0.0010729247,0.0010596315,0.0010525053,0.0010635505,0.0010696474,0.0010814789,0.0,0.0010729253,0.0,0.0010439378,0.0010253317,0.0010801594,0.0010914748,0.0014200053,0.0010729247,0.0010596316,0.0010525053,0.0010635505,0.0010696474,0.001081479,0.0010842396,0.0010729246,0.0010596315,0.0010525053,0.0010635505,0.0010696474,0.0010814792,0.0,0.0015660021,0.0,0.0010439378,0.0010253317,0.0010801594,0.0011021999,0.0010842354,0.0010729247,0.0048835496,0.0010439378,0.0010253317,0.0010801594,0.0010914751,0.0010842375,0.0010729247,0.0010596315,0.0010801594,0.0,0.0010439378,0.0010253318,0.0,0.0010729247,0.0010596315,0.0010525053,0.0010635505,0.0010696474,0.0010814795,0.0,0.0010729247,0.0010596315,0.0010525053,0.0010635505,0.0010696474,0.0010814791,0.0,0.0010729248,0.0010596315,0.0010525053,0.0010635505,0.0010696474,0.0010814804,0.001084238,0.0010729247,0.0010596315,0.0010525053,0.0010635505,0.0010696474,0.0010814792,0.0,0.0,0.0010596315,0.0010439378,0.0010347153,0.0010453311,0.0011187608,0.0,0.0010729247,0.0010596315,0.0010525053,0.0010635505,0.0010696474,0.001081479,0.0010843183,0.0010729253,0.0010596315,0.0010525052,0.0010635505,0.0010696474,0.0010814806
k__Bacteria|p__Firmicutes|c__Clostridia|o__Eubacteriales|f__Peptostreptococcaceae|g__Intestinibacter|s__Intestinibacter_bartlettii,0.0,0.0010640924,0.0010505284,0.0010431946,0.0010541747,0.0010601553,0.0010720337,0.0,0.0010640923,0.0010505284,0.0010431946,0.0010541747,0.0010601553,0.0010720337,0.0,0.0,0.0010505471,0.0010345762,0.0010251268,0.0010356382,0.0011106542,0.0010756885,0.0,0.0010505284,0.0010345634,0.001025126,0.0010356382,0.0011106534,0.0,0.0025222092,0.0010505284,0.0010345634,0.001025126,0.0010356382,0.0011106534,0.001075669,0.0010640922,0.0010505284,0.0010431946,0.0010541747,0.0010601553,0.0010720335,0.0,0.001064093,0.0010505285,0.0010431946,0.0010541747,0.0010601553,0.0010720341,0.0010756691,0.0010640922,0.0010505284,0.0010431946,0.0010541747,0.0010601553,0.0010720337,0.0,0.0010640925,0.0010505291,0.0010431947,0.0010541747,0.0010601553,0.0010720342,0.0,0.0010640923,0.0010505284,0.0010431946,0.0010541747,0.0010601553,0.0010720337,0.0,0.0010640923,0.0,0.0010345634,0.0010156917,0.0010714119,0.0010827398,0.0,0.0010640922,0.0010505284,0.0010431946,0.0010541747,0.0010601553,0.001072034,0.0,0.0,0.0,0.0010345634,0.0010156917,0.0010714119,0.0010937748,0.0010756741,0.0010640923,0.0,0.0010345634,0.0010156917,0.0010714119,0.0010827468,0.0010757154,0.0,0.0,0.0010345635,0.0010156917,0.0010714119,0.0010937742,0.0010756842,0.0,0.0010505284,0.0,0.0010640922,0.0010505284,0.001071412,0.0010756713,0.0018639448,0.0,0.0010345634,0.0010156917,0.0010714119,0.0010937727,0.0,0.0010640939,0.0,0.0010345634,0.0010156917,0.0010714119,0.0010827383,0.0,0.0,0.0010505294,0.0010640936,0.0019866843,0.0010345634,0.0010640924,0.0010756901,0.0010640925,0.0,0.0010345634,0.0010156917,0.0010714119,0.0010827379,0.0,0.0031590508,0.0010505286,0.0010345634,0.001025126,0.0010356382,0.0011106537,0.0,0.0,0.0010505284,0.0,0.0010640922,0.0010505284,0.0010714119,0.0,0.0010640973,0.0,0.0010640924,0.0,0.0010640922,0.0010505285,0.0,0.0,0.0010505494,0.0010345667,0.0010251261,0.0010356382,0.0011106543,0.0,0.0010641417,0.0010640977,0.0010584595,0.0010696884,0.0,0.0009933198,0.0,0.0010640952,0.0010505294,0.0,0.0010640926,0.0010505285,0.0010431977,0.0010756733,0.0010640922,0.0010505284,0.0013970514,0.0010640922,0.0010505284,0.0010431957,0.0,0.0010640923,0.0010505285,0.0010431946,0.0010541747,0.0010601553,0.0010720337,0.0010756686,0.0010640922,0.0010505284,0.0010431946,0.0010541747,0.0010601553,0.0010720337,0.001075687,0.0,0.0,0.0010345634,0.0010156917,0.0010714119,0.0010937726,0.0010756731,0.0,0.0010505284,0.0010345634,0.001025126,0.0010356382,0.0011106536,0.0,0.0010640924,0.0,0.0010345634,0.0010156917,0.0010714119,0.001082738,0.0010756811,0.0,0.0010505284,0.0010345634,0.001025126,0.0010356382,0.0011106628,0.0,0.0010640922,0.0010505284,0.0010431946,0.0010541747,0.0010601553,0.0010720352,0.001075669,0.0010640922,0.0010505284,0.0010431946,0.0010541747,0.0010601553,0.0010720335,0.0,0.0010640931,0.0010505285,0.0010431946,0.0010541747,0.0010601553,0.0010720337,0.0,0.0,0.0010505284,0.0010345634,0.001025126,0.0010356382,0.0011106537,0.0010756699,0.0010640922,0.0,0.0,0.0010640924,0.0010640923,0.0010584592,0.001075691,0.0,0.0010505285,0.0,0.0010640924,0.0010505284,0.0010714155,0.0010757402,0.0,0.0010640926,0.0010505285,0.0010431946,0.0029770017,0.0010640931,0.0,0.0010640922,0.0,0.0010345634,0.0010156917,0.001071412,0.0010827448,0.0010756728,0.0,0.0010505284,0.0010345634,0.0010251258,0.0010356385,0.001110725,0.0010756819,0.0,0.0,0.0010345634,0.0010156917,0.0010714119,0.0010937724,0.0014482078,0.0010640924,0.0010505285,0.0010431946,0.0010541747,0.0010601553,0.0010720337,0.0010756585,0.0010640923,0.0010505285,0.0,0.0010640922,0.0010505284,0.0010431957,0.0010756705,0.0,0.0010505285,0.0010345635,0.001025126,0.0010356382,0.0011106561,0.0010756715,0.0,0.0010505285,0.0010345634,0.0010251261,0.001035638,0.0011106556,0.0,0.0010640925,0.0010640926,0.0010584587,0.0010696885,0.0,0.0009933667,0.0010756913,0.0,0.0010505285,0.0010345634,0.001025126,0.0010356382,0.0011106534,0.0010756725,0.0,0.0,0.0010345634,0.0010156917,0.0010714119,0.0010937743,0.0010757064,0.0010640931,0.0,0.0010345646,0.0010156924,0.001071412,0.0010827463,0.0,0.0010640922,0.0010505285,0.0010431946,0.0010541747,0.0010601553,0.0010720335,0.0,0.0010640939,0.0,0.0010345634,0.0010156917,0.0010714119,0.001082738,0.00158477,0.0010640923,0.0010505286,0.0010431946,0.0010541747,0.0010601553,0.0010720337,0.0010756794,0.0010640925,0.0010505285,0.0010431949,0.0010541747,0.0010601553,0.0010720338,0.0,0.0,0.0,0.0010345634,0.0010156917,0.0010714119,0.0010937728,0.0010756687,0.0010640922,0.0,0.0010345634,0.0010156917,0.0010714119,0.0010827387,0.0010756779,0.0010640922,0.0010505284,0.0010714119,0.0,0.0010345634,0.0010156919,0.0014718317,0.0010640922,0.0010505284,0.0010431946,0.0010541747,0.0010601553,0.0010720346,0.0,0.0010640922,0.0010505284,0.0010431946,0.0010541747,0.0010601553,0.0010720337,0.0,0.0010640931,0.0010505285,0.0010431946,0.0010541747,0.0010601553,0.0010720359,0.0010756756,0.0010640922,0.0010505284,0.0010431946,0.0010541747,0.0010601553,0.0010720341,0.0,0.0,0.0010505284,0.0010345634,0.001025126,0.0010356382,0.0011106539,0.0,0.0010640922,0.0010505284,0.0010431946,0.0010541747,0.0010601553,0.0010720337,0.001075807,0.0010640942,0.0010505285,0.0010431944,0.0010541747,0.0010601553,0.0010720367
k__Bacteria|p__Firmicutes|c__Clostridia|o__Eubacteriales|f__Clostridiaceae|g__Hungatella|s__Hungatella_hathewayi,0.0,0.0010680811,0.00105458,0.0010472527,0.0010581102,0.0010639939,0.0010757472,0.0021279047,0.0010680812,0.00105458,0.0010472527,0.0010581102,0.0010639939,0.001075747,0.0042683976,0.0,0.0010545853,0.0010386795,0.0010292445,0.001039647,0.0011141313,0.0010795916,0.0041204514,0.00105458,0.0010386747,0.0010292442,0.001039647,0.001114131,0.0,0.0,0.00105458,0.0010386747,0.0010292442,0.001039647,0.001114131,0.0010795938,0.0010680811,0.00105458,0.0010472527,0.0010581102,0.0010639939,0.001075747,0.0,0.0010680816,0.00105458,0.0010472527,0.0010581102,0.0010639939,0.0010757473,0.0010795941,0.0010680811,0.00105458,0.0010472527,0.0010581102,0.0010639939,0.0010757472,0.0,0.0010680814,0.0010545801,0.0010472529,0.0010581102,0.0010639939,0.0010757474,0.0,0.0010680812,0.00105458,0.0010472527,0.0010581102,0.0010639939,0.001075747,0.0,0.0010680812,0.0,0.0010386747,0.0010198574,0.0010753385,0.0010865171,0.0,0.0010680811,0.00105458,0.0010472527,0.0010581102,0.0010639939,0.0010757479,0.0,0.0,0.0,0.0010386747,0.0010198574,0.0010753385,0.0010974731,0.0010795931,0.0010680812,0.0,0.0010386747,0.0010198574,0.0010753385,0.001086522,0.0010795937,0.0,0.0,0.0010386748,0.0010198574,0.0010753385,0.0010974723,0.0010795913,0.0,0.00105458,0.0,0.0010680811,0.00105458,0.0010753385,0.001079594,0.0,0.0,0.0010386747,0.0010198574,0.0010753385,0.0010974708,0.0,0.0010680819,0.0,0.0010386747,0.0010198574,0.0010753385,0.0010865158,0.0,0.0,0.0010545806,0.0010680815,0.0,0.0010386747,0.0010680814,0.0010795966,0.0010680814,0.0014722147,0.0010386747,0.0010198574,0.0010753385,0.0010865158,0.0,0.0,0.00105458,0.0010386747,0.0010292442,0.001039647,0.0011141311,0.0,0.0,0.00105458,0.0,0.0010680811,0.00105458,0.0010753383,0.0,0.0010680838,0.0,0.0010680814,0.0,0.0010680811,0.0010545801,0.036819533,0.009452177,0.0010545874,0.0010386758,0.001029244,0.001039647,0.0011141314,0.0,0.0010680953,0.0010680824,0.0010624524,0.0010735458,0.0,0.0009975266,0.0,0.0010680826,0.0010545804,0.0,0.0010680815,0.0010545801,0.0010472544,0.0010795936,0.0010680811,0.00105458,0.011158381,0.0010680811,0.00105458,0.0010472537,0.0,0.0010680814,0.0010545801,0.0010472527,0.0010581102,0.0010639939,0.0010757468,0.0010795937,0.0010680811,0.00105458,0.0010472527,0.0010581102,0.0010639939,0.001075747,0.0010795931,0.0,0.0,0.0010386747,0.0010198574,0.0010753385,0.0010974708,0.0010795925,0.0,0.00105458,0.0010386747,0.0010292442,0.001039647,0.0011141312,0.0,0.0010680814,0.0,0.0010386747,0.0010198574,0.0010753385,0.0010865154,0.0010795944,0.0,0.00105458,0.0010386747,0.0010292442,0.001039647,0.0011141371,0.0,0.0010680811,0.00105458,0.0010472527,0.0010581102,0.0010639939,0.001075749,0.0010795933,0.0010680811,0.00105458,0.0010472527,0.0010581102,0.0010639939,0.001075747,0.006956647,0.0010680817,0.0010545801,0.0010472527,0.0010581102,0.0010639939,0.0010757472,0.0016288854,0.0,0.00105458,0.0010386747,0.0010292442,0.001039647,0.001114131,0.0010795938,0.0010680811,0.0,0.0,0.0010680814,0.0010680812,0.0010624528,0.0010795933,0.0,0.0010545802,0.0,0.0010680814,0.00105458,0.0010753403,0.0010795962,0.0,0.0010680814,0.0010545801,0.0010472527,0.0,0.0010680818,0.0,0.0010680811,0.0027585987,0.0010386747,0.0010198574,0.0010753383,0.0010865185,0.0010795933,0.0,0.00105458,0.0010386747,0.001029244,0.0010396474,0.0011141804,0.0010795961,0.015269618,0.0,0.0010386747,0.0010198574,0.0010753385,0.0010974705,0.0,0.0010680814,0.0010545801,0.0010472527,0.0010581102,0.0010639939,0.001075747,0.0010795785,0.0010680812,0.0010545801,0.0,0.0010680811,0.00105458,0.0010472531,0.0010795938,0.0,0.0010545801,0.0010386748,0.0010292442,0.001039647,0.0011141329,0.0010795945,0.0,0.0010545801,0.0010386747,0.001029244,0.0010396471,0.001114132,0.0,0.0010680812,0.0010680815,0.0010624521,0.0010735458,0.0,0.0009975677,0.0010795939,0.0,0.0010545801,0.0010386747,0.0010292442,0.001039647,0.001114131,0.0010795952,0.0,0.0,0.0010386747,0.0010198574,0.0010753385,0.0010974724,0.0010795842,0.0010680814,0.0,0.0010386753,0.0010198574,0.0010753386,0.0010865226,0.0,0.0010680812,0.0010545801,0.0010472527,0.0010581102,0.0010639939,0.001075747,0.0,0.0010680817,0.0,0.0010386747,0.0010198574,0.0010753385,0.0010865154,0.0,0.0010680814,0.00105458,0.0010472527,0.0010581102,0.0010639939,0.0010757472,0.0010795961,0.0010680812,0.00105458,0.0010472529,0.0010581102,0.0010639939,0.0010757473,0.0,0.0,0.0,0.0010386747,0.0010198574,0.0010753385,0.001097471,0.0010795938,0.0010680811,0.0,0.0010386747,0.0010198574,0.0010753385,0.0010865162,0.0010795969,0.0010680812,0.00105458,0.0010753385,0.038986925,0.0010386747,0.0010198575,0.0,0.0010680811,0.00105458,0.0010472527,0.0010581102,0.0010639939,0.0010757479,0.0,0.0010680811,0.00105458,0.0010472527,0.0010581102,0.0010639939,0.0010757473,0.0,0.0010680815,0.0010545801,0.0010472527,0.0010581102,0.0010639939,0.0010757493,0.0010795932,0.0010680811,0.00105458,0.0010472527,0.0010581102,0.0010639939,0.0010757474,0.0,0.0,0.00105458,0.0010386747,0.0010292442,0.001039647,0.0011141311,0.0,0.0010680811,0.00105458,0.0010472527,0.0010581102,0.0010639939,0.001075747,0.0010796422,0.0010680823,0.00105458,0.0010472527,0.0010581102,0.0010639939,0.0010757502
k__Bacteria|p__Firmicutes|c__Clostridia|o__Eubacteriales|f__Lachnospiraceae|g__Mediterraneibacter|s__Ruminococcus_gnavus,0.0,0.010015445,0.010685526,0.011036629,0.010498618,0.010197686,0.009594049,0.0,0.0100154495,0.010685526,0.011036629,0.010498618,0.010197686,0.009594057,0.0,0.0,0.010684914,0.011446452,0.011881549,0.011386685,0.0075140763,0.009423832,0.0,0.010685526,0.011446861,0.011881574,0.011386685,0.0075141047,0.0,0.0,0.010685522,0.011446861,0.011881574,0.011386685,0.007514107,0.009425272,0.010015449,0.010685526,0.011036629,0.010498618,0.010197686,0.009594059,0.0,0.010015418,0.010685521,0.011036629,0.010498618,0.010197686,0.0095940335,0.009425275,0.010015449,0.010685526,0.011036629,0.010498618,0.010197686,0.009594054,0.07747236,0.01001544,0.010685503,0.011036627,0.010498618,0.010197686,0.009594026,0.0,0.0100154495,0.010685526,0.011036629,0.010498618,0.010197686,0.009594059,0.26915404,0.0100154495,0.01126838,0.011446861,0.012311667,0.009642488,0.0090484135,0.0,0.010015449,0.010685526,0.011036631,0.010498618,0.010197686,0.009594034,0.0,0.0,0.096546195,0.011446861,0.012311667,0.009642488,0.00845821,0.009424882,0.0100154495,0.003954946,0.011446861,0.012311667,0.009642488,0.0090481555,0.009422101,0.011629305,0.015260191,0.011446858,0.012311667,0.009642488,0.008458234,0.009424221,0.0,0.010685526,0.0,0.010015449,0.010685526,0.00964248,0.009425146,0.0021754205,0.005194543,0.011446861,0.012311667,0.009642488,0.008458289,0.0,0.010015391,0.0,0.011446861,0.012311667,0.009642488,0.009048468,0.11112814,0.18924761,0.01068548,0.010015397,0.0319018,0.011446861,0.010015437,0.009424208,0.01001544,0.0059610247,0.011446862,0.012311667,0.009642488,0.009048487,0.0,0.055109013,0.010685524,0.011446861,0.011881574,0.011386685,0.007514091,0.0,0.0,0.010685526,0.042060174,0.010015449,0.010685526,0.009642482,0.0,0.01001529,0.0698734,0.010015447,0.05864164,0.010015449,0.010685522,0.0,0.00424544,0.01068482,0.01144676,0.011881571,0.011386685,0.0075140754,0.0,0.010013841,0.010015274,0.010294449,0.009724154,0.0029502737,0.013291818,0.0,0.010015354,0.010685488,0.0,0.010015441,0.010685524,0.0110365255,0.009425021,0.010015449,0.010685526,0.0016522759,0.010015449,0.010685526,0.011036594,0.0,0.010015445,0.010685523,0.011036631,0.010498618,0.010197686,0.009594051,0.009425279,0.010015449,0.010685526,0.011036629,0.010498618,0.010197686,0.009594057,0.009424072,0.0,0.0,0.011446861,0.012311667,0.009642488,0.008458296,0.009425038,0.019854294,0.010685526,0.011446861,0.011881574,0.011386685,0.0075140907,0.0,0.010015447,0.26766178,0.011446861,0.012311667,0.009642488,0.009048488,0.009424574,0.009711905,0.010685526,0.011446861,0.011881574,0.011386685,0.0075137657,0.023884004,0.010015449,0.010685526,0.011036629,0.010498618,0.010197686,0.009593989,0.009425243,0.010015449,0.010685526,0.011036629,0.010498618,0.010197686,0.009594059,0.015074545,0.010015432,0.010685524,0.011036631,0.010498618,0.010197686,0.009594049,0.16668975,0.0,0.010685526,0.011446861,0.011881574,0.011386685,0.0075141,0.009425176,0.010015449,0.49809262,0.023958303,0.010015447,0.0100154495,0.010294447,0.009423704,0.0,0.010685512,0.09392196,0.010015447,0.010685526,0.009642345,0.009420312,0.036913816,0.010015445,0.010685524,0.011036631,0.003107595,0.010015411,0.01213211,0.010015447,0.0019009244,0.011446861,0.012311667,0.009642488,0.009048233,0.009425028,0.016049005,0.010685526,0.011446861,0.011881571,0.011386668,0.007511438,0.009424575,0.083350934,0.0,0.011446861,0.012311667,0.009642488,0.008458299,0.025739005,0.010015447,0.010685523,0.011036629,0.010498618,0.010197686,0.009594059,0.009424604,0.010015448,0.010685524,0.006688647,0.010015446,0.010685526,0.011036588,0.009425174,0.0,0.010685524,0.011446851,0.011881571,0.011386685,0.007514015,0.009425113,0.0048719686,0.010685523,0.0114468625,0.011881571,0.011386686,0.0075140176,0.0,0.010015445,0.010015446,0.010294466,0.009724144,0.0025784962,0.013290289,0.009423795,0.0,0.010685524,0.011446861,0.011881574,0.011386685,0.007514107,0.009425058,0.004151225,0.03080368,0.011446861,0.012311667,0.009642488,0.008458231,0.00942242,0.010015419,0.0060134307,0.011446822,0.012311662,0.009642485,0.0090481695,0.0,0.010015447,0.010685524,0.011036631,0.010498618,0.010197686,0.009594059,0.032731894,0.010015402,0.0061248844,0.011446861,0.012311667,0.009642488,0.009048487,0.037420247,0.010015446,0.010685524,0.011036631,0.010498618,0.010197686,0.009594054,0.009424672,0.01001544,0.010685519,0.011036623,0.010498618,0.010197686,0.00959404,0.002094579,0.05364637,0.014009113,0.011446861,0.012311667,0.009642488,0.00845828,0.009425287,0.010015449,0.063959405,0.011446861,0.012311667,0.009642488,0.009048451,0.009424768,0.010015447,0.010685526,0.009642488,0.029007673,0.011446861,0.012311666,0.02448045,0.010015449,0.010685526,0.011036631,0.010498618,0.010197686,0.009594022,0.0,0.010015449,0.010685526,0.011036631,0.010498618,0.010197686,0.009594044,0.0,0.010015424,0.010685524,0.011036631,0.010498618,0.010197684,0.009593969,0.009424892,0.010015449,0.010685526,0.011036631,0.010498618,0.010197686,0.009594037,0.0,0.0,0.010685526,0.011446861,0.011881574,0.011386685,0.0075140903,0.0,0.010015449,0.010685526,0.011036629,0.010498618,0.010197686,0.009594059,0.009416473,0.010015384,0.010685519,0.011036631,0.010498618,0.010197684,0.0095939385
k__Bacteria|p__Firmicutes|c__Clostridia|o__Eubacteriales|f__Clostridiaceae|g__Clostridium|s__Clostridium_neonatale,0.0,0.0010694901,0.0010560781,0.0010488513,0.0010598368,0.001065855,0.0010776814,0.0012873652,0.0010694902,0.0010560781,0.0010488513,0.0010598368,0.001065855,0.0010776815,0.0,0.0,0.001056089,0.0010402723,0.001030938,0.001041478,0.0011155675,0.0010809213,0.0,0.0010560781,0.0010402643,0.0010309378,0.001041478,0.0011155674,0.0,0.0,0.0010560781,0.0010402643,0.0010309378,0.001041478,0.0011155672,0.001080917,0.0010694901,0.0010560781,0.0010488513,0.0010598368,0.001065855,0.0010776814,0.0,0.0010694907,0.0010560781,0.0010488513,0.0010598368,0.001065855,0.0010776825,0.0010809171,0.0010694901,0.0010560781,0.0010488513,0.0010598368,0.001065855,0.0010776814,0.0,0.0010694906,0.0010560787,0.0010488513,0.0010598368,0.001065855,0.0010776813,0.0,0.0010694902,0.0010560781,0.0010488513,0.0010598368,0.001065855,0.0010776814,0.005531602,0.0010694902,0.0,0.0010402643,0.0010215397,0.0010767526,0.0010880411,0.0,0.0010694901,0.0010560781,0.0010488513,0.0010598368,0.001065855,0.0010776814,0.0,0.0,0.0,0.0010402643,0.0010215397,0.0010767526,0.0010988988,0.0010809181,0.0010694902,0.0,0.0010402643,0.0010215397,0.0010767526,0.0010880417,0.0010809165,0.0024519493,0.0,0.0010402644,0.0010215397,0.0010767526,0.001098899,0.0010809198,0.0,0.0010560781,0.0011803636,0.0010694901,0.0010560781,0.0010767524,0.0010809171,0.0,0.0,0.0010402643,0.0010215397,0.0010767526,0.0010988987,0.0,0.0010694911,0.010644015,0.0010402643,0.0010215397,0.0010767526,0.0010880398,0.0,0.0,0.0010560792,0.0010694907,0.0015590276,0.0010402643,0.0010694902,0.0010809227,0.0010694902,0.0,0.0010402641,0.0010215397,0.0010767526,0.0010880397,0.0,0.0077591753,0.0010560782,0.0010402643,0.0010309378,0.001041478,0.0011155676,0.029960401,0.014534199,0.0010560781,0.0,0.0010694901,0.0010560781,0.0010767526,0.0065848837,0.0010694929,0.0,0.0010694903,0.002831816,0.0010694901,0.0010560781,0.0,0.0,0.0010560901,0.0010402659,0.0010309378,0.001041478,0.0011155674,0.0,0.0010695158,0.0010694927,0.0010639573,0.0010751698,0.0,0.0009992991,0.0,0.0010694915,0.0010560787,0.0,0.0010694906,0.0010560781,0.0010488534,0.0010809194,0.0010694901,0.0010560781,0.0011517319,0.0010694901,0.0010560781,0.0010488515,0.0,0.0010694903,0.0010560781,0.0010488513,0.0010598368,0.001065855,0.0010776814,0.0010809171,0.0010694901,0.0010560781,0.0010488513,0.0010598368,0.001065855,0.0010776814,0.0010809193,0.0,0.0,0.0010402643,0.0010215397,0.0010767526,0.0010988987,0.0010809154,0.0014379363,0.0010560781,0.0010402643,0.0010309378,0.001041478,0.0011155674,0.0,0.0010694903,0.0016866095,0.0010402643,0.0010215397,0.0010767526,0.0010880397,0.0010809213,0.0,0.0010560781,0.0010402643,0.0010309378,0.001041478,0.001115571,0.0033222577,0.0010694901,0.0010560781,0.0010488513,0.0010598368,0.001065855,0.001077682,0.0010809168,0.0010694901,0.0010560781,0.0010488513,0.0010598368,0.001065855,0.0010776814,0.0,0.0010694908,0.0010560781,0.0010488513,0.0010598368,0.001065855,0.0010776814,0.0,0.0,0.0010560781,0.0010402643,0.0010309378,0.001041478,0.0011155673,0.0010809166,0.0010694901,0.0,0.0,0.0010694903,0.0010694902,0.0010639575,0.00108092,0.0,0.0010560785,0.0,0.0010694903,0.0010560781,0.0010767563,0.001080924,0.0,0.0010694902,0.0010560781,0.0010488513,0.0,0.0010694906,0.035771936,0.0010694901,0.0,0.0010402643,0.0010215397,0.0010767526,0.0010880459,0.0010809184,0.0,0.0010560781,0.0010402643,0.0010309378,0.0010414784,0.0011155898,0.0010809217,0.074411,0.0,0.0010402643,0.0010215397,0.0010767526,0.0010988989,0.002169112,0.0010694903,0.0010560781,0.0010488513,0.0010598368,0.001065855,0.0010776815,0.0010809063,0.0010694901,0.0010560781,0.0,0.0010694902,0.0010560781,0.0010488521,0.0010809165,0.0,0.0010560781,0.0010402647,0.0010309378,0.001041478,0.001115568,0.0010809177,0.0,0.0010560781,0.0010402643,0.0010309378,0.001041478,0.0011155681,0.0,0.0010694901,0.0010694903,0.0010639571,0.0010751699,0.0,0.0009993311,0.0010809154,0.0,0.0010560781,0.0010402643,0.0010309378,0.001041478,0.0011155672,0.0010809173,0.0,0.0,0.0010402643,0.0010215397,0.0010767526,0.0010988989,0.0010809166,0.0010694904,0.0,0.001040265,0.0010215398,0.0010767526,0.0010880434,0.0,0.0010694902,0.0010560781,0.0010488513,0.0010598368,0.001065855,0.0010776814,0.0,0.0010694913,0.0,0.0010402643,0.0010215397,0.0010767526,0.0010880397,0.0,0.0010694902,0.0010560782,0.0010488513,0.0010598368,0.001065855,0.0010776815,0.0010809179,0.0010694901,0.0010560781,0.0010488513,0.0010598368,0.001065855,0.0010776817,0.0,0.0,0.0,0.0010402643,0.0010215397,0.0010767526,0.0010988992,0.0010809171,0.0010694901,0.0,0.0010402643,0.0010215397,0.0010767526,0.0010880401,0.0010809194,0.0010694902,0.0010560781,0.0010767526,0.0010402886,0.0010402643,0.0010215399,0.0,0.0010694901,0.0010560781,0.0010488513,0.0010598368,0.001065855,0.0010776819,0.0,0.0010694901,0.0010560781,0.0010488513,0.0010598368,0.001065855,0.0010776813,0.0,0.0010694904,0.0010560781,0.0010488513,0.0010598368,0.001065855,0.0010776822,0.0010809167,0.0010694901,0.0010560781,0.0010488513,0.0010598368,0.001065855,0.0010776814,0.0,0.0,0.0010560781,0.0010402643,0.0010309378,0.001041478,0.0011155674,0.0,0.0010694901,0.0010560781,0.0010488513,0.0010598368,0.001065855,0.0010776814,0.00108097,0.0010694915,0.0010560781,0.0010488512,0.0010598368,0.001065855,0.0010776825
k__Bacteria|p__Firmicutes|c__Bacilli|o__Lactobacillales|f__Enterococcaceae|g__Enterococcus|s__Enterococcus_faecalis,0.016460156,0.040673967,0.0455696,0.048266526,0.04425487,0.042103488,0.037888475,0.0023194563,0.04067397,0.0455696,0.048266526,0.04425487,0.042103488,0.037888512,0.011545862,0.030277787,0.045564987,0.051471047,0.055036448,0.051086023,0.024853518,0.03658039,0.0034970501,0.0455696,0.051474363,0.055036645,0.051086023,0.024853688,0.071362846,0.0029091856,0.0455696,0.051474363,0.055036645,0.051086023,0.024853703,0.036589704,0.04067397,0.0455696,0.048266526,0.04425487,0.042103488,0.037888527,0.008322608,0.040673777,0.04556956,0.048266526,0.04425487,0.042103488,0.037888322,0.03658972,0.04067397,0.0455696,0.048266526,0.04425487,0.042103488,0.037888505,0.003001138,0.040673904,0.0455694,0.04826649,0.04425487,0.042103488,0.03788834,0.0039571007,0.04067397,0.0455696,0.048266526,0.04425487,0.042103488,0.03788853,0.001580692,0.04067397,0.0,0.051474363,0.058639478,0.038083784,0.034151092,0.0853572,0.04067397,0.0455696,0.04826653,0.04425487,0.042103488,0.03788837,0.008195855,0.006454664,0.0021780385,0.051474363,0.058639478,0.038083784,0.030400306,0.03658717,0.04067397,0.003453853,0.051474363,0.058639478,0.038083784,0.034149464,0.03656969,0.010281077,0.006596224,0.051474348,0.058639478,0.038083784,0.030400416,0.036582973,0.0018580289,0.0455696,0.0021054253,0.04067397,0.0455696,0.038083747,0.036588907,0.0,0.0,0.051474363,0.058639478,0.038083784,0.030400751,0.003926392,0.040673565,0.001777222,0.051474363,0.058639478,0.038083784,0.03415146,0.0018759758,0.003291416,0.045569237,0.040673614,0.0024877803,0.051474363,0.040673908,0.036582846,0.040673904,0.0069363033,0.051474378,0.058639478,0.038083784,0.034151573,0.0,0.0,0.045569584,0.051474363,0.055036645,0.051086023,0.02485361,0.8691052,0.03138179,0.0455696,0.009562378,0.04067397,0.0455696,0.038083754,0.0,0.04067288,0.0022114455,0.040673975,0.0,0.04067397,0.045569602,0.0,0.008736898,0.04556429,0.051473554,0.055036634,0.051086023,0.02485352,0.0,0.040662676,0.040672734,0.042695943,0.038700107,0.0,0.067377575,0.02552055,0.04067331,0.0455693,0.003710126,0.04067389,0.04556959,0.04826566,0.03658799,0.04067397,0.0455696,0.07061964,0.04067397,0.0455696,0.048266217,0.05412094,0.040673967,0.045569602,0.04826653,0.04425487,0.042103488,0.03788849,0.036589734,0.04067397,0.0455696,0.048266526,0.04425487,0.042103488,0.03788853,0.036581997,0.058666438,0.0071558426,0.051474363,0.058639478,0.038083784,0.030400783,0.036588285,0.0,0.0455696,0.051474363,0.055036645,0.051086023,0.024853604,0.0035594609,0.040673975,0.0,0.051474363,0.058639478,0.038083784,0.034151614,0.03658508,0.016752424,0.0455696,0.051474363,0.055036645,0.051086023,0.024851773,0.017094739,0.04067397,0.0455696,0.048266526,0.04425487,0.042103488,0.037888072,0.036589526,0.04067397,0.0455696,0.048266526,0.04425487,0.042103488,0.037888527,0.0,0.04067385,0.04556959,0.04826653,0.04425487,0.042103488,0.037888475,0.01751374,0.006235255,0.0455696,0.051474363,0.055036645,0.051086023,0.02485366,0.036589094,0.04067397,0.0,0.003172153,0.040673975,0.04067397,0.042695936,0.03657961,0.006773811,0.04556951,0.0,0.040673975,0.0455696,0.038082737,0.036558248,0.0018311398,0.040673923,0.04556959,0.04826653,0.0,0.040673725,0.0017479903,0.040673975,0.002302725,0.051474363,0.058639478,0.03808378,0.03414976,0.036588106,0.0,0.0455696,0.051474363,0.055036634,0.05108587,0.024838796,0.036585137,0.0059732744,0.010563869,0.051474363,0.058639478,0.038083784,0.030400796,0.0041651297,0.040673975,0.045569602,0.048266526,0.04425487,0.042103488,0.037888512,0.0365856,0.040673953,0.04556959,0.0042193225,0.04067396,0.0455696,0.04826614,0.036589086,0.0,0.04556959,0.051474288,0.055036645,0.051086023,0.024853174,0.0365887,0.0013420633,0.045569602,0.051474366,0.055036634,0.051086005,0.024853189,0.014896998,0.040673953,0.04067395,0.04269609,0.038700037,0.0016747256,0.06736311,0.036580365,0.011461584,0.04556959,0.051474363,0.055036645,0.051086023,0.024853703,0.03658834,0.010826272,0.002737977,0.051474363,0.058639478,0.038083784,0.030400412,0.036571555,0.040673763,0.053380992,0.051474065,0.058639403,0.03808376,0.0341495,0.0,0.040673964,0.04556959,0.04826653,0.04425487,0.042103488,0.037888527,0.06992769,0.04067365,0.082964994,0.051474363,0.058639478,0.038083784,0.034151614,0.0,0.040673945,0.045569584,0.04826653,0.04425487,0.042103488,0.0378885,0.036585867,0.040673923,0.045569565,0.04826647,0.04425487,0.042103488,0.03788841,0.029105676,0.0019044081,0.0013642705,0.051474363,0.058639478,0.038083784,0.030400677,0.0365898,0.04067397,0.0014845504,0.051474363,0.058639478,0.038083784,0.03415134,0.036586434,0.040673964,0.0455696,0.038083784,0.00507862,0.051474363,0.058639456,0.0013759022,0.04067397,0.0455696,0.04826653,0.04425487,0.042103488,0.037888277,0.0,0.04067397,0.0455696,0.04826653,0.04425487,0.042103488,0.037888434,0.05467909,0.040673796,0.04556959,0.04826653,0.04425487,0.042103488,0.037887935,0.036587317,0.04067397,0.0455696,0.04826653,0.04425487,0.042103488,0.037888393,0.0051974664,0.01214059,0.0455696,0.051474363,0.055036645,0.051086023,0.024853606,0.005104772,0.04067397,0.0455696,0.048266526,0.04425487,0.042103488,0.03788853,0.03653304,0.04067352,0.045569565,0.048266508,0.04425487,0.042103488,0.03788772
k__Bacteria|p__Firmicutes|c__Clostridia|o__Eubacteriales|f__Lachnospiraceae|g__Faecalimonas|s__Faecalimonas_umbilicata,0.0,0.0010853468,0.0010723129,0.0010652966,0.0010761077,0.00108205,0.0010935911,0.0,0.0010853467,0.0010723129,0.0010652966,0.0010761077,0.00108205,0.0010935909,0.0,0.0,0.0010723268,0.0010568826,0.0010477667,0.0010581936,0.0011297553,0.0010964375,0.002127027,0.0010723129,0.0010568737,0.001047766,0.0010581936,0.0011297544,0.0,0.012906277,0.0010723129,0.0010568737,0.001047766,0.0010581936,0.0011297541,0.0010963986,0.0010853466,0.0010723129,0.0010652966,0.0010761077,0.00108205,0.0010935906,0.0,0.001085347,0.001072313,0.0010652966,0.0010761077,0.00108205,0.001093592,0.0010963988,0.0010853466,0.0010723129,0.0010652966,0.0010761077,0.00108205,0.0010935907,0.001929078,0.0010853469,0.001072314,0.0010652969,0.0010761077,0.00108205,0.0010935917,0.0,0.0010853467,0.0010723129,0.0010652966,0.0010761077,0.00108205,0.0010935907,0.0,0.0010853467,0.0,0.0010568737,0.0010385078,0.0010924082,0.0011034015,0.0,0.0010853466,0.0010723129,0.0010652966,0.0010761077,0.00108205,0.0010935918,0.0,0.0,0.0,0.0010568737,0.0010385078,0.0010924082,0.001113815,0.0010964101,0.0010853467,0.0,0.0010568737,0.0010385078,0.0010924082,0.0011034096,0.0010964798,0.0050299554,0.00494245,0.0010568736,0.0010385078,0.0010924082,0.0011138143,0.0010964284,0.0,0.0010723129,0.0,0.0010853466,0.0010723129,0.0010924084,0.0010964028,0.15673932,0.009441423,0.0010568737,0.0010385078,0.0010924082,0.0011138119,0.0,0.0010853482,0.0,0.0010568737,0.0010385078,0.0010924082,0.0011034,0.0,0.0,0.0010723138,0.0010853477,0.014693641,0.0010568737,0.0010853469,0.0010964255,0.0010853469,0.0,0.0010568736,0.0010385078,0.0010924082,0.0011033994,0.0,0.019031528,0.0010723132,0.0010568737,0.001047766,0.0010581936,0.0011297547,0.0,0.0,0.0010723129,0.0,0.0010853466,0.0010723129,0.0010924086,0.0,0.0010853506,0.0,0.0010853467,0.0068411496,0.0010853466,0.0010723133,0.0072144447,0.013207889,0.0010723261,0.0010568759,0.0010477661,0.0010581936,0.0011297553,0.0,0.0010853846,0.0010853508,0.0010800087,0.0010909848,0.0,0.0010166022,0.0,0.0010853489,0.001072314,0.0,0.0010853471,0.001072313,0.0010653002,0.0010964063,0.0010853466,0.0010723129,0.0014566743,0.0010853466,0.0010723129,0.0010652983,0.0,0.0010853467,0.001072313,0.0010652966,0.0010761077,0.00108205,0.0010935907,0.0010963987,0.0010853466,0.0010723129,0.0010652966,0.0010761077,0.00108205,0.0010935907,0.001096428,0.02820582,0.002303945,0.0010568737,0.0010385078,0.0010924082,0.0011138116,0.001096404,0.0,0.0010723129,0.0010568737,0.001047766,0.0010581936,0.0011297545,0.0,0.0010853467,0.008555704,0.0010568737,0.0010385078,0.0010924082,0.0011033993,0.0010964191,0.0,0.0010723129,0.0010568737,0.001047766,0.0010581936,0.0011297658,0.0,0.0010853466,0.0010723129,0.0010652966,0.0010761077,0.00108205,0.0010935931,0.0010963994,0.0010853466,0.0010723129,0.0010652966,0.0010761077,0.00108205,0.0010935906,0.0,0.0010853471,0.001072313,0.0010652968,0.0010761077,0.00108205,0.0010935911,0.010566533,0.0,0.0010723129,0.0010568737,0.001047766,0.0010581936,0.0011297544,0.001096402,0.0010853466,0.0,0.0,0.0010853467,0.0010853467,0.001080009,0.001096442,0.0,0.0010723134,0.0,0.0010853467,0.0010723129,0.0010924139,0.00109653,0.0,0.0010853469,0.001072313,0.0010652968,0.0036098668,0.0010853477,0.0,0.0010853464,0.0,0.0010568737,0.0010385078,0.0010924082,0.0011034082,0.0010964049,0.009234032,0.0010723129,0.0010568737,0.0010477661,0.0010581943,0.001129845,0.0010964151,0.0,0.0,0.0010568737,0.0010385078,0.0010924082,0.0011138113,0.0,0.0010853467,0.001072313,0.0010652966,0.0010761077,0.00108205,0.0010935909,0.0010964215,0.0010853467,0.001072313,0.0,0.0010853466,0.0010723129,0.0010652979,0.0010964017,0.0,0.001072313,0.0010568737,0.001047766,0.0010581936,0.0011297576,0.0010964032,0.05853449,0.001072313,0.0010568737,0.0010477661,0.0010581937,0.0011297571,0.0,0.0010853467,0.0010853469,0.0010800086,0.0010909847,0.0,0.0010166488,0.0010964378,0.0,0.001072313,0.0010568737,0.001047766,0.0010581936,0.0011297541,0.0010964064,0.0,0.0,0.0010568737,0.0010385078,0.0010924082,0.0011138141,0.0010964668,0.0010853474,0.0,0.0010568744,0.0010385079,0.0010924086,0.0011034098,0.3647748,0.0010853466,0.001072313,0.0010652966,0.0010761077,0.00108205,0.0010935906,0.0,0.001085348,0.0,0.0010568737,0.0010385078,0.0010924082,0.0011033993,0.0,0.0010853469,0.0010723132,0.0010652968,0.0010761077,0.00108205,0.0010935909,0.001096417,0.0010853468,0.0010723134,0.0010652969,0.0010761077,0.00108205,0.0010935912,0.0,0.0,0.0,0.0010568737,0.0010385078,0.0010924082,0.0011138124,0.0010963981,0.0010853466,0.015225493,0.0010568737,0.0010385078,0.0010924082,0.0011034005,0.0010964128,0.0010853466,0.0010723129,0.0010924082,0.039401695,0.0010568737,0.0010385079,0.015003471,0.0010853466,0.0010723129,0.0010652968,0.0010761077,0.00108205,0.0010935923,0.0,0.0010853466,0.0010723129,0.0010652968,0.0010761077,0.00108205,0.0010935913,0.0,0.0010853475,0.001072313,0.0010652968,0.0010761077,0.00108205,0.0010935942,0.0010964089,0.0010853466,0.0010723129,0.0010652966,0.0010761077,0.00108205,0.0010935916,0.0,0.0028518394,0.0010723129,0.0010568737,0.001047766,0.0010581936,0.0011297549,0.0,0.0010853466,0.0010723129,0.0010652966,0.0010761077,0.00108205,0.0010935907,0.0010966379,0.0010853484,0.0010723134,0.0010652968,0.0010761077,0.00108205,0.001093595
k__Bacteria|p__Firmicutes|c__Clostridia|o__Eubacteriales|f__Lachnospiraceae|g__Blautia|s__Blautia_wexlerae,0.0,0.0010633356,0.0010495186,0.0010418289,0.0010522124,0.0010576025,0.0010690795,0.0,0.0010633358,0.0010495186,0.0010418289,0.0010522124,0.0010576025,0.0010690794,0.0,0.0,0.0010495275,0.0010332956,0.001023483,0.0010333799,0.001109239,0.0010751738,0.0,0.0010495186,0.0010332882,0.0010234825,0.0010333799,0.0011092386,0.0,0.0,0.0010495186,0.0010332882,0.0010234825,0.0010333799,0.0011092387,0.0010751524,0.0010633357,0.0010495186,0.0010418289,0.0010522124,0.0010576025,0.0010690794,0.0,0.0010633362,0.0010495186,0.0010418289,0.0010522124,0.0010576025,0.0010690799,0.0010751527,0.0010633357,0.0010495186,0.0010418289,0.0010522124,0.0010576025,0.0010690795,0.0,0.001063336,0.0010495188,0.0010418291,0.0010522124,0.0010576025,0.0010690801,0.0,0.0010633358,0.0010495186,0.0010418289,0.0010522124,0.0010576025,0.0010690795,0.0,0.0010633358,0.0,0.0010332882,0.0010141412,0.0010705683,0.0010813354,0.0,0.0010633357,0.0010495186,0.0010418289,0.0010522124,0.0010576025,0.0010690797,0.0,0.0,0.0,0.0010332882,0.0010141412,0.0010705683,0.0010926294,0.0010751573,0.0010633358,0.0,0.0010332882,0.0010141412,0.0010705683,0.0010813362,0.0010751758,0.0,0.0,0.0010332883,0.0010141412,0.0010705683,0.001092629,0.0010751631,0.0,0.0010495186,0.0,0.0010633357,0.0010495186,0.0010705683,0.0010751536,0.0,0.0,0.0010332882,0.0010141412,0.0010705683,0.0010926285,0.0,0.0010633364,0.0,0.0010332882,0.0010141412,0.0010705683,0.0010813347,0.0,0.0,0.0010495196,0.001063336,0.0,0.0010332882,0.0010633358,0.0010751669,0.0010633358,0.0,0.0010332882,0.0010141412,0.0010705683,0.0010813347,0.0,0.0,0.0010495186,0.0010332882,0.0010234825,0.0010333799,0.0011092385,0.0,0.0,0.0010495186,0.0,0.0010633357,0.0010495186,0.0010705682,0.0,0.001063338,0.0,0.0010633359,0.0,0.0010633357,0.0010495187,0.0,0.0,0.0010495285,0.0010332896,0.0010234826,0.0010333799,0.001109239,0.0,0.0010633494,0.0010633374,0.0010573607,0.0010680115,0.0,0.00099148,0.0,0.001063337,0.0010495189,0.0,0.0010633359,0.0010495186,0.0010418306,0.0010751574,0.0010633357,0.0010495186,0.0,0.0010633357,0.0010495186,0.0010418294,0.0,0.0010633358,0.0010495187,0.0010418289,0.0010522124,0.0010576025,0.0010690794,0.0010751525,0.0010633357,0.0010495186,0.0010418289,0.0010522124,0.0010576025,0.0010690795,0.001075166,0.12654871,0.038962975,0.0010332882,0.0010141412,0.0010705683,0.0010926285,0.0010751527,0.0,0.0010495186,0.0010332882,0.0010234825,0.0010333799,0.0011092386,0.0,0.001063336,0.0,0.0010332882,0.0010141412,0.0010705683,0.0010813344,0.0010751601,0.0,0.0010495186,0.0010332882,0.0010234825,0.0010333799,0.0011092387,0.0,0.0010633357,0.0010495186,0.0010418289,0.0010522124,0.0010576025,0.0010690803,0.0010751531,0.0010633357,0.0010495186,0.0010418289,0.0010522124,0.0010576025,0.0010690794,0.0,0.0010633363,0.0010495186,0.0010418289,0.0010522124,0.0010576025,0.0010690795,0.0,0.0,0.0010495186,0.0010332882,0.0010234825,0.0010333799,0.0011092387,0.001075154,0.0010633357,0.0,0.0,0.0010633359,0.0010633358,0.001057361,0.001075177,0.0,0.0010495186,0.0,0.001063336,0.0010495186,0.0010705701,0.001075197,0.0,0.0010633358,0.0010495186,0.0010418289,0.013547797,0.0010633363,0.0,0.0010633357,0.0,0.0010332882,0.0010141412,0.0010705683,0.001081336,0.0010751565,0.0,0.0010495186,0.0010332882,0.0010234826,0.00103338,0.0011092427,0.0010751642,0.048129566,0.0,0.0010332882,0.0010141412,0.0010705683,0.0010926285,0.0,0.0010633359,0.0010495187,0.0010418289,0.0010522124,0.0010576025,0.0010690794,0.0010751818,0.001063336,0.0010495186,0.030877277,0.0010633357,0.0010495186,0.0010418296,0.0010751529,0.0,0.0010495186,0.0010332883,0.0010234825,0.0010333799,0.0011092398,0.0010751545,0.0,0.0010495187,0.0010332882,0.0010234826,0.0010333802,0.0011092387,0.0,0.0010633358,0.0010633359,0.0010573606,0.0010680116,0.0,0.0009915121,0.0010751669,0.0,0.0010495186,0.0010332882,0.0010234825,0.0010333799,0.0011092387,0.0010751558,0.0037120683,0.0050387573,0.0010332882,0.0010141412,0.0010705683,0.0010926294,0.0010751813,0.0010633355,0.0,0.0010332885,0.0010141412,0.0010705683,0.0010813377,0.0,0.0010633357,0.0010495186,0.0010418289,0.0010522124,0.0010576025,0.0010690794,0.0,0.0010633365,0.0,0.0010332882,0.0010141412,0.0010705683,0.0010813344,0.0,0.0010633358,0.0010495186,0.0010418289,0.0010522124,0.0010576025,0.0010690795,0.0010751572,0.0010633357,0.0010495186,0.0010418291,0.0010522124,0.0010576025,0.0010690796,0.0,0.0,0.0,0.0010332882,0.0010141412,0.0010705683,0.0010926287,0.0010751524,0.0010633357,0.0,0.0010332882,0.0010141412,0.0010705683,0.0010813347,0.0010751607,0.0010633357,0.0010495186,0.0010705683,0.00231732,0.0010332882,0.0010141414,0.016972916,0.0010633357,0.0010495186,0.0010418289,0.0010522124,0.0010576025,0.0010690799,0.17240332,0.0010633357,0.0010495186,0.0010418289,0.0010522124,0.0010576025,0.0010690795,0.0,0.0010633357,0.0010495186,0.0010418289,0.0010522124,0.0010576025,0.0010690803,0.0010751539,0.0010633357,0.0010495186,0.0010418289,0.0010522124,0.0010576025,0.0010690797,0.0,0.0,0.0010495186,0.0010332882,0.0010234825,0.0010333799,0.0011092386,0.0,0.0010633357,0.0010495186,0.0010418289,0.0010522124,0.0010576025,0.0010690795,0.0010752967,0.0010633365,0.0010495186,0.0010418292,0.0010522124,0.0010576025,0.001069081
k__Bacteria|p__Firmicutes|c__Bacilli|o__Lactobacillales|f__Streptococcaceae|g__Streptococcus|s__Streptococcus_thermophilus,0.0,0.0011420734,0.0011303116,0.0011238629,0.0011336124,0.0011388769,0.0011490736,0.0189561,0.0011420734,0.0011303116,0.0011238629,0.0011336124,0.0011388769,0.0011490736,0.0,0.0,0.0011303043,0.0011161234,0.001107618,0.0011172015,0.0011797975,0.0011518385,0.0,0.0011303116,0.0011161277,0.0011076181,0.0011172015,0.0011797975,0.0,0.0,0.0011303116,0.0011161277,0.0011076181,0.0011172015,0.0011797975,0.001151864,0.0011420733,0.0011303116,0.0011238629,0.0011336124,0.0011388769,0.0011490736,0.0,0.0011420732,0.0011303113,0.0011238629,0.0011336124,0.0011388769,0.001149074,0.0011518643,0.0011420733,0.0011303116,0.0011238629,0.0011336124,0.0011388769,0.0011490736,0.0,0.0011420734,0.0011303114,0.0011238629,0.0011336124,0.0011388769,0.0011490737,0.00807357,0.0011420734,0.0011303116,0.0011238629,0.0011336124,0.0011388769,0.0011490736,0.013996944,0.0011420734,0.002451255,0.0011161277,0.0010989644,0.0011483189,0.0011578283,0.008755261,0.0011420733,0.0011303116,0.0011238629,0.0011336124,0.0011388769,0.001149074,0.0,0.0,0.002237615,0.0011161277,0.0010989644,0.0011483189,0.0011667351,0.0011518571,0.0011420734,0.0,0.0011161277,0.0010989644,0.0011483189,0.0011578288,0.0011518155,0.0,0.0,0.0011161275,0.0010989644,0.0011483189,0.0011667351,0.001151845,0.0050579566,0.0011303116,0.0017313802,0.0011420733,0.0011303116,0.0011483186,0.0011518614,0.003144445,0.023754824,0.0011161277,0.0010989644,0.0011483189,0.001166735,0.0,0.0011420727,0.0,0.0011161275,0.0010989644,0.0011483189,0.001157828,0.0,0.0,0.001130311,0.0011420727,0.0,0.0011161277,0.0011420734,0.0011518445,0.0011420734,0.0,0.0011161274,0.0010989644,0.0011483189,0.0011578279,0.0,0.0,0.0011303114,0.0011161277,0.0011076181,0.0011172015,0.0011797973,0.0118670575,0.0036471644,0.0011303116,0.003702033,0.0011420733,0.0011303116,0.0011483189,0.0,0.0011420719,0.0,0.0011420735,0.009154946,0.0011420733,0.0011303116,0.0,0.0,0.0011303015,0.001116126,0.001107618,0.0011172015,0.0011797972,0.0,0.0011420472,0.0011420705,0.0011372484,0.0011469498,0.045122176,0.0010781472,0.0,0.0011420723,0.0011303108,0.0,0.0011420734,0.0011303114,0.0011238633,0.0011518588,0.0011420733,0.0011303116,0.0,0.0011420733,0.0011303116,0.0011238634,0.0,0.0011420737,0.0011303116,0.0011238629,0.0011336124,0.0011388769,0.0011490736,0.0011518643,0.0011420733,0.0011303116,0.0011238629,0.0011336124,0.0011388769,0.0011490736,0.0011518425,0.0,0.0,0.0011161277,0.0010989644,0.0011483189,0.0011667347,0.0011518577,0.0,0.0011303116,0.0011161277,0.0011076181,0.0011172015,0.0011797976,0.022429889,0.0011420735,0.0,0.0011161277,0.0010989644,0.0011483189,0.0011578279,0.0011518543,0.0,0.0011303116,0.0011161277,0.0011076181,0.0011172015,0.0011797978,0.0019801455,0.0011420733,0.0011303116,0.0011238629,0.0011336124,0.0011388769,0.0011490744,0.0011518631,0.0011420733,0.0011303116,0.0011238629,0.0011336124,0.0011388769,0.0011490736,0.0,0.0011420735,0.0011303114,0.0011238629,0.0011336124,0.0011388769,0.0011490736,0.0033987502,0.17975155,0.0011303116,0.0011161277,0.0011076181,0.0011172015,0.0011797976,0.0011518621,0.0011420733,0.005416005,0.0025940735,0.0011420735,0.0011420734,0.001137249,0.0011518376,0.0,0.0011303114,0.0,0.0011420735,0.0011303116,0.0011483198,0.0011517978,0.002473546,0.0011420735,0.0011303114,0.0011238629,0.0016862686,0.0011420734,0.02430216,0.0011420733,0.005989931,0.0011161277,0.0010989644,0.0011483189,0.0011578306,0.0011518595,0.012717106,0.0011303116,0.0011161277,0.001107618,0.0011172016,0.0011798035,0.0011518537,0.0,0.0,0.0011161277,0.0010989644,0.0011483189,0.0011667347,0.0064650252,0.0011420735,0.0011303116,0.0011238629,0.0011336124,0.0011388769,0.0011490736,0.0011518467,0.0011420735,0.0011303115,0.0039561577,0.0011420734,0.0011303116,0.0011238628,0.0011518617,0.03843556,0.0011303114,0.0011161276,0.0011076181,0.0011172015,0.001179798,0.0011518613,0.009776455,0.0011303116,0.0011161275,0.001107618,0.0011172016,0.0011797972,0.0,0.0011420735,0.0011420735,0.0011372489,0.0011469494,0.012855607,0.0010781712,0.0011518347,0.0,0.0011303114,0.0011161277,0.0011076181,0.0011172015,0.0011797975,0.001151861,0.0015575525,0.0,0.0011161277,0.0010989644,0.0011483189,0.0011667352,0.0011518146,0.0011420728,0.0,0.0011161271,0.0010989644,0.0011483186,0.0011578297,0.0,0.0011420735,0.0011303115,0.0011238629,0.0011336124,0.0011388769,0.0011490736,0.0,0.001142073,0.0,0.0011161277,0.0010989644,0.0011483189,0.0011578279,0.005792328,0.0011420734,0.0011303114,0.0011238629,0.0011336124,0.0011388769,0.0011490736,0.0011518559,0.0011420734,0.0011303113,0.0011238628,0.0011336124,0.0011388769,0.0011490737,0.036568146,0.00250479,0.0042291284,0.0011161277,0.0010989644,0.0011483189,0.0011667352,0.0011518643,0.0011420733,0.0,0.0011161277,0.0010989644,0.0011483189,0.001157828,0.0011518564,0.0011420735,0.0011303116,0.0011483189,0.0021964645,0.0011161277,0.0010989646,0.0069010933,0.0011420733,0.0011303116,0.0011238629,0.0011336124,0.0011388769,0.0011490744,0.0,0.0011420733,0.0011303116,0.0011238629,0.0011336124,0.0011388769,0.0011490737,0.0,0.0011420728,0.0011303114,0.0011238629,0.0011336124,0.0011388769,0.0011490753,0.0011518552,0.0011420733,0.0011303116,0.0011238629,0.0011336124,0.0011388769,0.0011490739,0.012734414,0.0013352006,0.0011303116,0.0011161277,0.0011076181,0.0011172015,0.0011797977,0.0,0.0011420733,0.0011303116,0.0011238629,0.0011336124,0.0011388769,0.0011490736,0.0011518026,0.001142073,0.0011303113,0.0011238629,0.0011336124,0.0011388769,0.0011490753
k__Bacteria|p__Firmicutes|c__Bacilli|o__Lactobacillales|f__Streptococcaceae|g__Streptococcus|s__Streptococcus_salivarius,0.0054195714,0.023035591,0.025303494,0.026532061,0.024697958,0.023700846,0.021719337,0.027181292,0.023035603,0.025303494,0.026532061,0.024697958,0.023700846,0.021719366,0.0,0.02196462,0.025301887,0.027975516,0.029558972,0.027801225,0.015301651,0.02109913,0.0036121968,0.025303494,0.027976586,0.029559044,0.027801236,0.015301727,0.14504877,0.0123078935,0.025303494,0.027976586,0.029559044,0.027801236,0.015301736,0.021103395,0.0230356,0.025303494,0.026532061,0.024697958,0.023700846,0.021719376,0.12607062,0.023035519,0.025303487,0.026532061,0.024697958,0.023700846,0.02171925,0.021103403,0.0230356,0.025303494,0.026532061,0.024697958,0.023700846,0.021719353,0.0018450817,0.02303558,0.02530342,0.026532056,0.024697958,0.023700846,0.021719284,0.005700311,0.023035603,0.025303494,0.026532061,0.024697958,0.023700846,0.02171937,0.0015553177,0.023035603,0.0014258043,0.027976586,0.031139182,0.021814456,0.01992939,0.012236859,0.0230356,0.025303494,0.026532063,0.024697958,0.023700846,0.021719294,0.05409379,0.054010767,0.014491357,0.027976586,0.031139182,0.021814456,0.018094454,0.021102197,0.023035603,0.007757216,0.027976586,0.031139182,0.021814456,0.01992869,0.021094264,0.003266805,0.0050192196,0.027976578,0.031139174,0.021814456,0.018094499,0.021100264,0.08304773,0.025303494,0.041473247,0.0230356,0.025303494,0.02181443,0.021103034,0.0065516485,0.17509079,0.027976586,0.031139182,0.021814456,0.018094657,0.0,0.023035452,0.0043165926,0.027976586,0.031139182,0.021814456,0.01992957,0.061940346,0.0058961436,0.025303358,0.023035469,0.0,0.027976586,0.023035565,0.021100601,0.02303558,0.0,0.02797659,0.031139182,0.021814456,0.019929625,0.0,0.030837992,0.025303487,0.027976586,0.029559044,0.027801236,0.015301695,0.0,0.013903648,0.025303494,0.0058455686,0.0230356,0.025303494,0.021814436,0.0,0.023035219,0.0018897005,0.023035605,0.0078490125,0.0230356,0.025303472,0.0031941792,0.006363019,0.025301795,0.027976343,0.029559033,0.027801236,0.015301657,0.0026928643,0.023031594,0.023035176,0.023978043,0.022105422,0.0,0.03489025,0.0,0.023035344,0.025303394,0.0025801538,0.023035573,0.025303485,0.026531694,0.021102656,0.0230356,0.025303494,0.014029803,0.0230356,0.025303494,0.026531931,0.0,0.023035599,0.025303498,0.026532063,0.024697958,0.023700846,0.021719346,0.021103408,0.0230356,0.025303494,0.026532061,0.024697958,0.023700846,0.021719368,0.021099877,0.02097648,0.0042886413,0.027976586,0.031139182,0.021814456,0.01809467,0.02110281,0.006019783,0.025303494,0.027976586,0.029559044,0.027801236,0.015301686,0.049714085,0.023035605,0.0035168435,0.027976586,0.031139182,0.021814456,0.019929636,0.02110129,0.0031823395,0.025303494,0.027976586,0.029559044,0.027801234,0.015300788,0.017821778,0.0230356,0.025303494,0.026532061,0.024697958,0.023700846,0.021719143,0.021103311,0.0230356,0.025303494,0.026532061,0.024697958,0.023700846,0.021719376,0.0,0.023035562,0.02530349,0.026532058,0.024697958,0.023700846,0.021719337,0.0,0.0,0.025303494,0.027976586,0.029559044,0.027801236,0.0153017165,0.021103103,0.0230356,0.050712503,0.0021896586,0.023035605,0.023035603,0.023978028,0.0210988,0.0033828153,0.025303459,0.0064505176,0.023035605,0.025303494,0.02181393,0.02108878,0.0020364022,0.023035584,0.025303485,0.026532063,0.003051145,0.023035483,0.015598001,0.023035603,0.046028584,0.027976586,0.031139182,0.021814454,0.01992872,0.021102695,0.002305365,0.025303494,0.027976586,0.029559033,0.027801162,0.015294525,0.021101484,0.001546423,0.0,0.027976586,0.031139182,0.021814456,0.01809468,0.010779103,0.023035605,0.025303498,0.026532061,0.024697958,0.023700846,0.021719366,0.021101028,0.0230356,0.025303496,0.0,0.023035599,0.025303494,0.026531912,0.021103118,0.0065535367,0.025303485,0.027976545,0.029559039,0.027801236,0.015301472,0.021102946,0.0019990648,0.025303498,0.027976574,0.029559033,0.027801227,0.01530148,0.022837736,0.023035597,0.023035593,0.023978097,0.022105385,0.0023604108,0.03488482,0.02109912,0.0,0.02530349,0.027976586,0.029559044,0.027801236,0.015301736,0.021102775,0.012679747,0.0,0.027976586,0.031139174,0.021814456,0.018094499,0.021095144,0.02303552,0.10984289,0.027976478,0.031139141,0.021814445,0.019928657,0.054233823,0.0230356,0.025303496,0.026532063,0.024697958,0.023700846,0.021719368,0.0,0.02303548,0.0,0.027976586,0.031139182,0.021814456,0.019929629,0.0030235297,0.023035591,0.025303487,0.026532063,0.024697958,0.023700846,0.021719353,0.021101642,0.023035578,0.025303481,0.026532035,0.024697952,0.023700846,0.021719301,0.16538708,0.025447078,0.01376484,0.027976586,0.031139182,0.021814456,0.018094618,0.02110344,0.0230356,0.015277334,0.027976586,0.031139182,0.021814456,0.01992951,0.021101952,0.0230356,0.025303494,0.021814456,0.0,0.027976586,0.031139158,0.0127418125,0.0230356,0.025303494,0.026532063,0.024697958,0.023700846,0.021719247,0.0024691697,0.0230356,0.025303494,0.026532063,0.024697958,0.023700846,0.021719325,0.0,0.023035541,0.02530349,0.026532063,0.024697958,0.023700846,0.021719087,0.021102361,0.0230356,0.025303494,0.026532063,0.024697958,0.023700846,0.021719305,0.004046979,0.0048576477,0.025303494,0.027976586,0.029559044,0.027801236,0.015301688,0.0024627636,0.0230356,0.025303494,0.026532061,0.024697958,0.023700846,0.02171937,0.021077586,0.023035426,0.025303476,0.026532058,0.024697952,0.023700844,0.021718994
k__Bacteria|p__Firmicutes|c__Negativicutes|o__Veillonellales|f__Veillonellaceae|g__Megasphaera|s__Megasphaera_micronuciformis,0.0,0.0010707701,0.001057368,0.0010501284,0.0010610485,0.0010670095,0.0010787777,0.0,0.0010707702,0.001057368,0.0010501284,0.0010610485,0.0010670095,0.0010787776,0.00541334,0.0,0.0010573793,0.00104157,0.0010322237,0.0010427013,0.0011166512,0.0010822191,0.0,0.001057368,0.0010415626,0.001032223,0.0010427013,0.0011166506,0.0,0.0,0.001057368,0.0010415626,0.001032223,0.0010427013,0.0011166505,0.0010821864,0.0010707701,0.001057368,0.0010501284,0.0010610485,0.0010670095,0.0010787776,0.0,0.0010707707,0.0010573681,0.0010501284,0.0010610485,0.0010670095,0.0010787781,0.0010821864,0.0010707701,0.001057368,0.0010501284,0.0010610485,0.0010670095,0.0010787776,0.0,0.0010707703,0.0010573684,0.0010501285,0.0010610485,0.0010670095,0.001078778,0.0,0.0010707702,0.001057368,0.0010501284,0.0010610485,0.0010670095,0.0010787777,0.0,0.0010707702,0.0,0.0010415626,0.0010228446,0.0010780084,0.001089224,0.0,0.0010707701,0.001057368,0.0010501284,0.0010610485,0.0010670095,0.0010787781,0.0,0.0030634573,0.002005651,0.0010415626,0.0010228446,0.0010780084,0.0011000684,0.0010821961,0.0010707702,0.0018353224,0.0010415626,0.0010228446,0.0010780084,0.0010892315,0.0010822724,0.008989526,0.0022182176,0.0010415628,0.0010228446,0.0010780084,0.0011000675,0.0010822116,0.0018883956,0.001057368,0.052183695,0.0010707701,0.001057368,0.0010780083,0.0010821896,0.0,0.0023971908,0.0010415626,0.0010228446,0.0010780081,0.0011000667,0.0,0.0010707715,0.0,0.0010415626,0.0010228446,0.0010780081,0.001089223,0.0,0.0,0.0010573686,0.0010707712,0.0,0.0010415626,0.0010707702,0.0010822092,0.0010707703,0.0,0.0010415626,0.0010228446,0.0010780081,0.0010892225,0.0,0.0,0.0010573681,0.0010415626,0.001032223,0.0010427013,0.001116651,0.0,0.0,0.001057368,0.0012469206,0.0010707701,0.001057368,0.0010780083,0.0,0.0010707732,0.0019391924,0.0010707703,0.0,0.0010707701,0.0010573681,0.0,0.0,0.0010573819,0.0010415652,0.001032223,0.0010427013,0.0011166512,0.0,0.001070804,0.0010707735,0.0010652244,0.0010763676,0.0017241584,0.0010006103,0.0,0.0010707723,0.0010573688,0.0,0.0010707703,0.001057368,0.0010501307,0.0010821914,0.0010707701,0.001057368,0.0,0.0010707701,0.001057368,0.0010501294,0.0,0.0010707703,0.0010573681,0.0010501284,0.0010610485,0.0010670095,0.0010787776,0.0010821862,0.0010707701,0.001057368,0.0010501284,0.0010610485,0.0010670095,0.0010787777,0.0010822157,0.0,0.0,0.0010415626,0.0010228446,0.0010780081,0.0011000662,0.0010821922,0.0,0.001057368,0.0010415626,0.001032223,0.0010427013,0.001116651,0.0,0.0010707703,0.0,0.0010415626,0.0010228446,0.0010780081,0.0010892225,0.0010822039,0.0022721132,0.001057368,0.0010415626,0.001032223,0.0010427013,0.0011166593,0.0,0.0010707701,0.001057368,0.0010501284,0.0010610485,0.0010670095,0.0010787791,0.0010821868,0.0010707701,0.001057368,0.0010501284,0.0010610485,0.0010670095,0.0010787776,0.0,0.0010707704,0.001057368,0.0010501284,0.0010610485,0.0010670095,0.0010787777,0.0,0.0,0.001057368,0.0010415626,0.001032223,0.0010427013,0.0011166508,0.0010821884,0.0010707701,0.0,0.0,0.0010707703,0.0010707702,0.0010652245,0.0010822222,0.0015687848,0.0010573681,0.0,0.0010707703,0.001057368,0.0010780109,0.0010823152,0.0,0.0010707702,0.001057368,0.0010501284,0.0018943709,0.0010707708,0.0,0.0010707701,0.0,0.0010415626,0.0010228446,0.0010780083,0.0010892281,0.0010821915,0.0,0.001057368,0.0010415626,0.001032223,0.0010427019,0.0011167156,0.001082201,0.0,0.0,0.0010415626,0.0010228446,0.0010780081,0.0011000662,0.0,0.0010707703,0.0010573681,0.0010501284,0.0010610485,0.0010670095,0.0010787776,0.0010821971,0.0010707703,0.001057368,0.0,0.0010707702,0.001057368,0.0010501292,0.0010821894,0.0,0.001057368,0.0010415629,0.001032223,0.0010427013,0.0011166524,0.0010821902,0.0,0.0010573681,0.0010415626,0.001032223,0.0010427014,0.0011166526,0.0,0.0010707703,0.0010707703,0.0010652242,0.0010763675,0.0,0.0010006477,0.0010822258,0.0,0.001057368,0.0010415626,0.001032223,0.0010427013,0.0011166505,0.0010821916,0.0,0.0,0.0010415626,0.0010228446,0.0010780084,0.0011000676,0.0010822557,0.001070771,0.0,0.0010415638,0.0010228452,0.0010780083,0.0010892304,0.0,0.0010707702,0.001057368,0.0010501284,0.0010610485,0.0010670095,0.0010787776,0.0,0.001070771,0.0,0.0010415626,0.0010228446,0.0010780081,0.0010892225,0.0,0.0010707702,0.0010573681,0.0010501284,0.0010610485,0.0010670095,0.0010787776,0.0010822017,0.0010707701,0.0010573681,0.0010501285,0.0010610485,0.0010670095,0.0010787777,0.0,0.0020729383,0.0037758609,0.0010415626,0.0010228446,0.0010780081,0.0011000668,0.0010821861,0.0010707701,0.0,0.0010415626,0.0010228446,0.0010780081,0.0010892237,0.0010821986,0.0010707702,0.001057368,0.0010780081,0.0,0.0010415626,0.0010228448,0.0,0.0010707701,0.001057368,0.0010501284,0.0010610485,0.0010670095,0.0010787783,0.0,0.0010707701,0.001057368,0.0010501284,0.0010610485,0.0010670095,0.0010787777,0.0,0.0010707707,0.001057368,0.0010501284,0.0010610485,0.0010670095,0.0010787795,0.0010821964,0.0010707701,0.001057368,0.0010501284,0.0010610485,0.0010670095,0.0010787781,0.0,0.0,0.001057368,0.0010415626,0.001032223,0.0010427013,0.0011166511,0.0,0.0010707701,0.001057368,0.0010501284,0.0010610485,0.0010670095,0.0010787777,0.0010823922,0.0010707715,0.0010573681,0.0010501283,0.0010610485,0.0010670095,0.0010787799
k__Bacteria|p__Firmicutes|c__Negativicutes|o__Veillonellales|f__Veillonellaceae|g__Veillonella|s__Veillonella_dispar,0.0,0.006793391,0.0071515576,0.007336982,0.0070536886,0.0068937326,0.006567774,0.0,0.006793392,0.0071515576,0.007336982,0.0070536886,0.0068937326,0.0065677795,0.0,0.0,0.0071512954,0.0075505693,0.00777536,0.0075209173,0.005397421,0.0064717517,0.0023656806,0.007151559,0.0075507355,0.0077753696,0.0075209173,0.0053974404,0.04554919,0.07345831,0.007151557,0.0075507355,0.0077753696,0.0075209173,0.005397442,0.0064724623,0.0067933914,0.0071515576,0.007336982,0.0070536886,0.0068937326,0.006567781,0.07129587,0.006793375,0.007151555,0.007336982,0.0070536886,0.0068937326,0.0065677622,0.0064724633,0.0067933914,0.0071515576,0.007336982,0.0070536886,0.0068937326,0.0065677776,0.006400111,0.006793386,0.0071515464,0.007336982,0.0070536886,0.0068937326,0.0065677636,0.006030627,0.0067933914,0.0071515576,0.007336982,0.0070536886,0.0068937326,0.0065677804,0.0,0.0067933914,0.0014331104,0.0075507355,0.007994402,0.0065914886,0.0062660296,0.04907627,0.0067933914,0.0071515576,0.0073369825,0.0070536886,0.0068937326,0.006567765,0.0070223133,0.007697729,0.0041864407,0.0075507355,0.007994402,0.0065914867,0.0059362277,0.006472262,0.006793393,0.10371582,0.0075507355,0.007994402,0.006591487,0.0062658815,0.006470891,0.0033697905,0.0021531698,0.007550735,0.007994401,0.0065914867,0.0059362384,0.0064719575,0.0,0.0071515576,0.043402147,0.0067933914,0.0071515576,0.006591484,0.0064724004,0.0,0.20589301,0.0075507355,0.007994402,0.0065914886,0.0059362734,0.0,0.0067933635,0.0033620335,0.007550735,0.007994402,0.0065914886,0.0062660663,0.0153089315,0.1534644,0.007151533,0.0067933653,0.0017092698,0.0075507355,0.0067933844,0.0064719697,0.0067933886,0.019284518,0.0075507355,0.007994402,0.0065914886,0.006266078,0.0,0.15040736,0.0071515576,0.0075507355,0.0077753696,0.0075209173,0.005397431,0.0,0.043760475,0.0071515576,0.10488174,0.0067933914,0.0071515576,0.0065914844,0.006444588,0.0067933183,0.0,0.006793392,0.094940156,0.0067933914,0.0071515557,0.0,0.010070104,0.007151244,0.0075506982,0.0077753705,0.0075209173,0.005397422,0.0,0.0067927237,0.0067933174,0.006943626,0.0066369683,0.0,0.008484875,0.0,0.0067933416,0.0071515404,0.0021810462,0.006793387,0.0071515567,0.007336925,0.006472346,0.0067933914,0.0071515576,0.07088689,0.0067933914,0.0071515576,0.0073369606,0.0142116435,0.006793391,0.0071515576,0.0073369825,0.0070536886,0.0068937326,0.006567776,0.0064724647,0.0067933914,0.0071515576,0.007336982,0.0070536886,0.0068937326,0.0065677795,0.006471835,0.0,0.0129881725,0.0075507355,0.007994402,0.0065914886,0.005936277,0.00647236,0.054527007,0.0071515576,0.0075507355,0.0077753696,0.0075209173,0.005397431,0.032461725,0.006793392,0.0,0.0075507355,0.007994402,0.0065914886,0.0062660812,0.006472115,0.012319967,0.0071515576,0.0075507355,0.0077753696,0.0075209173,0.005397228,0.008196916,0.0067933914,0.0071515576,0.007336982,0.0070536886,0.0068937326,0.0065677324,0.00647245,0.0067933914,0.0071515576,0.007336982,0.0070536886,0.0068937326,0.006567781,0.004391344,0.0067933835,0.0071515567,0.0073369825,0.0070536886,0.0068937326,0.006567775,0.001979975,0.0,0.007151557,0.0075507355,0.0077753696,0.0075209173,0.005397437,0.0064724158,0.0067933914,0.03689348,0.0022576055,0.006793392,0.006793392,0.0069436207,0.0064716856,0.007338112,0.007151553,0.1937032,0.006793392,0.007151557,0.006591404,0.006470038,0.014872322,0.0067933872,0.0071515567,0.0073369825,0.2690787,0.006793368,0.04002059,0.006793392,0.08319142,0.0075507355,0.007994402,0.0065914877,0.0062659113,0.006472341,0.019535536,0.007151557,0.007550735,0.0077753677,0.007520907,0.0053958492,0.006472115,0.0,0.0,0.0075507355,0.007994402,0.0065914886,0.0059362794,0.0,0.006793391,0.0071515576,0.007336982,0.0070536886,0.0068937326,0.0065677795,0.0064721736,0.0067933905,0.007151558,0.0,0.006793391,0.007151557,0.0073369592,0.0064724116,0.009924453,0.0071515567,0.0075507304,0.0077753696,0.0075209173,0.0053973803,0.006472384,0.23585695,0.0071515576,0.0075507355,0.0077753677,0.0075209183,0.005397382,0.012726826,0.00679339,0.00679339,0.0069436342,0.0066369614,0.24514677,0.008484031,0.0064717233,0.0,0.007151558,0.0075507355,0.0077753696,0.0075209173,0.005397442,0.006472359,0.015533585,0.0019261347,0.0075507355,0.007994402,0.0065914867,0.0059362384,0.006471033,0.006793377,0.0,0.0075507173,0.007994399,0.006591487,0.0062658815,0.0017254445,0.00679339,0.0071515567,0.0073369825,0.0070536886,0.0068937326,0.00656778,0.0,0.00679337,0.0,0.007550735,0.007994402,0.0065914886,0.0062660794,0.019998722,0.00679339,0.0071515576,0.0073369825,0.0070536886,0.0068937326,0.0065677776,0.0064721517,0.0067933872,0.0071515557,0.00733698,0.0070536886,0.0068937326,0.006567767,0.0,0.0043229517,0.0025773721,0.0075507355,0.007994402,0.0065914886,0.0059362664,0.006472469,0.0067933914,0.009512885,0.0075507355,0.007994402,0.0065914886,0.0062660547,0.0064721997,0.00679339,0.0071515576,0.0065914886,0.0,0.0075507355,0.007994399,0.002847399,0.0067933914,0.0071515576,0.0073369825,0.0070536886,0.0068937326,0.0065677543,0.0026132248,0.0067933914,0.0071515576,0.0073369825,0.0070536886,0.0068937326,0.0065677725,0.0024705417,0.00679338,0.0071515567,0.0073369825,0.0070536886,0.0068937326,0.006567722,0.0064722877,0.0067933914,0.0071515576,0.0073369825,0.0070536886,0.0068937326,0.0065677683,0.0014498044,0.015683996,0.0071515576,0.0075507355,0.0077753696,0.0075209173,0.0053974316,0.0,0.0067933914,0.0071515576,0.007336982,0.0070536886,0.0068937326,0.0065677804,0.0064683263,0.0067933607,0.0071515557,0.007336981,0.0070536886,0.0068937326,0.006567702
k__Bacteria|p__Firmicutes|c__Bacilli|o__Lactobacillales|f__Enterococcaceae|g__Enterococcus|s__Enterococcus_faecium,0.0,0.0011026107,0.0010897666,0.0010826424,0.0010926593,0.0010979291,0.0011087435,0.0,0.0011026111,0.0010897666,0.0010826424,0.0010926593,0.0010979291,0.0011087435,0.0,0.0,0.0010897623,0.0010744955,0.0010652818,0.0010749681,0.001144443,0.0011134727,0.0,0.0010897666,0.0010744995,0.0010652819,0.0010749681,0.001144443,0.0,0.0,0.0010897666,0.0010744995,0.0010652819,0.0010749681,0.001144443,0.0011134644,0.001102611,0.0010897666,0.0010826424,0.0010926593,0.0010979291,0.0011087434,0.0,0.0011026111,0.0010897664,0.0010826424,0.0010926593,0.0010979291,0.0011087444,0.0011134645,0.001102611,0.0010897666,0.0010826424,0.0010926593,0.0010979291,0.0011087436,0.0,0.001102611,0.0010897666,0.0010826424,0.001092659,0.0010979291,0.0011087436,0.0,0.0011026111,0.0010897666,0.0010826424,0.0010926593,0.0010979291,0.0011087435,0.0,0.0011026111,0.0,0.0010744995,0.0010562793,0.0011093538,0.0011194495,0.0074796444,0.001102611,0.0010897666,0.0010826424,0.0010926593,0.0010979291,0.0011087434,0.009280622,0.0063280994,0.0019195531,0.0010744995,0.0010562793,0.0011093538,0.0011296013,0.0011134681,0.0011026111,0.0015294566,0.0010744995,0.0010562793,0.0011093538,0.00111945,0.0011134936,0.0,0.0,0.0010744996,0.0010562793,0.0011093538,0.0011296021,0.0011134717,0.0034134528,0.0010897666,0.010185144,0.001102611,0.0010897666,0.0011093537,0.0011134649,0.022261329,0.0024564061,0.0010744995,0.0010562793,0.0011093538,0.0011296018,0.0,0.0011026106,0.0,0.0010744995,0.0010562793,0.0011093538,0.0011194496,0.0,0.0,0.0010897663,0.001102611,0.0,0.0010744995,0.0011026111,0.0011134623,0.001102611,0.0023295472,0.0010744993,0.0010562793,0.0011093538,0.0011194492,0.3722601,0.0032166045,0.0010897665,0.0010744995,0.0010652819,0.0010749681,0.001144443,0.0,0.0,0.0010897666,0.0,0.001102611,0.0010897666,0.0011093538,0.0,0.0011026086,0.0,0.0011026112,0.0,0.001102611,0.0010897667,0.0,0.0,0.0010897577,0.0010744983,0.0010652819,0.0010749681,0.0011444425,0.0,0.0011025949,0.001102609,0.0010971603,0.0011072912,0.0029499854,0.0010344669,0.0,0.0011026106,0.0010897662,0.0,0.001102611,0.0010897666,0.0010826432,0.0011134635,0.001102611,0.0010897666,0.0,0.001102611,0.0010897666,0.0010826427,0.0,0.0011026112,0.0010897667,0.0010826424,0.0010926593,0.0010979291,0.0011087435,0.0011134646,0.001102611,0.0010897666,0.0010826424,0.0010926593,0.0010979291,0.0011087435,0.001113475,0.0,0.0,0.0010744995,0.0010562793,0.0011093538,0.0011296021,0.0011134649,0.0,0.0010897666,0.0010744995,0.0010652819,0.0010749681,0.0011444428,0.0,0.0011026112,0.10843634,0.0010744995,0.0010562793,0.0011093538,0.0011194494,0.0011134696,0.0,0.0010897666,0.0010744995,0.0010652819,0.0010749681,0.0011444425,0.0025108398,0.001102611,0.0010897666,0.0010826424,0.0010926593,0.0010979291,0.0011087443,0.0011134647,0.001102611,0.0010897666,0.0010826424,0.0010926593,0.0010979291,0.0011087434,0.0,0.0011026107,0.0010897666,0.0010826424,0.0010926593,0.0010979291,0.0011087435,0.0,0.0,0.0010897666,0.0010744995,0.0010652819,0.0010749681,0.0011444432,0.0011134648,0.001102611,0.08193668,0.015612628,0.0011026112,0.0011026111,0.0010971606,0.0011134722,0.0,0.0010897664,0.0,0.0011026112,0.0010897666,0.0011093552,0.0011135122,0.00995467,0.0011026108,0.0010897666,0.0010826424,0.0012034219,0.0011026112,0.0,0.001102611,0.0,0.0010744995,0.0010562793,0.0011093536,0.0011194544,0.0011134655,0.0,0.0010897666,0.0010744995,0.0010652819,0.0010749685,0.0011444378,0.0011134632,0.0,0.0,0.0010744995,0.0010562793,0.0011093538,0.0011296021,0.0030034536,0.0011026112,0.0010897667,0.0010826424,0.0010926593,0.0010979291,0.0011087435,0.0011134713,0.0011026111,0.0010897666,0.0,0.001102611,0.0010897666,0.0010826427,0.0011134652,0.028298963,0.0010897666,0.0010744996,0.0010652819,0.0010749681,0.0011444432,0.0011134645,0.041268114,0.0010897667,0.0010744995,0.0010652819,0.0010749684,0.0011444438,0.0,0.0011026108,0.0011026112,0.0010971606,0.0011072907,0.0,0.0010344797,0.0011134765,0.0,0.0010897666,0.0010744995,0.0010652819,0.0010749681,0.001144443,0.0011134646,0.0075302,0.0020874075,0.0010744995,0.0010562793,0.0011093538,0.0011296017,0.00111349,0.0011026108,0.0,0.0010744995,0.0010562794,0.0011093538,0.0011194507,0.0,0.0011026111,0.0010897666,0.0010826424,0.0010926593,0.0010979291,0.0011087434,0.0,0.0011026103,0.0,0.0010744995,0.0010562793,0.0011093538,0.0011194494,0.0,0.0011026111,0.0010897666,0.0010826424,0.0010926593,0.0010979291,0.0011087436,0.001113469,0.0011026107,0.0010897666,0.0010826424,0.001092659,0.0010979291,0.0011087436,0.0022190239,0.0016199356,0.0017688939,0.0010744995,0.0010562793,0.0011093538,0.0011296023,0.0011134645,0.001102611,0.0,0.0010744995,0.0010562793,0.0011093538,0.0011194494,0.0011134655,0.0011026111,0.0010897666,0.0011093538,0.014307221,0.0010744995,0.0010562794,0.0010490103,0.001102611,0.0010897666,0.0010826424,0.0010926593,0.0010979291,0.001108744,0.0020246066,0.001102611,0.0010897666,0.0010826424,0.0010926593,0.0010979291,0.0011087434,0.19852954,0.0011026107,0.0010897666,0.0010826424,0.0010926593,0.0010979291,0.0011087443,0.0011134658,0.001102611,0.0010897666,0.0010826424,0.0010926593,0.0010979291,0.0011087437,0.07834963,0.06975719,0.0010897666,0.0010744995,0.0010652819,0.0010749681,0.0011444433,0.0,0.001102611,0.0010897666,0.0010826424,0.0010926593,0.0010979291,0.0011087435,0.0011135113,0.0011026105,0.0010897664,0.0010826424,0.001092659,0.0010979291,0.0011087438
k__Bacteria|p__Firmicutes|c__Negativicutes|o__Veillonellales|f__Veillonellaceae|g__Veillonella|s__Veillonella_atypica,0.0021398352,0.007353477,0.0077629634,0.007976134,0.007653132,0.0074716792,0.0071010673,0.0,0.0073534795,0.0077629634,0.007976134,0.007653132,0.0074716792,0.007101074,0.0,0.0028435197,0.0077625546,0.008221024,0.008480675,0.008189367,0.0057758233,0.006986993,0.0,0.0077629634,0.008221286,0.008480694,0.008189368,0.005775846,0.05569165,0.023414018,0.007762961,0.008221286,0.008480694,0.008189368,0.005775847,0.0069879536,0.007353479,0.0077629634,0.007976134,0.007653132,0.0074716792,0.0071010767,0.03363344,0.007353458,0.00776296,0.007976134,0.007653132,0.0074716792,0.0071010543,0.0069879564,0.007353479,0.0077629634,0.007976134,0.007653132,0.0074716792,0.007101072,0.0053683203,0.007353472,0.0077629467,0.0079761315,0.007653132,0.0074716792,0.007101055,0.0018002037,0.0073534795,0.0077629634,0.007976134,0.007653132,0.0074716792,0.0071010753,0.0,0.0073534786,0.0,0.008221286,0.008733169,0.0071238396,0.0067554824,0.30580625,0.007353479,0.0077629634,0.007976135,0.007653132,0.0074716792,0.0071010594,0.04653307,0.04490203,0.012275974,0.008221286,0.008733169,0.0071238396,0.0063819564,0.006987686,0.0073534795,0.14590886,0.008221286,0.008733169,0.0071238396,0.006755298,0.0069857724,0.004273894,0.002980538,0.008221284,0.008733165,0.0071238396,0.0063819718,0.006987235,0.036801245,0.0077629634,0.033805184,0.007353479,0.0077629634,0.007123835,0.0069878683,0.1150808,0.020329086,0.008221286,0.008733169,0.0071238396,0.006382008,0.0,0.0073534385,0.0018549826,0.008221286,0.008733169,0.0071238396,0.0067555234,0.0118868835,0.1374814,0.0077629336,0.0073534413,0.0,0.008221286,0.007353472,0.0069872607,0.007353472,0.0028653436,0.008221286,0.008733169,0.0071238396,0.006755536,0.0,0.0022304174,0.0077629606,0.008221286,0.008480694,0.008189368,0.0057758354,0.0,0.019061148,0.0077629634,0.14352076,0.007353479,0.0077629634,0.0071238363,0.0,0.007353377,0.00191584,0.007353479,0.09306778,0.007353479,0.00776296,0.023100337,0.26575366,0.0077624973,0.008221219,0.008480692,0.008189368,0.0057758247,0.0018293435,0.007352393,0.007353357,0.007525532,0.007177238,0.0037594824,0.009302205,0.0,0.0073534115,0.007762938,0.0,0.007353472,0.007762962,0.007976056,0.006987785,0.007353479,0.0077629634,0.15061246,0.007353479,0.0077629634,0.007976105,0.004314536,0.0073534786,0.007762962,0.007976135,0.007653132,0.0074716792,0.0071010697,0.006987958,0.007353479,0.0077629634,0.007976134,0.007653132,0.0074716792,0.007101074,0.0069871224,0.0,0.002915249,0.008221286,0.008733169,0.0071238396,0.0063820113,0.006987787,0.086783186,0.0077629634,0.008221286,0.008480694,0.008189368,0.005775835,0.051636714,0.0073534804,0.0,0.008221286,0.008733169,0.0071238396,0.0067555388,0.0069874735,0.03778103,0.0077629634,0.008221286,0.008480694,0.008189367,0.005775592,0.018885182,0.007353479,0.0077629634,0.007976134,0.007653132,0.0074716792,0.007101026,0.0069879345,0.007353479,0.0077629634,0.007976134,0.007653132,0.0074716792,0.0071010767,0.0039123744,0.007353469,0.007762962,0.007976133,0.007653132,0.0074716792,0.0071010673,0.0,0.0,0.0077629634,0.008221286,0.008480694,0.008189368,0.0057758423,0.006987893,0.007353479,0.0,0.0,0.0073534804,0.0073534795,0.007525536,0.0069869286,0.0017083702,0.0077629536,0.009403449,0.0073534804,0.007762961,0.0071237315,0.006984574,0.0022992266,0.0073534744,0.00776296,0.007976135,0.0681971,0.0073534544,0.015327815,0.0073534804,0.008979475,0.008221286,0.008733166,0.0071238386,0.006755339,0.006987792,0.0,0.0077629634,0.008221286,0.008480691,0.008189352,0.0057738773,0.0069874898,0.0,0.0,0.008221286,0.008733169,0.0071238396,0.006382014,0.0,0.007353479,0.007762964,0.007976134,0.007653132,0.0074716792,0.007101074,0.0069875987,0.0073534776,0.007762962,0.0,0.007353477,0.0077629634,0.007976102,0.006987885,0.0019148829,0.00776296,0.008221278,0.008480693,0.008189368,0.0057757813,0.0069878483,0.0059534786,0.007762964,0.0082212845,0.008480691,0.008189365,0.005775778,0.01710062,0.0073534762,0.007353476,0.0075255455,0.00717723,0.061281297,0.009301217,0.006986945,0.04594445,0.007762962,0.008221286,0.008480694,0.008189368,0.005775847,0.006987819,0.0070148716,0.0017499648,0.008221286,0.008733166,0.0071238396,0.006381971,0.0069859917,0.0073534553,0.004946883,0.008221257,0.008733161,0.007123837,0.0067553106,0.0,0.0073534786,0.007762962,0.007976135,0.007653132,0.0074716792,0.0071010767,0.0,0.007353448,0.0,0.008221286,0.008733169,0.0071238396,0.006755537,0.078548074,0.007353478,0.0077629606,0.007976134,0.007653132,0.0074716792,0.0071010715,0.00698754,0.0073534744,0.0077629588,0.007976128,0.0076531316,0.0074716792,0.007101062,0.00245446,0.0064555826,0.0019864426,0.008221286,0.008733169,0.0071238396,0.0063820006,0.006987964,0.007353479,0.0016694084,0.008221286,0.008733169,0.0071238396,0.0067555085,0.0069876257,0.007353478,0.0077629634,0.0071238396,0.0,0.008221286,0.008733166,0.0,0.007353479,0.0077629634,0.007976135,0.007653132,0.0074716792,0.0071010482,0.018203685,0.007353479,0.0077629634,0.007976135,0.007653132,0.0074716792,0.007101065,0.0,0.007353461,0.007762962,0.007976134,0.007653132,0.0074716792,0.0071010133,0.0069876877,0.007353479,0.0077629634,0.007976135,0.007653132,0.0074716792,0.0071010604,0.0,0.0020906834,0.0077629634,0.008221286,0.008480694,0.008189368,0.005775835,0.0038707394,0.007353479,0.0077629634,0.007976134,0.007653132,0.0074716792,0.0071010753,0.0069822827,0.007353435,0.0077629588,0.007976133,0.007653132,0.007471678,0.0071009914
k__Bacteria|p__Firmicutes|c__Negativicutes|o__Veillonellales|f__Veillonellaceae|g__Veillonella|s__Veillonella_parvula,0.0021799037,0.0012247951,0.0012151264,0.0012096894,0.0012179057,0.0012222569,0.0012304412,0.0,0.0012247954,0.0012151264,0.0012096894,0.0012179057,0.0012222569,0.0012304414,0.0,0.0,0.0012151279,0.0012030397,0.0011956112,0.0012039945,0.0012523127,0.0012325305,0.002604142,0.0012151264,0.00120304,0.0011956111,0.0012039945,0.0012523136,0.005237152,0.0018144664,0.0012151264,0.00120304,0.0011956111,0.0012039945,0.0012523137,0.001232534,0.0012247952,0.0012151264,0.0012096894,0.0012179057,0.0012222569,0.0012304415,0.0,0.0012247951,0.0012151265,0.0012096894,0.0012179057,0.0012222569,0.0012304412,0.0012325338,0.0012247952,0.0012151264,0.0012096894,0.0012179057,0.0012222569,0.0012304413,0.0,0.0012247954,0.0012151266,0.0012096897,0.0012179057,0.0012222569,0.0012304412,0.0,0.0012247954,0.0012151264,0.0012096894,0.0012179057,0.0012222569,0.0012304416,0.0,0.0012247954,0.0,0.00120304,0.0011879257,0.0012297764,0.0012371165,0.030811457,0.0012247952,0.0012151264,0.0012096894,0.0012179057,0.0012222569,0.0012304406,0.015198951,0.0054573296,0.002192452,0.00120304,0.0011879257,0.0012297764,0.0012436109,0.0012325344,0.0012247954,0.0,0.00120304,0.0011879257,0.0012297764,0.0012371144,0.0012325555,0.010935209,0.0058659967,0.0012030401,0.0011879257,0.0012297764,0.0012436114,0.0012325374,0.0023459126,0.0012151264,0.0013392534,0.0012247952,0.0012151264,0.0012297762,0.0012325344,0.005132085,0.0,0.00120304,0.0011879257,0.0012297764,0.0012436125,0.0042310096,0.0012247952,0.08397643,0.00120304,0.0011879257,0.0012297764,0.0012371169,0.006149569,0.0,0.0012151262,0.0012247963,0.0020739653,0.00120304,0.0012247952,0.0012325356,0.0012247954,0.015888356,0.00120304,0.0011879257,0.0012297764,0.0012371173,0.0,0.0,0.0012151265,0.00120304,0.0011956111,0.0012039945,0.0012523135,0.0,0.0018795908,0.0012151264,0.0,0.0012247952,0.0012151264,0.0012297761,0.0,0.0012247933,0.003913868,0.0012247954,0.0,0.0012247952,0.0012151265,0.0,0.0,0.0012151306,0.0012030402,0.0011956112,0.0012039945,0.0012523123,0.009394905,0.0012247998,0.0012247952,0.0012208805,0.0012287236,0.005622586,0.0011690275,0.019229863,0.0012247948,0.0012151264,0.007920643,0.0012247954,0.0012151265,0.0012096891,0.001232533,0.0012247952,0.0012151264,0.0,0.0012247952,0.0012151264,0.0012096893,0.0,0.0012247954,0.0012151265,0.0012096894,0.0012179057,0.0012222569,0.0012304414,0.0012325338,0.0012247952,0.0012151264,0.0012096894,0.0012179057,0.0012222569,0.0012304416,0.0012325402,0.015469801,0.07941669,0.00120304,0.0011879257,0.0012297764,0.0012436126,0.0012325374,0.0,0.0012151264,0.00120304,0.0011956111,0.0012039945,0.001252313,0.14995566,0.0012247954,0.06451203,0.00120304,0.0011879257,0.0012297764,0.0012371176,0.0012325327,0.0038720244,0.0012151264,0.00120304,0.0011956111,0.0012039945,0.00125231,0.0,0.0012247952,0.0012151264,0.0012096894,0.0012179057,0.0012222569,0.0012304405,0.0012325342,0.0012247952,0.0012151264,0.0012096894,0.0012179057,0.0012222569,0.0012304415,0.0,0.0012247952,0.0012151265,0.0012096894,0.0012179057,0.0012222569,0.0012304412,0.0,0.0,0.0012151264,0.00120304,0.0011956111,0.0012039945,0.0012523135,0.0012325331,0.0012247952,0.0,0.0,0.0012247954,0.0012247954,0.0012208803,0.0012325284,0.0,0.0012151262,0.013017293,0.0012247954,0.0012151264,0.001229775,0.0012325558,0.0062718624,0.0012247954,0.0012151265,0.0012096894,0.017501166,0.001224795,0.0,0.0012247951,0.0,0.00120304,0.0011879257,0.0012297765,0.001237117,0.0012325346,0.5552384,0.0012151264,0.00120304,0.0011956112,0.0012039948,0.0012522925,0.0012325307,0.001599301,0.0,0.00120304,0.0011879257,0.0012297764,0.0012436128,0.0013837984,0.0012247954,0.0012151265,0.0012096894,0.0012179057,0.0012222569,0.0012304414,0.0012325195,0.0012247952,0.0012151265,0.0,0.0012247951,0.0012151264,0.0012096898,0.001232535,0.0019169973,0.0012151265,0.0012030398,0.0011956111,0.0012039945,0.0012523115,0.0012325331,0.0,0.0012151265,0.00120304,0.0011956112,0.0012039946,0.0012523126,0.0,0.0012247952,0.0012247954,0.0012208807,0.0012287231,0.008460069,0.0011690318,0.0012325409,0.14633934,0.0012151265,0.00120304,0.0011956111,0.0012039945,0.0012523137,0.0012325323,0.0015177345,0.0067133815,0.00120304,0.0011879257,0.0012297764,0.0012436114,0.0012325532,0.0012247957,0.0,0.0012030404,0.0011879256,0.0012297764,0.0012371145,0.0,0.0012247952,0.0012151265,0.0012096894,0.0012179057,0.0012222569,0.0012304415,0.0,0.0012247947,0.0,0.00120304,0.0011879257,0.0012297764,0.0012371172,0.004083638,0.0012247952,0.0012151265,0.0012096894,0.0012179057,0.0012222569,0.0012304413,0.0012325341,0.0012247952,0.0012151264,0.0012096892,0.0012179057,0.0012222569,0.0012304413,0.030573348,0.024436757,0.0361868,0.00120304,0.0011879257,0.0012297764,0.0012436125,0.001232534,0.0012247952,0.005776294,0.00120304,0.0011879257,0.0012297764,0.0012371172,0.0012325299,0.0012247952,0.0012151264,0.0012297764,0.0,0.00120304,0.0011879256,0.0026445603,0.0012247952,0.0012151264,0.0012096894,0.0012179057,0.0012222569,0.0012304408,0.0,0.0012247952,0.0012151264,0.0012096894,0.0012179057,0.0012222569,0.0012304412,0.0,0.0012247954,0.0012151265,0.0012096894,0.0012179057,0.0012222569,0.0012304401,0.0012325373,0.0012247952,0.0012151264,0.0012096894,0.0012179057,0.0012222569,0.0012304413,0.0,0.0,0.0012151264,0.00120304,0.0011956111,0.0012039945,0.0012523133,0.07126302,0.0012247952,0.0012151264,0.0012096894,0.0012179057,0.0012222569,0.0012304416,0.0012324709,0.0012247949,0.0012151264,0.0012096891,0.0012179057,0.0012222569,0.0012304393
k__Bacteria|p__Firmicutes|c__Clostridia|o__Eubacteriales|f__Oscillospiraceae|g__Flavonifractor|s__Flavonifractor_plautii,0.0,0.0010699474,0.0010563077,0.0010487373,0.0010591066,0.0010645224,0.0010759222,0.0011678376,0.0010699474,0.0010563077,0.0010487373,0.0010591066,0.0010645224,0.0010759222,0.0045909947,0.008204786,0.0010563174,0.00104026,0.0010305722,0.0010404823,0.0011152342,0.001081603,0.0016590429,0.0010563077,0.0010402541,0.0010305714,0.0010404823,0.0011152333,0.0,0.0,0.0010563077,0.0010402541,0.0010305714,0.0010404823,0.001115233,0.0010815882,0.0010699474,0.0010563077,0.0010487373,0.0010591066,0.0010645224,0.0010759217,0.0,0.0010699476,0.0010563078,0.0010487373,0.0010591066,0.0010645224,0.0010759232,0.0010815884,0.0010699474,0.0010563077,0.0010487373,0.0010591066,0.0010645224,0.001075922,0.0,0.0010699475,0.0010563085,0.0010487376,0.0010591066,0.0010645224,0.0010759225,0.0013630546,0.0010699474,0.0010563077,0.0010487373,0.0010591066,0.0010645224,0.0010759222,0.0,0.0010699474,0.0014954046,0.0010402541,0.0010212777,0.0010771066,0.0010878084,0.0,0.0010699474,0.0010563077,0.0010487373,0.0010591066,0.0010645224,0.0010759231,0.0,0.0,0.0,0.0010402541,0.0010212777,0.0010771066,0.0010988953,0.0010815929,0.0010699474,0.0,0.0010402541,0.0010212777,0.0010771066,0.0010878171,0.0010816352,0.0,0.0,0.0010402541,0.0010212777,0.0010771066,0.0010988952,0.0010816009,0.0,0.0010563077,0.0,0.0010699474,0.0010563077,0.0010771066,0.0010815896,0.0,0.0,0.0010402541,0.0010212777,0.0010771066,0.0010988932,0.0,0.0010699484,0.0,0.0010402541,0.0010212777,0.0010771066,0.0010878064,0.0025684224,0.0,0.0010563085,0.001069948,0.0,0.0010402541,0.0010699475,0.0010815983,0.0010699475,0.0,0.0010402538,0.0010212777,0.0010771066,0.001087806,0.0,0.0,0.0010563079,0.0010402541,0.0010305714,0.0010404823,0.0011152335,0.004613261,0.0034069,0.0010563077,0.0,0.0010699474,0.0010563077,0.0010771068,0.0,0.0010699499,0.0,0.0010699475,0.0,0.0010699474,0.001056308,0.0,0.0,0.0010563148,0.0010402553,0.0010305715,0.0010404823,0.0011152339,0.0,0.0010699687,0.0010699499,0.0010640839,0.0010746941,0.0,0.0009987847,0.0,0.001069949,0.0010563084,0.0,0.0010699475,0.0010563077,0.001048741,0.0010815901,0.0010699474,0.0010563077,0.0,0.0010699474,0.0010563077,0.0010487388,0.098410614,0.0010699476,0.0010563078,0.0010487373,0.0010591066,0.0010645224,0.001075922,0.0010815883,0.0010699474,0.0010563077,0.0010487373,0.0010591066,0.0010645224,0.0010759222,0.0010816022,0.0,0.0,0.0010402541,0.0010212777,0.0010771066,0.0010988929,0.0010815905,0.0,0.0010563077,0.0010402541,0.0010305714,0.0010404823,0.0011152336,0.0,0.0010699475,0.0,0.0010402541,0.0010212777,0.0010771066,0.0010878057,0.0010815997,0.0,0.0010563077,0.0010402541,0.0010305714,0.0010404823,0.0011152454,0.0,0.0010699474,0.0010563077,0.0010487373,0.0010591066,0.0010645224,0.0010759245,0.0010815884,0.0010699474,0.0010563077,0.0010487373,0.0010591066,0.0010645224,0.0010759217,0.0,0.0010699477,0.0010563077,0.0010487373,0.0010591066,0.0010645224,0.0010759222,0.001899435,0.0,0.0010563077,0.0010402541,0.0010305714,0.0010404823,0.0011152332,0.0010815888,0.0010699474,0.0,0.0,0.0010699475,0.0010699474,0.0010640842,0.0010816044,0.0,0.001056308,0.0,0.0010699475,0.0010563077,0.0010771123,0.001081666,0.0,0.0010699476,0.0010563077,0.0010487373,0.0,0.0010699483,0.0,0.0010699473,0.0,0.0010402541,0.0010212777,0.0010771066,0.0010878174,0.0010815907,0.0,0.0010563077,0.0010402541,0.0010305715,0.0010404825,0.0011153269,0.0010815973,0.0016742917,0.0,0.0010402541,0.0010212777,0.0010771066,0.001098893,0.0,0.0010699475,0.0010563078,0.0010487373,0.0010591066,0.0010645224,0.0010759222,0.0010815769,0.0010699473,0.0010563077,0.0,0.0010699475,0.0010563077,0.0010487384,0.0010815894,0.0,0.0010563077,0.0010402543,0.0010305714,0.0010404823,0.0011152364,0.0010815901,0.0,0.0010563078,0.0010402541,0.0010305715,0.0010404822,0.0011152362,0.0,0.0010699475,0.0010699476,0.0010640837,0.001074694,0.0,0.0009988323,0.0010816028,0.0,0.0010563077,0.0010402541,0.0010305714,0.0010404823,0.001115233,0.0010815907,0.0,0.0,0.0010402541,0.0010212777,0.0010771066,0.001098895,0.0010816227,0.0010699481,0.0,0.0010402547,0.0010212779,0.0010771067,0.0010878163,0.0,0.0010699475,0.0010563077,0.0010487373,0.0010591066,0.0010645224,0.001075922,0.0035841244,0.001069948,0.16639929,0.0010402541,0.0010212777,0.0010771066,0.0010878057,0.0,0.0010699475,0.0010563079,0.0010487373,0.0010591066,0.0010645224,0.001075922,0.0010815993,0.0010699475,0.001056308,0.0010487376,0.0010591066,0.0010645224,0.0010759227,0.0,0.009633807,0.0,0.0010402541,0.0010212777,0.0010771066,0.0010988939,0.0010815882,0.0010699474,0.0,0.0010402541,0.0010212777,0.0010771066,0.0010878071,0.001081594,0.0010699475,0.0010563077,0.0010771066,0.0018960087,0.0010402541,0.0010212779,0.0008963514,0.0010699474,0.0010563077,0.0010487373,0.0010591066,0.0010645224,0.0010759236,0.07454807,0.0010699474,0.0010563077,0.0010487373,0.0010591066,0.0010645224,0.0010759225,0.0,0.0010699477,0.0010563077,0.0010487373,0.0010591066,0.0010645224,0.001075926,0.0010815924,0.0010699474,0.0010563077,0.0010487373,0.0010591066,0.0010645224,0.0010759229,0.0,0.0,0.0010563077,0.0010402541,0.0010305714,0.0010404823,0.0011152341,0.0,0.0010699474,0.0010563077,0.0010487373,0.0010591066,0.0010645224,0.0010759222,0.0010817425,0.0010699485,0.0010563078,0.0010487374,0.0010591066,0.0010645224,0.0010759268
k__Bacteria|p__Firmicutes|c__Bacilli|o__Lactobacillales|f__Streptococcaceae|g__Streptococcus|s__Streptococcus_mitis,0.0,0.0012445062,0.001235617,0.0012308065,0.001239275,0.0012440237,0.0012521312,0.0011753382,0.0012445066,0.001235617,0.0012308065,0.001239275,0.0012440237,0.0012521315,0.003135367,0.0028023103,0.0012356187,0.0012243313,0.001217566,0.001226303,0.001270247,0.0012515265,0.0023011873,0.001235617,0.0012243312,0.0012175658,0.001226303,0.0012702473,0.0023913905,0.0,0.001235617,0.0012243312,0.0012175658,0.001226303,0.0012702473,0.0012514958,0.0012445066,0.001235617,0.0012308065,0.001239275,0.0012440237,0.0012521315,0.00462105,0.0012445066,0.0012356169,0.0012308065,0.001239275,0.0012440237,0.0012521321,0.0012514959,0.0012445066,0.001235617,0.0012308065,0.001239275,0.0012440237,0.0012521315,0.0,0.0012445063,0.0012356173,0.0012308067,0.001239275,0.0012440237,0.0012521319,0.0012455456,0.0012445066,0.001235617,0.0012308065,0.001239275,0.0012440237,0.0012521315,0.0019219969,0.0012445066,0.0016144173,0.0012243312,0.0012100259,0.0012492714,0.0012566721,0.0019778053,0.0012445066,0.001235617,0.0012308065,0.001239275,0.0012440237,0.0012521311,0.0,0.0023247297,0.0,0.0012243312,0.0012100259,0.0012492714,0.0012623137,0.0012515064,0.0012445066,0.0,0.0012243312,0.0012100259,0.0012492714,0.0012566725,0.0012515702,0.0,0.0,0.0012243313,0.0012100259,0.0012492714,0.0012623139,0.0012515229,0.0,0.001235617,0.003208325,0.0012445066,0.001235617,0.0012492716,0.0012514987,0.0,0.0018282037,0.0012243312,0.0012100259,0.0012492714,0.0012623138,0.0032880497,0.0012445063,0.0014999184,0.0012243312,0.0012100259,0.0012492714,0.001256672,0.0017940704,0.0021118699,0.0012356165,0.0012445069,0.0023755073,0.0012243312,0.0012445067,0.0012515055,0.0012445063,0.00190487,0.0012243311,0.0012100259,0.0012492714,0.0012566717,0.0,0.0,0.001235617,0.0012243312,0.0012175658,0.001226303,0.0012702474,0.0,0.0,0.001235617,0.0017387125,0.0012445066,0.001235617,0.0012492716,0.0,0.001244504,0.0,0.0012445067,0.0,0.0012445066,0.0012356171,0.0,0.0,0.001235614,0.0012243311,0.0012175658,0.001226303,0.0012702466,0.005702118,0.0012445172,0.0012445068,0.0012411738,0.0012491705,0.0,0.0011919293,0.0,0.0012445061,0.0012356167,0.0024132666,0.0012445063,0.0012356172,0.0012308074,0.0012515001,0.0012445066,0.001235617,0.0,0.0012445066,0.001235617,0.0012308074,0.0,0.0012445067,0.0012356171,0.0012308065,0.001239275,0.0012440237,0.0012521312,0.0012514961,0.0012445066,0.001235617,0.0012308065,0.001239275,0.0012440237,0.0012521315,0.0012515222,0.0,0.0018312198,0.0012243312,0.0012100259,0.0012492714,0.0012623138,0.0012515023,0.001050241,0.001235617,0.0012243312,0.0012175658,0.001226303,0.0012702469,0.0,0.0012445067,0.0017923367,0.0012243312,0.0012100259,0.0012492714,0.0012566722,0.0012515091,0.0,0.001235617,0.0012243312,0.0012175658,0.001226303,0.0012702487,0.0018628971,0.0012445066,0.001235617,0.0012308065,0.001239275,0.0012440237,0.0012521314,0.0012514973,0.0012445066,0.001235617,0.0012308065,0.001239275,0.0012440237,0.0012521315,0.0025779814,0.0012445062,0.0012356167,0.0012308065,0.001239275,0.0012440237,0.0012521312,0.0,0.0,0.001235617,0.0012243312,0.0012175658,0.001226303,0.0012702474,0.0012514988,0.0012445066,0.0,0.0,0.0012445067,0.0012445066,0.001241174,0.0012515303,0.0016321365,0.0012356169,0.0020025752,0.0012445067,0.001235617,0.001249273,0.0012516086,0.0020193933,0.0012445064,0.0012356172,0.0012308065,0.0011984212,0.0012445067,0.0032297878,0.0012445064,0.0018409817,0.0012243312,0.0012100259,0.0012492716,0.0012566724,0.0012515006,0.0,0.001235617,0.0012243312,0.0012175658,0.0012263034,0.0012702484,0.0012515007,0.0012965503,0.0,0.0012243312,0.0012100259,0.0012492714,0.0012623137,0.0,0.0012445067,0.0012356171,0.0012308065,0.001239275,0.0012440237,0.0012521315,0.0012515418,0.0012445067,0.0012356172,0.0,0.0012445064,0.001235617,0.0012308074,0.0012514989,0.004269961,0.0012356172,0.0012243313,0.0012175658,0.001226303,0.0012702467,0.0012514985,0.0031680723,0.0012356171,0.0012243312,0.0012175658,0.0012263032,0.0012702472,0.0,0.0012445062,0.0012445067,0.0012411738,0.00124917,0.003795795,0.0011919392,0.0012515347,0.0,0.0012356172,0.0012243312,0.0012175658,0.001226303,0.0012702473,0.0012515003,0.0019755487,0.0,0.0012243312,0.0012100259,0.0012492714,0.0012623137,0.0012515625,0.0012445067,0.0025516213,0.0012243316,0.0012100262,0.0012492716,0.0012566729,0.0,0.0012445066,0.0012356172,0.0012308065,0.001239275,0.0012440237,0.0012521315,0.0045300014,0.0012445059,0.0,0.0012243312,0.0012100259,0.0012492714,0.0012566719,0.0020768533,0.0012445066,0.0012356172,0.0012308065,0.001239275,0.0012440237,0.0012521313,0.0012515082,0.0012445063,0.0012356169,0.0012308065,0.001239275,0.0012440237,0.0012521314,0.009996594,0.0014668839,0.0020478717,0.0012243312,0.0012100259,0.0012492714,0.0012623142,0.0012514956,0.0012445066,0.0017345219,0.0012243312,0.0012100259,0.0012492714,0.0012566723,0.0012515021,0.0012445066,0.001235617,0.0012492714,0.0,0.0012243312,0.0012100261,0.0014750105,0.0012445066,0.001235617,0.0012308065,0.001239275,0.0012440237,0.0012521314,0.0,0.0012445066,0.001235617,0.0012308065,0.001239275,0.0012440237,0.0012521313,0.014033114,0.0012445066,0.0012356167,0.0012308065,0.001239275,0.0012440237,0.0012521308,0.0012515052,0.0012445066,0.001235617,0.0012308065,0.001239275,0.0012440237,0.0012521317,0.0,0.0,0.001235617,0.0012243312,0.0012175658,0.001226303,0.0012702472,0.0017782361,0.0012445066,0.001235617,0.0012308065,0.001239275,0.0012440237,0.0012521315,0.001251607,0.0012445061,0.0012356169,0.0012308065,0.001239275,0.0012440237,0.001252131
k__Bacteria|p__Firmicutes|c__Clostridia|o__Eubacteriales|f__Clostridiaceae|g__Clostridium|s__Clostridium_butyricum,0.0,0.0010805008,0.0010675496,0.0010607605,0.0010721368,0.0010786047,0.001090584,0.0,0.0010805009,0.0010675496,0.0010607605,0.0010721368,0.0010786047,0.0010905839,0.0,0.0,0.0010675748,0.0010522219,0.0010433331,0.0010543192,0.0011260428,0.0010915096,0.0020346604,0.0010675496,0.0010522042,0.001043332,0.001054319,0.001126042,0.0,0.0,0.0010675496,0.0010522042,0.001043332,0.001054319,0.001126042,0.0010914807,0.0010805009,0.0010675496,0.0010607605,0.0010721368,0.0010786047,0.001090584,0.0,0.0010805017,0.0010675499,0.0010607605,0.0010721368,0.0010786047,0.0010905843,0.0010914807,0.0010805009,0.0010675496,0.0010607605,0.0010721368,0.0010786047,0.001090584,0.0,0.001080501,0.0010675504,0.0010607608,0.0010721368,0.0010786051,0.0010905847,0.013792664,0.0010805009,0.0010675496,0.0010607605,0.0010721368,0.0010786047,0.0010905841,0.044248234,0.0010805009,0.0070938054,0.0010522042,0.0010339471,0.0010877055,0.0010992736,0.0,0.0010805009,0.0010675496,0.0010607607,0.0010721368,0.0010786051,0.0010905842,0.0,0.0,0.0032184178,0.0010522042,0.0010339471,0.0010877055,0.0011096222,0.0010914877,0.0010805009,0.0,0.0010522042,0.0010339471,0.0010877055,0.0010992795,0.001091541,0.0,0.0030270412,0.0010522043,0.0010339471,0.0010877055,0.0011096215,0.0010915023,0.0,0.0010675496,0.0,0.0010805009,0.0010675496,0.0010877055,0.0010914837,0.0,0.0,0.0010522042,0.0010339471,0.0010877055,0.0011096201,0.0,0.0010805031,0.0016351581,0.0010522042,0.0010339471,0.0010877055,0.0010992717,0.0064550787,0.0,0.0010675513,0.0010805025,0.0,0.0010522042,0.001080501,0.0010915124,0.0010805012,0.0,0.0010522042,0.0010339471,0.0010877055,0.0010992716,0.0,0.0,0.0010675499,0.0010522042,0.001043332,0.001054319,0.0011260425,0.015455688,0.014175148,0.0010675496,0.0,0.0010805009,0.0010675496,0.0010877055,0.0066086017,0.0010805076,0.0027476866,0.001080501,0.013024952,0.0010805009,0.0010675496,0.0041322983,0.0037006454,0.0010675789,0.0010522092,0.0010433322,0.001054319,0.0011260429,0.0,0.0010805703,0.0010805083,0.0010753843,0.0010869303,0.002533464,0.0010121658,0.10453805,0.0010805046,0.0010675512,0.0,0.0010805012,0.0010675495,0.0010607641,0.0010914878,0.0010805009,0.0010675496,0.017094895,0.0010805009,0.0010675496,0.0010607616,0.0,0.001080501,0.0010675496,0.0010607603,0.0010721368,0.0010786047,0.001090584,0.0010914804,0.0010805009,0.0010675496,0.0010607605,0.0010721368,0.0010786047,0.0010905841,0.001091506,0.0,0.0,0.0010522042,0.0010339471,0.0010877055,0.0011096197,0.0010914867,0.011636992,0.0010675496,0.0010522042,0.001043332,0.001054319,0.0011260423,0.06167115,0.001080501,0.02000759,0.0010522042,0.0010339471,0.0010877055,0.0010992716,0.0010914966,0.0,0.0010675496,0.0010522042,0.001043332,0.001054319,0.0011260501,0.0,0.0010805009,0.0010675496,0.0010607605,0.0010721368,0.0010786047,0.0010905854,0.001091481,0.0010805009,0.0010675496,0.0010607605,0.0010721368,0.0010786047,0.001090584,0.0,0.0010805017,0.0010675495,0.0010607607,0.0010721368,0.0010786047,0.001090584,0.015392114,0.0,0.0010675496,0.0010522042,0.001043332,0.001054319,0.0011260421,0.0010914821,0.0010805009,0.0,0.0,0.001080501,0.0010805009,0.0010753839,0.0010915103,0.0,0.00106755,0.0,0.001080501,0.0010675496,0.0010877099,0.0010915751,0.0,0.0010805009,0.0010675495,0.0010607607,0.0,0.0010805015,0.0,0.0010805008,0.0,0.0010522042,0.0010339471,0.0010877055,0.0010992781,0.0010914864,0.0028757544,0.0010675496,0.0010522042,0.0010433322,0.0010543196,0.0011261093,0.0010914995,0.0,0.0,0.0010522042,0.0010339471,0.0010877055,0.0011096197,0.04544413,0.001080501,0.0010675496,0.0010607605,0.0010721368,0.0010786047,0.0010905839,0.0010914692,0.001080501,0.0010675495,0.010442676,0.0010805009,0.0010675496,0.0010607621,0.0010914827,0.0,0.0010675495,0.0010522045,0.001043332,0.001054319,0.0011260441,0.0010914843,0.0027965433,0.0010675496,0.0010522042,0.0010433322,0.0010543193,0.001126044,0.0,0.001080501,0.001080501,0.0010753834,0.0010869304,0.022739705,0.0010122136,0.0010915119,0.0,0.0010675495,0.0010522042,0.001043332,0.001054319,0.001126042,0.0010914858,0.0,0.0,0.0010522042,0.0010339471,0.0010877055,0.0011096216,0.0010915321,0.0010805019,0.0025935068,0.0010522056,0.0010339472,0.0010877057,0.0010992797,0.0,0.0010805009,0.0010675495,0.0010607603,0.0010721368,0.0010786047,0.001090584,0.0,0.0010805031,0.0,0.0010522042,0.0010339471,0.0010877055,0.0010992716,0.0,0.0010805009,0.0010675496,0.0010607607,0.0010721368,0.0010786047,0.0010905841,0.0010914938,0.0010805008,0.0010675498,0.001060761,0.0010721368,0.0010786047,0.0010905841,0.0,0.0,0.0,0.0010522042,0.0010339471,0.0010877055,0.0011096202,0.0010914803,0.0010805009,0.0,0.0010522042,0.0010339471,0.0010877055,0.0010992724,0.0010914931,0.0010805009,0.0010675496,0.0010877055,0.00075995986,0.0010522042,0.0010339472,0.007035162,0.0010805009,0.0010675496,0.0010607607,0.0010721368,0.0010786047,0.0010905847,0.13556403,0.0010805009,0.0010675496,0.0010607607,0.0010721368,0.0010786047,0.0010905841,0.12413114,0.0010805018,0.0010675495,0.0010607607,0.0010721368,0.0010786051,0.001090586,0.0010914903,0.0010805009,0.0010675496,0.0010607607,0.0010721368,0.0010786047,0.0010905843,0.0,0.0,0.0010675496,0.0010522042,0.001043332,0.001054319,0.0011260425,0.0,0.0010805009,0.0010675496,0.0010607605,0.0010721368,0.0010786047,0.0010905841,0.0010916619,0.0010805036,0.0010675498,0.0010607606,0.0010721368,0.0010786051,0.0010905865
k__Bacteria|p__Firmicutes|c__Clostridia|o__Eubacteriales|f__Clostridiaceae|g__Clostridium|s__Clostridium_perfringens,0.0,0.0015622154,0.0015632729,0.0015633568,0.0015644019,0.0015647843,0.0015634396,0.0,0.0015622154,0.0015632729,0.0015633568,0.0015644019,0.0015647843,0.0015634395,0.0,0.0,0.0015632762,0.0015622327,0.0015608734,0.0015635916,0.0015419152,0.0015596437,0.0,0.0015632729,0.0015622289,0.0015608727,0.0015635916,0.0015419153,0.014275126,0.008567859,0.0015632729,0.0015622289,0.0015608727,0.0015635916,0.0015419155,0.0015596636,0.0015622153,0.0015632729,0.0015633568,0.0015644019,0.0015647843,0.0015634396,0.30763063,0.0015622155,0.001563273,0.0015633568,0.0015644019,0.0015647843,0.0015634395,0.0015596638,0.0015622153,0.0015632729,0.0015633568,0.0015644019,0.0015647843,0.0015634396,0.0,0.0015622152,0.0015632734,0.0015633571,0.0015644019,0.0015647843,0.0015634389,0.005653866,0.0015622154,0.0015632729,0.0015633568,0.0015644019,0.0015647843,0.0015634397,0.0,0.0015622154,0.0,0.0015622289,0.0015582857,0.001561073,0.0015584797,0.005001192,0.0015622153,0.0015632729,0.001563357,0.0015644019,0.0015647843,0.0015634391,0.0068525528,0.024378918,0.0068424004,0.0015622289,0.0015582857,0.001561073,0.0015532419,0.0015596576,0.0015622154,0.0,0.0015622289,0.0015582857,0.001561073,0.0015584799,0.0015596402,0.0,0.0,0.0015622291,0.0015582857,0.001561073,0.001553242,0.001559648,0.0,0.0015632729,0.022987407,0.0015622153,0.0015632729,0.0015610728,0.0015596622,0.0,0.0,0.0015622289,0.0015582857,0.001561073,0.0015532429,0.029684674,0.0015622157,0.0027737853,0.0015622289,0.0015582857,0.001561073,0.0015584795,0.0,0.0,0.0015632736,0.0015622157,0.012809313,0.0015622289,0.0015622152,0.0015596569,0.0015622156,0.0016718648,0.0015622289,0.0015582857,0.001561073,0.0015584795,0.0,0.0060731256,0.0015632731,0.0015622289,0.0015608727,0.0015635916,0.0015419156,0.0,0.0,0.0015632729,0.0018223765,0.0015622153,0.0015632729,0.0015610731,0.0,0.0015622161,0.0,0.0015622156,0.006171644,0.0015622153,0.001563273,0.0,0.0,0.0015632819,0.0015622304,0.0015608731,0.0015635916,0.0015419149,0.037094835,0.0015622195,0.0015622159,0.0015631703,0.0015624128,0.002734805,0.0015504167,0.006301558,0.0015622155,0.0015632733,0.0,0.0015622153,0.0015632729,0.0015633579,0.0015596603,0.0015622153,0.0015632729,0.006536258,0.0015622153,0.0015632729,0.0015633574,0.0021595352,0.0015622156,0.001563273,0.001563357,0.0015644019,0.0015647843,0.0015634396,0.0015596637,0.0015622153,0.0015632729,0.0015633568,0.0015644019,0.0015647843,0.0015634397,0.0015596541,0.002381163,0.0,0.0015622289,0.0015582857,0.001561073,0.0015532427,0.001559662,0.0,0.0015632729,0.0015622289,0.0015608727,0.0015635916,0.0015419152,0.0,0.0015622156,0.0,0.0015622289,0.0015582857,0.001561073,0.0015584796,0.0015596565,0.0053489325,0.0015632729,0.0015622289,0.0015608727,0.0015635916,0.001541912,0.0345247,0.0015622153,0.0015632729,0.0015633568,0.0015644019,0.0015647843,0.0015634396,0.0015596629,0.0015622153,0.0015632729,0.0015633568,0.0015644019,0.0015647843,0.0015634396,0.0,0.0015622161,0.0015632729,0.001563357,0.0015644019,0.0015647843,0.0015634396,0.0,0.0,0.0015632729,0.0015622289,0.0015608727,0.0015635916,0.0015419152,0.0015596607,0.0015622153,0.0023058702,0.0017413229,0.0015622156,0.0015622154,0.0015631702,0.0015596393,0.0,0.0015632727,0.0,0.0015622156,0.0015632729,0.0015610714,0.0015596129,0.002716094,0.0015622156,0.0015632729,0.001563357,0.0026432113,0.001562215,0.0,0.0015622154,0.0,0.0015622289,0.0015582857,0.0015610731,0.00155848,0.0015596615,0.041412156,0.0015632729,0.0015622289,0.0015608731,0.001563592,0.00154189,0.0015596593,0.0,0.0,0.0015622289,0.0015582857,0.001561073,0.0015532433,0.001496563,0.0015622156,0.001563273,0.0015633568,0.0015644019,0.0015647843,0.0015634395,0.0015596193,0.0015622156,0.0015632729,0.0,0.0015622154,0.0015632729,0.0015633574,0.0015596625,0.008180417,0.0015632729,0.0015622287,0.0015608727,0.0015635916,0.0015419141,0.0015596614,0.0015837876,0.001563273,0.0015622289,0.0015608728,0.0015635918,0.0015419148,0.013915617,0.0015622156,0.0015622157,0.0015631701,0.0015624122,0.0075953226,0.0015504438,0.0015596476,0.0023389568,0.0015632729,0.0015622289,0.0015608727,0.0015635916,0.0015419155,0.0015596595,0.0012667059,0.0,0.0015622289,0.0015582857,0.001561073,0.0015532421,0.0015596399,0.0015622156,0.21347016,0.001562229,0.0015582863,0.0015610731,0.001558479,0.033599626,0.0015622155,0.0015632729,0.001563357,0.0015644019,0.0015647843,0.0015634396,0.0020159911,0.0015622154,0.0,0.0015622289,0.0015582857,0.001561073,0.0015584796,0.0,0.0015622156,0.0015632731,0.001563357,0.0015644019,0.0015647843,0.0015634396,0.0015596581,0.0015622155,0.001563273,0.0015633572,0.0015644019,0.0015647843,0.0015634398,0.0,0.0,0.0015682646,0.0015622289,0.0015582857,0.001561073,0.0015532428,0.0015596638,0.0015622153,0.0,0.0015622289,0.0015582857,0.001561073,0.0015584795,0.0015596586,0.0015622155,0.0015632729,0.001561073,0.0018867641,0.0015622289,0.0015582858,0.001097553,0.0015622153,0.0015632729,0.001563357,0.0015644019,0.0015647843,0.0015634395,0.0033774204,0.0015622153,0.0015632729,0.001563357,0.0015644019,0.0015647843,0.0015634393,0.0,0.0015622153,0.0015632729,0.001563357,0.0015644019,0.0015647843,0.0015634398,0.0015596603,0.0015622153,0.0015632729,0.001563357,0.0015644019,0.0015647843,0.0015634395,0.0041630175,0.039776966,0.0015632729,0.0015622289,0.0015608727,0.0015635916,0.0015419152,0.0029743093,0.0015622153,0.0015632729,0.0015633568,0.0015644019,0.0015647843,0.0015634397,0.0015595676,0.0015622155,0.001563273,0.001563357,0.0015644019,0.0015647843,0.0015634396
k__Bacteria|p__Firmicutes|c__Bacilli|o__Lactobacillales|f__Streptococcaceae|g__Streptococcus|s__Streptococcus_parasanguinis,0.0,0.009974504,0.0106421765,0.010993895,0.010463712,0.010168778,0.009570837,0.0077079083,0.009974506,0.0106421765,0.010993895,0.010463712,0.010168778,0.009570846,0.0,0.0,0.010641614,0.011400453,0.011835979,0.01134928,0.0074917125,0.009384879,0.0024641983,0.0106421765,0.011400814,0.011836002,0.011349283,0.0074917385,0.05133451,0.008497996,0.0106421765,0.011400814,0.011836002,0.011349283,0.0074917404,0.009386471,0.009974505,0.0106421765,0.010993895,0.010463712,0.010168778,0.009570848,0.00793067,0.00997448,0.010642172,0.010993895,0.010463712,0.010168778,0.009570819,0.009386473,0.009974505,0.0106421765,0.010993895,0.010463712,0.010168778,0.009570842,0.0030263176,0.009974495,0.010642155,0.010993896,0.010463712,0.010168778,0.009570819,0.0012681434,0.009974506,0.0106421765,0.010993895,0.010463712,0.010168778,0.0095708445,0.0015985696,0.009974506,0.001970494,0.011400814,0.012262593,0.009604523,0.009017694,0.008134181,0.009974505,0.0106421765,0.010993896,0.010463712,0.010168778,0.009570828,0.0,0.0028710633,0.0021991786,0.011400814,0.012262593,0.009604523,0.008429243,0.009386022,0.009974506,0.04294793,0.011400814,0.012262593,0.009604523,0.009017457,0.009383052,0.002581258,0.0029572856,0.01140081,0.012262593,0.009604523,0.008429261,0.009385296,0.02934662,0.0106421765,0.01633347,0.009974505,0.0106421765,0.009604516,0.009386335,0.0022659514,0.013071061,0.011400814,0.012262593,0.009604523,0.0084293075,0.0,0.009974451,0.0,0.011400814,0.012262593,0.009604523,0.009017749,0.011724226,0.0038090164,0.010642136,0.009974455,0.0,0.011400814,0.0099744955,0.009385426,0.009974495,0.0,0.011400812,0.012262593,0.009604523,0.009017762,0.0,0.003730836,0.010642176,0.011400814,0.011836002,0.011349283,0.007491726,0.0,0.002865442,0.0106421765,0.0054376344,0.009974505,0.0106421765,0.009604519,0.0,0.009974368,0.0018197394,0.009974507,0.003717469,0.009974505,0.010642173,0.0,0.0019326805,0.010641536,0.011400722,0.0118360035,0.011349283,0.0074917134,0.0,0.009972956,0.009974343,0.010254237,0.009691466,0.0,0.013239423,0.04372157,0.009974412,0.010642138,0.0,0.009974496,0.010642173,0.010993795,0.009386194,0.009974505,0.0106421765,0.012600101,0.009974505,0.0106421765,0.01099386,0.0015611642,0.009974504,0.010642177,0.010993896,0.010463712,0.010168778,0.009570841,0.009386474,0.009974505,0.0106421765,0.010993895,0.010463712,0.010168778,0.0095708445,0.009385176,0.0046393885,0.0043142997,0.011400814,0.012262593,0.009604523,0.008429311,0.009386221,0.0010707269,0.0106421765,0.011400814,0.011836002,0.011349283,0.007491726,0.013773447,0.009974507,0.0027537812,0.011400814,0.012262593,0.009604523,0.009017765,0.009385699,0.0030885495,0.0106421765,0.011400814,0.011836002,0.011349283,0.0074914075,0.0075591593,0.009974505,0.0106421765,0.010993895,0.010463712,0.010168778,0.009570786,0.009386435,0.009974505,0.0106421765,0.010993895,0.010463712,0.010168778,0.009570848,0.0,0.009974492,0.010642173,0.010993896,0.010463712,0.010168778,0.009570837,0.0,0.0,0.0106421765,0.011400814,0.011836002,0.011349283,0.0074917353,0.009386358,0.009974505,0.0057682157,0.0022396336,0.009974507,0.009974506,0.0102542415,0.009384779,0.0044085532,0.010642165,0.005227387,0.009974507,0.010642175,0.00960437,0.0093811,0.0,0.009974499,0.010642175,0.010993896,0.0014746084,0.009974472,0.0065602027,0.009974507,0.0049785045,0.011400814,0.012262593,0.009604522,0.009017503,0.009386214,0.0024956549,0.0106421765,0.011400814,0.011836,0.01134926,0.0074892147,0.009385775,0.0029552863,0.0,0.011400814,0.012262593,0.009604523,0.008429316,0.0016310535,0.009974503,0.010642177,0.010993895,0.010463712,0.010168778,0.0095708445,0.00938552,0.009974505,0.010642177,0.0,0.009974504,0.0106421765,0.0109938495,0.009386359,0.0074485703,0.010642173,0.011400802,0.011836002,0.011349283,0.007491658,0.009386303,0.0012193742,0.010642177,0.0114008095,0.011836,0.0113492785,0.007491657,0.00339163,0.009974501,0.009974501,0.010254257,0.009691455,0.0029360438,0.013238087,0.009384848,0.0,0.010642177,0.011400814,0.011836002,0.011349283,0.0074917395,0.009386242,0.0026492858,0.0,0.011400814,0.012262593,0.009604523,0.008429262,0.009383362,0.009974472,0.0,0.011400771,0.012262585,0.009604521,0.009017463,0.0,0.009974503,0.010642177,0.010993896,0.010463712,0.010168778,0.009570846,0.0,0.009974463,0.0,0.011400814,0.012262593,0.009604523,0.009017762,0.003753821,0.0099745,0.010642173,0.010993896,0.010463712,0.010168778,0.009570844,0.009385838,0.009974497,0.010642171,0.0109938895,0.010463712,0.010168778,0.00957083,0.0,0.0,0.0,0.011400814,0.012262593,0.009604523,0.008429298,0.009386485,0.009974505,0.013401823,0.011400814,0.012262593,0.009604523,0.009017728,0.009385951,0.009974503,0.0106421765,0.009604523,0.0,0.011400814,0.012262589,0.0029222358,0.009974505,0.0106421765,0.010993896,0.010463712,0.010168778,0.009570816,0.003985451,0.009974505,0.0106421765,0.010993896,0.010463712,0.010168778,0.009570835,0.0,0.009974481,0.010642175,0.010993896,0.010463712,0.010168778,0.009570772,0.009386055,0.009974505,0.0106421765,0.010993896,0.010463712,0.010168778,0.009570829,0.0016529445,0.001989254,0.0106421765,0.011400814,0.011836002,0.011349283,0.007491726,0.005146192,0.009974505,0.0106421765,0.010993895,0.010463712,0.010168778,0.0095708445,0.009377373,0.009974445,0.010642173,0.010993896,0.010463712,0.010168778,0.009570742
k__Bacteria|p__Firmicutes|c__Erysipelotrichia|o__Erysipelotrichales|f__Erysipelotrichaceae|g__Erysipelatoclostridium|s__Erysipelatoclostridium_ramosum,0.058287583,0.0011056471,0.0010928476,0.0010857198,0.0010956227,0.0011008002,0.0011115043,0.10958019,0.0011056474,0.0010928476,0.0010857198,0.0010956227,0.0011008002,0.0011115042,0.0,0.0,0.0010928606,0.0010776329,0.0010684024,0.0010779845,0.0011470561,0.0011164427,0.0,0.0010928476,0.0010776228,0.001068402,0.0010779845,0.0011470552,0.0,0.0,0.0010928476,0.0010776228,0.001068402,0.0010779845,0.0011470552,0.0011164555,0.0011056473,0.0010928476,0.0010857198,0.0010956227,0.0011008002,0.001111504,0.0,0.0011056473,0.0010928476,0.0010857198,0.0010956227,0.0011008002,0.0011115052,0.0011164556,0.0011056473,0.0010928476,0.0010857198,0.0010956227,0.0011008002,0.001111504,0.0043151923,0.0011056475,0.0010928481,0.00108572,0.0010956227,0.0011008002,0.001111504,0.0,0.0011056474,0.0010928476,0.0010857198,0.0010956227,0.0011008002,0.0011115043,0.0,0.0011056474,0.0,0.0010776228,0.0010594405,0.0011123377,0.0011223023,0.0,0.0011056473,0.0010928476,0.0010857198,0.0010956227,0.0011008002,0.0011115049,0.0,0.0,0.0,0.0010776228,0.0010594405,0.0011123377,0.0011323971,0.0011164504,0.0011056474,0.0,0.0010776228,0.0010594405,0.0011123377,0.0011223065,0.0011164179,0.0,0.0035650085,0.0010776228,0.0010594405,0.0011123377,0.0011323971,0.0011164449,0.0,0.0010928476,0.0,0.0011056473,0.0010928476,0.0011123378,0.0011164539,0.017593417,0.0,0.0010776228,0.0010594405,0.0011123377,0.0011323957,0.072654456,0.0011056482,0.07299887,0.0010776228,0.0010594405,0.0011123377,0.0011223004,0.0,0.0,0.0010928485,0.0011056471,0.023288878,0.0010776228,0.0011056474,0.001116452,0.0011056475,0.0,0.0010776226,0.0010594405,0.0011123377,0.0011223,0.0,0.0,0.0010928477,0.0010776228,0.001068402,0.0010779845,0.0011470556,0.0,0.0,0.0010928476,0.005824413,0.0011056473,0.0010928476,0.0011123377,0.0,0.0011056523,0.0031355491,0.0011056474,0.010575585,0.0011056473,0.0010928476,0.0,0.0,0.0010928594,0.0010776247,0.001068402,0.0010779845,0.0011470558,0.0,0.0011056771,0.0011056507,0.0011001925,0.0011101989,0.0021352023,0.0010376706,0.0,0.001105649,0.0010928481,0.0,0.0011056479,0.0010928474,0.0010857233,0.0011164548,0.0011056473,0.0010928476,0.0,0.0011056473,0.0010928476,0.0010857211,0.0,0.0011056473,0.0010928476,0.0010857198,0.0010956227,0.0011008002,0.0011115042,0.0011164552,0.0011056473,0.0010928476,0.0010857198,0.0010956227,0.0011008002,0.001111504,0.0011164397,0.16444057,0.052729584,0.0010776228,0.0010594405,0.0011123377,0.0011323956,0.0011164503,0.0,0.0010928476,0.0010776228,0.001068402,0.0010779845,0.0011470558,0.0,0.0011056474,0.006563996,0.0010776228,0.0010594405,0.0011123377,0.0011223,0.0011164543,0.0,0.0010928476,0.0010776228,0.001068402,0.0010779845,0.0011470646,0.0,0.0011056473,0.0010928476,0.0010857198,0.0010956227,0.0011008002,0.0011115057,0.0011164543,0.0011056473,0.0010928476,0.0010857198,0.0010956227,0.0011008002,0.001111504,0.0,0.0011056477,0.0010928474,0.0010857198,0.0010956227,0.0011008002,0.0011115043,0.0,0.0,0.0010928476,0.0010776228,0.001068402,0.0010779845,0.0011470552,0.0011164534,0.0011056473,0.0,0.061698265,0.0011056474,0.0011056474,0.0011001928,0.001116442,0.0031438277,0.0010928478,0.039025575,0.0011056474,0.0010928476,0.0011123435,0.0011164144,0.0,0.0011056474,0.0010928474,0.0010857198,0.001126778,0.001105648,0.0,0.0011056472,0.0,0.0010776228,0.0010594405,0.0011123378,0.0011223096,0.0011164531,0.0,0.0010928476,0.0010776228,0.001068402,0.0010779848,0.0011471146,0.0011164566,0.0,0.0,0.0010776228,0.0010594405,0.0011123377,0.0011323957,0.009528027,0.0011056474,0.0010928476,0.0010857198,0.0010956227,0.0011008002,0.0011115042,0.0011164177,0.0011056473,0.0010928474,0.0,0.0011056472,0.0010928476,0.0010857205,0.001116453,0.0,0.0010928474,0.0010776228,0.001068402,0.0010779845,0.0011470575,0.0011164547,0.31873202,0.0010928476,0.0010776224,0.001068402,0.0010779846,0.0011470572,0.0,0.0011056473,0.0011056475,0.0011001922,0.001110199,0.0,0.0010377173,0.001116431,0.0,0.0010928474,0.0010776228,0.001068402,0.0010779845,0.0011470552,0.0011164543,0.0019314985,0.0043942435,0.0010776228,0.0010594405,0.0011123377,0.0011323969,0.0011164141,0.0011056473,0.0,0.0010776233,0.0010594405,0.0011123378,0.001122307,0.11272909,0.0011056473,0.0010928474,0.0010857198,0.0010956227,0.0011008002,0.001111504,0.0,0.0011056489,0.0,0.0010776228,0.0010594405,0.0011123377,0.0011223,0.0,0.0011056474,0.0010928477,0.0010857198,0.0010956227,0.0011008002,0.0011115043,0.001116453,0.0011056473,0.0010928476,0.0010857201,0.0010956227,0.0011008002,0.0011115047,0.0,0.0034703999,0.0023728972,0.0010776228,0.0010594405,0.0011123377,0.0011323965,0.0011164553,0.0011056473,0.0,0.0010776228,0.0010594405,0.0011123377,0.001122301,0.0011164548,0.0011056473,0.0010928476,0.0011123377,0.0,0.0010776228,0.0010594407,0.004552266,0.0011056473,0.0010928476,0.0010857198,0.0010956227,0.0011008002,0.0011115056,0.0032833365,0.0011056473,0.0010928476,0.0010857198,0.0010956227,0.0011008002,0.0011115045,0.0,0.0011056475,0.0010928474,0.0010857198,0.0010956227,0.0011008002,0.001111507,0.0011164498,0.0011056473,0.0010928476,0.0010857198,0.0010956227,0.0011008002,0.0011115045,0.04128786,0.03407653,0.0010928476,0.0010776228,0.001068402,0.0010779845,0.0011470556,0.0,0.0011056473,0.0010928476,0.0010857198,0.0010956227,0.0011008002,0.0011115043,0.0011164892,0.0011056489,0.0010928476,0.0010857198,0.0010956227,0.0011008002,0.0011115075
k__Bacteria|p__Firmicutes|c__Bacilli|o__Lactobacillales|f__Carnobacteriaceae|g__Granulicatella|s__Granulicatella_SGB8255,0.0,0.0010860664,0.0010732195,0.0010664614,0.0010776995,0.001084066,0.0010958916,0.0,0.0010860665,0.0010732195,0.0010664614,0.0010776995,0.001084066,0.0010958916,0.0,0.0,0.0010732416,0.0010579907,0.0010491374,0.0010600052,0.0011309263,0.0010970081,0.0,0.0010732195,0.0010579756,0.001049136,0.0010600052,0.001130925,0.0,0.0018173495,0.0010732195,0.0010579756,0.001049136,0.0010600052,0.001130925,0.0010969419,0.0010860665,0.0010732195,0.0010664614,0.0010776995,0.001084066,0.0010958912,0.0,0.0010860672,0.0010732198,0.0010664614,0.0010776995,0.001084066,0.001095892,0.001096942,0.0010860665,0.0010732195,0.0010664614,0.0010776995,0.001084066,0.0010958915,0.0,0.0010860665,0.0010732203,0.0010664618,0.0010776995,0.001084066,0.0010958927,0.0,0.0010860665,0.0010732195,0.0010664614,0.0010776995,0.001084066,0.0010958916,0.0021106713,0.0010860665,0.0014120573,0.0010579756,0.0010398134,0.0010931881,0.0011045797,0.0013147122,0.0010860665,0.0010732195,0.0010664614,0.0010776995,0.001084066,0.0010958925,0.0,0.0,0.0,0.0010579756,0.0010398134,0.0010931881,0.0011148017,0.0010969605,0.0010860665,0.0,0.0010579756,0.0010398134,0.0010931881,0.0011045913,0.0010970773,0.0,0.0,0.0010579758,0.0010398134,0.0010931881,0.0011148002,0.0010969877,0.0,0.0010732195,0.0010868765,0.0010860665,0.0010732195,0.0010931883,0.0010969479,0.0,0.0015256859,0.0010579756,0.0010398134,0.0010931881,0.0011147979,0.0,0.0010860688,0.0,0.0010579756,0.0010398134,0.0010931881,0.0011045776,0.0013860819,0.0021333962,0.0010732207,0.0010860681,0.0018240424,0.0010579756,0.0010860665,0.001096988,0.001086067,0.0,0.0010579756,0.0010398134,0.0010931881,0.0011045772,0.0,0.0,0.0010732197,0.0010579756,0.001049136,0.0010600052,0.0011309255,0.0,0.0,0.0010732195,0.002477939,0.0010860665,0.0010732195,0.0010931883,0.0,0.0010860735,0.0,0.0010860666,0.0,0.0010860665,0.0010732196,0.0,0.0,0.0010732458,0.0010579805,0.0010491363,0.0010600052,0.0011309264,0.0,0.0010861305,0.0010860733,0.0010809769,0.001092365,0.0,0.0010181202,0.0,0.0010860704,0.001073221,0.0,0.001086067,0.0010732195,0.0010664654,0.0010969536,0.0010860665,0.0010732195,0.001115285,0.0010860665,0.0010732195,0.0010664633,0.0,0.0010860666,0.0010732196,0.0010664614,0.0010776995,0.001084066,0.0010958916,0.0010969415,0.0010860665,0.0010732195,0.0010664614,0.0010776995,0.001084066,0.0010958916,0.001096992,0.0,0.0,0.0010579756,0.0010398134,0.0010931881,0.0011147974,0.0010969519,0.0,0.0010732195,0.0010579756,0.001049136,0.0010600052,0.0011309256,0.0,0.0010860666,0.0015599291,0.0010579756,0.0010398134,0.0010931881,0.001104577,0.001096975,0.0,0.0010732195,0.0010579756,0.001049136,0.0010600052,0.0011309369,0.004467545,0.0010860665,0.0010732195,0.0010664614,0.0010776995,0.001084066,0.0010958941,0.0010969432,0.0010860665,0.0010732195,0.0010664614,0.0010776995,0.001084066,0.0010958912,0.0,0.0010860673,0.0010732195,0.0010664614,0.0010776995,0.001084066,0.0010958916,0.0,0.0,0.0010732195,0.0010579756,0.001049136,0.0010600052,0.0011309254,0.0010969468,0.0010860665,0.0,0.0,0.0010860665,0.0010860665,0.0010809769,0.0010970121,0.0,0.0010732199,0.0016740874,0.0010860666,0.0010732195,0.0010931917,0.0010971504,0.0,0.0010860666,0.0010732195,0.0010664614,0.0,0.0010860676,0.0017157795,0.0010860664,0.0044795247,0.0010579756,0.0010398134,0.001093188,0.0011045852,0.0010969519,0.0,0.0010732195,0.0010579756,0.0010491362,0.0010600057,0.001131025,0.0010969699,0.0,0.012823711,0.0010579756,0.0010398134,0.0010931881,0.0011147972,0.0,0.0010860666,0.0010732196,0.0010664614,0.0010776995,0.001084066,0.0010958916,0.0010969811,0.0010860665,0.0010732195,0.0,0.0010860665,0.0010732195,0.0010664632,0.0010969468,0.0026231844,0.0010732195,0.0010579757,0.001049136,0.0010600052,0.0011309288,0.0010969494,0.0025175125,0.0010732196,0.0010579758,0.0010491363,0.0010600052,0.0011309282,0.0,0.0010860665,0.0010860667,0.0010809761,0.0010923649,0.0025978151,0.0010181766,0.0010970109,0.0,0.0010732195,0.0010579756,0.001049136,0.0010600052,0.0011309248,0.001096953,0.0,0.0,0.0010579756,0.0010398134,0.0010931881,0.0011148007,0.0010970607,0.0010860679,0.0,0.0010579771,0.0010398135,0.0010931881,0.0011045892,0.0,0.0010860666,0.0010732195,0.0010664614,0.0010776995,0.001084066,0.0010958912,0.0,0.0010860681,0.0,0.0010579756,0.0010398134,0.0010931881,0.0011045771,0.0014311563,0.0010860666,0.0010732197,0.0010664614,0.0010776995,0.001084066,0.0010958915,0.0010969689,0.0010860667,0.0010732197,0.0010664619,0.0010776995,0.001084066,0.001095892,0.0,0.0015602339,0.0,0.0010579756,0.0010398134,0.0010931881,0.001114798,0.0010969411,0.0010860665,0.002095774,0.0010579756,0.0010398134,0.0010931881,0.0011045786,0.001096966,0.0010860666,0.0010732195,0.0010931881,0.0,0.0010579756,0.0010398135,0.00097465527,0.0010860665,0.0010732195,0.0010664617,0.0010776995,0.001084066,0.0010958929,0.0,0.0010860665,0.0010732195,0.0010664614,0.0010776995,0.001084066,0.0010958919,0.0029688722,0.0010860674,0.0010732195,0.0010664614,0.0010776995,0.001084066,0.0010958953,0.0010969593,0.0010860665,0.0010732195,0.0010664614,0.0010776995,0.001084066,0.0010958924,0.0015220041,0.0014773946,0.0010732195,0.0010579756,0.001049136,0.0010600052,0.0011309257,0.0018833707,0.0010860665,0.0010732195,0.0010664614,0.0010776995,0.001084066,0.0010958912,0.0010973247,0.001086069,0.0010732197,0.0010664617,0.0010776995,0.001084066,0.0010958966
k__Bacteria|p__Proteobacteria|c__Alphaproteobacteria|o__Hyphomicrobiales|f__Brucellaceae|g__Brucella|s__Brucella_anthropi,0.0,0.001058336,0.0010447038,0.001037392,0.001048602,0.0010547751,0.0010668703,0.0,0.0010583362,0.0010447038,0.001037392,0.001048602,0.0010547751,0.0010668703,0.0,0.0,0.0010447104,0.0010286801,0.0010192614,0.001029985,0.0011056981,0.001069994,0.0,0.0010447038,0.0010286757,0.001019261,0.001029985,0.001105698,0.0,0.0,0.0010447038,0.0010286757,0.001019261,0.001029985,0.0011056978,0.0010699838,0.0010583362,0.0010447038,0.001037392,0.001048602,0.0010547751,0.0010668703,0.0,0.0010583363,0.0010447039,0.001037392,0.001048602,0.0010547751,0.0010668708,0.001069984,0.0010583362,0.0010447038,0.001037392,0.001048602,0.0010547751,0.0010668704,0.0,0.0010583363,0.001044704,0.0010373921,0.001048602,0.0010547751,0.0010668708,0.0,0.0010583362,0.0010447038,0.001037392,0.001048602,0.0010547751,0.0010668703,0.0,0.0010583362,0.0,0.0010286757,0.0010097506,0.0010657539,0.0010773459,0.0,0.0010583362,0.0010447038,0.001037392,0.001048602,0.0010547751,0.0010668709,0.0,0.0,0.0,0.0010286757,0.0010097506,0.0010657539,0.0010884741,0.0010699868,0.0010583362,0.0,0.0010286757,0.0010097506,0.0010657539,0.001077349,0.0010700185,0.0,0.0,0.0010286758,0.0010097506,0.0010657539,0.0010884736,0.001069994,0.0,0.0010447038,0.0,0.0010583362,0.0010447038,0.0010657541,0.0010699856,0.0,0.0,0.0010286757,0.0010097506,0.0010657539,0.0010884725,0.0,0.0010583366,0.0,0.0010286757,0.0010097506,0.0010657539,0.0010773451,0.0,0.0,0.0010447043,0.0010583367,0.0,0.0010286757,0.0010583363,0.0010699967,0.0010583363,0.0,0.0010286756,0.0010097506,0.0010657539,0.0010773451,0.0,0.0,0.0010447039,0.0010286757,0.001019261,0.001029985,0.001105698,0.0,0.0,0.0010447038,0.0,0.0010583362,0.0010447038,0.0010657537,0.0,0.0010583377,0.0,0.0010583363,0.0,0.0010583362,0.0010447039,0.0,0.0,0.001044711,0.0010286768,0.0010192611,0.001029985,0.001105698,0.0,0.0010583483,0.0010583374,0.0010527262,0.0010642036,0.0,0.000987331,0.0,0.0010583372,0.0010447039,0.0,0.0010583363,0.0010447038,0.0010373933,0.0010699857,0.0010583362,0.0010447038,0.0,0.0010583362,0.0010447038,0.0010373926,0.0,0.0010583362,0.0010447039,0.001037392,0.001048602,0.0010547751,0.0010668704,0.0010699839,0.0010583362,0.0010447038,0.001037392,0.001048602,0.0010547751,0.0010668703,0.0010699966,0.0,0.0,0.0010286757,0.0010097506,0.0010657539,0.0010884725,0.0010699863,0.0,0.0010447038,0.0010286757,0.001019261,0.001029985,0.0011056978,0.0,0.0010583363,0.0,0.0010286757,0.0010097506,0.0010657539,0.0010773451,0.0010699889,0.0,0.0010447038,0.0010286757,0.001019261,0.001029985,0.0011057011,0.0,0.0010583362,0.0010447038,0.001037392,0.001048602,0.0010547751,0.0010668713,0.0010699843,0.0010583362,0.0010447038,0.001037392,0.001048602,0.0010547751,0.0010668703,0.0,0.0010583366,0.0010447038,0.001037392,0.001048602,0.0010547751,0.0010668703,0.0,0.0,0.0010447038,0.0010286757,0.001019261,0.001029985,0.001105698,0.0010699846,0.0010583362,0.0,0.0,0.0010583363,0.0010583362,0.0010527266,0.0010699964,0.0,0.0010447039,0.0,0.0010583363,0.0010447038,0.0010657561,0.0010700381,0.0,0.0010583362,0.0010447038,0.001037392,0.0,0.0010583368,0.0,0.0010583361,0.0,0.0010286757,0.0010097506,0.0010657537,0.0010773476,0.0010699866,0.0,0.0010447038,0.0010286757,0.0010192611,0.0010299854,0.0011057311,0.0010699907,0.0,0.0,0.0010286757,0.0010097506,0.0010657539,0.0010884724,0.0,0.0010583363,0.0010447039,0.001037392,0.001048602,0.0010547751,0.0010668703,0.0010699799,0.0010583363,0.0010447038,0.0,0.0010583361,0.0010447038,0.0010373924,0.001069985,0.0,0.0010447038,0.0010286757,0.001019261,0.001029985,0.0011056992,0.0010699852,0.0,0.0010447039,0.0010286757,0.0010192611,0.0010299851,0.0011056988,0.0,0.0010583363,0.0010583363,0.0010527262,0.0010642036,0.0,0.0009873594,0.0010699988,0.0,0.0010447038,0.0010286757,0.001019261,0.001029985,0.0011056978,0.0010699861,0.0,0.0,0.0010286757,0.0010097506,0.0010657539,0.0010884741,0.001070011,0.0010583366,0.0,0.0010286764,0.0010097506,0.0010657539,0.0010773493,0.0,0.0010583361,0.0010447038,0.001037392,0.001048602,0.0010547751,0.0010668703,0.0,0.0010583366,0.0,0.0010286757,0.0010097506,0.0010657539,0.0010773451,0.0,0.0010583362,0.0010447039,0.001037392,0.001048602,0.0010547751,0.0010668704,0.0010699903,0.0010583361,0.0010447038,0.0010373918,0.001048602,0.0010547751,0.0010668705,0.0,0.0,0.0,0.0010286757,0.0010097506,0.0010657539,0.0010884728,0.0010699837,0.0010583362,0.0,0.0010286757,0.0010097506,0.0010657539,0.0010773456,0.0010699884,0.0010583361,0.0010447038,0.0010657539,0.0,0.0010286757,0.0010097509,0.0,0.0010583362,0.0010447038,0.001037392,0.001048602,0.0010547751,0.0010668709,0.0,0.0010583362,0.0010447038,0.001037392,0.001048602,0.0010547751,0.0010668704,0.0,0.0010583363,0.0010447038,0.001037392,0.001048602,0.0010547751,0.0010668715,0.0010699878,0.0010583362,0.0010447038,0.001037392,0.001048602,0.0010547751,0.0010668706,0.0,0.0,0.0010447038,0.0010286757,0.001019261,0.001029985,0.0011056982,0.0,0.0010583362,0.0010447038,0.001037392,0.001048602,0.0010547751,0.0010668703,0.0010700695,0.0010583369,0.0010447038,0.0010373921,0.001048602,0.0010547751,0.0010668719
k__Bacteria|p__Proteobacteria|c__Betaproteobacteria|o__Burkholderiales|f__Sutterellaceae|g__Dakarella|s__Dakarella_massiliensis,0.0,0.0010610726,0.0010474221,0.001040025,0.0010509954,0.0010569486,0.0010688514,0.0,0.0010610727,0.0010474221,0.001040025,0.0010509954,0.0010569486,0.0010688513,0.0,0.0,0.0010474304,0.0010313756,0.0010218679,0.0010323571,0.0011078964,0.0010727597,0.0,0.0010474221,0.0010313701,0.0010218674,0.0010323571,0.0011078955,0.0,0.0,0.0010474221,0.0010313701,0.0010218674,0.0010323571,0.0011078954,0.0010727351,0.0010610726,0.0010474221,0.001040025,0.0010509954,0.0010569486,0.0010688511,0.0,0.0010610732,0.0010474221,0.001040025,0.0010509954,0.0010569486,0.0010688525,0.001072735,0.0010610726,0.0010474221,0.001040025,0.0010509954,0.0010569486,0.0010688513,0.0,0.001061073,0.0010474225,0.0010400251,0.0010509954,0.0010569486,0.0010688523,0.0,0.0010610727,0.0010474221,0.001040025,0.0010509954,0.0010569486,0.0010688512,0.0,0.0010610727,0.0,0.0010313701,0.0010124143,0.0010684232,0.0010797669,0.0,0.0010610726,0.0010474221,0.001040025,0.0010509954,0.0010569486,0.0010688521,0.0,0.0,0.0,0.0010313701,0.0010124149,0.0010684232,0.0010909021,0.0010727427,0.0010610727,0.0,0.0010313701,0.0010124149,0.0010684232,0.0010797731,0.0010727879,0.0,0.0,0.0010313704,0.0010124149,0.0010684232,0.001090902,0.0010727544,0.0,0.0010474221,0.0,0.0010610726,0.0010474221,0.0010684234,0.0010727375,0.0,0.0,0.0010313701,0.0010124143,0.0010684232,0.0010908998,0.0,0.0010610734,0.0,0.0010313701,0.0010124143,0.0010684232,0.0010797653,0.0,0.0,0.0010474226,0.0010610733,0.0,0.0010313701,0.0010610733,0.0010727503,0.0010610728,0.0,0.0010313703,0.0010124143,0.0010684232,0.0010797646,0.0,0.0,0.0010474221,0.0010313701,0.0010218674,0.0010323571,0.0011078959,0.0,0.0,0.0010474221,0.0,0.0010610726,0.0010474221,0.0010684234,0.0,0.0010610746,0.0,0.0010610728,0.0,0.0010610726,0.0010474221,0.0,0.0,0.0010474264,0.0010313712,0.0010218675,0.0010323571,0.0011078961,0.0,0.0010610895,0.0010610748,0.0010553799,0.0010666122,0.0,0.0009899635,0.0,0.001061074,0.0010474224,0.0,0.0010610728,0.0010474221,0.0010400284,0.0010727387,0.0010610726,0.0010474221,0.0,0.0010610726,0.0010474221,0.0010400267,0.0,0.0010610728,0.0010474221,0.001040025,0.0010509954,0.0010569486,0.0010688514,0.0010727348,0.0010610726,0.0010474221,0.001040025,0.0010509954,0.0010569486,0.0010688513,0.0010727576,0.0,0.0,0.0010313701,0.0010124143,0.0010684232,0.0010908995,0.001072738,0.0,0.0010474221,0.0010313701,0.0010218674,0.0010323571,0.0011078956,0.0,0.0010610728,0.0,0.0010313701,0.0010124143,0.0010684232,0.0010797644,0.0010727476,0.0,0.0010474221,0.0010313701,0.0010218674,0.0010323571,0.0011079051,0.0,0.0010610726,0.0010474221,0.001040025,0.0010509954,0.0010569486,0.0010688537,0.0010727353,0.0010610726,0.0010474221,0.001040025,0.0010509954,0.0010569486,0.0010688511,0.0,0.0010610729,0.0010474221,0.001040025,0.0010509954,0.0010569486,0.0010688514,0.0,0.0,0.0010474221,0.0010313701,0.0010218674,0.0010323571,0.0011078959,0.001072737,0.0010610726,0.0,0.0,0.0010610728,0.0010610727,0.0010553808,0.0010727651,0.0,0.0010474221,0.0,0.0010610728,0.0010474221,0.0010684285,0.0010728218,0.0,0.0010610728,0.0010474221,0.001040025,0.0,0.0010610741,0.0,0.0010610726,0.0,0.0010313701,0.0010124149,0.001068423,0.0010797738,0.0010727396,0.0,0.0010474221,0.0010313701,0.0010218675,0.0010323577,0.0011079648,0.0010727453,0.0,0.0,0.0010313701,0.0010124143,0.0010684232,0.0010908993,0.0,0.0010610728,0.0010474221,0.001040025,0.0010509954,0.0010569486,0.0010688513,0.0010727473,0.0010610727,0.0010474221,0.0,0.0010610727,0.0010474221,0.001040026,0.001072737,0.0,0.0010474221,0.0010313705,0.0010218674,0.0010323571,0.0011078989,0.001072738,0.0,0.0010474221,0.0010313704,0.0010218675,0.0010323572,0.0011078984,0.0,0.0010610727,0.0010610728,0.0010553799,0.0010666123,0.0,0.0009900047,0.0010727618,0.0,0.0010474221,0.0010313701,0.0010218674,0.0010323571,0.0011078954,0.0010727397,0.0,0.0,0.0010313701,0.0010124149,0.0010684232,0.0010909018,0.0010727813,0.0010610733,0.0,0.001031371,0.0010124149,0.0010684233,0.0010797742,0.0,0.0010610727,0.0010474221,0.001040025,0.0010509954,0.0010569486,0.0010688511,0.0,0.0010610733,0.0,0.0010313701,0.0010124143,0.0010684232,0.0010797644,0.0,0.0010610728,0.0010474221,0.001040025,0.0010509954,0.0010569486,0.0010688513,0.0010727487,0.0010610727,0.0010474221,0.001040025,0.0010509954,0.0010569486,0.0010688518,0.0,0.0,0.0,0.0010313701,0.0010124143,0.0010684232,0.0010909004,0.0010727347,0.0010610726,0.0,0.0010313701,0.0010124143,0.0010684232,0.0010797661,0.0010727447,0.0010610727,0.0010474221,0.0010684232,0.0,0.0010313701,0.0010124149,0.0,0.0010610726,0.0010474221,0.001040025,0.0010509954,0.0010569486,0.0010688526,0.0,0.0010610726,0.0010474221,0.001040025,0.0010509954,0.0010569486,0.0010688514,0.0,0.0010610729,0.0010474221,0.001040025,0.0010509954,0.0010569486,0.0010688546,0.0010727408,0.0010610726,0.0010474221,0.001040025,0.0010509954,0.0010569486,0.0010688519,0.0,0.0,0.0010474221,0.0010313701,0.0010218674,0.0010323571,0.0011078961,0.0,0.0010610726,0.0010474221,0.001040025,0.0010509954,0.0010569486,0.0010688512,0.0010728765,0.0010610737,0.0010474221,0.001040025,0.0010509954,0.0010569486,0.0010688553
k__Bacteria|p__Proteobacteria|c__Alphaproteobacteria|o__Hyphomicrobiales|f__Rhizobiaceae|g__Rhizobium|s__Rhizobium_pusense,0.0,0.0010588537,0.0010451474,0.0010377163,0.0010487003,0.0010546542,0.0010665888,0.0,0.0010588538,0.0010451474,0.0010377163,0.0010487003,0.0010546542,0.0010665887,0.0,0.0,0.0010451722,0.0010290573,0.0010195037,0.0010299972,0.0011058945,0.001070611,0.0,0.0010451474,0.0010290409,0.0010195025,0.0010299972,0.0011058935,0.0,0.0,0.0010451474,0.0010290409,0.0010195025,0.0010299972,0.0011058936,0.0010705714,0.0010588538,0.0010451474,0.0010377163,0.0010487003,0.0010546542,0.0010665887,0.0,0.0010588546,0.0010451478,0.0010377163,0.0010487003,0.0010546542,0.0010665893,0.0010705712,0.0010588538,0.0010451474,0.0010377163,0.0010487003,0.0010546542,0.0010665888,0.0,0.0010588542,0.0010451486,0.0010377165,0.0010487003,0.0010546542,0.0010665894,0.0,0.0010588538,0.0010451474,0.0010377163,0.0010487003,0.0010546542,0.0010665888,0.0,0.0010588538,0.0,0.0010290409,0.0010100328,0.0010662301,0.001077605,0.0,0.0010588538,0.0010451474,0.0010377163,0.0010487003,0.0010546542,0.0010665893,0.0,0.0,0.0,0.0010290409,0.0010100328,0.0010662301,0.0010888051,0.0010705814,0.0010588538,0.0,0.0010290409,0.0010100328,0.0010662301,0.0010776148,0.0010706675,0.0,0.0,0.0010290412,0.0010100328,0.0010662301,0.001088804,0.0010706002,0.0,0.0010451474,0.0,0.0010588538,0.0010451474,0.0010662301,0.0010705751,0.0,0.0,0.0010290409,0.0010100328,0.0010662301,0.0010888027,0.0,0.0010588566,0.0,0.0010290412,0.0010100328,0.0010662301,0.0010776031,0.0,0.0,0.0010451487,0.0010588563,0.0,0.0010290409,0.0010588539,0.0010706051,0.0010588542,0.0,0.0010290409,0.0010100328,0.0010662301,0.0010776025,0.0,0.0,0.0010451478,0.0010290409,0.0010195025,0.0010299972,0.0011058939,0.0,0.0,0.0010451474,0.0,0.0010588538,0.0010451474,0.00106623,0.0,0.0010588603,0.0,0.0010588539,0.0,0.0010588538,0.0010451475,0.0,0.0,0.0010451779,0.0010290459,0.0010195026,0.0010299972,0.0011058943,0.0,0.0010589231,0.0010588618,0.0010531297,0.001064384,0.0,0.0009875363,0.0,0.0010588578,0.0010451492,0.0,0.0010588545,0.0010451478,0.00103772,0.0010705788,0.0010588538,0.0010451474,0.0,0.0010588538,0.0010451474,0.0010377177,0.0,0.0010588539,0.0010451475,0.0010377163,0.0010487003,0.0010546542,0.0010665888,0.0010705708,0.0010588538,0.0010451474,0.0010377163,0.0010487003,0.0010546542,0.0010665888,0.0010706045,0.0,0.0,0.0010290409,0.0010100328,0.0010662301,0.0010888026,0.0010705803,0.0,0.0010451474,0.0010290409,0.0010195025,0.0010299972,0.0011058938,0.0,0.0010588539,0.0,0.0010290409,0.0010100328,0.0010662301,0.0010776025,0.0010705931,0.0,0.0010451474,0.0010290409,0.0010195025,0.0010299972,0.0011059052,0.0,0.0010588538,0.0010451474,0.0010377163,0.0010487003,0.0010546542,0.0010665902,0.0010705718,0.0010588538,0.0010451474,0.0010377163,0.0010487003,0.0010546542,0.0010665887,0.0,0.0010588546,0.0010451478,0.0010377163,0.0010487003,0.0010546542,0.0010665891,0.0,0.0,0.0010451474,0.0010290409,0.0010195025,0.0010299972,0.0011058936,0.0010705731,0.0010588538,0.0,0.0,0.0010588539,0.0010588538,0.001053129,0.0010706114,0.0,0.0010451478,0.0,0.0010588539,0.0010451474,0.001066234,0.0010707148,0.0,0.0010588542,0.0010451474,0.0010377163,0.0,0.0010588544,0.0,0.0010588537,0.0,0.0010290409,0.0010100328,0.00106623,0.0010776111,0.0010705783,0.0,0.0010451474,0.0010290409,0.0010195026,0.0010299977,0.0011059835,0.0010705929,0.0,0.0,0.0010290409,0.0010100328,0.0010662301,0.0010888026,0.0,0.0010588539,0.0010451475,0.0010377163,0.0010487003,0.0010546542,0.0010665887,0.0010705651,0.0010588538,0.0010451474,0.0,0.0010588537,0.0010451474,0.0010377179,0.0010705744,0.0,0.0010451474,0.001029041,0.0010195025,0.0010299972,0.001105896,0.0010705757,0.0,0.0010451475,0.0010290412,0.0010195026,0.0010299971,0.0011058965,0.0,0.0010588542,0.0010588543,0.0010531289,0.0010643839,0.0,0.0009875854,0.0010706112,0.0,0.0010451474,0.0010290409,0.0010195025,0.0010299972,0.0011058936,0.0010705767,0.0,0.0,0.0010290409,0.0010100328,0.0010662301,0.0010888044,0.0010706569,0.0010588554,0.0,0.0010290428,0.0010100335,0.0010662301,0.0010776117,0.0,0.0010588538,0.0010451474,0.0010377163,0.0010487003,0.0010546542,0.0010665887,0.0,0.0010588557,0.0,0.0010290409,0.0010100328,0.0010662301,0.0010776026,0.0,0.0010588539,0.0010451478,0.0010377163,0.0010487003,0.0010546542,0.0010665889,0.0010705903,0.001058854,0.0010451478,0.0010377166,0.0010487003,0.0010546542,0.0010665891,0.0,0.0,0.0,0.0010290409,0.0010100328,0.0010662301,0.0010888029,0.0010705707,0.0010588538,0.0,0.0010290409,0.0010100328,0.0010662301,0.0010776038,0.0010705852,0.0010588538,0.0010451474,0.0010662301,0.0,0.0010290409,0.001010033,0.0,0.0010588538,0.0010451474,0.0010377163,0.0010487003,0.0010546542,0.0010665898,0.0,0.0010588538,0.0010451474,0.0010377163,0.0010487003,0.0010546542,0.0010665891,0.0,0.0010588551,0.0010451474,0.0010377163,0.0010487003,0.0010546542,0.0010665917,0.0010705846,0.0010588538,0.0010451474,0.0010377163,0.0010487003,0.0010546542,0.0010665894,0.0,0.0,0.0010451474,0.0010290409,0.0010195025,0.0010299972,0.0011058942,0.0,0.0010588538,0.0010451474,0.0010377163,0.0010487003,0.0010546542,0.0010665888,0.0010708142,0.0010588564,0.0010451478,0.0010377163,0.0010487003,0.0010546542,0.0010665922
k__Bacteria|p__Proteobacteria|c__Betaproteobacteria|o__Neisseriales|f__Neisseriaceae|g__Eikenella|s__Eikenella_halliae,0.0,0.0010593408,0.0010455527,0.0010379907,0.0010487295,0.0010544456,0.001066207,0.0,0.0010593409,0.0010455527,0.0010379907,0.0010487295,0.0010544456,0.0010662073,0.0,0.0,0.0010455458,0.0010293544,0.0010196848,0.0010299305,0.0011060373,0.0010711381,0.0,0.0010455525,0.001029359,0.0010196851,0.0010299305,0.001106038,0.0,0.0,0.0010455525,0.001029359,0.0010196851,0.0010299305,0.001106038,0.0010711346,0.0010593409,0.0010455527,0.0010379907,0.0010487295,0.0010544456,0.0010662071,0.0,0.0010593404,0.0010455525,0.0010379907,0.0010487295,0.0010544456,0.0010662071,0.0010711349,0.0010593409,0.0010455527,0.0010379907,0.0010487295,0.0010544456,0.0010662072,0.0,0.0010593408,0.0010455523,0.0010379906,0.0010487295,0.0010544456,0.0010662073,0.0,0.0010593409,0.0010455527,0.0010379907,0.0010487295,0.0010544456,0.0010662071,0.0,0.0010593409,0.0,0.001029359,0.0010102588,0.0010666731,0.0010778079,0.0,0.0010593409,0.0010455527,0.0010379903,0.0010487295,0.0010544456,0.0010662071,0.0,0.0,0.0,0.001029359,0.0010102588,0.0010666731,0.0010890891,0.0010711357,0.0010593409,0.0,0.001029359,0.0010102588,0.0010666731,0.0010778046,0.0010711306,0.0,0.0,0.0010293591,0.0010102588,0.0010666731,0.0010890893,0.001071136,0.0,0.0010455527,0.0,0.0010593409,0.0010455527,0.0010666727,0.0010711338,0.0,0.0,0.001029359,0.0010102588,0.0010666731,0.0010890901,0.0,0.0010593398,0.0,0.001029359,0.0010102588,0.0010666731,0.0010778087,0.0,0.0,0.001045552,0.0010593402,0.0,0.001029359,0.0010593409,0.0010711278,0.0010593408,0.0,0.0010293588,0.0010102588,0.0010666731,0.0010778091,0.0,0.0,0.0010455525,0.001029359,0.0010196851,0.0010299305,0.0011060375,0.0,0.0,0.0010455527,0.0,0.0010593409,0.0010455527,0.0010666727,0.0,0.0010593382,0.0,0.001059341,0.0,0.0010593409,0.0010455527,0.0,0.0,0.0010455428,0.0010293572,0.0010196851,0.0010299305,0.0011060373,0.0,0.0010593154,0.0010593379,0.0010534893,0.0010645041,0.0,0.0009876465,0.0,0.0010593394,0.001045552,0.0,0.0010593409,0.0010455524,0.0010379895,0.0010711348,0.0010593409,0.0010455527,0.0,0.0010593409,0.0010455527,0.0010379903,0.0,0.001059341,0.0010455527,0.0010379903,0.0010487295,0.0010544456,0.0010662072,0.001071135,0.0010593409,0.0010455527,0.0010379907,0.0010487295,0.0010544456,0.0010662071,0.0010711312,0.0,0.0,0.001029359,0.0010102588,0.0010666731,0.00108909,0.0010711323,0.0,0.0010455527,0.001029359,0.0010196851,0.0010299305,0.0011060378,0.0,0.001059341,0.0,0.001029359,0.0010102588,0.0010666731,0.0010778087,0.0010711334,0.0,0.0010455527,0.001029359,0.0010196851,0.0010299305,0.0011060318,0.0,0.0010593409,0.0010455527,0.0010379907,0.0010487295,0.0010544456,0.0010662067,0.0010711354,0.0010593409,0.0010455527,0.0010379907,0.0010487295,0.0010544456,0.0010662071,0.0,0.0010593408,0.0010455524,0.0010379903,0.0010487295,0.0010544456,0.001066207,0.0,0.0,0.0010455527,0.001029359,0.0010196851,0.0010299305,0.001106038,0.0010711355,0.0010593409,0.0,0.0,0.001059341,0.0010593409,0.0010534896,0.0010711376,0.0,0.0010455524,0.0,0.001059341,0.0010455527,0.001066672,0.0010711404,0.0,0.0010593408,0.0010455524,0.0010379903,0.0,0.0010593408,0.0,0.0010593408,0.0,0.001029359,0.0010102588,0.001066673,0.0010778063,0.0010711341,0.0,0.0010455527,0.001029359,0.0010196851,0.0010299307,0.0011059956,0.0010711305,0.0,0.0,0.001029359,0.0010102588,0.0010666731,0.0010890904,0.0,0.001059341,0.0010455527,0.0010379907,0.0010487295,0.0010544456,0.0010662073,0.0010711731,0.0010593409,0.0010455528,0.0,0.0010593409,0.0010455527,0.0010379903,0.0010711342,0.0,0.0010455524,0.0010293587,0.0010196851,0.0010299305,0.0011060366,0.001071134,0.0,0.0010455527,0.001029359,0.0010196851,0.0010299308,0.0011060362,0.0,0.0010593409,0.0010593408,0.0010534897,0.0010645038,0.0,0.0009876499,0.0010711324,0.0,0.0010455524,0.001029359,0.0010196851,0.0010299305,0.001106038,0.001071135,0.0,0.0,0.001029359,0.0010102588,0.0010666731,0.0010890898,0.0010711369,0.0010593401,0.0,0.0010293585,0.0010102582,0.0010666727,0.0010778053,0.0,0.001059341,0.0010455524,0.0010379903,0.0010487295,0.0010544456,0.0010662071,0.0,0.0010593402,0.0,0.001029359,0.0010102588,0.0010666731,0.0010778087,0.0,0.001059341,0.0010455525,0.0010379903,0.0010487295,0.0010544456,0.0010662072,0.0010711313,0.0010593407,0.0010455525,0.0010379907,0.0010487295,0.0010544456,0.0010662071,0.0,0.0,0.0,0.001029359,0.0010102588,0.0010666731,0.00108909,0.0010711349,0.0010593409,0.0,0.001029359,0.0010102588,0.0010666731,0.0010778084,0.0010711323,0.001059341,0.0010455527,0.0010666731,0.0,0.001029359,0.0010102589,0.0,0.0010593409,0.0010455527,0.0010379903,0.0010487295,0.0010544456,0.0010662067,0.0,0.0010593409,0.0010455525,0.0010379903,0.0010487295,0.0010544456,0.001066207,0.0,0.0010593403,0.0010455524,0.0010379903,0.0010487295,0.0010544456,0.0010662064,0.0010711314,0.0010593409,0.0010455527,0.0010379903,0.0010487295,0.0010544456,0.0010662068,0.0,0.0,0.0010455527,0.001029359,0.0010196851,0.0010299305,0.001106038,0.0,0.0010593409,0.0010455527,0.0010379907,0.0010487295,0.0010544456,0.0010662071,0.0010711716,0.00105934,0.0010455525,0.0010379904,0.0010487295,0.0010544456,0.0010662065
k__Bacteria|p__Proteobacteria|c__Epsilonproteobacteria|o__Campylobacterales|f__Campylobacteraceae|g__Campylobacter|s__Campylobacter_hominis,0.0,0.0010578947,0.0010442588,0.0010369514,0.0010481835,0.0010543758,0.0010664912,0.0,0.0010578947,0.0010442588,0.0010369514,0.0010481835,0.0010543758,0.001066491,0.0,0.0,0.001044271,0.0010282341,0.0010188185,0.0010295626,0.0011053248,0.001069619,0.0,0.0010442588,0.0010282279,0.0010188177,0.0010295626,0.0011053234,0.0,0.0,0.0010442588,0.0010282279,0.0010188177,0.0010295626,0.0011053231,0.001069547,0.0010578947,0.0010442588,0.0010369514,0.0010481835,0.0010543758,0.0010664909,0.0,0.0010578955,0.0010442589,0.0010369514,0.0010481835,0.0010543758,0.0010664924,0.0010695469,0.0010578947,0.0010442588,0.0010369514,0.0010481835,0.0010543758,0.0010664911,0.0,0.0010578948,0.0010442599,0.0010369514,0.0010481835,0.0010543758,0.0010664919,0.0,0.0010578947,0.0010442588,0.0010369514,0.0010481835,0.0010543758,0.0010664909,0.0,0.0010578947,0.0,0.0010282279,0.0010093006,0.0010653207,0.0010769399,0.0,0.0010578947,0.0010442588,0.0010369513,0.0010481835,0.0010543758,0.0010664922,0.0,0.0,0.0,0.0010282279,0.0010093006,0.0010653207,0.0010880738,0.0010695696,0.0010578947,0.0,0.0010282279,0.0010093006,0.0010653207,0.001076954,0.0010697225,0.0,0.0,0.0010282281,0.0010093006,0.0010653207,0.0010880724,0.0010696026,0.0,0.0010442588,0.0,0.0010578947,0.0010442588,0.0010653208,0.0010695539,0.0,0.0,0.0010282279,0.0010093006,0.0010653207,0.0010880695,0.0,0.0010578964,0.0,0.0010282279,0.0010093006,0.0010653207,0.0010769375,0.0,0.0,0.0010442595,0.0010578966,0.0,0.0010282279,0.0010578951,0.0010695858,0.0010578948,0.0,0.0010282279,0.0010093006,0.0010653207,0.0010769366,0.0,0.0,0.0010442589,0.0010282279,0.0010188177,0.0010295626,0.001105324,0.0,0.0,0.0010442588,0.0,0.0010578947,0.0010442588,0.0010653209,0.0,0.0010578976,0.0,0.0010578948,0.0,0.0010578947,0.0010442589,0.0,0.0,0.0010442715,0.0010282301,0.0010188175,0.0010295626,0.0011053248,0.0,0.0010579313,0.0010578986,0.0010522894,0.0010637902,0.0,0.0009868942,0.0,0.0010578977,0.0010442596,0.0,0.0010578949,0.0010442587,0.0010369559,0.0010695575,0.0010578947,0.0010442588,0.0,0.0010578947,0.0010442588,0.0010369534,0.0,0.0010578949,0.0010442589,0.0010369513,0.0010481835,0.0010543758,0.0010664911,0.0010695468,0.0010578947,0.0010442588,0.0010369514,0.0010481835,0.0010543758,0.0010664909,0.0010696099,0.0,0.0,0.0010282279,0.0010093006,0.0010653207,0.0010880694,0.0010695593,0.0,0.0010442588,0.0010282279,0.0010188177,0.0010295626,0.0011053238,0.0,0.0010578948,0.0,0.0010282279,0.0010093006,0.0010653207,0.0010769364,0.0010695831,0.0,0.0010442588,0.0010282279,0.0010188177,0.0010295626,0.0011053412,0.0,0.0010578947,0.0010442588,0.0010369514,0.0010481835,0.0010543758,0.0010664944,0.0010695485,0.0010578947,0.0010442588,0.0010369514,0.0010481835,0.0010543758,0.0010664909,0.0,0.0010578952,0.0010442587,0.0010369513,0.0010481835,0.0010543758,0.0010664912,0.0,0.0,0.0010442588,0.0010282279,0.0010188177,0.0010295626,0.0011053234,0.001069552,0.0010578947,0.0,0.0,0.0010578948,0.0010578947,0.0010522899,0.0010696233,0.0,0.0010442588,0.0,0.0010578948,0.0010442588,0.0010653274,0.001069812,0.0,0.0010578948,0.0010442587,0.0010369513,0.0,0.0010578961,0.0,0.0010578946,0.0,0.0010282279,0.0010093006,0.0010653207,0.0010769494,0.0010695581,0.0,0.0010442588,0.0010282279,0.0010188175,0.0010295636,0.001105462,0.0010695736,0.0,0.0,0.0010282279,0.0010093006,0.0010653207,0.0010880689,0.0,0.0010578948,0.0010442589,0.0010369514,0.0010481835,0.0010543758,0.001066491,0.001069592,0.0010578947,0.0010442587,0.0,0.0010578947,0.0010442588,0.0010369528,0.0010695534,0.0,0.0010442587,0.001028228,0.0010188177,0.0010295626,0.0011053281,0.0010695544,0.0,0.0010442589,0.0010282279,0.0010188175,0.0010295626,0.0011053281,0.0,0.0010578947,0.0010578949,0.001052289,0.00106379,0.0,0.0009869476,0.0010696279,0.0,0.0010442587,0.0010282279,0.0010188177,0.0010295626,0.0011053231,0.001069558,0.0,0.0,0.0010282279,0.0010093006,0.0010653207,0.0010880725,0.0010697002,0.0010578963,0.0,0.0010282294,0.0010093012,0.0010653208,0.0010769522,0.0,0.0010578948,0.0010442587,0.0010369513,0.0010481835,0.0010543758,0.0010664909,0.0,0.0010578954,0.0,0.0010282279,0.0010093006,0.0010653207,0.0010769364,0.0,0.0010578948,0.0010442589,0.0010369513,0.0010481835,0.0010543758,0.0010664909,0.0010695808,0.0010578947,0.0010442592,0.0010369514,0.0010481835,0.0010543758,0.0010664918,0.0,0.0,0.0,0.0010282279,0.0010093006,0.0010653207,0.0010880701,0.0010695461,0.0010578947,0.0,0.0010282279,0.0010093006,0.0010653207,0.0010769387,0.0010695697,0.0010578948,0.0010442588,0.0010653207,0.0,0.0010282279,0.0010093007,0.0,0.0010578947,0.0010442588,0.0010369513,0.0010481835,0.0010543758,0.0010664929,0.0,0.0010578947,0.0010442588,0.0010369513,0.0010481835,0.0010543758,0.0010664915,0.0,0.0010578956,0.0010442587,0.0010369513,0.0010481835,0.0010543758,0.0010664953,0.0010695676,0.0010578947,0.0010442588,0.0010369513,0.0010481835,0.0010543758,0.0010664919,0.0,0.0,0.0010442588,0.0010282279,0.0010188177,0.0010295626,0.0011053242,0.0,0.0010578947,0.0010442588,0.0010369514,0.0010481835,0.0010543758,0.0010664909,0.0010699303,0.0010578965,0.0010442588,0.0010369514,0.0010481835,0.0010543758,0.0010664968
k__Bacteria|p__Proteobacteria|c__Epsilonproteobacteria|o__Campylobacterales|f__Helicobacteraceae|g__Helicobacter|s__Helicobacter_canis,0.0,0.001058879,0.0010451396,0.0010376591,0.001048556,0.0010544243,0.0010662988,0.0,0.001058879,0.0010451396,0.0010376591,0.001048556,0.0010544243,0.0010662989,0.0,0.0,0.0010451471,0.0010290036,0.0010194089,0.0010298142,0.0011058102,0.0010706538,0.0,0.0010451395,0.0010289979,0.0010194087,0.0010298142,0.0011058103,0.0,0.0,0.0010451396,0.0010289979,0.0010194087,0.0010298142,0.0011058105,0.0010706276,0.001058879,0.0010451396,0.0010376591,0.001048556,0.0010544243,0.0010662992,0.0,0.0010588793,0.0010451399,0.0010376591,0.001048556,0.0010544243,0.001066299,0.0010706276,0.001058879,0.0010451396,0.0010376591,0.001048556,0.0010544243,0.0010662989,0.0,0.0010588792,0.0010451399,0.0010376594,0.001048556,0.0010544243,0.0010662993,0.0,0.001058879,0.0010451396,0.0010376591,0.001048556,0.0010544243,0.001066299,0.0,0.001058879,0.0,0.0010289979,0.0010099533,0.0010662413,0.0010775308,0.0,0.001058879,0.0010451396,0.0010376591,0.001048556,0.0010544243,0.0010662987,0.0,0.0,0.0,0.0010289979,0.0010099533,0.0010662413,0.0010887639,0.001070634,0.001058879,0.0,0.0010289979,0.0010099533,0.0010662413,0.0010775304,0.001070676,0.0,0.0,0.001028998,0.0010099533,0.0010662413,0.001088764,0.0010706445,0.0,0.0010451396,0.0,0.001058879,0.0010451396,0.0010662411,0.001070629,0.0,0.0,0.0010289979,0.0010099533,0.0010662413,0.0010887644,0.0,0.0010588799,0.0,0.0010289979,0.0010099533,0.0010662413,0.0010775307,0.0,0.0,0.0010451402,0.00105888,0.0,0.0010289979,0.0010588791,0.0010706453,0.0010588792,0.0,0.0010289982,0.0010099533,0.0010662413,0.0010775308,0.0,0.0,0.0010451396,0.0010289979,0.0010194087,0.0010298142,0.0011058104,0.0,0.0,0.0010451396,0.0,0.001058879,0.0010451396,0.001066241,0.0,0.0010588805,0.0,0.0010588791,0.0,0.001058879,0.0010451396,0.0,0.0,0.0010451498,0.0010289996,0.0010194088,0.0010298142,0.0011058099,0.0,0.0010588913,0.0010588807,0.0010531069,0.0010642767,0.0,0.0009874045,0.0,0.0010588798,0.0010451399,0.0,0.0010588792,0.0010451395,0.0010376597,0.0010706328,0.001058879,0.0010451396,0.0,0.001058879,0.0010451396,0.0010376592,0.0,0.0010588792,0.0010451397,0.0010376591,0.001048556,0.0010544243,0.0010662989,0.0010706277,0.001058879,0.0010451396,0.0010376591,0.001048556,0.0010544243,0.001066299,0.0010706456,0.0,0.0,0.0010289979,0.0010099533,0.0010662413,0.0010887644,0.0010706304,0.0,0.0010451396,0.0010289979,0.0010194087,0.0010298142,0.0011058102,0.0,0.0010588791,0.0,0.0010289979,0.0010099533,0.0010662413,0.0010775307,0.0010706374,0.0,0.0010451396,0.0010289979,0.0010194087,0.0010298142,0.0011058082,0.0,0.001058879,0.0010451396,0.0010376591,0.001048556,0.0010544243,0.0010662987,0.0010706285,0.001058879,0.0010451396,0.0010376591,0.001048556,0.0010544243,0.0010662992,0.0,0.0010588793,0.0010451395,0.0010376591,0.001048556,0.0010544243,0.0010662988,0.0,0.0,0.0010451396,0.0010289979,0.0010194087,0.0010298142,0.0011058105,0.0010706295,0.001058879,0.0,0.0,0.0010588791,0.001058879,0.0010531067,0.0010706558,0.0,0.0010451396,0.0,0.0010588791,0.0010451395,0.0010662412,0.0010707045,0.0,0.0010588792,0.0010451395,0.0010376591,0.0,0.0010588791,0.0,0.0010588788,0.0,0.0010289979,0.0010099533,0.0010662413,0.0010775309,0.0010706324,0.0,0.0010451396,0.0010289979,0.0010194088,0.0010298142,0.0011057974,0.0010706396,0.0,0.0,0.0010289979,0.0010099533,0.0010662413,0.0010887644,0.0,0.0010588791,0.0010451397,0.0010376591,0.001048556,0.0010544243,0.0010662989,0.0010706596,0.0010588792,0.0010451399,0.0,0.0010588791,0.0010451396,0.0010376595,0.001070629,0.0,0.0010451395,0.001028998,0.0010194087,0.0010298142,0.0011058096,0.0010706298,0.0,0.0010451397,0.0010289979,0.0010194088,0.0010298142,0.0011058096,0.0,0.0010588792,0.0010588792,0.0010531067,0.0010642767,0.0,0.000987422,0.0010706495,0.0,0.0010451395,0.0010289979,0.0010194087,0.0010298142,0.0011058105,0.0010706305,0.0,0.0,0.0010289979,0.0010099533,0.0010662413,0.0010887644,0.0010706782,0.0010588793,0.0,0.0010289985,0.0010099536,0.0010662411,0.0010775304,0.0,0.0010588792,0.0010451395,0.0010376591,0.001048556,0.0010544243,0.0010662989,0.0,0.0010588797,0.0,0.0010289979,0.0010099533,0.0010662413,0.0010775307,0.0,0.0010588791,0.0010451396,0.0010376591,0.001048556,0.0010544243,0.0010662989,0.0010706336,0.0010588791,0.0010451395,0.0010376592,0.001048556,0.0010544243,0.0010662988,0.0,0.0,0.0,0.0010289979,0.0010099533,0.0010662413,0.0010887644,0.0010706274,0.001058879,0.0,0.0010289979,0.0010099533,0.0010662413,0.0010775307,0.0010706347,0.0010588792,0.0010451396,0.0010662413,0.0,0.0010289979,0.0010099534,0.0,0.001058879,0.0010451396,0.0010376591,0.001048556,0.0010544243,0.0010662988,0.0,0.001058879,0.0010451396,0.0010376591,0.001048556,0.0010544243,0.001066299,0.0,0.0010588793,0.0010451395,0.0010376591,0.001048556,0.0010544243,0.0010662988,0.0010706324,0.001058879,0.0010451396,0.0010376591,0.001048556,0.0010544243,0.0010662993,0.0,0.0,0.0010451396,0.0010289979,0.0010194087,0.0010298142,0.0011058102,0.0,0.001058879,0.0010451396,0.0010376591,0.001048556,0.0010544243,0.001066299,0.0010707859,0.0010588797,0.0010451395,0.0010376591,0.001048556,0.0010544243,0.0010662988
k__Bacteria|p__Proteobacteria|c__Epsilonproteobacteria|o__Campylobacterales|f__Helicobacteraceae|g__GGB9575|s__GGB9575_SGB14988,0.0,0.0010613787,0.0010478077,0.001040522,0.0010516761,0.0010578118,0.0010698376,0.0,0.0010613789,0.0010478077,0.001040522,0.0010516761,0.0010578118,0.0010698375,0.0,0.0,0.0010478266,0.0010318513,0.001022453,0.0010331313,0.0011083984,0.0010730091,0.0,0.0010478077,0.0010318399,0.0010224519,0.0010331313,0.0011083978,0.0,0.0,0.0010478077,0.0010318399,0.0010224519,0.0010331313,0.0011083977,0.0010729654,0.0010613789,0.0010478077,0.001040522,0.0010516761,0.0010578118,0.0010698375,0.0,0.0010613797,0.0010478082,0.001040522,0.0010516761,0.0010578118,0.0010698377,0.0010729656,0.0010613789,0.0010478077,0.001040522,0.0010516761,0.0010578118,0.0010698376,0.0,0.001061379,0.0010478087,0.0010405221,0.0010516761,0.0010578118,0.0010698383,0.0,0.0010613789,0.0010478077,0.001040522,0.0010516761,0.0010578118,0.0010698376,0.0,0.0010613789,0.0,0.0010318399,0.001012971,0.0010687554,0.0010802702,0.0,0.0010613789,0.0010478077,0.001040522,0.0010516761,0.0010578118,0.001069838,0.0,0.0,0.0,0.0010318399,0.001012971,0.0010687554,0.0010913237,0.0010729784,0.0010613789,0.0,0.0010318399,0.001012971,0.0010687554,0.0010802795,0.0010730841,0.0,0.0,0.0010318401,0.001012971,0.0010687554,0.0010913226,0.0010730014,0.0,0.0010478077,0.0,0.0010613789,0.0010478077,0.0010687553,0.0010729705,0.0,0.0,0.0010318399,0.001012971,0.0010687554,0.0010913212,0.0,0.0010613811,0.0,0.0010318399,0.001012971,0.0010687554,0.0010802689,0.0,0.0,0.0010478087,0.0010613812,0.0,0.0010318399,0.0010613789,0.0010730021,0.0010613792,0.0,0.0010318398,0.001012971,0.0010687554,0.0010802686,0.0,0.0,0.0010478083,0.0010318399,0.0010224519,0.0010331313,0.0011083984,0.0,0.0,0.0010478077,0.0,0.0010613789,0.0010478077,0.0010687553,0.0,0.001061383,0.0,0.001061379,0.0,0.0010613789,0.0010478079,0.0,0.0,0.0010478332,0.0010318442,0.0010224518,0.0010331313,0.0011083984,0.0,0.0010614365,0.001061385,0.0010557931,0.0010672029,0.0,0.0009906071,0.0,0.001061382,0.001047809,0.0,0.0010613792,0.0010478081,0.0010405246,0.0010729728,0.0010613789,0.0010478077,0.0,0.0010613789,0.0010478077,0.0010405233,0.0,0.0010613792,0.0010478079,0.001040522,0.0010516761,0.0010578118,0.0010698375,0.0010729651,0.0010613789,0.0010478077,0.001040522,0.0010516761,0.0010578118,0.0010698376,0.0010730074,0.0,0.0,0.0010318399,0.001012971,0.0010687554,0.0010913211,0.0010729777,0.0,0.0010478077,0.0010318399,0.0010224519,0.0010331313,0.001108398,0.0,0.001061379,0.0,0.0010318399,0.001012971,0.0010687554,0.0010802684,0.0010729873,0.0,0.0010478077,0.0010318399,0.0010224519,0.0010331313,0.0011084074,0.0,0.0010613789,0.0010478077,0.001040522,0.0010516761,0.0010578118,0.0010698389,0.0010729665,0.0010613789,0.0010478077,0.001040522,0.0010516761,0.0010578118,0.0010698375,0.0,0.0010613793,0.0010478081,0.001040522,0.0010516761,0.0010578118,0.0010698376,0.0,0.0,0.0010478077,0.0010318399,0.0010224519,0.0010331313,0.0011083977,0.0010729681,0.0010613789,0.0,0.0,0.001061379,0.0010613789,0.0010557927,0.001073011,0.0,0.0010478081,0.0,0.001061379,0.0010478077,0.0010687574,0.0010731355,0.0,0.0010613791,0.0010478081,0.001040522,0.0,0.0010613794,0.0,0.0010613787,0.0,0.0010318399,0.001012971,0.0010687553,0.0010802749,0.001072973,0.0,0.0010478077,0.0010318399,0.0010224518,0.001033132,0.0011084776,0.0010729844,0.0,0.0,0.0010318399,0.001012971,0.0010687554,0.001091321,0.0,0.001061379,0.0010478079,0.001040522,0.0010516761,0.0010578118,0.0010698375,0.0010729699,0.0010613789,0.001047808,0.0,0.0010613787,0.0010478077,0.0010405233,0.0010729703,0.0,0.0010478081,0.00103184,0.0010224519,0.0010331313,0.0011083995,0.0010729706,0.0,0.0010478079,0.0010318402,0.0010224518,0.0010331313,0.0011084002,0.0,0.0010613791,0.0010613792,0.0010557924,0.0010672028,0.0,0.000990646,0.0010730217,0.0,0.0010478081,0.0010318399,0.0010224519,0.0010331313,0.0011083977,0.0010729721,0.0,0.0,0.0010318399,0.001012971,0.0010687554,0.0010913231,0.0010730699,0.0010613806,0.0,0.0010318415,0.0010129717,0.0010687554,0.0010802766,0.0,0.0010613789,0.001047808,0.001040522,0.0010516761,0.0010578118,0.0010698375,0.0,0.0010613799,0.0,0.0010318399,0.001012971,0.0010687554,0.0010802684,0.0,0.0010613789,0.0010478083,0.001040522,0.0010516761,0.0010578118,0.0010698376,0.0010729874,0.001061379,0.0010478081,0.0010405221,0.0010516761,0.0010578118,0.0010698377,0.0,0.0,0.0,0.0010318399,0.001012971,0.0010687554,0.0010913216,0.001072965,0.0010613789,0.0,0.0010318399,0.001012971,0.0010687554,0.0010802696,0.0010729794,0.0010613789,0.0010478077,0.0010687554,0.0,0.0010318399,0.0010129713,0.0,0.0010613789,0.0010478077,0.001040522,0.0010516761,0.0010578118,0.0010698382,0.0,0.0010613789,0.0010478077,0.001040522,0.0010516761,0.0010578118,0.0010698376,0.0,0.0010613801,0.0010478081,0.001040522,0.0010516761,0.0010578118,0.0010698397,0.001072982,0.0010613789,0.0010478077,0.001040522,0.0010516761,0.0010578118,0.001069838,0.0,0.0,0.0010478077,0.0010318399,0.0010224519,0.0010331313,0.0011083982,0.0,0.0010613789,0.0010478077,0.001040522,0.0010516761,0.0010578118,0.0010698376,0.0010731615,0.0010613808,0.0010478081,0.001040522,0.0010516761,0.0010578118,0.0010698398
k__Bacteria|p__Proteobacteria|c__Deltaproteobacteria|o__Desulfovibrionales|f__Desulfovibrionaceae|g__Desulfovibrio|s__Desulfovibrio_piger,0.0,0.0010604213,0.0010467167,0.0010392546,0.0010501324,0.001055991,0.0010678369,0.0,0.0010604215,0.0010467167,0.0010392546,0.0010501324,0.001055991,0.0010678369,0.0,0.0,0.0010467373,0.0010306211,0.00102104,0.0010314311,0.0011071904,0.0010721724,0.0,0.0010467167,0.0010306094,0.0010210389,0.0010314311,0.0011071902,0.0,0.0,0.0010467167,0.0010306094,0.0010210389,0.0010314311,0.0011071902,0.0010721353,0.0010604215,0.0010467167,0.0010392546,0.0010501324,0.001055991,0.0010678367,0.0,0.0010604225,0.0010467168,0.0010392546,0.0010501324,0.001055991,0.0010678372,0.0010721354,0.0010604215,0.0010467167,0.0010392546,0.0010501324,0.001055991,0.0010678369,0.0,0.0010604216,0.0010467175,0.0010392547,0.0010501324,0.001055991,0.0010678375,0.0,0.0010604215,0.0010467167,0.0010392546,0.0010501324,0.001055991,0.0010678368,0.0,0.0010604215,0.0,0.0010306094,0.0010115969,0.0010677638,0.0010790243,0.0,0.0010604215,0.0010467167,0.0010392546,0.0010501324,0.001055991,0.0010678368,0.0,0.0,0.0,0.0010306094,0.0010115969,0.0010677641,0.0010902163,0.0010721466,0.0010604215,0.0,0.0010306094,0.0010115969,0.0010677638,0.0010790309,0.0010722439,0.0,0.0,0.0010306097,0.0010115969,0.0010677638,0.0010902158,0.00107217,0.0,0.0010467167,0.0,0.0010604215,0.0010467167,0.001067764,0.00107214,0.0,0.0,0.0010306094,0.0010115969,0.0010677638,0.001090215,0.0,0.0010604234,0.0,0.0010306094,0.0010115969,0.0010677638,0.0010790232,0.0,0.0,0.0010467175,0.0010604239,0.0,0.0010306094,0.0010604216,0.0010721643,0.0010604218,0.0,0.0010306094,0.0010115969,0.0010677638,0.0010790229,0.0,0.0,0.0010467169,0.0010306094,0.0010210389,0.0010314311,0.001107191,0.0,0.0,0.0010467167,0.0,0.0010604215,0.0010467167,0.001067764,0.0,0.0010604244,0.0,0.0010604216,0.0,0.0010604215,0.0010467167,0.0,0.0,0.0010467402,0.001030613,0.001021039,0.0010314311,0.0011071902,0.0,0.0010604911,0.001060428,0.0010546667,0.0010658113,0.0,0.0009890844,0.0,0.0010604244,0.0010467179,0.0,0.0010604218,0.0010467168,0.0010392577,0.0010721415,0.0010604215,0.0010467167,0.0,0.0010604215,0.0010467167,0.0010392554,0.0,0.0010604216,0.0010467167,0.0010392546,0.0010501324,0.001055991,0.0010678369,0.0010721352,0.0010604215,0.0010467167,0.0010392546,0.0010501324,0.001055991,0.0010678368,0.0010721753,0.0,0.0,0.0010306094,0.0010115969,0.0010677638,0.0010902149,0.0010721474,0.0,0.0010467167,0.0010306094,0.0010210389,0.0010314311,0.0011071903,0.0,0.0010604216,0.0,0.0010306094,0.0010115969,0.0010677638,0.0010790231,0.0010721543,0.0,0.0010467167,0.0010306094,0.0010210389,0.0010314311,0.0011071997,0.0,0.0010604215,0.0010467167,0.0010392546,0.0010501324,0.001055991,0.0010678377,0.0010721362,0.0010604215,0.0010467167,0.0010392546,0.0010501324,0.001055991,0.0010678367,0.0,0.0010604219,0.0010467168,0.0010392546,0.0010501324,0.001055991,0.0010678369,0.0,0.0,0.0010467167,0.0010306094,0.0010210389,0.0010314311,0.0011071903,0.0010721373,0.0010604215,0.0,0.0,0.0010604216,0.0010604215,0.0010546661,0.0010721716,0.0,0.0010467168,0.0,0.0010604216,0.0010467167,0.0010677679,0.0010722945,0.0,0.0010604216,0.0010467168,0.0010392546,0.0,0.0010604218,0.0,0.0010604213,0.0,0.0010306094,0.0010115969,0.001067764,0.0010790277,0.0010721418,0.0,0.0010467167,0.0010306094,0.001021039,0.0010314318,0.0011072608,0.0010721503,0.0,0.0,0.0010306094,0.0010115969,0.0010677638,0.0010902148,0.0,0.0010604216,0.0010467167,0.0010392546,0.0010501324,0.001055991,0.0010678369,0.0010721289,0.0010604216,0.0010467168,0.0,0.0010604215,0.0010467167,0.0010392562,0.0010721398,0.0,0.0010467168,0.0010306096,0.0010210389,0.0010314311,0.001107191,0.0010721392,0.0,0.0010467167,0.0010306094,0.001021039,0.001031431,0.0011071922,0.0,0.0010604216,0.0010604216,0.0010546661,0.001065811,0.0,0.0009891147,0.0010721877,0.0,0.0010467168,0.0010306094,0.0010210389,0.0010314311,0.0011071902,0.0010721403,0.0,0.0,0.0010306094,0.0010115969,0.0010677641,0.0010902154,0.0010722277,0.0010604231,0.0,0.0010306109,0.0010115975,0.0010677641,0.0010790299,0.0,0.0010604215,0.0010467168,0.0010392546,0.0010501324,0.001055991,0.0010678367,0.0,0.0010604225,0.0,0.0010306094,0.0010115969,0.0010677638,0.0010790231,0.0,0.0010604215,0.0010467169,0.0010392546,0.0010501324,0.001055991,0.0010678369,0.0010721551,0.0010604215,0.0010467168,0.001039255,0.0010501324,0.001055991,0.0010678371,0.0,0.0,0.0,0.0010306094,0.0010115969,0.0010677638,0.0010902149,0.0010721348,0.0010604215,0.0,0.0010306094,0.0010115969,0.0010677638,0.0010790238,0.0010721459,0.0010604215,0.0010467167,0.0010677638,0.0,0.0010306094,0.0010115971,0.0,0.0010604215,0.0010467167,0.0010392546,0.0010501324,0.001055991,0.0010678371,0.0,0.0010604215,0.0010467167,0.0010392546,0.0010501324,0.001055991,0.0010678369,0.0,0.0010604227,0.0010467168,0.0010392546,0.0010501324,0.001055991,0.0010678374,0.0010721519,0.0010604215,0.0010467167,0.0010392546,0.0010501324,0.001055991,0.0010678371,0.0,0.0,0.0010467167,0.0010306094,0.0010210389,0.0010314311,0.0011071907,0.0,0.0010604215,0.0010467167,0.0010392546,0.0010501324,0.001055991,0.0010678368,0.0010722879,0.0010604232,0.0010467168,0.0010392546,0.0010501324,0.001055991,0.0010678377
k__Bacteria|p__Proteobacteria|c__Betaproteobacteria|o__Neisseriales|f__Neisseriaceae|g__Neisseria|s__Neisseria_elongata,0.0,0.0010626703,0.0010488593,0.0010411935,0.0010516404,0.0010570887,0.0010686163,0.0,0.0010626706,0.0010488593,0.0010411935,0.0010516404,0.0010570887,0.0010686159,0.0,0.0,0.0010488785,0.0010326494,0.0010228564,0.0010328152,0.0011087117,0.001074544,0.0,0.0010488593,0.0010326367,0.0010228556,0.0010328152,0.0011087107,0.0,0.0,0.0010488593,0.0010326367,0.0010228556,0.0010328152,0.0011087107,0.0010744822,0.0010626705,0.0010488593,0.0010411935,0.0010516404,0.0010570887,0.0010686158,0.0,0.0010626708,0.0010488597,0.0010411935,0.0010516404,0.0010570887,0.0010686168,0.0010744822,0.0010626705,0.0010488593,0.0010411935,0.0010516404,0.0010570887,0.0010686163,0.0,0.0010626706,0.0010488603,0.0010411938,0.0010516404,0.0010570887,0.001068617,0.0,0.0010626706,0.0010488593,0.0010411935,0.0010516404,0.0010570887,0.0010686159,0.0,0.0010626701,0.0,0.0010326367,0.0010134992,0.0010699203,0.001080754,0.0,0.0010626705,0.0010488593,0.0010411935,0.0010516404,0.0010570887,0.0010686166,0.0,0.0,0.0,0.0010326367,0.0010134992,0.0010699203,0.0010920449,0.0010744997,0.0010626706,0.0,0.0010326367,0.0010134992,0.0010699203,0.0010807608,0.001074599,0.0,0.0,0.001032637,0.0010134992,0.0010699203,0.0010920438,0.0010745263,0.0,0.0010488593,0.0,0.0010626705,0.0010488593,0.0010699201,0.0010744876,0.0,0.0,0.0010326367,0.0010134992,0.0010699203,0.0010920424,0.0,0.0010626721,0.0,0.0010326367,0.0010134992,0.0010699203,0.0010807521,0.0,0.0,0.0010488604,0.001062672,0.0,0.0010326367,0.0010626706,0.0010745218,0.0010626706,0.0,0.0010326366,0.0010134992,0.0010699203,0.0010807521,0.0,0.0,0.0010488598,0.0010326367,0.0010228556,0.0010328152,0.001108711,0.0,0.0,0.0010488593,0.0,0.0010626705,0.0010488593,0.0010699201,0.0,0.0010626753,0.0,0.0010626706,0.0,0.0010626705,0.0010488594,0.0,0.0,0.0010488813,0.0010326403,0.0010228556,0.0010328152,0.0011087115,0.0,0.0010627197,0.001062676,0.0010567185,0.0010674336,0.0,0.000990856,0.0,0.0010626728,0.0010488606,0.0,0.0010626707,0.0010488594,0.0010411966,0.0010744947,0.0010626705,0.0010488593,0.0,0.0010626705,0.0010488593,0.0010411949,0.0,0.0010626705,0.0010488594,0.0010411935,0.0010516404,0.0010570887,0.0010686162,0.0010744821,0.0010626705,0.0010488593,0.0010411935,0.0010516404,0.0010570887,0.0010686159,0.0010745269,0.0,0.0,0.0010326367,0.0010134992,0.0010699203,0.0010920422,0.0010744914,0.0,0.0010488593,0.0010326367,0.0010228556,0.0010328152,0.0011087108,0.0,0.0010626703,0.0,0.0010326367,0.0010134992,0.0010699203,0.0010807518,0.0010745104,0.0,0.0010488593,0.0010326367,0.0010228556,0.0010328152,0.0011087192,0.0,0.0010626705,0.0010488593,0.0010411935,0.0010516404,0.0010570887,0.0010686176,0.0010744841,0.0010626705,0.0010488593,0.0010411935,0.0010516404,0.0010570887,0.0010686158,0.0,0.001062671,0.0010488594,0.0010411935,0.0010516404,0.0010570887,0.0010686163,0.0,0.0,0.0010488593,0.0010326367,0.0010228556,0.0010328152,0.001108711,0.0010744871,0.0010626705,0.0,0.0,0.0010626706,0.0010626706,0.0010567184,0.0010745471,0.0,0.0010488597,0.0,0.0010626706,0.0010488593,0.0010699241,0.0010746651,0.0,0.0010626705,0.0010488594,0.0010411935,0.0,0.0010626711,0.0,0.00106267,0.0,0.0010326367,0.0010134992,0.0010699201,0.0010807584,0.0010744921,0.0,0.0010488593,0.0010326367,0.0010228556,0.0010328157,0.001108783,0.0010745076,0.0,0.0,0.0010326367,0.0010134992,0.0010699203,0.001092042,0.0,0.0010626706,0.0010488594,0.0010411935,0.0010516404,0.0010570887,0.0010686159,0.0010745368,0.0010626705,0.0010488594,0.0,0.0010626704,0.0010488593,0.0010411952,0.0010744868,0.0,0.0010488594,0.0010326369,0.0010228556,0.0010328152,0.001108713,0.0010744889,0.0,0.0010488594,0.0010326367,0.0010228556,0.0010328152,0.0011087126,0.0,0.0010626705,0.0010626705,0.001056718,0.0010674337,0.0,0.0009908992,0.0010745403,0.0,0.0010488594,0.0010326367,0.0010228556,0.0010328152,0.0011087107,0.0010744919,0.0,0.0,0.0010326367,0.0010134992,0.0010699203,0.0010920443,0.0010745947,0.0010626713,0.0,0.0010326382,0.0010134997,0.0010699203,0.00108076,0.0,0.0010626705,0.0010488594,0.0010411935,0.0010516404,0.0010570887,0.0010686158,0.0,0.0010626718,0.0,0.0010326367,0.0010134992,0.0010699203,0.0010807518,0.0,0.0010626704,0.0010488598,0.0010411935,0.0010516404,0.0010570887,0.0010686163,0.0010745046,0.0010626704,0.0010488597,0.001041194,0.0010516404,0.0010570887,0.0010686163,0.0,0.0,0.0,0.0010326367,0.0010134992,0.0010699203,0.0010920425,0.0010744815,0.0010626705,0.0,0.0010326367,0.0010134992,0.0010699203,0.0010807529,0.0010745013,0.0010626705,0.0010488593,0.0010699203,0.0,0.0010326367,0.0010134999,0.0,0.0010626705,0.0010488593,0.0010411935,0.0010516404,0.0010570887,0.0010686169,0.0,0.0010626705,0.0010488593,0.0010411935,0.0010516404,0.0010570887,0.0010686163,0.0,0.0010626712,0.0010488594,0.0010411935,0.0010516404,0.0010570887,0.0010686183,0.0010744977,0.0010626705,0.0010488593,0.0010411935,0.0010516404,0.0010570887,0.0010686166,0.0,0.0,0.0010488593,0.0010326367,0.0010228556,0.0010328152,0.0011087111,0.0,0.0010626705,0.0010488593,0.0010411935,0.0010516404,0.0010570887,0.0010686159,0.0010748012,0.0010626722,0.0010488597,0.0010411935,0.0010516404,0.0010570887,0.0010686191
k__Bacteria|p__Proteobacteria|c__Deltaproteobacteria|o__Desulfovibrionales|f__Desulfovibrionaceae|g__Desulfovibrio|s__Desulfovibrio_SGB5076,0.0,0.0010594164,0.0010456335,0.0010380776,0.0010488247,0.0010545495,0.0010663162,0.0,0.0010594164,0.0010456335,0.0010380776,0.0010488247,0.0010545495,0.0010663159,0.0,0.0,0.0010456381,0.0010294486,0.0010197783,0.0010300322,0.0011061174,0.0010712347,0.0,0.0010456335,0.0010294453,0.0010197777,0.0010300322,0.0011061172,0.0,0.0,0.0010456335,0.0010294453,0.0010197777,0.0010300322,0.0011061168,0.0010712055,0.0010594163,0.0010456335,0.0010380776,0.0010488247,0.0010545495,0.0010663163,0.0,0.0010594169,0.0010456336,0.0010380776,0.0010488247,0.0010545495,0.0010663165,0.0010712056,0.0010594163,0.0010456335,0.0010380776,0.0010488247,0.0010545495,0.0010663163,0.0,0.0010594166,0.0010456337,0.0010380776,0.0010488247,0.0010545495,0.0010663166,0.0,0.0010594164,0.0010456335,0.0010380776,0.0010488247,0.0010545495,0.0010663164,0.0,0.0010594164,0.0,0.0010294453,0.0010103502,0.001066749,0.0010778932,0.0,0.0010594163,0.0010456335,0.0010380776,0.0010488247,0.0010545495,0.0010663165,0.0,0.0,0.0,0.0010294453,0.0010103502,0.001066749,0.0010891701,0.0010712143,0.0010594164,0.0,0.0010294453,0.0010103502,0.0010667489,0.001077897,0.0010712715,0.0,0.0,0.0010294454,0.0010103502,0.0010667489,0.0010891691,0.001071227,0.0,0.0010456335,0.0,0.0010594163,0.0010456335,0.0010667491,0.0010712084,0.0,0.0,0.0010294453,0.0010103502,0.0010667489,0.001089168,0.0,0.001059417,0.0,0.0010294453,0.0010103502,0.0010667489,0.0010778925,0.0,0.0,0.0010456335,0.001059417,0.0,0.0010294451,0.0010594166,0.0010712226,0.0010594166,0.0,0.0010294452,0.0010103502,0.0010667489,0.0010778924,0.0,0.0,0.0010456333,0.0010294453,0.0010197777,0.0010300322,0.0011061173,0.0,0.0,0.0010456335,0.0,0.0010594163,0.0010456335,0.001066749,0.0,0.0010594175,0.0,0.0010594166,0.0,0.0010594163,0.0010456336,0.0,0.0,0.0010456389,0.0010294464,0.0010197777,0.0010300322,0.0011061172,0.0,0.0010594311,0.0010594173,0.0010535712,0.0010645936,0.0,0.0009877525,0.0,0.0010594176,0.0010456336,0.0,0.0010594166,0.0010456335,0.0010380787,0.0010712099,0.0010594163,0.0010456335,0.0,0.0010594163,0.0010456335,0.0010380786,0.0,0.0010594167,0.0010456336,0.0010380776,0.0010488247,0.0010545495,0.0010663159,0.0010712056,0.0010594163,0.0010456335,0.0010380776,0.0010488247,0.0010545495,0.0010663164,0.0010712303,0.0,0.0,0.0010294453,0.0010103502,0.0010667489,0.0010891679,0.00107121,0.0,0.0010456335,0.0010294453,0.0010197777,0.0010300322,0.0011061172,0.0,0.0010594166,0.0,0.0010294453,0.0010103502,0.0010667489,0.0010778923,0.0010712179,0.0,0.0010456335,0.0010294453,0.0010197777,0.0010300322,0.0011061205,0.0,0.0010594163,0.0010456335,0.0010380776,0.0010488247,0.0010545495,0.0010663174,0.0010712063,0.0010594163,0.0010456335,0.0010380776,0.0010488247,0.0010545495,0.0010663159,0.0,0.0010594167,0.0010456335,0.0010380776,0.0010488247,0.0010545495,0.001066316,0.0,0.0,0.0010456335,0.0010294453,0.0010197777,0.0010300322,0.0011061172,0.0010712084,0.0010594163,0.0,0.0,0.0010594166,0.0010594164,0.0010535717,0.0010712388,0.0,0.0010456333,0.0,0.0010594166,0.0010456335,0.00106675,0.0010713064,0.0,0.0010594166,0.0010456335,0.0010380776,0.0,0.001059417,0.0,0.0010594163,0.0,0.0010294453,0.0010103502,0.0010667488,0.0010778928,0.0010712099,0.0,0.0010456335,0.0010294453,0.0010197777,0.0010300325,0.0011061495,0.0010712157,0.0,0.0,0.0010294453,0.0010103502,0.0010667489,0.0010891675,0.0,0.0010594166,0.0010456336,0.0010380776,0.0010488247,0.0010545495,0.0010663163,0.0010712362,0.0010594164,0.0010456335,0.0,0.0010594166,0.0010456335,0.0010380782,0.001071208,0.0,0.0010456335,0.0010294454,0.0010197777,0.0010300322,0.0011061182,0.001071209,0.0,0.0010456332,0.0010294453,0.0010197777,0.0010300324,0.0011061177,0.0,0.0010594164,0.0010594167,0.0010535712,0.0010645933,0.0,0.0009877804,0.0010712409,0.0,0.0010456335,0.0010294453,0.0010197777,0.0010300322,0.0011061168,0.0010712112,0.0,0.0,0.0010294453,0.0010103502,0.001066749,0.0010891692,0.0010712604,0.0010594168,0.0,0.0010294457,0.0010103509,0.0010667491,0.0010778973,0.0,0.0010594166,0.0010456335,0.0010380776,0.0010488247,0.0010545495,0.0010663159,0.0,0.0010594168,0.0,0.0010294451,0.0010103502,0.0010667489,0.0010778923,0.0,0.0010594166,0.0010456336,0.0010380776,0.0010488247,0.0010545495,0.001066316,0.0010712176,0.0010594164,0.0010456332,0.0010380776,0.0010488247,0.0010545495,0.001066316,0.0,0.0,0.0,0.0010294453,0.0010103502,0.0010667489,0.0010891682,0.0010712051,0.0010594163,0.0,0.0010294453,0.0010103502,0.0010667489,0.0010778927,0.0010712158,0.0010594166,0.0010456335,0.0010667489,0.0,0.0010294453,0.001010351,0.0,0.0010594163,0.0010456335,0.0010380776,0.0010488247,0.0010545495,0.0010663166,0.0,0.0010594163,0.0010456335,0.0010380776,0.0010488247,0.0010545495,0.0010663164,0.0,0.0010594167,0.0010456335,0.0010380776,0.0010488247,0.0010545495,0.0010663171,0.0010712134,0.0010594163,0.0010456335,0.0010380776,0.0010488247,0.0010545495,0.0010663164,0.0,0.0,0.0010456335,0.0010294453,0.0010197777,0.0010300322,0.0011061173,0.0,0.0010594163,0.0010456335,0.0010380776,0.0010488247,0.0010545495,0.001066316,0.001071376,0.0010594173,0.0010456332,0.0010380776,0.0010488247,0.0010545495,0.0010663179
k__Bacteria|p__Proteobacteria|c__Gammaproteobacteria|o__Aeromonadales|f__Aeromonadaceae|g__Aeromonas|s__Aeromonas_hydrophila,0.0,0.0010618151,0.0010482576,0.0010409821,0.0010521398,0.0010582819,0.0010703052,0.0,0.0010618152,0.0010482576,0.0010409821,0.0010521398,0.0010582819,0.0010703055,0.0,0.0,0.0010482707,0.0010323112,0.0010229262,0.0010336107,0.0011087989,0.0010734336,0.0,0.0010482576,0.001032303,0.0010229257,0.0010336107,0.0011087989,0.0,0.0,0.0010482576,0.001032303,0.0010229257,0.0010336107,0.0011087989,0.0010733883,0.0010618151,0.0010482576,0.0010409821,0.0010521398,0.0010582819,0.0010703054,0.0,0.0010618157,0.0010482576,0.0010409821,0.0010521398,0.0010582819,0.0010703054,0.0010733884,0.0010618151,0.0010482576,0.0010409821,0.0010521398,0.0010582819,0.0010703054,0.0,0.0010618153,0.0010482582,0.0010409821,0.0010521398,0.0010582819,0.001070306,0.0,0.0010618152,0.0010482576,0.0010409821,0.0010521398,0.0010582819,0.0010703055,0.0,0.0010618152,0.0,0.001032303,0.0010134471,0.0010691873,0.0010807008,0.0,0.0010618151,0.0010482576,0.0010409821,0.0010521398,0.0010582819,0.0010703051,0.0,0.0,0.0,0.001032303,0.0010134471,0.0010691873,0.0010917379,0.0010734004,0.0010618152,0.0,0.001032303,0.0010134475,0.0010691873,0.0010807039,0.0010734864,0.0,0.0,0.0010323031,0.0010134475,0.0010691873,0.0010917374,0.0010734203,0.0,0.0010482576,0.0,0.0010618151,0.0010482576,0.0010691873,0.0010733916,0.0,0.0,0.001032303,0.0010134475,0.0010691873,0.001091738,0.0,0.0010618164,0.0,0.001032303,0.0010134471,0.0010691873,0.0010807003,0.0,0.0,0.0010482585,0.0010618168,0.0,0.001032303,0.0010618153,0.0010734162,0.0010618153,0.0,0.001032303,0.0010134475,0.0010691873,0.0010807004,0.0,0.0,0.0010482577,0.001032303,0.0010229257,0.0010336107,0.0011087989,0.0,0.0,0.0010482576,0.0,0.0010618151,0.0010482576,0.0010691873,0.0,0.0010618169,0.0,0.0010618153,0.0,0.0010618151,0.0010482577,0.0,0.0,0.0010482743,0.0010323054,0.0010229258,0.0010336107,0.0011087988,0.0,0.0010618464,0.0010618187,0.0010562387,0.0010676505,0.0,0.00099109,0.0,0.0010618168,0.0010482584,0.0,0.0010618153,0.0010482577,0.0010409834,0.001073396,0.0010618151,0.0010482576,0.0,0.0010618151,0.0010482576,0.0010409822,0.0,0.0010618153,0.0010482577,0.0010409821,0.0010521398,0.0010582819,0.0010703055,0.0010733883,0.0010618151,0.0010482576,0.0010409821,0.0010521398,0.0010582819,0.0010703055,0.0010734259,0.0,0.0,0.001032303,0.0010134475,0.0010691873,0.0010917379,0.0010733965,0.0,0.0010482576,0.001032303,0.0010229257,0.0010336107,0.0011087987,0.0,0.0010618153,0.0,0.001032303,0.0010134475,0.0010691873,0.0010807005,0.0010734069,0.0,0.0010482576,0.001032303,0.0010229257,0.0010336107,0.0011087996,0.0,0.0010618151,0.0010482576,0.0010409821,0.0010521398,0.0010582819,0.0010703056,0.0010733898,0.0010618151,0.0010482576,0.0010409821,0.0010521398,0.0010582819,0.0010703054,0.0,0.0010618154,0.0010482577,0.0010409821,0.0010521398,0.0010582819,0.0010703056,0.0,0.0,0.0010482576,0.001032303,0.0010229257,0.0010336107,0.0011087991,0.0010733911,0.0010618151,0.0,0.0,0.0010618153,0.0010618152,0.0010562385,0.0010734326,0.0,0.0010482578,0.0,0.0010618153,0.0010482576,0.001069188,0.0010735355,0.0,0.0010618153,0.0010482577,0.0010409821,0.0,0.0010618152,0.0,0.0010618151,0.0,0.001032303,0.0010134471,0.0010691874,0.0010807017,0.0010733957,0.0,0.0010482576,0.001032303,0.0010229258,0.0010336109,0.0011088109,0.0010734067,0.0,0.0,0.001032303,0.0010134475,0.0010691873,0.001091738,0.0,0.0010618153,0.0010482577,0.0010409821,0.0010521398,0.0010582819,0.0010703055,0.0010734253,0.0010618153,0.0010482577,0.0,0.0010618152,0.0010482576,0.0010409829,0.0010733916,0.0,0.0010482577,0.0010323031,0.0010229257,0.0010336107,0.0011087987,0.0010733922,0.0,0.0010482577,0.001032303,0.0010229258,0.0010336108,0.001108799,0.0,0.0010618153,0.0010618153,0.0010562387,0.0010676504,0.0,0.0009911128,0.0010734343,0.0,0.0010482577,0.001032303,0.0010229257,0.0010336107,0.0011087989,0.0010733933,0.0,0.0,0.001032303,0.0010134475,0.0010691873,0.0010917381,0.0010734869,0.001061816,0.0,0.0010323039,0.0010134476,0.0010691874,0.0010807026,0.0,0.0010618153,0.0010482577,0.0010409821,0.0010521398,0.0010582819,0.0010703054,0.0,0.0010618158,0.0,0.001032303,0.0010134475,0.0010691873,0.0010807005,0.0,0.0010618152,0.0010482577,0.0010409821,0.0010521398,0.0010582819,0.0010703052,0.001073403,0.0010618152,0.0010482576,0.0010409822,0.0010521398,0.0010582819,0.0010703052,0.0,0.0,0.0,0.001032303,0.0010134475,0.0010691873,0.0010917376,0.0010733879,0.0010618151,0.0,0.001032303,0.0010134475,0.0010691873,0.0010807008,0.0010734003,0.0010618153,0.0010482576,0.0010691873,0.0,0.001032303,0.0010134475,0.0,0.0010618151,0.0010482576,0.0010409821,0.0010521398,0.0010582819,0.0010703054,0.0,0.0010618151,0.0010482576,0.0010409821,0.0010521398,0.0010582819,0.0010703054,0.0,0.0010618157,0.0010482577,0.0010409821,0.0010521398,0.0010582819,0.0010703055,0.0010734004,0.0010618151,0.0010482576,0.0010409821,0.0010521398,0.0010582819,0.0010703055,0.0,0.0,0.0010482576,0.001032303,0.0010229257,0.0010336107,0.0011087988,0.0,0.0010618151,0.0010482576,0.0010409821,0.0010521398,0.0010582819,0.0010703055,0.0010736053,0.0010618159,0.0010482576,0.001040982,0.0010521398,0.0010582819,0.0010703057
k__Bacteria|p__Proteobacteria|c__Gammaproteobacteria|o__Enterobacterales|f__Enterobacteriaceae|g__Enterobacter|s__Enterobacter_sp_SA187,0.0,0.0010614154,0.0010478996,0.0010406933,0.0010519855,0.0010582573,0.0010703774,0.0,0.0010614156,0.0010478996,0.0010406933,0.0010519855,0.0010582573,0.0010703774,0.0,0.0,0.0010479004,0.0010319903,0.0010226837,0.0010335046,0.0011085992,0.001072977,0.0,0.0010478996,0.001031989,0.0010226835,0.0010335046,0.0011085991,0.0,0.0,0.0010478996,0.001031989,0.0010226835,0.0010335046,0.0011085992,0.00107295,0.0010614155,0.0010478996,0.0010406933,0.0010519855,0.0010582573,0.0010703773,0.0,0.001061416,0.0010478997,0.0010406933,0.0010519855,0.0010582573,0.0010703774,0.0010729501,0.0010614155,0.0010478996,0.0010406933,0.0010519855,0.0010582573,0.0010703774,0.0,0.0010614156,0.0010478995,0.001040693,0.0010519855,0.0010582573,0.0010703778,0.0,0.0010614156,0.0010478996,0.0010406933,0.0010519855,0.0010582573,0.0010703774,0.0,0.0010614156,0.0,0.001031989,0.0010131804,0.0010688136,0.0010804582,0.0,0.0010614155,0.0010478996,0.0010406933,0.0010519855,0.0010582573,0.0010703773,0.0,0.0,0.0,0.001031989,0.0010131804,0.0010688136,0.0010914558,0.0010729576,0.0010614156,0.0,0.001031989,0.0010131804,0.0010688136,0.0010804597,0.001073013,0.0,0.0,0.0010319891,0.0010131804,0.0010688136,0.0010914553,0.0010729682,0.0,0.0010478996,0.0,0.0010614155,0.0010478996,0.0010688137,0.001072952,0.0,0.0,0.001031989,0.0010131804,0.0010688136,0.0010914545,0.0,0.0010614158,0.0,0.001031989,0.0010131804,0.0010688136,0.0010804576,0.0,0.0,0.0010479001,0.0010614161,0.0,0.001031989,0.0010614155,0.0010729649,0.0010614156,0.0,0.0010319889,0.0010131804,0.0010688136,0.0010804572,0.0,0.0,0.0010478995,0.001031989,0.0010226835,0.0010335046,0.0011085992,0.0,0.0,0.0010478996,0.0,0.0010614155,0.0010478996,0.0010688136,0.0,0.0010614152,0.0,0.0010614158,0.0,0.0010614155,0.0010478996,0.0,0.0,0.0010479016,0.001031989,0.0010226836,0.0010335046,0.0011085992,0.0,0.0010614061,0.0010614148,0.0010559056,0.0010674505,0.0,0.0009908706,0.0,0.0010614159,0.0010478995,0.0,0.0010614158,0.0010478996,0.0010406938,0.0010729536,0.0010614155,0.0010478996,0.0,0.0010614155,0.0010478996,0.0010406938,0.0,0.0010614156,0.0010478996,0.0010406933,0.0010519855,0.0010582573,0.0010703772,0.0010729503,0.0010614155,0.0010478996,0.0010406933,0.0010519855,0.0010582573,0.0010703774,0.0010729764,0.0,0.0,0.001031989,0.0010131804,0.0010688136,0.0010914545,0.0010729531,0.0,0.0010478996,0.001031989,0.0010226835,0.0010335046,0.0011085991,0.0,0.0010614158,0.0,0.001031989,0.0010131804,0.0010688136,0.0010804575,0.0010729587,0.0,0.0010478996,0.001031989,0.0010226835,0.0010335044,0.0011085992,0.0,0.0010614155,0.0010478996,0.0010406933,0.0010519855,0.0010582573,0.0010703785,0.0010729509,0.0010614155,0.0010478996,0.0010406933,0.0010519855,0.0010582573,0.0010703773,0.0,0.0010614158,0.0010478994,0.0010406933,0.0010519855,0.0010582573,0.0010703771,0.0,0.0,0.0010478996,0.001031989,0.0010226835,0.0010335046,0.0011085995,0.0010729523,0.0010614155,0.0,0.0,0.0010614158,0.0010614156,0.0010559062,0.0010729826,0.0,0.0010478994,0.0,0.0010614158,0.0010478996,0.001068814,0.0010730422,0.0,0.0010614155,0.0010478996,0.0010406929,0.0,0.0010614161,0.0,0.0010614155,0.0,0.001031989,0.0010131804,0.0010688137,0.0010804564,0.0010729553,0.0,0.0010478996,0.001031989,0.0010226836,0.0010335047,0.0011086023,0.0010729624,0.0,0.0,0.001031989,0.0010131804,0.0010688136,0.0010914545,0.0,0.0010614158,0.0010478996,0.0010406933,0.0010519855,0.0010582573,0.0010703774,0.001072985,0.0010614156,0.0010478996,0.0,0.0010614155,0.0010478996,0.0010406934,0.0010729522,0.0,0.0010478996,0.001031989,0.0010226835,0.0010335044,0.0011085998,0.0010729526,0.0,0.0010478996,0.001031989,0.0010226836,0.0010335045,0.0011085992,0.0,0.0010614156,0.0010614156,0.0010559057,0.0010674504,0.0,0.0009908925,0.0010729815,0.0,0.0010478996,0.001031989,0.0010226835,0.0010335046,0.0011085994,0.0010729539,0.0,0.0,0.001031989,0.0010131804,0.0010688136,0.0010914558,0.0010730086,0.0010614155,0.0,0.0010319895,0.0010131805,0.0010688134,0.0010804605,0.0,0.0010614156,0.0010478996,0.0010406933,0.0010519855,0.0010582573,0.0010703773,0.0,0.0010614153,0.0,0.001031989,0.0010131804,0.0010688136,0.0010804572,0.0,0.0010614155,0.0010478997,0.0010406933,0.0010519855,0.0010582573,0.0010703772,0.0010729593,0.0010614154,0.0010478994,0.001040693,0.0010519855,0.0010582573,0.0010703773,0.0,0.0,0.0,0.001031989,0.0010131804,0.0010688136,0.0010914548,0.0010729498,0.0010614155,0.0,0.001031989,0.0010131804,0.0010688136,0.0010804576,0.0010729596,0.0010614156,0.0010478996,0.0010688136,0.0,0.001031989,0.0010131804,0.0,0.0010614155,0.0010478996,0.0010406929,0.0010519855,0.0010582573,0.0010703775,0.0,0.0010614155,0.0010478996,0.0010406929,0.0010519855,0.0010582573,0.0010703773,0.0,0.0010614155,0.0010478996,0.0010406933,0.0010519855,0.0010582573,0.0010703776,0.001072955,0.0010614155,0.0010478996,0.0010406933,0.0010519855,0.0010582573,0.0010703774,0.0,0.0,0.0010478996,0.001031989,0.0010226835,0.0010335046,0.0011085994,0.0,0.0010614155,0.0010478996,0.0010406933,0.0010519855,0.0010582573,0.0010703774,0.0010731014,0.0010614159,0.0010478994,0.0010406931,0.0010519855,0.0010582573,0.0010703782
k__Bacteria|p__Proteobacteria|c__Gammaproteobacteria|o__Enterobacterales|f__Enterobacteriaceae|g__Enterobacter|s__Enterobacter_bugandensis,0.0,0.0010581362,0.0010447416,0.0010377833,0.0010496196,0.0010564069,0.0010689344,0.0,0.0010581365,0.0010447416,0.0010377833,0.0010496196,0.0010564069,0.0010689344,0.0,0.0,0.0010447664,0.0010289823,0.0010199167,0.0010312808,0.0011062789,0.0010696022,0.0,0.0010447416,0.0010289644,0.0010199156,0.0010312808,0.0011062779,0.0,0.0,0.0010447416,0.0010289644,0.0010199156,0.0010312808,0.001106278,0.0010695602,0.0010581363,0.0010447416,0.0010377833,0.0010496196,0.0010564069,0.0010689343,0.0,0.0010581372,0.001044742,0.0010377833,0.0010496196,0.0010564069,0.0010689351,0.0010695601,0.0010581363,0.0010447416,0.0010377833,0.0010496196,0.0010564069,0.0010689344,0.0,0.0010581367,0.0010447428,0.0010377837,0.0010496196,0.0010564069,0.0010689353,0.0,0.0010581365,0.0010447416,0.0010377833,0.0010496196,0.0010564069,0.0010689344,0.0,0.0010581365,0.0,0.0010289644,0.0010103012,0.0010656558,0.0010778438,0.0,0.0010581363,0.0010447416,0.0010377833,0.0010496196,0.0010564069,0.0010689349,0.0,0.0,0.0,0.0010289644,0.0010103012,0.0010656558,0.0010887305,0.0010695693,0.0010581365,0.0,0.0010289644,0.0010103012,0.0010656558,0.0010778487,0.0010696278,0.0,0.0,0.0010289645,0.0010103012,0.0010656558,0.00108873,0.0010695861,0.0,0.0010447416,0.0,0.0010581363,0.0010447416,0.0010656558,0.0010695634,0.0,0.0,0.0010289644,0.0010103012,0.0010656558,0.0010887292,0.0,0.0010581386,0.0,0.0010289644,0.0010103012,0.0010656558,0.0010778421,0.0,0.0,0.0010447439,0.001058138,0.0,0.0010289644,0.0010581365,0.001069595,0.0010581367,0.0,0.0010289643,0.0010103012,0.0010656558,0.0010778417,0.0,0.0,0.001044742,0.0010289644,0.0010199156,0.0010312808,0.0011062784,0.0,0.0,0.0010447416,0.0,0.0010581363,0.0010447416,0.0010656557,0.0,0.0010581431,0.0,0.0010581366,0.0,0.0010581363,0.0010447417,0.0,0.0,0.0010447712,0.001028969,0.0010199159,0.0010312808,0.0011062789,0.0,0.0010581955,0.0010581433,0.0010528674,0.0010649544,0.0,0.0009881605,0.0,0.0010581397,0.0010447432,0.0,0.0010581368,0.001044742,0.001037787,0.0010695695,0.0010581363,0.0010447416,0.0,0.0010581363,0.0010447416,0.0010377844,0.0,0.0010581365,0.0010447417,0.0010377833,0.0010496196,0.0010564069,0.0010689344,0.0010695601,0.0010581363,0.0010447416,0.0010377833,0.0010496196,0.0010564069,0.0010689344,0.0010695895,0.0,0.0,0.0010289644,0.0010103012,0.0010656558,0.0010887289,0.0010695652,0.0,0.0010447416,0.0010289644,0.0010199156,0.0010312808,0.0011062783,0.0,0.0010581366,0.0,0.0010289644,0.0010103012,0.0010656558,0.0010778416,0.0010695787,0.0,0.0010447416,0.0010289644,0.0010199156,0.0010312808,0.0011062843,0.0,0.0010581363,0.0010447416,0.0010377833,0.0010496196,0.0010564069,0.0010689358,0.0010695609,0.0010581363,0.0010447416,0.0010377833,0.0010496196,0.0010564069,0.0010689343,0.0,0.0010581372,0.001044742,0.0010377836,0.0010496196,0.0010564069,0.0010689344,0.0,0.0,0.0010447416,0.0010289644,0.0010199156,0.0010312808,0.001106278,0.0010695626,0.0010581363,0.0,0.0,0.0010581366,0.0010581365,0.0010528669,0.001069604,0.0,0.0010447422,0.0,0.0010581366,0.0010447416,0.00106566,0.0010696712,0.0,0.0010581367,0.0010447417,0.0010377836,0.0,0.0010581369,0.0,0.0010581363,0.0,0.0010289644,0.0010103012,0.0010656557,0.0010778481,0.001069568,0.0,0.0010447416,0.0010289644,0.0010199159,0.0010312812,0.0011063224,0.001069584,0.0,0.0,0.0010289644,0.0010103012,0.0010656558,0.0010887289,0.0,0.0010581366,0.0010447417,0.0010377833,0.0010496196,0.0010564069,0.0010689344,0.0010695739,0.0010581365,0.0010447417,0.0,0.0010581363,0.0010447416,0.0010377847,0.0010695622,0.0,0.001044742,0.0010289646,0.0010199156,0.0010312808,0.0011062798,0.0010695646,0.0,0.0010447417,0.0010289644,0.0010199159,0.0010312808,0.0011062797,0.0,0.0010581365,0.0010581365,0.0010528665,0.0010649546,0.0,0.0009882059,0.0010695924,0.0,0.0010447417,0.0010289644,0.0010199156,0.0010312808,0.001106278,0.001069566,0.0,0.0,0.0010289644,0.0010103016,0.0010656558,0.0010887304,0.0010696299,0.0010581373,0.0,0.0010289657,0.0010103018,0.001065656,0.0010778484,0.0,0.0010581363,0.001044742,0.0010377833,0.0010496196,0.0010564069,0.0010689343,0.0,0.0010581387,0.0,0.0010289644,0.0010103012,0.0010656558,0.0010778416,0.0,0.0010581365,0.001044742,0.0010377836,0.0010496196,0.0010564069,0.0010689344,0.0010695745,0.0010581366,0.001044742,0.0010377838,0.0010496198,0.0010564069,0.0010689349,0.0,0.0,0.0,0.0010289644,0.0010103012,0.0010656558,0.0010887295,0.0010695598,0.0010581363,0.0,0.0010289644,0.0010103012,0.0010656558,0.0010778425,0.0010695757,0.0010581363,0.0010447416,0.0010656558,0.0,0.0010289644,0.0010103016,0.0,0.0010581363,0.0010447416,0.0010377836,0.0010496196,0.0010564069,0.0010689354,0.0,0.0010581363,0.0010447416,0.0010377836,0.0010496196,0.0010564069,0.0010689348,0.0,0.0010581372,0.0010447417,0.0010377836,0.0010496196,0.0010564069,0.001068936,0.0010695693,0.0010581363,0.0010447416,0.0010377833,0.0010496196,0.0010564069,0.0010689349,0.0,0.0,0.0010447416,0.0010289644,0.0010199156,0.0010312806,0.0011062784,0.0,0.0010581363,0.0010447416,0.0010377833,0.0010496196,0.0010564069,0.0010689344,0.0010698093,0.0010581387,0.001044742,0.0010377836,0.0010496196,0.0010564069,0.0010689368
k__Bacteria|p__Proteobacteria|c__Gammaproteobacteria|o__Enterobacterales|f__Enterobacteriaceae|g__Citrobacter|s__Citrobacter_sedlakii,0.0,0.0010612798,0.0010476491,0.0010402767,0.0010512836,0.0010572737,0.0010691993,0.0,0.0010612799,0.0010476491,0.0010402767,0.0010512836,0.0010572737,0.0010691992,0.0,0.0,0.0010476611,0.0010316271,0.0010221412,0.0010326684,0.0011081285,0.0010729323,0.0,0.0010476491,0.0010316178,0.0010221405,0.0010326684,0.0011081282,0.0,0.0,0.0010476491,0.0010316178,0.0010221405,0.0010326684,0.0011081282,0.001072923,0.0010612798,0.0010476491,0.0010402767,0.0010512836,0.0010572737,0.0010691993,0.0,0.0010612801,0.0010476491,0.0010402767,0.0010512836,0.0010572737,0.0010691992,0.0010729231,0.0010612798,0.0010476491,0.0010402767,0.0010512836,0.0010572737,0.0010691993,0.0,0.00106128,0.0010476492,0.0010402768,0.0010512836,0.0010572737,0.0010691995,0.0,0.0010612799,0.0010476491,0.0010402767,0.0010512836,0.0010572737,0.0010691993,0.0,0.0010612799,0.0,0.0010316178,0.0010126833,0.0010686339,0.001080009,0.0,0.0010612798,0.0010476491,0.0010402767,0.0010512836,0.0010572737,0.0010691995,0.0,0.0,0.0,0.0010316178,0.0010126833,0.0010686339,0.0010911239,0.0010729242,0.0010612799,0.0,0.0010316178,0.0010126833,0.0010686339,0.001080012,0.0010729381,0.0,0.0,0.0010316179,0.0010126833,0.0010686339,0.0010911231,0.001072928,0.0,0.0010476491,0.0,0.0010612798,0.0010476491,0.0010686337,0.0010729238,0.0,0.0,0.0010316178,0.0010126833,0.0010686339,0.001091122,0.0,0.0010612808,0.0,0.0010316178,0.0010126833,0.0010686339,0.001080008,0.0,0.0,0.0010476498,0.0010612805,0.0,0.0010316178,0.0010612798,0.0010729377,0.00106128,0.0,0.0010316176,0.0010126833,0.0010686339,0.0010800082,0.0,0.0,0.0010476492,0.0010316178,0.0010221405,0.0010326684,0.0011081281,0.0,0.0,0.0010476491,0.0,0.0010612798,0.0010476491,0.0010686337,0.0,0.0010612839,0.0,0.0010612799,0.0,0.0010612798,0.0010476488,0.0,0.0,0.0010476655,0.0010316204,0.0010221406,0.0010326684,0.0011081285,0.0,0.0010613101,0.001061283,0.001055611,0.0010668776,0.0,0.0009902471,0.0,0.0010612815,0.0010476497,0.0,0.00106128,0.0010476488,0.001040278,0.0010729261,0.0010612798,0.0010476491,0.0,0.0010612798,0.0010476491,0.0010402773,0.0,0.00106128,0.0010476492,0.0010402767,0.0010512836,0.0010572737,0.0010691993,0.0010729231,0.0010612798,0.0010476491,0.0010402767,0.0010512836,0.0010572737,0.0010691993,0.0010729285,0.0,0.0,0.0010316178,0.0010126833,0.0010686339,0.001091122,0.0010729238,0.0,0.0010476491,0.0010316178,0.0010221405,0.0010326684,0.0011081282,0.0,0.0010612799,0.0,0.0010316178,0.0010126833,0.0010686339,0.0010800081,0.0010729278,0.0,0.0010476491,0.0010316178,0.0010221405,0.0010326684,0.0011081304,0.0,0.0010612798,0.0010476491,0.0010402767,0.0010512836,0.0010572737,0.0010692001,0.001072923,0.0010612798,0.0010476491,0.0010402767,0.0010512836,0.0010572737,0.0010691993,0.0,0.0010612805,0.001047649,0.0010402767,0.0010512836,0.0010572737,0.0010691993,0.0,0.0,0.0010476491,0.0010316178,0.0010221405,0.0010326684,0.0011081282,0.0010729234,0.0010612798,0.0,0.0,0.0010612799,0.0010612799,0.001055611,0.0010729337,0.0,0.0010476491,0.0,0.0010612799,0.0010476491,0.0010686347,0.0010729488,0.0,0.00106128,0.0010476488,0.0010402767,0.0,0.0010612803,0.0,0.0010612797,0.0,0.0010316178,0.0010126833,0.0010686337,0.0010800095,0.0010729248,0.0,0.0010476491,0.0010316178,0.0010221406,0.0010326685,0.001108156,0.0010729318,0.0,0.0,0.0010316178,0.0010126833,0.0010686339,0.001091122,0.0,0.0010612799,0.0010476492,0.0010402767,0.0010512836,0.0010572737,0.0010691992,0.0010729209,0.0010612799,0.001047649,0.0,0.0010612799,0.0010476491,0.0010402773,0.0010729232,0.0,0.0010476488,0.0010316179,0.0010221405,0.0010326684,0.0011081292,0.0010729245,0.0,0.0010476488,0.0010316178,0.0010221406,0.0010326683,0.0011081282,0.0,0.0010612799,0.00106128,0.0010556107,0.0010668776,0.0,0.0009902832,0.0010729313,0.0,0.001047649,0.0010316178,0.0010221405,0.0010326684,0.0011081282,0.0010729255,0.0,0.0,0.0010316178,0.0010126833,0.0010686339,0.0010911232,0.0010729334,0.0010612801,0.0,0.0010316183,0.0010126835,0.0010686339,0.0010800118,0.0,0.0010612799,0.0010476488,0.0010402767,0.0010512836,0.0010572737,0.0010691993,0.0,0.001061281,0.0,0.0010316178,0.0010126833,0.0010686339,0.0010800081,0.0,0.0010612799,0.0010476492,0.0010402767,0.0010512836,0.0010572737,0.0010691994,0.0010729259,0.0010612799,0.0010476491,0.0010402768,0.0010512836,0.0010572737,0.0010691992,0.0,0.0,0.0,0.0010316178,0.0010126833,0.0010686339,0.0010911224,0.0010729227,0.0010612798,0.0,0.0010316178,0.0010126833,0.0010686339,0.0010800083,0.0010729287,0.0010612799,0.0010476491,0.0010686339,0.0,0.0010316178,0.0010126835,0.0,0.0010612798,0.0010476491,0.0010402767,0.0010512836,0.0010572737,0.0010691998,0.0,0.0010612798,0.0010476491,0.0010402767,0.0010512836,0.0010572737,0.0010691994,0.0,0.0010612801,0.001047649,0.0010402767,0.0010512836,0.0010572737,0.0010692005,0.0010729247,0.0010612798,0.0010476491,0.0010402767,0.0010512836,0.0010572737,0.0010691995,0.0,0.0,0.0010476491,0.0010316178,0.0010221405,0.0010326684,0.0011081281,0.0,0.0010612798,0.0010476491,0.0010402767,0.0010512836,0.0010572737,0.0010691993,0.0010730198,0.0010612812,0.0010476491,0.0010402767,0.0010512836,0.0010572737,0.0010692013
k__Bacteria|p__Proteobacteria|c__Gammaproteobacteria|o__Enterobacterales|f__Enterobacteriaceae|g__Enterobacter|s__Enterobacter_sp_kpr_6,0.0,0.0010594593,0.0010461292,0.0010392372,0.001051146,0.001058012,0.001070576,0.0,0.0010594598,0.0010461292,0.0010392372,0.001051146,0.001058012,0.001070576,0.0,0.0,0.0010461336,0.0010304208,0.0010214379,0.0010328825,0.0011075701,0.0010708546,0.0,0.0010461292,0.0010304175,0.0010214375,0.0010328825,0.0011075697,0.0,0.0,0.0010461292,0.0010304175,0.0010214375,0.0010328825,0.0011075696,0.0010708211,0.0010594596,0.0010461292,0.0010392372,0.001051146,0.001058012,0.0010705758,0.0,0.0010594599,0.0010461293,0.0010392372,0.001051146,0.001058012,0.0010705763,0.0010708211,0.0010594596,0.0010461292,0.0010392372,0.001051146,0.001058012,0.001070576,0.0,0.0010594595,0.0010461293,0.0010392374,0.001051146,0.001058012,0.0010705765,0.0,0.0010594598,0.0010461292,0.0010392372,0.001051146,0.001058012,0.0010705759,0.0,0.0010594598,0.0,0.0010304175,0.0010118203,0.0010669765,0.0010792213,0.0,0.0010594596,0.0010461292,0.0010392372,0.001051146,0.001058012,0.0010705765,0.0,0.0,0.0,0.0010304175,0.0010118203,0.0010669765,0.0010900385,0.0010708303,0.0010594598,0.0,0.0010304175,0.0010118203,0.0010669765,0.0010792253,0.0010708905,0.0,0.0,0.0010304176,0.0010118203,0.0010669765,0.0010900378,0.0010708435,0.0,0.0010461292,0.0,0.0010594596,0.0010461292,0.0010669763,0.0010708233,0.0,0.0,0.0010304175,0.0010118203,0.0010669765,0.0010900369,0.0,0.0010594601,0.0,0.0010304175,0.0010118203,0.0010669765,0.0010792201,0.0,0.0,0.0010461294,0.00105946,0.0,0.0010304175,0.0010594596,0.0010708391,0.0010594595,0.0,0.0010304175,0.0010118203,0.0010669765,0.0010792201,0.0,0.0,0.0010461293,0.0010304175,0.0010214375,0.0010328825,0.00110757,0.0,0.0,0.0010461292,0.0,0.0010594596,0.0010461292,0.0010669763,0.0,0.0010594608,0.0,0.0010594598,0.0,0.0010594596,0.0010461293,0.0,0.0,0.0010461351,0.0010304184,0.0010214378,0.0010328825,0.0011075699,0.0,0.0010594663,0.00105946,0.0010542528,0.0010664057,0.0,0.0009897389,0.0,0.0010594603,0.0010461295,0.0,0.0010594595,0.0010461293,0.0010392385,0.0010708265,0.0010594596,0.0010461292,0.0,0.0010594596,0.0010461292,0.0010392384,0.0,0.0010594595,0.0010461293,0.0010392372,0.001051146,0.001058012,0.001070576,0.001070821,0.0010594596,0.0010461292,0.0010392372,0.001051146,0.001058012,0.0010705759,0.0010708455,0.0,0.0,0.0010304175,0.0010118203,0.0010669765,0.0010900368,0.0010708243,0.0,0.0010461292,0.0010304175,0.0010214375,0.0010328825,0.0011075698,0.0,0.0010594598,0.0,0.0010304175,0.0010118203,0.0010669765,0.00107922,0.0010708347,0.0,0.0010461292,0.0010304175,0.0010214375,0.0010328825,0.0011075739,0.0,0.0010594596,0.0010461292,0.0010392372,0.001051146,0.001058012,0.0010705773,0.0010708219,0.0010594596,0.0010461292,0.0010392372,0.001051146,0.001058012,0.0010705758,0.0,0.0010594596,0.0010461293,0.0010392372,0.001051146,0.001058012,0.001070576,0.0,0.0,0.0010461292,0.0010304175,0.0010214375,0.0010328825,0.0011075697,0.0010708236,0.0010594596,0.0,0.0,0.0010594598,0.0010594598,0.0010542532,0.0010708575,0.0,0.0010461293,0.0,0.0010594598,0.0010461292,0.0010669779,0.0010709299,0.0,0.0010594595,0.0010461293,0.0010392372,0.0,0.00105946,0.0,0.0010594595,0.0,0.0010304175,0.0010118203,0.0010669765,0.0010792222,0.0010708262,0.0,0.0010461292,0.0010304175,0.0010214378,0.0010328827,0.0011076054,0.0010708345,0.0,0.0,0.0010304175,0.0010118203,0.0010669765,0.0010900366,0.0,0.0010594598,0.0010461293,0.0010392372,0.001051146,0.001058012,0.001070576,0.0010708614,0.0010594598,0.0010461293,0.0,0.0010594594,0.0010461292,0.0010392378,0.0010708232,0.0,0.0010461293,0.0010304176,0.0010214375,0.0010328825,0.0011075712,0.0010708242,0.0,0.0010461293,0.0010304175,0.0010214376,0.0010328826,0.0011075705,0.0,0.0010594598,0.0010594596,0.0010542527,0.0010664057,0.0,0.0009897705,0.0010708532,0.0,0.0010461293,0.0010304175,0.0010214375,0.0010328825,0.0011075696,0.0010708262,0.0,0.0,0.0010304175,0.0010118203,0.0010669765,0.0010900381,0.0010708846,0.0010594598,0.0,0.0010304177,0.0010118204,0.0010669765,0.0010792251,0.0,0.0010594598,0.0010461293,0.0010392372,0.001051146,0.001058012,0.0010705758,0.0,0.0010594598,0.0,0.0010304175,0.0010118203,0.0010669765,0.00107922,0.0,0.0010594596,0.0010461293,0.0010392372,0.001051146,0.001058012,0.001070576,0.0010708326,0.0010594594,0.0010461292,0.0010392374,0.001051146,0.001058012,0.0010705763,0.0,0.0,0.0,0.0010304175,0.0010118203,0.0010669765,0.0010900372,0.0010708206,0.0010594596,0.0,0.0010304175,0.0010118203,0.0010669765,0.0010792207,0.0010708316,0.0010594595,0.0010461292,0.0010669765,0.0,0.0010304175,0.0010118205,0.0,0.0010594596,0.0010461292,0.0010392372,0.001051146,0.001058012,0.0010705766,0.0,0.0010594596,0.0010461292,0.0010392372,0.001051146,0.001058012,0.001070576,0.0,0.0010594596,0.0010461293,0.0010392372,0.001051146,0.001058012,0.0010705775,0.0010708276,0.0010594596,0.0010461292,0.0010392372,0.001051146,0.001058012,0.0010705761,0.0,0.0,0.0010461292,0.0010304175,0.0010214375,0.0010328825,0.00110757,0.0,0.0010594596,0.0010461292,0.0010392372,0.001051146,0.001058012,0.0010705759,0.0010710387,0.0010594602,0.0010461292,0.0010392372,0.001051146,0.001058012,0.0010705783
k__Bacteria|p__Proteobacteria|c__Gammaproteobacteria|o__Moraxellales|f__Moraxellaceae|g__Acinetobacter|s__Acinetobacter_sp_ANC_4204,0.0,0.001057884,0.0010442269,0.0010368882,0.0010480669,0.0010542059,0.0010662843,0.0,0.0010578841,0.0010442269,0.0010368882,0.0010480669,0.0010542059,0.0010662841,0.0,0.0,0.0010442508,0.0010281898,0.0010187322,0.001029421,0.0011052487,0.0010696017,0.0,0.0010442269,0.0010281735,0.0010187312,0.001029421,0.0011052478,0.0,0.0,0.0010442269,0.0010281735,0.0010187312,0.001029421,0.001105248,0.0010695562,0.0010578841,0.0010442269,0.0010368882,0.0010480669,0.0010542059,0.0010662839,0.0,0.0010578851,0.0010442269,0.0010368882,0.0010480669,0.0010542059,0.0010662848,0.0010695561,0.0010578841,0.0010442269,0.0010368882,0.0010480669,0.0010542059,0.0010662841,0.0,0.0010578844,0.0010442281,0.0010368887,0.0010480669,0.0010542062,0.0010662846,0.0,0.0010578841,0.0010442269,0.0010368882,0.0010480669,0.0010542059,0.0010662841,0.0,0.0010578841,0.0,0.0010281735,0.001009223,0.0010653014,0.0010768684,0.0,0.0010578841,0.0010442269,0.0010368882,0.0010480669,0.0010542059,0.0010662841,0.0,0.0,0.0,0.0010281735,0.001009223,0.0010653016,0.0010880221,0.0010695683,0.0010578841,0.0,0.0010281735,0.001009223,0.0010653016,0.0010768753,0.001069647,0.0,0.0,0.0010281738,0.001009223,0.0010653014,0.0010880214,0.0010695887,0.0,0.0010442269,0.0,0.0010578841,0.0010442269,0.0010653016,0.0010695601,0.0,0.0,0.0010281735,0.001009223,0.0010653014,0.0010880205,0.0,0.0010578864,0.0,0.0010281735,0.001009223,0.0010653014,0.0010768666,0.0,0.0,0.0010442287,0.0010578859,0.0,0.0010281735,0.0010578841,0.0010695884,0.0010578844,0.0,0.0010281737,0.001009223,0.0010653014,0.0010768662,0.0,0.0,0.001044227,0.0010281735,0.0010187312,0.001029421,0.0011052483,0.0,0.0,0.0010442269,0.0,0.0010578841,0.0010442269,0.0010653016,0.0,0.00105789,0.0,0.0010578842,0.0,0.0010578841,0.0010442269,0.0,0.0,0.0010442551,0.0010281778,0.0010187312,0.001029421,0.0011052486,0.0,0.00105795,0.0010578914,0.0010522495,0.001063697,0.0,0.000986786,0.0,0.0010578878,0.0010442286,0.0,0.0010578845,0.0010442269,0.0010368922,0.0010695652,0.0010578841,0.0010442269,0.0,0.0010578841,0.0010442269,0.0010368894,0.0,0.0010578842,0.0010442269,0.0010368882,0.0010480669,0.0010542059,0.0010662843,0.001069556,0.0010578841,0.0010442269,0.0010368882,0.0010480669,0.0010542059,0.0010662841,0.0010695928,0.0,0.0,0.0010281735,0.001009223,0.0010653014,0.0010880204,0.0010695634,0.0,0.0010442269,0.0010281735,0.0010187312,0.001029421,0.0011052481,0.0,0.0010578842,0.0,0.0010281735,0.001009223,0.0010653014,0.001076866,0.001069579,0.0,0.0010442269,0.0010281735,0.0010187312,0.001029421,0.0011052577,0.0,0.0010578841,0.0010442269,0.0010368882,0.0010480669,0.0010542059,0.0010662855,0.0010695568,0.0010578841,0.0010442269,0.0010368882,0.0010480669,0.0010542059,0.0010662839,0.0,0.0010578849,0.0010442269,0.0010368882,0.0010480669,0.0010542059,0.0010662843,0.0,0.0,0.0010442269,0.0010281735,0.0010187312,0.001029421,0.001105248,0.0010695584,0.0010578841,0.0,0.0,0.0010578842,0.0010578841,0.0010522489,0.001069601,0.0,0.0010442273,0.0,0.0010578842,0.0010442269,0.0010653064,0.0010696972,0.0,0.0010578842,0.0010442269,0.0010368882,0.0,0.0010578848,0.0,0.001057884,0.0,0.0010281735,0.001009223,0.0010653016,0.0010768742,0.0010695639,0.0,0.0010442269,0.0010281735,0.0010187312,0.0010294217,0.0011053133,0.0010695785,0.0,0.0,0.0010281735,0.001009223,0.0010653014,0.0010880205,0.0,0.0010578842,0.0010442269,0.0010368882,0.0010480669,0.0010542059,0.0010662841,0.0010695657,0.0010578842,0.0010442269,0.0,0.001057884,0.0010442269,0.00103689,0.001069559,0.0,0.0010442269,0.0010281738,0.0010187312,0.001029421,0.0011052496,0.001069561,0.0,0.0010442269,0.0010281735,0.0010187313,0.001029421,0.0011052502,0.0,0.0010578842,0.0010578843,0.0010522485,0.0010636974,0.0,0.0009868299,0.0010695999,0.0,0.0010442269,0.0010281735,0.0010187312,0.001029421,0.0011052478,0.0010695618,0.0,0.0,0.0010281735,0.001009223,0.0010653014,0.0010880216,0.0010696404,0.0010578855,0.0,0.0010281751,0.0010092232,0.0010653017,0.0010768748,0.0,0.0010578841,0.0010442269,0.0010368882,0.0010480669,0.0010542059,0.0010662841,0.0,0.0010578859,0.0,0.0010281735,0.001009223,0.0010653014,0.0010768663,0.0,0.0010578842,0.001044227,0.0010368882,0.0010480669,0.0010542059,0.001066284,0.0010695742,0.0010578844,0.0010442269,0.0010368887,0.0010480669,0.0010542059,0.0010662844,0.0,0.0,0.0,0.0010281735,0.001009223,0.0010653014,0.0010880209,0.0010695555,0.0010578841,0.0,0.0010281735,0.001009223,0.0010653014,0.0010768673,0.0010695719,0.0010578841,0.0010442269,0.0010653014,0.0,0.0010281735,0.0010092232,0.0,0.0010578841,0.0010442269,0.0010368882,0.0010480669,0.0010542059,0.001066285,0.0,0.0010578841,0.0010442269,0.0010368882,0.0010480669,0.0010542059,0.0010662844,0.0,0.0010578851,0.0010442269,0.0010368882,0.0010480669,0.0010542059,0.0010662858,0.0010695687,0.0010578841,0.0010442269,0.0010368882,0.0010480669,0.0010542059,0.0010662844,0.0,0.0,0.0010442269,0.0010281735,0.0010187312,0.001029421,0.0011052481,0.0,0.0010578841,0.0010442269,0.0010368882,0.0010480669,0.0010542059,0.0010662841,0.0010697974,0.0010578864,0.0010442273,0.0010368883,0.0010480669,0.0010542062,0.0010662862
k__Bacteria|p__Proteobacteria|c__Gammaproteobacteria|o__Moraxellales|f__Moraxellaceae|g__Moraxella|s__Moraxella_osloensis,0.0,0.0010573141,0.001043958,0.0010370734,0.0010490664,0.001056003,0.001068647,0.0,0.0010573143,0.001043958,0.0010370734,0.0010490664,0.001056003,0.0010686468,0.0,0.0,0.0010439723,0.0010282317,0.0010192507,0.0010307722,0.0011057212,0.0010687312,0.0,0.001043958,0.0010282223,0.0010192501,0.0010307722,0.0011057206,0.0,0.0,0.001043958,0.0010282223,0.0010192501,0.0010307722,0.0011057206,0.0010687025,0.0010573142,0.001043958,0.0010370734,0.0010490664,0.001056003,0.0010686467,0.0,0.001057315,0.0010439581,0.0010370734,0.0010490664,0.001056003,0.0010686477,0.0010687027,0.0010573142,0.001043958,0.0010370734,0.0010490664,0.001056003,0.0010686468,0.0,0.0010573143,0.0010439586,0.0010370736,0.0010490664,0.001056003,0.0010686476,0.0,0.0010573143,0.001043958,0.0010370734,0.0010490664,0.001056003,0.0010686468,0.0,0.0010573143,0.0,0.0010282223,0.0010096048,0.0010648674,0.0010772104,0.0,0.0010573142,0.001043958,0.0010370734,0.0010490664,0.001056003,0.0010686475,0.0,0.0,0.0,0.0010282223,0.0010096048,0.0010648674,0.0010880623,0.001068711,0.0010573143,0.0,0.0010282223,0.0010096048,0.0010648674,0.0010772174,0.0010687711,0.0,0.0,0.0010282226,0.0010096048,0.0010648674,0.0010880618,0.0010687248,0.0,0.0010439578,0.0,0.0010573142,0.001043958,0.0010648675,0.0010687053,0.0,0.0,0.0010282223,0.0010096048,0.0010648674,0.0010880603,0.0,0.0010573155,0.0,0.0010282223,0.0010096048,0.0010648674,0.0010772088,0.0,0.0,0.001043959,0.0010573154,0.0,0.0010282223,0.0010573143,0.0010687244,0.0010573143,0.0,0.0010282223,0.0010096048,0.0010648674,0.0010772084,0.0,0.0,0.0010439581,0.0010282223,0.0010192501,0.0010307722,0.0011057209,0.0,0.0,0.001043958,0.0,0.0010573142,0.001043958,0.0010648672,0.0,0.0010573172,0.0,0.0010573143,0.0,0.0010573142,0.0010439581,0.0,0.0,0.0010439734,0.0010282247,0.00101925,0.0010307722,0.0011057211,0.0,0.0010573472,0.0010573181,0.001052116,0.0010643594,0.0,0.0009875138,0.0,0.0010573162,0.0010439588,0.0,0.0010573145,0.001043958,0.0010370766,0.0010687081,0.0010573142,0.001043958,0.0,0.0010573142,0.001043958,0.0010370746,0.0,0.0010573143,0.0010439581,0.0010370734,0.0010490664,0.001056003,0.0010686468,0.0010687025,0.0010573142,0.001043958,0.0010370734,0.0010490664,0.001056003,0.0010686468,0.00106873,0.0,0.0,0.0010282223,0.0010096048,0.0010648674,0.0010880602,0.0010687079,0.0,0.001043958,0.0010282223,0.0010192501,0.0010307722,0.0011057209,0.0,0.0010573143,0.0,0.0010282223,0.0010096048,0.0010648674,0.0010772081,0.0010687177,0.0,0.001043958,0.0010282223,0.0010192501,0.0010307722,0.0011057297,0.0,0.0010573142,0.001043958,0.0010370734,0.0010490664,0.001056003,0.0010686488,0.0010687031,0.0010573142,0.001043958,0.0010370734,0.0010490664,0.001056003,0.0010686467,0.0,0.0010573146,0.001043958,0.0010370734,0.0010490664,0.001056003,0.0010686468,0.0,0.0,0.001043958,0.0010282223,0.0010192501,0.0010307722,0.0011057206,0.001068704,0.0010573142,0.0,0.0,0.0010573143,0.0010573143,0.0010521162,0.0010687329,0.0,0.0010439581,0.0,0.0010573143,0.001043958,0.0010648711,0.0010688058,0.0,0.0010573145,0.001043958,0.0010370734,0.0,0.0010573152,0.0,0.0010573141,0.0,0.0010282223,0.0010096048,0.0010648674,0.0010772164,0.0010687077,0.0,0.001043958,0.0010282223,0.00101925,0.0010307727,0.0011057953,0.0010687172,0.0,0.0,0.0010282223,0.0010096048,0.0010648674,0.0010880599,0.0,0.0010573143,0.0010439581,0.0010370734,0.0010490664,0.001056003,0.0010686468,0.00106871,0.0010573142,0.001043958,0.0,0.0010573142,0.001043958,0.0010370748,0.0010687049,0.0,0.001043958,0.0010282226,0.0010192501,0.0010307722,0.0011057231,0.0010687056,0.0,0.0010439581,0.0010282223,0.00101925,0.0010307723,0.001105723,0.0,0.0010573142,0.0010573145,0.0010521157,0.0010643593,0.0,0.0009875599,0.001068736,0.0,0.001043958,0.0010282223,0.0010192501,0.0010307722,0.0011057206,0.001068707,0.0,0.0,0.0010282223,0.0010096048,0.0010648674,0.0010880618,0.0010687638,0.0010573149,0.0,0.0010282234,0.0010096049,0.0010648675,0.0010772172,0.0,0.0010573143,0.001043958,0.0010370734,0.0010490664,0.001056003,0.0010686467,0.0,0.001057315,0.0,0.0010282223,0.0010096048,0.0010648674,0.0010772081,0.0,0.0010573143,0.0010439581,0.0010370734,0.0010490664,0.001056003,0.0010686468,0.0010687156,0.0010573143,0.001043958,0.0010370736,0.0010490664,0.001056003,0.0010686473,0.0,0.0,0.0,0.0010282223,0.0010096048,0.0010648674,0.0010880608,0.0010687024,0.0010573142,0.0,0.0010282223,0.0010096048,0.0010648674,0.0010772093,0.0010687129,0.0010573143,0.001043958,0.0010648674,0.0,0.0010282223,0.0010096049,0.0,0.0010573142,0.001043958,0.0010370734,0.0010490664,0.001056003,0.001068648,0.0,0.0010573142,0.001043958,0.0010370734,0.0010490664,0.001056003,0.0010686471,0.0,0.0010573147,0.001043958,0.0010370734,0.0010490664,0.001056003,0.0010686497,0.0010687105,0.0010573142,0.001043958,0.0010370734,0.0010490664,0.001056003,0.0010686473,0.0,0.0,0.001043958,0.0010282223,0.0010192501,0.0010307722,0.001105721,0.0,0.0010573142,0.001043958,0.0010370734,0.0010490664,0.001056003,0.0010686468,0.0010688598,0.0010573155,0.001043958,0.0010370736,0.0010490664,0.001056003,0.0010686504
k__Bacteria|p__Proteobacteria|c__Gammaproteobacteria|o__Moraxellales|f__Moraxellaceae|g__Acinetobacter|s__Acinetobacter_nosocomialis,0.0,0.0010577851,0.0010441632,0.0010368791,0.0010481558,0.0010543909,0.0010665375,0.0,0.0010577851,0.0010441632,0.0010368791,0.0010481558,0.0010543909,0.0010665375,0.0,0.0,0.0010441784,0.0010281584,0.0010187618,0.0010295513,0.0011052778,0.0010694568,0.0,0.0010441632,0.0010281479,0.0010187615,0.0010295513,0.0011052773,0.0,0.0,0.0010441632,0.0010281479,0.0010187612,0.0010295513,0.0011052774,0.0010694236,0.001057785,0.0010441632,0.0010368791,0.0010481558,0.0010543909,0.0010665375,0.0,0.0010577855,0.0010441635,0.0010368791,0.0010481558,0.0010543909,0.0010665379,0.0010694237,0.001057785,0.0010441632,0.0010368791,0.0010481558,0.0010543909,0.0010665373,0.0,0.0010577854,0.0010441641,0.0010368793,0.0010481558,0.0010543909,0.0010665379,0.0,0.0010577851,0.0010441632,0.0010368791,0.0010481558,0.0010543909,0.0010665376,0.0,0.0010577851,0.0,0.0010281479,0.0010092366,0.0010652193,0.001076879,0.0,0.001057785,0.0010441632,0.0010368791,0.0010481558,0.0010543909,0.0010665378,0.0,0.0,0.0,0.0010281479,0.0010092366,0.0010652193,0.0010879977,0.0010694321,0.0010577851,0.0,0.0010281479,0.0010092366,0.0010652193,0.0010768817,0.0010694837,0.0,0.0,0.0010281478,0.0010092366,0.0010652193,0.0010879975,0.0010694462,0.0,0.0010441632,0.0,0.001057785,0.0010441632,0.0010652193,0.0010694261,0.0,0.0,0.0010281479,0.0010092366,0.0010652193,0.0010879966,0.0,0.0010577863,0.0,0.0010281479,0.0010092366,0.0010652193,0.0010768779,0.0,0.0,0.0010441644,0.0010577862,0.0,0.0010281479,0.0010577852,0.0010694491,0.0010577854,0.0,0.0010281478,0.0010092366,0.0010652193,0.0010768779,0.0,0.0,0.0010441636,0.0010281479,0.0010187612,0.0010295513,0.0011052776,0.0,0.0,0.0010441632,0.0,0.001057785,0.0010441632,0.0010652194,0.0,0.0010577887,0.0,0.0010577851,0.0,0.001057785,0.0010441634,0.0,0.0,0.0010441795,0.0010281504,0.0010187614,0.0010295513,0.0011052776,0.0,0.00105782,0.0010577892,0.0010522023,0.0010637463,0.0,0.0009868345,0.0,0.001057787,0.0010441644,0.0,0.0010577855,0.0010441635,0.0010368812,0.0010694306,0.001057785,0.0010441632,0.0,0.001057785,0.0010441632,0.0010368798,0.0,0.0010577851,0.0010441634,0.0010368791,0.0010481558,0.0010543909,0.0010665375,0.0010694236,0.001057785,0.0010441632,0.0010368791,0.0010481558,0.0010543909,0.0010665376,0.001069447,0.0,0.0,0.0010281479,0.0010092366,0.0010652193,0.0010879966,0.0010694275,0.0,0.0010441632,0.0010281479,0.0010187612,0.0010295513,0.0011052774,0.0,0.0010577854,0.0,0.0010281479,0.0010092366,0.0010652193,0.0010768779,0.0010694392,0.0,0.0010441632,0.0010281479,0.0010187612,0.0010295513,0.0011052808,0.0,0.001057785,0.0010441632,0.0010368791,0.0010481558,0.0010543909,0.0010665382,0.0010694244,0.001057785,0.0010441632,0.0010368791,0.0010481558,0.0010543909,0.0010665375,0.0,0.0010577855,0.0010441635,0.0010368791,0.0010481558,0.0010543909,0.0010665375,0.0,0.0,0.0010441632,0.0010281479,0.0010187612,0.0010295513,0.0011052776,0.0010694262,0.001057785,0.0,0.0,0.0010577851,0.0010577851,0.0010522022,0.0010694609,0.0,0.0010441638,0.0,0.0010577851,0.0010441632,0.0010652218,0.0010695234,0.0,0.0010577854,0.0010441635,0.0010368791,0.0,0.0010577856,0.0,0.0010577849,0.0,0.0010281479,0.0010092366,0.0010652193,0.0010768826,0.0010694294,0.0,0.0010441632,0.0010281479,0.0010187614,0.0010295515,0.0011053047,0.00106944,0.0,0.0,0.0010281479,0.0010092366,0.0010652193,0.0010879966,0.0,0.0010577851,0.0010441634,0.0010368791,0.0010481558,0.0010543909,0.0010665375,0.0010694506,0.0010577852,0.0010441635,0.0,0.0010577849,0.0010441632,0.0010368801,0.0010694254,0.0,0.0010441635,0.0010281479,0.0010187615,0.0010295513,0.0011052785,0.001069427,0.0,0.0010441634,0.0010281478,0.0010187614,0.0010295514,0.0011052781,0.0,0.0010577852,0.0010577851,0.0010522017,0.0010637464,0.0,0.0009868665,0.0010694532,0.0,0.0010441635,0.0010281479,0.0010187612,0.0010295513,0.0011052774,0.0010694287,0.0,0.0,0.0010281479,0.0010092366,0.0010652193,0.0010879976,0.0010694811,0.0010577856,0.0,0.0010281485,0.0010092366,0.0010652193,0.0010768819,0.0,0.001057785,0.0010441635,0.0010368791,0.0010481558,0.0010543909,0.0010665375,0.0,0.0010577863,0.0,0.0010281479,0.0010092366,0.0010652193,0.0010768779,0.0,0.001057785,0.0010441636,0.0010368791,0.0010481558,0.0010543909,0.0010665375,0.0010694345,0.0010577852,0.0010441635,0.0010368791,0.0010481558,0.0010543909,0.0010665376,0.0,0.0,0.0,0.0010281479,0.0010092366,0.0010652193,0.0010879972,0.0010694232,0.001057785,0.0,0.0010281479,0.0010092366,0.0010652193,0.0010768784,0.001069435,0.001057785,0.0010441632,0.0010652193,0.0,0.0010281479,0.0010092367,0.0,0.001057785,0.0010441632,0.0010368791,0.0010481558,0.0010543909,0.0010665378,0.0,0.001057785,0.0010441632,0.0010368791,0.0010481558,0.0010543909,0.0010665376,0.0,0.0010577855,0.0010441635,0.0010368791,0.0010481558,0.0010543909,0.0010665385,0.0010694301,0.001057785,0.0010441632,0.0010368791,0.0010481558,0.0010543909,0.0010665376,0.0,0.0,0.0010441632,0.0010281479,0.0010187615,0.0010295513,0.0011052777,0.0,0.001057785,0.0010441632,0.0010368791,0.0010481558,0.0010543909,0.0010665376,0.0010696354,0.0010577866,0.0010441635,0.0010368791,0.0010481558,0.0010543909,0.0010665387
k__Bacteria|p__Proteobacteria|c__Gammaproteobacteria|o__Pasteurellales|f__Pasteurellaceae|g__Aggregatibacter|s__Aggregatibacter_kilianii,0.0,0.0010614903,0.0010478841,0.0010405438,0.0010515992,0.0010576382,0.0010695948,0.0,0.0010614904,0.0010478841,0.0010405438,0.0010515992,0.0010576382,0.0010695946,0.0,0.0,0.0010479,0.0010318889,0.0010224351,0.0010330126,0.0011083795,0.001073147,0.0,0.0010478841,0.0010318788,0.0010224343,0.0010330126,0.0011083786,0.0,0.0,0.0010478841,0.0010318788,0.0010224343,0.0010330126,0.0011083788,0.0010731105,0.0010614903,0.0010478841,0.0010405438,0.0010515992,0.0010576382,0.0010695946,0.0,0.0010614911,0.0010478843,0.0010405438,0.0010515992,0.0010576382,0.0010695951,0.0010731103,0.0010614903,0.0010478841,0.0010405438,0.0010515992,0.0010576382,0.0010695948,0.0,0.0010614905,0.0010478847,0.0010405439,0.0010515992,0.0010576382,0.0010695956,0.0,0.0010614904,0.0010478841,0.0010405438,0.0010515992,0.0010576382,0.0010695946,0.0,0.0010614904,0.0,0.0010318788,0.0010129706,0.0010688499,0.0010802702,0.0,0.0010614903,0.0010478841,0.0010405438,0.0010515992,0.0010576382,0.0010695952,0.0,0.0,0.0,0.0010318788,0.0010129706,0.0010688499,0.0010913595,0.0010731216,0.0010614904,0.0,0.0010318788,0.0010129706,0.0010688499,0.0010802773,0.0010731986,0.0,0.0,0.0010318789,0.0010129706,0.0010688499,0.0010913583,0.0010731389,0.0,0.0010478841,0.0,0.0010614903,0.0010478841,0.0010688498,0.0010731146,0.0,0.0,0.0010318788,0.0010129706,0.0010688499,0.0010913567,0.0,0.0010614924,0.0,0.0010318788,0.0010129706,0.0010688499,0.0010802689,0.0,0.0,0.0010478848,0.0010614923,0.0,0.0010318788,0.0010614904,0.0010731405,0.0010614907,0.0,0.0010318788,0.0010129706,0.0010688499,0.0010802686,0.0,0.0,0.0010478845,0.0010318788,0.0010224343,0.0010330126,0.0011083791,0.0,0.0,0.0010478841,0.0,0.0010614903,0.0010478841,0.0010688498,0.0,0.0010614947,0.0,0.0010614904,0.0,0.0010614903,0.0010478842,0.0,0.0,0.001047906,0.0010318821,0.0010224343,0.0010330126,0.0011083796,0.0,0.0010615406,0.0010614955,0.0010558522,0.0010671652,0.0,0.000990565,0.0,0.0010614933,0.0010478854,0.0,0.0010614909,0.0010478841,0.0010405462,0.0010731174,0.0010614903,0.0010478841,0.0,0.0010614903,0.0010478841,0.001040545,0.0,0.0010614909,0.0010478842,0.0010405438,0.0010515992,0.0010576382,0.0010695948,0.0010731103,0.0010614903,0.0010478841,0.0010405438,0.0010515992,0.0010576382,0.0010695946,0.001073143,0.0,0.0,0.0010318788,0.0010129706,0.0010688499,0.0010913566,0.0010731184,0.0,0.0010478841,0.0010318788,0.0010224343,0.0010330126,0.001108379,0.0,0.0010614904,0.0,0.0010318788,0.0010129706,0.0010688499,0.0010802684,0.001073129,0.0,0.0010478841,0.0010318788,0.0010224343,0.0010330126,0.0011083873,0.0,0.0010614903,0.0010478841,0.0010405438,0.0010515992,0.0010576382,0.0010695963,0.0010731113,0.0010614903,0.0010478841,0.0010405438,0.0010515992,0.0010576382,0.0010695946,0.0,0.0010614911,0.0010478841,0.0010405438,0.0010515992,0.0010576382,0.001069595,0.0,0.0,0.0010478841,0.0010318788,0.0010224343,0.0010330126,0.001108379,0.001073113,0.0010614903,0.0,0.0,0.0010614904,0.0010614904,0.001055852,0.001073149,0.0,0.0010478845,0.0,0.0010614904,0.0010478841,0.0010688524,0.0010732404,0.0,0.0010614909,0.0010478841,0.0010405438,0.0,0.0010614912,0.0,0.0010614902,0.0,0.0010318788,0.0010129706,0.0010688499,0.0010802735,0.0010731167,0.0,0.0010478841,0.0010318788,0.0010224343,0.0010330132,0.0011084516,0.0010731267,0.0,0.0,0.0010318788,0.0010129706,0.0010688499,0.0010913563,0.0,0.0010614904,0.0010478842,0.0010405438,0.0010515992,0.0010576382,0.0010695946,0.0010731217,0.0010614905,0.0010478841,0.0,0.0010614904,0.0010478841,0.001040545,0.001073114,0.0,0.0010478841,0.0010318789,0.0010224343,0.0010330126,0.0011083807,0.0010731147,0.0,0.0010478842,0.0010318788,0.0010224343,0.0010330128,0.0011083806,0.0,0.0010614907,0.0010614909,0.0010558518,0.0010671653,0.0,0.0009906063,0.0010731553,0.0,0.0010478841,0.0010318788,0.0010224343,0.0010330126,0.0011083788,0.0010731171,0.0,0.0,0.0010318788,0.0010129706,0.0010688499,0.0010913584,0.0010731864,0.0010614919,0.0,0.0010318802,0.0010129708,0.0010688502,0.0010802766,0.0,0.0010614905,0.0010478841,0.0010405438,0.0010515992,0.0010576382,0.0010695946,0.0,0.0010614918,0.0,0.0010318788,0.0010129706,0.0010688499,0.0010802684,0.0,0.0010614904,0.0010478845,0.0010405435,0.0010515992,0.0010576382,0.0010695948,0.0010731277,0.0010614907,0.0010478843,0.001040544,0.0010515992,0.0010576382,0.0010695951,0.0,0.0,0.0,0.0010318788,0.0010129706,0.0010688499,0.001091357,0.0010731098,0.0010614903,0.0,0.0010318788,0.0010129706,0.0010688499,0.0010802693,0.0010731237,0.0010614905,0.0010478841,0.0010688499,0.0,0.0010318788,0.0010129707,0.0,0.0010614903,0.0010478841,0.0010405438,0.0010515992,0.0010576382,0.0010695955,0.0,0.0010614903,0.0010478841,0.0010405438,0.0010515992,0.0010576382,0.001069595,0.0,0.0010614914,0.0010478841,0.0010405438,0.0010515992,0.0010576382,0.0010695969,0.0010731231,0.0010614903,0.0010478841,0.0010405438,0.0010515992,0.0010576382,0.0010695953,0.0,0.0,0.0010478841,0.0010318788,0.0010224343,0.0010330126,0.0011083791,0.0,0.0010614903,0.0010478841,0.0010405438,0.0010515992,0.0010576382,0.0010695946,0.0010732973,0.0010614925,0.0010478843,0.0010405439,0.0010515992,0.0010576382,0.0010695976
k__Bacteria|p__Proteobacteria|c__Gammaproteobacteria|o__Pseudomonadales|f__Pseudomonadaceae|g__Pseudomonas|s__Pseudomonas_koreensis,0.0,0.0010596586,0.0010458763,0.0010383162,0.001049048,0.0010547593,0.0010665128,0.0,0.0010596587,0.0010458763,0.0010383162,0.001049048,0.0010547593,0.0010665128,0.0,0.0,0.0010458909,0.0010296983,0.0010200175,0.0010302563,0.0011063198,0.0010714899,0.0,0.0010458763,0.0010296884,0.0010200167,0.0010302563,0.0011063186,0.0,0.0,0.0010458763,0.0010296884,0.0010200167,0.0010302563,0.0011063186,0.001071447,0.0010596587,0.0010458763,0.0010383162,0.001049048,0.0010547593,0.0010665128,0.0,0.0010596591,0.0010458764,0.0010383162,0.001049048,0.0010547593,0.0010665134,0.001071447,0.0010596587,0.0010458763,0.0010383162,0.001049048,0.0010547593,0.0010665128,0.0,0.0010596588,0.0010458769,0.0010383163,0.001049048,0.0010547593,0.0010665136,0.0,0.0010596587,0.0010458763,0.0010383162,0.001049048,0.0010547593,0.0010665128,0.0,0.0010596587,0.0,0.0010296884,0.0010105936,0.0010669861,0.0010781152,0.0,0.0010596587,0.0010458763,0.001038316,0.001049048,0.0010547593,0.0010665137,0.0,0.0,0.0,0.0010296884,0.0010105936,0.0010669861,0.0010893896,0.0010714588,0.0010596587,0.0,0.0010296884,0.0010105936,0.0010669861,0.0010781243,0.0010715375,0.0,0.0,0.0010296886,0.0010105936,0.0010669861,0.001089389,0.0010714759,0.0,0.0010458763,0.0,0.0010596587,0.0010458763,0.0010669864,0.0010714509,0.0,0.0,0.0010296884,0.0010105936,0.0010669861,0.0010893871,0.0,0.0010596603,0.0,0.0010296884,0.0010105936,0.0010669861,0.0010781137,0.0,0.0,0.0010458771,0.0010596598,0.0,0.0010296884,0.0010596591,0.0010714747,0.0010596591,0.0,0.0010296883,0.0010105936,0.0010669861,0.0010781132,0.0,0.0,0.0010458765,0.0010296884,0.0010200167,0.0010302563,0.001106319,0.0,0.0,0.0010458763,0.0,0.0010596587,0.0010458763,0.0010669864,0.0,0.0010596632,0.0,0.0010596588,0.0,0.0010596587,0.0010458764,0.0,0.0,0.0010458927,0.0010296914,0.0010200168,0.0010302563,0.0011063196,0.0,0.0010596995,0.0010596631,0.0010538099,0.0010648156,0.0,0.0009880039,0.0,0.0010596614,0.0010458772,0.0,0.0010596591,0.0010458764,0.0010383192,0.0010714541,0.0010596587,0.0010458763,0.0,0.0010596587,0.0010458763,0.0010383178,0.0,0.0010596588,0.0010458764,0.001038316,0.001049048,0.0010547593,0.0010665129,0.001071447,0.0010596587,0.0010458763,0.0010383162,0.001049048,0.0010547593,0.0010665128,0.0010714777,0.0,0.0,0.0010296884,0.0010105936,0.0010669861,0.0010893869,0.0010714529,0.0,0.0010458763,0.0010296884,0.0010200167,0.0010302563,0.0011063193,0.0,0.0010596588,0.0,0.0010296884,0.0010105936,0.0010669861,0.0010781131,0.0010714693,0.0,0.0010458763,0.0010296884,0.0010200167,0.0010302563,0.0011063287,0.0,0.0010596587,0.0010458763,0.0010383162,0.001049048,0.0010547593,0.0010665149,0.0010714479,0.0010596587,0.0010458763,0.0010383162,0.001049048,0.0010547593,0.0010665128,0.0,0.0010596593,0.0010458764,0.001038316,0.001049048,0.0010547593,0.001066513,0.0,0.0,0.0010458763,0.0010296884,0.0010200167,0.0010302563,0.0011063189,0.0010714503,0.0010596587,0.0,0.0,0.0010596588,0.0010596587,0.0010538099,0.0010714936,0.0,0.0010458765,0.0,0.0010596588,0.0010458763,0.0010669894,0.001071589,0.0,0.0010596587,0.0010458764,0.001038316,0.0,0.0010596595,0.0,0.0010596586,0.0,0.0010296884,0.0010105936,0.0010669861,0.001078121,0.0010714534,0.0,0.0010458763,0.0010296884,0.0010200168,0.0010302569,0.0011063941,0.0010714656,0.0,0.0,0.0010296884,0.0010105936,0.0010669861,0.001089387,0.0,0.0010596588,0.0010458764,0.0010383162,0.001049048,0.0010547593,0.0010665128,0.0010714729,0.0010596587,0.0010458764,0.0,0.0010596587,0.0010458763,0.0010383173,0.0010714501,0.0,0.0010458764,0.0010296884,0.0010200167,0.0010302563,0.0011063215,0.0010714518,0.0,0.0010458764,0.0010296886,0.0010200168,0.0010302564,0.0011063213,0.0,0.0010596587,0.0010596588,0.0010538094,0.0010648154,0.0,0.0009880484,0.0010714876,0.0,0.0010458764,0.0010296884,0.0010200167,0.0010302563,0.0011063186,0.0010714539,0.0,0.0,0.0010296884,0.0010105936,0.0010669861,0.0010893891,0.0010715262,0.0010596595,0.0,0.0010296894,0.0010105937,0.0010669862,0.0010781218,0.0,0.0010596588,0.0010458764,0.001038316,0.001049048,0.0010547593,0.0010665128,0.0,0.0010596598,0.0,0.0010296884,0.0010105936,0.0010669861,0.0010781131,0.0,0.0010596587,0.0010458765,0.001038316,0.001049048,0.0010547593,0.0010665128,0.0010714654,0.0010596588,0.0010458763,0.0010383165,0.001049048,0.0010547593,0.0010665132,0.0,0.0,0.0,0.0010296884,0.0010105936,0.0010669861,0.0010893875,0.0010714466,0.0010596587,0.0,0.0010296884,0.0010105936,0.0010669861,0.0010781145,0.0010714623,0.0010596588,0.0010458763,0.0010669861,0.0,0.0010296884,0.0010105936,0.0,0.0010596587,0.0010458763,0.001038316,0.001049048,0.0010547593,0.0010665139,0.0,0.0010596587,0.0010458763,0.001038316,0.001049048,0.0010547593,0.0010665131,0.0,0.0010596592,0.0010458764,0.001038316,0.001049048,0.0010547593,0.001066516,0.0010714572,0.0010596587,0.0010458763,0.001038316,0.001049048,0.0010547593,0.0010665137,0.0,0.0,0.0010458763,0.0010296884,0.0010200167,0.0010302563,0.0011063194,0.0,0.0010596587,0.0010458763,0.0010383162,0.001049048,0.0010547593,0.0010665128,0.0010717186,0.0010596606,0.0010458763,0.0010383162,0.001049048,0.0010547593,0.001066517
k__Bacteria|p__Proteobacteria|c__Gammaproteobacteria|o__Enterobacterales|f__Enterobacteriaceae|g__Phytobacter|s__Phytobacter_massiliensis,0.0,0.0010580122,0.0010444209,0.0010371766,0.0010485154,0.001054813,0.0010670001,0.0,0.0010580122,0.0010444209,0.0010371766,0.0010485154,0.001054813,0.0010670001,0.0,0.0,0.0010444324,0.0010284428,0.0010190927,0.0010299465,0.001105561,0.0010696813,0.0,0.0010444211,0.0010284367,0.0010190918,0.0010299465,0.0011055601,0.0,0.0,0.0010444211,0.0010284367,0.0010190918,0.0010299465,0.0011055601,0.0010696222,0.0010580121,0.0010444209,0.0010371766,0.0010485154,0.001054813,0.0010670001,0.0,0.0010580127,0.0010444211,0.0010371766,0.0010485154,0.001054813,0.001067001,0.001069622,0.0010580121,0.0010444209,0.0010371766,0.0010485154,0.001054813,0.001067,0.0,0.0010580124,0.0010444217,0.0010371767,0.0010485154,0.001054813,0.0010670009,0.0,0.0010580122,0.0010444209,0.0010371766,0.0010485154,0.001054813,0.0010670001,0.0,0.0010580122,0.0,0.0010284367,0.001009558,0.001065454,0.001077172,0.0,0.0010580121,0.0010444209,0.0010371766,0.0010485154,0.001054813,0.0010670009,0.0,0.0,0.0,0.0010284367,0.001009558,0.001065454,0.0010882599,0.001069641,0.0010580122,0.0,0.0010284367,0.001009558,0.001065454,0.0010771811,0.0010697666,0.0,0.0,0.0010284373,0.001009558,0.001065454,0.001088259,0.0010696688,0.0,0.0010444209,0.0,0.0010580121,0.0010444209,0.0010654542,0.001069628,0.0,0.0,0.0010284367,0.001009558,0.001065454,0.0010882571,0.0,0.0010580138,0.0,0.0010284367,0.001009558,0.001065454,0.0010771704,0.0,0.0,0.0010444213,0.0010580141,0.0,0.0010284367,0.0010580126,0.0010696595,0.0010580127,0.0,0.0010284369,0.001009558,0.001065454,0.0010771699,0.0,0.0,0.0010444212,0.0010284367,0.0010190918,0.0010299465,0.0011055607,0.0,0.0,0.0010444211,0.0,0.0010580121,0.0010444209,0.001065454,0.0,0.0010580148,0.0,0.0010580124,0.0,0.0010580121,0.0010444212,0.0,0.0,0.0010444357,0.0010284393,0.0010190919,0.0010299465,0.0011055606,0.0,0.0010580483,0.001058016,0.0010524677,0.0010640714,0.0,0.0009871945,0.0,0.0010580147,0.0010444218,0.0,0.0010580124,0.0010444211,0.0010371794,0.0010696322,0.0010580121,0.0010444209,0.0,0.0010580121,0.0010444209,0.0010371782,0.0,0.0010580125,0.0010444212,0.0010371766,0.0010485154,0.001054813,0.0010670001,0.001069622,0.0010580121,0.0010444209,0.0010371766,0.0010485154,0.001054813,0.0010670001,0.0010696732,0.0,0.0,0.0010284367,0.001009558,0.001065454,0.0010882568,0.0010696335,0.0,0.0010444209,0.0010284367,0.0010190918,0.0010299465,0.0011055603,0.0,0.0010580124,0.0,0.0010284367,0.001009558,0.001065454,0.0010771699,0.0010696512,0.0,0.0010444211,0.0010284367,0.0010190918,0.0010299465,0.0011055715,0.0,0.0010580121,0.0010444211,0.0010371766,0.0010485154,0.001054813,0.0010670022,0.0010696239,0.0010580121,0.0010444209,0.0010371766,0.0010485154,0.001054813,0.0010670001,0.0,0.0010580128,0.0010444211,0.0010371766,0.0010485154,0.001054813,0.0010670001,0.0,0.0,0.0010444211,0.0010284367,0.0010190918,0.0010299465,0.0011055601,0.0010696269,0.0010580121,0.0,0.0,0.0010580124,0.0010580122,0.0010524676,0.0010696852,0.0,0.001044421,0.0,0.0010580124,0.0010444209,0.0010654577,0.001069836,0.0,0.0010580124,0.0010444211,0.0010371766,0.0,0.0010580133,0.0,0.0010580121,0.0,0.0010284367,0.001009558,0.001065454,0.0010771783,0.0010696318,0.0,0.0010444211,0.0010284367,0.0010190919,0.0010299472,0.0011056544,0.001069644,0.0,0.0,0.0010284367,0.001009558,0.001065454,0.0010882568,0.0,0.0010580124,0.0010444212,0.0010371766,0.0010485154,0.001054813,0.0010670001,0.0010696644,0.0010580122,0.0010444211,0.0,0.0010580122,0.0010444211,0.0010371782,0.0010696278,0.0,0.0010444211,0.0010284369,0.0010190918,0.0010299465,0.0011055629,0.0010696285,0.0,0.0010444212,0.001028437,0.0010190919,0.0010299466,0.001105563,0.0,0.0010580122,0.0010580126,0.0010524674,0.0010640714,0.0,0.0009872341,0.0010696901,0.0,0.0010444211,0.0010284367,0.0010190918,0.0010299465,0.0011055601,0.0010696318,0.0,0.0,0.0010284367,0.001009558,0.001065454,0.0010882592,0.0010697506,0.0010580135,0.0,0.0010284382,0.0010095587,0.0010654541,0.0010771797,0.0,0.0010580124,0.0010444211,0.0010371766,0.0010485154,0.001054813,0.0010670001,0.0,0.0010580128,0.0,0.0010284367,0.001009558,0.001065454,0.0010771699,0.0,0.0010580124,0.0010444212,0.0010371766,0.0010485154,0.001054813,0.001067,0.0010696484,0.0010580122,0.0010444211,0.0010371767,0.0010485154,0.001054813,0.0010670004,0.0,0.0,0.0,0.0010284367,0.001009558,0.001065454,0.0010882574,0.0010696215,0.0010580121,0.0,0.0010284367,0.001009558,0.001065454,0.0010771713,0.0010696402,0.0010580124,0.0010444211,0.001065454,0.0,0.0010284367,0.0010095582,0.0,0.0010580121,0.0010444211,0.0010371766,0.0010485154,0.001054813,0.0010670009,0.0,0.0010580121,0.0010444211,0.0010371766,0.0010485154,0.001054813,0.0010670004,0.0,0.0010580132,0.0010444211,0.0010371766,0.0010485154,0.001054813,0.0010670029,0.0010696404,0.0010580121,0.0010444211,0.0010371766,0.0010485154,0.001054813,0.0010670009,0.0,0.0,0.0010444211,0.0010284367,0.0010190918,0.0010299465,0.0011055608,0.0,0.0010580121,0.0010444209,0.0010371766,0.0010485154,0.001054813,0.0010670001,0.0010699074,0.0010580138,0.0010444211,0.0010371766,0.0010485154,0.001054813,0.0010670037
k__Bacteria|p__Proteobacteria|c__Gammaproteobacteria|o__Enterobacterales|f__Erwiniaceae|g__Pantoea|s__Pantoea_sp_PSNIH6,0.0,0.001059361,0.0010455525,0.0010379603,0.001048646,0.0010543098,0.0010660347,0.0,0.001059361,0.0010455525,0.0010379603,0.001048646,0.0010543098,0.0010660345,0.0,0.0,0.001045575,0.0010293534,0.0010196337,0.0010298234,0.0011059918,0.0010712345,0.0,0.0010455525,0.0010293375,0.0010196327,0.0010298234,0.0011059913,0.0,0.0,0.0010455525,0.0010293375,0.0010196327,0.0010298234,0.0011059913,0.0010711746,0.001059361,0.0010455525,0.0010379603,0.001048646,0.0010543098,0.0010660345,0.0,0.0010593622,0.0010455525,0.0010379603,0.001048646,0.0010543098,0.001066035,0.0010711747,0.001059361,0.0010455525,0.0010379603,0.001048646,0.0010543098,0.0010660347,0.0,0.0010593614,0.0010455534,0.0010379604,0.001048646,0.0010543098,0.0010660349,0.0,0.001059361,0.0010455525,0.0010379603,0.001048646,0.0010543098,0.0010660347,0.0,0.001059361,0.0,0.0010293375,0.0010102149,0.0010666843,0.0010777713,0.0,0.001059361,0.0010455525,0.0010379603,0.001048646,0.0010543098,0.0010660345,0.0,0.0,0.0,0.0010293375,0.0010102149,0.0010666843,0.0010890726,0.00107119,0.001059361,0.0,0.0010293375,0.0010102149,0.0010666843,0.0010777762,0.001071285,0.0,0.0,0.0010293376,0.0010102149,0.0010666843,0.0010890722,0.0010712158,0.0,0.0010455525,0.0,0.001059361,0.0010455525,0.0010666845,0.0010711799,0.0,0.0,0.0010293375,0.0010102149,0.0010666843,0.0010890712,0.0,0.0010593634,0.0,0.0010293375,0.0010102149,0.0010666843,0.0010777697,0.0,0.0,0.0010455543,0.0010593628,0.0,0.0010293375,0.0010593612,0.0010712155,0.0010593614,0.0,0.0010293375,0.0010102149,0.0010666843,0.0010777698,0.0,0.0,0.0010455525,0.0010293375,0.0010196327,0.0010298234,0.0011059918,0.0,0.0,0.0010455525,0.0,0.001059361,0.0010455525,0.0010666844,0.0,0.0010593673,0.0,0.0010593612,0.0,0.001059361,0.0010455527,0.0,0.0,0.0010455793,0.001029342,0.0010196326,0.0010298234,0.0011059919,0.0,0.001059422,0.0010593679,0.0010534821,0.0010644435,0.0,0.0009875929,0.0,0.0010593648,0.0010455542,0.0,0.0010593616,0.0010455524,0.0010379635,0.001071186,0.001059361,0.0010455525,0.0,0.001059361,0.0010455525,0.0010379615,0.0,0.0010593613,0.0010455527,0.0010379603,0.001048646,0.0010543098,0.0010660347,0.0010711744,0.001059361,0.0010455525,0.0010379603,0.001048646,0.0010543098,0.0010660347,0.0010712198,0.0,0.0,0.0010293375,0.0010102149,0.0010666843,0.001089071,0.0010711829,0.0,0.0010455525,0.0010293375,0.0010196327,0.0010298234,0.0011059917,0.0,0.0010593612,0.0,0.0010293375,0.0010102149,0.0010666843,0.0010777697,0.001071201,0.0,0.0010455525,0.0010293375,0.0010196327,0.0010298234,0.0011059981,0.0,0.001059361,0.0010455525,0.0010379603,0.001048646,0.0010543098,0.0010660357,0.0010711759,0.001059361,0.0010455525,0.0010379603,0.001048646,0.0010543098,0.0010660345,0.0,0.0010593618,0.0010455524,0.0010379603,0.001048646,0.0010543098,0.0010660347,0.0,0.0,0.0010455525,0.0010293375,0.0010196327,0.0010298234,0.0011059918,0.0010711792,0.001059361,0.0,0.0,0.0010593612,0.001059361,0.0010534816,0.0010712377,0.0,0.0010455531,0.0,0.0010593612,0.0010455525,0.0010666888,0.0010713494,0.0,0.0010593615,0.0010455524,0.0010379603,0.0,0.0010593617,0.0,0.0010593609,0.0,0.0010293375,0.0010102149,0.0010666841,0.0010777742,0.0010711846,0.0,0.0010455525,0.0010293375,0.0010196326,0.001029824,0.0011060332,0.0010712022,0.0,0.0,0.0010293375,0.0010102149,0.0010666843,0.0010890712,0.0,0.0010593612,0.0010455527,0.0010379603,0.001048646,0.0010543098,0.0010660345,0.0010712101,0.0010593612,0.0010455524,0.0,0.0010593612,0.0010455525,0.0010379616,0.0010711785,0.0,0.0010455524,0.001029338,0.0010196327,0.0010298234,0.0011059928,0.001071181,0.0,0.0010455527,0.0010293375,0.0010196326,0.0010298237,0.0011059928,0.0,0.0010593612,0.0010593613,0.0010534811,0.0010644434,0.0,0.0009876296,0.0010712326,0.0,0.0010455524,0.0010293375,0.0010196327,0.0010298234,0.0011059913,0.0010711834,0.0,0.0,0.0010293375,0.0010102149,0.0010666843,0.001089072,0.0010712768,0.0010593622,0.0,0.0010293389,0.0010102155,0.0010666845,0.0010777764,0.0,0.0010593612,0.0010455524,0.0010379603,0.001048646,0.0010543098,0.0010660345,0.0,0.0010593632,0.0,0.0010293375,0.0010102149,0.0010666843,0.0010777697,0.0,0.0010593612,0.0010455525,0.0010379603,0.001048646,0.0010543098,0.0010660344,0.0010711959,0.0010593612,0.0010455525,0.0010379606,0.001048646,0.0010543098,0.0010660348,0.0,0.0,0.0,0.0010293375,0.0010102149,0.0010666843,0.0010890717,0.0010711739,0.001059361,0.0,0.0010293375,0.0010102149,0.0010666843,0.0010777704,0.0010711959,0.0010593612,0.0010455525,0.0010666843,0.0,0.0010293375,0.001010215,0.0,0.001059361,0.0010455525,0.0010379603,0.001048646,0.0010543098,0.0010660351,0.0,0.001059361,0.0010455525,0.0010379603,0.001048646,0.0010543098,0.0010660347,0.0,0.0010593622,0.0010455524,0.0010379603,0.001048646,0.0010543098,0.0010660352,0.0010711892,0.001059361,0.0010455525,0.0010379603,0.001048646,0.0010543098,0.0010660349,0.0,0.0,0.0010455525,0.0010293375,0.0010196327,0.0010298234,0.0011059918,0.0,0.001059361,0.0010455525,0.0010379603,0.001048646,0.0010543098,0.0010660347,0.0010714907,0.0010593637,0.0010455528,0.0010379602,0.001048646,0.0010543098,0.0010660359
k__Bacteria|p__Proteobacteria|c__Gammaproteobacteria|o__Enterobacterales|f__Erwiniaceae|g__Pantoea|s__Pantoea_brenneri,0.0,0.0010600798,0.0010466109,0.0010395021,0.0010510101,0.001057486,0.001069768,0.0,0.00106008,0.0010466109,0.0010395021,0.0010510101,0.001057486,0.0010697679,0.0,0.0,0.0010466285,0.0010307648,0.0010215488,0.0010325842,0.001107648,0.0010716199,0.0,0.0010466109,0.0010307523,0.0010215479,0.0010325842,0.0011076466,0.0,0.0,0.0010466109,0.0010307523,0.0010215479,0.0010325842,0.0011076467,0.001071572,0.0010600799,0.0010466109,0.0010395021,0.0010510101,0.001057486,0.0010697675,0.0,0.0010600807,0.001046611,0.0010395021,0.0010510101,0.001057486,0.0010697684,0.001071572,0.0010600799,0.0010466109,0.0010395021,0.0010510101,0.001057486,0.0010697679,0.0,0.0010600804,0.0010466116,0.0010395022,0.0010510101,0.001057486,0.0010697691,0.0,0.00106008,0.0010466109,0.0010395021,0.0010510101,0.001057486,0.001069768,0.0,0.00106008,0.0,0.0010307523,0.0010120003,0.0010675265,0.0010793883,0.0,0.0010600799,0.0010466109,0.0010395021,0.0010510101,0.001057486,0.0010697688,0.0,0.0,0.0,0.0010307523,0.0010120003,0.0010675265,0.0010903447,0.0010715844,0.00106008,0.0,0.0010307523,0.0010120003,0.0010675265,0.0010793981,0.001071675,0.0,0.0,0.0010307524,0.0010120003,0.0010675265,0.0010903433,0.0010716062,0.0,0.0010466109,0.0,0.0010600799,0.0010466109,0.0010675269,0.0010715764,0.0,0.0,0.0010307523,0.0010120003,0.0010675265,0.0010903408,0.0,0.0010600818,0.0,0.0010307523,0.0010120003,0.0010675265,0.0010793863,0.0,0.0,0.0010466123,0.0010600811,0.0,0.0010307523,0.0010600802,0.0010716073,0.0010600804,0.0,0.0010307523,0.0010120003,0.0010675265,0.0010793856,0.0,0.0,0.001046611,0.0010307523,0.0010215479,0.0010325842,0.0011076473,0.0,0.0,0.0010466109,0.0,0.0010600799,0.0010466109,0.0010675269,0.0,0.0010600853,0.0,0.00106008,0.0,0.0010600799,0.0010466112,0.0,0.0,0.00104663,0.0010307558,0.0010215478,0.0010325842,0.0011076481,0.0,0.0010601232,0.001060085,0.0010546648,0.0010664248,0.0,0.0009897657,0.0,0.0010600828,0.0010466122,0.0,0.0010600804,0.001046611,0.0010395057,0.00107158,0.0010600799,0.0010466109,0.0,0.0010600799,0.0010466109,0.0010395041,0.0,0.00106008,0.001046611,0.0010395021,0.0010510101,0.001057486,0.0010697679,0.001071572,0.0010600799,0.0010466109,0.0010395021,0.0010510101,0.001057486,0.001069768,0.0010716114,0.0,0.0,0.0010307523,0.0010120003,0.0010675265,0.0010903405,0.0010715793,0.0,0.0010466109,0.0010307523,0.0010215479,0.0010325842,0.0011076473,0.0,0.00106008,0.0,0.0010307523,0.0010120003,0.0010675265,0.0010793858,0.0010715942,0.0,0.0010466109,0.0010307523,0.0010215479,0.0010325842,0.0011076584,0.0,0.0010600799,0.0010466109,0.0010395021,0.0010510101,0.001057486,0.0010697708,0.0010715728,0.0010600799,0.0010466109,0.0010395021,0.0010510101,0.001057486,0.0010697675,0.0,0.0010600808,0.001046611,0.0010395021,0.0010510101,0.001057486,0.001069768,0.0,0.0,0.0010466109,0.0010307523,0.0010215479,0.0010325842,0.001107647,0.0010715757,0.0010600799,0.0,0.0,0.00106008,0.00106008,0.0010546655,0.0010716274,0.0,0.0010466112,0.0,0.00106008,0.0010466109,0.0010675304,0.0010717318,0.0,0.00106008,0.001046611,0.0010395021,0.0,0.0010600812,0.0,0.0010600798,0.0,0.0010307523,0.0010120003,0.0010675265,0.0010793925,0.0010715798,0.0,0.0010466109,0.0010307523,0.0010215478,0.0010325848,0.0011077385,0.001071595,0.0,0.0,0.0010307523,0.0010120003,0.0010675265,0.0010903402,0.0,0.00106008,0.001046611,0.0010395021,0.0010510101,0.001057486,0.0010697679,0.0010716002,0.0010600801,0.001046611,0.0,0.0010600799,0.0010466109,0.0010395035,0.0010715754,0.0,0.001046611,0.0010307526,0.0010215479,0.0010325842,0.0011076507,0.0010715778,0.0,0.001046611,0.0010307523,0.0010215478,0.0010325843,0.0011076496,0.0,0.0010600802,0.0010600801,0.0010546646,0.0010664248,0.0,0.0009898191,0.0010716253,0.0,0.001046611,0.0010307523,0.0010215479,0.0010325842,0.0011076467,0.0010715806,0.0,0.0,0.0010307523,0.0010120003,0.0010675265,0.0010903435,0.0010716604,0.0010600808,0.0,0.0010307535,0.0010120004,0.0010675265,0.0010793973,0.0,0.0010600799,0.001046611,0.0010395021,0.0010510101,0.001057486,0.0010697675,0.0,0.0010600813,0.0,0.0010307523,0.0010120003,0.0010675265,0.0010793858,0.0,0.00106008,0.001046611,0.0010395021,0.0010510101,0.001057486,0.0010697679,0.0010715931,0.0010600801,0.0010466112,0.0010395026,0.0010510101,0.001057486,0.0010697683,0.0,0.0,0.0,0.0010307523,0.0010120003,0.0010675265,0.001090341,0.0010715715,0.0010600799,0.0,0.0010307523,0.0010120003,0.0010675265,0.001079387,0.0010715909,0.0010600799,0.0010466109,0.0010675265,0.0,0.0010307523,0.0010120004,0.0,0.0010600799,0.0010466109,0.0010395021,0.0010510101,0.001057486,0.0010697695,0.0,0.0010600799,0.0010466109,0.0010395021,0.0010510101,0.001057486,0.0010697682,0.0,0.0010600806,0.001046611,0.0010395021,0.0010510101,0.001057486,0.0010697714,0.0010715836,0.0010600799,0.0010466109,0.0010395021,0.0010510101,0.001057486,0.0010697687,0.0,0.0,0.0010466109,0.0010307523,0.0010215479,0.0010325842,0.0011076473,0.0,0.0010600799,0.0010466109,0.0010395021,0.0010510101,0.001057486,0.001069768,0.0010718583,0.0010600821,0.0010466112,0.0010395024,0.0010510101,0.001057486,0.0010697725
k__Bacteria|p__Proteobacteria|c__Gammaproteobacteria|o__Enterobacterales|f__Enterobacteriaceae|g__Kluyvera|s__Kluyvera_intermedia,0.0,0.001059802,0.0010461664,0.0010388186,0.0010499171,0.001055989,0.0010679926,0.0,0.0010598024,0.0010461664,0.0010388186,0.0010499171,0.001055989,0.0010679926,0.0,0.0,0.0010461732,0.001030138,0.0010206808,0.0010312963,0.0011068963,0.0010714799,0.0,0.0010461664,0.0010301326,0.0010206804,0.0010312963,0.0011068956,0.0,0.0,0.0010461664,0.0010301326,0.0010206804,0.0010312963,0.0011068956,0.0010714516,0.0010598022,0.0010461664,0.0010388186,0.0010499171,0.001055989,0.0010679926,0.0,0.0010598024,0.0010461664,0.0010388186,0.0010499171,0.001055989,0.0010679936,0.0010714516,0.0010598022,0.0010461664,0.0010388186,0.0010499171,0.001055989,0.0010679926,0.0,0.0010598022,0.0010461666,0.0010388187,0.0010499171,0.001055989,0.001067993,0.0,0.0010598024,0.0010461664,0.0010388186,0.0010499171,0.001055989,0.0010679928,0.0,0.0010598024,0.0,0.0010301326,0.001011198,0.0010671866,0.0010786618,0.0,0.0010598022,0.0010461664,0.0010388186,0.0010499171,0.001055989,0.0010679931,0.0,0.0,0.0,0.0010301326,0.001011198,0.0010671866,0.0010897862,0.0010714582,0.0010598024,0.0,0.0010301326,0.001011198,0.0010671866,0.0010786655,0.001071497,0.0,0.0,0.0010301325,0.001011198,0.0010671866,0.001089786,0.0010714695,0.0,0.0010461664,0.0,0.0010598022,0.0010461664,0.0010671866,0.0010714531,0.0,0.0,0.0010301326,0.001011198,0.0010671866,0.0010897847,0.0,0.0010598027,0.0,0.0010301326,0.001011198,0.0010671866,0.0010786604,0.0,0.0,0.0010461671,0.0010598021,0.0,0.0010301326,0.0010598021,0.0010714649,0.0010598022,0.0,0.0010301325,0.001011198,0.0010671866,0.00107866,0.0,0.0,0.0010461664,0.0010301326,0.0010206804,0.0010312963,0.0011068963,0.0,0.0,0.0010461664,0.0,0.0010598022,0.0010461664,0.0010671866,0.0,0.0010598049,0.0,0.0010598025,0.0,0.0010598022,0.0010461665,0.0,0.0,0.0010461719,0.0010301338,0.0010206805,0.0010312963,0.0011068962,0.0,0.0010598094,0.0010598033,0.0010541569,0.0010655196,0.0,0.0009887693,0.0,0.0010598033,0.0010461669,0.0,0.0010598024,0.0010461664,0.001038821,0.0010714566,0.0010598022,0.0010461664,0.0,0.0010598022,0.0010461664,0.0010388199,0.0,0.0010598022,0.0010461665,0.0010388186,0.0010499171,0.001055989,0.0010679926,0.0010714517,0.0010598022,0.0010461664,0.0010388186,0.0010499171,0.001055989,0.0010679928,0.0010714675,0.0,0.0,0.0010301326,0.001011198,0.0010671866,0.0010897847,0.0010714516,0.0,0.0010461664,0.0010301326,0.0010206804,0.0010312963,0.0011068962,0.0,0.0010598025,0.0,0.0010301326,0.001011198,0.0010671866,0.0010786599,0.0010714637,0.0,0.0010461664,0.0010301326,0.0010206804,0.0010312963,0.001106902,0.0,0.0010598022,0.0010461664,0.0010388186,0.0010499171,0.001055989,0.0010679943,0.001071452,0.0010598022,0.0010461664,0.0010388186,0.0010499171,0.001055989,0.0010679926,0.0,0.0010598025,0.0010461664,0.0010388186,0.0010499171,0.001055989,0.0010679926,0.0,0.0,0.0010461664,0.0010301326,0.0010206804,0.0010312963,0.001106896,0.0010714538,0.0010598022,0.0,0.0,0.0010598025,0.0010598024,0.0010541575,0.0010714832,0.0,0.0010461668,0.0,0.0010598025,0.0010461664,0.0010671905,0.0010715353,0.0,0.0010598022,0.0010461664,0.0010388186,0.0,0.0010598028,0.0,0.0010598022,0.0,0.0010301326,0.001011198,0.0010671865,0.0010786654,0.0010714554,0.0,0.0010461664,0.0010301326,0.0010206806,0.0010312966,0.001106936,0.0010714646,0.0,0.0,0.0010301326,0.001011198,0.0010671866,0.0010897844,0.0,0.0010598025,0.0010461665,0.0010388186,0.0010499171,0.001055989,0.0010679926,0.0010714832,0.0010598024,0.0010461664,0.0,0.0010598021,0.0010461664,0.0010388192,0.0010714523,0.0,0.0010461664,0.0010301326,0.0010206804,0.0010312963,0.0011068977,0.0010714544,0.0,0.0010461665,0.0010301326,0.0010206806,0.0010312963,0.001106897,0.0,0.0010598024,0.0010598024,0.001054157,0.0010655198,0.0,0.0009888059,0.0010714725,0.0,0.0010461664,0.0010301326,0.0010206804,0.0010312963,0.0011068956,0.0010714558,0.0,0.0,0.0010301326,0.001011198,0.0010671866,0.0010897858,0.0010714915,0.0010598019,0.0,0.0010301329,0.0010111982,0.0010671866,0.001078666,0.0,0.0010598022,0.0010461664,0.0010388186,0.0010499171,0.001055989,0.0010679926,0.0,0.0010598031,0.0,0.0010301326,0.001011198,0.0010671866,0.0010786599,0.0,0.0010598022,0.0010461664,0.0010388186,0.0010499171,0.001055989,0.0010679928,0.0010714605,0.0010598021,0.0010461664,0.0010388187,0.0010499171,0.001055989,0.001067993,0.0,0.0,0.0,0.0010301326,0.001011198,0.0010671866,0.0010897852,0.0010714513,0.0010598022,0.0,0.0010301326,0.001011198,0.0010671866,0.0010786605,0.0010714618,0.0010598022,0.0010461664,0.0010671866,0.0,0.0010301326,0.0010111982,0.0,0.0010598022,0.0010461664,0.0010388186,0.0010499171,0.001055989,0.0010679938,0.0,0.0010598022,0.0010461664,0.0010388186,0.0010499171,0.001055989,0.0010679931,0.0,0.0010598022,0.0010461664,0.0010388186,0.0010499171,0.001055989,0.0010679949,0.001071454,0.0010598022,0.0010461664,0.0010388186,0.0010499171,0.001055989,0.0010679932,0.0,0.0,0.0010461664,0.0010301326,0.0010206804,0.0010312963,0.0011068961,0.0,0.0010598022,0.0010461664,0.0010388186,0.0010499171,0.001055989,0.0010679928,0.0010716672,0.0010598032,0.0010461664,0.0010388186,0.0010499171,0.001055989,0.0010679956
k__Bacteria|p__Proteobacteria|c__Gammaproteobacteria|o__Enterobacterales|f__Enterobacteriaceae|g__Kosakonia|s__Kosakonia_oryzendophytica,0.0,0.0010608479,0.001047185,0.0010397753,0.0010507306,0.0010566678,0.0010685623,0.0,0.001060848,0.001047185,0.0010397753,0.0010507306,0.0010566678,0.0010685623,0.0,0.0,0.0010471971,0.0010311295,0.0010216052,0.001032078,0.001107673,0.0010725273,0.0,0.0010471853,0.0010311211,0.0010216048,0.001032078,0.0011076726,0.0,0.0,0.001047185,0.0010311211,0.0010216048,0.001032078,0.0011076726,0.0010725217,0.001060848,0.001047185,0.0010397753,0.0010507306,0.0010566678,0.0010685622,0.0,0.0010608482,0.0010471852,0.0010397753,0.0010507306,0.0010566678,0.0010685626,0.0010725217,0.001060848,0.001047185,0.0010397753,0.0010507306,0.0010566678,0.0010685622,0.0,0.0010608481,0.0010471856,0.0010397754,0.0010507306,0.0010566678,0.0010685624,0.0,0.001060848,0.001047185,0.0010397753,0.0010507306,0.0010566678,0.0010685622,0.0,0.001060848,0.0,0.0010311211,0.0010121532,0.0010681984,0.0010795286,0.0,0.001060848,0.001047185,0.0010397753,0.0010507306,0.0010566678,0.0010685626,0.0,0.0,0.0,0.0010311211,0.0010121532,0.0010681984,0.0010906764,0.0010725225,0.001060848,0.0,0.0010311211,0.0010121532,0.0010681984,0.0010795329,0.0010725375,0.0,0.0,0.0010311211,0.0010121532,0.0010681984,0.0010906763,0.0010725255,0.0,0.001047185,0.0,0.001060848,0.001047185,0.0010681986,0.0010725221,0.0,0.0,0.0010311211,0.0010121532,0.0010681984,0.0010906754,0.0,0.001060849,0.0,0.0010311211,0.0010121532,0.0010681984,0.0010795273,0.0,0.0,0.001047186,0.0010608486,0.0,0.0010311211,0.001060848,0.0010725312,0.0010608481,0.0,0.001031121,0.0010121532,0.0010681984,0.0010795273,0.0,0.0,0.0010471854,0.0010311211,0.0010216048,0.001032078,0.0011076727,0.0,0.0,0.0010471853,0.0,0.001060848,0.001047185,0.0010681984,0.0,0.0010608516,0.0,0.0010608481,0.0,0.001060848,0.0010471852,0.0,0.0,0.001047199,0.0010311231,0.0010216049,0.001032078,0.0011076728,0.0,0.001060877,0.0010608509,0.0010551431,0.0010663616,0.0,0.0009896868,0.0,0.0010608496,0.0010471857,0.0,0.0010608481,0.0010471853,0.0010397776,0.0010725234,0.001060848,0.001047185,0.0,0.001060848,0.001047185,0.0010397761,0.0,0.0010608481,0.0010471854,0.0010397753,0.0010507306,0.0010566678,0.0010685622,0.0010725217,0.001060848,0.001047185,0.0010397753,0.0010507306,0.0010566678,0.0010685622,0.0010725254,0.0,0.0,0.0010311211,0.0010121532,0.0010681984,0.0010906754,0.0010725219,0.0,0.001047185,0.0010311211,0.0010216048,0.001032078,0.0011076726,0.0,0.0010608481,0.0,0.0010311211,0.0010121532,0.0010681984,0.0010795271,0.0010725269,0.0,0.0010471853,0.0010311211,0.0010216048,0.001032078,0.0011076785,0.0,0.001060848,0.001047185,0.0010397753,0.0010507306,0.0010566678,0.0010685632,0.0010725216,0.001060848,0.001047185,0.0010397753,0.0010507306,0.0010566678,0.0010685622,0.0,0.0010608484,0.0010471853,0.0010397753,0.0010507306,0.0010566678,0.0010685623,0.0,0.0,0.0010471853,0.0010311211,0.0010216048,0.001032078,0.0011076727,0.0010725216,0.001060848,0.0,0.0,0.0010608481,0.001060848,0.0010551432,0.001072528,0.0,0.0010471854,0.0,0.0010608481,0.001047185,0.0010682015,0.0010725512,0.0,0.0010608481,0.0010471853,0.0010397753,0.0,0.0010608487,0.0,0.0010608479,0.0,0.0010311211,0.0010121532,0.0010681985,0.0010795331,0.001072523,0.0,0.0010471853,0.0010311211,0.0010216049,0.0010320783,0.0011077196,0.0010725287,0.0,0.0,0.0010311211,0.0010121532,0.0010681984,0.0010906754,0.0,0.0010608481,0.0010471854,0.0010397753,0.0010507306,0.0010566678,0.0010685623,0.0010725091,0.001060848,0.0010471853,0.0,0.001060848,0.0010471853,0.0010397761,0.0010725217,0.0,0.0010471852,0.0010311211,0.0010216048,0.001032078,0.0011076741,0.0010725224,0.0,0.0010471854,0.0010311211,0.0010216049,0.001032078,0.0011076736,0.0,0.001060848,0.0010608482,0.0010551426,0.0010663613,0.0,0.0009897243,0.0010725242,0.0,0.0010471853,0.0010311211,0.0010216048,0.001032078,0.0011076726,0.0010725227,0.0,0.0,0.0010311211,0.0010121532,0.0010681984,0.0010906764,0.001072532,0.0010608484,0.0,0.001031122,0.0010121533,0.0010681985,0.0010795327,0.0,0.0010608481,0.0010471853,0.0010397753,0.0010507306,0.0010566678,0.0010685622,0.0,0.001060849,0.0,0.0010311211,0.0010121532,0.0010681984,0.0010795271,0.0,0.0010608481,0.0010471854,0.0010397753,0.0010507306,0.0010566678,0.0010685622,0.0010725253,0.001060848,0.0010471854,0.0010397756,0.0010507306,0.0010566678,0.0010685623,0.0,0.0,0.0,0.0010311211,0.0010121532,0.0010681984,0.0010906758,0.0010725216,0.001060848,0.0,0.0010311211,0.0010121532,0.0010681984,0.0010795278,0.001072525,0.0010608481,0.0010471853,0.0010681984,0.0,0.0010311211,0.0010121533,0.0,0.001060848,0.0010471853,0.0010397753,0.0010507306,0.0010566678,0.0010685629,0.0,0.001060848,0.0010471853,0.0010397753,0.0010507306,0.0010566678,0.0010685622,0.0,0.0010608482,0.0010471853,0.0010397753,0.0010507306,0.0010566678,0.0010685639,0.0010725226,0.001060848,0.0010471853,0.0010397753,0.0010507306,0.0010566678,0.0010685625,0.0,0.0,0.001047185,0.0010311211,0.0010216048,0.001032078,0.0011076728,0.0,0.001060848,0.001047185,0.0010397753,0.0010507306,0.0010566678,0.0010685622,0.0010726111,0.0010608494,0.0010471854,0.0010397753,0.0010507306,0.0010566678,0.0010685645
k__Bacteria|p__Proteobacteria|c__Gammaproteobacteria|o__Enterobacterales|f__Enterobacteriaceae|g__Kosakonia|s__Kosakonia_radicincitans,0.0,0.0010620434,0.0010482966,0.0010407384,0.0010513936,0.0010570431,0.0010687199,0.0,0.0010620436,0.0010482966,0.0010407384,0.0010513936,0.0010570431,0.0010687199,0.0,0.0,0.0010483043,0.0010321472,0.001022473,0.0010326434,0.0011083953,0.001073802,0.0,0.0010482966,0.0010321426,0.0010224724,0.0010326434,0.0011083948,0.0,0.0,0.0010482966,0.0010321426,0.0010224724,0.0010326434,0.0011083948,0.0010737951,0.0010620436,0.0010482966,0.0010407384,0.0010513936,0.0010570431,0.0010687199,0.0,0.001062044,0.0010482967,0.0010407384,0.0010513936,0.0010570431,0.0010687202,0.001073795,0.0010620436,0.0010482966,0.0010407384,0.0010513936,0.0010570431,0.0010687199,0.0,0.0010620437,0.001048297,0.0010407385,0.0010513936,0.0010570431,0.0010687207,0.0,0.0010620436,0.0010482966,0.0010407384,0.0010513936,0.0010570431,0.0010687199,0.0,0.0010620436,0.0,0.0010321426,0.0010130779,0.0010693334,0.0010803692,0.0,0.0010620436,0.0010482966,0.0010407383,0.0010513936,0.0010570431,0.0010687204,0.0,0.0,0.0,0.0010321426,0.0010130779,0.0010693334,0.0010915982,0.001073797,0.0010620436,0.0,0.0010321426,0.0010130779,0.0010693334,0.0010803739,0.0010738242,0.0,0.0,0.0010321427,0.0010130779,0.0010693334,0.0010915977,0.0010738024,0.0,0.0010482966,0.0,0.0010620436,0.0010482966,0.0010693334,0.0010737961,0.0,0.0,0.0010321426,0.0010130779,0.0010693334,0.001091596,0.0,0.0010620441,0.0,0.0010321426,0.0010130779,0.0010693334,0.0010803683,0.0,0.0,0.0010482972,0.0010620442,0.0,0.0010321426,0.0010620436,0.0010738025,0.0010620437,0.0,0.0010321426,0.0010130779,0.0010693334,0.0010803682,0.0,0.0,0.0010482967,0.0010321426,0.0010224724,0.0010326434,0.0011083949,0.0,0.0,0.0010482966,0.0,0.0010620436,0.0010482966,0.0010693333,0.0,0.0010620443,0.0,0.0010620437,0.0,0.0010620436,0.0010482967,0.0,0.0,0.0010483034,0.0010321435,0.0010224724,0.0010326434,0.0011083952,0.0,0.0010620608,0.0010620452,0.0010561947,0.0010671164,0.0,0.0009905064,0.0,0.0010620446,0.001048297,0.0,0.0010620437,0.0010482966,0.0010407402,0.0010737953,0.0010620436,0.0010482966,0.0,0.0010620436,0.0010482966,0.001040739,0.0,0.0010620436,0.0010482967,0.0010407383,0.0010513936,0.0010570431,0.0010687199,0.001073795,0.0010620436,0.0010482966,0.0010407384,0.0010513936,0.0010570431,0.0010687199,0.0010738076,0.0,0.0,0.0010321426,0.0010130779,0.0010693334,0.0010915961,0.0010737976,0.0,0.0010482966,0.0010321426,0.0010224724,0.0010326434,0.0011083947,0.0,0.0010620437,0.0,0.0010321426,0.0010130779,0.0010693334,0.0010803681,0.0010737983,0.0,0.0010482966,0.0010321426,0.0010224724,0.0010326434,0.0011083997,0.0,0.0010620436,0.0010482966,0.0010407384,0.0010513936,0.0010570431,0.0010687218,0.0010737949,0.0010620436,0.0010482966,0.0010407384,0.0010513936,0.0010570431,0.0010687199,0.0,0.001062044,0.0010482966,0.0010407381,0.0010513936,0.0010570431,0.0010687199,0.0,0.0,0.0010482966,0.0010321426,0.0010224724,0.0010326434,0.0011083949,0.001073795,0.0010620436,0.0,0.0,0.0010620437,0.0010620436,0.0010561952,0.0010738033,0.0,0.0010482967,0.0,0.0010620437,0.0010482966,0.0010693355,0.0010738391,0.0,0.0010620437,0.0010482966,0.0010407383,0.0,0.0010620442,0.0,0.0010620435,0.0,0.0010321426,0.0010130779,0.0010693334,0.001080371,0.0010737963,0.0,0.0010482966,0.0010321426,0.0010224724,0.0010326437,0.0011084364,0.0010737987,0.0,0.0,0.0010321426,0.0010130779,0.0010693334,0.001091596,0.0,0.0010620437,0.0010482967,0.0010407384,0.0010513936,0.0010570431,0.0010687199,0.0010737852,0.0010620436,0.0010482966,0.0,0.0010620435,0.0010482966,0.001040739,0.0010737961,0.0,0.0010482966,0.0010321428,0.0010224724,0.0010326434,0.0011083963,0.0010737957,0.0,0.0010482967,0.0010321424,0.0010224724,0.0010326434,0.0011083962,0.0,0.0010620436,0.0010620438,0.0010561948,0.0010671163,0.0,0.0009905396,0.0010738099,0.0,0.0010482966,0.0010321426,0.0010224724,0.0010326434,0.0011083948,0.0010737967,0.0,0.0,0.0010321426,0.0010130779,0.0010693334,0.0010915975,0.0010738182,0.001062044,0.0,0.0010321432,0.001013078,0.0010693332,0.001080374,0.0,0.0010620435,0.0010482966,0.0010407383,0.0010513936,0.0010570431,0.0010687199,0.0,0.0010620435,0.0,0.0010321426,0.0010130779,0.0010693334,0.0010803681,0.0,0.0010620437,0.0010482967,0.0010407383,0.0010513936,0.0010570431,0.0010687199,0.0010738019,0.0010620436,0.0010482966,0.0010407382,0.0010513936,0.0010570431,0.0010687204,0.0,0.0,0.0,0.0010321426,0.0010130779,0.0010693334,0.0010915967,0.0010737949,0.0010620436,0.0,0.0010321426,0.0010130779,0.0010693334,0.0010803688,0.0010737985,0.0010620435,0.0010482966,0.0010693334,0.0,0.0010321426,0.001013078,0.0,0.0010620436,0.0010482966,0.0010407381,0.0010513936,0.0010570431,0.0010687206,0.0,0.0010620436,0.0010482966,0.0010407383,0.0010513936,0.0010570431,0.0010687199,0.0,0.0010620438,0.0010482966,0.0010407383,0.0010513936,0.0010570431,0.0010687218,0.0010737983,0.0010620436,0.0010482966,0.0010407383,0.0010513936,0.0010570431,0.0010687204,0.0,0.0,0.0010482966,0.0010321426,0.0010224724,0.0010326434,0.001108395,0.0,0.0010620436,0.0010482966,0.0010407384,0.0010513936,0.0010570431,0.0010687199,0.0010738415,0.0010620442,0.0010482966,0.0010407384,0.0010513936,0.0010570431,0.0010687222
k__Bacteria|p__Proteobacteria|c__Gammaproteobacteria|o__Enterobacterales|f__Enterobacteriaceae|g__Klebsiella|s__Klebsiella_quasivariicola,0.0,0.0010618799,0.0010482612,0.0010408944,0.0010518905,0.0010578736,0.0010697858,0.0,0.0010618798,0.0010482612,0.0010408944,0.0010518905,0.0010578736,0.0010697858,0.0,0.0,0.0010482764,0.0010322528,0.0010227712,0.0010332898,0.001108662,0.0010735551,0.0,0.0010482612,0.0010322422,0.0010227704,0.0010332898,0.001108661,0.0,0.0,0.0010482612,0.0010322422,0.0010227704,0.0010332898,0.0011086607,0.001073511,0.0010618797,0.0010482612,0.0010408944,0.0010518905,0.0010578736,0.0010697857,0.0,0.0010618805,0.0010482612,0.0010408944,0.0010518905,0.0010578736,0.0010697864,0.0010735111,0.0010618797,0.0010482612,0.0010408944,0.0010518905,0.0010578736,0.0010697857,0.0,0.0010618801,0.0010482616,0.0010408945,0.0010518905,0.0010578736,0.001069787,0.0,0.0010618798,0.0010482612,0.0010408944,0.0010518905,0.0010578736,0.0010697858,0.0,0.0010618798,0.0,0.0010322422,0.0010133189,0.0010692256,0.0010805877,0.0,0.0010618797,0.0010482612,0.0010408944,0.0010518905,0.0010578736,0.0010697867,0.0,0.0,0.0,0.0010322422,0.0010133189,0.0010692256,0.0010916877,0.0010735228,0.0010618798,0.0,0.0010322422,0.0010133189,0.0010692256,0.0010805954,0.0010735933,0.0,0.0,0.0010322423,0.0010133189,0.0010692256,0.0010916864,0.0010735401,0.0,0.0010482612,0.0,0.0010618797,0.0010482612,0.0010692258,0.0010735147,0.0,0.0,0.0010322422,0.0010133189,0.0010692256,0.0010916843,0.0,0.0010618814,0.0,0.0010322422,0.0010133189,0.0010692256,0.0010805854,0.0,0.0,0.0010482625,0.0010618811,0.0,0.0010322422,0.00106188,0.0010735419,0.0010618801,0.0,0.0010322421,0.0010133189,0.0010692256,0.0010805852,0.0,0.0,0.0010482613,0.0010322422,0.0010227704,0.0010332898,0.0011086614,0.0,0.0,0.0010482612,0.0,0.0010618797,0.0010482612,0.0010692258,0.0,0.0010618848,0.0,0.0010618798,0.0,0.0010618797,0.0010482612,0.0,0.0,0.0010482805,0.0010322451,0.0010227705,0.0010332898,0.0011086621,0.0,0.0010619137,0.001061884,0.0010562161,0.0010674698,0.0,0.0009909014,0.0,0.0010618824,0.0010482623,0.0,0.0010618801,0.0010482612,0.0010408976,0.0010735198,0.0010618797,0.0010482612,0.0,0.0010618797,0.0010482612,0.0010408958,0.0,0.0010618801,0.0010482612,0.0010408944,0.0010518905,0.0010578736,0.0010697857,0.001073511,0.0010618797,0.0010482612,0.0010408944,0.0010518905,0.0010578736,0.0010697858,0.0010735431,0.0,0.0,0.0010322422,0.0010133189,0.0010692256,0.001091684,0.0010735161,0.0,0.0010482612,0.0010322422,0.0010227704,0.0010332898,0.0011086614,0.0,0.0010618798,0.0,0.0010322422,0.0010133189,0.0010692256,0.0010805851,0.0010735308,0.0,0.0010482612,0.0010322422,0.0010227704,0.0010332898,0.0011086712,0.0,0.0010618797,0.0010482612,0.0010408944,0.0010518905,0.0010578736,0.0010697881,0.001073512,0.0010618797,0.0010482612,0.0010408944,0.0010518905,0.0010578736,0.0010697857,0.0,0.0010618805,0.0010482612,0.0010408944,0.0010518905,0.0010578736,0.0010697858,0.0,0.0,0.0010482612,0.0010322422,0.0010227704,0.0010332898,0.0011086611,0.0010735145,0.0010618797,0.0,0.0,0.0010618798,0.0010618798,0.0010562161,0.0010735597,0.0,0.0010482615,0.0,0.00106188,0.0010482612,0.00106923,0.0010736415,0.0,0.00106188,0.0010482612,0.0010408944,0.0,0.0010618808,0.0,0.0010618796,0.0,0.0010322422,0.0010133189,0.0010692258,0.0010805922,0.0010735184,0.0,0.0010482612,0.0010322422,0.0010227705,0.0010332902,0.0011087431,0.001073533,0.0,0.0,0.0010322422,0.0010133189,0.0010692256,0.0010916837,0.0,0.0010618798,0.0010482612,0.0010408944,0.0010518905,0.0010578736,0.0010697858,0.0010735447,0.0010618801,0.0010482612,0.0,0.0010618799,0.0010482612,0.0010408956,0.0010735138,0.0,0.0010482612,0.0010322423,0.0010227704,0.0010332898,0.0011086647,0.0010735161,0.0,0.0010482612,0.0010322422,0.0010227705,0.0010332898,0.0011086634,0.0,0.0010618801,0.00106188,0.0010562154,0.0010674697,0.0,0.0009909545,0.0010735508,0.0,0.0010482612,0.0010322422,0.0010227704,0.0010332898,0.0011086611,0.0010735187,0.0,0.0,0.0010322422,0.0010133189,0.0010692256,0.0010916867,0.0010735885,0.0010618805,0.0,0.001032243,0.0010133191,0.0010692257,0.0010805954,0.0,0.00106188,0.0010482612,0.0010408944,0.0010518905,0.0010578736,0.0010697857,0.0,0.0010618813,0.0,0.0010322422,0.0010133189,0.0010692256,0.0010805851,0.0,0.00106188,0.0010482613,0.0010408944,0.0010518905,0.0010578736,0.0010697858,0.0010735283,0.0010618799,0.0010482615,0.0010408947,0.0010518905,0.0010578736,0.0010697863,0.0,0.0,0.0,0.0010322422,0.0010133189,0.0010692256,0.0010916847,0.0010735106,0.0010618797,0.0,0.0010322422,0.0010133189,0.0010692256,0.0010805862,0.0010735274,0.00106188,0.0010482612,0.0010692256,0.0,0.0010322422,0.001013319,0.0,0.0010618797,0.0010482612,0.0010408944,0.0010518905,0.0010578736,0.0010697872,0.0,0.0010618797,0.0010482612,0.0010408944,0.0010518905,0.0010578736,0.0010697861,0.0,0.0010618805,0.0010482612,0.0010408944,0.0010518905,0.0010578738,0.0010697888,0.00107352,0.0010618797,0.0010482612,0.0010408944,0.0010518905,0.0010578736,0.0010697865,0.0,0.0,0.0010482612,0.0010322422,0.0010227704,0.0010332898,0.0011086614,0.0,0.0010618797,0.0010482612,0.0010408944,0.0010518905,0.0010578736,0.0010697858,0.0010737708,0.0010618819,0.0010482615,0.0010408944,0.0010518905,0.0010578738,0.0010697901
k__Bacteria|p__Proteobacteria|c__Gammaproteobacteria|o__Enterobacterales|f__Yersiniaceae|g__Ewingella|s__Ewingella_americana,0.0,0.0010590719,0.0010454265,0.0010380805,0.0010492062,0.0010553004,0.00106733,0.0,0.001059072,0.0010454265,0.0010380805,0.0010492062,0.0010553004,0.0010673301,0.0,0.0,0.0010454474,0.0010293997,0.0010199348,0.0010305743,0.001106265,0.0010707584,0.0,0.0010454265,0.0010293842,0.001019934,0.0010305743,0.0011062643,0.0,0.0,0.0010454268,0.0010293842,0.001019934,0.0010305743,0.0011062642,0.0010707313,0.0010590719,0.0010454265,0.0010380805,0.0010492062,0.0010553004,0.00106733,0.0,0.0010590727,0.0010454268,0.0010380805,0.0010492062,0.0010553004,0.0010673307,0.0010707313,0.0010590719,0.0010454265,0.0010380805,0.0010492062,0.0010553004,0.00106733,0.0,0.0010590723,0.0010454272,0.0010380807,0.0010492062,0.0010553004,0.0010673306,0.0,0.001059072,0.0010454265,0.0010380805,0.0010492062,0.0010553004,0.0010673301,0.0,0.001059072,0.0,0.0010293842,0.0010104423,0.0010664682,0.0010779756,0.0,0.0010590719,0.0010454265,0.0010380805,0.0010492062,0.0010553004,0.0010673306,0.0,0.0,0.0,0.0010293842,0.0010104423,0.0010664682,0.0010891133,0.0010707373,0.001059072,0.0,0.0010293842,0.0010104423,0.0010664682,0.00107798,0.0010707692,0.0,0.0,0.0010293843,0.0010104423,0.0010664682,0.0010891121,0.0010707473,0.0,0.0010454265,0.0,0.0010590719,0.0010454265,0.0010664683,0.0010707334,0.0,0.0,0.0010293842,0.0010104423,0.0010664682,0.001089111,0.0,0.0010590737,0.0,0.0010293842,0.0010104423,0.0010664682,0.0010779736,0.0,0.0,0.0010454287,0.001059073,0.0,0.0010293842,0.0010590721,0.0010707572,0.0010590723,0.0,0.0010293842,0.0010104423,0.0010664682,0.0010779735,0.0,0.0,0.0010454269,0.0010293842,0.001019934,0.0010305743,0.0011062648,0.0,0.0,0.0010454265,0.0,0.0010590719,0.0010454265,0.0010664685,0.0,0.0010590786,0.0,0.0010590721,0.0,0.0010590719,0.0010454269,0.0,0.0,0.0010454515,0.001029388,0.001019934,0.0010305743,0.0011062654,0.0,0.001059121,0.0010590774,0.0010534292,0.0010648209,0.0,0.0009880101,0.0,0.0010590752,0.0010454283,0.0,0.0010590724,0.0010454269,0.0010380837,0.0010707385,0.0010590719,0.0010454265,0.0,0.0010590719,0.0010454265,0.0010380815,0.0,0.0010590721,0.0010454266,0.0010380805,0.0010492062,0.0010553004,0.0010673301,0.0010707311,0.0010590719,0.0010454265,0.0010380805,0.0010492062,0.0010553004,0.0010673301,0.0010707502,0.0,0.0,0.0010293842,0.0010104423,0.0010664682,0.0010891109,0.0010707332,0.0,0.0010454265,0.0010293842,0.001019934,0.0010305743,0.0011062648,0.0,0.0010590721,0.0,0.0010293842,0.0010104423,0.0010664682,0.0010779733,0.0010707445,0.0,0.0010454265,0.0010293842,0.001019934,0.0010305743,0.001106271,0.0,0.0010590719,0.0010454265,0.0010380805,0.0010492062,0.0010553004,0.0010673316,0.0010707316,0.0010590719,0.0010454265,0.0010380805,0.0010492062,0.0010553004,0.00106733,0.0,0.0010590728,0.0010454269,0.0010380805,0.0010492062,0.0010553004,0.00106733,0.0,0.0,0.0010454265,0.0010293842,0.001019934,0.0010305743,0.0011062647,0.0010707332,0.0010590719,0.0,0.0,0.0010590721,0.001059072,0.0010534294,0.0010707615,0.0,0.0010454272,0.0,0.0010590721,0.0010454268,0.0010664723,0.0010707952,0.0,0.0010590723,0.0010454269,0.0010380805,0.0,0.0010590728,0.0,0.0010590719,0.0,0.0010293842,0.0010104423,0.0010664683,0.0010779784,0.0010707364,0.0,0.0010454265,0.0010293842,0.001019934,0.0010305747,0.0011063147,0.00107075,0.0,0.0,0.0010293842,0.0010104423,0.0010664682,0.0010891107,0.0,0.0010590721,0.0010454266,0.0010380805,0.0010492062,0.0010553004,0.0010673301,0.0010707383,0.0010590721,0.0010454267,0.0,0.001059072,0.0010454265,0.0010380817,0.0010707324,0.0,0.0010454269,0.0010293843,0.001019934,0.0010305743,0.0011062669,0.0010707348,0.0,0.0010454266,0.0010293842,0.001019934,0.0010305744,0.001106266,0.0,0.0010590721,0.0010590721,0.0010534287,0.0010648211,0.0,0.0009880587,0.0010707529,0.0,0.0010454269,0.0010293842,0.001019934,0.0010305743,0.0011062642,0.0010707362,0.0,0.0,0.0010293842,0.0010104423,0.0010664682,0.0010891125,0.0010707662,0.0010590726,0.0,0.0010293851,0.0010104423,0.0010664685,0.001077981,0.0,0.001059072,0.0010454267,0.0010380805,0.0010492062,0.0010553004,0.00106733,0.0,0.0010590741,0.0,0.0010293842,0.0010104423,0.0010664682,0.0010779733,0.0,0.001059072,0.0010454269,0.0010380805,0.0010492062,0.0010553004,0.00106733,0.0010707406,0.0010590719,0.0010454268,0.0010380809,0.0010492062,0.0010553004,0.0010673305,0.0,0.0,0.0,0.0010293842,0.0010104423,0.0010664682,0.0010891114,0.001070731,0.0010590719,0.0,0.0010293842,0.0010104423,0.0010664682,0.0010779741,0.0010707442,0.001059072,0.0010454265,0.0010664682,0.0,0.0010293842,0.0010104424,0.0,0.0010590719,0.0010454265,0.0010380805,0.0010492062,0.0010553004,0.001067331,0.0,0.0010590719,0.0010454268,0.0010380805,0.0010492062,0.0010553004,0.0010673304,0.0,0.0010590726,0.0010454269,0.0010380805,0.0010492062,0.0010553006,0.0010673319,0.0010707362,0.0010590719,0.0010454268,0.0010380805,0.0010492062,0.0010553004,0.0010673306,0.0,0.0,0.0010454265,0.0010293842,0.001019934,0.0010305743,0.0011062647,0.0,0.0010590719,0.0010454265,0.0010380805,0.0010492062,0.0010553004,0.0010673301,0.0010709176,0.0010590743,0.0010454268,0.0010380805,0.0010492062,0.0010553006,0.0010673329
k__Bacteria|p__Proteobacteria|c__Gammaproteobacteria|o__Enterobacterales|f__Morganellaceae|g__Providencia|s__Providencia_rettgeri,0.0,0.0010588212,0.0010450181,0.0010374452,0.0010481821,0.0010538932,0.0010656588,0.0,0.0010588213,0.0010450181,0.0010374452,0.0010481821,0.0010538932,0.0010656586,0.0,0.0,0.0010450254,0.0010288149,0.0010191246,0.0010293658,0.0011055631,0.0010706512,0.0,0.0010450181,0.0010288096,0.0010191244,0.0010293658,0.0011055629,0.0,0.0,0.0010450181,0.0010288096,0.0010191244,0.0010293658,0.0011055629,0.00107063,0.0010588212,0.0010450181,0.0010374452,0.0010481821,0.0010538932,0.0010656586,0.0,0.0010588216,0.0010450179,0.0010374452,0.0010481821,0.0010538932,0.001065659,0.0010706302,0.0010588212,0.0010450181,0.0010374452,0.0010481821,0.0010538932,0.0010656588,0.0,0.0010588214,0.0010450183,0.0010374453,0.0010481821,0.0010538932,0.0010656593,0.0,0.0010588213,0.0010450181,0.0010374452,0.0010481821,0.0010538932,0.0010656588,0.0,0.0010588213,0.0,0.0010288096,0.0010096948,0.0010661586,0.0010772973,0.0,0.0010588212,0.0010450181,0.0010374452,0.0010481821,0.0010538932,0.001065659,0.0,0.0,0.0,0.0010288096,0.0010096948,0.0010661586,0.0010885956,0.0010706349,0.0010588213,0.0,0.0010288096,0.0010096948,0.0010661586,0.0010772992,0.0010706716,0.0,0.0,0.0010288095,0.0010096948,0.0010661586,0.0010885955,0.0010706447,0.0,0.0010450181,0.0,0.0010588212,0.0010450181,0.0010661585,0.0010706313,0.0,0.0,0.0010288096,0.0010096948,0.0010661586,0.0010885956,0.0,0.0010588218,0.0,0.0010288096,0.0010096948,0.0010661586,0.0010772969,0.0,0.0,0.0010450181,0.0010588216,0.0,0.0010288096,0.0010588213,0.001070642,0.0010588214,0.0,0.0010288092,0.0010096948,0.0010661586,0.001077297,0.0,0.0,0.0010450183,0.0010288096,0.0010191244,0.0010293658,0.001105563,0.0,0.0,0.0010450181,0.0,0.0010588212,0.0010450181,0.0010661583,0.0,0.0010588228,0.0,0.0010588213,0.0,0.0010588212,0.001045018,0.0,0.0,0.0010450251,0.0010288107,0.0010191244,0.0010293658,0.0011055629,0.0,0.0010588377,0.0010588232,0.0010529599,0.0010639746,0.0,0.0009870763,0.0,0.0010588219,0.0010450182,0.0,0.0010588214,0.001045018,0.001037446,0.0010706334,0.0010588212,0.0010450181,0.0,0.0010588212,0.0010450181,0.0010374455,0.0,0.0010588214,0.0010450182,0.0010374452,0.0010481821,0.0010538932,0.0010656588,0.0010706304,0.0010588212,0.0010450181,0.0010374452,0.0010481821,0.0010538932,0.0010656588,0.0010706428,0.0,0.0,0.0010288096,0.0010096948,0.0010661586,0.0010885955,0.0010706324,0.0,0.0010450181,0.0010288096,0.0010191244,0.0010293658,0.0011055629,0.0,0.0010588213,0.0,0.0010288096,0.0010096948,0.0010661586,0.001077297,0.0010706389,0.0,0.0010450181,0.0010288096,0.0010191244,0.0010293658,0.0011055641,0.0,0.0010588212,0.0010450181,0.0010374452,0.0010481821,0.0010538932,0.0010656592,0.0010706309,0.0010588212,0.0010450181,0.0010374452,0.0010481821,0.0010538932,0.0010656586,0.0,0.0010588216,0.001045018,0.0010374452,0.0010481821,0.0010538932,0.0010656588,0.0,0.0,0.0010450181,0.0010288096,0.0010191244,0.0010293658,0.001105563,0.0010706318,0.0010588212,0.0,0.0,0.0010588213,0.0010588213,0.00105296,0.0010706531,0.0,0.0010450181,0.0,0.0010588213,0.0010450181,0.0010661593,0.0010707021,0.0,0.0010588213,0.001045018,0.0010374452,0.0,0.0010588213,0.0,0.0010588211,0.0,0.0010288096,0.0010096948,0.0010661586,0.0010772974,0.0010706328,0.0,0.0010450181,0.0010288096,0.0010191244,0.0010293659,0.0011055724,0.0010706383,0.0,0.0,0.0010288096,0.0010096948,0.0010661586,0.0010885956,0.0,0.0010588213,0.0010450182,0.0010374452,0.0010481821,0.0010538932,0.0010656586,0.0010706572,0.0010588213,0.0010450182,0.0,0.0010588212,0.0010450181,0.0010374456,0.001070631,0.0,0.001045018,0.0010288095,0.0010191244,0.0010293658,0.0011055629,0.0010706318,0.0,0.0010450182,0.0010288096,0.0010191244,0.0010293658,0.0011055628,0.0,0.0010588213,0.0010588214,0.0010529598,0.0010639745,0.0,0.0009870986,0.001070649,0.0,0.001045018,0.0010288096,0.0010191244,0.0010293658,0.0011055629,0.0010706328,0.0,0.0,0.0010288096,0.0010096948,0.0010661586,0.0010885956,0.0010706679,0.0010588213,0.0,0.0010288099,0.0010096949,0.0010661584,0.0010772984,0.0,0.0010588216,0.001045018,0.0010374452,0.0010481821,0.0010538932,0.0010656586,0.0,0.0010588218,0.0,0.0010288096,0.0010096948,0.0010661586,0.001077297,0.0,0.0010588213,0.001045018,0.0010374452,0.0010481821,0.0010538932,0.0010656588,0.001070636,0.0010588212,0.0010450179,0.0010374453,0.0010481821,0.0010538932,0.0010656589,0.0,0.0,0.0,0.0010288096,0.0010096948,0.0010661586,0.0010885956,0.0010706299,0.0010588212,0.0,0.0010288096,0.0010096948,0.0010661586,0.0010772971,0.0010706359,0.0010588213,0.0010450181,0.0010661586,0.0,0.0010288096,0.001009695,0.0,0.0010588212,0.0010450181,0.0010374452,0.0010481821,0.0010538932,0.0010656589,0.0,0.0010588212,0.0010450181,0.0010374452,0.0010481821,0.0010538932,0.0010656589,0.0,0.0010588216,0.0010450182,0.0010374452,0.0010481821,0.0010538932,0.0010656593,0.0010706339,0.0010588212,0.0010450181,0.0010374452,0.0010481821,0.0010538932,0.001065659,0.0,0.0,0.0010450181,0.0010288096,0.0010191244,0.0010293658,0.0011055631,0.0,0.0010588212,0.0010450181,0.0010374452,0.0010481821,0.0010538932,0.0010656588,0.0010707956,0.0010588218,0.0010450179,0.0010374452,0.0010481821,0.0010538932,0.0010656595
k__Bacteria|p__Proteobacteria|c__Gammaproteobacteria|o__Moraxellales|f__Moraxellaceae|g__Acinetobacter|s__Acinetobacter_bereziniae,0.0,0.0010599323,0.0010460317,0.0010382924,0.0010487018,0.0010540975,0.0010656273,0.0,0.0010599323,0.0010460317,0.0010382924,0.0010487018,0.0010540975,0.0010656272,0.0,0.0,0.0010460368,0.0010297222,0.001019862,0.0010297722,0.0011061745,0.0010718438,0.0,0.0010460317,0.001029719,0.0010198619,0.0010297722,0.0011061744,0.0,0.0,0.0010460317,0.001029719,0.0010198619,0.0010297722,0.0011061743,0.0010718317,0.0010599323,0.0010460317,0.0010382924,0.0010487018,0.0010540975,0.0010656272,0.0,0.0010599323,0.0010460318,0.0010382924,0.0010487018,0.0010540975,0.0010656279,0.0010718318,0.0010599323,0.0010460317,0.0010382924,0.0010487018,0.0010540975,0.0010656273,0.0,0.0010599324,0.001046032,0.0010382925,0.0010487018,0.0010540975,0.0010656276,0.0,0.0010599323,0.0010460317,0.0010382924,0.0010487018,0.0010540975,0.0010656273,0.0,0.0010599323,0.0,0.001029719,0.0010104934,0.0010672054,0.0010780247,0.0,0.0010599323,0.0010460317,0.0010382923,0.0010487018,0.0010540975,0.0010656277,0.0,0.0,0.0,0.001029719,0.0010104934,0.0010672054,0.001089417,0.0010718353,0.0010599323,0.0,0.001029719,0.0010104934,0.0010672054,0.0010780271,0.0010718604,0.0,0.0,0.0010297191,0.0010104934,0.0010672054,0.001089417,0.0010718412,0.0,0.0010460317,0.0,0.0010599323,0.0010460317,0.0010672054,0.0010718327,0.0,0.0,0.001029719,0.0010104934,0.0010672054,0.0010894163,0.0,0.0010599329,0.0,0.001029719,0.0010104934,0.0010672054,0.001078024,0.0,0.0,0.0010460323,0.0010599326,0.0,0.001029719,0.0010599324,0.0010718409,0.0010599324,0.0,0.001029719,0.0010104934,0.0010672054,0.0010780239,0.0,0.0,0.0010460317,0.001029719,0.0010198619,0.0010297722,0.0011061745,0.0,0.0,0.0010460317,0.0,0.0010599323,0.0010460317,0.0010672053,0.0,0.0010599331,0.0,0.0010599324,0.0,0.0010599323,0.0010460318,0.0,0.0,0.0010460367,0.0010297197,0.0010198619,0.0010297722,0.0011061744,0.0,0.0010599396,0.001059933,0.0010539106,0.001064601,0.0,0.00098776,0.0,0.0010599331,0.001046032,0.0,0.0010599325,0.0010460317,0.001038294,0.0010718338,0.0010599323,0.0010460317,0.0,0.0010599323,0.0010460317,0.0010382931,0.0,0.0010599325,0.0010460318,0.0010382923,0.0010487018,0.0010540975,0.0010656276,0.0010718318,0.0010599323,0.0010460317,0.0010382924,0.0010487018,0.0010540975,0.0010656273,0.0010718427,0.0,0.0,0.001029719,0.0010104934,0.0010672054,0.0010894162,0.0010718328,0.0,0.0010460317,0.001029719,0.0010198619,0.0010297722,0.0011061743,0.0,0.0010599324,0.0,0.001029719,0.0010104934,0.0010672054,0.0010780239,0.0010718383,0.0,0.0010460317,0.001029719,0.0010198619,0.0010297722,0.001106177,0.0,0.0010599323,0.0010460317,0.0010382924,0.0010487018,0.0010540975,0.0010656283,0.001071832,0.0010599323,0.0010460317,0.0010382924,0.0010487018,0.0010540975,0.0010656272,0.0,0.0010599324,0.0010460317,0.0010382923,0.0010487018,0.0010540975,0.0010656273,0.0,0.0,0.0010460317,0.001029719,0.0010198619,0.0010297722,0.0011061744,0.0010718324,0.0010599323,0.0,0.0,0.0010599324,0.0010599323,0.0010539107,0.0010718455,0.0,0.0010460318,0.0,0.0010599324,0.0010460317,0.0010672074,0.0010718801,0.0,0.0010599325,0.0010460317,0.0010382923,0.0,0.0010599328,0.0,0.0010599322,0.0,0.001029719,0.0010104934,0.0010672054,0.0010780286,0.001071834,0.0,0.0010460317,0.001029719,0.0010198619,0.0010297723,0.0011061984,0.0010718369,0.0,0.0,0.001029719,0.0010104934,0.0010672054,0.0010894161,0.0,0.0010599324,0.0010460318,0.0010382924,0.0010487018,0.0010540975,0.0010656272,0.00107184,0.0010599324,0.0010460317,0.0,0.0010599324,0.0010460317,0.0010382931,0.0010718326,0.0,0.0010460317,0.0010297191,0.0010198619,0.0010297722,0.0011061754,0.0010718328,0.0,0.0010460318,0.001029719,0.0010198619,0.0010297722,0.0011061752,0.0,0.0010599324,0.0010599325,0.0010539105,0.001064601,0.0,0.0009877869,0.0010718445,0.0,0.0010460317,0.001029719,0.0010198619,0.0010297722,0.0011061743,0.0010718335,0.0,0.0,0.001029719,0.0010104934,0.0010672054,0.0010894171,0.0010718583,0.0010599325,0.0,0.0010297194,0.0010104934,0.0010672054,0.0010780274,0.0,0.0010599324,0.0010460317,0.0010382923,0.0010487018,0.0010540975,0.0010656272,0.0,0.0010599328,0.0,0.001029719,0.0010104934,0.0010672054,0.0010780239,0.0,0.0010599324,0.0010460317,0.0010382923,0.0010487018,0.0010540975,0.0010656273,0.0010718367,0.0010599324,0.0010460317,0.0010382925,0.0010487018,0.0010540975,0.0010656277,0.0,0.0,0.0,0.001029719,0.0010104934,0.0010672054,0.0010894166,0.0010718316,0.0010599323,0.0,0.001029719,0.0010104934,0.0010672054,0.0010780243,0.0010718356,0.0010599324,0.0010460317,0.0010672054,0.0,0.001029719,0.0010104935,0.0,0.0010599323,0.0010460317,0.0010382923,0.0010487018,0.0010540975,0.0010656279,0.0,0.0010599323,0.0010460317,0.0010382923,0.0010487018,0.0010540975,0.0010656273,0.0,0.0010599323,0.0010460317,0.0010382923,0.0010487018,0.0010540975,0.0010656288,0.0010718338,0.0010599323,0.0010460317,0.0010382923,0.0010487018,0.0010540975,0.0010656278,0.0,0.0,0.0010460317,0.001029719,0.0010198619,0.0010297722,0.0011061745,0.0,0.0010599323,0.0010460317,0.0010382924,0.0010487018,0.0010540975,0.0010656273,0.0010719128,0.0010599326,0.0010460317,0.0010382924,0.0010487018,0.0010540975,0.0010656288
k__Bacteria|p__Proteobacteria|c__Gammaproteobacteria|o__Moraxellales|f__Moraxellaceae|g__Acinetobacter|s__Acinetobacter_pittii,0.0,0.0010610255,0.0010475076,0.0010403072,0.0010516229,0.0010579152,0.0010700552,0.0,0.0010610257,0.0010475076,0.0010403072,0.0010516229,0.0010579152,0.0010700551,0.0,0.0,0.0010475245,0.001031609,0.0010222977,0.00103314,0.001108273,0.0010725925,0.0,0.0010475076,0.0010315962,0.0010222965,0.0010331396,0.0011082727,0.0,0.0,0.0010475076,0.0010315962,0.0010222965,0.0010331396,0.0011082727,0.0010725624,0.0010610255,0.0010475076,0.0010403072,0.0010516229,0.0010579152,0.0010700551,0.0,0.0010610264,0.001047508,0.0010403072,0.0010516229,0.0010579152,0.0010700547,0.0010725624,0.0010610255,0.0010475076,0.0010403072,0.0010516229,0.0010579152,0.0010700552,0.0,0.0010610258,0.0010475081,0.0010403073,0.0010516229,0.0010579152,0.0010700558,0.0,0.0010610257,0.0010475076,0.0010403072,0.0010516229,0.0010579152,0.0010700552,0.0,0.0010610257,0.0,0.0010315962,0.0010127871,0.0010684315,0.0010801014,0.0,0.0010610255,0.0010475076,0.0010403072,0.0010516229,0.0010579152,0.0010700553,0.0,0.0,0.0,0.0010315962,0.0010127871,0.0010684315,0.0010911033,0.0010725698,0.0010610257,0.0,0.0010315962,0.0010127871,0.0010684315,0.0010801064,0.001072636,0.0,0.0,0.0010315966,0.0010127871,0.0010684315,0.0010911023,0.0010725835,0.0,0.0010475076,0.0,0.0010610255,0.0010475076,0.0010684315,0.0010725659,0.0,0.0,0.0010315962,0.0010127871,0.0010684315,0.001091101,0.0,0.0010610276,0.0,0.0010315962,0.0010127871,0.0010684315,0.0010801007,0.0,0.0,0.0010475089,0.0010610272,0.0,0.0010315962,0.0010610257,0.0010725961,0.001061026,0.0,0.0010315961,0.0010127871,0.0010684315,0.0010801007,0.0,0.0,0.0010475081,0.0010315962,0.0010222965,0.0010331396,0.0011082732,0.0,0.0,0.0010475076,0.0,0.0010610255,0.0010475076,0.0010684315,0.0,0.0010610307,0.0,0.0010610257,0.0,0.0010610255,0.001047508,0.0,0.0,0.0010475323,0.0010316002,0.0010222968,0.00103314,0.0011082732,0.0,0.0010610742,0.0010610305,0.001055522,0.0010670908,0.0,0.0009904815,0.0,0.0010610286,0.0010475089,0.0,0.001061026,0.001047508,0.0010403089,0.0010725682,0.0010610255,0.0010475076,0.0,0.0010610255,0.0010475076,0.0010403082,0.0,0.0010610258,0.0010475077,0.0010403072,0.0010516229,0.0010579152,0.0010700551,0.0010725621,0.0010610255,0.0010475076,0.0010403072,0.0010516229,0.0010579152,0.0010700552,0.0010725912,0.0,0.0,0.0010315962,0.0010127871,0.0010684315,0.001091101,0.0010725693,0.0,0.0010475076,0.0010315962,0.0010222965,0.0010331396,0.0011082728,0.0,0.0010610257,0.0,0.0010315962,0.0010127871,0.0010684315,0.0010801007,0.0010725763,0.0,0.0010475076,0.0010315962,0.0010222965,0.0010331396,0.001108276,0.0,0.0010610255,0.0010475076,0.0010403072,0.0010516229,0.0010579152,0.0010700561,0.0010725629,0.0010610255,0.0010475076,0.0010403072,0.0010516229,0.0010579152,0.0010700551,0.0,0.0010610265,0.001047508,0.0010403072,0.0010516229,0.0010579152,0.0010700552,0.0,0.0,0.0010475076,0.0010315962,0.0010222965,0.0010331396,0.0011082728,0.0010725645,0.0010610255,0.0,0.0,0.0010610257,0.0010610257,0.001055522,0.0010725984,0.0,0.001047508,0.0,0.0010610257,0.0010475076,0.0010684312,0.0010726651,0.0,0.0010610257,0.001047508,0.0010403072,0.0,0.0010610262,0.0,0.0010610254,0.0,0.0010315962,0.0010127871,0.0010684314,0.001080101,0.0010725685,0.0,0.0010475076,0.0010315962,0.0010222965,0.0010331403,0.0011083051,0.0010725806,0.0,0.0,0.0010315962,0.0010127871,0.0010684315,0.0010911009,0.0,0.0010610257,0.001047508,0.0010403072,0.0010516229,0.0010579152,0.0010700551,0.0010725657,0.0010610257,0.001047508,0.0,0.0010610257,0.0010475076,0.0010403082,0.0010725651,0.0,0.0010475077,0.0010315962,0.0010222965,0.0010331396,0.0011082741,0.0010725665,0.0,0.0010475077,0.0010315963,0.0010222968,0.0010331399,0.0011082736,0.0,0.0010610257,0.0010610258,0.0010555215,0.0010670905,0.0,0.0009905173,0.0010726016,0.0,0.001047508,0.0010315962,0.0010222965,0.0010331396,0.0011082727,0.001072568,0.0,0.0,0.0010315962,0.0010127871,0.0010684315,0.0010911027,0.0010726238,0.0010610264,0.0,0.0010315973,0.0010127872,0.0010684315,0.0010801055,0.0,0.0010610257,0.0010475077,0.0010403072,0.0010516229,0.0010579152,0.0010700551,0.0,0.0010610269,0.0,0.0010315962,0.0010127871,0.0010684315,0.0010801007,0.0,0.0010610257,0.0010475081,0.0010403072,0.0010516229,0.0010579152,0.0010700552,0.0010725757,0.0010610255,0.001047508,0.0010403073,0.0010516229,0.0010579152,0.0010700552,0.0,0.0,0.0,0.0010315962,0.0010127871,0.0010684315,0.0010911013,0.0010725618,0.0010610255,0.0,0.0010315962,0.0010127871,0.0010684315,0.0010801009,0.0010725764,0.0010610257,0.0010475076,0.0010684315,0.0,0.0010315962,0.0010127872,0.0,0.0010610255,0.0010475076,0.0010403072,0.0010516229,0.0010579152,0.0010700553,0.0,0.0010610255,0.0010475076,0.0010403072,0.0010516229,0.0010579152,0.0010700553,0.0,0.0010610264,0.001047508,0.0010403072,0.0010516229,0.0010579152,0.0010700559,0.0010725724,0.0010610255,0.0010475076,0.0010403072,0.0010516229,0.0010579152,0.0010700554,0.0,0.0,0.0010475076,0.0010315962,0.0010222965,0.0010331396,0.0011082729,0.0,0.0010610255,0.0010475076,0.0010403072,0.0010516229,0.0010579152,0.0010700552,0.0010727422,0.0010610274,0.001047508,0.0010403072,0.0010516229,0.0010579152,0.0010700565
k__Bacteria|p__Proteobacteria|c__Gammaproteobacteria|o__Pasteurellales|f__Pasteurellaceae|g__GGB6813|s__GGB6813_SGB9727,0.0,0.0010583292,0.0010447912,0.001037618,0.0010490716,0.0010554835,0.001067746,0.0,0.0010583294,0.0010447912,0.001037618,0.0010490716,0.0010554835,0.001067746,0.0,0.0,0.0010448084,0.0010288757,0.0010195919,0.0010305648,0.0011059882,0.001069907,0.0,0.0010447912,0.0010288625,0.0010195913,0.0010305648,0.0011059877,0.0,0.0,0.0010447912,0.0010288625,0.0010195913,0.0010305648,0.0011059877,0.001069888,0.0010583292,0.0010447912,0.001037618,0.0010490716,0.0010554835,0.0010677458,0.0,0.0010583298,0.0010447913,0.001037618,0.0010490716,0.0010554835,0.0010677462,0.0010698881,0.0010583292,0.0010447912,0.001037618,0.0010490716,0.0010554835,0.001067746,0.0,0.0010583295,0.0010447918,0.0010376183,0.0010490716,0.0010554835,0.0010677465,0.0,0.0010583294,0.0010447912,0.001037618,0.0010490716,0.0010554835,0.001067746,0.0,0.0010583294,0.0,0.0010288625,0.001010041,0.0010657858,0.0010776089,0.0,0.0010583292,0.0010447912,0.001037618,0.0010490716,0.0010554835,0.0010677461,0.0,0.0,0.0,0.0010288625,0.001010041,0.0010657858,0.0010886408,0.0010698917,0.0010583294,0.0,0.0010288625,0.001010041,0.0010657858,0.0010776125,0.0010699158,0.0,0.0,0.0010288627,0.001010041,0.0010657858,0.0010886402,0.0010698986,0.0,0.0010447912,0.0,0.0010583292,0.0010447912,0.0010657859,0.0010698893,0.0,0.0,0.0010288625,0.001010041,0.0010657858,0.0010886395,0.0,0.0010583306,0.0,0.0010288625,0.001010041,0.0010657858,0.0010776075,0.0,0.0,0.0010447924,0.0010583303,0.0,0.0010288625,0.0010583295,0.0010699074,0.0010583295,0.0,0.0010288625,0.001010041,0.0010657858,0.0010776076,0.0,0.0,0.0010447914,0.0010288625,0.0010195913,0.0010305648,0.001105988,0.0,0.0,0.0010447912,0.0,0.0010583292,0.0010447912,0.0010657858,0.0,0.0010583341,0.0,0.0010583295,0.0,0.0010583292,0.0010447913,0.0,0.0,0.001044812,0.0010288657,0.0010195916,0.0010305648,0.0011059883,0.0,0.001058371,0.0010583339,0.0010528533,0.0010645674,0.0,0.0009877327,0.0,0.0010583315,0.0010447921,0.0,0.0010583295,0.0010447912,0.0010376205,0.0010698931,0.0010583292,0.0010447912,0.0,0.0010583292,0.0010447912,0.0010376191,0.0,0.0010583295,0.0010447913,0.001037618,0.0010490716,0.0010554835,0.0010677461,0.001069888,0.0010583292,0.0010447912,0.001037618,0.0010490716,0.0010554835,0.001067746,0.0010698998,0.0,0.0,0.0010288625,0.001010041,0.0010657858,0.0010886394,0.0010698899,0.0,0.0010447912,0.0010288625,0.0010195913,0.0010305648,0.0011059879,0.0,0.0010583295,0.0,0.0010288625,0.001010041,0.0010657858,0.0010776073,0.0010698969,0.0,0.0010447912,0.0010288625,0.0010195913,0.0010305648,0.0011059926,0.0,0.0010583292,0.0010447912,0.001037618,0.0010490716,0.0010554835,0.0010677468,0.0010698884,0.0010583292,0.0010447912,0.001037618,0.0010490716,0.0010554835,0.0010677458,0.0,0.00105833,0.0010447912,0.001037618,0.0010490716,0.0010554835,0.001067746,0.0,0.0,0.0010447912,0.0010288625,0.0010195913,0.0010305648,0.0011059877,0.0010698893,0.0010583292,0.0,0.0,0.0010583295,0.0010583294,0.0010528531,0.0010699101,0.0,0.0010447915,0.0,0.0010583295,0.0010447912,0.0010657882,0.0010699369,0.0,0.0010583295,0.0010447912,0.001037618,0.0,0.0010583297,0.0,0.0010583292,0.0,0.0010288625,0.001010041,0.0010657859,0.0010776103,0.0010698918,0.0,0.0010447912,0.0010288625,0.0010195916,0.0010305651,0.0011060231,0.0010699023,0.0,0.0,0.0010288625,0.001010041,0.0010657858,0.0010886394,0.0,0.0010583295,0.0010447913,0.001037618,0.0010490716,0.0010554835,0.001067746,0.0010698955,0.0010583295,0.0010447912,0.0,0.0010583294,0.0010447912,0.001037619,0.0010698885,0.0,0.0010447912,0.0010288627,0.0010195913,0.0010305648,0.0011059891,0.0010698903,0.0,0.0010447913,0.0010288625,0.0010195916,0.0010305649,0.0011059885,0.0,0.0010583295,0.0010583295,0.0010528527,0.0010645671,0.0,0.0009877733,0.0010699003,0.0,0.0010447912,0.0010288625,0.0010195913,0.0010305648,0.0011059877,0.0010698913,0.0,0.0,0.0010288625,0.001010041,0.0010657858,0.0010886407,0.0010699157,0.0010583297,0.0,0.0010288634,0.0010100411,0.0010657858,0.0010776126,0.0,0.0010583294,0.0010447912,0.001037618,0.0010490716,0.0010554835,0.0010677458,0.0,0.0010583309,0.0,0.0010288625,0.001010041,0.0010657858,0.0010776075,0.0,0.0010583294,0.0010447914,0.001037618,0.0010490716,0.0010554835,0.001067746,0.0010698942,0.0010583294,0.0010447912,0.0010376185,0.0010490716,0.0010554835,0.0010677462,0.0,0.0,0.0,0.0010288625,0.001010041,0.0010657858,0.0010886396,0.0010698879,0.0010583292,0.0,0.0010288625,0.001010041,0.0010657858,0.001077608,0.0010698964,0.0010583294,0.0010447912,0.0010657858,0.0,0.0010288625,0.0010100411,0.0,0.0010583292,0.0010447912,0.001037618,0.0010490716,0.0010554835,0.0010677464,0.0,0.0010583292,0.0010447912,0.001037618,0.0010490716,0.0010554835,0.0010677461,0.0,0.0010583296,0.0010447912,0.001037618,0.0010490716,0.0010554835,0.001067747,0.0010698912,0.0010583292,0.0010447912,0.001037618,0.0010490716,0.0010554835,0.0010677462,0.0,0.0,0.0010447912,0.0010288625,0.0010195913,0.0010305648,0.0011059878,0.0,0.0010583292,0.0010447912,0.001037618,0.0010490716,0.0010554835,0.001067746,0.001070044,0.0010583309,0.0010447915,0.0010376181,0.0010490716,0.0010554835,0.0010677478
k__Bacteria|p__Proteobacteria|c__Gammaproteobacteria|o__Pseudomonadales|f__Pseudomonadaceae|g__Pseudomonas|s__Pseudomonas_lactis,0.0,0.0010612953,0.0010477174,0.001040423,0.0010515655,0.0010576893,0.0010697077,0.0,0.0010612952,0.0010477174,0.001040423,0.0010515655,0.0010576893,0.0010697077,0.0,0.0,0.0010477328,0.0010317529,0.0010223464,0.0010330126,0.0011083073,0.0010729235,0.0,0.0010477174,0.0010317425,0.0010223459,0.0010330126,0.0011083074,0.0,0.0,0.0010477174,0.0010317425,0.0010223459,0.0010330126,0.0011083074,0.0010728884,0.001061295,0.0010477174,0.001040423,0.0010515655,0.0010576893,0.0010697076,0.0,0.0010612961,0.0010477175,0.001040423,0.0010515655,0.0010576893,0.0010697081,0.0010728883,0.001061295,0.0010477174,0.001040423,0.0010515655,0.0010576893,0.0010697077,0.0,0.0010612955,0.001047718,0.0010404234,0.0010515655,0.0010576895,0.001069708,0.0,0.0010612952,0.0010477174,0.001040423,0.0010515655,0.0010576893,0.0010697077,0.0,0.0010612952,0.0,0.0010317425,0.0010128663,0.0010686704,0.0010801746,0.0,0.001061295,0.0010477174,0.0010404229,0.0010515655,0.0010576893,0.0010697077,0.0,0.0,0.0,0.0010317425,0.0010128663,0.0010686704,0.0010912344,0.0010728975,0.0010612954,0.0,0.0010317425,0.0010128663,0.0010686704,0.0010801769,0.0010729634,0.0,0.0,0.0010317425,0.0010128663,0.0010686704,0.0010912339,0.0010729146,0.0,0.0010477174,0.0,0.001061295,0.0010477174,0.0010686708,0.0010728918,0.0,0.0,0.0010317425,0.0010128663,0.0010686704,0.0010912333,0.0,0.0010612967,0.0,0.0010317425,0.0010128663,0.0010686704,0.0010801734,0.0,0.0,0.0010477189,0.0010612967,0.0,0.0010317425,0.0010612954,0.001072917,0.0010612955,0.0,0.0010317425,0.0010128663,0.0010686704,0.0010801735,0.0,0.0,0.0010477175,0.0010317425,0.0010223459,0.0010330126,0.0011083077,0.0,0.0,0.0010477174,0.0,0.001061295,0.0010477174,0.0010686705,0.0,0.0010612989,0.0,0.0010612952,0.0,0.001061295,0.0010477175,0.0,0.0,0.0010477377,0.0010317453,0.0010223459,0.0010330126,0.0011083074,0.0,0.0010613314,0.0010612994,0.0010557015,0.0010671001,0.0,0.0009904896,0.0,0.0010612977,0.0010477187,0.0,0.0010612955,0.0010477175,0.0010404254,0.0010728951,0.001061295,0.0010477174,0.0,0.001061295,0.0010477174,0.001040424,0.0,0.0010612955,0.0010477175,0.0010404229,0.0010515655,0.0010576893,0.0010697076,0.0010728881,0.001061295,0.0010477174,0.001040423,0.0010515655,0.0010576893,0.0010697077,0.0010729209,0.0,0.0,0.0010317425,0.0010128663,0.0010686704,0.0010912332,0.0010728943,0.0,0.0010477174,0.0010317425,0.0010223459,0.0010330126,0.0011083074,0.0,0.0010612955,0.0,0.0010317425,0.0010128663,0.0010686704,0.0010801734,0.0010729026,0.0,0.0010477174,0.0010317425,0.0010223459,0.0010330126,0.0011083103,0.0,0.001061295,0.0010477174,0.001040423,0.0010515655,0.0010576893,0.0010697085,0.0010728891,0.001061295,0.0010477174,0.001040423,0.0010515655,0.0010576893,0.0010697076,0.0,0.0010612959,0.0010477175,0.0010404229,0.0010515655,0.0010576893,0.0010697077,0.0,0.0,0.0010477174,0.0010317425,0.0010223459,0.0010330126,0.0011083074,0.0010728904,0.001061295,0.0,0.0,0.0010612952,0.0010612952,0.0010557013,0.0010729253,0.0,0.0010477178,0.0,0.0010612955,0.0010477174,0.0010686733,0.0010730014,0.0,0.0010612954,0.0010477175,0.0010404229,0.0,0.0010612956,0.0,0.0010612953,0.0,0.0010317425,0.0010128663,0.0010686708,0.0010801757,0.0010728951,0.0,0.0010477174,0.0010317425,0.0010223459,0.0010330132,0.001108329,0.0010729061,0.0,0.0,0.0010317425,0.0010128663,0.0010686704,0.0010912333,0.0,0.0010612955,0.0010477175,0.001040423,0.0010515655,0.0010576893,0.0010697077,0.0010728997,0.0010612954,0.0010477175,0.0,0.0010612953,0.0010477174,0.0010404242,0.0010728909,0.0,0.0010477175,0.0010317425,0.0010223459,0.0010330126,0.0011083079,0.001072892,0.0,0.0010477175,0.0010317424,0.0010223459,0.0010330128,0.001108308,0.0,0.0010612954,0.0010612954,0.0010557007,0.0010671002,0.0,0.0009905185,0.0010729278,0.0,0.0010477175,0.0010317425,0.0010223459,0.0010330126,0.0011083074,0.001072893,0.0,0.0,0.0010317425,0.0010128663,0.0010686704,0.001091234,0.0010729581,0.0010612962,0.0,0.0010317434,0.0010128663,0.0010686708,0.001080178,0.0,0.0010612954,0.0010477175,0.0010404229,0.0010515655,0.0010576893,0.0010697076,0.0,0.0010612964,0.0,0.0010317425,0.0010128663,0.0010686704,0.0010801734,0.0,0.0010612954,0.0010477175,0.0010404229,0.0010515655,0.0010576893,0.0010697077,0.0010729015,0.0010612953,0.0010477175,0.0010404234,0.0010515655,0.0010576893,0.0010697078,0.0,0.0,0.0,0.0010317425,0.0010128663,0.0010686704,0.0010912337,0.0010728877,0.001061295,0.0,0.0010317425,0.0010128663,0.0010686704,0.001080174,0.001072901,0.0010612954,0.0010477174,0.0010686704,0.0,0.0010317425,0.0010128665,0.0,0.001061295,0.0010477174,0.0010404229,0.0010515655,0.0010576893,0.0010697078,0.0,0.001061295,0.0010477174,0.0010404229,0.0010515655,0.0010576893,0.0010697078,0.0,0.0010612959,0.0010477175,0.0010404229,0.0010515655,0.0010576895,0.0010697078,0.0010728979,0.0010612953,0.0010477174,0.0010404229,0.0010515655,0.0010576893,0.001069708,0.0,0.0,0.0010477174,0.0010317425,0.0010223459,0.0010330126,0.0011083073,0.0,0.001061295,0.0010477174,0.001040423,0.0010515655,0.0010576893,0.0010697077,0.001073054,0.0010612969,0.0010477175,0.0010404232,0.0010515655,0.0010576895,0.0010697083
k__Bacteria|p__Proteobacteria|c__Gammaproteobacteria|o__Pseudomonadales|f__Pseudomonadaceae|g__Pseudomonas|s__Pseudomonas_fragi,0.0,0.0010610396,0.0010474763,0.0010402086,0.001051406,0.0010575822,0.0010696412,0.0,0.0010610397,0.0010474763,0.0010402086,0.001051406,0.0010575822,0.0010696409,0.0,0.0,0.0010474899,0.0010315254,0.0010221482,0.0010328699,0.0011081428,0.0010726539,0.0,0.0010474763,0.0010315169,0.0010221477,0.0010328699,0.0011081418,0.0,0.0,0.0010474763,0.0010315169,0.0010221477,0.0010328699,0.0011081418,0.0010726196,0.0010610397,0.0010474763,0.0010402086,0.001051406,0.0010575822,0.0010696409,0.0,0.0010610406,0.0010474767,0.0010402086,0.001051406,0.0010575822,0.0010696421,0.0010726198,0.0010610397,0.0010474763,0.0010402086,0.001051406,0.0010575822,0.0010696409,0.0,0.0010610401,0.0010474772,0.0010402089,0.001051406,0.0010575822,0.0010696414,0.0,0.0010610397,0.0010474763,0.0010402086,0.001051406,0.0010575822,0.0010696409,0.0,0.0010610397,0.0,0.0010315169,0.0010126577,0.0010684268,0.001079986,0.0,0.0010610397,0.0010474763,0.0010402086,0.001051406,0.0010575822,0.0010696414,0.0,0.0,0.0,0.0010315169,0.0010126577,0.0010684268,0.0010910318,0.0010726298,0.0010610397,0.0,0.0010315169,0.0010126577,0.0010684268,0.001079992,0.0010727012,0.0,0.0,0.0010315169,0.0010126577,0.0010684268,0.0010910314,0.0010726465,0.0,0.0010474763,0.0,0.0010610397,0.0010474763,0.0010684266,0.0010726227,0.0,0.0,0.0010315169,0.0010126577,0.0010684268,0.0010910302,0.0,0.001061041,0.0,0.0010315169,0.0010126577,0.0010684268,0.001079984,0.0,0.0,0.0010474777,0.001061041,0.0,0.0010315169,0.0010610401,0.001072641,0.0010610401,0.0,0.0010315169,0.0010126577,0.0010684268,0.0010799837,0.0,0.0,0.0010474764,0.0010315169,0.0010221477,0.0010328699,0.0011081423,0.0,0.0,0.0010474763,0.0,0.0010610397,0.0010474763,0.0010684266,0.0,0.0010610428,0.0,0.0010610399,0.0,0.0010610397,0.0010474764,0.0,0.0,0.001047491,0.001031519,0.0010221476,0.0010328699,0.0011081423,0.0,0.0010610701,0.0010610435,0.0010554714,0.001066925,0.0,0.0009903058,0.0,0.001061042,0.0010474774,0.0,0.0010610403,0.0010474765,0.001040212,0.001072626,0.0010610397,0.0010474763,0.0,0.0010610397,0.0010474763,0.0010402099,0.0,0.0010610399,0.0010474764,0.0010402086,0.001051406,0.0010575822,0.0010696411,0.0010726197,0.0010610397,0.0010474763,0.0010402086,0.001051406,0.0010575822,0.0010696409,0.0010726509,0.0,0.0,0.0010315169,0.0010126577,0.0010684268,0.0010910302,0.0010726253,0.0,0.0010474763,0.0010315169,0.0010221477,0.0010328699,0.0011081422,0.0,0.0010610399,0.0,0.0010315169,0.0010126577,0.0010684268,0.0010799835,0.0010726374,0.0,0.0010474763,0.0010315169,0.0010221477,0.0010328699,0.0011081513,0.0,0.0010610397,0.0010474763,0.0010402086,0.001051406,0.0010575822,0.0010696427,0.0010726202,0.0010610397,0.0010474763,0.0010402086,0.001051406,0.0010575822,0.0010696409,0.0,0.0010610403,0.0010474765,0.0010402086,0.001051406,0.0010575822,0.0010696412,0.0,0.0,0.0010474763,0.0010315169,0.0010221477,0.0010328699,0.001108142,0.0010726216,0.0010610397,0.0,0.0,0.0010610399,0.0010610397,0.0010554715,0.0010726557,0.0,0.0010474767,0.0,0.0010610399,0.0010474763,0.001068432,0.0010727454,0.0,0.0010610399,0.0010474765,0.0010402086,0.0,0.0010610407,0.0,0.0010610396,0.0,0.0010315169,0.0010126577,0.0010684266,0.0010799926,0.0010726255,0.0,0.0010474763,0.0010315169,0.0010221476,0.0010328704,0.0011082137,0.0010726363,0.0,0.0,0.0010315169,0.0010126577,0.0010684268,0.0010910302,0.0,0.0010610399,0.0010474764,0.0010402086,0.001051406,0.0010575822,0.0010696409,0.0010726342,0.0010610399,0.0010474765,0.0,0.0010610397,0.0010474763,0.00104021,0.0010726221,0.0,0.0010474765,0.0010315173,0.0010221477,0.0010328699,0.0011081441,0.0010726228,0.0,0.0010474764,0.0010315169,0.0010221476,0.0010328699,0.0011081441,0.0,0.0010610401,0.0010610402,0.001055471,0.001066925,0.0,0.000990347,0.001072657,0.0,0.0010474765,0.0010315169,0.0010221477,0.0010328699,0.0011081418,0.0010726239,0.0,0.0,0.0010315169,0.0010126577,0.0010684268,0.0010910315,0.0010726926,0.0010610406,0.0,0.0010315179,0.0010126578,0.0010684269,0.0010799923,0.0,0.0010610397,0.0010474765,0.0010402086,0.001051406,0.0010575822,0.0010696409,0.0,0.0010610409,0.0,0.0010315169,0.0010126577,0.0010684268,0.0010799835,0.0,0.0010610399,0.0010474764,0.0010402086,0.001051406,0.0010575822,0.001069641,0.001072634,0.00106104,0.0010474767,0.0010402089,0.001051406,0.0010575822,0.0010696413,0.0,0.0,0.0,0.0010315169,0.0010126577,0.0010684268,0.0010910308,0.0010726192,0.0010610397,0.0,0.0010315169,0.0010126577,0.0010684268,0.0010799845,0.0010726304,0.0010610397,0.0010474763,0.0010684268,0.0,0.0010315169,0.0010126578,0.0,0.0010610397,0.0010474763,0.0010402086,0.001051406,0.0010575822,0.0010696418,0.0,0.0010610397,0.0010474763,0.0010402086,0.001051406,0.0010575822,0.0010696412,0.0,0.0010610406,0.0010474765,0.0010402086,0.001051406,0.0010575822,0.0010696433,0.0010726283,0.0010610397,0.0010474763,0.0010402086,0.001051406,0.0010575822,0.0010696414,0.0,0.0,0.0010474763,0.0010315169,0.0010221477,0.0010328699,0.0011081424,0.0,0.0010610397,0.0010474763,0.0010402086,0.001051406,0.0010575822,0.0010696409,0.0010728063,0.0010610413,0.0010474767,0.0010402089,0.001051406,0.0010575822,0.0010696438
k__Bacteria|p__Proteobacteria|c__Gammaproteobacteria|o__Moraxellales|f__Moraxellaceae|g__Acinetobacter|s__Acinetobacter_guillouiae,0.0,0.0010603943,0.001046712,0.0010392829,0.0010502198,0.001056136,0.0010680226,0.0,0.0010603943,0.001046712,0.0010392829,0.0010502198,0.001056136,0.0010680225,0.0,0.0,0.0010467186,0.0010306328,0.0010210922,0.0010315443,0.0011072375,0.0010720834,0.0,0.001046712,0.001030628,0.0010210918,0.0010315443,0.0011072374,0.0,0.0,0.001046712,0.001030628,0.0010210918,0.0010315443,0.0011072374,0.001072087,0.0010603943,0.001046712,0.0010392829,0.0010502198,0.001056136,0.0010680225,0.0,0.0010603945,0.0010467118,0.0010392829,0.0010502198,0.001056136,0.0010680226,0.0010720871,0.0010603943,0.001046712,0.0010392829,0.0010502198,0.001056136,0.0010680225,0.0,0.0010603945,0.0010467122,0.001039283,0.0010502198,0.001056136,0.001068023,0.0,0.0010603943,0.001046712,0.0010392829,0.0010502198,0.001056136,0.0010680226,0.0,0.0010603943,0.0,0.001030628,0.0010116403,0.0010677468,0.0010790622,0.0,0.0010603943,0.001046712,0.0010392829,0.0010502198,0.001056136,0.0010680233,0.0,0.0,0.0,0.001030628,0.0010116403,0.0010677468,0.0010902329,0.0010720862,0.0010603943,0.0,0.001030628,0.0010116403,0.0010677468,0.0010790662,0.0010720886,0.0,0.0,0.0010306281,0.0010116403,0.0010677468,0.0010902324,0.0010720862,0.0,0.0010467117,0.0,0.0010603943,0.001046712,0.0010677467,0.001072087,0.0,0.0,0.001030628,0.0010116403,0.0010677468,0.0010902317,0.0,0.0010603948,0.0,0.001030628,0.0010116403,0.0010677468,0.0010790618,0.0,0.0,0.0010467119,0.0010603948,0.0,0.001030628,0.0010603945,0.0010720899,0.0010603945,0.0,0.001030628,0.0010116403,0.0010677468,0.0010790618,0.0,0.0,0.0010467119,0.001030628,0.0010210918,0.0010315443,0.0011072375,0.004543734,0.0,0.001046712,0.0,0.0010603943,0.001046712,0.0010677468,0.0,0.0010603957,0.0,0.0010603945,0.0,0.0010603943,0.0010467118,0.0,0.0,0.0010467187,0.0010306289,0.0010210918,0.0010315443,0.0011072377,0.0,0.0010604126,0.0010603961,0.0010546707,0.0010658734,0.0,0.0009891514,0.0,0.001060395,0.0010467119,0.0,0.0010603946,0.001046712,0.0010392843,0.0010720865,0.0010603943,0.001046712,0.0,0.0010603943,0.001046712,0.0010392835,0.0,0.0010603946,0.0010467122,0.0010392829,0.0010502198,0.001056136,0.0010680225,0.0010720871,0.0010603943,0.001046712,0.0010392829,0.0010502198,0.001056136,0.0010680226,0.0010720846,0.0,0.0,0.001030628,0.0010116403,0.0010677468,0.0010902316,0.0010720873,0.0,0.001046712,0.001030628,0.0010210918,0.0010315443,0.0011072374,0.0,0.0010603945,0.0,0.001030628,0.0010116403,0.0010677468,0.0010790618,0.0010720874,0.0,0.001046712,0.001030628,0.0010210918,0.0010315443,0.0011072416,0.0,0.0010603943,0.001046712,0.0010392829,0.0010502198,0.001056136,0.0010680235,0.0010720869,0.0010603943,0.001046712,0.0010392829,0.0010502198,0.001056136,0.0010680225,0.0,0.0010603947,0.001046712,0.0010392829,0.0010502198,0.001056136,0.0010680226,0.0,0.0,0.0010467117,0.001030628,0.0010210918,0.0010315443,0.0011072375,0.0010720865,0.0010603943,0.0,0.0,0.0010603945,0.0010603943,0.001054671,0.0010720849,0.0,0.0010467119,0.0,0.0010603945,0.0010467117,0.001067748,0.0010720933,0.0,0.0010603946,0.0010467119,0.0010392829,0.0,0.0010603947,0.0,0.0010603942,0.0,0.001030628,0.0010116403,0.0010677468,0.0010790644,0.0010720866,0.0,0.001046712,0.001030628,0.0010210918,0.0010315444,0.0011072761,0.0010720872,0.0,0.0,0.001030628,0.0010116403,0.0010677468,0.0010902315,0.0,0.0010603945,0.0010467122,0.0010392829,0.0010502198,0.001056136,0.0010680225,0.0010720763,0.0010603945,0.001046712,0.0,0.0010603943,0.001046712,0.0010392835,0.001072087,0.0,0.0010467119,0.0010306279,0.0010210918,0.0010315443,0.0011072387,0.0010720867,0.0,0.0010467122,0.001030628,0.0010210918,0.0010315445,0.001107238,0.0,0.0010603945,0.0010603945,0.0010546708,0.0010658733,0.0,0.000989183,0.001072085,0.0,0.001046712,0.001030628,0.0010210918,0.0010315443,0.0011072374,0.0010720877,0.0,0.0,0.001030628,0.0010116398,0.0010677464,0.0010902329,0.0010720835,0.0010603945,0.0,0.0010306283,0.00101164,0.0010677464,0.0010790657,0.0,0.0010603945,0.001046712,0.0010392829,0.0010502198,0.001056136,0.0010680225,0.0,0.0010603947,0.0,0.001030628,0.0010116403,0.0010677468,0.0010790618,0.0,0.0010603945,0.0010467119,0.0010392829,0.0010502198,0.001056136,0.0010680225,0.0010720881,0.0010603945,0.0010467118,0.001039283,0.0010502195,0.001056136,0.0010680227,0.0,0.0,0.0,0.001030628,0.0010116403,0.0010677468,0.0010902319,0.0010720869,0.0010603943,0.0,0.001030628,0.0010116403,0.0010677468,0.0010790621,0.0010720866,0.0010603945,0.001046712,0.0010677468,0.0,0.001030628,0.00101164,0.0,0.0010603943,0.001046712,0.0010392829,0.0010502198,0.001056136,0.0010680231,0.0,0.0010603943,0.001046712,0.0010392829,0.0010502198,0.001056136,0.0010680228,0.0,0.0010603946,0.001046712,0.0010392829,0.0010502195,0.001056136,0.0010680241,0.001072087,0.0010603943,0.001046712,0.0010392829,0.0010502198,0.001056136,0.001068023,0.0,0.0,0.001046712,0.001030628,0.0010210918,0.0010315443,0.0011072377,0.0,0.0010603943,0.001046712,0.0010392829,0.0010502198,0.001056136,0.0010680226,0.0010721189,0.001060395,0.0010467118,0.0010392829,0.0010502195,0.001056136,0.0010680245
k__Bacteria|p__Proteobacteria|c__Gammaproteobacteria|o__Pasteurellales|f__Pasteurellaceae|g__Haemophilus|s__Haemophilus_pittmaniae,0.0,0.0010615065,0.0010478512,0.001040438,0.0010513655,0.0010572791,0.0010691477,0.0,0.0010615067,0.0010478512,0.001040438,0.0010513655,0.0010572791,0.0010691478,0.0,0.0,0.0010478549,0.0010317967,0.0010222744,0.0010327214,0.0011082381,0.001073174,0.0,0.0010478512,0.0010317937,0.0010222741,0.0010327214,0.0011082379,0.0,0.0,0.0010478512,0.0010317937,0.0010222741,0.0010327214,0.0011082379,0.0010731725,0.0010615066,0.0010478512,0.001040438,0.0010513655,0.0010572791,0.0010691476,0.0,0.0010615066,0.0010478512,0.001040438,0.0010513655,0.0010572791,0.001069148,0.0010731727,0.0010615066,0.0010478512,0.001040438,0.0010513655,0.0010572791,0.0010691478,0.0,0.0010615067,0.0010478512,0.0010404381,0.0010513655,0.0010572791,0.0010691483,0.0,0.0010615067,0.0010478512,0.001040438,0.0010513655,0.0010572791,0.0010691477,0.0,0.0010615067,0.0,0.0010317937,0.001012831,0.0010688455,0.0010801431,0.0,0.0010615066,0.0010478512,0.001040438,0.0010513655,0.0010572791,0.0010691482,0.0,0.0,0.0,0.0010317937,0.001012831,0.0010688455,0.001091282,0.0010731737,0.0010615067,0.0,0.0010317937,0.001012831,0.0010688455,0.001080146,0.0010731819,0.0,0.0,0.0010317937,0.001012831,0.0010688455,0.0010912819,0.0010731752,0.0,0.0010478512,0.0,0.0010615066,0.0010478512,0.0010688454,0.0010731728,0.0,0.0,0.0010317937,0.001012831,0.0010688455,0.001091281,0.0,0.0010615069,0.0,0.0010317937,0.001012831,0.0010688455,0.0010801429,0.0,0.0,0.0010478508,0.001061507,0.0,0.0010317937,0.0010615067,0.0010731762,0.0010615067,0.0,0.0010317937,0.001012831,0.0010688455,0.0010801429,0.0,0.0,0.0010478513,0.0010317937,0.0010222741,0.0010327214,0.0011082378,0.0,0.0,0.0010478512,0.0,0.0010615066,0.0010478512,0.0010688455,0.0,0.001061507,0.0,0.0010615068,0.0,0.0010615066,0.0010478513,0.0,0.0,0.001047854,0.0010317942,0.001022274,0.0010327214,0.0011082379,0.0,0.0010615172,0.0010615073,0.0010557978,0.0010669868,0.0,0.0009903638,0.0,0.001061507,0.001047851,0.0,0.0010615068,0.001047851,0.0010404388,0.0010731729,0.0010615066,0.0010478512,0.0,0.0010615066,0.0010478512,0.0010404384,0.0,0.0010615067,0.0010478513,0.001040438,0.0010513655,0.0010572791,0.0010691478,0.0010731725,0.0010615066,0.0010478512,0.001040438,0.0010513655,0.0010572791,0.0010691477,0.0010731734,0.0,0.0,0.0010317937,0.001012831,0.0010688455,0.0010912806,0.0010731729,0.0,0.0010478512,0.0010317937,0.0010222741,0.0010327214,0.0011082378,0.003049405,0.0010615068,0.0,0.0010317937,0.001012831,0.0010688455,0.0010801427,0.0010731756,0.0,0.0010478512,0.0010317937,0.0010222741,0.0010327214,0.0011082403,0.0,0.0010615066,0.0010478512,0.001040438,0.0010513655,0.0010572791,0.0010691485,0.0010731727,0.0010615066,0.0010478512,0.001040438,0.0010513655,0.0010572791,0.0010691476,0.0,0.0010615069,0.001047851,0.001040438,0.0010513655,0.0010572791,0.0010691477,0.0,0.0,0.0010478512,0.0010317937,0.0010222741,0.0010327214,0.0011082379,0.0010731729,0.0010615066,0.0,0.0,0.0010615068,0.0010615067,0.0010557981,0.0010731765,0.0,0.001047851,0.0,0.0010615068,0.0010478512,0.0010688466,0.0010731912,0.0,0.0010615067,0.001047851,0.001040438,0.0,0.0010615069,0.0,0.0010615066,0.0,0.0010317937,0.001012831,0.0010688455,0.001080145,0.0010731729,0.0,0.0010478512,0.0010317937,0.001022274,0.0010327217,0.0011082664,0.001073173,0.0,0.0,0.0010317937,0.001012831,0.0010688455,0.0010912806,0.0,0.0010615068,0.0010478513,0.001040438,0.0010513655,0.0010572791,0.0010691478,0.0010731759,0.0010615068,0.001047851,0.0,0.0010615066,0.0010478512,0.0010404383,0.0010731729,0.0,0.001047851,0.0010317937,0.0010222741,0.0010327214,0.0011082388,0.0010731729,0.0,0.0010478513,0.0010317937,0.001022274,0.0010327215,0.0011082382,0.0,0.0010615068,0.0010615067,0.0010557979,0.0010669868,0.0,0.0009903909,0.001073175,0.0,0.001047851,0.0010317937,0.0010222741,0.0010327214,0.0011082379,0.0010731742,0.0,0.0,0.0010317937,0.001012831,0.0010688455,0.0010912819,0.0010731769,0.0010615067,0.0,0.001031794,0.0010128311,0.0010688455,0.0010801457,0.0,0.0010615066,0.001047851,0.001040438,0.0010513655,0.0010572791,0.0010691476,0.0,0.0010615067,0.0,0.0010317937,0.001012831,0.0010688455,0.0010801427,0.0,0.0010615067,0.0010478513,0.001040438,0.0010513655,0.0010572791,0.0010691478,0.0010731744,0.0010615066,0.0010478512,0.0010404381,0.0010513655,0.0010572791,0.001069148,0.0,0.0,0.0,0.0010317937,0.001012831,0.0010688455,0.001091281,0.0010731727,0.0010615066,0.0,0.0010317937,0.001012831,0.0010688455,0.0010801429,0.0010731732,0.0010615066,0.0010478512,0.0010688455,0.0,0.0010317937,0.0010128312,0.0,0.0010615066,0.0010478512,0.001040438,0.0010513655,0.0010572791,0.0010691482,0.0,0.0010615066,0.0010478512,0.001040438,0.0010513655,0.0010572791,0.0010691478,0.0,0.0010615067,0.001047851,0.001040438,0.0010513655,0.0010572791,0.0010691492,0.0010731735,0.0010615066,0.0010478512,0.001040438,0.0010513655,0.0010572791,0.001069148,0.0,0.0,0.0010478512,0.0010317937,0.0010222741,0.0010327214,0.001108238,0.0,0.0010615066,0.0010478512,0.001040438,0.0010513655,0.0010572791,0.0010691477,0.0010732318,0.0010615069,0.0010478512,0.0010404378,0.0010513655,0.0010572791,0.0010691494
k__Bacteria|p__Proteobacteria|c__Betaproteobacteria|o__Neisseriales|f__Neisseriaceae|g__Neisseria|s__Neisseria_cinerea,0.0,0.001061381,0.0010476509,0.0010401314,0.0010508766,0.0010566106,0.0010683559,0.0,0.0010613808,0.0010476509,0.0010401314,0.0010508766,0.0010566106,0.0010683557,0.0,0.0,0.0010476754,0.0010315325,0.0010218866,0.0010321459,0.0011079026,0.0010731629,0.0,0.0010476509,0.0010315154,0.0010218857,0.0010321459,0.0011079016,0.0,0.0,0.0010476509,0.0010315154,0.0010218857,0.0010321459,0.0011079016,0.001073118,0.0010613808,0.0010476509,0.0010401314,0.0010508766,0.0010566106,0.0010683556,0.0,0.0010613817,0.0010476509,0.0010401314,0.0010508766,0.0010566106,0.0010683566,0.001073118,0.0010613808,0.0010476509,0.0010401314,0.0010508766,0.0010566106,0.0010683559,0.0,0.0010613812,0.0010476519,0.0010401314,0.0010508766,0.0010566106,0.0010683564,0.0,0.0010613812,0.0010476509,0.0010401314,0.0010508766,0.0010566106,0.0010683557,0.0,0.0010613808,0.0,0.0010315154,0.0010124717,0.0010686921,0.0010798195,0.0,0.0010613808,0.0010476509,0.0010401314,0.0010508766,0.0010566106,0.0010683561,0.0,0.0,0.0,0.0010315154,0.0010124717,0.0010686921,0.0010910328,0.0010731284,0.0010613812,0.0,0.0010315154,0.0010124717,0.0010686921,0.0010798263,0.001073207,0.0,0.0,0.0010315157,0.0010124717,0.0010686921,0.0010910322,0.00107315,0.0,0.0010476509,0.0,0.0010613808,0.0010476509,0.0010686922,0.0010731216,0.0,0.0,0.0010315154,0.0010124717,0.0010686921,0.0010910315,0.0,0.0010613833,0.0,0.0010315154,0.0010124717,0.0010686921,0.0010798179,0.0,0.0,0.0010476522,0.0010613827,0.0,0.0010315154,0.0010613808,0.0010731536,0.0010613814,0.0,0.0010315154,0.0010124717,0.0010686921,0.0010798177,0.0,0.0,0.001047651,0.0010315154,0.0010218857,0.0010321459,0.0011079023,0.0,0.0,0.0010476509,0.0,0.0010613808,0.0010476509,0.0010686921,0.0,0.0010613881,0.0,0.001061381,0.0,0.0010613808,0.001047651,0.0,0.0,0.0010476792,0.0010315207,0.0010218858,0.0010321459,0.0011079023,0.0021731758,0.0010614478,0.0010613886,0.0010555706,0.0010665819,0.0,0.000989928,0.0,0.0010613846,0.0010476524,0.0,0.0010613815,0.001047651,0.0010401349,0.0010731268,0.0010613808,0.0010476509,0.0,0.0010613808,0.0010476509,0.0010401325,0.0,0.0010613812,0.001047651,0.0010401314,0.0010508766,0.0010566106,0.0010683559,0.0010731177,0.0010613808,0.0010476509,0.0010401314,0.0010508766,0.0010566106,0.0010683557,0.0010731487,0.0,0.0,0.0010315154,0.0010124717,0.0010686921,0.0010910315,0.0010731248,0.0,0.0010476509,0.0010315154,0.0010218857,0.0010321459,0.001107902,0.0,0.001061381,0.0,0.0010315154,0.0010124717,0.0010686921,0.0010798174,0.0010731405,0.0,0.0010476509,0.0010315154,0.0010218857,0.0010321459,0.0011079103,0.0,0.0010613808,0.0010476509,0.0010401314,0.0010508766,0.0010566106,0.0010683568,0.0010731188,0.0010613808,0.0010476509,0.0010401314,0.0010508766,0.0010566106,0.0010683556,0.0,0.0010613817,0.001047651,0.0010401314,0.0010508766,0.0010566106,0.0010683559,0.0,0.0,0.0010476509,0.0010315154,0.0010218857,0.0010321459,0.0011079019,0.0010731207,0.0010613808,0.0,0.0,0.001061381,0.0010613808,0.00105557,0.0010731645,0.0,0.0010476514,0.0,0.001061381,0.0010476509,0.0010686964,0.0010732627,0.0,0.0010613813,0.001047651,0.0010401314,0.0,0.0010613814,0.0,0.0010613807,0.0,0.0010315154,0.0010124717,0.0010686921,0.0010798252,0.001073125,0.0,0.0010476509,0.0010315154,0.0010218858,0.0010321465,0.0011079652,0.0010731408,0.0,0.0,0.0010315154,0.0010124717,0.0010686921,0.0010910315,0.0,0.0010613813,0.001047651,0.0010401314,0.0010508766,0.0010566106,0.0010683557,0.0010731308,0.0010613812,0.001047651,0.0,0.0010613811,0.0010476509,0.0010401327,0.0010731205,0.0,0.001047651,0.0010315158,0.0010218857,0.0010321459,0.0011079033,0.0010731227,0.0,0.001047651,0.0010315154,0.0010218858,0.001032146,0.0011079035,0.0,0.0010613812,0.0010613812,0.0010555699,0.0010665822,0.0,0.0009899706,0.0010731589,0.0,0.001047651,0.0010315154,0.0010218857,0.0010321459,0.0011079016,0.001073124,0.0,0.0,0.0010315154,0.0010124717,0.0010686921,0.0010910323,0.0010731972,0.0010613821,0.0,0.0010315172,0.0010124723,0.0010686924,0.0010798246,0.0,0.001061381,0.001047651,0.0010401314,0.0010508766,0.0010566106,0.0010683556,0.0,0.0010613832,0.0,0.0010315154,0.0010124717,0.0010686921,0.0010798174,0.0,0.0010613811,0.001047651,0.0010401314,0.0010508766,0.0010566106,0.0010683559,0.0010731348,0.0010613812,0.0010476509,0.0010401317,0.0010508766,0.0010566106,0.001068356,0.0,0.0,0.0,0.0010315154,0.0010124717,0.0010686921,0.0010910317,0.0010731171,0.0010613808,0.0,0.0010315154,0.0010124717,0.0010686921,0.0010798187,0.0010731333,0.0010613812,0.0010476509,0.0010686921,0.0,0.0010315154,0.001012472,0.0,0.0010613808,0.0010476509,0.0010401314,0.0010508766,0.0010566106,0.0010683566,0.0,0.0010613811,0.0010476509,0.0010401314,0.0010508766,0.0010566106,0.0010683561,0.0,0.0010613819,0.001047651,0.0010401314,0.0010508766,0.0010566106,0.0010683576,0.0010731296,0.0010613808,0.0010476509,0.0010401314,0.0010508766,0.0010566106,0.0010683563,0.0,0.0,0.0010476509,0.0010315154,0.0010218857,0.0010321459,0.001107902,0.0,0.0010613808,0.0010476509,0.0010401314,0.0010508766,0.0010566106,0.0010683557,0.0010734063,0.0010613835,0.0010476514,0.0010401313,0.0010508766,0.0010566106,0.0010683582
k__Bacteria|p__Proteobacteria|c__Gammaproteobacteria|o__Moraxellales|f__Moraxellaceae|g__Acinetobacter|s__Acinetobacter_baumannii,0.0,0.0010599945,0.0010465155,0.0010393941,0.0010508825,0.0010573386,0.0010696078,0.0,0.0010599946,0.0010465155,0.0010393941,0.0010508825,0.0010573386,0.0010696078,0.0,0.0,0.001046533,0.0010306581,0.0010214299,0.001032445,0.0011075451,0.0010715249,0.0,0.0010465155,0.0010306467,0.0010214291,0.001032445,0.001107545,0.0,0.0,0.0010465155,0.0010306467,0.0010214291,0.001032445,0.0011075452,0.0010714957,0.0010599946,0.0010465155,0.0010393941,0.0010508825,0.0010573386,0.0010696079,0.0,0.0010599954,0.0010465157,0.0010393941,0.0010508825,0.0010573386,0.0010696079,0.0010714959,0.0010599946,0.0010465155,0.0010393941,0.0010508825,0.0010573386,0.0010696077,0.0,0.0010599949,0.0010465161,0.0010393943,0.0010508825,0.0010573386,0.001069608,0.0,0.0010599946,0.0010465155,0.0010393941,0.0010508825,0.0010573386,0.0010696078,0.0,0.0010599946,0.0,0.0010306467,0.001011884,0.001067439,0.001079281,0.0,0.0010599946,0.0010465155,0.0010393941,0.0010508825,0.0010573386,0.0010696077,0.0,0.0,0.0,0.0010306467,0.001011884,0.001067439,0.0010902459,0.0010715032,0.0010599946,0.0,0.0010306467,0.001011884,0.001067439,0.0010792848,0.0010715639,0.0,0.0,0.0010306467,0.001011884,0.001067439,0.0010902454,0.0010715176,0.0,0.0010465155,0.0,0.0010599946,0.0010465155,0.0010674387,0.0010714985,0.0,0.0,0.0010306467,0.001011884,0.001067439,0.0010902451,0.0,0.0010599965,0.0,0.0010306467,0.001011884,0.001067439,0.0010792802,0.0,0.0,0.0010465167,0.0010599961,0.0,0.0010306467,0.0010599946,0.001071521,0.0010599949,0.0,0.0010306466,0.001011884,0.001067439,0.0010792799,0.0,0.0,0.0010465158,0.0010306467,0.0010214291,0.001032445,0.0011075455,0.0,0.0,0.0010465155,0.0,0.0010599946,0.0010465155,0.0010674387,0.0,0.001059999,0.0,0.0010599947,0.0,0.0010599946,0.0010465157,0.0,0.0,0.0010465382,0.0010306503,0.001021429,0.001032445,0.0011075452,0.0,0.0010600433,0.0010599997,0.0010545676,0.0010663086,0.0,0.0009896293,0.0,0.0010599974,0.0010465168,0.0,0.0010599949,0.0010465158,0.0010393962,0.0010715013,0.0010599946,0.0010465155,0.0,0.0010599946,0.0010465155,0.0010393948,0.0,0.0010599947,0.0010465157,0.0010393941,0.0010508825,0.0010573386,0.0010696077,0.0010714955,0.0010599946,0.0010465155,0.0010393941,0.0010508825,0.0010573386,0.0010696078,0.0010715212,0.0,0.0,0.0010306467,0.001011884,0.001067439,0.0010902453,0.0010715019,0.0,0.0010465155,0.0010306467,0.0010214291,0.001032445,0.0011075451,0.0,0.0010599947,0.0,0.0010306467,0.001011884,0.001067439,0.0010792802,0.0010715104,0.0,0.0010465155,0.0010306467,0.0010214291,0.001032445,0.0011075491,0.0,0.0010599946,0.0010465155,0.0010393941,0.0010508825,0.0010573386,0.0010696085,0.0010714963,0.0010599946,0.0010465155,0.0010393941,0.0010508825,0.0010573386,0.0010696079,0.0,0.0010599953,0.0010465158,0.0010393941,0.0010508825,0.0010573386,0.0010696078,0.0,0.0,0.0010465155,0.0010306467,0.0010214291,0.001032445,0.0011075451,0.0010714973,0.0010599946,0.0,0.0,0.0010599947,0.0010599946,0.001054567,0.0010715239,0.0,0.0010465159,0.0,0.0010599947,0.0010465155,0.001067441,0.0010715981,0.0,0.0010599948,0.0010465158,0.0010393941,0.0,0.0010599949,0.0,0.0010599945,0.0,0.0010306467,0.001011884,0.001067439,0.001079284,0.0010715008,0.0,0.0010465155,0.0010306467,0.001021429,0.0010324455,0.0011075757,0.0010715108,0.0,0.0,0.0010306467,0.001011884,0.001067439,0.0010902454,0.0,0.0010599947,0.0010465157,0.0010393941,0.0010508825,0.0010573386,0.0010696078,0.0010714927,0.0010599946,0.0010465158,0.0,0.0010599945,0.0010465155,0.0010393951,0.001071498,0.0,0.0010465158,0.0010306468,0.0010214291,0.001032445,0.0011075455,0.0010714987,0.0,0.0010465157,0.0010306467,0.001021429,0.001032445,0.0011075459,0.0,0.0010599949,0.0010599948,0.0010545669,0.0010663085,0.0,0.0009896586,0.0010715281,0.0,0.0010465158,0.0010306467,0.0010214291,0.001032445,0.0011075451,0.0010714992,0.0,0.0,0.0010306467,0.001011884,0.001067439,0.0010902456,0.0010715561,0.0010599958,0.0,0.0010306479,0.0010118845,0.0010674391,0.0010792841,0.0,0.0010599946,0.0010465158,0.0010393941,0.0010508825,0.0010573386,0.0010696079,0.0,0.0010599962,0.0,0.0010306467,0.001011884,0.001067439,0.0010792802,0.0,0.0010599947,0.0010465158,0.0010393941,0.0010508825,0.0010573386,0.0010696078,0.0010715075,0.0010599947,0.0010465157,0.0010393945,0.0010508825,0.0010573386,0.0010696079,0.0,0.0,0.0,0.0010306467,0.001011884,0.001067439,0.0010902454,0.0010714952,0.0010599946,0.0,0.0010306467,0.001011884,0.001067439,0.0010792806,0.0010715061,0.0010599946,0.0010465155,0.001067439,0.0,0.0010306467,0.0010118842,0.0,0.0010599946,0.0010465155,0.0010393941,0.0010508825,0.0010573386,0.0010696079,0.0,0.0010599946,0.0010465155,0.0010393941,0.0010508825,0.0010573386,0.0010696078,0.0,0.0010599955,0.0010465158,0.0010393941,0.0010508825,0.0010573386,0.0010696085,0.0010715052,0.0010599946,0.0010465155,0.0010393941,0.0010508825,0.0010573386,0.001069608,0.0,0.0,0.0010465155,0.0010306467,0.0010214291,0.001032445,0.0011075452,0.0,0.0010599946,0.0010465155,0.0010393941,0.0010508825,0.0010573386,0.0010696078,0.0010716497,0.0010599964,0.0010465159,0.0010393941,0.0010508825,0.0010573386,0.0010696086
k__Bacteria|p__Proteobacteria|c__Gammaproteobacteria|o__Enterobacterales|f__Enterobacteriaceae|g__Kluyvera|s__Kluyvera_genomosp_3,0.0,0.0010585968,0.0010450642,0.0010378934,0.0010493413,0.0010557497,0.0010680057,0.0,0.0010585972,0.0010450642,0.0010378934,0.0010493413,0.0010557497,0.0010680056,0.0,0.0,0.0010450752,0.0010291456,0.0010198723,0.0010308408,0.0011062254,0.0010701804,0.0,0.0010450642,0.0010291408,0.0010198716,0.0010308408,0.0011062251,0.0,0.0,0.0010450642,0.0010291408,0.0010198716,0.0010308408,0.001106225,0.0010701508,0.0010585971,0.0010450642,0.0010378934,0.0010493413,0.0010557497,0.0010680056,0.0,0.0010585976,0.0010450643,0.0010378934,0.0010493413,0.0010557497,0.0010680073,0.0010701508,0.0010585971,0.0010450642,0.0010378934,0.0010493413,0.0010557497,0.0010680057,0.0,0.0010585972,0.0010450653,0.0010378934,0.0010493413,0.0010557497,0.0010680058,0.0,0.0010585972,0.0010450642,0.0010378934,0.0010493413,0.0010557497,0.0010680057,0.0,0.001058597,0.0,0.0010291408,0.0010103238,0.0010660499,0.0010778661,0.0,0.0010585971,0.0010450642,0.0010378932,0.0010493413,0.0010557497,0.0010680059,0.0,0.0,0.0,0.0010291408,0.0010103242,0.0010660499,0.0010888907,0.0010701614,0.0010585972,0.0,0.0010291408,0.0010103238,0.0010660499,0.0010778713,0.0010702303,0.0,0.0,0.0010291409,0.0010103238,0.0010660499,0.0010888908,0.0010701776,0.0,0.0010450642,0.0,0.0010585971,0.0010450642,0.0010660498,0.001070154,0.0,0.0,0.0010291408,0.0010103238,0.0010660499,0.0010888899,0.0,0.0010585982,0.0,0.0010291408,0.0010103238,0.0010660499,0.0010778649,0.0,0.0,0.0010450648,0.0010585985,0.0,0.0010291408,0.0010585975,0.0010701662,0.0010585972,0.0,0.0010291408,0.0010103242,0.0010660499,0.0010778643,0.0,0.0,0.0010450644,0.0010291408,0.0010198716,0.0010308408,0.0011062252,0.0,0.0,0.0010450642,0.0,0.0010585971,0.0010450642,0.0010660498,0.0,0.0010585982,0.0,0.0010585972,0.0,0.0010585971,0.0010450643,0.0,0.0,0.001045073,0.0010291422,0.0010198716,0.0010308408,0.0011062247,0.0,0.0010586303,0.0010586001,0.0010531227,0.0010648306,0.006023922,0.0009880206,0.0,0.0010585987,0.0010450649,0.0,0.0010585974,0.0010450644,0.0010378965,0.0010701556,0.0010585971,0.0010450642,0.0,0.0010585971,0.0010450642,0.0010378942,0.0,0.0010585974,0.0010450643,0.0010378932,0.0010493413,0.0010557497,0.0010680057,0.0010701506,0.0010585971,0.0010450642,0.0010378934,0.0010493413,0.0010557497,0.0010680057,0.0010701809,0.0,0.0,0.0010291408,0.0010103238,0.0010660499,0.0010888899,0.0010701575,0.0,0.0010450642,0.0010291408,0.0010198716,0.0010308408,0.001106225,0.0,0.0010585972,0.0,0.0010291408,0.0010103238,0.0010660499,0.0010778643,0.0010701687,0.0,0.0010450642,0.0010291408,0.0010198716,0.0010308408,0.0011062331,0.0,0.0010585971,0.0010450642,0.0010378934,0.0010493413,0.0010557497,0.0010680071,0.0010701511,0.0010585971,0.0010450642,0.0010378934,0.0010493413,0.0010557497,0.0010680056,0.0,0.0010585971,0.0010450644,0.0010378932,0.0010493413,0.0010557497,0.0010680058,0.0,0.0,0.0010450642,0.0010291408,0.0010198716,0.0010308408,0.0011062251,0.001070152,0.0010585971,0.0,0.0,0.0010585972,0.0010585972,0.0010531225,0.0010701768,0.0,0.0010450644,0.0,0.0010585972,0.0010450642,0.0010660562,0.0010702738,0.0,0.0010585972,0.0010450644,0.0010378932,0.0,0.0010585977,0.0,0.001058597,0.0,0.0010291408,0.0010103238,0.0010660499,0.0010778757,0.001070156,0.0,0.0010450642,0.0010291408,0.0010198716,0.0010308414,0.0011062918,0.0010701598,0.0,0.0,0.0010291408,0.0010103238,0.0010660499,0.0010888898,0.0,0.0010585972,0.0010450643,0.0010378934,0.0010493413,0.0010557497,0.0010680056,0.001070147,0.001058597,0.0010450644,0.0,0.0010585971,0.0010450642,0.0010378949,0.0010701536,0.0,0.0010450644,0.0010291408,0.0010198716,0.0010308408,0.0011062265,0.0010701533,0.0,0.0010450643,0.0010291408,0.0010198716,0.0010308408,0.0011062274,0.0,0.0010585971,0.0010585972,0.0010531225,0.0010648305,0.0,0.0009880484,0.0010701831,0.0,0.0010450644,0.0010291408,0.0010198716,0.0010308408,0.0011062247,0.0010701541,0.0,0.0,0.0010291408,0.0010103238,0.0010660499,0.0010888906,0.0010702227,0.0010585983,0.0,0.0010291418,0.0010103243,0.0010660498,0.0010778717,0.0,0.0010585972,0.0010450644,0.0010378932,0.0010493413,0.0010557497,0.0010680056,0.0,0.0010585975,0.0,0.0010291408,0.0010103238,0.0010660499,0.0010778643,0.0,0.0010585972,0.0010450644,0.0010378932,0.0010493413,0.0010557497,0.0010680058,0.0010701667,0.0010585971,0.0010450643,0.0010378936,0.0010493413,0.0010557497,0.001068006,0.0,0.0,0.0,0.0010291408,0.0010103238,0.0010660499,0.0010888902,0.0010701503,0.0010585971,0.0,0.0010291408,0.0010103238,0.0010660499,0.0010778655,0.0010701575,0.0010585972,0.0010450642,0.0010660499,0.0,0.0010291408,0.0010103239,0.0,0.0010585971,0.0010450642,0.0010378932,0.0010493413,0.0010557497,0.0010680064,0.0,0.0010585971,0.0010450642,0.0010378932,0.0010493413,0.0010557497,0.0010680058,0.0,0.0010585979,0.0010450644,0.0010378932,0.0010493413,0.0010557497,0.0010680078,0.0010701619,0.0010585971,0.0010450642,0.0010378932,0.0010493413,0.0010557497,0.0010680062,0.0,0.0,0.0010450642,0.0010291408,0.0010198716,0.0010308408,0.0011062254,0.0,0.0010585971,0.0010450642,0.0010378934,0.0010493413,0.0010557497,0.0010680057,0.0010702845,0.0010585982,0.0010450643,0.0010378931,0.0010493413,0.0010557497,0.0010680074
k__Bacteria|p__Proteobacteria|c__Gammaproteobacteria|o__Enterobacterales|f__Enterobacteriaceae|g__Atlantibacter|s__Atlantibacter_subterranea,0.0,0.0010591631,0.0010455247,0.001038187,0.0010493243,0.0010554302,0.0010674669,0.0,0.0010591631,0.0010455247,0.001038187,0.0010493243,0.0010554302,0.001067467,0.0,0.0,0.0010455427,0.0010295019,0.0010200485,0.0010307004,0.0011063623,0.0010708754,0.0,0.0010455247,0.0010294894,0.0010200476,0.0010307004,0.0011063614,0.0,0.0,0.0010455247,0.0010294894,0.0010200476,0.0010307004,0.0011063614,0.0010708158,0.001059163,0.0010455247,0.001038187,0.0010493243,0.0010554302,0.0010674669,0.0,0.0010591642,0.0010455252,0.001038187,0.0010493243,0.0010554302,0.0010674678,0.0010708161,0.001059163,0.0010455247,0.001038187,0.0010493243,0.0010554302,0.0010674669,0.0,0.0010591636,0.0010455255,0.0010381871,0.0010493243,0.0010554302,0.0010674675,0.0,0.0010591631,0.0010455247,0.001038187,0.0010493243,0.0010554302,0.001067467,0.0,0.0010591631,0.0,0.0010294894,0.0010105546,0.0010665603,0.0010780782,0.0,0.001059163,0.0010455247,0.001038187,0.0010493243,0.0010554304,0.0010674673,0.0,0.0,0.0,0.0010294894,0.0010105546,0.0010665603,0.001089208,0.0010708326,0.0010591631,0.0,0.0010294894,0.0010105546,0.0010665603,0.0010780847,0.001070932,0.0,0.0,0.0010294896,0.0010105546,0.0010665603,0.0010892072,0.0010708574,0.0,0.0010455247,0.0,0.001059163,0.0010455247,0.0010665605,0.001070821,0.0,0.0,0.0010294894,0.0010105546,0.0010665603,0.0010892056,0.0,0.001059165,0.0,0.0010294894,0.0010105546,0.0010665603,0.0010780763,0.0,0.0,0.0010455262,0.0010591645,0.0,0.0010294894,0.0010591635,0.0010708539,0.0010591636,0.0,0.0010294896,0.0010105546,0.0010665603,0.0010780755,0.0,0.0,0.001045525,0.0010294894,0.0010200476,0.0010307004,0.001106362,0.0,0.0,0.0010455247,0.0,0.001059163,0.0010455247,0.0010665605,0.0,0.0010591681,0.0,0.0010591632,0.0,0.001059163,0.0010455248,0.0,0.0,0.0010455457,0.0010294929,0.0010200477,0.0010307004,0.0011063621,0.0,0.0010592071,0.001059168,0.0010535285,0.0010649308,0.0,0.0009881308,0.0,0.0010591662,0.0010455264,0.0,0.0010591636,0.0010455248,0.0010381906,0.0010708271,0.001059163,0.0010455247,0.0,0.001059163,0.0010455247,0.0010381887,0.0,0.0010591634,0.0010455248,0.001038187,0.0010493243,0.0010554302,0.001067467,0.0010708158,0.001059163,0.0010455247,0.001038187,0.0010493243,0.0010554302,0.001067467,0.0010708626,0.0,0.0,0.0010294894,0.0010105546,0.0010665603,0.0010892056,0.0010708239,0.0,0.0010455247,0.0010294894,0.0010200476,0.0010307004,0.0011063619,0.0,0.0010591632,0.0,0.0010294894,0.0010105546,0.0010665603,0.0010780755,0.001070843,0.0,0.0010455247,0.0010294894,0.0010200476,0.0010307004,0.0011063709,0.0,0.001059163,0.0010455247,0.001038187,0.0010493243,0.0010554302,0.0010674687,0.0010708172,0.001059163,0.0010455247,0.001038187,0.0010493243,0.0010554302,0.0010674669,0.0,0.001059164,0.0010455248,0.001038187,0.0010493243,0.0010554302,0.0010674669,0.0,0.0,0.0010455247,0.0010294894,0.0010200476,0.0010307004,0.0011063617,0.0010708204,0.001059163,0.0,0.0,0.0010591632,0.0010591631,0.0010535284,0.00107088,0.0,0.0010455251,0.0,0.0010591632,0.0010455247,0.0010665652,0.0010709957,0.0,0.0010591636,0.0010455248,0.001038187,0.0,0.001059164,0.0,0.001059163,0.0,0.0010294894,0.0010105546,0.0010665604,0.0010780828,0.0010708258,0.0,0.0010455247,0.0010294894,0.0010200477,0.001030701,0.0011064287,0.0010708425,0.0,0.0,0.0010294894,0.0010105546,0.0010665603,0.0010892056,0.0,0.0010591632,0.0010455248,0.001038187,0.0010493243,0.0010554302,0.001067467,0.0010708589,0.0010591631,0.0010455248,0.0,0.0010591631,0.0010455247,0.0010381883,0.0010708199,0.0,0.0010455248,0.0010294898,0.0010200476,0.0010307004,0.001106364,0.0010708224,0.0,0.0010455248,0.0010294894,0.0010200477,0.0010307005,0.0011063637,0.0,0.0010591631,0.0010591632,0.0010535278,0.001064931,0.0,0.0009881756,0.0010708749,0.0,0.0010455248,0.0010294894,0.0010200476,0.0010307004,0.0011063614,0.0010708248,0.0,0.0,0.0010294894,0.0010105546,0.0010665603,0.0010892072,0.0010709229,0.0010591643,0.0,0.0010294906,0.0010105552,0.0010665606,0.001078085,0.0,0.0010591632,0.0010455248,0.001038187,0.0010493243,0.0010554302,0.0010674669,0.0,0.0010591648,0.0,0.0010294894,0.0010105546,0.0010665603,0.0010780755,0.0,0.0010591632,0.001045525,0.001038187,0.0010493243,0.0010554302,0.001067467,0.0010708382,0.0010591631,0.0010455251,0.0010381874,0.0010493243,0.0010554302,0.0010674674,0.0,0.0,0.0,0.0010294894,0.0010105546,0.0010665603,0.0010892061,0.0010708154,0.001059163,0.0,0.0010294894,0.0010105546,0.0010665603,0.0010780767,0.0010708367,0.0010591632,0.0010455247,0.0010665603,0.0,0.0010294894,0.0010105551,0.0,0.001059163,0.0010455247,0.001038187,0.0010493243,0.0010554302,0.0010674678,0.0,0.001059163,0.0010455247,0.001038187,0.0010493243,0.0010554302,0.001067467,0.0,0.001059164,0.0010455248,0.001038187,0.0010493243,0.0010554304,0.0010674688,0.0010708302,0.001059163,0.0010455247,0.001038187,0.0010493243,0.0010554302,0.0010674675,0.0,0.0,0.0010455247,0.0010294894,0.0010200476,0.0010307004,0.0011063617,0.0,0.001059163,0.0010455247,0.001038187,0.0010493243,0.0010554302,0.001067467,0.0010711403,0.0010591651,0.0010455251,0.001038187,0.0010493243,0.0010554304,0.0010674698
k__Bacteria|p__Proteobacteria|c__Betaproteobacteria|o__Neisseriales|f__Neisseriaceae|g__Neisseria|s__Neisseria_sicca,0.0,0.0010597788,0.0010460863,0.0010386556,0.0010496097,0.0010555396,0.0010674443,0.0,0.0010597791,0.0010460863,0.0010386556,0.0010496097,0.0010555396,0.0010674443,0.0,0.0,0.0010460909,0.0010299959,0.001020455,0.0010309226,0.001106699,0.0010714736,0.0,0.0010460863,0.0010299928,0.0010204549,0.0010309226,0.0011066989,0.0,0.0,0.0010460863,0.0010299928,0.0010204549,0.0010309226,0.0011066989,0.0010714816,0.001059779,0.0010460863,0.0010386556,0.0010496097,0.0010555396,0.0010674443,0.0,0.0010597792,0.0010460863,0.0010386556,0.0010496097,0.0010555396,0.0010674448,0.0010714817,0.001059779,0.0010460863,0.0010386556,0.0010496097,0.0010555396,0.0010674443,0.0,0.0010597792,0.0010460864,0.0010386558,0.0010496097,0.0010555396,0.0010674449,0.0,0.0010597791,0.0010460863,0.0010386556,0.0010496097,0.0010555396,0.0010674443,0.0,0.0010597791,0.0,0.0010299928,0.001010996,0.0010671406,0.0010784784,0.0,0.001059779,0.0010460863,0.0010386556,0.0010496097,0.0010555396,0.0010674449,0.0,0.0,0.0,0.0010299928,0.001010996,0.0010671406,0.0010896609,0.0010714807,0.0010597791,0.0,0.0010299928,0.001010996,0.0010671406,0.0010784807,0.0010714816,0.0,0.0,0.0010299928,0.001010996,0.0010671406,0.0010896607,0.00107148,0.0,0.0010460863,0.0,0.001059779,0.0010460863,0.0010671405,0.0010714817,0.0,0.0,0.0010299928,0.001010996,0.0010671406,0.0010896596,0.0,0.001059779,0.0,0.0010299928,0.001010996,0.0010671406,0.0010784772,0.0,0.0,0.0010460865,0.0010597793,0.0,0.0010299928,0.0010597792,0.0010714815,0.0010597788,0.0,0.0010299928,0.001010996,0.0010671406,0.0010784771,0.0,0.0,0.0010460864,0.0010299928,0.0010204549,0.0010309226,0.0011066989,0.0,0.0,0.0010460863,0.0,0.001059779,0.0010460863,0.0010671405,0.0,0.0010597787,0.0,0.0010597791,0.0,0.001059779,0.0010460863,0.0,0.0,0.0010460895,0.0010299929,0.0010204549,0.0010309226,0.0011066989,0.0,0.001059791,0.0010597794,0.0010540539,0.0010652762,0.0,0.0009884998,0.0,0.0010597791,0.0010460862,0.0,0.0010597788,0.0010460864,0.001038657,0.0010714806,0.001059779,0.0010460863,0.0,0.001059779,0.0010460863,0.0010386563,0.0,0.0010597791,0.0010460863,0.0010386556,0.0010496097,0.0010555396,0.0010674442,0.001071482,0.001059779,0.0010460863,0.0010386556,0.0010496097,0.0010555396,0.0010674443,0.0010714822,0.0,0.0,0.0010299928,0.001010996,0.0010671406,0.0010896596,0.001071482,0.0,0.0010460863,0.0010299928,0.0010204549,0.0010309226,0.0011066988,0.0,0.0010597791,0.0,0.0010299928,0.001010996,0.0010671406,0.0010784771,0.00107148,0.0,0.0010460863,0.0010299928,0.0010204549,0.0010309226,0.0011067033,0.0,0.001059779,0.0010460863,0.0010386556,0.0010496097,0.0010555396,0.0010674454,0.0010714815,0.001059779,0.0010460863,0.0010386556,0.0010496097,0.0010555396,0.0010674443,0.0,0.001059779,0.0010460864,0.0010386556,0.0010496097,0.0010555396,0.0010674443,0.0,0.0,0.0010460863,0.0010299928,0.0010204549,0.0010309226,0.0011066989,0.0010714808,0.001059779,0.0,0.0,0.0010597791,0.0010597791,0.0010540542,0.0010714752,0.0,0.0010460861,0.0,0.0010597791,0.0010460863,0.0010671422,0.0010714794,0.0,0.001059779,0.0010460864,0.0010386556,0.0,0.0010597792,0.0,0.0010597788,0.0,0.0010299928,0.001010996,0.0010671405,0.0010784806,0.0010714812,0.0,0.0010460863,0.0010299928,0.0010204549,0.0010309229,0.0011067427,0.0010714798,0.0,0.0,0.0010299928,0.001010996,0.0010671406,0.0010896595,0.0,0.0010597791,0.0010460863,0.0010386556,0.0010496097,0.0010555396,0.0010674443,0.0010714687,0.0010597791,0.0010460864,0.0,0.0010597788,0.0010460863,0.0010386562,0.0010714818,0.0,0.0010460864,0.0010299928,0.0010204549,0.0010309226,0.0011067,0.001071481,0.0,0.0010460863,0.0010299928,0.0010204549,0.0010309228,0.0011066998,0.0,0.0010597791,0.0010597791,0.001054054,0.0010652759,0.0,0.0009885334,0.001071482,0.0,0.0010460864,0.0010299928,0.0010204549,0.0010309226,0.0011066989,0.0010714814,0.0,0.0,0.0010299928,0.001010996,0.0010671406,0.0010896607,0.0010714752,0.0010597791,0.0,0.0010299932,0.001010996,0.0010671406,0.001078482,0.0,0.001059779,0.0010460864,0.0010386556,0.0010496097,0.0010555396,0.0010674443,0.0,0.0010597788,0.0,0.0010299928,0.001010996,0.0010671406,0.0010784771,0.0,0.001059779,0.0010460864,0.0010386556,0.0010496097,0.0010555396,0.0010674444,0.0010714815,0.0010597787,0.0010460863,0.0010386556,0.0010496097,0.0010555396,0.0010674444,0.0,0.0,0.0,0.0010299928,0.001010996,0.0010671406,0.00108966,0.0010714817,0.001059779,0.0,0.0010299928,0.001010996,0.0010671406,0.0010784775,0.0010714794,0.001059779,0.0010460863,0.0010671406,0.0,0.0010299928,0.0010109963,0.0,0.001059779,0.0010460863,0.0010386556,0.0010496097,0.0010555396,0.0010674449,0.0,0.001059779,0.0010460863,0.0010386556,0.0010496097,0.0010555396,0.0010674443,0.0,0.001059779,0.0010460864,0.0010386556,0.0010496097,0.0010555396,0.001067446,0.0010714813,0.001059779,0.0010460863,0.0010386556,0.0010496097,0.0010555396,0.0010674447,0.0,0.0,0.0010460863,0.0010299928,0.0010204549,0.0010309226,0.0011066989,0.0,0.001059779,0.0010460863,0.0010386556,0.0010496097,0.0010555396,0.0010674443,0.0010714626,0.0010597793,0.0010460863,0.0010386555,0.0010496097,0.0010555396,0.0010674464
k__Bacteria|p__Proteobacteria|c__Gammaproteobacteria|o__Enterobacterales|f__Enterobacteriaceae|g__Citrobacter|s__Citrobacter_sp_Res13_Sevr_PEB04_36,0.0,0.0010608252,0.0010472769,0.0010400354,0.001051286,0.0010575135,0.001069611,0.0,0.0010608254,0.0010472769,0.0010400354,0.001051286,0.0010575135,0.0010696109,0.0,0.0,0.0010472904,0.0010313427,0.001021992,0.0010327671,0.0011080119,0.0010724374,0.0,0.0010472769,0.0010313332,0.0010219915,0.0010327671,0.0011080118,0.0,0.0,0.0010472769,0.0010313332,0.0010219911,0.0010327671,0.0011080117,0.0010723913,0.0010608253,0.0010472769,0.0010400354,0.001051286,0.0010575135,0.0010696109,0.0,0.001060826,0.001047277,0.0010400354,0.001051286,0.0010575135,0.0010696109,0.0010723913,0.0010608253,0.0010472769,0.0010400354,0.001051286,0.0010575135,0.0010696112,0.0,0.0010608253,0.0010472771,0.0010400355,0.001051286,0.0010575135,0.0010696116,0.0,0.0010608254,0.0010472769,0.0010400354,0.001051286,0.0010575135,0.001069611,0.0,0.0010608254,0.0,0.0010313332,0.0010124911,0.0010682229,0.0010798328,0.0,0.0010608253,0.0010472769,0.0010400354,0.001051286,0.0010575135,0.0010696112,0.0,0.0,0.0,0.0010313332,0.0010124911,0.0010682229,0.0010908656,0.0010724034,0.0010608254,0.0,0.0010313332,0.0010124911,0.0010682229,0.0010798372,0.0010724884,0.0,0.0,0.0010313333,0.0010124911,0.0010682229,0.0010908649,0.001072422,0.0,0.0010472769,0.0,0.0010608253,0.0010472769,0.0010682232,0.0010723951,0.0,0.0,0.0010313332,0.0010124911,0.0010682229,0.0010908645,0.0,0.0010608267,0.0,0.0010313332,0.0010124911,0.0010682229,0.0010798324,0.0,0.0,0.0010472776,0.0010608267,0.0,0.0010313332,0.0010608253,0.0010724213,0.0010608257,0.0,0.0010313332,0.0010124911,0.0010682229,0.0010798323,0.0,0.0,0.001047277,0.0010313332,0.0010219911,0.0010327671,0.0011080119,0.0,0.0,0.0010472769,0.0,0.0010608253,0.0010472769,0.0010682229,0.0,0.0010608288,0.0,0.0010608254,0.0,0.0010608253,0.001047277,0.0,0.0,0.0010472955,0.0010313361,0.0010219915,0.0010327671,0.001108012,0.0,0.0010608636,0.0010608293,0.0010552824,0.0010667888,0.0,0.0009901513,0.0,0.0010608278,0.0010472776,0.0,0.0010608257,0.0010472769,0.0010400367,0.001072399,0.0010608253,0.0010472769,0.0,0.0010608253,0.0010472769,0.0010400361,0.0,0.0010608254,0.001047277,0.0010400354,0.001051286,0.0010575135,0.001069611,0.0010723914,0.0010608253,0.0010472769,0.0010400354,0.001051286,0.0010575135,0.001069611,0.0010724275,0.0,0.0,0.0010313332,0.0010124911,0.0010682229,0.0010908644,0.0010723986,0.0,0.0010472769,0.0010313332,0.0010219911,0.0010327671,0.0011080117,0.0,0.0010608254,0.0,0.0010313332,0.0010124911,0.0010682229,0.0010798323,0.0010724111,0.0,0.0010472769,0.0010313332,0.0010219915,0.0010327671,0.0011080143,0.0,0.0010608253,0.0010472769,0.0010400354,0.001051286,0.0010575135,0.0010696119,0.0010723926,0.0010608253,0.0010472769,0.0010400354,0.001051286,0.0010575135,0.0010696109,0.0,0.0010608258,0.0010472769,0.0010400354,0.001051286,0.0010575135,0.001069611,0.0,0.0,0.0010472769,0.0010313332,0.0010219911,0.0010327671,0.0011080119,0.0010723945,0.0010608253,0.0,0.0,0.0010608254,0.0010608254,0.0010552823,0.0010724398,0.0,0.001047277,0.0,0.0010608254,0.0010472769,0.001068223,0.0010725373,0.0,0.0010608253,0.0010472769,0.0010400354,0.0,0.0010608257,0.0,0.0010608252,0.0,0.0010313332,0.0010124911,0.0010682229,0.0010798333,0.0010723987,0.0,0.0010472769,0.0010313332,0.0010219915,0.0010327678,0.0011080302,0.0010724111,0.0,0.0,0.0010313332,0.0010124911,0.0010682229,0.0010908644,0.0,0.0010608254,0.001047277,0.0010400354,0.001051286,0.0010575135,0.0010696109,0.0010724274,0.0010608255,0.0010472769,0.0,0.0010608252,0.0010472769,0.0010400362,0.0010723947,0.0,0.0010472769,0.0010313333,0.0010219911,0.0010327671,0.0011080119,0.0010723958,0.0,0.001047277,0.0010313332,0.0010219913,0.0010327674,0.001108012,0.0,0.0010608253,0.0010608254,0.0010552821,0.0010667886,0.0,0.0009901798,0.0010724386,0.0,0.0010472769,0.0010313332,0.0010219911,0.0010327671,0.0011080117,0.0010723973,0.0,0.0,0.0010313332,0.0010124911,0.0010682229,0.0010908652,0.0010724827,0.0010608261,0.0,0.001031334,0.0010124913,0.0010682229,0.0010798357,0.0,0.0010608253,0.0010472769,0.0010400354,0.001051286,0.0010575135,0.0010696109,0.0,0.0010608262,0.0,0.0010313332,0.0010124911,0.0010682229,0.0010798323,0.0,0.0010608253,0.001047277,0.0010400354,0.001051286,0.0010575135,0.0010696112,0.0010724071,0.0010608252,0.001047277,0.0010400356,0.001051286,0.0010575135,0.0010696112,0.0,0.0,0.0,0.0010313332,0.0010124911,0.0010682229,0.0010908644,0.001072391,0.0010608253,0.0,0.0010313332,0.0010124911,0.0010682229,0.0010798328,0.0010724065,0.0010608253,0.0010472769,0.0010682229,0.0,0.0010313332,0.0010124913,0.0,0.0010608253,0.0010472769,0.0010400354,0.001051286,0.0010575135,0.0010696112,0.0,0.0010608253,0.0010472769,0.0010400354,0.001051286,0.0010575135,0.0010696112,0.0,0.0010608259,0.0010472769,0.0010400354,0.001051286,0.0010575135,0.0010696118,0.0010724028,0.0010608253,0.0010472769,0.0010400354,0.001051286,0.0010575135,0.0010696113,0.0,0.0,0.0010472769,0.0010313332,0.0010219915,0.0010327671,0.0011080118,0.0,0.0010608253,0.0010472769,0.0010400354,0.001051286,0.0010575135,0.001069611,0.0010726427,0.0010608266,0.001047277,0.0010400354,0.001051286,0.0010575135,0.0010696122
k__Bacteria|p__Proteobacteria|c__Betaproteobacteria|o__Burkholderiales|f__Sutterellaceae|g__Mesosutterella|s__Mesosutterella_multiformis,0.0,0.0010612829,0.0010478481,0.0010407642,0.0010522756,0.0010587615,0.0010710335,0.0,0.0010612829,0.0010478481,0.0010407642,0.0010522756,0.0010587615,0.0010710334,0.0,0.0,0.0010478642,0.0010320366,0.0010228454,0.00103389,0.0011087452,0.0010727505,0.0,0.0010478481,0.0010320236,0.0010228449,0.00103389,0.0011087448,0.0,0.0,0.0010478481,0.0010320236,0.0010228449,0.00103389,0.0011087449,0.0010727406,0.0010612829,0.0010478481,0.0010407642,0.0010522756,0.0010587615,0.0010710334,0.0,0.0010612833,0.0010478481,0.0010407642,0.0010522756,0.0010587615,0.0010710339,0.0010727409,0.0010612829,0.0010478481,0.0010407642,0.0010522756,0.0010587615,0.0010710334,0.0,0.001061283,0.0010478487,0.0010407643,0.0010522756,0.0010587615,0.0010710341,0.0,0.0010612829,0.0010478481,0.0010407642,0.0010522756,0.0010587615,0.0010710334,0.0,0.0010612829,0.0,0.0010320236,0.0010133049,0.0010687171,0.0010805707,0.0,0.0010612829,0.0010478481,0.0010407642,0.0010522756,0.0010587615,0.0010710339,0.0,0.0,0.0,0.0010320236,0.0010133049,0.0010687171,0.0010914868,0.0010727415,0.0010612829,0.0,0.0010320236,0.0010133049,0.0010687171,0.0010805735,0.0010727346,0.0,0.0,0.0010320238,0.0010133049,0.0010687171,0.0010914861,0.0010727447,0.0,0.0010478481,0.0,0.0010612829,0.0010478481,0.001068717,0.0010727413,0.0,0.0,0.0010320236,0.0010133049,0.0010687171,0.0010914848,0.0,0.0010612839,0.0,0.0010320236,0.0010133049,0.0010687171,0.0010805696,0.0,0.0,0.0010478493,0.001061283,0.0,0.0010320236,0.001061283,0.0010727554,0.001061283,0.0,0.0010320236,0.0010133049,0.0010687171,0.0010805693,0.0,0.0,0.0010478485,0.0010320236,0.0010228449,0.00103389,0.0011087449,0.0,0.0,0.0010478481,0.0,0.0010612829,0.0010478481,0.0010687171,0.0,0.001061288,0.0,0.001061283,0.0,0.0010612829,0.0010478484,0.0,0.0,0.0010478633,0.0010320266,0.0010228449,0.00103389,0.0011087456,0.0,0.0010613197,0.0010612869,0.001055891,0.0010676492,0.0,0.0009910946,0.0,0.0010612846,0.0010478491,0.0,0.0010612834,0.0010478481,0.0010407667,0.0010727448,0.0010612829,0.0010478481,0.0,0.0010612829,0.0010478481,0.001040765,0.0,0.0010612832,0.0010478483,0.0010407642,0.0010522756,0.0010587615,0.0010710334,0.0010727408,0.0010612829,0.0010478481,0.0010407642,0.0010522756,0.0010587615,0.0010710334,0.0010727404,0.0,0.0,0.0010320236,0.0010133049,0.0010687171,0.0010914847,0.0010727393,0.0,0.0010478481,0.0010320236,0.0010228449,0.00103389,0.001108745,0.0,0.001061283,0.0,0.0010320236,0.0010133049,0.0010687171,0.0010805692,0.001072746,0.0,0.0010478481,0.0010320236,0.0010228449,0.00103389,0.0011087494,0.0,0.0010612829,0.0010478481,0.0010407642,0.0010522756,0.0010587615,0.0010710345,0.0010727406,0.0010612829,0.0010478481,0.0010407642,0.0010522756,0.0010587615,0.0010710334,0.0,0.0010612834,0.0010478484,0.0010407642,0.0010522756,0.0010587615,0.0010710335,0.0,0.0,0.0010478483,0.0010320236,0.0010228449,0.00103389,0.0011087451,0.0010727417,0.0010612829,0.0,0.0,0.001061283,0.0010612829,0.0010558914,0.0010727552,0.0,0.0010478488,0.0,0.001061283,0.0010478483,0.0010687208,0.001072749,0.0,0.001061283,0.0010478481,0.0010407642,0.0,0.0010612835,0.0,0.0010612828,0.0,0.0010320236,0.0010133049,0.0010687171,0.0010805731,0.0010727426,0.0,0.0010478481,0.0010320236,0.0010228449,0.00103389,0.0011087821,0.0010727501,0.0,0.0,0.0010320236,0.0010133049,0.0010687171,0.0010914847,0.0,0.001061283,0.0010478483,0.0010407642,0.0010522756,0.0010587615,0.0010710331,0.0010727469,0.0010612829,0.0010478481,0.0,0.0010612829,0.0010478481,0.0010407651,0.00107274,0.0,0.0010478481,0.0010320238,0.0010228449,0.00103389,0.0011087472,0.0010727424,0.0,0.0010478483,0.0010320236,0.0010228449,0.00103389,0.0011087457,0.0,0.0010612829,0.001061283,0.0010558906,0.0010676495,0.0,0.0009911372,0.0010727397,0.0,0.0010478481,0.0010320236,0.0010228449,0.00103389,0.0011087449,0.001072744,0.0,0.0,0.0010320236,0.0010133049,0.0010687171,0.0010914863,0.0010727353,0.001061283,0.0,0.0010320243,0.001013305,0.0010687171,0.0010805748,0.0,0.001061283,0.0010478481,0.0010407642,0.0010522756,0.0010587615,0.0010710332,0.0,0.0010612846,0.0,0.0010320236,0.0010133049,0.0010687171,0.0010805692,0.0,0.001061283,0.0010478481,0.0010407642,0.0010522756,0.0010587615,0.0010710334,0.0010727437,0.0010612829,0.0010478481,0.0010407645,0.0010522756,0.0010587615,0.0010710337,0.0,0.0,0.0,0.0010320236,0.0010133049,0.0010687171,0.0010914851,0.0010727403,0.0010612829,0.0,0.0010320236,0.0010133049,0.0010687171,0.00108057,0.001072747,0.001061283,0.0010478481,0.0010687171,0.0,0.0010320236,0.001013305,0.0,0.0010612829,0.0010478481,0.0010407642,0.0010522756,0.0010587615,0.0010710341,0.0,0.0010612829,0.0010478481,0.0010407642,0.0010522756,0.0010587615,0.0010710335,0.0,0.0010612832,0.0010478481,0.0010407642,0.0010522756,0.0010587615,0.001071035,0.0010727405,0.0010612829,0.0010478481,0.0010407642,0.0010522756,0.0010587615,0.0010710338,0.0,0.0,0.0010478481,0.0010320236,0.0010228449,0.00103389,0.0011087451,0.0,0.0010612829,0.0010478481,0.0010407642,0.0010522756,0.0010587615,0.0010710332,0.0010728821,0.0010612844,0.0010478484,0.0010407644,0.0010522756,0.0010587615,0.0010710361
k__Bacteria|p__Proteobacteria|c__Gammaproteobacteria|o__Enterobacterales|f__Enterobacteriaceae|g__Lelliottia|s__Lelliottia_nimipressuralis,0.0,0.001060542,0.001046841,0.001039382,0.0010502613,0.001056122,0.001067968,0.0,0.0010605418,0.001046841,0.001039382,0.0010502613,0.001056122,0.0010679677,0.0,0.0,0.001046855,0.001030747,0.0010211711,0.0010315645,0.0011073026,0.0010722748,0.0,0.001046841,0.0010307377,0.0010211703,0.0010315645,0.0011073019,0.0,0.0,0.001046841,0.0010307377,0.0010211703,0.0010315645,0.0011073016,0.0010722519,0.0010605417,0.001046841,0.001039382,0.0010502613,0.001056122,0.0010679676,0.0,0.0010605425,0.0010468411,0.001039382,0.0010502613,0.001056122,0.0010679691,0.001072252,0.0010605417,0.001046841,0.001039382,0.0010502613,0.001056122,0.0010679677,0.0,0.0010605422,0.001046842,0.0010393823,0.0010502613,0.001056122,0.0010679683,0.0,0.0010605418,0.001046841,0.001039382,0.0010502613,0.001056122,0.0010679677,0.0,0.0010605421,0.0,0.0010307377,0.001011729,0.0010678835,0.0010791457,0.0,0.0010605417,0.001046841,0.001039382,0.0010502613,0.001056122,0.0010679684,0.0,0.0,0.0,0.0010307377,0.001011729,0.0010678835,0.0010903326,0.0010722582,0.0010605421,0.0,0.0010307377,0.001011729,0.0010678835,0.0010791529,0.0010723043,0.0,0.0,0.0010307378,0.001011729,0.0010678835,0.0010903323,0.0010722696,0.0,0.001046841,0.0,0.0010605417,0.001046841,0.0010678835,0.0010722537,0.0,0.0,0.0010307377,0.001011729,0.0010678835,0.0010903308,0.0,0.0010605432,0.0,0.0010307377,0.001011729,0.0010678835,0.0010791434,0.0,0.0,0.0010468422,0.0010605428,0.0,0.0010307377,0.0010605422,0.0010722661,0.0010605422,0.0,0.0010307375,0.001011729,0.0010678835,0.0010791428,0.0,0.0,0.0010468411,0.0010307377,0.0010211703,0.0010315645,0.0011073021,0.0,0.0,0.001046841,0.0,0.0010605417,0.001046841,0.0010678833,0.0,0.0010605456,0.0,0.0010605422,0.0,0.0010605417,0.0010468411,0.0,0.0,0.001046853,0.0010307397,0.0010211704,0.0010315645,0.0011073025,0.0,0.0010605742,0.0010605458,0.0010547896,0.0010659355,0.0,0.0009892265,0.0,0.0010605442,0.001046842,0.0,0.0010605423,0.001046841,0.001039386,0.0010722558,0.0010605417,0.001046841,0.0,0.0010605417,0.001046841,0.0010393836,0.0,0.0010605422,0.0010468411,0.001039382,0.0010502613,0.001056122,0.001067968,0.0010722519,0.0010605417,0.001046841,0.001039382,0.0010502613,0.001056122,0.0010679677,0.0010722721,0.0,0.0,0.0010307377,0.001011729,0.0010678835,0.0010903307,0.001072255,0.0,0.001046841,0.0010307377,0.0010211703,0.0010315645,0.0011073021,0.0,0.001060542,0.0,0.0010307377,0.001011729,0.0010678835,0.0010791428,0.0010722651,0.0,0.001046841,0.0010307377,0.0010211703,0.0010315648,0.0011073133,0.0,0.0010605417,0.001046841,0.001039382,0.0010502613,0.001056122,0.00106797,0.001072252,0.0010605417,0.001046841,0.001039382,0.0010502613,0.001056122,0.0010679676,0.0,0.0010605424,0.001046841,0.001039382,0.0010502613,0.001056122,0.001067968,0.0,0.0,0.001046841,0.0010307377,0.0010211703,0.0010315645,0.0011073019,0.0010722531,0.0010605417,0.0,0.0,0.001060542,0.0010605418,0.00105479,0.0010722767,0.0,0.0010468414,0.0,0.001060542,0.001046841,0.0010678893,0.0010723387,0.0,0.0010605422,0.001046841,0.0010393822,0.0,0.001060543,0.0,0.001060542,0.0,0.0010307377,0.001011729,0.0010678835,0.0010791522,0.0010722555,0.0,0.001046841,0.0010307377,0.0010211704,0.0010315651,0.0011073825,0.0010722645,0.0,0.0,0.0010307377,0.001011729,0.0010678835,0.0010903305,0.0,0.0010605422,0.0010468411,0.001039382,0.0010502613,0.001056122,0.0010679677,0.0010722496,0.0010605418,0.001046841,0.0,0.0010605421,0.001046841,0.0010393831,0.0010722532,0.0,0.001046841,0.001030738,0.0010211703,0.0010315648,0.0011073044,0.0010722545,0.0,0.0010468411,0.0010307375,0.0010211704,0.001031565,0.0011073046,0.0,0.0010605421,0.0010605422,0.0010547895,0.0010659356,0.0,0.0009892732,0.0010722749,0.0,0.001046841,0.0010307377,0.0010211703,0.0010315645,0.0011073016,0.0010722552,0.0,0.0,0.0010307377,0.001011729,0.0010678835,0.001090332,0.001072294,0.0010605427,0.0,0.0010307388,0.0010117292,0.0010678835,0.0010791529,0.0,0.0010605421,0.001046841,0.001039382,0.0010502613,0.001056122,0.0010679676,0.0,0.0010605431,0.0,0.0010307377,0.001011729,0.0010678835,0.0010791428,0.0,0.0010605421,0.0010468411,0.0010393822,0.0010502613,0.001056122,0.0010679679,0.001072264,0.0010605421,0.0010468414,0.0010393823,0.0010502613,0.001056122,0.0010679683,0.0,0.0,0.0,0.0010307377,0.001011729,0.0010678835,0.0010903312,0.0010722516,0.0010605417,0.0,0.0010307377,0.001011729,0.0010678835,0.0010791441,0.001072261,0.0010605421,0.001046841,0.0010678835,0.0,0.0010307377,0.0010117292,0.0,0.0010605417,0.001046841,0.0010393822,0.0010502613,0.001056122,0.0010679692,0.0,0.0010605417,0.001046841,0.0010393822,0.0010502613,0.001056122,0.0010679681,0.0,0.0010605422,0.001046841,0.0010393822,0.0010502613,0.001056122,0.0010679706,0.0010722572,0.0010605421,0.001046841,0.001039382,0.0010502613,0.001056122,0.0010679684,0.0,0.0,0.001046841,0.0010307377,0.0010211703,0.0010315645,0.0011073024,0.0,0.0010605417,0.001046841,0.001039382,0.0010502613,0.001056122,0.0010679677,0.0010724185,0.0010605433,0.0010468411,0.0010393822,0.0010502613,0.001056122,0.0010679713
k__Bacteria|p__Proteobacteria|c__Gammaproteobacteria|o__Pasteurellales|f__Pasteurellaceae|g__Haemophilus|s__Haemophilus_parahaemolyticus,0.0,0.0010619429,0.0010483274,0.0010409637,0.001051963,0.0010579498,0.0010698633,0.0,0.0010619431,0.0010483274,0.0010409637,0.001051963,0.0010579498,0.0010698632,0.0,0.0,0.0010483272,0.0010323107,0.0010228428,0.0010333657,0.001108722,0.0010735822,0.0,0.0010483274,0.0010323114,0.0010228426,0.0010333657,0.0011087224,0.0,0.0,0.0010483274,0.0010323114,0.0010228426,0.0010333657,0.0011087223,0.0010735706,0.001061943,0.0010483274,0.0010409637,0.001051963,0.0010579498,0.0010698632,0.0,0.001061943,0.0010483274,0.0010409637,0.001051963,0.0010579498,0.0010698634,0.0010735707,0.001061943,0.0010483274,0.0010409637,0.001051963,0.0010579498,0.0010698633,0.0,0.0010619429,0.0010483274,0.0010409636,0.001051963,0.0010579498,0.0010698636,0.0,0.0010619431,0.0010483274,0.0010409637,0.001051963,0.0010579498,0.0010698633,0.0,0.0010619431,0.0,0.0010323114,0.001013391,0.0010692888,0.0010806503,0.0,0.001061943,0.0010483274,0.0010409637,0.001051963,0.0010579498,0.0010698633,0.0,0.0,0.0,0.0010323114,0.001013391,0.0010692888,0.0010917458,0.0010735742,0.0010619431,0.0,0.0010323114,0.001013391,0.0010692888,0.0010806515,0.0010736024,0.0,0.0,0.0010323114,0.001013391,0.0010692888,0.001091746,0.0010735793,0.0,0.0010483274,0.0,0.001061943,0.0010483274,0.0010692886,0.0010735714,0.0,0.0,0.0010323114,0.001013391,0.0010692888,0.0010917459,0.0,0.0010619429,0.0,0.0010323114,0.001013391,0.0010692888,0.0010806503,0.0,0.0,0.0010483271,0.0010619432,0.0,0.0010323114,0.0010619431,0.0010735734,0.0010619429,0.0,0.0010323112,0.001013391,0.0010692888,0.0010806503,0.0,0.0,0.0010483275,0.0010323114,0.0010228426,0.0010333657,0.0011087222,0.0,0.0,0.0010483274,0.0,0.001061943,0.0010483274,0.0010692885,0.0,0.0010619415,0.0,0.0010619431,0.0,0.001061943,0.0010483275,0.0,0.0,0.0010483259,0.0010323111,0.0010228427,0.0010333657,0.0011087218,0.0,0.0010619401,0.0010619424,0.0010562813,0.0010675387,0.0,0.0009909637,0.0,0.001061943,0.001048327,0.0,0.0010619429,0.0010483274,0.001040964,0.001073571,0.001061943,0.0010483274,0.0,0.001061943,0.0010483274,0.0010409638,0.0,0.0010619431,0.0010483275,0.0010409637,0.001051963,0.0010579498,0.0010698632,0.0010735708,0.001061943,0.0010483274,0.0010409637,0.001051963,0.0010579498,0.0010698633,0.0010735815,0.0,0.0,0.0010323114,0.001013391,0.0010692888,0.0010917463,0.0010735721,0.0,0.0010483274,0.0010323114,0.0010228426,0.0010333657,0.001108722,0.0,0.0010619431,0.0,0.0010323114,0.001013391,0.0010692888,0.0010806505,0.0010735756,0.0,0.0010483274,0.0010323114,0.0010228426,0.0010333657,0.0011087216,0.0,0.001061943,0.0010483274,0.0010409637,0.001051963,0.0010579498,0.0010698638,0.001073571,0.001061943,0.0010483274,0.0010409637,0.001051963,0.0010579498,0.0010698632,0.0,0.001061943,0.0010483274,0.0010409637,0.001051963,0.0010579498,0.0010698633,0.0,0.0,0.0010483274,0.0010323114,0.0010228426,0.0010333657,0.0011087224,0.0010735713,0.001061943,0.0,0.0,0.0010619431,0.0010619431,0.0010562816,0.0010735827,0.0,0.0010483273,0.0,0.0010619431,0.0010483274,0.0010692889,0.001073622,0.0,0.0010619429,0.0010483274,0.0010409637,0.0,0.0010619431,0.0,0.0010619429,0.0,0.0010323114,0.001013391,0.0010692886,0.0010806521,0.0010735722,0.0,0.0010483274,0.0010323114,0.0010228427,0.001033366,0.0011087187,0.001073572,0.0,0.0,0.0010323114,0.001013391,0.0010692888,0.0010917463,0.0,0.0010619431,0.0010483275,0.0010409637,0.001051963,0.0010579498,0.0010698632,0.0010735862,0.001061943,0.0010483274,0.0,0.0010619429,0.0010483274,0.0010409639,0.0010735716,0.0,0.0010483274,0.0010323115,0.0010228426,0.0010333657,0.001108722,0.0010735712,0.0,0.0010483275,0.0010323114,0.0010228427,0.0010333658,0.0011087221,0.0,0.001061943,0.0010619432,0.0010562814,0.0010675384,0.0,0.0009909794,0.0010735845,0.0,0.0010483274,0.0010323114,0.0010228426,0.0010333657,0.0011087223,0.0010735716,0.0,0.0,0.0010323114,0.001013391,0.0010692888,0.0010917461,0.0010736011,0.001061943,0.0,0.0010323115,0.0010133911,0.0010692886,0.0010806511,0.0,0.001061943,0.0010483274,0.0010409637,0.001051963,0.0010579498,0.0010698632,0.0,0.0010619425,0.0,0.0010323114,0.001013391,0.0010692888,0.0010806505,0.0,0.0010619431,0.0010483275,0.0010409637,0.001051963,0.0010579498,0.0010698633,0.001073575,0.0010619428,0.0010483274,0.0010409635,0.001051963,0.0010579498,0.0010698634,0.0,0.0,0.0,0.0010323114,0.001013391,0.0010692888,0.0010917463,0.0010735706,0.001061943,0.0,0.0010323114,0.001013391,0.0010692888,0.0010806506,0.0010735727,0.001061943,0.0010483274,0.0010692888,0.0,0.0010323114,0.0010133912,0.0,0.001061943,0.0010483274,0.0010409633,0.001051963,0.0010579498,0.0010698634,0.0,0.001061943,0.0010483274,0.0010409637,0.001051963,0.0010579498,0.0010698634,0.0,0.001061943,0.0010483274,0.0010409637,0.001051963,0.0010579498,0.0010698639,0.0010735728,0.001061943,0.0010483274,0.0010409637,0.001051963,0.0010579498,0.0010698636,0.0,0.0,0.0010483274,0.0010323114,0.0010228426,0.0010333657,0.0011087222,0.0,0.001061943,0.0010483274,0.0010409637,0.001051963,0.0010579498,0.0010698633,0.001073638,0.0010619429,0.0010483272,0.0010409635,0.001051963,0.0010579498,0.0010698636
k__Bacteria|p__Proteobacteria|c__Gammaproteobacteria|o__Enterobacterales|f__Enterobacteriaceae|g__Lelliottia|s__Lelliottia_amnigena,0.0,0.0010616758,0.0010481267,0.0010408667,0.0010520566,0.0010582288,0.001070276,0.0,0.0010616757,0.0010481267,0.0010408667,0.0010520566,0.0010582288,0.0010702757,0.0,0.0,0.0010481526,0.0010321996,0.0010228213,0.0010335372,0.0011087124,0.0010732753,0.0,0.0010481267,0.0010321814,0.0010228201,0.0010335372,0.001108711,0.0,0.0,0.0010481267,0.0010321814,0.0010228201,0.0010335372,0.001108711,0.0010732412,0.0010616756,0.0010481267,0.0010408667,0.0010520566,0.0010582288,0.0010702758,0.0,0.0010616767,0.0010481271,0.0010408667,0.0010520566,0.0010582288,0.0010702775,0.0010732414,0.0010616756,0.0010481267,0.0010408667,0.0010520566,0.0010582288,0.001070276,0.0,0.0010616761,0.0010481281,0.0010408671,0.0010520566,0.0010582288,0.0010702767,0.0,0.0010616757,0.0010481267,0.0010408667,0.0010520566,0.0010582288,0.0010702758,0.0,0.0010616757,0.0,0.0010321814,0.0010133359,0.0010690545,0.0010806029,0.0,0.0010616756,0.0010481267,0.0010408666,0.0010520566,0.0010582288,0.0010702768,0.0,0.0,0.0,0.0010321814,0.0010133359,0.0010690545,0.0010916315,0.0010732495,0.0010616757,0.0,0.0010321814,0.0010133354,0.0010690545,0.0010806127,0.0010733143,0.0,0.0,0.0010321818,0.0010133359,0.0010690545,0.0010916308,0.0010732671,0.0,0.0010481267,0.0,0.0010616756,0.0010481267,0.0010690547,0.0010732445,0.0,0.0,0.0010321814,0.0010133359,0.0010690545,0.0010916286,0.0,0.0010616782,0.0,0.0010321814,0.0010133359,0.0010690545,0.0010806,0.0,0.0,0.001048129,0.0010616772,0.0,0.0010321814,0.0010616761,0.0010732723,0.0010616761,0.0,0.0010321813,0.0010133359,0.0010690545,0.0010805993,0.0,0.0,0.0010481271,0.0010321814,0.0010228201,0.0010335372,0.001108712,0.0,0.0,0.0010481267,0.0,0.0010616756,0.0010481267,0.0010690547,0.0,0.0010616833,0.0,0.0010616758,0.0,0.0010616756,0.001048127,0.0,0.0,0.0010481537,0.0010321861,0.0010228202,0.0010335372,0.0011087124,0.0,0.0010617378,0.0010616832,0.001056115,0.0010675578,0.0,0.000991004,0.0,0.0010616797,0.0010481287,0.0,0.0010616764,0.001048127,0.0010408722,0.0010732489,0.0010616756,0.0010481267,0.0,0.0010616756,0.0010481267,0.001040869,0.0,0.0010616758,0.0010481267,0.0010408666,0.0010520566,0.0010582288,0.001070276,0.001073241,0.0010616756,0.0010481267,0.0010408667,0.0010520566,0.0010582288,0.0010702758,0.0010732698,0.0,0.0,0.0010321814,0.0010133359,0.0010690545,0.0010916283,0.0010732461,0.0,0.0010481267,0.0010321814,0.0010228201,0.0010335372,0.0011087117,0.0,0.0010616758,0.0,0.0010321814,0.0010133359,0.0010690545,0.0010805989,0.0010732608,0.0,0.0010481267,0.0010321814,0.0010228201,0.0010335372,0.0011087282,0.0,0.0010616756,0.0010481267,0.0010408667,0.0010520566,0.0010582288,0.0010702783,0.0010732412,0.0010616756,0.0010481267,0.0010408667,0.0010520566,0.0010582288,0.0010702758,0.0,0.0010616764,0.001048127,0.0010408666,0.0010520566,0.0010582288,0.001070276,0.0,0.0,0.0010481267,0.0010321814,0.0010228201,0.0010335372,0.0011087114,0.0010732432,0.0010616756,0.0,0.0,0.0010616758,0.0010616757,0.0010561149,0.0010732814,0.0,0.0010481275,0.0,0.0010616758,0.0010481267,0.0010690634,0.0010733611,0.0,0.0010616761,0.001048127,0.0010408666,0.0,0.001061677,0.0,0.0010616756,0.0,0.0010321814,0.0010133359,0.0010690545,0.0010806125,0.0010732482,0.0,0.0010481267,0.0010321814,0.0010228202,0.001033538,0.0011088304,0.0010732649,0.0,0.0,0.0010321814,0.0010133359,0.0010690545,0.0010916282,0.0,0.0010616758,0.0010481267,0.0010408667,0.0010520566,0.0010582288,0.0010702757,0.0010732312,0.0010616757,0.0010481267,0.0,0.0010616756,0.0010481267,0.0010408685,0.001073243,0.0,0.001048127,0.001032182,0.0010228201,0.0010335372,0.0011087155,0.0010732455,0.0,0.0010481267,0.0010321814,0.0010228206,0.0010335373,0.0011087151,0.0,0.001061676,0.0010616762,0.0010561142,0.0010675583,0.0,0.0009910665,0.0010732731,0.0,0.001048127,0.0010321814,0.0010228201,0.0010335372,0.001108711,0.0010732466,0.0,0.0,0.0010321814,0.0010133359,0.0010690545,0.0010916309,0.001073301,0.0010616771,0.0,0.001032183,0.001013336,0.0010690548,0.0010806129,0.0,0.0010616757,0.001048127,0.0010408666,0.0010520566,0.0010582288,0.0010702758,0.0,0.0010616782,0.0,0.0010321814,0.0010133359,0.0010690545,0.0010805991,0.0,0.0010616761,0.0010481271,0.0010408666,0.0010520566,0.0010582288,0.0010702761,0.0010732587,0.001061676,0.0010481271,0.0010408672,0.0010520566,0.0010582288,0.0010702766,0.0,0.0,0.0,0.0010321814,0.0010133359,0.0010690545,0.0010916294,0.0010732408,0.0010616756,0.0,0.0010321814,0.0010133359,0.0010690545,0.0010806009,0.0010732561,0.0010616757,0.0010481267,0.0010690545,0.0,0.0010321814,0.001013336,0.0,0.0010616756,0.0010481267,0.0010408666,0.0010520566,0.0010582288,0.0010702775,0.0,0.0010616756,0.0010481267,0.0010408666,0.0010520566,0.0010582288,0.0010702761,0.0,0.0010616768,0.001048127,0.0010408666,0.0010520566,0.0010582288,0.0010702795,0.0010732498,0.0010616756,0.0010481267,0.0010408666,0.0010520566,0.0010582288,0.0010702766,0.0,0.0,0.0010481267,0.0010321814,0.0010228201,0.0010335372,0.0011087118,0.0,0.0010616756,0.0010481267,0.0010408667,0.0010520566,0.0010582288,0.0010702758,0.0010734877,0.0010616789,0.0010481272,0.001040867,0.0010520566,0.0010582288,0.0010702804
k__Bacteria|p__Proteobacteria|c__Gammaproteobacteria|o__Enterobacterales|f__Enterobacteriaceae|g__Kluyvera|s__Kluyvera_georgiana,0.0,0.001062315,0.0010486096,0.0010411064,0.0010518495,0.0010575866,0.0010693204,0.0,0.0010623151,0.0010486096,0.0010411064,0.0010518495,0.0010575866,0.0010693204,0.0,0.0,0.0010486182,0.0010325037,0.0010228863,0.0010331474,0.0011087485,0.0010740353,0.0,0.0010486096,0.0010324987,0.0010228858,0.0010331474,0.0011087481,0.0,0.0,0.0010486096,0.0010324987,0.0010228858,0.0010331474,0.0011087481,0.0010740268,0.001062315,0.0010486096,0.0010411064,0.0010518495,0.0010575866,0.0010693204,0.0,0.0010623151,0.0010486097,0.0010411064,0.0010518495,0.0010575866,0.0010693205,0.0010740269,0.001062315,0.0010486096,0.0010411064,0.0010518495,0.0010575866,0.0010693204,0.0,0.001062315,0.00104861,0.0010411065,0.0010518495,0.0010575866,0.001069321,0.0,0.0010623151,0.0010486096,0.0010411064,0.0010518495,0.0010575866,0.0010693204,0.0,0.0010623151,0.0,0.0010324987,0.001013479,0.0010696157,0.0010807314,0.0,0.001062315,0.0010486096,0.0010411064,0.0010518495,0.0010575866,0.0010693206,0.0,0.0,0.0,0.0010324987,0.001013479,0.0010696157,0.0010919165,0.00107403,0.0010623151,0.0,0.0010324987,0.001013479,0.0010696157,0.0010807351,0.0010740573,0.0,0.0,0.0010324987,0.001013479,0.0010696157,0.0010919166,0.001074037,0.0,0.0010486096,0.0,0.001062315,0.0010486096,0.0010696156,0.0010740281,0.0,0.0,0.0010324987,0.001013479,0.0010696157,0.0010919163,0.0,0.0010623159,0.0,0.0010324987,0.001013479,0.0010696157,0.0010807313,0.0,0.0,0.0010486096,0.0010623157,0.0,0.0010324987,0.0010623151,0.0010740338,0.001062315,0.0,0.0010324985,0.001013479,0.0010696157,0.0010807315,0.0,0.0,0.0010486098,0.0010324987,0.0010228858,0.0010331474,0.0011087484,0.0,0.0,0.0010486096,0.0,0.001062315,0.0010486096,0.0010696157,0.0,0.0010623155,0.0,0.0010623152,0.0,0.001062315,0.0010486097,0.0,0.0,0.0010486179,0.0010325001,0.0010228859,0.0010331474,0.001108748,0.0,0.0010623448,0.0010623175,0.001056519,0.001067525,0.0,0.0009909491,0.0,0.0010623157,0.0010486097,0.0,0.001062315,0.0010486096,0.0010411077,0.0010740277,0.001062315,0.0010486096,0.0,0.001062315,0.0010486096,0.001041107,0.0,0.0010623152,0.0010486097,0.0010411064,0.0010518495,0.0010575866,0.0010693204,0.0010740268,0.001062315,0.0010486096,0.0010411064,0.0010518495,0.0010575866,0.0010693204,0.0010740358,0.0,0.0,0.0010324987,0.001013479,0.0010696157,0.0010919162,0.001074031,0.0,0.0010486096,0.0010324987,0.0010228858,0.0010331474,0.0011087483,0.0,0.0010623152,0.0,0.0010324987,0.001013479,0.0010696157,0.0010807314,0.0010740323,0.0,0.0010486096,0.0010324987,0.0010228858,0.0010331474,0.0011087522,0.0,0.001062315,0.0010486096,0.0010411064,0.0010518495,0.0010575866,0.0010693207,0.0010740272,0.001062315,0.0010486096,0.0010411064,0.0010518495,0.0010575866,0.0010693204,0.0,0.0010623151,0.0010486096,0.0010411064,0.0010518495,0.0010575866,0.0010693204,0.0,0.0,0.0010486096,0.0010324987,0.0010228858,0.0010331474,0.0011087483,0.0010740272,0.001062315,0.0,0.0,0.0010623152,0.0010623151,0.0010565191,0.0010740357,0.0,0.0010486096,0.0,0.0010623152,0.0010486096,0.0010696171,0.0010740752,0.0,0.001062315,0.0010486096,0.0010411064,0.0,0.0010623151,0.0,0.001062315,0.0,0.0010324987,0.001013479,0.0010696157,0.0010807338,0.0010740282,0.0,0.0010486096,0.0010324987,0.0010228859,0.0010331478,0.0011087747,0.001074028,0.0,0.0,0.0010324987,0.001013479,0.0010696157,0.0010919161,0.0,0.0010623152,0.0010486097,0.0010411064,0.0010518495,0.0010575866,0.0010693204,0.0010740242,0.0010623152,0.0010486096,0.0,0.001062315,0.0010486096,0.0010411072,0.0010740283,0.0,0.0010486096,0.0010324988,0.0010228858,0.0010331474,0.0011087485,0.0010740275,0.0,0.0010486097,0.0010324987,0.0010228859,0.0010331476,0.0011087488,0.0,0.0010623152,0.0010623151,0.0010565191,0.0010675247,0.0,0.000990971,0.0010740407,0.0,0.0010486096,0.0010324987,0.0010228858,0.0010331474,0.0011087481,0.0010740283,0.0,0.0,0.0010324987,0.001013479,0.0010696157,0.0010919167,0.001074053,0.0010623153,0.0,0.0010324996,0.0010134791,0.0010696157,0.0010807337,0.0,0.0010623151,0.0010486096,0.0010411064,0.0010518495,0.0010575866,0.0010693204,0.0,0.0010623151,0.0,0.0010324987,0.001013479,0.0010696157,0.0010807314,0.0,0.0010623151,0.0010486098,0.0010411064,0.0010518495,0.0010575866,0.0010693204,0.001074033,0.001062315,0.0010486096,0.0010411065,0.0010518495,0.0010575866,0.0010693205,0.0,0.0,0.0,0.0010324987,0.001013479,0.0010696157,0.0010919162,0.0010740268,0.001062315,0.0,0.0010324987,0.001013479,0.0010696157,0.0010807319,0.0010740282,0.0010623151,0.0010486096,0.0010696157,0.0,0.0010324987,0.0010134791,0.0,0.001062315,0.0010486096,0.0010411064,0.0010518495,0.0010575866,0.0010693205,0.0,0.001062315,0.0010486096,0.0010411064,0.0010518495,0.0010575866,0.0010693204,0.0,0.0010623152,0.0010486096,0.0010411064,0.0010518495,0.0010575866,0.0010693212,0.0010740319,0.001062315,0.0010486096,0.0010411064,0.0010518495,0.0010575866,0.0010693207,0.0,0.0,0.0010486096,0.0010324987,0.0010228858,0.0010331474,0.0011087484,0.0,0.001062315,0.0010486096,0.0010411064,0.0010518495,0.0010575866,0.0010693204,0.0010740629,0.0010623154,0.0010486096,0.0010411064,0.0010518495,0.0010575866,0.0010693212
k__Bacteria|p__Proteobacteria|c__Alphaproteobacteria|o__Hyphomicrobiales|f__Bradyrhizobiaceae|g__Bradyrhizobium|s__Bradyrhizobium_viridifuturi,0.0,0.0010583156,0.0010446517,0.0010372945,0.0010484258,0.001054521,0.0010665621,0.0,0.0010583155,0.0010446517,0.0010372945,0.0010484258,0.001054521,0.0010665621,0.0,0.0,0.0010446677,0.0010286031,0.0010191296,0.0010297722,0.0011055834,0.0010699995,0.0,0.0010446517,0.0010285908,0.0010191291,0.0010297722,0.0011055829,0.0,0.0,0.001044652,0.0010285908,0.0010191291,0.0010297722,0.0011055829,0.001069993,0.0010583154,0.0010446517,0.0010372945,0.0010484258,0.001054521,0.001066562,0.0,0.001058316,0.001044652,0.0010372945,0.0010484258,0.001054521,0.0010665625,0.0010699932,0.0010583154,0.0010446517,0.0010372945,0.0010484258,0.001054521,0.001066562,0.0,0.0010583159,0.0010446523,0.0010372946,0.0010484258,0.001054521,0.0010665621,0.0,0.0010583155,0.0010446517,0.0010372945,0.0010484258,0.001054521,0.0010665621,0.0,0.0010583155,0.0,0.0010285908,0.0010096313,0.001065721,0.0010772388,0.0,0.0010583154,0.0010446517,0.0010372945,0.0010484258,0.001054521,0.0010665624,0.0,0.0,0.0,0.0010285908,0.0010096313,0.001065721,0.0010883975,0.0010699927,0.0010583155,0.0,0.0010285908,0.0010096313,0.001065721,0.0010772413,0.0010700017,0.0,0.0,0.0010285912,0.0010096313,0.001065721,0.0010883972,0.0010699963,0.0,0.0010446517,0.0,0.0010583154,0.0010446517,0.0010657209,0.0010699934,0.0,0.0,0.0010285908,0.0010096313,0.001065721,0.0010883965,0.0,0.0010583169,0.0,0.0010285908,0.0010096313,0.001065721,0.0010772374,0.0,0.0,0.0010446535,0.0010583166,0.0,0.0010285908,0.0010583156,0.0010700092,0.0010583159,0.0,0.0010285907,0.0010096313,0.001065721,0.0010772375,0.0,0.0,0.0010446521,0.0010285908,0.0010191291,0.0010297722,0.0011055834,0.0,0.0,0.0010446517,0.0,0.0010583154,0.0010446517,0.001065721,0.0,0.0010583205,0.0,0.0010583156,0.0,0.0010583154,0.0010446518,0.0,0.0,0.0010446726,0.0010285939,0.0010191291,0.0010297722,0.0011055833,0.0019414877,0.0010583483,0.0010583194,0.0010526623,0.0010640626,0.0,0.0009871795,0.0,0.0010583176,0.001044653,0.0,0.0010583159,0.0010446517,0.0010372967,0.0010699962,0.0010583154,0.0010446517,0.0,0.0010583154,0.0010446517,0.0010372953,0.0,0.0010583156,0.0010446518,0.0010372945,0.0010484258,0.001054521,0.0010665621,0.0010699928,0.0010583154,0.0010446517,0.0010372945,0.0010484258,0.001054521,0.0010665621,0.0010699983,0.0,0.0,0.0010285908,0.0010096313,0.001065721,0.0010883966,0.0010699929,0.0,0.0010446517,0.0010285908,0.0010191291,0.0010297722,0.0011055833,0.0,0.0010583156,0.0,0.0010285908,0.0010096313,0.001065721,0.0010772372,0.001069996,0.0,0.0010446517,0.0010285908,0.0010191291,0.0010297719,0.0011055866,0.0,0.0010583154,0.0010446517,0.0010372945,0.0010484258,0.001054521,0.0010665628,0.0010699929,0.0010583154,0.0010446517,0.0010372945,0.0010484258,0.001054521,0.001066562,0.0,0.0010583162,0.0010446521,0.0010372945,0.0010484258,0.001054521,0.0010665621,0.0,0.0,0.0010446517,0.0010285908,0.0010191291,0.0010297722,0.001105583,0.0010699928,0.0010583154,0.0,0.0,0.0010583156,0.0010583155,0.0010526624,0.0010700016,0.0,0.0010446523,0.0,0.0010583156,0.0010446517,0.0010657237,0.0010700104,0.0,0.0010583159,0.0010446517,0.0010372945,0.0,0.0010583161,0.0,0.0010583154,0.0,0.0010285908,0.0010096313,0.001065721,0.0010772409,0.0010699958,0.0,0.0010446517,0.0010285908,0.0010191291,0.0010297723,0.0011056125,0.0010700048,0.0,0.0,0.0010285908,0.0010096313,0.001065721,0.0010883966,0.0,0.0010583156,0.0010446518,0.0010372945,0.0010484258,0.001054521,0.0010665621,0.0010699761,0.0010583155,0.0010446517,0.0,0.0010583155,0.0010446517,0.0010372951,0.0010699929,0.0,0.0010446517,0.0010285911,0.0010191291,0.0010297722,0.0011055843,0.0010699941,0.0,0.0010446521,0.0010285908,0.0010191291,0.0010297722,0.0011055839,0.0,0.0010583155,0.0010583159,0.0010526619,0.0010640625,0.0,0.0009872178,0.0010699938,0.0,0.0010446517,0.0010285908,0.0010191291,0.0010297722,0.0011055829,0.0010699941,0.0,0.0,0.0010285908,0.0010096313,0.001065721,0.0010883977,0.0010700019,0.0010583161,0.0,0.0010285917,0.0010096313,0.001065721,0.0010772416,0.0,0.0010583155,0.0010446517,0.0010372945,0.0010484258,0.001054521,0.001066562,0.0,0.0010583171,0.0,0.0010285912,0.0010096313,0.001065721,0.0010772374,0.0,0.0010583159,0.0010446521,0.0010372945,0.0010484258,0.001054521,0.001066562,0.0010699955,0.0010583157,0.001044652,0.0010372947,0.0010484258,0.001054521,0.0010665623,0.0,0.0,0.0,0.0010285908,0.0010096313,0.001065721,0.0010883971,0.0010699929,0.0010583154,0.0,0.0010285908,0.0010096313,0.001065721,0.0010772379,0.0010699981,0.0010583157,0.0010446517,0.001065721,0.0,0.0010285908,0.0010096314,0.0,0.0010583154,0.0010446517,0.0010372945,0.0010484258,0.001054521,0.0010665625,0.0,0.0010583154,0.0010446517,0.0010372945,0.0010484258,0.001054521,0.0010665621,0.0,0.0010583161,0.0010446517,0.0010372945,0.0010484258,0.001054521,0.0010665632,0.0010699938,0.0010583154,0.0010446517,0.0010372945,0.0010484258,0.001054521,0.0010665624,0.0,0.0,0.0010446517,0.0010285908,0.0010191291,0.0010297722,0.0011055833,0.0,0.0010583154,0.0010446517,0.0010372945,0.0010484258,0.001054521,0.0010665621,0.001070084,0.0010583173,0.001044652,0.0010372946,0.0010484258,0.001054521,0.0010665637
k__Bacteria|p__Proteobacteria|c__Gammaproteobacteria|o__Enterobacterales|f__Hafniaceae|g__Hafnia|s__Hafnia_alvei,0.0,0.0010622169,0.0010484781,0.001040928,0.0010515916,0.0010572505,0.0010689314,0.0,0.001062217,0.0010484781,0.001040928,0.0010515916,0.0010572505,0.0010689313,0.0,0.0,0.0010484997,0.0010323469,0.0010226713,0.001032851,0.0011085632,0.0010739913,0.0,0.0010484781,0.0010323322,0.0010226705,0.001032851,0.001108563,0.0,0.0,0.0010484781,0.0010323322,0.0010226705,0.001032851,0.0011085628,0.0010739609,0.0010622169,0.0010484781,0.001040928,0.0010515916,0.0010572505,0.0010689313,0.0,0.0010622178,0.0010484784,0.001040928,0.0010515916,0.0010572505,0.0010689315,0.0010739608,0.0010622169,0.0010484781,0.001040928,0.0010515916,0.0010572505,0.0010689313,0.0,0.001062217,0.0010484789,0.0010409281,0.0010515916,0.0010572505,0.0010689318,0.0,0.001062217,0.0010484781,0.001040928,0.0010515916,0.0010572505,0.0010689313,0.0,0.001062217,0.0,0.0010323322,0.001013276,0.0010695063,0.0010805491,0.0,0.0010622169,0.0010484781,0.0010409278,0.0010515916,0.0010572505,0.0010689311,0.0,0.0,0.0,0.0010323322,0.001013276,0.0010695063,0.0010917671,0.0010739687,0.001062217,0.0,0.0010323322,0.001013276,0.0010695063,0.0010805527,0.0010740245,0.0,0.0,0.0010323324,0.001013276,0.0010695063,0.0010917669,0.0010739828,0.0,0.0010484781,0.0,0.0010622169,0.0010484781,0.001069506,0.0010739636,0.0,0.0,0.0010323322,0.001013276,0.0010695063,0.0010917669,0.0,0.001062219,0.0,0.0010323322,0.001013276,0.0010695063,0.0010805475,0.0,0.0,0.0010484796,0.0010622189,0.0,0.0010323322,0.0010622169,0.0010739886,0.0010622175,0.0,0.0010323322,0.001013276,0.0010695063,0.0010805477,0.0,0.0,0.0010484785,0.0010323322,0.0010226705,0.001032851,0.001108563,0.0,0.0,0.0010484781,0.0,0.0010622169,0.0010484781,0.0010695063,0.0,0.0010622218,0.0,0.0010622172,0.0,0.0010622169,0.0010484782,0.0,0.0,0.001048507,0.0010323361,0.0010226705,0.001032851,0.0011085629,0.0,0.0010622751,0.0010622232,0.0010563767,0.0010673051,0.0,0.0009907138,0.0,0.00106222,0.0010484796,0.0,0.0010622175,0.0010484784,0.0010409303,0.0010739681,0.0010622169,0.0010484781,0.0,0.0010622169,0.0010484781,0.0010409283,0.0,0.0010622172,0.0010484782,0.0010409278,0.0010515916,0.0010572505,0.0010689314,0.0010739608,0.0010622169,0.0010484781,0.001040928,0.0010515916,0.0010572505,0.0010689313,0.001073987,0.0,0.0,0.0010323322,0.001013276,0.0010695063,0.0010917668,0.0010739672,0.0,0.0010484781,0.0010323322,0.0010226705,0.001032851,0.0011085629,0.0,0.0010622172,0.0,0.0010323322,0.001013276,0.0010695063,0.0010805477,0.0010739763,0.0,0.0010484781,0.0010323322,0.0010226705,0.001032851,0.0011085677,0.0,0.0010622169,0.0010484781,0.001040928,0.0010515916,0.0010572505,0.0010689317,0.0010739616,0.0010622169,0.0010484781,0.001040928,0.0010515916,0.0010572505,0.0010689313,0.0,0.0010622176,0.0010484784,0.0010409278,0.0010515916,0.0010572505,0.0010689314,0.0,0.0,0.0010484781,0.0010323322,0.0010226705,0.001032851,0.0011085627,0.0010739622,0.0010622169,0.0,0.0,0.0010622172,0.001062217,0.001056376,0.0010739891,0.0,0.0010484784,0.0,0.0010622172,0.0010484781,0.0010695085,0.0010740565,0.0,0.0010622172,0.0010484784,0.0010409278,0.0,0.001062217,0.0,0.0010622169,0.0,0.0010323322,0.001013276,0.0010695063,0.0010805528,0.0010739667,0.0,0.0010484781,0.0010323322,0.0010226705,0.0010328512,0.0011086026,0.001073978,0.0,0.0,0.0010323322,0.001013276,0.0010695063,0.0010917669,0.0,0.0010622172,0.0010484782,0.001040928,0.0010515916,0.0010572505,0.0010689313,0.0010739628,0.001062217,0.0010484784,0.0,0.001062217,0.0010484781,0.0010409292,0.0010739631,0.0,0.0010484784,0.0010323323,0.0010226705,0.001032851,0.0011085633,0.0010739638,0.0,0.0010484782,0.0010323322,0.0010226705,0.0010328509,0.0011085637,0.0,0.001062217,0.0010622172,0.001056376,0.0010673053,0.0,0.0009907522,0.0010739912,0.0,0.0010484784,0.0010323322,0.0010226705,0.001032851,0.0011085628,0.0010739644,0.0,0.0,0.0010323322,0.001013276,0.0010695063,0.001091767,0.0010740239,0.0010622181,0.0,0.0010323334,0.001013276,0.0010695063,0.0010805522,0.0,0.001062217,0.0010484784,0.0010409278,0.0010515916,0.0010572505,0.0010689313,0.0,0.0010622186,0.0,0.0010323322,0.001013276,0.0010695063,0.0010805477,0.0,0.0010622172,0.0010484785,0.0010409278,0.0010515916,0.0010572505,0.0010689314,0.0010739712,0.001062217,0.0010484784,0.0010409281,0.0010515916,0.0010572505,0.0010689313,0.0,0.0,0.0,0.0010323322,0.001013276,0.0010695063,0.0010917669,0.0010739606,0.0010622169,0.0,0.0010323322,0.001013276,0.0010695063,0.0010805482,0.0010739703,0.001062217,0.0010484781,0.0010695063,0.0,0.0010323322,0.0010132757,0.0,0.0010622169,0.0010484781,0.0010409278,0.0010515916,0.0010572505,0.0010689315,0.0,0.0010622169,0.0010484781,0.0010409278,0.0010515916,0.0010572505,0.0010689312,0.0,0.0010622178,0.0010484784,0.0010409278,0.0010515916,0.0010572505,0.001068932,0.0010739701,0.0010622169,0.0010484781,0.0010409278,0.0010515916,0.0010572505,0.0010689314,0.0,0.0,0.0010484781,0.0010323322,0.0010226705,0.001032851,0.0011085628,0.0,0.0010622169,0.0010484781,0.001040928,0.0010515916,0.0010572505,0.0010689313,0.001074116,0.0010622188,0.0010484784,0.001040928,0.0010515916,0.0010572505,0.0010689325
k__Bacteria|p__Proteobacteria|c__Gammaproteobacteria|o__Enterobacterales|f__Hafniaceae|g__Obesumbacterium|s__Obesumbacterium_proteus,0.0,0.0010600804,0.0010462957,0.0010387235,0.0010494202,0.0010550985,0.0010668237,0.0,0.0010600806,0.0010462957,0.0010387235,0.0010494202,0.0010550985,0.0010668237,0.0,0.0,0.0010463094,0.0010301145,0.0010204212,0.0010306255,0.00110666,0.0010719161,0.0,0.0010462957,0.0010301048,0.0010204206,0.0010306255,0.0011066593,0.0,0.0,0.0010462957,0.0010301048,0.0010204206,0.0010306255,0.0011066592,0.0010718703,0.0010600805,0.0010462957,0.0010387235,0.0010494202,0.0010550985,0.0010668235,0.0,0.0010600807,0.001046296,0.0010387235,0.0010494202,0.0010550985,0.0010668242,0.0010718704,0.0010600805,0.0010462957,0.0010387235,0.0010494202,0.0010550985,0.0010668238,0.0,0.0010600806,0.0010462964,0.0010387236,0.0010494202,0.0010550985,0.0010668242,0.0,0.0010600806,0.0010462957,0.0010387235,0.0010494202,0.0010550985,0.0010668237,0.0,0.0010600806,0.0,0.0010301048,0.0010110057,0.0010673978,0.001078489,0.0,0.0010600805,0.0010462957,0.0010387234,0.0010494202,0.0010550985,0.001066824,0.0,0.0,0.0,0.0010301048,0.0010110057,0.0010673978,0.001089763,0.0010718819,0.0010600806,0.0,0.0010301048,0.0010110057,0.0010673978,0.0010784939,0.0010719576,0.0,0.0,0.0010301048,0.0010110057,0.0010673978,0.0010897625,0.0010718998,0.0,0.0010462957,0.0,0.0010600805,0.0010462957,0.0010673978,0.0010718737,0.0,0.0,0.0010301048,0.0010110057,0.0010673978,0.001089762,0.0,0.001060082,0.0,0.0010301048,0.0010110057,0.0010673978,0.0010784877,0.0,0.0,0.0010462968,0.0010600815,0.0,0.0010301048,0.0010600806,0.0010719002,0.0010600806,0.0,0.0010301047,0.0010110057,0.0010673978,0.0010784877,0.0,0.0,0.0010462959,0.0010301048,0.0010204206,0.0010306255,0.0011066593,0.0,0.0,0.0010462957,0.0,0.0010600805,0.0010462957,0.0010673978,0.0,0.0010600844,0.0,0.0010600807,0.0,0.0010600805,0.0010462959,0.0,0.0,0.0010463148,0.0010301077,0.0010204207,0.0010306255,0.0011066595,0.0,0.0010601096,0.0010600841,0.0010542197,0.0010651891,0.0,0.0009884065,0.0,0.0010600826,0.0010462968,0.0,0.0010600807,0.0010462959,0.0010387258,0.0010718787,0.0010600805,0.0010462957,0.0,0.0010600805,0.0010462957,0.0010387243,0.0,0.0010600806,0.0010462959,0.0010387234,0.0010494202,0.0010550985,0.0010668238,0.0010718704,0.0010600805,0.0010462957,0.0010387235,0.0010494202,0.0010550985,0.0010668237,0.0010719025,0.0,0.0,0.0010301048,0.0010110057,0.0010673978,0.001089762,0.0010718758,0.0,0.0010462957,0.0010301048,0.0010204206,0.0010306255,0.0011066594,0.0,0.0010600807,0.0,0.0010301048,0.0010110057,0.0010673978,0.0010784877,0.0010718907,0.0,0.0010462957,0.0010301048,0.0010204206,0.0010306255,0.0011066641,0.0,0.0010600805,0.0010462957,0.0010387235,0.0010494202,0.0010550985,0.0010668247,0.0010718715,0.0010600805,0.0010462957,0.0010387235,0.0010494202,0.0010550985,0.0010668235,0.0,0.001060081,0.0010462959,0.0010387234,0.0010494202,0.0010550985,0.0010668237,0.0,0.0,0.0010462957,0.0010301048,0.0010204206,0.0010306255,0.0011066593,0.0010718732,0.0010600805,0.0,0.0,0.0010600807,0.0010600806,0.0010542196,0.0010719174,0.0,0.001046296,0.0,0.0010600807,0.0010462957,0.0010674001,0.0010720078,0.0,0.0010600805,0.0010462959,0.0010387234,0.0,0.0010600807,0.0,0.0010600805,0.0,0.0010301048,0.0010110057,0.0010673979,0.0010784931,0.0010718781,0.0,0.0010462957,0.0010301048,0.0010204207,0.0010306261,0.0011066956,0.0010718913,0.0,0.0,0.0010301048,0.0010110057,0.0010673978,0.0010897621,0.0,0.0010600807,0.0010462959,0.0010387235,0.0010494202,0.0010550985,0.0010668237,0.0010719046,0.0010600806,0.0010462959,0.0,0.0010600804,0.0010462957,0.0010387246,0.0010718731,0.0,0.0010462959,0.0010301048,0.0010204206,0.0010306255,0.0011066605,0.0010718749,0.0,0.0010462959,0.0010301048,0.0010204207,0.0010306255,0.0011066602,0.0,0.0010600806,0.0010600805,0.0010542193,0.001065189,0.0,0.0009884419,0.0010719089,0.0,0.0010462959,0.0010301048,0.0010204206,0.0010306255,0.0011066592,0.0010718763,0.0,0.0,0.0010301048,0.0010110057,0.0010673978,0.001089763,0.001071957,0.0010600814,0.0,0.0010301059,0.0010110062,0.0010673978,0.0010784926,0.0,0.0010600805,0.0010462959,0.0010387234,0.0010494202,0.0010550985,0.0010668237,0.0,0.0010600815,0.0,0.0010301048,0.0010110057,0.0010673978,0.0010784877,0.0,0.0010600805,0.0010462959,0.0010387234,0.0010494202,0.0010550985,0.0010668238,0.0010718853,0.0010600804,0.0010462959,0.0010387236,0.0010494202,0.0010550985,0.001066824,0.0,0.0,0.0,0.0010301048,0.0010110057,0.0010673978,0.0010897623,0.0010718699,0.0010600805,0.0,0.0010301048,0.0010110057,0.0010673978,0.0010784884,0.0010718846,0.0010600805,0.0010462957,0.0010673978,0.0,0.0010301048,0.0010110063,0.0,0.0010600805,0.0010462957,0.0010387234,0.0010494202,0.0010550985,0.0010668247,0.0,0.0010600805,0.0010462957,0.0010387234,0.0010494202,0.0010550985,0.001066824,0.0,0.001060081,0.0010462959,0.0010387234,0.0010494202,0.0010550985,0.0010668254,0.0010718798,0.0010600805,0.0010462957,0.0010387234,0.0010494202,0.0010550985,0.0010668241,0.0,0.0,0.0010462957,0.0010301048,0.0010204206,0.0010306255,0.0011066593,0.0,0.0010600805,0.0010462957,0.0010387235,0.0010494202,0.0010550985,0.0010668237,0.0010721347,0.0010600818,0.0010462959,0.0010387235,0.0010494202,0.0010550985,0.0010668257
k__Bacteria|p__Proteobacteria|c__Gammaproteobacteria|o__Enterobacterales|f__Enterobacteriaceae|g__Kosakonia|s__Kosakonia_cowanii,0.0,0.0010618919,0.0010483562,0.0010411108,0.0010523192,0.001058511,0.0010705686,0.0,0.0010618919,0.0010483562,0.0010411108,0.0010523192,0.001058511,0.0010705685,0.0,0.0,0.0010483735,0.0010324374,0.0010230788,0.0010338152,0.0011089308,0.001073487,0.0,0.0010483562,0.0010324244,0.0010230783,0.0010338152,0.0011089301,0.0,0.0,0.0010483562,0.0010324244,0.0010230783,0.0010338152,0.0011089301,0.0010734446,0.0010618918,0.0010483562,0.0010411108,0.0010523192,0.001058511,0.0010705685,0.0,0.0010618921,0.0010483562,0.0010411108,0.0010523192,0.001058511,0.0010705693,0.0010734447,0.0010618918,0.0010483562,0.0010411108,0.0010523192,0.001058511,0.0010705686,0.0,0.0010618923,0.0010483566,0.001041111,0.0010523192,0.001058511,0.0010705694,0.0,0.0010618919,0.0010483562,0.0010411108,0.0010523192,0.001058511,0.0010705686,0.0,0.0010618919,0.0,0.0010324244,0.001013592,0.0010692715,0.0010808333,0.0,0.0010618918,0.0010483562,0.0010411108,0.0010523192,0.0010585111,0.001070569,0.0,0.0,0.0,0.0010324244,0.001013592,0.0010692715,0.0010918482,0.0010734552,0.0010618919,0.0,0.0010324244,0.001013592,0.0010692715,0.0010808371,0.0010735054,0.0,0.0,0.0010324244,0.001013592,0.0010692715,0.0010918481,0.0010734703,0.0,0.0010483562,0.0,0.0010618918,0.0010483562,0.0010692714,0.0010734475,0.0,0.0,0.0010324244,0.001013592,0.0010692715,0.001091847,0.0,0.0010618934,0.0,0.0010324244,0.001013592,0.0010692715,0.0010808321,0.0,0.0,0.0010483573,0.0010618927,0.0,0.0010324244,0.0010618923,0.0010734736,0.0010618923,0.0,0.0010324243,0.001013592,0.0010692715,0.001080832,0.0,0.0,0.0010483563,0.0010324244,0.0010230783,0.0010338152,0.0011089302,0.0,0.0,0.0010483562,0.0,0.0010618918,0.0010483562,0.0010692715,0.0,0.0010618969,0.0,0.0010618919,0.0,0.0010618918,0.0010483562,0.0,0.011238879,0.0010483746,0.0010324275,0.0010230785,0.0010338152,0.0011089307,0.0,0.0010619315,0.0010618966,0.0010563448,0.0010678053,0.0,0.0009912644,0.0,0.001061894,0.0010483571,0.0,0.0010618924,0.0010483562,0.0010411135,0.0010734538,0.0010618918,0.0010483562,0.0,0.0010618918,0.0010483562,0.0010411119,0.0,0.0010618921,0.0010483562,0.0010411108,0.0010523192,0.001058511,0.0010705686,0.0010734447,0.0010618918,0.0010483562,0.0010411108,0.0010523192,0.001058511,0.0010705686,0.001073469,0.0,0.0,0.0010324244,0.001013592,0.0010692715,0.0010918467,0.0010734478,0.0,0.0010483562,0.0010324244,0.0010230783,0.0010338152,0.0011089304,0.0,0.0010618919,0.0,0.0010324244,0.001013592,0.0010692715,0.0010808316,0.0010734645,0.0,0.0010483562,0.0010324244,0.0010230783,0.0010338154,0.0011089356,0.0,0.0010618918,0.0010483562,0.0010411108,0.0010523192,0.001058511,0.0010705695,0.0010734458,0.0010618918,0.0010483562,0.0010411108,0.0010523192,0.001058511,0.0010705685,0.0,0.0010618924,0.0010483562,0.0010411108,0.0010523192,0.001058511,0.0010705686,0.0,0.0,0.0010483562,0.0010324244,0.0010230783,0.0010338152,0.0011089303,0.0010734482,0.0010618918,0.0,0.0,0.0010618919,0.0010618919,0.001056345,0.0010734928,0.0,0.0010483564,0.0,0.0010618919,0.0010483562,0.001069275,0.0010735505,0.0,0.001061892,0.0010483562,0.0010411108,0.0,0.0010618927,0.0,0.0010618917,0.0,0.0010324244,0.001013592,0.0010692715,0.0010808377,0.0010734518,0.0,0.0010483562,0.0010324244,0.0010230785,0.0010338154,0.001108968,0.0010734653,0.0,0.0,0.0010324244,0.001013592,0.0010692715,0.0010918467,0.0,0.0010618919,0.0010483562,0.0010411108,0.0010523192,0.001058511,0.0010705685,0.001073489,0.001061892,0.0010483562,0.0,0.0010618919,0.0010483562,0.0010411119,0.0010734465,0.0,0.0010483562,0.0010324244,0.0010230783,0.0010338152,0.0011089322,0.0010734492,0.0,0.0010483562,0.0010324244,0.0010230785,0.0010338153,0.0011089313,0.0,0.001061892,0.001061892,0.0010563442,0.0010678055,0.0,0.0009913046,0.001073475,0.0,0.0010483562,0.0010324244,0.0010230783,0.0010338152,0.0011089301,0.0010734515,0.0,0.0,0.0010324244,0.001013592,0.0010692715,0.0010918482,0.0010735061,0.0010618921,0.0,0.0010324252,0.001013592,0.0010692715,0.0010808374,0.0,0.001061892,0.0010483562,0.0010411108,0.0010523192,0.001058511,0.0010705685,0.0,0.0010618934,0.0,0.0010324244,0.001013592,0.0010692715,0.0010808316,0.0,0.001061892,0.0010483563,0.0010411108,0.0010523192,0.001058511,0.0010705686,0.0010734572,0.0010618919,0.0010483562,0.0010411111,0.0010523192,0.001058511,0.0010705687,0.0,0.0,0.0,0.0010324244,0.001013592,0.0010692715,0.0010918474,0.0010734441,0.0010618918,0.0,0.0010324244,0.001013592,0.0010692715,0.0010808322,0.0010734596,0.001061892,0.0010483562,0.0010692715,0.0,0.0010324244,0.0010135926,0.0,0.0010618918,0.0010483562,0.0010411108,0.0010523192,0.001058511,0.0010705693,0.0,0.0010618918,0.0010483562,0.0010411108,0.0010523192,0.001058511,0.0010705688,0.0,0.0010618924,0.0010483562,0.0010411108,0.0010523192,0.0010585111,0.0010705704,0.0010734512,0.0010618918,0.0010483562,0.0010411108,0.0010523192,0.001058511,0.0010705688,0.0,0.0,0.0010483562,0.0010324244,0.0010230783,0.0010338152,0.0011089306,0.0,0.0010618918,0.0010483562,0.0010411108,0.0010523192,0.001058511,0.0010705686,0.0010737176,0.0010618938,0.0010483564,0.0010411108,0.0010523192,0.0010585111,0.0010705709
k__Bacteria|p__Proteobacteria|c__Gammaproteobacteria|o__Moraxellales|f__Moraxellaceae|g__Acinetobacter|s__Acinetobacter_johnsonii,0.0,0.0010610495,0.0010475538,0.0010403851,0.0010517556,0.0010581019,0.0010702794,0.0,0.0010610498,0.0010475538,0.0010403851,0.0010517556,0.0010581019,0.0010702793,0.0,0.0,0.0010475591,0.0010316679,0.0010223989,0.0010332984,0.0011083618,0.001072598,0.0,0.0010475538,0.0010316655,0.0010223988,0.0010332984,0.0011083615,0.0,0.0,0.0010475538,0.0010316655,0.0010223988,0.0010332984,0.0011083615,0.0010725657,0.0010610496,0.0010475538,0.0010403851,0.0010517556,0.0010581019,0.0010702794,0.0,0.0010610499,0.001047554,0.0010403851,0.0010517556,0.0010581019,0.00107028,0.0010725657,0.0010610496,0.0010475538,0.0010403851,0.0010517556,0.0010581019,0.0010702794,0.0,0.0010610498,0.0010475541,0.0010403855,0.0010517556,0.0010581019,0.00107028,0.0,0.0010610498,0.0010475538,0.0010403851,0.0010517556,0.0010581019,0.0010702794,0.0,0.0010610498,0.0,0.0010316655,0.0010128802,0.0010684641,0.0010801859,0.0,0.0010610496,0.0010475538,0.0010403851,0.0010517556,0.0010581019,0.0010702796,0.0,0.0,0.0,0.0010316655,0.0010128802,0.0010684641,0.0010911633,0.0010725757,0.0010610498,0.0,0.0010316655,0.0010128802,0.0010684641,0.0010801894,0.0010726482,0.0,0.0,0.0010316656,0.0010128802,0.0010684641,0.0010911634,0.001072591,0.0,0.0010475538,0.0,0.0010610496,0.0010475538,0.001068464,0.0010725682,0.0,0.0,0.0010316655,0.0010128802,0.0010684641,0.0010911631,0.0,0.0010610505,0.0,0.0010316655,0.0010128802,0.0010684641,0.0010801852,0.0,0.0,0.0010475538,0.0010610508,0.0,0.0010316655,0.00106105,0.0010725819,0.0010610498,0.0,0.0010316654,0.0010128802,0.0010684641,0.0010801848,0.0,0.0,0.001047554,0.0010316655,0.0010223988,0.0010332984,0.0011083616,0.0,0.0,0.0010475538,0.0,0.0010610496,0.0010475538,0.001068464,0.0,0.0010610492,0.0,0.0010610498,0.0,0.0010610496,0.0010475542,0.0,0.0,0.0010475583,0.0010316663,0.0010223986,0.0010332984,0.0011083613,0.0,0.0010610638,0.001061051,0.001055576,0.0010671985,0.0,0.0009905985,0.0,0.0010610502,0.001047554,0.0,0.0010610498,0.001047554,0.0010403867,0.0010725698,0.0010610496,0.0010475538,0.0,0.0010610496,0.0010475538,0.0010403859,0.0,0.0010610501,0.001047554,0.0010403851,0.0010517556,0.0010581019,0.0010702794,0.0010725657,0.0010610496,0.0010475538,0.0010403851,0.0010517556,0.0010581019,0.0010702794,0.0010725952,0.0,0.0,0.0010316655,0.0010128802,0.0010684641,0.001091163,0.0010725721,0.0,0.0010475538,0.0010316655,0.0010223988,0.0010332984,0.0011083615,0.0,0.0010610498,0.0,0.0010316655,0.0010128802,0.0010684641,0.0010801851,0.0010725803,0.0,0.0010475538,0.0010316655,0.0010223988,0.0010332984,0.0011083654,0.0,0.0010610496,0.0010475538,0.0010403851,0.0010517556,0.0010581019,0.0010702804,0.0010725668,0.0010610496,0.0010475538,0.0010403851,0.0010517556,0.0010581019,0.0010702794,0.0,0.0010610499,0.001047554,0.0010403851,0.0010517556,0.0010581019,0.0010702794,0.0,0.0,0.0010475538,0.0010316655,0.0010223988,0.0010332984,0.0011083616,0.0010725678,0.0010610496,0.0,0.0,0.0010610498,0.0010610498,0.0010555761,0.0010726004,0.0,0.0010475537,0.0,0.0010610498,0.0010475538,0.0010684653,0.0010726892,0.0,0.0010610498,0.001047554,0.0010403851,0.0,0.00106105,0.0,0.0010610495,0.0,0.0010316655,0.0010128802,0.0010684642,0.0010801892,0.0010725708,0.0,0.0010475538,0.0010316655,0.0010223989,0.001033299,0.0011083902,0.0010725755,0.0,0.0,0.0010316655,0.0010128802,0.0010684641,0.0010911628,0.0,0.0010610498,0.001047554,0.0010403851,0.0010517556,0.0010581019,0.0010702793,0.0010725964,0.0010610498,0.001047554,0.0,0.0010610499,0.0010475538,0.0010403859,0.0010725685,0.0,0.001047554,0.0010316656,0.0010223988,0.0010332984,0.001108362,0.0010725682,0.0,0.001047554,0.0010316655,0.0010223986,0.0010332984,0.0011083627,0.0,0.0010610498,0.00106105,0.0010555761,0.0010671985,0.0,0.0009906213,0.001072604,0.0,0.001047554,0.0010316655,0.0010223988,0.0010332984,0.0011083615,0.0010725692,0.0,0.0,0.0010316655,0.0010128802,0.0010684641,0.0010911635,0.0010726424,0.0010610502,0.0,0.0010316661,0.0010128805,0.0010684641,0.0010801884,0.0,0.0010610496,0.001047554,0.0010403851,0.0010517556,0.0010581019,0.0010702794,0.0,0.0010610495,0.0,0.0010316655,0.0010128802,0.0010684641,0.0010801851,0.0,0.0010610498,0.001047554,0.0010403851,0.0010517556,0.0010581019,0.0010702795,0.0010725788,0.0010610496,0.001047554,0.0010403851,0.0010517556,0.0010581019,0.0010702795,0.0,0.0,0.0,0.0010316655,0.0010128802,0.0010684641,0.0010911631,0.0010725653,0.0010610496,0.0,0.0010316655,0.0010128802,0.0010684641,0.0010801854,0.0010725735,0.0010610496,0.0010475538,0.0010684641,0.0,0.0010316655,0.0010128805,0.0,0.0010610496,0.0010475538,0.0010403851,0.0010517556,0.0010581019,0.0010702799,0.0,0.0010610496,0.0010475538,0.0010403851,0.0010517556,0.0010581019,0.0010702796,0.0,0.00106105,0.001047554,0.0010403851,0.0010517556,0.0010581019,0.0010702807,0.0010725745,0.0010610496,0.0010475538,0.0010403851,0.0010517556,0.0010581019,0.0010702799,0.0,0.0,0.0010475538,0.0010316655,0.0010223988,0.0010332984,0.0011083618,0.0,0.0010610496,0.0010475538,0.0010403851,0.0010517556,0.0010581019,0.0010702794,0.001072721,0.00106105,0.001047554,0.0010403851,0.0010517556,0.0010581019,0.0010702807
k__Bacteria|p__Proteobacteria|c__Gammaproteobacteria|o__Pasteurellales|f__Pasteurellaceae|g__Haemophilus|s__Haemophilus_SGB36986,0.0,0.0010597671,0.001046082,0.0010386629,0.0010496376,0.0010555878,0.0010675065,0.0,0.0010597671,0.001046082,0.0010386629,0.0010496376,0.0010555878,0.0010675067,0.0,0.0,0.0010460941,0.0010300045,0.0010204712,0.0010309595,0.0011067131,0.0010715126,0.0,0.001046082,0.0010299964,0.0010204706,0.0010309595,0.0011067131,0.0,0.0,0.001046082,0.0010299964,0.0010204706,0.0010309595,0.0011067131,0.0010714631,0.001059767,0.001046082,0.0010386629,0.0010496376,0.0010555878,0.0010675065,0.0,0.0010597677,0.0010460821,0.0010386629,0.0010496376,0.0010555878,0.0010675068,0.0010714631,0.001059767,0.001046082,0.0010386629,0.0010496376,0.0010555878,0.0010675066,0.0,0.0010597672,0.0010460824,0.0010386629,0.0010496376,0.0010555878,0.0010675072,0.0,0.0010597671,0.001046082,0.0010386629,0.0010496376,0.0010555878,0.0010675066,0.0,0.0010597671,0.0,0.0010299964,0.0010110086,0.0010671319,0.001078489,0.0,0.001059767,0.001046082,0.0010386629,0.0010496376,0.0010555878,0.0010675064,0.0,0.0,0.0,0.0010299964,0.0010110086,0.0010671319,0.0010896636,0.0010714767,0.0010597671,0.0,0.0010299964,0.0010110086,0.0010671319,0.0010784927,0.0010715657,0.0,0.0,0.0010299968,0.0010110086,0.0010671319,0.0010896631,0.0010714997,0.0,0.001046082,0.0,0.001059767,0.001046082,0.0010671318,0.0010714668,0.0,0.0,0.0010299964,0.0010110086,0.0010671319,0.001089663,0.0,0.0010597681,0.0,0.0010299964,0.0010110086,0.0010671319,0.0010784883,0.0,0.0,0.0010460826,0.0010597681,0.0,0.0010299964,0.0010597672,0.0010714916,0.0010597672,0.0,0.0010299967,0.0010110086,0.0010671319,0.0010784882,0.0,0.0,0.0010460822,0.0010299964,0.0010204706,0.0010309595,0.0011067132,0.0,0.0,0.001046082,0.0,0.001059767,0.001046082,0.0010671319,0.0,0.0010597691,0.0,0.0010597672,0.0,0.001059767,0.0010460821,0.0,0.0,0.0010460946,0.0010299989,0.0010204706,0.0010309595,0.0011067127,0.0,0.0010598016,0.0010597705,0.0010540533,0.0010652954,0.0,0.00098852,0.0,0.0010597687,0.0010460827,0.0,0.0010597672,0.0010460821,0.0010386646,0.0010714711,0.001059767,0.001046082,0.0,0.001059767,0.001046082,0.0010386638,0.0,0.0010597673,0.0010460821,0.0010386629,0.0010496376,0.0010555878,0.0010675064,0.0010714632,0.001059767,0.001046082,0.0010386629,0.0010496376,0.0010555878,0.0010675066,0.0010715001,0.0,0.0,0.0010299964,0.0010110086,0.0010671319,0.001089663,0.001071471,0.0,0.001046082,0.0010299964,0.0010204706,0.0010309595,0.001106713,0.0,0.0010597672,0.0,0.0010299964,0.0010110086,0.0010671319,0.0010784881,0.0010714844,0.0,0.001046082,0.0010299964,0.0010204706,0.0010309595,0.0011067166,0.0,0.001059767,0.001046082,0.0010386629,0.0010496376,0.0010555878,0.0010675072,0.0010714647,0.001059767,0.001046082,0.0010386629,0.0010496376,0.0010555878,0.0010675065,0.0,0.0010597673,0.0010460821,0.0010386629,0.0010496376,0.0010555878,0.0010675065,0.0,0.0,0.001046082,0.0010299964,0.0010204706,0.0010309595,0.0011067131,0.001071467,0.001059767,0.0,0.0,0.0010597672,0.0010597671,0.0010540532,0.0010715136,0.0,0.0010460822,0.0,0.0010597672,0.001046082,0.0010671339,0.0010716259,0.0,0.0010597672,0.0010460821,0.0010386629,0.0,0.0010597671,0.0,0.001059767,0.0,0.0010299964,0.0010110086,0.001067132,0.0010784912,0.0010714702,0.0,0.001046082,0.0010299964,0.0010204706,0.0010309598,0.0011067416,0.0010714803,0.0,0.0,0.0010299964,0.0010110086,0.0010671319,0.001089663,0.0,0.0010597672,0.0010460821,0.0010386629,0.0010496376,0.0010555878,0.0010675067,0.0010715098,0.0010597671,0.0010460821,0.0,0.0010597671,0.001046082,0.0010386637,0.0010714666,0.0,0.0010460821,0.0010299968,0.0010204706,0.0010309595,0.001106713,0.0010714676,0.0,0.0010460821,0.0010299964,0.0010204706,0.0010309595,0.0011067133,0.0,0.0010597671,0.0010597672,0.0010540532,0.0010652954,0.0,0.0009885461,0.0010715149,0.0,0.0010460821,0.0010299964,0.0010204706,0.0010309595,0.0011067131,0.0010714696,0.0,0.0,0.0010299964,0.0010110086,0.0010671319,0.0010896632,0.0010715576,0.0010597678,0.0,0.0010299976,0.0010110086,0.0010671322,0.0010784919,0.0,0.0010597672,0.0010460821,0.0010386629,0.0010496376,0.0010555878,0.0010675065,0.0,0.0010597677,0.0,0.0010299964,0.0010110086,0.0010671319,0.0010784881,0.0,0.0010597672,0.0010460822,0.0010386629,0.0010496376,0.0010555878,0.0010675065,0.0010714798,0.0010597671,0.0010460821,0.001038663,0.0010496376,0.0010555878,0.0010675066,0.0,0.0,0.0,0.0010299964,0.0010110086,0.0010671319,0.0010896631,0.0010714626,0.001059767,0.0,0.0010299964,0.0010110086,0.0010671319,0.0010784889,0.0010714767,0.0010597672,0.001046082,0.0010671319,0.0,0.0010299964,0.0010110089,0.0,0.001059767,0.001046082,0.0010386629,0.0010496376,0.0010555878,0.001067507,0.0,0.001059767,0.001046082,0.0010386629,0.0010496376,0.0010555878,0.0010675065,0.0,0.0010597674,0.0010460821,0.0010386629,0.0010496376,0.0010555878,0.0010675073,0.0010714754,0.001059767,0.001046082,0.0010386629,0.0010496376,0.0010555878,0.0010675067,0.0,0.0,0.001046082,0.0010299964,0.0010204706,0.0010309595,0.0011067132,0.0,0.001059767,0.001046082,0.0010386629,0.0010496376,0.0010555878,0.0010675066,0.0010717352,0.0010597681,0.0010460821,0.001038663,0.0010496376,0.0010555878,0.0010675075
k__Bacteria|p__Proteobacteria|c__Gammaproteobacteria|o__Aeromonadales|f__Aeromonadaceae|g__Aeromonas|s__Aeromonas_dhakensis,0.0,0.0010611638,0.0010475938,0.0010403139,0.0010514855,0.0010576373,0.0010696771,0.0,0.0010611637,0.0010475938,0.0010403139,0.0010514855,0.0010576373,0.0010696773,0.0,0.0,0.001047614,0.001031642,0.0010222461,0.0010329417,0.0011082238,0.0010727943,0.0,0.0010475938,0.0010316272,0.0010222454,0.0010329417,0.0011082233,0.0,0.0,0.0010475938,0.0010316272,0.0010222454,0.0010329417,0.0011082237,0.0010727498,0.0010611636,0.0010475938,0.0010403139,0.0010514855,0.0010576373,0.0010696773,0.0,0.0010611648,0.0010475941,0.0010403139,0.0010514855,0.0010576373,0.0010696774,0.0010727498,0.0010611636,0.0010475938,0.0010403139,0.0010514855,0.0010576373,0.0010696774,0.0,0.0010611642,0.0010475946,0.001040314,0.0010514855,0.0010576373,0.0010696776,0.0,0.0010611637,0.0010475938,0.0010403139,0.0010514855,0.0010576373,0.0010696774,0.0,0.0010611637,0.0,0.0010316272,0.00101276,0.0010685454,0.001080078,0.0,0.0010611636,0.0010475938,0.0010403139,0.0010514855,0.0010576373,0.0010696771,0.0,0.0,0.0,0.0010316272,0.00101276,0.0010685454,0.0010911308,0.0010727603,0.0010611637,0.0,0.0010316272,0.00101276,0.0010685454,0.0010800805,0.0010728288,0.0,0.0,0.0010316274,0.00101276,0.0010685454,0.0010911304,0.0010727798,0.0,0.0010475938,0.0,0.0010611636,0.0010475938,0.0010685453,0.0010727535,0.0,0.0,0.0010316272,0.00101276,0.0010685454,0.0010911295,0.0,0.0010611656,0.0,0.0010316272,0.00101276,0.0010685454,0.0010800769,0.0,0.0,0.0010475955,0.0010611654,0.0,0.0010316272,0.0010611637,0.0010727856,0.0010611642,0.0,0.0010316271,0.00101276,0.0010685454,0.0010800769,0.0,0.0,0.0010475941,0.0010316272,0.0010222454,0.0010329417,0.0011082237,0.0,0.0,0.0010475938,0.0,0.0010611636,0.0010475938,0.0010685454,0.0,0.0010611691,0.0,0.0010611638,0.0,0.0010611636,0.0010475938,0.0,0.0,0.0010476194,0.001031631,0.0010222454,0.0010329417,0.0011082239,0.0,0.0010612106,0.0010611692,0.0010555839,0.0010670116,0.0,0.0009903945,0.0,0.0010611666,0.0010475953,0.0,0.0010611643,0.0010475939,0.0010403163,0.0010727592,0.0010611636,0.0010475938,0.0,0.0010611636,0.0010475938,0.0010403146,0.0,0.0010611638,0.0010475938,0.0010403139,0.0010514855,0.0010576373,0.0010696773,0.0010727497,0.0010611636,0.0010475938,0.0010403139,0.0010514855,0.0010576373,0.0010696774,0.0010727845,0.0,0.0,0.0010316272,0.00101276,0.0010685454,0.0010911295,0.0010727557,0.0,0.0010475938,0.0010316272,0.0010222454,0.0010329417,0.0011082236,0.0,0.0010611638,0.0,0.0010316272,0.00101276,0.0010685454,0.0010800768,0.0010727675,0.0,0.0010475938,0.0010316272,0.0010222454,0.0010329417,0.0011082265,0.0,0.0010611636,0.0010475938,0.0010403139,0.0010514855,0.0010576373,0.0010696779,0.0010727508,0.0010611636,0.0010475938,0.0010403139,0.0010514855,0.0010576373,0.0010696773,0.0,0.0010611644,0.0010475939,0.0010403139,0.0010514855,0.0010576373,0.0010696771,0.0,0.0,0.0010475938,0.0010316272,0.0010222454,0.0010329417,0.0011082237,0.001072753,0.0010611636,0.0,0.0,0.0010611638,0.0010611637,0.0010555838,0.0010727992,0.0,0.0010475944,0.0,0.0010611638,0.0010475938,0.0010685484,0.0010728746,0.0,0.0010611642,0.0010475939,0.0010403139,0.0,0.0010611644,0.0,0.0010611636,0.0,0.0010316272,0.00101276,0.0010685454,0.0010800789,0.0010727585,0.0,0.0010475938,0.0010316272,0.0010222454,0.0010329421,0.0011082443,0.0010727737,0.0,0.0,0.0010316272,0.00101276,0.0010685454,0.0010911295,0.0,0.0010611638,0.0010475938,0.0010403139,0.0010514855,0.0010576373,0.0010696773,0.0010727769,0.0010611641,0.0010475939,0.0,0.0010611637,0.0010475938,0.001040315,0.0010727523,0.0,0.0010475939,0.0010316275,0.0010222454,0.0010329417,0.0011082244,0.0010727545,0.0,0.0010475938,0.0010316272,0.0010222454,0.0010329419,0.001108224,0.0,0.0010611641,0.0010611642,0.0010555831,0.0010670117,0.0,0.0009904272,0.0010727907,0.0,0.0010475939,0.0010316272,0.0010222454,0.0010329417,0.0011082237,0.0010727561,0.0,0.0,0.0010316272,0.00101276,0.0010685454,0.0010911305,0.001072828,0.0010611645,0.0,0.0010316282,0.0010127607,0.0010685454,0.0010800817,0.0,0.0010611638,0.0010475939,0.0010403139,0.0010514855,0.0010576373,0.0010696773,0.0,0.0010611656,0.0,0.0010316272,0.00101276,0.0010685454,0.0010800768,0.0,0.0010611638,0.001047594,0.0010403139,0.0010514855,0.0010576373,0.0010696772,0.0010727647,0.0010611641,0.0010475939,0.001040314,0.0010514855,0.0010576373,0.0010696773,0.0,0.0,0.0,0.0010316272,0.00101276,0.0010685454,0.0010911298,0.0010727494,0.0010611636,0.0,0.0010316272,0.00101276,0.0010685454,0.0010800775,0.0010727661,0.0010611638,0.0010475938,0.0010685454,0.0,0.0010316272,0.0010127602,0.0,0.0010611636,0.0010475938,0.0010403139,0.0010514855,0.0010576373,0.0010696773,0.0,0.0010611636,0.0010475938,0.0010403139,0.0010514855,0.0010576373,0.0010696772,0.0,0.0010611644,0.0010475939,0.0010403139,0.0010514855,0.0010576373,0.0010696772,0.0010727602,0.0010611636,0.0010475938,0.0010403139,0.0010514855,0.0010576373,0.0010696774,0.0,0.0,0.0010475938,0.0010316272,0.0010222454,0.0010329417,0.0011082236,0.0,0.0010611636,0.0010475938,0.0010403139,0.0010514855,0.0010576373,0.0010696774,0.001072993,0.0010611658,0.0010475941,0.0010403139,0.0010514855,0.0010576373,0.001069678
k__Bacteria|p__Proteobacteria|c__Gammaproteobacteria|o__Enterobacterales|f__Enterobacteriaceae|g__Enterobacter|s__Enterobacter_mori,0.0,0.0010590003,0.0010454243,0.0010381817,0.0010494909,0.0010557652,0.0010679216,0.0,0.0010590003,0.0010454243,0.0010381817,0.0010494909,0.0010557652,0.0010679216,0.0,0.0,0.0010454331,0.0010294598,0.0010201122,0.0010309403,0.0011064232,0.0010706313,0.0,0.0010454243,0.001029455,0.001020112,0.0010309403,0.0011064226,0.0,0.0,0.0010454243,0.001029455,0.001020112,0.0010309403,0.0011064225,0.0010705941,0.0010590003,0.0010454243,0.0010381817,0.0010494909,0.0010557652,0.0010679215,0.0,0.0010590008,0.0010454243,0.0010381817,0.0010494909,0.0010557652,0.0010679228,0.0010705942,0.0010590003,0.0010454243,0.0010381817,0.0010494909,0.0010557652,0.0010679216,0.0,0.0010590004,0.0010454252,0.001038182,0.0010494909,0.0010557652,0.0010679222,0.0,0.0010590003,0.0010454243,0.0010381817,0.0010494909,0.0010557652,0.0010679216,0.0,0.0010590003,0.0,0.001029455,0.0010105899,0.0010664266,0.0010781084,0.0,0.0010590003,0.0010454243,0.0010381817,0.0010494909,0.0010557652,0.0010679222,0.0,0.0,0.0,0.001029455,0.0010105899,0.0010664266,0.001089176,0.0010706064,0.0010590003,0.0,0.001029455,0.0010105899,0.0010664266,0.0010781143,0.0010706789,0.0,0.0,0.0010294553,0.0010105899,0.0010664266,0.0010891756,0.0010706238,0.0,0.0010454243,0.0,0.0010590003,0.0010454243,0.0010664269,0.0010705979,0.0,0.0,0.001029455,0.0010105899,0.0010664266,0.0010891737,0.0,0.0010590013,0.0,0.0010294551,0.0010105899,0.0010664266,0.0010781067,0.0,0.0,0.0010454252,0.0010590012,0.0,0.001029455,0.0010590007,0.0010706139,0.0010590004,0.0,0.0010294551,0.0010105899,0.0010664266,0.0010781062,0.0,0.0,0.0010454244,0.001029455,0.001020112,0.0010309403,0.0011064232,0.0,0.0,0.0010454243,0.0,0.0010590003,0.0010454243,0.0010664269,0.0,0.0010590015,0.0,0.0010590004,0.0,0.0010590003,0.0010454247,0.0,0.0,0.0010454314,0.0010294563,0.0010201118,0.0010309403,0.0011064232,0.0,0.0010590256,0.0010590025,0.0010534567,0.0010650279,0.0,0.0009882349,0.0,0.001059002,0.0010454251,0.0,0.0010590005,0.0010454245,0.0010381849,0.0010705999,0.0010590003,0.0010454243,0.0,0.0010590003,0.0010454243,0.0010381831,0.0,0.0010590005,0.0010454244,0.0010381817,0.0010494909,0.0010557652,0.0010679216,0.0010705941,0.0010590003,0.0010454243,0.0010381817,0.0010494909,0.0010557652,0.0010679216,0.0010706281,0.0,0.0,0.001029455,0.0010105899,0.0010664266,0.0010891737,0.0010706004,0.0,0.0010454243,0.001029455,0.001020112,0.0010309403,0.001106423,0.0,0.0010590004,0.0,0.001029455,0.0010105899,0.0010664266,0.0010781063,0.0010706122,0.0,0.0010454243,0.001029455,0.001020112,0.0010309403,0.001106433,0.0,0.0010590003,0.0010454243,0.0010381817,0.0010494909,0.0010557652,0.0010679236,0.0010705949,0.0010590003,0.0010454243,0.0010381817,0.0010494909,0.0010557652,0.0010679215,0.0,0.0010590006,0.0010454245,0.0010381817,0.0010494909,0.0010557652,0.0010679216,0.0,0.0,0.0010454243,0.001029455,0.001020112,0.0010309403,0.0011064229,0.0010705974,0.0010590003,0.0,0.0,0.0010590004,0.0010590003,0.0010534569,0.0010706364,0.0,0.0010454245,0.0,0.0010590004,0.0010454243,0.0010664316,0.0010707249,0.0,0.0010590004,0.0010454246,0.0010381817,0.0,0.0010590014,0.0,0.0010590001,0.0,0.001029455,0.0010105899,0.0010664265,0.001078114,0.0010706005,0.0,0.0010454243,0.0010294551,0.0010201118,0.0010309409,0.0011064911,0.0010706071,0.0,0.0,0.001029455,0.0010105899,0.0010664266,0.0010891737,0.0,0.0010590004,0.0010454244,0.0010381817,0.0010494909,0.0010557652,0.0010679216,0.00107062,0.0010590003,0.0010454245,0.0,0.0010590003,0.0010454243,0.0010381831,0.0010705974,0.0,0.0010454246,0.0010294552,0.001020112,0.0010309403,0.0011064251,0.0010705981,0.0,0.0010454244,0.0010294551,0.0010201118,0.0010309404,0.0011064252,0.0,0.0010590003,0.0010590005,0.0010534566,0.0010650278,0.0,0.0009882709,0.0010706371,0.0,0.0010454245,0.001029455,0.001020112,0.0010309403,0.0011064225,0.0010706001,0.0,0.0,0.001029455,0.0010105899,0.0010664266,0.0010891751,0.0010706687,0.001059001,0.0,0.001029456,0.0010105899,0.0010664266,0.0010781155,0.0,0.0010590004,0.0010454245,0.0010381817,0.0010494909,0.0010557652,0.0010679215,0.0,0.001059001,0.0,0.001029455,0.0010105899,0.0010664266,0.0010781061,0.0,0.0010590004,0.0010454244,0.0010381817,0.0010494909,0.0010557652,0.0010679218,0.0010706122,0.0010590003,0.0010454243,0.0010381818,0.0010494909,0.0010557652,0.001067922,0.0,0.0,0.0,0.001029455,0.0010105899,0.0010664266,0.0010891742,0.0010705936,0.0010590003,0.0,0.001029455,0.0010105899,0.0010664266,0.0010781076,0.0010706065,0.0010590004,0.0010454243,0.0010664266,0.0,0.001029455,0.0010105899,0.0,0.0010590003,0.0010454243,0.0010381817,0.0010494909,0.0010557652,0.0010679227,0.0,0.0010590003,0.0010454243,0.0010381817,0.0010494909,0.0010557652,0.0010679218,0.0,0.0010590007,0.0010454245,0.0010381817,0.0010494909,0.0010557652,0.0010679237,0.0010706048,0.0010590003,0.0010454243,0.0010381817,0.0010494909,0.0010557652,0.0010679222,0.0,0.0,0.0010454243,0.001029455,0.001020112,0.0010309403,0.0011064232,0.0,0.0010590003,0.0010454243,0.0010381817,0.0010494909,0.0010557652,0.0010679216,0.0010707702,0.0010590013,0.0010454243,0.0010381818,0.0010494909,0.0010557652,0.0010679245
k__Bacteria|p__Proteobacteria|c__Gammaproteobacteria|o__Enterobacterales|f__Enterobacteriaceae|g__Enterobacter|s__Enterobacter_wuhouensis,0.0,0.0010622767,0.0010485406,0.0010409923,0.0010516578,0.0010573189,0.0010690003,0.0,0.0010622768,0.0010485406,0.0010409923,0.0010516578,0.0010573189,0.0010690002,0.0,0.0,0.0010485486,0.0010324018,0.0010227378,0.0010329197,0.0011086194,0.0010740621,0.0,0.0010485406,0.0010323968,0.0010227372,0.0010329197,0.0011086195,0.0,0.0,0.0010485406,0.0010323968,0.0010227372,0.0010329197,0.0011086195,0.0010740185,0.001062277,0.0010485406,0.0010409923,0.0010516578,0.0010573189,0.0010690001,0.0,0.0010622776,0.0010485406,0.0010409923,0.0010516578,0.0010573189,0.0010690007,0.0010740187,0.001062277,0.0010485406,0.0010409923,0.0010516578,0.0010573189,0.0010690001,0.0,0.0010622769,0.0010485412,0.0010409923,0.0010516578,0.0010573189,0.0010690008,0.0,0.0010622768,0.0010485406,0.0010409923,0.0010516578,0.0010573189,0.0010690002,0.0,0.0010622768,0.0,0.0010323968,0.0010133428,0.0010695658,0.001080609,0.0,0.0010622768,0.0010485406,0.0010409922,0.0010516578,0.0010573189,0.001069,0.0,0.0,0.0,0.0010323968,0.0010133428,0.0010695658,0.0010918244,0.0010740304,0.001062277,0.0,0.0010323968,0.0010133428,0.0010695658,0.0010806099,0.0010741018,0.0,0.0,0.0010323968,0.0010133428,0.0010695658,0.0010918244,0.0010740489,0.0,0.0010485406,0.0,0.001062277,0.0010485406,0.0010695657,0.0010740212,0.0,0.0,0.0010323968,0.0010133428,0.0010695659,0.0010918248,0.0,0.0010622775,0.0,0.0010323968,0.0010133428,0.0010695659,0.0010806083,0.0,0.0,0.0010485412,0.0010622778,0.0,0.0010323968,0.0010622771,0.0010740367,0.0010622769,0.0,0.0010323968,0.0010133428,0.0010695659,0.0010806082,0.0,0.0,0.0010485405,0.0010323968,0.0010227372,0.0010329197,0.0011086195,0.0,0.0,0.0010485406,0.0,0.001062277,0.0010485406,0.0010695657,0.0,0.0010622768,0.0,0.0010622769,0.0,0.001062277,0.0010485407,0.0,0.0,0.0010485478,0.0010323977,0.0010227374,0.0010329197,0.001108619,0.0,0.0010622912,0.0010622784,0.001056438,0.0010673685,0.0,0.0009907776,0.0,0.0010622776,0.0010485408,0.0,0.001062277,0.0010485406,0.0010409942,0.0010740255,0.0010622768,0.0010485406,0.0,0.001062277,0.0010485406,0.0010409926,0.0,0.0010622771,0.0010485407,0.0010409922,0.0010516578,0.0010573189,0.0010690002,0.0010740187,0.001062277,0.0010485406,0.0010409923,0.0010516578,0.0010573189,0.0010690002,0.0010740531,0.0,0.0,0.0010323968,0.0010133428,0.0010695659,0.0010918248,0.0010740246,0.0,0.0010485406,0.0010323968,0.0010227372,0.0010329197,0.0011086194,0.0,0.0010622771,0.0,0.0010323968,0.0010133428,0.0010695659,0.0010806082,0.0010740346,0.0,0.0010485406,0.0010323968,0.0010227372,0.0010329197,0.0011086201,0.0,0.0010622768,0.0010485406,0.0010409923,0.0010516578,0.0010573189,0.0010690005,0.0010740199,0.001062277,0.0010485406,0.0010409923,0.0010516578,0.0010573189,0.0010690001,0.0,0.0010622771,0.0010485403,0.0010409922,0.0010516578,0.0010573189,0.001069,0.0,0.0,0.0010485406,0.0010323968,0.0010227372,0.0010329197,0.0011086195,0.0010740213,0.0010622768,0.0,0.0,0.0010622769,0.0010622768,0.0010564381,0.001074062,0.0,0.0010485403,0.0,0.0010622771,0.0010485406,0.0010695682,0.0010741507,0.0,0.0010622769,0.0010485406,0.0010409922,0.0,0.0010622771,0.0,0.0010622767,0.0,0.0010323968,0.0010133428,0.0010695659,0.0010806106,0.0010740255,0.0,0.0010485406,0.0010323968,0.0010227374,0.0010329202,0.0011086178,0.0010740336,0.0,0.0,0.0010323968,0.0010133428,0.0010695659,0.0010918247,0.0,0.0010622769,0.0010485407,0.0010409923,0.0010516578,0.0010573189,0.0010690002,0.0010740678,0.0010622771,0.0010485406,0.0,0.0010622769,0.0010485406,0.0010409931,0.0010740211,0.0,0.0010485406,0.001032397,0.0010227372,0.0010329197,0.0011086189,0.0010740218,0.0,0.0010485407,0.0010323968,0.0010227374,0.0010329197,0.0011086195,0.0,0.0010622768,0.0010622772,0.001056438,0.0010673684,0.0,0.0009907961,0.001074059,0.0,0.0010485403,0.0010323968,0.0010227372,0.0010329197,0.0011086195,0.0010740227,0.0,0.0,0.0010323968,0.0010133428,0.0010695658,0.0010918245,0.0010741072,0.0010622774,0.0,0.0010323974,0.0010133428,0.0010695658,0.0010806101,0.0,0.001062277,0.0010485406,0.0010409922,0.0010516578,0.0010573189,0.0010690001,0.0,0.001062277,0.0,0.0010323968,0.0010133428,0.0010695659,0.0010806082,0.0,0.0010622771,0.0010485407,0.0010409922,0.0010516578,0.0010573189,0.001069,0.0010740317,0.0010622768,0.0010485406,0.0010409922,0.0010516578,0.0010573189,0.0010690003,0.0,0.0,0.0,0.0010323968,0.0010133428,0.0010695659,0.0010918248,0.0010740182,0.001062277,0.0,0.0010323968,0.0010133428,0.0010695659,0.0010806086,0.0010740288,0.001062277,0.0010485406,0.0010695659,0.0,0.0010323968,0.0010133429,0.0,0.001062277,0.0010485406,0.0010409922,0.0010516578,0.0010573189,0.0010690005,0.0,0.0010622768,0.0010485406,0.0010409922,0.0010516578,0.0010573189,0.0010690001,0.0,0.0010622772,0.0010485406,0.0010409922,0.0010516578,0.0010573189,0.0010690001,0.0010740279,0.001062277,0.0010485406,0.0010409922,0.0010516578,0.0010573189,0.0010690002,0.0,0.0,0.0010485406,0.0010323968,0.0010227372,0.0010329197,0.0011086193,0.0,0.0010622768,0.0010485406,0.0010409923,0.0010516578,0.0010573189,0.0010690002,0.0010742154,0.0010622774,0.0010485403,0.0010409922,0.0010516578,0.0010573189,0.001069
k__Bacteria|p__Proteobacteria|c__Gammaproteobacteria|o__Enterobacterales|f__Enterobacteriaceae|g__Enterobacter|s__Enterobacter_oligotrophicus,0.0,0.0010624033,0.0010487302,0.0010412727,0.0010520924,0.0010579054,0.0010696908,0.0,0.0010624035,0.0010487302,0.0010412727,0.0010520924,0.0010579054,0.0010696909,0.0,0.0,0.0010487387,0.0010326596,0.001023088,0.0010334284,0.0011089218,0.0010741056,0.0,0.0010487302,0.0010326533,0.0010230877,0.0010334284,0.0011089222,0.0,0.0,0.0010487302,0.0010326533,0.0010230877,0.0010334284,0.0011089222,0.0010740847,0.0010624034,0.0010487302,0.0010412727,0.0010520924,0.0010579054,0.001069691,0.0,0.0010624037,0.0010487305,0.0010412727,0.0010520924,0.0010579054,0.0010696906,0.0010740848,0.0010624034,0.0010487302,0.0010412727,0.0010520924,0.0010579054,0.0010696909,0.0,0.0010624033,0.0010487303,0.0010412729,0.0010520924,0.0010579054,0.0010696914,0.0,0.0010624035,0.0010487302,0.0010412727,0.0010520924,0.0010579054,0.0010696908,0.0,0.0010624035,0.0,0.0010326533,0.0010136684,0.0010697154,0.0010809028,0.0,0.0010624034,0.0010487302,0.0010412727,0.0010520924,0.0010579054,0.0010696906,0.0,0.0,0.0,0.0010326533,0.0010136684,0.0010697154,0.0010920545,0.0010740904,0.0010624035,0.0,0.0010326533,0.0010136684,0.0010697154,0.001080902,0.0010741245,0.0,0.0,0.0010326534,0.0010136684,0.0010697154,0.0010920542,0.0010740989,0.0,0.0010487302,0.0,0.0010624034,0.0010487302,0.0010697152,0.0010740862,0.0,0.0,0.0010326533,0.0010136684,0.0010697154,0.0010920546,0.0,0.0010624039,0.0,0.0010326533,0.0010136684,0.0010697154,0.0010809028,0.0,0.0,0.0010487308,0.0010624042,0.0,0.0010326533,0.0010624033,0.0010741004,0.0010624033,0.0,0.0010326533,0.0010136684,0.0010697154,0.001080903,0.0,0.0,0.0010487305,0.0010326533,0.0010230877,0.0010334284,0.0011089216,0.0,0.0,0.0010487302,0.0,0.0010624034,0.0010487302,0.0010697154,0.0,0.0010624039,0.0,0.0010624035,0.0,0.0010624034,0.0010487303,0.0,0.0,0.0010487419,0.0010326547,0.0010230875,0.0010334284,0.0011089216,0.0,0.0010624222,0.0010624048,0.0010566515,0.0010677315,0.0,0.0009911718,0.0,0.0010624038,0.0010487306,0.0,0.0010624034,0.0010487305,0.0010412729,0.0010740892,0.0010624034,0.0010487302,0.0,0.0010624034,0.0010487302,0.0010412727,0.0,0.0010624035,0.0010487303,0.0010412727,0.0010520924,0.0010579054,0.0010696909,0.0010740849,0.0010624034,0.0010487302,0.0010412727,0.0010520924,0.0010579054,0.0010696908,0.0010741026,0.0,0.0,0.0010326533,0.0010136684,0.0010697154,0.001092055,0.0010740883,0.0,0.0010487302,0.0010326533,0.0010230877,0.0010334284,0.0011089216,0.0,0.0010624035,0.0,0.0010326533,0.0010136684,0.0010697154,0.0010809029,0.001074092,0.0,0.0010487302,0.0010326533,0.0010230877,0.0010334284,0.0011089188,0.0,0.0010624034,0.0010487302,0.0010412727,0.0010520924,0.0010579054,0.0010696907,0.0010740858,0.0010624034,0.0010487302,0.0010412727,0.0010520924,0.0010579054,0.001069691,0.0,0.0010624035,0.0010487305,0.0010412727,0.0010520924,0.0010579054,0.0010696908,0.0,0.0,0.0010487302,0.0010326533,0.0010230877,0.0010334284,0.0011089221,0.0010740862,0.0010624034,0.0,0.0,0.0010624035,0.0010624035,0.0010566515,0.0010741074,0.0,0.0010487306,0.0,0.0010624035,0.0010487302,0.0010697142,0.0010741442,0.0,0.0010624032,0.0010487305,0.0010412727,0.0,0.0010624033,0.0,0.0010624033,0.0,0.0010326533,0.0010136684,0.0010697155,0.0010809008,0.0010740889,0.0,0.0010487302,0.0010326533,0.0010230875,0.0010334284,0.0011089041,0.001074094,0.0,0.0,0.0010326533,0.0010136684,0.0010697154,0.001092055,0.0,0.0010624035,0.0010487303,0.0010412727,0.0010520924,0.0010579054,0.0010696909,0.0010741163,0.0010624034,0.0010487305,0.0,0.0010624034,0.0010487302,0.0010412734,0.0010740862,0.0,0.0010487305,0.0010326534,0.0010230877,0.0010334284,0.0011089211,0.0010740861,0.0,0.0010487303,0.0010326533,0.0010230875,0.0010334284,0.001108921,0.0,0.0010624034,0.0010624033,0.0010566514,0.0010677314,0.0,0.0009911902,0.0010741074,0.0,0.0010487305,0.0010326533,0.0010230877,0.0010334284,0.0011089222,0.0010740872,0.0,0.0,0.0010326533,0.0010136684,0.0010697154,0.0010920546,0.0010741288,0.0010624032,0.0,0.0010326536,0.0010136686,0.0010697154,0.0010809024,0.0,0.0010624034,0.0010487305,0.0010412727,0.0010520924,0.0010579054,0.0010696907,0.0,0.0010624035,0.0,0.0010326533,0.0010136684,0.0010697154,0.0010809029,0.0,0.0010624032,0.0010487305,0.0010412727,0.0010520924,0.0010579054,0.0010696909,0.0010740885,0.0010624031,0.0010487305,0.0010412729,0.0010520924,0.0010579054,0.0010696907,0.0,0.0,0.0,0.0010326533,0.0010136684,0.0010697154,0.0010920548,0.0010740844,0.0010624034,0.0,0.0010326533,0.0010136684,0.0010697154,0.0010809026,0.0010740901,0.0010624034,0.0010487302,0.0010697154,0.0,0.0010326533,0.0010136685,0.0,0.0010624034,0.0010487302,0.0010412727,0.0010520924,0.0010579054,0.0010696905,0.0,0.0010624034,0.0010487302,0.0010412727,0.0010520924,0.0010579054,0.0010696907,0.0,0.0010624033,0.0010487305,0.0010412727,0.0010520924,0.0010579054,0.0010696901,0.0010740893,0.0010624034,0.0010487302,0.0010412727,0.0010520924,0.0010579054,0.0010696909,0.0,0.0,0.0010487302,0.0010326533,0.0010230877,0.0010334284,0.0011089218,0.0,0.0010624034,0.0010487302,0.0010412727,0.0010520924,0.0010579054,0.0010696908,0.0010741823,0.0010624037,0.0010487305,0.0010412728,0.0010520924,0.0010579054,0.0010696905
k__Bacteria|p__Proteobacteria|c__Epsilonproteobacteria|o__Campylobacterales|f__Campylobacteraceae|g__Campylobacter|s__Campylobacter_ureolyticus,0.0,0.0010607763,0.0010472069,0.001039936,0.0010511365,0.001057314,0.0010693778,0.0,0.0010607765,0.0010472069,0.001039936,0.0010511365,0.001057314,0.0010693776,0.0,0.0,0.0010472173,0.001031249,0.0010218692,0.0010325931,0.0011079068,0.001072388,0.0,0.0010472069,0.0010312415,0.0010218689,0.0010325931,0.0011079061,0.0,0.0,0.0010472069,0.0010312415,0.0010218689,0.0010325931,0.001107906,0.0010723621,0.0010607764,0.0010472069,0.001039936,0.0010511365,0.001057314,0.0010693774,0.0,0.001060777,0.001047207,0.001039936,0.0010511365,0.001057314,0.0010693783,0.0010723622,0.0010607764,0.0010472069,0.001039936,0.0010511365,0.001057314,0.0010693778,0.0,0.0010607766,0.0010472076,0.001039936,0.0010511365,0.001057314,0.0010693783,0.0,0.0010607765,0.0010472069,0.001039936,0.0010511365,0.001057314,0.0010693775,0.0,0.0010607765,0.0,0.0010312415,0.0010123762,0.0010681667,0.0010797307,0.0,0.0010607764,0.0010472069,0.001039936,0.0010511365,0.001057314,0.0010693782,0.0,0.0,0.0,0.0010312415,0.0010123762,0.0010681667,0.0010907843,0.0010723695,0.0010607765,0.0,0.0010312415,0.0010123766,0.0010681667,0.0010797348,0.001072403,0.0,0.0,0.0010312417,0.0010123762,0.0010681667,0.0010907839,0.0010723788,0.0,0.0010472069,0.0,0.0010607764,0.0010472069,0.0010681666,0.0010723638,0.0,0.0,0.0010312415,0.0010123762,0.0010681667,0.0010907826,0.0,0.0010607773,0.0,0.0010312415,0.0010123762,0.0010681667,0.0010797288,0.0,0.0,0.0010472082,0.0010607771,0.0,0.0010312415,0.0010607766,0.0010723778,0.0010607766,0.0,0.0010312414,0.0010123762,0.0010681667,0.001079729,0.0,0.0,0.001047207,0.0010312415,0.0010218689,0.0010325931,0.0011079062,0.0,0.0,0.0010472069,0.0,0.0010607764,0.0010472069,0.0010681666,0.0,0.0010607786,0.0,0.0010607766,0.0,0.0010607764,0.001047207,0.0,0.0,0.0010472181,0.0010312427,0.001021869,0.0010325931,0.0011079067,0.0,0.0010607925,0.0010607784,0.0010552047,0.0010666625,0.0,0.0009900186,0.0,0.0010607776,0.0010472077,0.0,0.0010607766,0.001047207,0.0010399385,0.001072368,0.0010607764,0.0010472069,0.0,0.0010607764,0.0010472069,0.0010399368,0.0,0.0010607765,0.001047207,0.001039936,0.0010511365,0.001057314,0.0010693776,0.0010723622,0.0010607764,0.0010472069,0.001039936,0.0010511365,0.001057314,0.0010693775,0.0010723817,0.0,0.0,0.0010312415,0.0010123762,0.0010681667,0.0010907822,0.0010723637,0.0,0.0010472069,0.0010312415,0.0010218689,0.0010325931,0.0011079062,0.0,0.0010607766,0.0,0.0010312415,0.0010123762,0.0010681667,0.0010797284,0.0010723735,0.0,0.0010472069,0.0010312415,0.0010218689,0.0010325931,0.0011079125,0.0,0.0010607764,0.0010472069,0.001039936,0.0010511365,0.001057314,0.0010693793,0.0010723626,0.0010607764,0.0010472069,0.001039936,0.0010511365,0.001057314,0.0010693774,0.0,0.0010607768,0.001047207,0.001039936,0.0010511365,0.001057314,0.0010693778,0.0,0.0,0.0010472069,0.0010312415,0.0010218689,0.0010325931,0.0011079061,0.0010723638,0.0010607764,0.0,0.0,0.0010607766,0.0010607765,0.0010552054,0.0010723905,0.0,0.001047207,0.0,0.0010607766,0.0010472069,0.0010681706,0.0010724306,0.0,0.0010607766,0.001047207,0.001039936,0.0,0.0010607773,0.0,0.0010607764,0.0,0.0010312415,0.0010123766,0.0010681666,0.001079734,0.0010723668,0.0,0.0010472069,0.0010312415,0.001021869,0.0010325934,0.0011079563,0.0010723752,0.0,0.0,0.0010312415,0.0010123762,0.0010681667,0.0010907822,0.0,0.0010607766,0.001047207,0.001039936,0.0010511365,0.001057314,0.0010693776,0.0010723895,0.0010607765,0.001047207,0.0,0.0010607764,0.0010472069,0.0010399371,0.0010723633,0.0,0.001047207,0.0010312416,0.0010218689,0.0010325931,0.0011079082,0.0010723649,0.0,0.001047207,0.0010312415,0.001021869,0.0010325932,0.0011079075,0.0,0.0010607765,0.0010607765,0.0010552045,0.0010666625,0.0,0.0009900613,0.0010723826,0.0,0.001047207,0.0010312415,0.0010218689,0.0010325931,0.001107906,0.0010723665,0.0,0.0,0.0010312415,0.0010123762,0.0010681667,0.001090784,0.0010724056,0.0010607765,0.0,0.0010312422,0.0010123764,0.0010681667,0.001079736,0.0,0.0010607765,0.001047207,0.001039936,0.0010511365,0.001057314,0.0010693774,0.0,0.0010607773,0.0,0.0010312415,0.0010123762,0.0010681667,0.0010797284,0.0,0.0010607764,0.001047207,0.001039936,0.0010511365,0.001057314,0.0010693778,0.0010723709,0.0010607765,0.001047207,0.0010399361,0.0010511365,0.001057314,0.0010693778,0.0,0.0,0.0,0.0010312415,0.0010123762,0.0010681667,0.0010907828,0.001072362,0.0010607764,0.0,0.0010312415,0.0010123762,0.0010681667,0.0010797294,0.001072371,0.0010607765,0.0010472069,0.0010681667,0.0,0.0010312415,0.0010123769,0.0,0.0010607764,0.0010472069,0.001039936,0.0010511365,0.001057314,0.0010693787,0.0,0.0010607764,0.0010472069,0.001039936,0.0010511365,0.001057314,0.0010693779,0.0,0.0010607766,0.001047207,0.001039936,0.0010511365,0.001057314,0.0010693799,0.001072366,0.0010607764,0.0010472069,0.001039936,0.0010511365,0.001057314,0.001069378,0.0,0.0,0.0010472069,0.0010312415,0.0010218689,0.0010325931,0.0011079065,0.0,0.0010607764,0.0010472069,0.001039936,0.0010511365,0.001057314,0.0010693778,0.0010725128,0.0010607776,0.001047207,0.0010399361,0.0010511365,0.001057314,0.0010693809
k__Bacteria|p__Proteobacteria|c__Gammaproteobacteria|o__Enterobacterales|f__Enterobacteriaceae|g__Kluyvera|s__Kluyvera_cryocrescens,0.0,0.0010625034,0.0010487658,0.0010412114,0.0010518582,0.0010575023,0.0010691684,0.0,0.0010625032,0.0010487658,0.0010412114,0.0010518582,0.0010575023,0.0010691684,0.0,0.0,0.0010487873,0.0010326353,0.0010229558,0.0010331189,0.0011088032,0.0010743109,0.0,0.0010487658,0.0010326208,0.0010229549,0.0010331189,0.0011088025,0.0,0.0,0.0010487658,0.0010326208,0.0010229549,0.0010331189,0.0011088026,0.001074246,0.0010625031,0.0010487658,0.0010412114,0.0010518582,0.0010575023,0.0010691684,0.0,0.0010625038,0.0010487658,0.0010412114,0.0010518582,0.0010575023,0.0010691686,0.0010742461,0.0010625031,0.0010487658,0.0010412114,0.0010518582,0.0010575023,0.0010691684,0.0,0.0010625037,0.0010487664,0.0010412114,0.0010518582,0.0010575023,0.0010691693,0.0,0.0010625032,0.0010487658,0.0010412114,0.0010518582,0.0010575023,0.0010691684,0.0,0.0010625032,0.0,0.0010326208,0.0010135645,0.0010697868,0.0010808108,0.0,0.0010625031,0.0010487658,0.0010412113,0.0010518582,0.0010575023,0.0010691684,0.0,0.0,0.0,0.0010326208,0.0010135645,0.0010697868,0.0010920278,0.0010742627,0.0010625032,0.0,0.0010326208,0.0010135645,0.0010697868,0.0010808156,0.001074361,0.0,0.0,0.0010326209,0.0010135645,0.0010697868,0.0010920269,0.0010742894,0.0,0.0010487658,0.0,0.0010625031,0.0010487658,0.0010697868,0.0010742511,0.0,0.0,0.0010326208,0.0010135645,0.0010697868,0.0010920266,0.0,0.0010625054,0.0,0.0010326208,0.0010135645,0.0010697868,0.00108081,0.0,0.0,0.0010487669,0.0010625048,0.0,0.0010326208,0.0010625033,0.0010742887,0.0010625037,0.0,0.0010326208,0.0010135645,0.0010697868,0.0010808097,0.0,0.0,0.001048766,0.0010326208,0.0010229549,0.0010331189,0.0011088027,0.0,0.0,0.0010487658,0.0,0.0010625031,0.0010487658,0.0010697867,0.0,0.0010625091,0.0,0.0010625033,0.0,0.0010625031,0.001048766,0.0,0.0,0.0010487923,0.0010326256,0.0010229548,0.0010331189,0.0011088033,0.0,0.0010625626,0.0010625101,0.0010566589,0.00106757,0.0,0.0009910011,0.0,0.0010625065,0.0010487671,0.0,0.0010625039,0.0010487658,0.0010412135,0.0010742585,0.0010625031,0.0010487658,0.0,0.0010625031,0.0010487658,0.0010412121,0.053437214,0.0010625037,0.001048766,0.0010412113,0.0010518582,0.0010575023,0.0010691684,0.0010742461,0.0010625031,0.0010487658,0.0010412114,0.0010518582,0.0010575023,0.0010691684,0.0010742901,0.0,0.0,0.0010326208,0.0010135645,0.0010697868,0.0010920266,0.0010742556,0.0,0.0010487658,0.0010326208,0.0010229549,0.0010331189,0.0011088026,0.0,0.0010625033,0.0,0.0010326208,0.0010135645,0.0010697868,0.0010808096,0.0010742743,0.0,0.0010487658,0.0010326208,0.0010229549,0.0010331189,0.0011088061,0.0,0.0010625031,0.0010487658,0.0010412114,0.0010518582,0.0010575023,0.001069169,0.0010742478,0.0010625031,0.0010487658,0.0010412114,0.0010518582,0.0010575023,0.0010691684,0.0,0.001062504,0.0010487658,0.0010412113,0.0010518582,0.0010575023,0.0010691684,0.0,0.0,0.0010487658,0.0010326208,0.0010229549,0.0010331189,0.0011088027,0.0010742511,0.0010625031,0.0,0.0,0.0010625033,0.0010625032,0.0010566585,0.0010743123,0.0,0.0010487662,0.0,0.0010625033,0.0010487658,0.0010697886,0.0010744272,0.0,0.0010625037,0.0010487658,0.0010412113,0.0,0.0010625036,0.0,0.0010625031,0.0,0.0010326208,0.0010135645,0.0010697868,0.0010808134,0.001074256,0.0,0.0010487658,0.0010326208,0.0010229548,0.0010331194,0.0011088287,0.0010742722,0.0,0.0,0.0010326208,0.0010135645,0.0010697868,0.0010920266,0.0,0.0010625033,0.001048766,0.0010412114,0.0010518582,0.0010575023,0.0010691684,0.0010742993,0.0010625036,0.0010487658,0.0,0.0010625034,0.0010487658,0.0010412126,0.0010742504,0.0,0.0010487658,0.0010326209,0.0010229546,0.0010331189,0.0011088031,0.0010742527,0.0,0.001048766,0.0010326208,0.0010229548,0.0010331189,0.0011088033,0.0,0.0010625036,0.0010625036,0.0010566581,0.0010675697,0.0,0.0009910323,0.0010743048,0.0,0.0010487658,0.0010326208,0.0010229549,0.0010331189,0.0011088026,0.0010742552,0.0,0.0,0.0010326208,0.0010135645,0.0010697868,0.0010920274,0.0010743593,0.0010625044,0.0,0.0010326221,0.001013565,0.0010697871,0.0010808137,0.0,0.0010625033,0.0010487658,0.0010412113,0.0010518582,0.0010575023,0.0010691684,0.0,0.0010625052,0.0,0.0010326208,0.0010135645,0.0010697868,0.00108081,0.0,0.0010625036,0.001048766,0.0010412113,0.0010518582,0.0010575023,0.0010691684,0.0010742671,0.0010625036,0.0010487662,0.0010412117,0.0010518582,0.0010575023,0.0010691686,0.0,0.0,0.0,0.0010326208,0.0010135645,0.0010697868,0.0010920267,0.0010742453,0.0010625031,0.0,0.0010326208,0.0010135645,0.0010697868,0.0010808104,0.0010742663,0.0010625033,0.0010487658,0.0010697868,0.0,0.0010326208,0.0010135646,0.0,0.0010625031,0.0010487658,0.0010412113,0.0010518582,0.0010575023,0.0010691688,0.0,0.0010625031,0.0010487658,0.0010412113,0.0010518582,0.0010575023,0.0010691684,0.0,0.0010625042,0.0010487658,0.0010412113,0.0010518582,0.0010575021,0.0010691693,0.0010742618,0.0010625031,0.0010487658,0.0010412113,0.0010518582,0.0010575023,0.0010691688,0.0,0.0,0.0010487658,0.0010326208,0.0010229549,0.0010331189,0.0011088029,0.0,0.0010625031,0.0010487658,0.0010412114,0.0010518582,0.0010575023,0.0010691684,0.0010745795,0.0010625053,0.0010487662,0.0010412113,0.0010518582,0.0010575023,0.0010691697
k__Bacteria|p__Proteobacteria|c__Gammaproteobacteria|o__Xanthomonadales|f__Xanthomonadaceae|g__Stenotrophomonas|s__Stenotrophomonas_maltophilia,0.0,0.0010621836,0.0010486121,0.0010413075,0.0010524024,0.0010584848,0.0010704622,0.0,0.0010621839,0.0010486121,0.0010413075,0.0010524024,0.0010584848,0.0010704618,0.0,0.0,0.0010486405,0.001032661,0.001023236,0.0010338566,0.0011090602,0.0010738312,0.0,0.0010486121,0.0010326419,0.0010232348,0.0010338566,0.0011090579,0.0,0.0,0.0010486121,0.0010326419,0.0010232348,0.0010338566,0.0011090579,0.0010737705,0.0010621838,0.0010486121,0.0010413075,0.0010524024,0.0010584848,0.0010704615,0.0,0.0010621848,0.0010486122,0.0010413075,0.0010524024,0.0010584848,0.0010704634,0.0010737706,0.0010621838,0.0010486121,0.0010413075,0.0010524024,0.0010584848,0.0010704618,0.0,0.0010621842,0.0010486135,0.0010413075,0.0010524024,0.0010584848,0.0010704633,0.0,0.0010621839,0.0010486121,0.0010413075,0.0010524024,0.0010584848,0.0010704616,0.0,0.0010621839,0.0,0.0010326419,0.001013769,0.0010695423,0.0010809973,0.0,0.0010621838,0.0010486121,0.0010413075,0.0010524024,0.0010584848,0.0010704633,0.0,0.0,0.0,0.0010326419,0.001013769,0.0010695423,0.0010920485,0.0010737868,0.0010621839,0.0,0.0010326419,0.001013769,0.0010695423,0.0010810123,0.0010738937,0.0,0.0,0.0010326421,0.001013769,0.0010695423,0.0010920472,0.0010738127,0.0,0.0010486121,0.0,0.0010621838,0.0010486121,0.0010695424,0.0010737765,0.0,0.0,0.0010326419,0.001013769,0.001069542,0.0010920436,0.0,0.0010621867,0.0,0.0010326419,0.001013769,0.001069542,0.0010809941,0.0,0.0,0.0010486142,0.0010621857,0.0,0.0010326419,0.0010621842,0.0010738147,0.0010621842,0.0,0.0010326417,0.001013769,0.001069542,0.0010809929,0.0,0.0,0.0010486123,0.0010326419,0.0010232348,0.0010338566,0.001109059,0.0,0.0,0.0010486121,0.0014112678,0.0010621838,0.0010486121,0.0010695425,0.0,0.0010621924,0.0,0.001062184,0.0,0.0010621838,0.0010486122,0.0,0.0,0.0010486416,0.0010326471,0.0010232347,0.0010338566,0.0011090599,0.0,0.0010622578,0.0010621924,0.0010565802,0.0010679287,0.0,0.0009914142,0.0,0.0010621885,0.001048614,0.0,0.0010621845,0.0010486122,0.0010413139,0.0010737818,0.0010621838,0.0010486121,0.0,0.0010621838,0.0010486121,0.00104131,0.0,0.0010621839,0.0010486122,0.0010413075,0.0010524024,0.0010584848,0.0010704619,0.0010737703,0.0010621838,0.0010486121,0.0010413075,0.0010524024,0.0010584848,0.0010704618,0.0010738187,0.0,0.0,0.0010326419,0.001013769,0.001069542,0.0010920432,0.0010737795,0.0,0.0010486121,0.0010326419,0.0010232348,0.0010338566,0.0011090589,0.0,0.001062184,0.0,0.0010326419,0.001013769,0.001069542,0.0010809927,0.0010738024,0.0,0.0010486121,0.0010326419,0.0010232348,0.0010338566,0.0011090785,0.0017323858,0.0010621838,0.0010486121,0.0010413075,0.0010524024,0.0010584848,0.001070466,0.0010737714,0.0010621838,0.0010486121,0.0010413075,0.0010524024,0.0010584848,0.0010704615,0.0,0.0010621846,0.0010486122,0.0010413075,0.0010524024,0.0010584848,0.0010704622,0.0,0.0,0.0010486121,0.0010326419,0.0010232348,0.0010338566,0.001109058,0.0010737745,0.0010621838,0.0,0.0,0.001062184,0.0010621839,0.0010565807,0.001073837,0.0,0.0010486128,0.0,0.001062184,0.0010486121,0.0010695509,0.0010739638,0.0,0.0010621842,0.0010486122,0.0010413075,0.0,0.0010621857,0.0,0.0010621838,0.0,0.0010326419,0.001013769,0.0010695423,0.0010810086,0.0010737808,0.0,0.0010486121,0.0010326419,0.0010232347,0.0010338577,0.0011092094,0.0010738015,0.0,0.0,0.0010326419,0.001013769,0.001069542,0.001092043,0.0,0.001062184,0.0010486122,0.0010413075,0.0010524024,0.0010584848,0.0010704618,0.0010737834,0.0010621839,0.0010486122,0.0,0.0010621838,0.0010486121,0.0010413097,0.0010737748,0.0,0.0010486122,0.0010326421,0.0010232348,0.0010338566,0.0011090641,0.001073778,0.0,0.0010486122,0.001032642,0.0010232347,0.0010338566,0.0011090637,0.0,0.0010621839,0.001062184,0.0010565793,0.0010679289,0.0,0.0009914885,0.0010738279,0.0,0.0010486122,0.0010326419,0.0010232348,0.0010338566,0.0011090579,0.0010737807,0.0,0.0,0.0010326419,0.001013769,0.0010695423,0.0010920473,0.0010738797,0.0010621855,0.0,0.0010326436,0.0010137695,0.0010695424,0.001081011,0.0,0.0010621839,0.0010486122,0.0010413075,0.0010524024,0.0010584848,0.0010704615,0.0,0.0010621863,0.0,0.0010326419,0.001013769,0.001069542,0.0010809929,0.0,0.001062184,0.0010486123,0.0010413075,0.0010524024,0.0010584848,0.0010704619,0.0010737997,0.0010621841,0.0010486124,0.0010413079,0.0010524024,0.0010584848,0.0010704627,0.0,0.0,0.0,0.0010326419,0.001013769,0.001069542,0.0010920443,0.0010737699,0.0010621838,0.0,0.0010326419,0.001013769,0.001069542,0.0010809954,0.0010737947,0.0010621839,0.0010486121,0.001069542,0.0,0.0010326419,0.0010137691,0.0,0.0010621838,0.0010486121,0.0010413075,0.0010524024,0.0010584848,0.0010704644,0.0,0.0010621838,0.0010486121,0.0010413075,0.0010524024,0.0010584848,0.0010704625,0.0,0.001062185,0.0010486122,0.0010413075,0.0010524024,0.0010584848,0.0010704675,0.0010737863,0.0010621838,0.0010486121,0.0010413075,0.0010524024,0.0010584848,0.0010704629,0.0,0.0,0.0010486121,0.0010326419,0.0010232348,0.0010338566,0.001109059,0.0,0.0010621838,0.0010486121,0.0010413075,0.0010524024,0.0010584848,0.0010704616,0.0010741369,0.0010621871,0.0010486124,0.0010413075,0.0010524024,0.0010584848,0.0010704694
k__Bacteria|p__Proteobacteria|c__CFGB2397|o__OFGB2397|f__FGB2397|g__GGB36599|s__GGB36599_SGB9269,0.0,0.0010579092,0.001044273,0.0010369647,0.0010481953,0.0010543859,0.0010664995,0.0,0.0010579095,0.001044273,0.0010369647,0.0010481953,0.0010543859,0.0010664993,0.0,0.0,0.0010442991,0.0010282596,0.0010188317,0.0010295741,0.0011053348,0.0010695872,0.0,0.001044273,0.0010282418,0.0010188308,0.0010295738,0.0011053344,0.0,0.0,0.001044273,0.0010282418,0.0010188308,0.0010295738,0.0011053341,0.0010695615,0.0010579093,0.001044273,0.0010369647,0.0010481953,0.0010543859,0.0010664995,0.0,0.0010579103,0.0010442731,0.0010369647,0.0010481953,0.0010543859,0.0010665,0.0010695617,0.0010579093,0.001044273,0.0010369647,0.0010481953,0.0010543859,0.0010664995,0.0,0.0010579096,0.0010442737,0.001036965,0.0010481953,0.0010543859,0.0010665001,0.0,0.0010579095,0.001044273,0.0010369647,0.0010481953,0.0010543859,0.0010664996,0.0,0.0010579095,0.0,0.0010282418,0.001009314,0.001065335,0.0010769505,0.0,0.0010579093,0.001044273,0.0010369649,0.0010481953,0.0010543859,0.0010664999,0.0,0.0,0.0,0.0010282418,0.001009314,0.001065335,0.0010880844,0.0010695683,0.0010579095,0.0,0.0010282418,0.001009314,0.001065335,0.0010769569,0.0010696242,0.0,0.0,0.0010282419,0.001009314,0.001065335,0.0010880831,0.0010695838,0.0,0.001044273,0.0,0.0010579093,0.001044273,0.0010653349,0.0010695646,0.0,0.0,0.0010282418,0.001009314,0.001065335,0.0010880819,0.0,0.0010579115,0.0,0.0010282418,0.001009314,0.001065335,0.0010769488,0.0,0.0,0.0010442748,0.0010579112,0.0,0.0010282418,0.0010579095,0.0010695918,0.0010579096,0.0,0.0010282418,0.001009314,0.001065335,0.0010769488,0.0,0.0,0.0010442733,0.0010282418,0.0010188308,0.0010295738,0.0011053346,0.0,0.0,0.001044273,0.0,0.0010579093,0.001044273,0.0010653349,0.0,0.0010579159,0.0,0.0010579095,0.0,0.0010579093,0.001044273,0.0,0.0,0.0010443028,0.0010282467,0.0010188307,0.0010295738,0.0011053348,0.0,0.0010579843,0.001057917,0.0010523039,0.001063802,0.0,0.0009868995,0.0,0.001057913,0.0010442747,0.0,0.0010579097,0.0010442733,0.0010369683,0.0010695684,0.0010579093,0.001044273,0.0,0.0010579093,0.001044273,0.0010369656,0.0,0.0010579095,0.001044273,0.0010369647,0.0010481953,0.0010543859,0.0010664996,0.0010695612,0.0010579093,0.001044273,0.0010369647,0.0010481953,0.0010543859,0.0010664996,0.0010695858,0.0,0.0,0.0010282418,0.001009314,0.001065335,0.0010880817,0.0010695682,0.0,0.001044273,0.0010282418,0.0010188308,0.0010295738,0.0011053344,0.0,0.0010579095,0.0,0.0010282418,0.001009314,0.001065335,0.0010769487,0.0010695773,0.0,0.001044273,0.0010282418,0.0010188308,0.0010295738,0.0011053435,0.0,0.0010579093,0.001044273,0.0010369647,0.0010481953,0.0010543859,0.0010665006,0.0010695617,0.0010579093,0.001044273,0.0010369647,0.0010481953,0.0010543859,0.0010664995,0.0,0.0010579102,0.0010442733,0.0010369649,0.0010481953,0.0010543859,0.0010664995,0.0,0.0,0.001044273,0.0010282418,0.0010188308,0.0010295738,0.0011053345,0.0010695629,0.0010579093,0.0,0.0,0.0010579095,0.0010579095,0.0010523032,0.0010695888,0.0,0.0010442735,0.0,0.0010579095,0.0010442731,0.0010653397,0.0010696605,0.0,0.0010579095,0.0010442733,0.0010369649,0.0,0.0010579099,0.0,0.0010579092,0.0,0.0010282418,0.001009314,0.0010653349,0.0010769541,0.0010695667,0.0,0.001044273,0.0010282418,0.0010188307,0.0010295743,0.0011054146,0.0010695793,0.0,0.0,0.0010282418,0.001009314,0.001065335,0.0010880817,0.0,0.0010579095,0.001044273,0.0010369647,0.0010481953,0.0010543859,0.0010664996,0.0010695482,0.0010579093,0.0010442733,0.0,0.0010579092,0.001044273,0.0010369663,0.0010695636,0.0,0.0010442733,0.0010282423,0.0010188308,0.0010295738,0.0011053362,0.001069565,0.0,0.001044273,0.0010282418,0.0010188307,0.001029574,0.0011053358,0.0,0.0010579093,0.0010579096,0.001052303,0.0010638022,0.0,0.0009869451,0.001069593,0.0,0.0010442733,0.0010282418,0.0010188308,0.0010295738,0.0011053341,0.0010695665,0.0,0.0,0.0010282418,0.001009314,0.001065335,0.0010880833,0.0010696106,0.0010579106,0.0,0.0010282436,0.0010093147,0.0010653349,0.0010769572,0.0,0.0010579093,0.0010442733,0.0010369647,0.0010481953,0.0010543859,0.0010664995,0.0,0.0010579114,0.0,0.0010282418,0.001009314,0.001065335,0.0010769487,0.0,0.0010579096,0.0010442733,0.0010369647,0.0010481953,0.0010543859,0.0010664995,0.0010695744,0.0010579096,0.0010442731,0.0010369653,0.0010481953,0.0010543859,0.0010664997,0.0,0.0,0.0,0.0010282418,0.001009314,0.001065335,0.001088082,0.0010695611,0.0010579093,0.0,0.0010282418,0.001009314,0.001065335,0.0010769493,0.001069572,0.0010579093,0.001044273,0.001065335,0.0,0.0010282418,0.0010093141,0.0,0.0010579093,0.001044273,0.0010369649,0.0010481953,0.0010543859,0.0010664997,0.0,0.0010579093,0.001044273,0.0010369649,0.0010481953,0.0010543859,0.0010664996,0.0,0.0010579103,0.0010442733,0.0010369647,0.0010481953,0.0010543859,0.0010665009,0.0010695718,0.0010579093,0.001044273,0.0010369649,0.0010481953,0.0010543859,0.0010664997,0.0,0.0,0.001044273,0.0010282418,0.0010188308,0.0010295738,0.0011053346,0.0,0.0010579093,0.001044273,0.0010369647,0.0010481953,0.0010543859,0.0010664996,0.0010697348,0.0010579121,0.0010442731,0.001036965,0.0010481953,0.0010543859,0.0010665017
k__Bacteria|p__Proteobacteria|c__Gammaproteobacteria|o__Moraxellales|f__Moraxellaceae|g__GGB72452|s__GGB72452_SGB4052,0.0,0.0010587566,0.0010450433,0.0010376043,0.0010485773,0.0010545199,0.0010664483,0.0,0.0010587567,0.0010450433,0.0010376043,0.0010485773,0.0010545199,0.0010664482,0.0,0.0,0.0010450638,0.0010289437,0.001019384,0.001029866,0.001105793,0.0010705206,0.0,0.0010450435,0.0010289297,0.0010193832,0.001029866,0.0011057918,0.0,0.0,0.0010450435,0.0010289297,0.001019383,0.001029866,0.0011057918,0.0010704804,0.0010587566,0.0010450433,0.0010376043,0.0010485773,0.0010545199,0.001066448,0.0,0.0010587577,0.0010450437,0.0010376043,0.0010485773,0.0010545199,0.0010664494,0.0010704806,0.0010587566,0.0010450433,0.0010376043,0.0010485773,0.0010545199,0.0010664483,0.0,0.001058757,0.0010450444,0.0010376044,0.0010485773,0.0010545199,0.001066449,0.0,0.0010587567,0.0010450433,0.0010376043,0.0010485773,0.0010545199,0.0010664482,0.0,0.0010587567,0.0,0.0010289297,0.0010099143,0.0010661323,0.0010774983,0.0,0.0010587566,0.0010450433,0.0010376043,0.0010485773,0.0010545199,0.0010664492,0.0,0.0,0.0,0.0010289297,0.0010099143,0.0010661323,0.0010887058,0.0010704906,0.0010587567,0.0,0.0010289297,0.0010099143,0.0010661323,0.0010775075,0.0010705616,0.0,0.0,0.0010289298,0.0010099143,0.0010661323,0.0010887049,0.001070509,0.0,0.0010450433,0.0,0.0010587566,0.0010450433,0.0010661321,0.0010704838,0.0,0.0,0.0010289297,0.0010099143,0.0010661323,0.0010887027,0.0,0.0010587587,0.0,0.0010289297,0.0010099143,0.0010661323,0.0010774961,0.0,0.0,0.001045045,0.0010587578,0.0,0.0010289297,0.001058757,0.0010705087,0.001058757,0.0,0.0010289298,0.0010099143,0.0010661323,0.0010774954,0.0,0.0,0.0010450436,0.0010289297,0.001019383,0.001029866,0.0011057925,0.0,0.0,0.0010450435,0.0,0.0010587566,0.0010450433,0.0010661322,0.0,0.0010587628,0.0,0.0010587568,0.0,0.0010587566,0.0010450436,0.0,0.0,0.0010450643,0.0010289333,0.0010193833,0.001029866,0.001105793,0.0,0.0010588095,0.0010587625,0.0010530244,0.0010642689,0.0,0.000987412,0.0,0.0010587601,0.001045045,0.0,0.0010587571,0.0010450437,0.0010376085,0.0010704879,0.0010587566,0.0010450433,0.0,0.0010587566,0.0010450433,0.0010376059,0.0,0.0010587568,0.0010450436,0.0010376043,0.0010485773,0.0010545199,0.0010664482,0.0010704804,0.0010587566,0.0010450433,0.0010376043,0.0010485773,0.0010545199,0.0010664482,0.0010705112,0.0,0.0,0.0010289297,0.0010099143,0.0010661323,0.0010887027,0.0010704855,0.0,0.0010450433,0.0010289297,0.001019383,0.001029866,0.0011057926,0.0,0.0010587568,0.0,0.0010289297,0.0010099143,0.0010661323,0.001077495,0.001070501,0.0,0.0010450435,0.0010289297,0.001019383,0.0010298662,0.001105805,0.0,0.0010587566,0.0010450433,0.0010376043,0.0010485773,0.0010545199,0.001066451,0.001070481,0.0010587566,0.0010450433,0.0010376043,0.0010485773,0.0010545199,0.001066448,0.0,0.0010587574,0.0010450437,0.0010376043,0.0010485773,0.0010545199,0.0010664485,0.0,0.0,0.0010450435,0.0010289297,0.001019383,0.001029866,0.0011057921,0.001070483,0.0010587566,0.0,0.0,0.0010587568,0.0010587567,0.0010530247,0.0010705229,0.0,0.0010450438,0.0,0.0010587568,0.0010450435,0.0010661387,0.0010706157,0.0,0.0010587568,0.0010450437,0.0010376043,0.0,0.0010587578,0.0,0.0010587566,0.0,0.0010289297,0.0010099143,0.0010661321,0.0010775047,0.0010704868,0.0,0.0010450435,0.0010289297,0.0010193833,0.0010298667,0.001105888,0.0010705019,0.0,0.0,0.0010289297,0.0010099143,0.0010661323,0.0010887025,0.0,0.0010587568,0.0010450436,0.0010376043,0.0010485773,0.0010545199,0.0010664482,0.0010704878,0.0010587567,0.0010450433,0.0,0.0010587566,0.0010450435,0.0010376056,0.0010704828,0.0,0.0010450437,0.0010289301,0.0010193832,0.001029866,0.0011057956,0.0010704851,0.0,0.0010450436,0.0010289297,0.0010193833,0.0010298664,0.0011057949,0.0,0.0010587567,0.0010587567,0.0010530241,0.001064269,0.0,0.0009874668,0.0010705179,0.0,0.0010450433,0.0010289297,0.001019383,0.001029866,0.0011057918,0.0010704868,0.0,0.0,0.0010289297,0.0010099143,0.0010661323,0.001088705,0.0010705488,0.0010587578,0.0,0.0010289311,0.0010099146,0.0010661322,0.0010775073,0.0,0.0010587567,0.0010450437,0.0010376043,0.0010485773,0.0010545199,0.001066448,0.0,0.0010587584,0.0,0.0010289297,0.0010099143,0.0010661323,0.001077495,0.0,0.0010587567,0.0010450436,0.0010376043,0.0010485773,0.0010545199,0.0010664483,0.0010704987,0.001058757,0.0010450437,0.0010376045,0.0010485773,0.0010545199,0.0010664489,0.0,0.0,0.0,0.0010289297,0.0010099143,0.0010661323,0.0010887033,0.00107048,0.0010587566,0.0,0.0010289297,0.0010099143,0.0010661323,0.0010774967,0.0010704964,0.0010587567,0.0010450435,0.0010661323,0.0,0.0010289297,0.0010099144,0.0,0.0010587566,0.0010450433,0.0010376043,0.0010485773,0.0010545199,0.0010664497,0.0,0.0010587566,0.0010450435,0.0010376043,0.0010485773,0.0010545199,0.0010664485,0.0,0.0010587574,0.0010450437,0.0010376043,0.0010485773,0.0010545199,0.0010664517,0.00107049,0.0010587566,0.0010450435,0.0010376043,0.0010485773,0.0010545199,0.0010664486,0.0,0.0,0.0010450433,0.0010289297,0.001019383,0.001029866,0.0011057926,0.0,0.0010587566,0.0010450433,0.0010376043,0.0010485773,0.0010545199,0.0010664482,0.001070756,0.0010587589,0.0010450437,0.0010376042,0.0010485773,0.0010545199,0.0010664529
k__Bacteria|p__Proteobacteria|c__Gammaproteobacteria|o__Aeromonadales|f__Succinivibrionaceae|g__GGB2732|s__GGB2732_SGB58358,0.0,0.0010609269,0.0010473325,0.0010400218,0.0010511478,0.0010572532,0.0010692644,0.0,0.0010609268,0.0010473325,0.0010400218,0.0010511478,0.0010572532,0.001069264,0.0,0.0,0.0010473534,0.0010313554,0.0010219277,0.0010325756,0.0011079528,0.0010725555,0.0,0.0010473325,0.0010313407,0.0010219272,0.0010325756,0.0011079523,0.0,0.0,0.0010473325,0.0010313407,0.0010219272,0.0010325756,0.0011079523,0.0010725358,0.0010609267,0.0010473325,0.0010400218,0.0010511478,0.0010572532,0.0010692641,0.0,0.0010609276,0.0010473327,0.0010400218,0.0010511478,0.0010572532,0.0010692641,0.0010725358,0.0010609267,0.0010473325,0.0010400218,0.0010511478,0.0010572532,0.0010692644,0.0,0.001060927,0.0010473332,0.0010400221,0.0010511478,0.0010572532,0.0010692648,0.0,0.0010609268,0.0010473325,0.0010400218,0.0010511478,0.0010572532,0.001069264,0.0,0.0010609268,0.0,0.0010313407,0.0010124478,0.0010683037,0.0010797952,0.0,0.0010609267,0.0010473325,0.0010400218,0.0010511478,0.0010572532,0.0010692645,0.0,0.0,0.0,0.0010313407,0.0010124478,0.0010683037,0.0010908735,0.0010725402,0.0010609268,0.0,0.0010313407,0.0010124478,0.0010683037,0.001079801,0.0010725751,0.0,0.0,0.0010313407,0.0010124478,0.0010683034,0.0010908726,0.0010725483,0.0,0.0010473325,0.0,0.0010609267,0.0010473325,0.0010683034,0.0010725375,0.0,0.0,0.0010313407,0.0010124478,0.0010683034,0.001090872,0.0,0.0010609287,0.0,0.0010313407,0.0010124478,0.0010683034,0.0010797937,0.0,0.0,0.001047334,0.0010609286,0.0,0.0010313407,0.0010609268,0.0010725579,0.001060927,0.0,0.0010313406,0.0010124478,0.0010683034,0.0010797937,0.0,0.0,0.0010473327,0.0010313407,0.0010219272,0.0010325756,0.0011079524,0.0,0.0,0.0010473325,0.0,0.0010609267,0.0010473325,0.0010683034,0.0,0.0010609318,0.0,0.0010609269,0.0,0.0010609267,0.0010473327,0.0,0.0,0.00104736,0.0010313442,0.0010219273,0.0010325756,0.0011079529,0.0,0.0010609789,0.0010609328,0.0010553175,0.0010667017,0.0,0.0009900612,0.0,0.0010609296,0.0010473337,0.0,0.0010609272,0.0010473327,0.0010400243,0.0010725403,0.0010609267,0.0010473325,0.0,0.0010609267,0.0010473325,0.0010400225,0.0,0.0010609272,0.0010473327,0.0010400218,0.0010511478,0.0010572532,0.0010692643,0.0010725354,0.0010609267,0.0010473325,0.0010400218,0.0010511478,0.0010572532,0.001069264,0.0010725548,0.0,0.0,0.0010313407,0.0010124478,0.0010683034,0.0010908719,0.0010725402,0.0,0.0010473325,0.0010313407,0.0010219272,0.0010325756,0.0011079522,0.0,0.0010609269,0.0,0.0010313407,0.0010124478,0.0010683034,0.0010797937,0.0010725448,0.0,0.0010473325,0.0010313407,0.0010219272,0.0010325756,0.0011079579,0.0,0.0010609267,0.0010473325,0.0010400218,0.0010511478,0.0010572532,0.0010692653,0.001072536,0.0010609267,0.0010473325,0.0010400218,0.0010511478,0.0010572532,0.0010692641,0.0,0.0010609275,0.0010473327,0.0010400218,0.0010511478,0.0010572532,0.0010692644,0.0,0.0,0.0010473325,0.0010313407,0.0010219272,0.0010325756,0.0011079523,0.001072536,0.0010609267,0.0,0.0,0.0010609269,0.0010609268,0.0010553172,0.0010725545,0.0,0.001047333,0.0,0.0010609269,0.0010473325,0.0010683056,0.0010725935,0.0,0.001060927,0.0010473327,0.0010400218,0.0,0.0010609273,0.0,0.0010609267,0.0,0.0010313407,0.0010124478,0.0010683036,0.0010797974,0.0010725401,0.0,0.0010473325,0.0010313407,0.0010219273,0.001032576,0.0011079974,0.00107255,0.0,0.0,0.0010313407,0.0010124478,0.0010683034,0.001090872,0.0,0.0010609269,0.0010473327,0.0010400218,0.0010511478,0.0010572532,0.001069264,0.0010725256,0.001060927,0.0010473327,0.0,0.0010609269,0.0010473325,0.0010400232,0.0010725369,0.0,0.0010473327,0.0010313407,0.0010219272,0.0010325756,0.0011079538,0.001072538,0.0,0.0010473327,0.0010313407,0.0010219273,0.0010325757,0.0011079537,0.0,0.001060927,0.001060927,0.0010553168,0.0010667017,0.0,0.0009901066,0.001072555,0.0,0.0010473327,0.0010313407,0.0010219272,0.0010325756,0.0011079523,0.0010725382,0.0,0.0,0.0010313407,0.0010124478,0.0010683037,0.0010908733,0.001072578,0.0010609279,0.0,0.0010313417,0.0010124482,0.0010683037,0.0010798001,0.0,0.0010609267,0.0010473327,0.0010400218,0.0010511478,0.0010572532,0.0010692641,0.0,0.0010609283,0.0,0.0010313407,0.0010124478,0.0010683034,0.0010797937,0.0,0.001060927,0.0010473327,0.0010400218,0.0010511478,0.0010572532,0.0010692644,0.001072544,0.0010609269,0.0010473327,0.0010400221,0.0010511478,0.0010572532,0.0010692644,0.0,0.0,0.0,0.0010313407,0.0010124478,0.0010683034,0.001090872,0.0010725353,0.0010609267,0.0,0.0010313407,0.0010124478,0.0010683034,0.0010797944,0.0010725437,0.001060927,0.0010473325,0.0010683034,0.0,0.0010313407,0.0010124479,0.0,0.0010609267,0.0010473325,0.0010400218,0.0010511478,0.0010572532,0.0010692647,0.0,0.0010609267,0.0010473325,0.0010400218,0.0010511478,0.0010572532,0.0010692644,0.0,0.0010609275,0.0010473327,0.0010400218,0.0010511478,0.0010572532,0.0010692657,0.0010725418,0.0010609267,0.0010473325,0.0010400218,0.0010511478,0.0010572532,0.0010692645,0.0,0.0,0.0010473325,0.0010313407,0.0010219272,0.0010325756,0.0011079524,0.0,0.0010609267,0.0010473325,0.0010400218,0.0010511478,0.0010572532,0.0010692643,0.0010726429,0.0010609285,0.0010473327,0.0010400218,0.0010511478,0.0010572532,0.0010692667
k__Bacteria|p__Proteobacteria|c__Gammaproteobacteria|o__Enterobacterales|f__Enterobacteriaceae|g__GGB1354|s__GGB1354_SGB1818,0.0,0.001060046,0.0010464914,0.0010392577,0.0010505479,0.0010568093,0.0010689419,0.0,0.0010600461,0.0010464914,0.0010392577,0.0010505479,0.0010568093,0.0010689418,0.0,0.0,0.0010465052,0.0010305526,0.0010212092,0.001032022,0.0011073507,0.0010716378,0.0,0.0010464914,0.0010305428,0.0010212088,0.001032022,0.0011073507,0.0,0.0,0.0010464914,0.0010305428,0.0010212088,0.001032022,0.0011073507,0.0010716184,0.001060046,0.0010464914,0.0010392577,0.0010505479,0.0010568093,0.0010689417,0.0,0.0010600464,0.0010464914,0.0010392577,0.0010505479,0.0010568093,0.001068942,0.0010716186,0.001060046,0.0010464914,0.0010392577,0.0010505479,0.0010568093,0.0010689418,0.0,0.0010600463,0.0010464918,0.001039258,0.0010505479,0.0010568093,0.0010689421,0.0,0.0010600461,0.0010464914,0.0010392577,0.0010505479,0.0010568093,0.0010689418,0.0,0.0010600461,0.0,0.0010305428,0.0010116969,0.0010674584,0.0010791114,0.0,0.001060046,0.0010464914,0.0010392577,0.0010505479,0.0010568093,0.0010689418,0.0,0.0,0.0,0.0010305428,0.0010116969,0.0010674584,0.0010901529,0.0010716222,0.0010600461,0.0,0.0010305428,0.0010116969,0.0010674584,0.001079113,0.0010716537,0.0,0.0,0.0010305429,0.0010116969,0.0010674584,0.0010901528,0.0010716323,0.0,0.0010464914,0.0,0.001060046,0.0010464914,0.0010674582,0.0010716197,0.0,0.0,0.0010305428,0.0010116969,0.0010674584,0.001090153,0.0,0.0010600471,0.0,0.0010305428,0.0010116969,0.0010674584,0.001079111,0.0,0.0,0.0010464923,0.0010600468,0.0,0.0010305428,0.0010600463,0.001071636,0.0010600463,0.0,0.0010305427,0.0010116969,0.0010674584,0.0010791111,0.0,0.0,0.0010464916,0.0010305428,0.0010212088,0.001032022,0.0011073508,0.0,0.0,0.0010464914,0.0,0.001060046,0.0010464914,0.0010674581,0.0,0.0010600494,0.0,0.0010600461,0.0,0.001060046,0.0010464914,0.0,0.0,0.0010465081,0.0010305453,0.0010212088,0.001032022,0.0011073508,0.0,0.001060081,0.0010600496,0.0010545108,0.0010660588,0.0,0.0009893527,0.0,0.0010600474,0.0010464921,0.0,0.0010600463,0.0010464916,0.0010392593,0.001071623,0.001060046,0.0010464914,0.0,0.001060046,0.0010464914,0.0010392582,0.0,0.0010600463,0.0010464914,0.0010392577,0.0010505479,0.0010568093,0.0010689418,0.0010716184,0.001060046,0.0010464914,0.0010392577,0.0010505479,0.0010568093,0.0010689418,0.0010716292,0.0,0.0,0.0010305428,0.0010116969,0.0010674584,0.0010901529,0.0010716212,0.0,0.0010464914,0.0010305428,0.0010212088,0.001032022,0.0011073507,0.0,0.0010600461,0.0,0.0010305428,0.0010116969,0.0010674584,0.0010791111,0.0010716269,0.0,0.0010464914,0.0010305428,0.0010212088,0.001032022,0.0011073522,0.0,0.001060046,0.0010464914,0.0010392577,0.0010505479,0.0010568093,0.0010689419,0.001071619,0.001060046,0.0010464914,0.0010392577,0.0010505479,0.0010568093,0.0010689417,0.0,0.0010600464,0.0010464916,0.0010392577,0.0010505479,0.0010568093,0.0010689419,0.0,0.0,0.0010464914,0.0010305428,0.0010212088,0.001032022,0.0011073508,0.0010716196,0.001060046,0.0,0.0,0.0010600461,0.0010600461,0.0010545105,0.0010716388,0.0,0.0010464918,0.0,0.0010600461,0.0010464914,0.0010674596,0.0010716809,0.0,0.0010600463,0.0010464916,0.0010392577,0.0,0.0010600461,0.0,0.0010600459,0.0,0.0010305428,0.0010116969,0.0010674583,0.0010791122,0.0010716218,0.0,0.0010464914,0.0010305428,0.0010212088,0.0010320221,0.0011073622,0.0010716295,0.0,0.0,0.0010305428,0.0010116969,0.0010674584,0.0010901528,0.0,0.0010600461,0.0010464914,0.0010392577,0.0010505479,0.0010568093,0.0010689418,0.0010716325,0.0010600461,0.0010464916,0.0,0.0010600461,0.0010464914,0.0010392586,0.0010716191,0.0,0.0010464916,0.0010305429,0.0010212088,0.001032022,0.0011073505,0.0010716202,0.0,0.0010464914,0.0010305428,0.0010212088,0.001032022,0.0011073502,0.0,0.0010600461,0.0010600463,0.0010545105,0.0010660586,0.0,0.0009893784,0.0010716338,0.0,0.0010464916,0.0010305428,0.0010212088,0.001032022,0.0011073507,0.0010716212,0.0,0.0,0.0010305428,0.0010116969,0.0010674584,0.001090153,0.0010716519,0.0010600465,0.0,0.0010305434,0.0010116969,0.0010674583,0.0010791122,0.0,0.0010600461,0.0010464916,0.0010392577,0.0010505479,0.0010568093,0.0010689417,0.0,0.0010600472,0.0,0.0010305428,0.0010116969,0.0010674584,0.0010791111,0.0,0.0010600463,0.0010464916,0.0010392577,0.0010505479,0.0010568093,0.0010689419,0.0010716233,0.0010600461,0.0010464914,0.001039258,0.0010505479,0.0010568093,0.0010689418,0.0,0.0,0.0,0.0010305428,0.0010116969,0.0010674584,0.0010901528,0.0010716182,0.001060046,0.0,0.0010305428,0.0010116969,0.0010674584,0.0010791112,0.0010716241,0.0010600461,0.0010464914,0.0010674584,0.0,0.0010305428,0.0010116969,0.0,0.001060046,0.0010464914,0.0010392577,0.0010505479,0.0010568093,0.001068942,0.0,0.001060046,0.0010464914,0.0010392577,0.0010505479,0.0010568093,0.0010689419,0.0,0.0010600464,0.0010464916,0.0010392577,0.0010505479,0.0010568093,0.001068942,0.0010716227,0.001060046,0.0010464914,0.0010392577,0.0010505479,0.0010568093,0.0010689419,0.0,0.0,0.0010464914,0.0010305428,0.0010212088,0.001032022,0.0011073509,0.0,0.001060046,0.0010464914,0.0010392577,0.0010505479,0.0010568093,0.0010689418,0.0010717682,0.0010600472,0.0010464914,0.0010392579,0.0010505479,0.0010568093,0.0010689421
k__Bacteria|p__Proteobacteria|c__Gammaproteobacteria|o__Enterobacterales|f__Enterobacteriaceae|g__GGB1379|s__GGB1379_SGB48439,0.0,0.001061241,0.0010477187,0.0010405071,0.0010517959,0.0010580632,0.001070183,0.0,0.0010612409,0.0010477187,0.0010405071,0.0010517959,0.0010580632,0.0010701829,0.0,0.0,0.0010477318,0.0010318109,0.0010224917,0.001033308,0.0011084365,0.0010728304,0.0,0.0010477187,0.0010318023,0.0010224911,0.001033308,0.0011084364,0.0,0.0,0.0010477187,0.0010318023,0.0010224911,0.001033308,0.0011084364,0.0010727817,0.0010612409,0.0010477187,0.0010405071,0.0010517959,0.0010580632,0.0010701829,0.0,0.0010612418,0.001047719,0.0010405071,0.0010517959,0.0010580632,0.0010701838,0.0010727819,0.0010612409,0.0010477187,0.0010405071,0.0010517959,0.0010580632,0.001070183,0.0,0.0010612413,0.0010477196,0.0010405072,0.0010517959,0.0010580632,0.0010701835,0.0,0.0010612411,0.0010477187,0.0010405071,0.0010517959,0.0010580632,0.001070183,0.0,0.0010612411,0.0,0.0010318023,0.0010129871,0.0010686404,0.0010802841,0.0,0.0010612409,0.0010477187,0.0010405071,0.0010517959,0.0010580632,0.001070183,0.0,0.0,0.0,0.0010318023,0.0010129871,0.0010686404,0.001091287,0.0010727951,0.0010612411,0.0,0.0010318023,0.0010129871,0.0010686404,0.001080287,0.001072879,0.0,0.0,0.0010318024,0.0010129871,0.0010686404,0.0010912867,0.0010728163,0.0,0.0010477187,0.0,0.0010612409,0.0010477187,0.0010686404,0.0010727857,0.0,0.0,0.0010318023,0.0010129871,0.0010686404,0.0010912865,0.0,0.0010612424,0.0,0.0010318023,0.0010129871,0.0010686404,0.0010802828,0.0,0.0,0.0010477202,0.0010612423,0.0,0.0010318023,0.0010612413,0.00107281,0.0010612413,0.0,0.0010318023,0.0010129871,0.0010686404,0.0010802825,0.0,0.0,0.001047719,0.0010318023,0.0010224911,0.001033308,0.0011084367,0.0,0.0,0.0010477187,0.0,0.0010612409,0.0010477187,0.0010686404,0.0,0.0010612431,0.0,0.0010612413,0.0,0.0010612409,0.001047719,0.0,0.0,0.0010477328,0.0010318044,0.0010224911,0.001033308,0.0011084364,0.0,0.0010612695,0.0010612443,0.0010557267,0.0010672683,0.0,0.0009906765,0.0,0.0010612431,0.0010477196,0.0,0.0010612413,0.001047719,0.0010405098,0.0010727899,0.0010612409,0.0010477187,0.0,0.0010612409,0.0010477187,0.001040508,0.0,0.0010612413,0.0010477188,0.0010405071,0.0010517959,0.0010580632,0.001070183,0.0010727819,0.0010612409,0.0010477187,0.0010405071,0.0010517959,0.0010580632,0.001070183,0.0010728231,0.0,0.0,0.0010318023,0.0010129871,0.0010686404,0.0010912865,0.0010727885,0.0,0.0010477187,0.0010318023,0.0010224911,0.001033308,0.0011084363,0.0,0.0010612413,0.0,0.0010318023,0.0010129871,0.0010686404,0.0010802824,0.0010728021,0.0,0.0010477187,0.0010318023,0.0010224911,0.001033308,0.0011084409,0.0,0.001061241,0.0010477187,0.0010405071,0.0010517959,0.0010580632,0.0010701843,0.001072783,0.0010612409,0.0010477187,0.0010405071,0.0010517959,0.0010580632,0.0010701829,0.0,0.0010612415,0.0010477187,0.0010405071,0.0010517959,0.0010580632,0.001070183,0.0,0.0,0.0010477187,0.0010318023,0.0010224911,0.001033308,0.0011084364,0.0010727851,0.0010612409,0.0,0.0,0.0010612413,0.0010612409,0.0010557264,0.0010728326,0.0,0.001047719,0.0,0.0010612413,0.0010477187,0.0010686439,0.0010729326,0.0,0.0010612414,0.001047719,0.0010405071,0.0,0.0010612418,0.0,0.001061241,0.0,0.0010318023,0.0010129871,0.0010686405,0.0010802874,0.0010727902,0.0,0.0010477187,0.0010318023,0.0010224911,0.0010333086,0.0011084615,0.0010728016,0.0,0.0,0.0010318023,0.0010129871,0.0010686404,0.0010912863,0.0,0.0010612413,0.0010477188,0.0010405071,0.0010517959,0.0010580632,0.0010701829,0.0010728169,0.0010612413,0.0010477187,0.0,0.001061241,0.0010477187,0.0010405083,0.001072785,0.0,0.001047719,0.0010318025,0.0010224911,0.001033308,0.001108437,0.0010727863,0.0,0.0010477188,0.0010318023,0.0010224911,0.0010333081,0.0011084378,0.0,0.0010612413,0.0010612414,0.0010557262,0.0010672684,0.0,0.0009907064,0.0010728319,0.0,0.0010477187,0.0010318023,0.0010224911,0.001033308,0.0011084364,0.0010727877,0.0,0.0,0.0010318023,0.0010129871,0.0010686404,0.0010912868,0.0010728762,0.0010612417,0.0,0.0010318031,0.0010129876,0.0010686404,0.0010802879,0.0,0.0010612411,0.0010477187,0.0010405071,0.0010517959,0.0010580632,0.0010701829,0.0,0.001061242,0.0,0.0010318023,0.0010129871,0.0010686404,0.0010802824,0.0,0.0010612413,0.001047719,0.0010405071,0.0010517959,0.0010580632,0.001070183,0.001072799,0.0010612413,0.001047719,0.0010405072,0.0010517959,0.0010580632,0.0010701832,0.0,0.0,0.0,0.0010318023,0.0010129871,0.0010686404,0.0010912868,0.0010727813,0.0010612409,0.0,0.0010318023,0.0010129871,0.0010686404,0.001080283,0.001072797,0.0010612411,0.0010477187,0.0010686404,0.0,0.0010318023,0.0010129877,0.0,0.0010612409,0.0010477187,0.0010405071,0.0010517959,0.0010580632,0.0010701834,0.0,0.0010612409,0.0010477187,0.0010405071,0.0010517959,0.0010580632,0.001070183,0.0,0.0010612416,0.001047719,0.0010405071,0.0010517959,0.0010580632,0.0010701836,0.0010727932,0.001061241,0.0010477187,0.0010405071,0.0010517959,0.0010580632,0.0010701831,0.0,0.0,0.0010477187,0.0010318023,0.0010224911,0.001033308,0.0011084366,0.0,0.0010612409,0.0010477187,0.0010405071,0.0010517959,0.0010580632,0.001070183,0.0010730231,0.0010612422,0.001047719,0.0010405071,0.0010517959,0.0010580632,0.001070184
k__Bacteria|p__Proteobacteria|c__Gammaproteobacteria|o__Enterobacterales|f__Enterobacteriaceae|g__Plesiomonas|s__Plesiomonas_shigelloides,0.0,0.0010587502,0.0010450734,0.0010376874,0.001048754,0.0010547886,0.0010667813,0.0,0.0010587504,0.0010450734,0.0010376874,0.001048754,0.0010547886,0.0010667811,0.0,0.0,0.001045088,0.0010290059,0.0010195073,0.0010300854,0.0011059014,0.0010704797,0.0,0.0010450734,0.0010289979,0.0010195065,0.0010300854,0.0011059002,0.0,0.0,0.0010450734,0.0010289979,0.0010195065,0.0010300854,0.0011059,0.0010704402,0.0010587503,0.0010450734,0.0010376874,0.001048754,0.0010547886,0.0010667811,0.0,0.0010587509,0.0010450735,0.0010376874,0.001048754,0.0010547886,0.0010667822,0.0010704399,0.0010587503,0.0010450734,0.0010376874,0.001048754,0.0010547886,0.0010667812,0.0,0.0010587504,0.0010450743,0.0010376878,0.001048754,0.0010547886,0.0010667819,0.0,0.0010587504,0.0010450734,0.0010376874,0.001048754,0.0010547886,0.0010667811,0.0,0.0010587504,0.0,0.0010289979,0.0010100222,0.001066141,0.0010775954,0.0,0.0010587503,0.0010450734,0.0010376874,0.0010487543,0.0010547886,0.001066782,0.0,0.0,0.0,0.0010289979,0.0010100222,0.001066141,0.001088767,0.0010704539,0.0010587504,0.0,0.0010289979,0.0010100222,0.001066141,0.0010776059,0.0010705476,0.0,0.0,0.001028998,0.0010100222,0.001066141,0.001088766,0.0010704732,0.0,0.0010450734,0.0,0.0010587503,0.0010450734,0.0010661408,0.001070445,0.0,0.0,0.0010289979,0.0010100222,0.001066141,0.0010887638,0.0,0.0010587521,0.0,0.0010289979,0.0010100222,0.001066141,0.0010775934,0.0,0.0,0.001045074,0.0010587522,0.0,0.0010289979,0.0010587507,0.0010704682,0.0010587504,0.0,0.0010289978,0.0010100222,0.001066141,0.0010775927,0.0,0.0,0.0010450736,0.0010289979,0.0010195065,0.0010300854,0.0011059005,0.0,0.0,0.0010450734,0.0,0.0010587503,0.0010450734,0.0010661411,0.0,0.0010587531,0.0,0.0010587506,0.0,0.0010587503,0.0010450735,0.0,0.0,0.0010450896,0.0010290003,0.0010195065,0.0010300854,0.001105901,0.0,0.0010587984,0.001058755,0.0010530695,0.0010644051,0.0,0.0009875604,0.0,0.001058753,0.0010450742,0.0,0.0010587506,0.0010450735,0.0010376911,0.0010704465,0.0010587503,0.0010450734,0.0,0.0010587503,0.0010450734,0.0010376889,0.0,0.0010587504,0.0010450735,0.0010376874,0.001048754,0.0010547886,0.0010667812,0.0010704399,0.0010587503,0.0010450734,0.0010376874,0.001048754,0.0010547886,0.0010667811,0.0010704797,0.0,0.0,0.0010289979,0.0010100222,0.001066141,0.0010887635,0.00107045,0.0,0.0010450734,0.0010289979,0.0010195065,0.0010300854,0.0011059004,0.0,0.0010587506,0.0,0.0010289979,0.0010100222,0.001066141,0.0010775927,0.0010704639,0.0,0.0010450734,0.0010289979,0.0010195065,0.0010300854,0.0011059141,0.0,0.0010587503,0.0010450734,0.0010376874,0.001048754,0.0010547886,0.0010667836,0.001070441,0.0010587503,0.0010450734,0.0010376874,0.001048754,0.0010547886,0.0010667811,0.0,0.0010587509,0.0010450735,0.0010376874,0.001048754,0.0010547886,0.0010667813,0.0,0.0,0.0010450733,0.0010289979,0.0010195065,0.0010300854,0.0011059002,0.0010704427,0.0010587503,0.0,0.0,0.0010587506,0.0010587504,0.0010530695,0.0010704823,0.0,0.0010450733,0.0,0.0010587506,0.0010450733,0.0010661457,0.0010705958,0.0,0.0010587504,0.0010450735,0.0010376874,0.0,0.0010587514,0.0,0.0010587503,0.0,0.0010289979,0.0010100222,0.0010661408,0.0010776047,0.0010704471,0.0,0.0010450734,0.0010289979,0.0010195065,0.0010300858,0.0011060127,0.0010704554,0.0,0.0,0.0010289979,0.0010100222,0.001066141,0.0010887634,0.0,0.0010587506,0.0010450735,0.0010376874,0.001048754,0.0010547886,0.0010667811,0.0010704467,0.0010587504,0.0010450731,0.0,0.0010587503,0.0010450734,0.0010376893,0.0010704447,0.0,0.0010450735,0.001028998,0.0010195065,0.0010300854,0.0011059038,0.0010704447,0.0,0.0010450735,0.0010289979,0.0010195065,0.0010300854,0.0011059042,0.0,0.0010587504,0.0010587504,0.001053069,0.0010644051,0.0,0.0009876085,0.0010704899,0.0,0.0010450735,0.0010289979,0.0010195065,0.0010300854,0.0011059,0.0010704471,0.0,0.0,0.0010289979,0.0010100222,0.001066141,0.0010887659,0.0010705328,0.0010587517,0.0,0.0010289993,0.0010100228,0.0010661408,0.0010776048,0.0,0.0010587503,0.0010450735,0.0010376874,0.001048754,0.0010547886,0.0010667811,0.0,0.0010587509,0.0,0.0010289979,0.0010100222,0.001066141,0.0010775927,0.0,0.0010587504,0.0010450736,0.0010376874,0.001048754,0.0010547886,0.0010667813,0.0010704624,0.0010587503,0.0010450735,0.0010376876,0.001048754,0.0010547886,0.0010667817,0.0,0.0,0.0,0.0010289979,0.0010100222,0.001066141,0.001088764,0.0010704398,0.0010587503,0.0,0.0010289979,0.0010100222,0.001066141,0.0010775944,0.0010704532,0.0010587503,0.0010450734,0.001066141,0.0,0.0010289979,0.0010100224,0.0,0.0010587503,0.0010450734,0.0010376874,0.001048754,0.0010547886,0.0010667826,0.0,0.0010587503,0.0010450734,0.0010376874,0.001048754,0.0010547886,0.0010667815,0.0,0.0010587514,0.0010450731,0.0010376874,0.001048754,0.0010547886,0.001066785,0.001070455,0.0010587503,0.0010450734,0.0010376874,0.001048754,0.0010547886,0.001066782,0.0,0.0,0.0010450734,0.0010289979,0.0010195065,0.0010300854,0.0011059007,0.0,0.0010587503,0.0010450734,0.0010376874,0.001048754,0.0010547886,0.0010667811,0.0010706248,0.001058752,0.0010450735,0.0010376873,0.0010487543,0.0010547886,0.0010667857
k__Bacteria|p__Proteobacteria|c__Gammaproteobacteria|o__Chromatiales|f__Chromatiaceae|g__Rheinheimera|s__Rheinheimera_SGB14999,0.0,0.0010596763,0.0010460016,0.001038599,0.0010496061,0.0010555873,0.0010675293,0.0,0.0010596765,0.0010460016,0.001038599,0.0010496061,0.0010555873,0.0010675293,0.0,0.0,0.0010460094,0.0010299311,0.0010204187,0.0010309395,0.0011066706,0.001071382,0.0,0.0010460016,0.0010299267,0.0010204181,0.0010309395,0.0011066698,0.0,0.0,0.0010460016,0.0010299267,0.0010204181,0.0010309395,0.0011066698,0.001071363,0.0010596764,0.0010460016,0.001038599,0.0010496061,0.0010555873,0.0010675293,0.0,0.0010596772,0.0010460016,0.001038599,0.0010496061,0.0010555873,0.00106753,0.001071363,0.0010596764,0.0010460016,0.001038599,0.0010496061,0.0010555873,0.0010675293,0.0,0.0010596765,0.0010460021,0.0010385993,0.0010496061,0.0010555873,0.0010675299,0.0,0.0010596765,0.0010460016,0.001038599,0.0010496061,0.0010555873,0.0010675293,0.0,0.0010596765,0.0,0.0010299267,0.0010109497,0.0010670475,0.0010784373,0.0,0.0010596764,0.0010460016,0.0010385992,0.0010496061,0.0010555873,0.0010675299,0.0,0.0,0.0,0.0010299267,0.0010109497,0.0010670475,0.0010896026,0.0010713694,0.0010596765,0.0,0.0010299267,0.0010109503,0.0010670475,0.0010784443,0.0010714319,0.0,0.0,0.001029927,0.0010109503,0.0010670475,0.001089602,0.0010713801,0.0,0.0010460016,0.0,0.0010596764,0.0010460016,0.0010670477,0.0010713654,0.0,0.0,0.0010299267,0.0010109497,0.0010670475,0.0010896001,0.0,0.0010596773,0.0,0.0010299267,0.0010109497,0.0010670475,0.0010784356,0.0,0.0,0.0010460023,0.0010596778,0.0,0.0010299267,0.0010596768,0.0010713779,0.0010596765,0.0,0.0010299267,0.0010109503,0.0010670475,0.0010784351,0.0,0.0,0.0010460016,0.0010299267,0.0010204181,0.0010309395,0.0011066704,0.0,0.0,0.0010460016,0.0,0.0010596764,0.0010460016,0.0010670476,0.0,0.0010596776,0.0,0.0010596765,0.0,0.0010596764,0.0010460018,0.0,0.0,0.0010460106,0.0010299281,0.0010204181,0.0010309395,0.0011066704,0.0,0.0010596971,0.0010596783,0.0010539789,0.0010652528,0.0,0.0009884795,0.0,0.0010596783,0.0010460021,0.0,0.0010596766,0.0010460016,0.0010386017,0.0010713646,0.0010596764,0.0010460016,0.0,0.0010596764,0.0010460016,0.0010386006,0.0,0.0010596765,0.0010460017,0.0010385992,0.0010496061,0.0010555873,0.0010675293,0.0010713626,0.0010596764,0.0010460016,0.001038599,0.0010496061,0.0010555873,0.0010675293,0.0010713903,0.0,0.0,0.0010299267,0.0010109497,0.0010670475,0.0010896001,0.0010713683,0.0,0.0010460016,0.0010299267,0.0010204181,0.0010309395,0.0011066702,0.0,0.0010596765,0.0,0.0010299267,0.0010109497,0.0010670475,0.0010784351,0.0010713728,0.0,0.0010460016,0.0010299267,0.0010204181,0.0010309395,0.0011066787,0.0,0.0010596764,0.0010460016,0.001038599,0.0010496061,0.0010555873,0.0010675316,0.001071363,0.0010596764,0.0010460016,0.001038599,0.0010496061,0.0010555873,0.0010675293,0.0,0.0010596766,0.0010460016,0.0010385992,0.0010496061,0.0010555873,0.0010675293,0.0,0.0,0.0010460016,0.0010299267,0.0010204181,0.0010309395,0.0011066701,0.0010713637,0.0010596764,0.0,0.0,0.0010596765,0.0010596765,0.0010539793,0.0010713837,0.0,0.0010460016,0.0,0.0010596765,0.0010460016,0.0010670507,0.0010714587,0.0,0.0010596765,0.0010460016,0.0010385992,0.0,0.0010596772,0.0,0.0010596763,0.0,0.0010299267,0.0010109497,0.0010670474,0.0010784414,0.0010713667,0.0,0.0010460016,0.0010299267,0.0010204181,0.0010309403,0.0011067403,0.0010713724,0.0,0.0,0.0010299267,0.0010109497,0.0010670475,0.0010895999,0.0,0.0010596765,0.0010460017,0.001038599,0.0010496061,0.0010555873,0.0010675293,0.0010713503,0.0010596764,0.0010460016,0.0,0.0010596764,0.0010460016,0.0010386,0.0010713656,0.0,0.0010460016,0.001029927,0.0010204181,0.0010309395,0.0011066723,0.001071365,0.0,0.0010460017,0.0010299267,0.0010204181,0.0010309397,0.0011066725,0.0,0.0010596764,0.0010596765,0.0010539788,0.0010652528,0.0,0.0009885192,0.0010713951,0.0,0.0010460016,0.0010299267,0.0010204181,0.0010309395,0.0011066698,0.0010713658,0.0,0.0,0.0010299267,0.0010109497,0.0010670475,0.0010896019,0.001071418,0.0010596772,0.0,0.001029928,0.0010109503,0.0010670477,0.0010784443,0.0,0.0010596764,0.0010460016,0.0010385992,0.0010496061,0.0010555873,0.0010675293,0.0,0.0010596768,0.0,0.0010299267,0.0010109497,0.0010670475,0.0010784351,0.0,0.0010596764,0.0010460016,0.0010385992,0.0010496061,0.0010555873,0.0010675294,0.0010713761,0.0010596764,0.0010460016,0.0010385991,0.0010496061,0.0010555873,0.0010675298,0.0,0.0,0.0,0.0010299267,0.0010109497,0.0010670475,0.0010896006,0.0010713624,0.0010596764,0.0,0.0010299267,0.0010109497,0.0010670475,0.001078436,0.0010713709,0.0010596764,0.0010460016,0.0010670475,0.0,0.0010299267,0.0010109504,0.0,0.0010596764,0.0010460016,0.001038599,0.0010496061,0.0010555873,0.0010675302,0.0,0.0010596764,0.0010460016,0.0010385992,0.0010496061,0.0010555873,0.0010675295,0.0,0.0010596769,0.0010460016,0.0010385992,0.0010496061,0.0010555873,0.0010675316,0.0010713708,0.0010596764,0.0010460016,0.0010385992,0.0010496061,0.0010555873,0.0010675299,0.0,0.0,0.0010460016,0.0010299267,0.0010204181,0.0010309395,0.0011066705,0.0,0.0010596764,0.0010460016,0.001038599,0.0010496061,0.0010555873,0.0010675293,0.0010714561,0.0010596776,0.0010460016,0.0010385993,0.0010496061,0.0010555873,0.0010675325
k__Bacteria|p__Proteobacteria|c__Gammaproteobacteria|o__Aeromonadales|f__Aeromonadaceae|g__Aeromonas|s__Aeromonas_caviae,0.0,0.0010594908,0.0010459366,0.001038715,0.0010500449,0.0010563425,0.0010685081,0.0,0.001059491,0.0010459366,0.001038715,0.0010500449,0.0010563425,0.0010685079,0.0,0.0,0.0010459474,0.0010299968,0.0010206684,0.0010315193,0.0011068945,0.0010710848,0.0,0.0010459366,0.0010299892,0.0010206678,0.0010315193,0.0011068943,0.0,0.0,0.0010459366,0.0010299892,0.0010206678,0.0010315193,0.0011068943,0.0010710639,0.0010594908,0.0010459366,0.001038715,0.0010500449,0.0010563425,0.0010685078,0.0,0.0010594915,0.0010459366,0.001038715,0.0010500449,0.0010563425,0.001068508,0.0010710639,0.0010594908,0.0010459366,0.001038715,0.0010500449,0.0010563425,0.0010685081,0.0,0.0010594911,0.0010459371,0.0010387152,0.0010500449,0.0010563425,0.0010685085,0.0,0.001059491,0.0010459366,0.001038715,0.0010500449,0.0010563425,0.0010685079,0.0,0.001059491,0.0,0.0010299892,0.0010111454,0.0010669153,0.0010786114,0.0,0.0010594908,0.0010459366,0.001038715,0.0010500449,0.0010563425,0.0010685084,0.0,0.0,0.0,0.0010299892,0.0010111454,0.0010669153,0.001089656,0.0010710695,0.001059491,0.0,0.0010299892,0.0010111454,0.0010669153,0.0010786161,0.0010711154,0.0,0.0,0.0010299891,0.0010111454,0.0010669153,0.0010896553,0.0010710793,0.0,0.0010459366,0.0,0.0010594908,0.0010459366,0.0010669155,0.0010710661,0.0,0.0,0.0010299892,0.0010111454,0.0010669153,0.0010896542,0.0,0.0010594921,0.0,0.0010299892,0.0010111454,0.0010669153,0.0010786108,0.0,0.0,0.0010459372,0.0010594918,0.0,0.0010299892,0.0010594911,0.0010710809,0.0010594911,0.0,0.0010299891,0.0010111454,0.0010669153,0.0010786107,0.0,0.0,0.0010459367,0.0010299892,0.0010206678,0.0010315193,0.0011068945,0.0,0.0,0.0010459366,0.0,0.0010594908,0.0010459366,0.0010669153,0.0,0.0010594942,0.0,0.0010594911,0.0,0.0010594908,0.0010459367,0.0,0.0,0.0010459508,0.0010299914,0.0010206678,0.0010315193,0.0011068945,0.0,0.0010595261,0.0010594941,0.0010539675,0.0010655565,0.0,0.0009888076,0.0,0.0010594929,0.0010459374,0.0,0.0010594914,0.0010459367,0.0010387166,0.0010710671,0.0010594908,0.0010459366,0.0,0.0010594908,0.0010459366,0.0010387161,0.0,0.0010594911,0.0010459367,0.001038715,0.0010500449,0.0010563425,0.0010685079,0.0010710636,0.0010594908,0.0010459366,0.001038715,0.0010500449,0.0010563425,0.0010685083,0.0010710811,0.0,0.0,0.0010299892,0.0010111454,0.0010669153,0.0010896542,0.001071068,0.001072362,0.0010459366,0.0010299892,0.0010206678,0.0010315193,0.0011068943,0.0,0.0010594911,0.0,0.0010299892,0.0010111454,0.0010669153,0.0010786105,0.0010710744,0.0,0.0010459366,0.0010299892,0.0010206678,0.0010315193,0.0011068985,0.0,0.0010594908,0.0010459366,0.001038715,0.0010500449,0.0010563425,0.001068509,0.0010710642,0.0010594908,0.0010459366,0.001038715,0.0010500449,0.0010563425,0.0010685078,0.0,0.0010594915,0.0010459367,0.001038715,0.0010500449,0.0010563425,0.0010685081,0.0,0.0,0.0010459366,0.0010299892,0.0010206678,0.0010315193,0.0011068943,0.0010710654,0.0010594908,0.0,0.0,0.0010594911,0.001059491,0.0010539675,0.0010710865,0.0,0.0010459368,0.0,0.0010594911,0.0010459366,0.0010669163,0.0010711417,0.0,0.0010594911,0.0010459367,0.001038715,0.0,0.0010594913,0.0,0.0010594908,0.0,0.0010299892,0.0010111454,0.0010669155,0.001078612,0.0010710668,0.0,0.0010459366,0.0010299892,0.0010206678,0.0010315198,0.0011069303,0.0010710733,0.0,0.0,0.0010299892,0.0010111454,0.0010669153,0.0010896542,0.0,0.0010594911,0.0010459367,0.001038715,0.0010500449,0.0010563425,0.0010685079,0.0010710679,0.0010594911,0.0010459367,0.0,0.001059491,0.0010459366,0.0010387157,0.0010710655,0.0,0.0010459367,0.0010299892,0.0010206678,0.0010315193,0.001106895,0.0010710664,0.0,0.0010459367,0.0010299891,0.0010206678,0.0010315195,0.0011068949,0.0,0.0010594911,0.0010594911,0.0010539672,0.0010655565,0.0,0.000988838,0.0010710888,0.0,0.0010459367,0.0010299892,0.0010206678,0.0010315193,0.0011068943,0.0010710676,0.0,0.0,0.0010299892,0.0010111454,0.0010669153,0.0010896554,0.0010711042,0.0010594915,0.0,0.00102999,0.0010111457,0.0010669153,0.001078615,0.0,0.001059491,0.0010459367,0.001038715,0.0010500449,0.0010563425,0.0010685081,0.0,0.0010594919,0.0,0.0010299892,0.0010111454,0.0010669153,0.0010786105,0.0,0.0010594911,0.0010459367,0.001038715,0.0010500449,0.0010563425,0.0010685081,0.0010710737,0.001059491,0.0010459366,0.0010387152,0.0010500449,0.0010563425,0.001068508,0.0,0.0,0.0,0.0010299892,0.0010111454,0.0010669153,0.0010896545,0.0010710636,0.0010594908,0.0,0.0010299892,0.0010111454,0.0010669153,0.0010786111,0.0010710723,0.001059491,0.0010459366,0.0010669153,0.0,0.0010299892,0.0010111457,0.0,0.0010594908,0.0010459366,0.001038715,0.0010500449,0.0010563425,0.0010685084,0.0,0.0010594908,0.0010459366,0.001038715,0.0010500449,0.0010563425,0.0010685083,0.0,0.0010594915,0.0010459367,0.001038715,0.0010500449,0.0010563425,0.0010685091,0.001071071,0.0010594908,0.0010459366,0.001038715,0.0010500449,0.0010563425,0.0010685085,0.0,0.0,0.0010459366,0.0010299892,0.0010206678,0.0010315193,0.0011068946,0.0,0.0010594908,0.0010459366,0.001038715,0.0010500449,0.0010563425,0.0010685079,0.0010712085,0.0010594924,0.0010459366,0.001038715,0.0010500449,0.0010563425,0.0010685095
k__Bacteria|p__Proteobacteria|c__Gammaproteobacteria|o__Moraxellales|f__Moraxellaceae|g__Acinetobacter|s__Acinetobacter_ursingii,0.0,0.0010592849,0.0010456125,0.0010382223,0.0010492639,0.0010552766,0.0010672463,0.0,0.0010592849,0.0010456125,0.0010382223,0.0010492639,0.0010552766,0.0010672465,0.0,0.0,0.0010456168,0.0010295443,0.0010200458,0.0010306006,0.0011063555,0.0010709831,0.0,0.0010456125,0.0010295413,0.0010200455,0.0010306006,0.0011063556,0.0,0.0,0.0010456125,0.0010295413,0.0010200455,0.0010306006,0.0011063556,0.0010709689,0.0010592848,0.0010456125,0.0010382223,0.0010492639,0.0010552766,0.0010672465,0.0,0.0010592849,0.0010456126,0.0010382223,0.0010492639,0.0010552766,0.0010672465,0.0010709692,0.0010592848,0.0010456125,0.0010382223,0.0010492639,0.0010552766,0.0010672465,0.0,0.0010592847,0.0010456127,0.0010382225,0.0010492639,0.0010552766,0.0010672469,0.0,0.0010592849,0.0010456125,0.0010382223,0.0010492639,0.0010552766,0.0010672467,0.0,0.0010592849,0.0,0.0010295413,0.0010105689,0.0010666656,0.0010780892,0.0,0.0010592848,0.0010456125,0.0010382223,0.0010492639,0.0010552766,0.0010672465,0.0,0.0,0.0,0.0010295413,0.0010105689,0.0010666656,0.0010892539,0.0010709738,0.0010592849,0.0,0.0010295413,0.0010105689,0.0010666656,0.0010780911,0.0010710129,0.0,0.0,0.0010295414,0.0010105689,0.0010666656,0.0010892535,0.001070983,0.0,0.0010456125,0.0,0.0010592848,0.0010456125,0.0010666656,0.0010709708,0.0,0.0,0.0010295413,0.0010105689,0.0010666656,0.0010892529,0.0,0.001059285,0.0,0.0010295413,0.0010105689,0.0010666656,0.0010780891,0.0,0.0,0.0010456124,0.0010592851,0.0,0.0010295413,0.0010592847,0.001070981,0.001059285,0.0,0.0010295414,0.0010105689,0.0010666656,0.0010780889,0.0,0.0,0.0010456127,0.0010295413,0.0010200455,0.0010306006,0.0011063556,0.0,0.0,0.0010456125,0.0011320985,0.0010592848,0.0010456125,0.0010666654,0.0,0.0010592849,0.0,0.0010592849,0.0,0.0010592848,0.0010456125,0.0,0.0,0.0010456173,0.0010295422,0.0010200455,0.0010306006,0.0011063553,0.0,0.0010593032,0.0010592857,0.0010535988,0.0010649082,0.0,0.0009880945,0.0,0.0010592852,0.0010456126,0.0,0.0010592849,0.0010456126,0.001038223,0.0010709708,0.0010592848,0.0010456125,0.0,0.0010592848,0.0010456125,0.0010382233,0.0,0.0010592851,0.0010456125,0.0010382223,0.0010492639,0.0010552766,0.0010672462,0.0010709692,0.0010592848,0.0010456125,0.0010382223,0.0010492639,0.0010552766,0.0010672467,0.001070983,0.0,0.0,0.0010295413,0.0010105689,0.0010666656,0.0010892529,0.0010709728,0.0,0.0010456125,0.0010295413,0.0010200455,0.0010306006,0.0011063553,0.0,0.0010592849,0.0,0.0010295413,0.0010105689,0.0010666656,0.0010780888,0.0010709751,0.0,0.0010456125,0.0010295413,0.0010200455,0.0010306006,0.0011063574,0.0,0.0010592848,0.0010456125,0.0010382223,0.0010492639,0.0010552766,0.0010672471,0.0010709694,0.0010592848,0.0010456125,0.0010382223,0.0010492639,0.0010552766,0.0010672465,0.0,0.0010592849,0.0010456126,0.0010382223,0.0010492639,0.0010552766,0.0010672463,0.0,0.0,0.0010456125,0.0010295413,0.0010200455,0.0010306006,0.0011063556,0.0010709709,0.0010592848,0.0,0.0,0.0010592849,0.0010592849,0.0010535992,0.0010709874,0.0,0.0010456124,0.0,0.0010592849,0.0010456125,0.0010666653,0.0010710353,0.0,0.0010592849,0.0010456126,0.0010382223,0.0,0.0010592852,0.0,0.0010592847,0.0,0.0010295413,0.0010105689,0.0010666653,0.0010780881,0.0010709713,0.0,0.0010456125,0.0010295413,0.0010200455,0.001030601,0.0011063747,0.0010709724,0.0,0.0,0.0010295413,0.0010105689,0.0010666656,0.0010892529,0.0,0.0010592849,0.0010456125,0.0010382223,0.0010492639,0.0010552766,0.0010672465,0.0010709855,0.0010592848,0.0010456126,0.0,0.0010592849,0.0010456125,0.0010382227,0.0010709709,0.0,0.0010456126,0.0010295415,0.0010200455,0.0010306006,0.0011063557,0.0010709707,0.0,0.0010456125,0.0010295413,0.0010200455,0.0010306007,0.0011063555,0.0,0.0010592848,0.001059285,0.0010535988,0.0010649081,0.0,0.0009881153,0.0010709938,0.0,0.0010456126,0.0010295413,0.0010200455,0.0010306006,0.0011063556,0.0010709724,0.0,0.0,0.0010295413,0.0010105689,0.0010666656,0.0010892536,0.0010710012,0.0010592849,0.0,0.001029542,0.0010105692,0.0010666654,0.0010780912,0.0,0.001059285,0.0010456126,0.0010382223,0.0010492639,0.0010552766,0.0010672465,0.0,0.0010592847,0.0,0.0010295413,0.0010105689,0.0010666656,0.0010780888,0.0,0.0010592849,0.0010456127,0.0010382223,0.0010492639,0.0010552766,0.0010672464,0.0010709754,0.0010592846,0.0010456126,0.0010382226,0.0010492639,0.0010552766,0.0010672464,0.0,0.0,0.0,0.0010295413,0.0010105689,0.0010666656,0.0010892529,0.0010709688,0.0010592848,0.0,0.0010295413,0.0010105689,0.0010666656,0.0010780892,0.0010709737,0.001059285,0.0010456125,0.0010666656,0.0,0.0010295413,0.0010105692,0.0,0.0010592848,0.0010456125,0.0010382223,0.0010492639,0.0010552766,0.0010672464,0.0,0.0010592848,0.0010456125,0.0010382223,0.0010492639,0.0010552766,0.0010672465,0.0,0.0010592848,0.0010456126,0.0010382223,0.0010492639,0.0010552766,0.0010672469,0.0010709744,0.0010592848,0.0010456125,0.0010382223,0.0010492639,0.0010552766,0.0010672467,0.0,0.0,0.0010456125,0.0010295413,0.0010200455,0.0010306006,0.0011063558,0.0,0.0010592848,0.0010456125,0.0010382223,0.0010492639,0.0010552766,0.0010672467,0.0010710582,0.0010592851,0.0010456126,0.0010382223,0.0010492639,0.0010552766,0.0010672472
k__Bacteria|p__Proteobacteria|c__Gammaproteobacteria|o__Enterobacterales|f__Erwiniaceae|g__Mixta|s__Mixta_calida,0.0,0.001060532,0.0010468758,0.0010394827,0.001050477,0.0010564505,0.0010683752,0.0,0.0010605323,0.0010468758,0.0010394827,0.001050477,0.0010564505,0.0010683752,0.0,0.0,0.0010468855,0.0010308245,0.0010213207,0.0010318322,0.0011074332,0.0010722496,0.0,0.0010468758,0.0010308195,0.0010213202,0.0010318322,0.0011074331,0.0,0.0,0.0010468758,0.0010308195,0.0010213202,0.0010318322,0.0011074331,0.0010722006,0.0010605322,0.0010468758,0.0010394827,0.001050477,0.0010564505,0.0010683752,0.0,0.0010605328,0.0010468761,0.0010394827,0.001050477,0.0010564505,0.0010683757,0.0010722006,0.0010605322,0.0010468758,0.0010394827,0.001050477,0.0010564505,0.0010683752,0.0,0.0010605323,0.0010468764,0.0010394827,0.001050477,0.0010564505,0.0010683758,0.0,0.0010605323,0.0010468758,0.0010394827,0.001050477,0.0010564505,0.0010683752,0.0,0.0010605323,0.0,0.0010308195,0.0010118597,0.0010678921,0.0010792618,0.0,0.0010605322,0.0010468758,0.0010394825,0.001050477,0.0010564505,0.0010683757,0.0,0.0,0.0,0.0010308195,0.0010118597,0.0010678924,0.0010904055,0.0010722158,0.0010605323,0.0,0.0010308195,0.0010118597,0.0010678921,0.0010792679,0.0010723242,0.0,0.0,0.0010308195,0.0010118597,0.0010678921,0.0010904048,0.0010722401,0.0,0.0010468758,0.0,0.0010605322,0.0010468758,0.0010678923,0.001072206,0.0,0.0,0.0010308195,0.0010118597,0.0010678921,0.0010904036,0.0,0.0010605337,0.0,0.0010308195,0.0010118597,0.0010678921,0.0010792613,0.0,0.0,0.0010468761,0.0010605338,0.0,0.0010308195,0.0010605325,0.0010722317,0.0010605325,0.0,0.0010308194,0.0010118597,0.0010678921,0.0010792608,0.0,0.0,0.0010468761,0.0010308195,0.0010213202,0.0010318322,0.0011074335,0.0,0.0,0.0010468758,0.0,0.0010605322,0.0010468758,0.0010678923,0.0,0.0010605339,0.0,0.0010605324,0.0,0.0010605322,0.001046876,0.0,0.0,0.001046888,0.0010308217,0.0010213202,0.0010318322,0.0011074331,0.0,0.00106057,0.0010605354,0.0010548433,0.0010661011,0.0,0.000989399,0.0,0.0010605344,0.0010468767,0.0,0.0010605325,0.001046876,0.0010394842,0.0010722076,0.0010605322,0.0010468758,0.0,0.0010605322,0.0010468758,0.0010394835,0.0,0.0010605325,0.001046876,0.0010394825,0.001050477,0.0010564505,0.0010683752,0.0010722006,0.0010605322,0.0010468758,0.0010394827,0.001050477,0.0010564505,0.0010683752,0.0010722446,0.0,0.0,0.0010308195,0.0010118597,0.0010678921,0.0010904034,0.0010722113,0.0010821722,0.0010468758,0.0010308195,0.0010213202,0.0010318322,0.0011074331,0.0,0.0010605324,0.0,0.0010308195,0.0010118597,0.0010678921,0.0010792608,0.0010722239,0.0,0.0010468758,0.0010308195,0.0010213202,0.0010318322,0.0011074386,0.0,0.0010605322,0.0010468758,0.0010394827,0.001050477,0.0010564505,0.0010683765,0.0010722019,0.0010605322,0.0010468758,0.0010394827,0.001050477,0.0010564505,0.0010683752,0.0,0.0010605328,0.001046876,0.0010394825,0.001050477,0.0010564505,0.0010683752,0.0,0.0,0.0010468758,0.0010308195,0.0010213202,0.0010318322,0.0011074331,0.0010722046,0.0010605322,0.0,0.0,0.0010605324,0.0010605323,0.0010548431,0.0010722519,0.0,0.0010468758,0.0,0.0010605324,0.0010468758,0.0010678938,0.0010723833,0.0,0.0010605325,0.001046876,0.0010394825,0.0,0.0010605328,0.0,0.0010605322,0.0,0.0010308195,0.0010118597,0.0010678922,0.0010792642,0.0010722082,0.0,0.0010468758,0.0010308195,0.0010213202,0.0010318328,0.0011074835,0.001072216,0.0,0.0,0.0010308195,0.0010118597,0.0010678921,0.0010904034,0.0,0.0010605324,0.001046876,0.0010394827,0.001050477,0.0010564505,0.0010683752,0.0010722316,0.0010605322,0.001046876,0.0,0.0010605324,0.0010468758,0.0010394835,0.0010722056,0.0,0.001046876,0.0010308195,0.0010213202,0.0010318322,0.0011074342,0.0010722056,0.0,0.001046876,0.0010308195,0.0010213202,0.0010318323,0.0011074345,0.0,0.0010605324,0.0010605325,0.0010548431,0.0010661011,0.0,0.0009894236,0.0010722626,0.0,0.001046876,0.0010308195,0.0010213202,0.0010318322,0.0011074331,0.0010722085,0.0,0.0,0.0010308195,0.0010118597,0.0010678921,0.0010904049,0.0010723072,0.0010605335,0.0,0.0010308207,0.00101186,0.0010678924,0.0010792669,0.012740152,0.0010605323,0.001046876,0.0010394825,0.001050477,0.0010564505,0.0010683752,0.0,0.0010605325,0.0,0.0010308195,0.0010118597,0.0010678921,0.0010792608,0.0,0.0010605322,0.0010468761,0.0010394825,0.001050477,0.0010564505,0.0010683752,0.0010722226,0.0010605324,0.0010468761,0.0010394827,0.001050477,0.0010564505,0.0010683753,0.0,0.0,0.0,0.0010308195,0.0010118597,0.0010678921,0.0010904038,0.0010722001,0.0010605322,0.0,0.0010308195,0.0010118597,0.0010678921,0.0010792619,0.0010722157,0.0010605323,0.0010468758,0.0010678921,0.0,0.0010308195,0.0010118599,0.0,0.0010605322,0.0010468758,0.0010394825,0.001050477,0.0010564505,0.0010683755,0.0,0.0010605322,0.0010468758,0.0010394825,0.001050477,0.0010564505,0.0010683755,0.0,0.001060533,0.001046876,0.0010394825,0.001050477,0.0010564505,0.0010683766,0.0010722171,0.0010605322,0.0010468758,0.0010394825,0.001050477,0.0010564505,0.0010683758,0.0,0.0,0.0010468758,0.0010308195,0.0010213202,0.0010318322,0.0011074336,0.0,0.0010605322,0.0010468758,0.0010394827,0.001050477,0.0010564505,0.0010683752,0.0010724318,0.0010605335,0.0010468761,0.0010394825,0.001050477,0.0010564505,0.0010683768
k__Bacteria|p__Proteobacteria|c__Gammaproteobacteria|o__Enterobacterales|f__Enterobacteriaceae|g__Kluyvera|s__Kluyvera_sichuanensis,0.0,0.0010595347,0.0010459165,0.0010385998,0.0010497617,0.001055894,0.0010679438,0.0,0.0010595351,0.0010459165,0.0010385998,0.0010497617,0.001055894,0.001067944,0.0,0.0,0.0010459143,0.0010298995,0.0010204812,0.001031161,0.0011067298,0.0010711874,0.0,0.0010459165,0.0010299012,0.0010204813,0.001031161,0.0011067296,0.0,0.0,0.0010459165,0.0010299012,0.0010204813,0.001031161,0.0011067296,0.001071168,0.001059535,0.0010459165,0.0010385998,0.0010497617,0.001055894,0.0010679439,0.0,0.001059535,0.0010459166,0.0010385998,0.0010497617,0.001055894,0.0010679449,0.0010711683,0.001059535,0.0010459165,0.0010385998,0.0010497617,0.001055894,0.0010679438,0.0,0.0010595347,0.0010459166,0.0010385998,0.0010497617,0.001055894,0.0010679443,0.0,0.0010595351,0.0010459165,0.0010385998,0.0010497617,0.001055894,0.0010679439,0.0,0.0010595351,0.0,0.0010299012,0.0010109869,0.0010669322,0.001078469,0.0,0.001059535,0.0010459165,0.0010385998,0.0010497617,0.001055894,0.0010679441,0.0,0.0,0.0,0.0010299012,0.0010109869,0.0010669322,0.0010895765,0.001071175,0.0010595351,0.0,0.0010299012,0.0010109869,0.0010669322,0.0010784689,0.0010712057,0.0,0.0,0.0010299013,0.0010109869,0.0010669322,0.0010895769,0.0010711831,0.0,0.0010459165,0.0,0.001059535,0.0010459165,0.0010669321,0.0010711693,0.0,0.0,0.0010299012,0.0010109869,0.0010669322,0.0010895763,0.0,0.001059534,0.0,0.0010299012,0.0010109869,0.0010669322,0.0010784679,0.0,0.0,0.0010459165,0.0010595348,0.0,0.0010299012,0.0010595352,0.0010711728,0.0010595347,0.0,0.0010299012,0.0010109869,0.0010669322,0.0010784676,0.0,0.0,0.0010459163,0.0010299012,0.0010204813,0.001031161,0.0011067297,0.0,0.0,0.0010459165,0.0,0.001059535,0.0010459165,0.0010669322,0.0,0.0010595326,0.0,0.0010595351,0.0,0.001059535,0.0010459166,0.0,0.0,0.0010459089,0.0010298999,0.0010204815,0.001031161,0.0011067294,0.0,0.0010595181,0.0010595331,0.0010539193,0.001065345,0.0,0.0009885743,0.0,0.001059534,0.0010459159,0.0,0.0010595347,0.0010459163,0.0010386009,0.0010711713,0.001059535,0.0010459165,0.0,0.001059535,0.0010459165,0.0010386006,0.0,0.001059535,0.0010459166,0.0010385998,0.0010497617,0.001055894,0.0010679438,0.0010711686,0.001059535,0.0010459165,0.0010385998,0.0010497617,0.001055894,0.0010679439,0.0010711845,0.0,0.0,0.0010299012,0.0010109869,0.0010669322,0.0010895759,0.0010711689,0.0,0.0010459165,0.0010299012,0.0010204813,0.001031161,0.0011067296,0.0,0.0010595351,0.0,0.0010299012,0.0010109869,0.0010669322,0.0010784677,0.0010711756,0.0,0.0010459165,0.0010299012,0.0010204813,0.001031161,0.0011067316,0.0,0.001059535,0.0010459165,0.0010385998,0.0010497617,0.001055894,0.0010679448,0.0010711688,0.001059535,0.0010459165,0.0010385998,0.0010497617,0.001055894,0.0010679439,0.0,0.0010595347,0.0010459163,0.0010385998,0.0010497617,0.001055894,0.0010679438,0.0,0.0,0.0010459165,0.0010299012,0.0010204813,0.001031161,0.0011067297,0.0010711702,0.001059535,0.0,0.0,0.0010595351,0.0010595351,0.00105392,0.0010711915,0.0,0.0010459163,0.0,0.0010595351,0.0010459165,0.0010669349,0.0010712328,0.0,0.0010595347,0.0010459165,0.0010385998,0.0,0.0010595353,0.0,0.0010595348,0.0,0.0010299012,0.0010109869,0.0010669322,0.0010784719,0.0010711714,0.0,0.0010459165,0.0010299012,0.0010204815,0.001031161,0.0011067473,0.001071173,0.0,0.0,0.0010299012,0.0010109869,0.0010669322,0.0010895759,0.0,0.0010595351,0.0010459166,0.0010385998,0.0010497617,0.001055894,0.0010679438,0.001071211,0.001059535,0.0010459165,0.0,0.0010595348,0.0010459165,0.0010386002,0.0010711693,0.0,0.0010459165,0.0010299013,0.0010204813,0.001031161,0.0011067305,0.0010711693,0.0,0.0010459166,0.0010299011,0.0010204815,0.0010311612,0.0011067303,0.0,0.001059535,0.0010595348,0.0010539194,0.001065345,0.0,0.0009885984,0.0010711879,0.0,0.0010459165,0.0010299012,0.0010204813,0.001031161,0.0011067296,0.001071171,0.0,0.0,0.0010299012,0.0010109869,0.0010669322,0.0010895766,0.0010712056,0.0010595345,0.0,0.0010299011,0.001010987,0.0010669321,0.0010784711,0.0,0.001059535,0.0010459165,0.0010385998,0.0010497617,0.001055894,0.0010679439,0.0,0.0010595341,0.0,0.0010299012,0.0010109869,0.0010669322,0.0010784677,0.0,0.001059535,0.0010459167,0.0010385998,0.0010497617,0.001055894,0.0010679438,0.0010711733,0.0010595346,0.0010459162,0.0010385998,0.0010497617,0.001055894,0.001067944,0.0,0.0,0.0,0.0010299012,0.0010109869,0.0010669322,0.0010895766,0.0010711681,0.001059535,0.0,0.0010299012,0.0010109869,0.0010669322,0.001078468,0.0010711722,0.001059535,0.0010459165,0.0010669322,0.0,0.0010299012,0.0010109871,0.0,0.001059535,0.0010459165,0.0010385998,0.0010497617,0.001055894,0.0010679445,0.0,0.001059535,0.0010459165,0.0010385998,0.0010497617,0.001055894,0.0010679439,0.0,0.0010595346,0.0010459165,0.0010385998,0.0010497617,0.001055894,0.001067945,0.00107117,0.001059535,0.0010459165,0.0010385998,0.0010497617,0.001055894,0.001067944,0.0,0.0,0.0010459165,0.0010299012,0.0010204813,0.001031161,0.0011067298,0.0,0.001059535,0.0010459165,0.0010385998,0.0010497617,0.001055894,0.0010679439,0.0010712835,0.0010595345,0.0010459162,0.0010385996,0.0010497617,0.001055894,0.0010679454
k__Bacteria|p__Proteobacteria|c__Gammaproteobacteria|o__Pasteurellales|f__Pasteurellaceae|g__Aggregatibacter|s__Aggregatibacter_segnis,0.0,0.0010616962,0.0010480477,0.0010406413,0.0010515741,0.0010574941,0.0010693645,0.0,0.0010616962,0.0010480477,0.0010406413,0.0010515741,0.0010574941,0.0010693645,0.0,0.0,0.0010480551,0.0010320026,0.0010224852,0.0010329386,0.0011084164,0.0010733585,0.0,0.0010480477,0.001031998,0.0010224851,0.0010329386,0.0011084166,0.0,0.0,0.0010480477,0.001031998,0.0010224851,0.0010329386,0.0011084165,0.0010733549,0.0010616962,0.0010480477,0.0010406413,0.0010515741,0.0010574941,0.0010693644,0.0,0.0010616962,0.0010480477,0.0010406413,0.0010515741,0.0010574941,0.0010693647,0.0010733551,0.0010616962,0.0010480477,0.0010406413,0.0010515741,0.0010574941,0.0010693645,0.0,0.001061696,0.0010480481,0.0010406415,0.0010515741,0.0010574941,0.0010693645,0.0,0.0010616962,0.0010480477,0.0010406413,0.0010515741,0.0010574941,0.0010693645,0.0,0.0010616962,0.0,0.001031998,0.0010130426,0.0010690339,0.0010803344,0.0,0.0010616962,0.0010480477,0.0010406413,0.0010515741,0.0010574941,0.0010693643,0.0,0.0,0.0,0.001031998,0.0010130426,0.0010690339,0.0010914638,0.0010733557,0.0010616962,0.0015425294,0.001031998,0.0010130426,0.0010690339,0.001080335,0.0010733686,0.0,0.0,0.0010319978,0.0010130426,0.0010690339,0.001091464,0.0010733595,0.0,0.0010480477,0.0,0.0010616962,0.0010480477,0.0010690336,0.0010733551,0.0,0.0,0.001031998,0.0010130426,0.0010690339,0.0010914642,0.0,0.0010616967,0.0,0.001031998,0.0010130426,0.0010690339,0.0010803343,0.0,0.0,0.0010480477,0.0010616968,0.0,0.001031998,0.001061696,0.0010733592,0.0010616964,0.0,0.0010319978,0.0010130426,0.0010690339,0.0010803344,0.0,0.0,0.0010480478,0.001031998,0.0010224851,0.0010329386,0.0011084167,0.0,0.0,0.0010480477,0.0,0.0010616962,0.0010480477,0.0010690335,0.0,0.0010616967,0.0,0.0010616963,0.0,0.0010616962,0.0010480478,0.0,0.0,0.0010480552,0.001031999,0.001022485,0.0010329386,0.001108416,0.0,0.0010617157,0.0010616978,0.0010559937,0.001067187,0.0,0.0009905793,0.0,0.0010616966,0.0010480479,0.0,0.0010616962,0.0010480478,0.0010406421,0.0010733557,0.0010616962,0.0010480477,0.0,0.0010616962,0.0010480477,0.0010406416,0.0,0.0010616964,0.0010480478,0.0010406413,0.0010515741,0.0010574941,0.0010693644,0.0010733551,0.0010616962,0.0010480477,0.0010406413,0.0010515741,0.0010574941,0.0010693645,0.0010733583,0.0,0.0,0.001031998,0.0010130426,0.0010690339,0.0010914643,0.0010733568,0.0,0.0010480477,0.001031998,0.0010224851,0.0010329386,0.0011084166,0.0,0.0010616963,0.0,0.001031998,0.0010130426,0.0010690339,0.0010803344,0.0010733568,0.0,0.0010480477,0.001031998,0.0010224851,0.0010329386,0.0011084168,0.0,0.0010616962,0.0010480477,0.0010406413,0.0010515741,0.0010574941,0.0010693643,0.0010733552,0.0010616962,0.0010480477,0.0010406413,0.0010515741,0.0010574941,0.0010693644,0.0,0.0010616962,0.0010480478,0.0010406413,0.0010515741,0.0010574941,0.0010693645,0.0,0.0,0.0010480477,0.001031998,0.0010224851,0.0010329386,0.0011084166,0.0010733547,0.0010616962,0.0,0.0,0.0010616963,0.0010616962,0.0010559935,0.0010733574,0.0,0.0010480479,0.0,0.0010616963,0.0010480477,0.0010690343,0.0010733784,0.0,0.0010616963,0.0010480478,0.0010406413,0.0,0.0010616961,0.0,0.0010616961,0.0,0.001031998,0.0010130426,0.0010690339,0.0010803355,0.0010733554,0.0,0.0010480477,0.001031998,0.001022485,0.0010329388,0.0011084208,0.0010733559,0.0,0.0,0.001031998,0.0010130426,0.0010690339,0.0010914642,0.0,0.0010616963,0.0010480478,0.0010406413,0.0010515741,0.0010574941,0.0010693645,0.0010733528,0.0010616962,0.0010480478,0.0,0.0010616962,0.0010480477,0.0010406417,0.0010733554,0.0,0.0010480478,0.0010319976,0.0010224851,0.0010329386,0.0011084159,0.0010733549,0.0,0.0010480478,0.0010319978,0.001022485,0.0010329387,0.0011084162,0.0,0.0010616962,0.0010616963,0.0010559935,0.0010671867,0.0,0.0009905982,0.0010733603,0.0,0.0010480478,0.001031998,0.0010224851,0.0010329386,0.0011084165,0.0010733549,0.0,0.0,0.001031998,0.0010130426,0.0010690339,0.0010914641,0.0010733672,0.0010616962,0.0,0.0010319982,0.0010130429,0.0010690339,0.0010803345,0.0,0.0010616963,0.0010480478,0.0010406413,0.0010515741,0.0010574941,0.0010693644,0.0,0.0010616962,0.0,0.001031998,0.0010130426,0.0010690339,0.0010803344,0.0,0.0010616963,0.0010480478,0.0010406413,0.0010515741,0.0010574941,0.0010693645,0.0010733561,0.001061696,0.0010480477,0.0010406412,0.0010515741,0.0010574941,0.0010693644,0.0,0.0,0.0,0.001031998,0.0010130426,0.0010690339,0.0010914643,0.0010733549,0.0010616962,0.0,0.001031998,0.0010130426,0.0010690339,0.0010803345,0.0010733544,0.0010616963,0.0010480477,0.0010690339,0.0,0.001031998,0.0010130426,0.0,0.0010616962,0.0010480477,0.0010406413,0.0010515741,0.0010574941,0.0010693645,0.0,0.0010616962,0.0010480477,0.0010406413,0.0010515741,0.0010574941,0.0010693644,0.0,0.0010616964,0.0010480478,0.0010406413,0.0010515741,0.0010574941,0.0010693646,0.0010733571,0.0010616962,0.0010480477,0.0010406413,0.0010515741,0.0010574941,0.0010693646,0.0,0.0,0.0010480477,0.001031998,0.0010224851,0.0010329386,0.0011084167,0.0,0.0010616962,0.0010480477,0.0010406413,0.0010515741,0.0010574941,0.0010693645,0.0010733881,0.0010616964,0.0010480477,0.0010406413,0.0010515741,0.0010574941,0.0010693641
k__Bacteria|p__Proteobacteria|c__Gammaproteobacteria|o__Enterobacterales|f__Enterobacteriaceae|g__Enterobacter|s__Enterobacter_cloacae,0.0,0.0010660152,0.0010526561,0.001045582,0.001056952,0.0010633272,0.0010754532,0.0,0.0010660152,0.0010526561,0.001045582,0.001056952,0.0010633272,0.0010754531,0.0,0.0,0.0010526769,0.001036918,0.0010277365,0.001038655,0.0011128773,0.0010774502,0.0,0.0010526561,0.0010369036,0.0010277352,0.001038655,0.0011128762,0.0,0.0,0.0010526561,0.0010369038,0.0010277352,0.001038655,0.0011128762,0.0010773964,0.0010660152,0.0010526561,0.001045582,0.001056952,0.0010633272,0.0010754529,0.0,0.0010660163,0.0010526564,0.001045582,0.001056952,0.0010633272,0.0010754537,0.0010773966,0.0010660152,0.0010526561,0.001045582,0.001056952,0.0010633272,0.0010754534,0.0,0.0010660157,0.0010526568,0.001045582,0.001056952,0.0010633272,0.0010754539,0.0,0.0010660152,0.0010526561,0.001045582,0.001056952,0.0010633272,0.001075453,0.0,0.0010660152,0.0,0.0010369038,0.0010182507,0.0010733763,0.0010850582,0.0,0.0010660152,0.0010526561,0.001045582,0.001056952,0.0010633272,0.0010754537,0.0,0.0,0.0,0.0010369038,0.0010182502,0.0010733763,0.0010958789,0.0010774105,0.0010660152,0.0,0.0010369038,0.0010182502,0.0010733763,0.0010850676,0.0010775198,0.0,0.0,0.0010369039,0.0010182507,0.0010733763,0.0010958776,0.0010774359,0.0,0.0010526561,0.0,0.0010660152,0.0010526561,0.0010733765,0.0010774019,0.0,0.0,0.0010369036,0.0010182502,0.0010733763,0.0010958757,0.0,0.0010660175,0.0,0.0010369038,0.0010182502,0.0010733763,0.0010850565,0.0,0.0,0.0010526578,0.0010660171,0.0,0.0010369036,0.0010660157,0.0010774373,0.0010660157,0.0,0.0010369038,0.0010182502,0.0010733763,0.0010850561,0.0,0.0,0.0010526564,0.0010369038,0.0010277352,0.001038655,0.0011128769,0.0,0.0020203853,0.0010526561,0.0015718647,0.0010660152,0.0010526561,0.0010733763,0.0,0.0010660214,0.0,0.0010660153,0.0,0.0010660152,0.0010526562,0.0,0.0,0.0010526816,0.0010369079,0.0010277353,0.001038655,0.0011128774,0.0,0.0010660705,0.0010660215,0.0010606311,0.0010722318,0.0,0.0009961003,0.0,0.0010660192,0.0010526576,0.0,0.0010660157,0.0010526563,0.0010455855,0.0010774058,0.0010660152,0.0010526561,0.0,0.0010660152,0.0010526561,0.0010455837,0.0,0.0010660155,0.0010526561,0.001045582,0.001056952,0.0010633272,0.0010754531,0.0010773963,0.0010660152,0.0010526561,0.001045582,0.001056952,0.0010633272,0.001075453,0.0010774436,0.0,0.0,0.0010369036,0.0010182502,0.0010733763,0.0010958754,0.0010774058,0.0,0.0010526561,0.0010369036,0.0010277352,0.001038655,0.0011128766,0.0,0.0010660153,0.0,0.0010369036,0.0010182502,0.0010733763,0.0010850559,0.0010774211,0.0,0.0010526561,0.0010369038,0.0010277352,0.001038655,0.0011128874,0.0,0.0010660152,0.0010526561,0.001045582,0.001056952,0.0010633272,0.0010754552,0.0010773976,0.0010660152,0.0010526561,0.001045582,0.001056952,0.0010633272,0.0010754529,0.0,0.0010660159,0.0010526563,0.001045582,0.001056952,0.0010633272,0.0010754532,0.0,0.0,0.0010526561,0.0010369038,0.0010277352,0.001038655,0.0011128763,0.0010774003,0.0010660152,0.0,0.0,0.0010660153,0.0010660152,0.0010606315,0.0010774564,0.0,0.0010526564,0.0,0.0010660153,0.0010526561,0.0010733805,0.0010775833,0.0,0.0010660156,0.0010526563,0.001045582,0.0,0.0010660163,0.0,0.0010660151,0.0,0.0010369036,0.0010182502,0.0010733764,0.0010850615,0.001077406,0.0,0.0010526561,0.0010369036,0.0010277353,0.0010386556,0.0011129605,0.0010774243,0.0,0.0,0.0010369038,0.0010182502,0.0010733763,0.0010958755,0.0,0.0010660153,0.0010526561,0.001045582,0.001056952,0.0010633272,0.0010754531,0.0010774155,0.0010660152,0.001052656,0.0,0.0010660152,0.0010526561,0.0010455834,0.0010774006,0.0,0.0010526563,0.001036904,0.0010277352,0.001038655,0.001112879,0.0010774028,0.0,0.0010526561,0.0010369038,0.0010277353,0.0010386552,0.001112879,0.0,0.0010660156,0.0010660156,0.0010606307,0.0010722319,0.0,0.0009961479,0.0010774569,0.0,0.001052656,0.0010369038,0.0010277352,0.001038655,0.0011128762,0.001077405,0.0,0.0,0.0010369036,0.0010182507,0.0010733763,0.0010958781,0.0010775019,0.0010660165,0.0,0.0010369052,0.001018251,0.0010733764,0.0010850668,0.0,0.0010660153,0.001052656,0.001045582,0.001056952,0.0010633272,0.0010754529,0.0,0.0010660171,0.0,0.0010369038,0.0010182502,0.0010733763,0.0010850559,0.0,0.0010660153,0.0010526564,0.001045582,0.001056952,0.0010633272,0.0010754534,0.0010774202,0.0010660155,0.0010526564,0.0010455822,0.001056952,0.0010633272,0.0010754534,0.0,0.0,0.0,0.0010369036,0.0010182502,0.0010733763,0.0010958761,0.0010773961,0.0010660152,0.0,0.0010369036,0.0010182502,0.0010733763,0.0010850574,0.0010774177,0.0010660153,0.0010526561,0.0010733763,0.0,0.0010369036,0.0010182508,0.0,0.0010660152,0.0010526561,0.001045582,0.001056952,0.0010633272,0.0010754543,0.0,0.0010660152,0.0010526561,0.001045582,0.001056952,0.0010633272,0.0010754534,0.0,0.0010660161,0.0010526563,0.001045582,0.001056952,0.0010633272,0.0010754555,0.0010774113,0.0010660152,0.0010526561,0.001045582,0.001056952,0.0010633272,0.0010754537,0.0,0.0,0.0010526561,0.0010369038,0.0010277352,0.001038655,0.0011128767,0.0,0.0010660152,0.0010526561,0.001045582,0.001056952,0.0010633272,0.001075453,0.0010777047,0.0010660178,0.0010526564,0.0010455819,0.001056952,0.0010633272,0.0010754564
k__Bacteria|p__Proteobacteria|c__Gammaproteobacteria|o__Enterobacterales|f__Yersiniaceae|g__Serratia|s__Serratia_liquefaciens,0.0,0.0010613843,0.0010478009,0.0010404962,0.0010516178,0.0010577212,0.0010697243,0.0,0.0010613843,0.0010478009,0.0010404962,0.0010516178,0.0010577212,0.0010697243,0.0,0.0,0.0010478032,0.0010318214,0.0010224123,0.001033058,0.001108363,0.001072997,0.0,0.0010478009,0.0010318195,0.0010224122,0.001033058,0.0011083628,0.0,0.0,0.0010478009,0.0010318195,0.0010224122,0.001033058,0.0011083628,0.0010729822,0.0010613842,0.0010478009,0.0010404962,0.0010516178,0.0010577212,0.0010697242,0.0,0.0010613843,0.001047801,0.0010404962,0.0010516178,0.0010577212,0.0010697249,0.0010729827,0.0010613842,0.0010478009,0.0010404962,0.0010516178,0.0010577212,0.0010697242,0.0,0.0010613844,0.0010478012,0.0010404964,0.0010516178,0.0010577211,0.0010697249,0.0,0.0010613843,0.0010478009,0.0010404962,0.0010516178,0.0010577212,0.0010697242,0.0,0.0010613843,0.0,0.0010318195,0.0010129368,0.0010687554,0.0010802384,0.0,0.0010613842,0.0010478009,0.0010404962,0.0010516178,0.0010577212,0.0010697248,0.0,0.0,0.0,0.0010318195,0.0010129368,0.0010687554,0.0010913045,0.0010729867,0.0010613843,0.0,0.0010318195,0.0010129368,0.0010687554,0.00108024,0.0010730019,0.0,0.0,0.0010318196,0.0010129368,0.0010687554,0.0010913041,0.0010729919,0.0,0.0010478009,0.0,0.0010613842,0.0010478009,0.0010687556,0.0010729833,0.0,0.0,0.0010318195,0.0010129368,0.0010687554,0.0010913032,0.0,0.0010613841,0.0,0.0010318195,0.0010129368,0.0010687554,0.0010802377,0.0,0.0,0.001047801,0.0010613842,0.0,0.0010318195,0.0010613844,0.0010729881,0.0010613843,0.0,0.0010318195,0.0010129368,0.0010687554,0.0010802376,0.0,0.0,0.001047801,0.0010318195,0.0010224122,0.001033058,0.0011083628,0.0,0.0,0.0010478009,0.0,0.0010613842,0.0010478009,0.0010687553,0.0,0.0010613846,0.0,0.0010613844,0.0,0.0010613842,0.0010478009,0.0,0.0,0.0010477997,0.0010318194,0.0010224121,0.001033058,0.0011083628,0.0,0.0010613824,0.0010613841,0.0010557796,0.0010671583,0.0,0.0009905532,0.0,0.0010613842,0.0010478008,0.0,0.0010613843,0.001047801,0.0010404978,0.0010729851,0.0010613842,0.0010478009,0.0,0.0010613842,0.0010478009,0.0010404969,0.0,0.0010613846,0.0010478009,0.0010404962,0.0010516178,0.0010577212,0.0010697243,0.0010729826,0.0010613842,0.0010478009,0.0010404962,0.0010516178,0.0010577212,0.0010697242,0.0010729907,0.0,0.0,0.0010318195,0.0010129368,0.0010687554,0.0010913031,0.0010729817,0.0,0.0010478009,0.0010318195,0.0010224122,0.001033058,0.0011083629,0.0,0.0010613844,0.0,0.0010318195,0.0010129368,0.0010687554,0.0010802376,0.0010729886,0.0,0.0010478009,0.0010318195,0.0010224122,0.001033058,0.0011083649,0.0,0.0010613842,0.0010478009,0.0010404962,0.0010516178,0.0010577212,0.0010697254,0.0010729829,0.0010613842,0.0010478009,0.0010404962,0.0010516178,0.0010577212,0.0010697242,0.0,0.0010613844,0.001047801,0.0010404962,0.0010516178,0.0010577212,0.0010697243,0.0,0.0,0.0010478009,0.0010318195,0.0010224122,0.001033058,0.001108363,0.0010729837,0.0010613842,0.0,0.0,0.0010613844,0.0010613843,0.0010557803,0.0010729994,0.0,0.001047801,0.0,0.0010613844,0.0010478009,0.0010687585,0.0010730248,0.0,0.0010613846,0.001047801,0.0010404962,0.0,0.001061385,0.0,0.0010613842,0.0,0.0010318195,0.0010129368,0.0010687553,0.0010802413,0.0010729845,0.0,0.0010478009,0.0010318195,0.0010224121,0.0010330582,0.001108384,0.0010729873,0.0,0.0,0.0010318195,0.0010129368,0.0010687554,0.001091303,0.0,0.0010613844,0.0010478009,0.0010404962,0.0010516178,0.0010577212,0.0010697243,0.0010730068,0.0010613844,0.001047801,0.0,0.0010613844,0.0010478009,0.0010404965,0.0010729828,0.0,0.001047801,0.0010318196,0.0010224122,0.001033058,0.0011083643,0.0010729838,0.0,0.0010478009,0.0010318195,0.0010224121,0.0010330582,0.0011083635,0.0,0.0010613842,0.0010613843,0.0010557798,0.0010671583,0.0,0.0009905798,0.0010729907,0.0,0.001047801,0.0010318195,0.0010224122,0.001033058,0.0011083628,0.0010729855,0.0,0.0,0.0010318195,0.0010129368,0.0010687554,0.0010913042,0.0010730028,0.0010613842,0.0,0.0010318198,0.001012937,0.0010687554,0.0010802415,0.0,0.0010613844,0.001047801,0.0010404962,0.0010516178,0.0010577212,0.0010697242,0.0,0.0010613844,0.0,0.0010318195,0.0010129368,0.0010687554,0.0010802376,0.0,0.0010613844,0.001047801,0.0010404962,0.0010516178,0.0010577212,0.0010697243,0.0010729877,0.0010613841,0.0010478006,0.0010404964,0.0010516178,0.0010577212,0.0010697246,0.0,0.0,0.0,0.0010318195,0.0010129368,0.0010687554,0.0010913037,0.0010729823,0.0010613842,0.0,0.0010318195,0.0010129368,0.0010687554,0.0010802379,0.001072987,0.0010613844,0.0010478009,0.0010687554,0.0,0.0010318195,0.0010129369,0.0,0.0010613842,0.0010478009,0.0010404962,0.0010516178,0.0010577212,0.001069725,0.0,0.0010613842,0.0010478009,0.0010404962,0.0010516178,0.0010577212,0.0010697243,0.0,0.0010613841,0.001047801,0.0010404962,0.0010516178,0.0010577212,0.0010697258,0.0010729833,0.0010613842,0.0010478009,0.0010404962,0.0010516178,0.0010577212,0.0010697246,0.0,0.0,0.0010478009,0.0010318195,0.0010224122,0.001033058,0.001108363,0.0,0.0010613842,0.0010478009,0.0010404962,0.0010516178,0.0010577212,0.0010697242,0.001073096,0.0010613844,0.0010478006,0.0010404962,0.0010516178,0.0010577212,0.0010697263
k__Bacteria|p__Proteobacteria|c__Gammaproteobacteria|o__Pasteurellales|f__Pasteurellaceae|g__Haemophilus|s__Haemophilus_paraphrohaemolyticus,0.0,0.0010609704,0.0010473457,0.0010399893,0.0010510341,0.0010570597,0.0010690145,0.0,0.0010609705,0.0010473457,0.0010399893,0.0010510341,0.0010570597,0.0010690144,0.0,0.0,0.0010473549,0.0010313272,0.0010218612,0.0010324261,0.0011078925,0.0010726325,0.0,0.0010473457,0.0010313217,0.0010218609,0.0010324261,0.0011078928,0.0,0.0,0.0010473457,0.0010313217,0.0010218609,0.0010324261,0.0011078928,0.0010726078,0.0010609704,0.0010473457,0.0010399893,0.0010510341,0.0010570597,0.0010690144,0.0,0.0010609707,0.0010473459,0.0010399893,0.0010510341,0.0010570597,0.0010690143,0.0010726079,0.0010609704,0.0010473457,0.0010399893,0.0010510341,0.0010570597,0.0010690145,0.0,0.0010609704,0.0010473462,0.0010399896,0.0010510341,0.0010570597,0.001069015,0.0,0.0010609705,0.0010473457,0.0010399893,0.0010510341,0.0010570597,0.0010690145,0.0,0.0010609705,0.0,0.0010313217,0.001012395,0.0010683337,0.0010797463,0.0,0.0010609704,0.0010473457,0.0010399893,0.0010510341,0.0010570597,0.0010690142,0.0,0.0,0.0,0.0010313217,0.001012395,0.0010683337,0.0010908552,0.0010726145,0.0010609705,0.0,0.0010313217,0.001012395,0.0010683337,0.0010797479,0.001072667,0.0,0.0,0.0010313217,0.001012395,0.0010683337,0.0010908552,0.0010726284,0.0,0.0010473457,0.0,0.0010609704,0.0010473457,0.0010683336,0.0010726099,0.0,0.0,0.0010313217,0.001012395,0.0010683337,0.0010908551,0.0,0.0010609712,0.0,0.0010313217,0.001012395,0.0010683337,0.0010797464,0.0,0.0,0.001047346,0.0010609716,0.0,0.0010313217,0.0010609704,0.0010726249,0.0010609706,0.0,0.0010313217,0.001012395,0.0010683337,0.0010797463,0.0,0.0,0.001047346,0.0010313217,0.0010218609,0.0010324261,0.0011078927,0.0,0.0,0.0010473457,0.0,0.0010609704,0.0010473457,0.0010683336,0.0,0.001060971,0.0,0.0010609706,0.0,0.0010609704,0.0010473458,0.0,0.0,0.0010473563,0.0010313233,0.001021861,0.0010324261,0.0011078924,0.0,0.0010609956,0.0010609727,0.0010553167,0.0010666219,0.0,0.0009899635,0.0,0.0010609713,0.0010473459,0.0,0.0010609706,0.0010473458,0.0010399903,0.0010726117,0.0010609704,0.0010473457,0.0,0.0010609704,0.0010473457,0.0010399898,0.0,0.0010609706,0.0010473458,0.0010399893,0.0010510341,0.0010570597,0.0010690144,0.0010726082,0.0010609704,0.0010473457,0.0010399893,0.0010510341,0.0010570597,0.0010690145,0.0010726298,0.0,0.0,0.0010313217,0.001012395,0.0010683337,0.0010908553,0.0010726138,0.0,0.0010473457,0.0010313217,0.0010218609,0.0010324261,0.0011078925,0.0,0.0010609706,0.0,0.0010313217,0.001012395,0.0010683337,0.0010797465,0.0010726169,0.0,0.0010473457,0.0010313217,0.0010218609,0.0010324261,0.0011078925,0.0,0.0010609704,0.0010473457,0.0010399893,0.0010510341,0.0010570597,0.0010690145,0.001072609,0.0010609704,0.0010473457,0.0010399893,0.0010510341,0.0010570597,0.0010690144,0.0,0.0010609706,0.0010473456,0.0010399893,0.0010510341,0.0010570597,0.0010690145,0.0,0.0,0.0010473457,0.0010313217,0.0010218609,0.0010324261,0.0011078931,0.0010726092,0.0010609704,0.0,0.0,0.0010609706,0.0010609705,0.0010553165,0.0010726306,0.0,0.0010473458,0.0,0.0010609706,0.0010473457,0.0010683341,0.0010726997,0.0,0.0010609706,0.0010473456,0.0010399893,0.0,0.0010609704,0.0,0.0010609704,0.0,0.0010313217,0.001012395,0.0010683336,0.0010797455,0.001072612,0.0,0.0010473457,0.0010313217,0.001021861,0.0010324265,0.0011078967,0.0010726161,0.0,0.0,0.0010313217,0.001012395,0.0010683337,0.0010908553,0.0,0.0010609706,0.0010473458,0.0010399893,0.0010510341,0.0010570597,0.0010690144,0.0010726245,0.0010609705,0.0010473458,0.0,0.0010609705,0.0010473457,0.0010399899,0.0010726099,0.0,0.0010473458,0.0010313217,0.0010218609,0.0010324261,0.0011078923,0.0010726098,0.0,0.0010473458,0.0010313217,0.001021861,0.0010324264,0.0011078925,0.0,0.0010609705,0.0010609706,0.0010553164,0.0010666217,0.0,0.0009899805,0.001072637,0.0,0.0010473458,0.0010313217,0.0010218609,0.0010324261,0.0011078928,0.0010726108,0.0,0.0,0.0010313217,0.001012395,0.0010683337,0.0010908553,0.0010726646,0.0010609711,0.0,0.0010313223,0.0010123953,0.0010683337,0.0010797472,0.0,0.0010609705,0.0010473458,0.0010399893,0.0010510341,0.0010570597,0.0010690144,0.0,0.0010609706,0.0,0.0010313217,0.001012395,0.0010683337,0.0010797465,0.0,0.0010609705,0.001047346,0.0010399893,0.0010510341,0.0010570597,0.0010690145,0.0010726165,0.0010609705,0.0010473456,0.0010399894,0.0010510341,0.0010570597,0.0010690144,0.0,0.0,0.0,0.0010313217,0.001012395,0.0010683337,0.0010908552,0.0010726077,0.0010609704,0.0,0.0010313217,0.001012395,0.0010683337,0.0010797464,0.0010726133,0.0010609705,0.0010473457,0.0010683337,0.0,0.0010313217,0.0010123951,0.0,0.0010609704,0.0010473457,0.0010399893,0.0010510341,0.0010570597,0.0010690144,0.0,0.0010609704,0.0010473457,0.0010399893,0.0010510341,0.0010570597,0.0010690143,0.0,0.0010609707,0.0010473458,0.0010399893,0.0010510341,0.0010570597,0.0010690142,0.0010726161,0.0010609704,0.0010473457,0.0010399893,0.0010510341,0.0010570597,0.0010690144,0.0,0.0,0.0010473457,0.0010313217,0.0010218609,0.0010324261,0.0011078928,0.0,0.0010609704,0.0010473457,0.0010399893,0.0010510341,0.0010570597,0.0010690145,0.001072727,0.0010609711,0.0010473456,0.0010399893,0.0010510341,0.0010570597,0.0010690143
k__Bacteria|p__Proteobacteria|c__Deltaproteobacteria|o__Desulfovibrionales|f__Desulfovibrionaceae|g__Desulfovibrio|s__Desulfovibrio_SGB5077,0.0,0.0010616982,0.0010480785,0.001040714,0.0010517206,0.0010577127,0.0010696336,0.0,0.0010616983,0.0010480785,0.001040714,0.0010517206,0.0010577127,0.0010696338,0.0,0.0,0.0010480876,0.0010320643,0.00102259,0.0010331187,0.0011085093,0.0010733467,0.0,0.0010480785,0.0010320586,0.0010225896,0.0010331187,0.0011085082,0.0,0.0,0.0010480785,0.0010320586,0.0010225896,0.0010331187,0.0011085083,0.0010733303,0.0010616982,0.0010480785,0.001040714,0.0010517206,0.0010577127,0.0010696338,0.0,0.0010616988,0.0010480786,0.001040714,0.0010517206,0.0010577127,0.0010696349,0.0010733301,0.0010616982,0.0010480785,0.001040714,0.0010517206,0.0010577127,0.0010696338,0.0,0.0010616983,0.001048079,0.0010407141,0.0010517206,0.0010577127,0.0010696342,0.0,0.0010616983,0.0010480785,0.001040714,0.0010517206,0.0010577127,0.0010696339,0.0,0.0010616983,0.0,0.0010320586,0.0010131348,0.0010690476,0.001080421,0.0,0.0010616982,0.0010480785,0.001040714,0.0010517206,0.0010577127,0.0010696347,0.0,0.0,0.0,0.0010320586,0.0010131348,0.0010690476,0.0010915218,0.0010733368,0.0010616983,0.0,0.0010320586,0.0010131348,0.0010690476,0.0010804288,0.0010733727,0.0,0.0,0.0010320587,0.0010131348,0.0010690476,0.0010915211,0.0010733439,0.0,0.0010480785,0.0,0.0010616982,0.0010480785,0.0010690476,0.0010733322,0.0,0.0,0.0010320586,0.0010131348,0.0010690476,0.001091519,0.0,0.001061699,0.0,0.0010320586,0.0010131348,0.0010690476,0.0010804187,0.0,0.0,0.0010480792,0.0010616988,0.0,0.0010320586,0.0010616985,0.00107334,0.0010616983,0.0,0.0010320586,0.0010131348,0.0010690476,0.0010804181,0.0,0.0,0.0010480786,0.0010320586,0.0010225896,0.0010331187,0.0011085087,0.0,0.0,0.0010480785,0.0,0.0010616982,0.0010480785,0.0010690476,0.0,0.0010617005,0.0,0.0010616984,0.0,0.0010616982,0.0010480788,0.0,0.0,0.0010480864,0.0010320598,0.0010225894,0.0010331187,0.0011085091,0.0,0.0010617209,0.0010617002,0.0010560362,0.0010673014,0.0,0.0009907181,0.0,0.0010616998,0.0010480791,0.0,0.0010616984,0.0010480784,0.0010407176,0.0010733334,0.0010616982,0.0010480785,0.0,0.0010616982,0.0010480785,0.0010407156,0.0,0.0010616984,0.0010480785,0.001040714,0.0010517206,0.0010577127,0.0010696338,0.0010733301,0.0010616982,0.0010480785,0.001040714,0.0010517206,0.0010577127,0.0010696339,0.0010733467,0.0,0.0,0.0010320586,0.0010131348,0.0010690476,0.0010915188,0.0010733322,0.0,0.0010480785,0.0010320586,0.0010225896,0.0010331187,0.0011085087,0.0,0.0010616984,0.0,0.0010320586,0.0010131348,0.0010690476,0.001080418,0.0010733422,0.0,0.0010480785,0.0010320586,0.0010225896,0.0010331187,0.001108521,0.0,0.0010616982,0.0010480785,0.001040714,0.0010517206,0.0010577127,0.0010696362,0.0010733303,0.0010616982,0.0010480785,0.001040714,0.0010517206,0.0010577127,0.0010696338,0.0,0.0010616984,0.0010480784,0.001040714,0.0010517206,0.0010577127,0.0010696336,0.0,0.0,0.0010480785,0.0010320586,0.0010225896,0.0010331187,0.0011085082,0.0010733312,0.0010616982,0.0,0.0,0.0010616984,0.0010616983,0.0010560368,0.0010733489,0.0,0.0010480789,0.0,0.0010616984,0.0010480785,0.0010690531,0.0010733973,0.0,0.0010616983,0.0010480784,0.001040714,0.0,0.0010616994,0.0,0.0010616982,0.0,0.0010320586,0.0010131348,0.0010690476,0.0010804288,0.0010733332,0.0,0.0010480785,0.0010320586,0.0010225894,0.0010331192,0.0011086059,0.001073338,0.0,0.0,0.0010320586,0.0010131348,0.0010690476,0.0010915188,0.0,0.0010616984,0.0010480785,0.001040714,0.0010517206,0.0010577127,0.0010696338,0.0010733292,0.0010616983,0.0010480784,0.0,0.0010616982,0.0010480785,0.0010407154,0.0010733318,0.0,0.0010480784,0.001032059,0.0010225896,0.0010331187,0.0011085119,0.0010733323,0.0,0.0010480785,0.0010320586,0.0010225894,0.0010331187,0.0011085115,0.0,0.0010616983,0.0010616983,0.001056036,0.0010673011,0.0,0.0009907688,0.0010733485,0.0,0.0010480784,0.0010320586,0.0010225896,0.0010331187,0.0011085083,0.0010733338,0.0,0.0,0.0010320586,0.0010131348,0.0010690476,0.0010915212,0.0010733625,0.0010616984,0.0,0.0010320595,0.001013135,0.0010690477,0.0010804295,0.0,0.0010616983,0.0010480784,0.001040714,0.0010517206,0.0010577127,0.0010696338,0.0,0.0010616988,0.0,0.0010320586,0.0010131348,0.0010690476,0.001080418,0.0,0.0010616983,0.0010480786,0.001040714,0.0010517206,0.0010577127,0.0010696338,0.0010733411,0.0010616982,0.0010480785,0.0010407142,0.0010517206,0.0010577127,0.0010696345,0.0,0.0,0.0,0.0010320586,0.0010131348,0.0010690476,0.0010915195,0.0010733297,0.0010616982,0.0,0.0010320586,0.0010131348,0.0010690476,0.0010804193,0.0010733373,0.0010616983,0.0010480785,0.0010690476,0.0,0.0010320586,0.001013135,0.0,0.0010616982,0.0010480785,0.001040714,0.0010517206,0.0010577127,0.0010696353,0.0,0.0010616982,0.0010480785,0.001040714,0.0010517206,0.0010577127,0.0010696341,0.0,0.0010616984,0.0010480784,0.001040714,0.0010517206,0.0010577127,0.0010696374,0.0010733348,0.0010616982,0.0010480785,0.001040714,0.0010517206,0.0010577127,0.0010696346,0.0,0.0,0.0010480785,0.0010320586,0.0010225896,0.0010331187,0.0011085089,0.0,0.0010616982,0.0010480785,0.001040714,0.0010517206,0.0010577127,0.0010696339,0.0010734508,0.0010616992,0.0010480785,0.0010407141,0.0010517206,0.0010577127,0.0010696384
k__Bacteria|p__Proteobacteria|c__Gammaproteobacteria|o__Enterobacterales|f__Enterobacteriaceae|g__Escherichia|s__Escherichia_sp_ESNIH1,0.0,0.0010617303,0.0010480849,0.001040682,0.0010516199,0.0010575452,0.001069419,0.0,0.0010617303,0.0010480849,0.001040682,0.0010516199,0.0010575452,0.0010694191,0.0,0.0,0.0010480988,0.0010320464,0.0010225297,0.0010329881,0.0011084552,0.0010734372,0.0,0.0010480849,0.001032038,0.0010225289,0.0010329881,0.0011084542,0.0,0.0,0.0010480849,0.001032038,0.0010225289,0.0010329881,0.001108454,0.0010733871,0.0010617303,0.0010480849,0.001040682,0.0010516199,0.0010575452,0.0010694187,0.0,0.0010617311,0.001048085,0.001040682,0.0010516199,0.0010575452,0.0010694201,0.0010733869,0.0010617303,0.0010480849,0.001040682,0.0010516199,0.0010575452,0.001069419,0.0,0.0010617304,0.0010480859,0.0010406822,0.0010516199,0.0010575452,0.0010694199,0.0,0.0010617303,0.0010480849,0.001040682,0.0010516199,0.0010575452,0.001069419,0.0,0.0010617303,0.0,0.001032038,0.0010130856,0.0010690686,0.0010803768,0.0,0.0010617303,0.0010480849,0.001040682,0.0010516199,0.0010575452,0.0010694199,0.0,0.0,0.0,0.001032038,0.0010130861,0.0010690686,0.001091504,0.0010734024,0.0010617303,0.0,0.001032038,0.0010130856,0.0010690686,0.001080385,0.0010734997,0.0,0.0,0.001032038,0.0010130861,0.0010690686,0.0010915032,0.0010734246,0.0,0.0010480849,0.0,0.0010617303,0.0010480849,0.0010690688,0.001073392,0.0,0.0,0.001032038,0.0010130856,0.0010690686,0.0010915009,0.0,0.0010617318,0.0,0.001032038,0.0010130856,0.0010690686,0.0010803745,0.0,0.0,0.0010480862,0.001061732,0.0,0.001032038,0.0010617308,0.001073419,0.0010617304,0.0,0.0010320379,0.0010130861,0.0010690686,0.0010803739,0.0,0.0,0.001048085,0.001032038,0.0010225289,0.0010329881,0.0011084547,0.0,0.0017819474,0.0010480849,0.0,0.0010617303,0.0010480849,0.0010690687,0.0,0.0010617331,0.0,0.0010617304,0.0,0.0010617303,0.001048085,0.0,0.0,0.0010481004,0.0010320402,0.001022529,0.0010329881,0.0011084551,0.0,0.0010617623,0.0010617338,0.0010560318,0.0010672295,0.0,0.0009906392,0.0,0.0010617329,0.001048086,0.0,0.0010617304,0.001048085,0.0010406858,0.001073396,0.0010617303,0.0010480849,0.0,0.0010617303,0.0010480849,0.0010406837,0.0,0.0010617306,0.001048085,0.001040682,0.0010516199,0.0010575452,0.0010694191,0.0010733869,0.0010617303,0.0010480849,0.001040682,0.0010516199,0.0010575452,0.001069419,0.0010734331,0.0,0.0,0.001032038,0.0010130856,0.0010690686,0.0010915005,0.0010733954,0.0,0.0010480849,0.001032038,0.0010225289,0.0010329881,0.0011084545,0.0,0.0010617304,0.0,0.001032038,0.0010130856,0.0010690686,0.0010803738,0.0010734105,0.0,0.0010480849,0.001032038,0.0010225289,0.0010329881,0.0011084661,0.0,0.0010617303,0.0010480849,0.001040682,0.0010516199,0.0010575452,0.0010694213,0.001073388,0.0010617303,0.0010480849,0.001040682,0.0010516199,0.0010575452,0.0010694187,0.0,0.0010617307,0.001048085,0.001040682,0.0010516199,0.0010575452,0.001069419,0.0,0.0,0.0010480849,0.001032038,0.0010225289,0.0010329881,0.0011084544,0.0010733906,0.0010617303,0.0,0.0,0.0010617304,0.0010617303,0.001056032,0.0010734427,0.0,0.001048085,0.0,0.0010617304,0.0010480849,0.0010690741,0.0010735552,0.0,0.0010617306,0.001048085,0.001040682,0.0,0.0010617315,0.0,0.0010617302,0.0,0.001032038,0.0010130856,0.0010690686,0.0010803835,0.0010733964,0.0,0.0010480849,0.001032038,0.001022529,0.0010329887,0.0011085466,0.0010734095,0.0,0.0,0.001032038,0.0010130856,0.0010690686,0.0010915006,0.0,0.0010617304,0.001048085,0.001040682,0.0010516199,0.0010575452,0.0010694191,0.0010734189,0.0010617304,0.001048085,0.0,0.0010617304,0.0010480849,0.0010406836,0.0010733912,0.0,0.001048085,0.0010320384,0.0010225289,0.0010329881,0.0011084579,0.0010733925,0.0,0.001048085,0.001032038,0.001022529,0.0010329881,0.0011084575,0.0,0.0010617304,0.0010617306,0.0010560313,0.0010672294,0.0,0.0009906866,0.0010734411,0.0,0.001048085,0.001032038,0.0010225289,0.0010329881,0.001108454,0.0010733948,0.0,0.0,0.001032038,0.0010130856,0.0010690686,0.0010915033,0.0010734919,0.0010617315,0.0,0.001032039,0.0010130862,0.0010690684,0.0010803856,0.0,0.0010617304,0.001048085,0.001040682,0.0010516199,0.0010575452,0.0010694187,0.0,0.0010617311,0.0,0.001032038,0.0010130856,0.0010690686,0.0010803738,0.0,0.0010617304,0.001048085,0.001040682,0.0010516199,0.0010575452,0.0010694191,0.0010734096,0.0010617304,0.001048085,0.0010406821,0.0010516199,0.0010575452,0.0010694194,0.0,0.0,0.0,0.001032038,0.0010130856,0.0010690686,0.0010915014,0.0010733863,0.0010617303,0.0,0.001032038,0.0010130856,0.0010690686,0.0010803756,0.001073404,0.0010617304,0.0010480849,0.0010690686,0.0,0.001032038,0.0010130862,0.0,0.0010617303,0.0010480849,0.001040682,0.0010516199,0.0010575452,0.0010694203,0.0,0.0010617303,0.0010480849,0.001040682,0.0010516199,0.0010575452,0.0010694194,0.0,0.0010617311,0.001048085,0.001040682,0.0010516199,0.0010575452,0.0010694219,0.0010734006,0.0010617303,0.0010480849,0.001040682,0.0010516199,0.0010575452,0.0010694197,0.0,0.0,0.0010480849,0.001032038,0.0010225289,0.0010329881,0.0011084547,0.0,0.0010617303,0.0010480849,0.001040682,0.0010516199,0.0010575452,0.001069419,0.0010736233,0.001061732,0.001048085,0.001040682,0.0010516199,0.0010575452,0.0010694228
k__Bacteria|p__Proteobacteria|c__Gammaproteobacteria|o__Enterobacterales|f__Morganellaceae|g__Proteus|s__Proteus_vulgaris,0.0,0.001061297,0.0010478107,0.0010406508,0.0010520283,0.0010583829,0.001070563,0.0,0.0010612971,0.0010478107,0.0010406508,0.0010520283,0.0010583829,0.0010705628,0.0,0.0,0.0010478254,0.0010319417,0.001022675,0.0010335823,0.001108596,0.0010728302,0.0,0.0010478107,0.001031932,0.0010226744,0.001033582,0.0011085949,0.0,0.0,0.0010478109,0.001031932,0.0010226744,0.001033582,0.0011085948,0.0010728034,0.001061297,0.0010478107,0.0010406508,0.0010520283,0.0010583829,0.0010705625,0.0,0.0010612976,0.001047811,0.0010406508,0.0010520283,0.0010583829,0.0010705633,0.0010728036,0.001061297,0.0010478107,0.0010406508,0.0010520283,0.0010583829,0.0010705628,0.0,0.0010612971,0.0010478114,0.0010406509,0.0010520283,0.0010583829,0.0010705633,0.0,0.0010612971,0.0010478107,0.0010406508,0.0010520283,0.0010583829,0.0010705626,0.0,0.0010612971,0.0,0.001031932,0.0010131561,0.0010687098,0.0010804373,0.0,0.001061297,0.0010478107,0.0010406508,0.0010520283,0.0010583829,0.0010705634,0.0,0.0,0.0,0.001031932,0.0010131561,0.0010687098,0.0010914046,0.001072811,0.0010612971,0.0,0.001031932,0.0010131561,0.0010687098,0.0010804444,0.0010728651,0.0,0.0,0.001031932,0.0010131561,0.0010687098,0.001091404,0.0010728218,0.0,0.0010478107,0.0,0.001061297,0.0010478107,0.00106871,0.0010728061,0.0,0.0,0.001031932,0.0010131561,0.0010687098,0.0010914027,0.0,0.0010612985,0.0,0.001031932,0.0010131561,0.0010687098,0.0010804358,0.0,0.0,0.0010478118,0.0010612982,0.0,0.001031932,0.0010612971,0.0010728239,0.0010612971,0.0,0.0010319318,0.0010131561,0.0010687098,0.0010804355,0.0,0.0,0.001047811,0.001031932,0.0010226744,0.001033582,0.0011085953,0.0,0.0,0.0010478107,0.0,0.001061297,0.0010478107,0.0010687099,0.0,0.0010613011,0.0,0.0010612973,0.0,0.001061297,0.0010478109,0.0,0.0,0.0010478293,0.0010319346,0.0010226745,0.0010335823,0.0011085958,0.0,0.0010613359,0.0010613013,0.0010558321,0.0010674599,0.0,0.0009908915,0.0,0.0010612998,0.0010478118,0.0,0.0010612975,0.0010478107,0.0010406537,0.001072808,0.001061297,0.0010478107,0.0,0.001061297,0.0010478107,0.0010406516,0.0,0.0010612973,0.0010478108,0.0010406508,0.0010520283,0.0010583829,0.0010705626,0.0010728035,0.001061297,0.0010478107,0.0010406508,0.0010520283,0.0010583829,0.0010705626,0.001072827,0.0,0.0,0.001031932,0.0010131561,0.0010687098,0.0010914026,0.0010728076,0.0,0.0010478107,0.001031932,0.0010226744,0.001033582,0.0011085954,0.0,0.0010612973,0.0,0.001031932,0.0010131561,0.0010687098,0.0010804354,0.0010728188,0.0,0.0010478107,0.001031932,0.0010226744,0.0010335823,0.0011086039,0.0,0.001061297,0.0010478107,0.0010406508,0.0010520283,0.0010583829,0.0010705647,0.0010728037,0.001061297,0.0010478107,0.0010406508,0.0010520283,0.0010583829,0.0010705625,0.0,0.0010612976,0.001047811,0.0010406508,0.0010520283,0.0010583829,0.001070563,0.0,0.0,0.0010478107,0.001031932,0.0010226744,0.001033582,0.0011085952,0.0010728047,0.001061297,0.0,0.0,0.0010612973,0.0010612971,0.0010558321,0.0010728309,0.0,0.001047811,0.0,0.0010612973,0.0010478107,0.0010687136,0.0010728984,0.0,0.0010612971,0.0010478107,0.0010406508,0.0,0.0010612977,0.0,0.001061297,0.0,0.001031932,0.0010131561,0.00106871,0.0010804434,0.0010728082,0.0,0.0010478107,0.001031932,0.0010226745,0.0010335828,0.00110866,0.0010728178,0.0,0.0,0.001031932,0.0010131561,0.0010687098,0.0010914026,0.0,0.0010612973,0.0010478108,0.0010406508,0.0010520283,0.0010583829,0.0010705628,0.001072802,0.0010612971,0.0010478107,0.0,0.001061297,0.0010478107,0.001040652,0.0010728056,0.0,0.0010478107,0.0010319321,0.0010226744,0.001033582,0.0011085971,0.0010728067,0.0,0.0010478108,0.001031932,0.0010226745,0.0010335825,0.0011085974,0.0,0.0010612971,0.0010612971,0.0010558317,0.00106746,0.0,0.0009909364,0.0010728313,0.0,0.0010478107,0.001031932,0.0010226744,0.001033582,0.0011085948,0.0010728074,0.0,0.0,0.001031932,0.0010131561,0.0010687098,0.0010914041,0.0010728578,0.001061298,0.0,0.001031933,0.0010131567,0.00106871,0.0010804438,0.0,0.0010612971,0.0010478107,0.0010406508,0.0010520283,0.0010583829,0.0010705625,0.0,0.0010612981,0.0,0.001031932,0.0010131561,0.0010687098,0.0010804354,0.0,0.0010612971,0.001047811,0.0010406508,0.0010520283,0.0010583829,0.0010705628,0.0010728161,0.001061297,0.0010478109,0.0010406509,0.0010520283,0.0010583829,0.0010705633,0.0,0.0,0.0,0.001031932,0.0010131561,0.0010687098,0.0010914032,0.0010728032,0.001061297,0.0,0.001031932,0.0010131561,0.0010687098,0.0010804363,0.0010728141,0.0010612971,0.0010478107,0.0010687098,0.0,0.001031932,0.0010131568,0.0,0.001061297,0.0010478107,0.0010406508,0.0010520283,0.0010583829,0.0010705639,0.0,0.001061297,0.0010478107,0.0010406508,0.0010520283,0.0010583829,0.0010705631,0.0,0.0010612976,0.0010478107,0.0010406508,0.0010520283,0.0010583829,0.0010705653,0.0010728104,0.001061297,0.0010478107,0.0010406508,0.0010520283,0.0010583829,0.0010705632,0.0,0.0,0.0010478107,0.001031932,0.0010226744,0.001033582,0.0011085954,0.0,0.001061297,0.0010478107,0.0010406508,0.0010520283,0.0010583829,0.0010705626,0.0010729657,0.0010612988,0.0010478109,0.0010406508,0.0010520283,0.0010583829,0.001070566
k__Bacteria|p__Proteobacteria|c__Alphaproteobacteria|o__Hyphomicrobiales|f__Methylobacteriaceae|g__Methylobacterium|s__Methylobacterium_SGB17145,0.0,0.0010604757,0.0010468735,0.0010395604,0.0010506974,0.001056811,0.001068834,0.0,0.0010604758,0.0010468735,0.0010395604,0.0010506974,0.001056811,0.0010688341,0.0,0.005501194,0.0010468777,0.0010308768,0.0010214581,0.0010321159,0.0011075556,0.0010721107,0.0,0.0010468735,0.0010308737,0.0010214577,0.0010321157,0.0011075552,0.0,0.0,0.0010468735,0.0010308737,0.0010214577,0.0010321157,0.0011075552,0.0010720928,0.0010604757,0.0010468735,0.0010395604,0.0010506974,0.001056811,0.0010688339,0.0,0.0010604763,0.0010468735,0.0010395604,0.0010506974,0.001056811,0.0010688344,0.0010720927,0.0010604757,0.0010468735,0.0010395604,0.0010506974,0.001056811,0.001068834,0.0,0.001060476,0.0010468737,0.0010395605,0.0010506974,0.001056811,0.0010688346,0.0,0.0010604758,0.0010468735,0.0010395604,0.0010506974,0.001056811,0.001068834,0.0,0.0010604758,0.0,0.0010308737,0.0010119736,0.0010678591,0.0010793647,0.0,0.0010604757,0.0010468735,0.0010395603,0.0010506974,0.001056811,0.0010688342,0.0,0.0,0.0,0.0010308737,0.0010119736,0.0010678591,0.0010904529,0.0010720986,0.0010604758,0.0,0.0010308737,0.0010119736,0.0010678591,0.0010793671,0.0010721408,0.0,0.0,0.0010308739,0.0010119736,0.0010678591,0.0010904527,0.0010721065,0.0,0.0010468735,0.0,0.0010604757,0.0010468735,0.0010678594,0.0010720944,0.0,0.0,0.0010308737,0.0010119736,0.0010678591,0.0010904518,0.0,0.0010604764,0.002894318,0.0010308737,0.0010119736,0.0010678591,0.0010793637,0.0,0.0,0.001046874,0.0010604766,0.0,0.0010308737,0.001060476,0.0010721069,0.001060476,0.0,0.0010308737,0.0010119736,0.0010678591,0.0010793636,0.0,0.0,0.0010468736,0.0010308737,0.0010214577,0.0010321157,0.0011075556,0.0,0.0,0.0010468735,0.0,0.0010604757,0.0010468735,0.001067859,0.0,0.0010604761,0.0,0.001060476,0.0,0.0010604757,0.0010468736,0.0,0.0,0.0010468796,0.0010308742,0.0010214577,0.0010321157,0.0011075553,0.0,0.0010604778,0.0010604763,0.0010548639,0.0010662611,0.0,0.0009895755,0.0,0.0010604765,0.0010468737,0.01022632,0.001060476,0.0010468735,0.0010395618,0.0010720959,0.0010604757,0.0010468735,0.0,0.0010604757,0.0010468735,0.0010395612,0.0,0.001060476,0.0010468736,0.0010395603,0.0010506974,0.001056811,0.0010688341,0.0010720929,0.0010604757,0.0010468735,0.0010395604,0.0010506974,0.001056811,0.001068834,0.0010721139,0.0,0.0,0.0010308737,0.0010119736,0.0010678591,0.0010904517,0.001072096,0.0,0.0010468735,0.0010308737,0.0010214577,0.0010321157,0.0011075553,0.0,0.001060476,0.0,0.0010308737,0.0010119736,0.0010678591,0.0010793636,0.0010721006,0.0,0.0010468735,0.0010308737,0.0010214577,0.0010321157,0.001107558,0.0,0.0010604757,0.0010468735,0.0010395604,0.0010506974,0.001056811,0.0010688354,0.0010720935,0.0010604757,0.0010468735,0.0010395604,0.0010506974,0.001056811,0.0010688339,0.0,0.0010604761,0.0010468735,0.0010395603,0.0010506974,0.001056811,0.001068834,0.0,0.0,0.0010468735,0.0010308737,0.0010214577,0.0010321157,0.0011075553,0.0010720938,0.0010604757,0.0,0.0,0.001060476,0.0010604758,0.0010548643,0.0010721136,0.0,0.0010468735,0.0052047055,0.001060476,0.0010468735,0.0010678605,0.0010721603,0.0,0.001060476,0.0010468735,0.0010395603,0.0,0.0010604764,0.0,0.0010604757,0.0,0.0010308737,0.0010119736,0.001067859,0.0010793665,0.001072097,0.0,0.0010468735,0.0010308737,0.0010214577,0.0010321159,0.0011075845,0.0010721023,0.0,0.0,0.0010308737,0.0010119736,0.0010678591,0.0010904517,0.0,0.001060476,0.0010468736,0.0010395604,0.0010506974,0.001056811,0.0010688341,0.001072107,0.0010604758,0.0010468735,0.0,0.0010604758,0.0010468735,0.0010395613,0.0010720944,0.0,0.0010468735,0.0010308739,0.0010214577,0.0010321157,0.0011075566,0.0010720948,0.0,0.0010468736,0.0010308737,0.0010214577,0.0010321157,0.0011075562,0.0,0.0010604758,0.001060476,0.0010548637,0.0010662609,0.0,0.0009896067,0.0010721154,0.0,0.0010468735,0.0010308737,0.0010214577,0.0010321157,0.0011075552,0.0010720955,0.0,0.0,0.0010308737,0.0010119736,0.0010678591,0.0010904529,0.0010721389,0.0010604762,0.0,0.0010308742,0.0010119738,0.0010678591,0.0010793679,0.0,0.0010604758,0.0010468735,0.0010395603,0.0010506974,0.001056811,0.0010688339,0.0,0.0010604758,0.0,0.0010308737,0.0010119736,0.0010678591,0.0010793636,0.0,0.001060476,0.0010468736,0.0010395603,0.0010506974,0.001056811,0.0010688341,0.0010721004,0.0010604758,0.0010468735,0.0010395605,0.0010506974,0.001056811,0.0010688342,0.0,0.0,0.0,0.0010308737,0.0010119736,0.0010678591,0.0010904521,0.0010720928,0.0010604757,0.0,0.0010308737,0.0010119736,0.0010678591,0.0010793636,0.0010720989,0.0010604758,0.0010468735,0.0010678591,0.0006811866,0.0010308737,0.0010119738,0.0,0.0010604757,0.0010468735,0.0010395603,0.0010506974,0.001056811,0.0010688344,0.0,0.0010604757,0.0010468735,0.0010395603,0.0010506974,0.001056811,0.0010688341,0.0,0.0010604761,0.0010468735,0.0010395603,0.0010506974,0.001056811,0.0010688354,0.0010720975,0.0010604757,0.0010468735,0.0010395603,0.0010506974,0.001056811,0.0010688346,0.0,0.0,0.0010468735,0.0010308737,0.0010214577,0.0010321159,0.0011075555,0.0,0.0010604757,0.0010468735,0.0010395604,0.0010506974,0.001056811,0.001068834,0.0010721929,0.0010604762,0.0010468735,0.0010395603,0.0010506974,0.001056811,0.0010688358
k__Bacteria|p__Proteobacteria|c__Gammaproteobacteria|o__Enterobacterales|f__Morganellaceae|g__Providencia|s__Providencia_alcalifaciens,0.0,0.001059505,0.0010459449,0.0010387148,0.0010500291,0.001056311,0.0010684659,0.0,0.0010595052,0.0010459449,0.0010387148,0.0010500291,0.001056311,0.0010684659,0.0,0.0,0.0010459605,0.0010300012,0.001020662,0.0010314967,0.0011068888,0.0010711144,0.0,0.0010459449,0.0010299914,0.0010206611,0.0010314967,0.001106888,0.0,0.0,0.0010459452,0.0010299914,0.0010206611,0.0010314967,0.0011068879,0.0010710835,0.001059505,0.0010459449,0.0010387148,0.0010500291,0.001056311,0.0010684658,0.0,0.0010595061,0.0010459452,0.0010387148,0.0010500291,0.001056311,0.0010684666,0.0010710834,0.001059505,0.0010459449,0.0010387148,0.0010500291,0.001056311,0.0010684659,0.0,0.0010595053,0.0010459458,0.0010387149,0.0010500291,0.001056311,0.0010684665,0.0,0.0010595052,0.0010459449,0.0010387148,0.0010500291,0.001056311,0.0010684659,0.0,0.0010595052,0.0,0.0010299914,0.0010111417,0.0010669269,0.0010786094,0.0,0.001059505,0.0010459449,0.0010387148,0.0010500291,0.001056311,0.0010684665,0.0,0.0,0.0,0.0010299914,0.0010111417,0.0010669269,0.0010896589,0.0010710915,0.0010595052,0.0,0.0010299914,0.0010111417,0.0010669269,0.001078618,0.0010711751,0.0,0.0,0.0010299917,0.0010111417,0.0010669269,0.0010896584,0.0010711097,0.0,0.0010459449,0.0,0.001059505,0.0010459449,0.0010669271,0.0010710869,0.0,0.0,0.0010299914,0.0010111417,0.0010669269,0.0010896566,0.0,0.0010595068,0.0,0.0010299917,0.0010111417,0.0010669269,0.001078608,0.0,0.0,0.0010459464,0.0010595064,0.0,0.0010299914,0.0010595052,0.0010711092,0.0010595053,0.0,0.0010299913,0.0010111417,0.0010669269,0.001078607,0.0,0.0,0.0010459453,0.0010299914,0.0010206611,0.0010314967,0.0011068885,0.0,0.0,0.0010459449,0.0,0.001059505,0.0010459449,0.0010669271,0.0,0.0010595089,0.0,0.0010595053,0.0,0.001059505,0.0010459453,0.0,0.0,0.0010459615,0.0010299945,0.0010206612,0.0010314967,0.0011068889,0.0,0.0010595444,0.0010595096,0.0010539736,0.0010655472,0.0,0.0009888038,0.0,0.0010595081,0.001045946,0.0,0.0010595055,0.0010459452,0.0010387184,0.0010710873,0.001059505,0.0010459449,0.0,0.001059505,0.0010459449,0.0010387164,0.0,0.0010595053,0.0010459453,0.0010387148,0.0010500291,0.001056311,0.0010684658,0.001071083,0.001059505,0.0010459449,0.0010387148,0.0010500291,0.001056311,0.0010684659,0.001071118,0.0,0.0,0.0010299914,0.0010111417,0.0010669269,0.0010896565,0.0010710906,0.0,0.0010459449,0.0010299914,0.0010206611,0.0010314967,0.0011068884,0.0,0.0010595053,0.0,0.0010299914,0.0010111417,0.0010669269,0.0010786072,0.0010710987,0.0,0.0010459449,0.0010299914,0.0010206611,0.0010314967,0.0011068985,0.0,0.001059505,0.0010459449,0.0010387148,0.0010500291,0.001056311,0.0010684682,0.0010710835,0.001059505,0.0010459449,0.0010387148,0.0010500291,0.001056311,0.0010684658,0.0,0.0010595056,0.0010459452,0.0010387148,0.0010500291,0.001056311,0.0010684659,0.0,0.0,0.0010459449,0.0010299914,0.0010206611,0.0010314967,0.001106888,0.0010710848,0.001059505,0.0,0.0,0.0010595053,0.0010595052,0.0010539737,0.0010711175,0.0,0.0010459453,0.0,0.0010595053,0.0010459452,0.0010669312,0.0010712208,0.0,0.0010595052,0.0010459452,0.0010387148,0.0,0.001059506,0.0,0.001059505,0.0,0.0010299914,0.0010111417,0.0010669269,0.0010786138,0.001071089,0.0,0.0010459449,0.0010299914,0.0010206612,0.0010314975,0.0011069641,0.0010711001,0.001764088,0.0,0.0010299914,0.0010111417,0.0010669269,0.0010896565,0.0,0.0010595053,0.001045945,0.0010387148,0.0010500291,0.001056311,0.0010684659,0.0010710713,0.0010595052,0.001045945,0.0,0.001059505,0.0010459449,0.001038716,0.001071086,0.0,0.0010459452,0.0010299917,0.0010206611,0.0010314967,0.0011068905,0.0010710869,0.0,0.0010459453,0.0010299917,0.0010206612,0.0010314968,0.0011068908,0.0,0.0010595052,0.0010595053,0.001053973,0.0010655471,0.0,0.0009888458,0.0010711271,0.0,0.0010459452,0.0010299914,0.0010206611,0.0010314967,0.0011068879,0.0010710876,0.0,0.0,0.0010299914,0.0010111417,0.0010669269,0.0010896581,0.0010711572,0.0010595062,0.0,0.0010299927,0.0010111418,0.0010669271,0.0010786171,0.0,0.0010595052,0.0010459452,0.0010387148,0.0010500291,0.001056311,0.0010684658,0.0,0.0010595062,0.0,0.0010299914,0.0010111417,0.0010669269,0.0010786072,0.0,0.0010595052,0.0010459453,0.0010387148,0.0010500291,0.001056311,0.0010684659,0.0010711009,0.001059505,0.0010459452,0.0010387149,0.0010500291,0.001056311,0.0010684663,0.0,0.0,0.0,0.0010299914,0.0010111417,0.0010669269,0.0010896571,0.001071083,0.001059505,0.0,0.0010299914,0.0010111417,0.0010669269,0.0010786083,0.0010710962,0.0010595052,0.0010459449,0.0010669269,0.0,0.0010299914,0.0010111417,0.0,0.001059505,0.0010459449,0.0010387148,0.0010500291,0.001056311,0.0010684668,0.0,0.001059505,0.0010459449,0.0010387148,0.0010500291,0.001056311,0.0010684662,0.0,0.0010595059,0.0010459452,0.0010387148,0.0010500291,0.001056311,0.0010684682,0.0010710936,0.001059505,0.0010459449,0.0010387148,0.0010500291,0.001056311,0.0010684665,0.0,0.0,0.0010459449,0.0010299914,0.0010206611,0.0010314967,0.0011068886,0.0,0.001059505,0.0010459449,0.0010387148,0.0010500291,0.001056311,0.0010684659,0.0010712661,0.0010595069,0.0010459452,0.0010387148,0.0010500291,0.0010563113,0.0010684688
k__Bacteria|p__Proteobacteria|c__Epsilonproteobacteria|o__Campylobacterales|f__Campylobacteraceae|g__Campylobacter|s__Campylobacter_concisus,0.0,0.0010593408,0.0010455764,0.0010380493,0.0010488495,0.0010546255,0.0010664293,0.0,0.0010593409,0.0010455764,0.0010380493,0.0010488495,0.0010546255,0.0010664291,0.0,0.0,0.0010455959,0.0010294218,0.0010197713,0.0010300784,0.0011061137,0.0010711361,0.0,0.0010455764,0.0010294077,0.0010197702,0.0010300784,0.0011061127,0.0,0.0,0.0010455764,0.0010294077,0.0010197702,0.0010300784,0.0011061126,0.0010711128,0.0010593409,0.0010455764,0.0010380493,0.0010488495,0.0010546255,0.0010664291,0.0,0.001059342,0.0010455764,0.0010380493,0.0010488495,0.0010546255,0.0010664299,0.0010711127,0.0010593409,0.0010455764,0.0010380493,0.0010488495,0.0010546255,0.0010664293,0.0,0.0010593414,0.001045577,0.0010380495,0.0010488495,0.0010546257,0.0010664299,0.0,0.0010593409,0.0010455764,0.0010380493,0.0010488495,0.0010546255,0.0010664291,0.0,0.0010593409,0.0,0.0010294077,0.0010103339,0.0010666827,0.0010778793,0.0,0.0010593409,0.0010455764,0.0010380493,0.0010488495,0.0010546255,0.0010664299,0.0,0.0,0.0,0.0010294077,0.0010103339,0.0010666827,0.0010891377,0.0010711191,0.0010593409,0.002047756,0.0010294077,0.0010103339,0.0010666827,0.0010778852,0.0010711679,0.0,0.0,0.001029408,0.0010103339,0.0010666827,0.0010891363,0.0010711303,0.0,0.0010455764,0.0,0.0010593409,0.0010455764,0.0010666827,0.001071116,0.0,0.0,0.0010294077,0.0010103339,0.0010666827,0.0010891343,0.0,0.0010593426,0.0,0.0010294077,0.0010103339,0.0010666827,0.0010778772,0.0,0.0,0.0010455783,0.0010593424,0.0,0.0010294077,0.0010593409,0.0010711428,0.0010593414,0.0,0.0010294077,0.0010103339,0.0010666827,0.0010778768,0.0,0.0,0.0010455765,0.0010294077,0.0010197702,0.0010300784,0.0011061131,0.0,0.0,0.0010455764,0.0,0.0010593409,0.0010455764,0.0010666826,0.0,0.001059347,0.0,0.001059341,0.0013355993,0.0010593409,0.0010455765,0.0,0.0,0.0010456017,0.0010294116,0.0010197703,0.0010300784,0.0011061138,0.0018144485,0.0010593872,0.0010593461,0.0010535242,0.0010645975,0.0,0.0009877651,0.0,0.0010593443,0.0010455779,0.0,0.0010593414,0.0010455764,0.0010380525,0.001071119,0.0010593409,0.0010455764,0.0,0.0010593409,0.0010455764,0.0010380505,0.0,0.001059341,0.0010455765,0.0010380493,0.0010488495,0.0010546255,0.0010664293,0.0010711123,0.0010593409,0.0010455764,0.0010380493,0.0010488495,0.0010546255,0.0010664291,0.0010711388,0.0,0.0,0.0010294077,0.0010103339,0.0010666827,0.0010891339,0.001071117,0.0,0.0010455764,0.0010294077,0.0010197702,0.0010300784,0.001106113,0.0,0.001059341,0.0,0.0010294077,0.0010103339,0.0010666827,0.0010778769,0.001071125,0.0,0.0010455764,0.0010294077,0.0010197702,0.0010300784,0.0011061205,0.0,0.0010593409,0.0010455764,0.0010380493,0.0010488495,0.0010546255,0.001066431,0.0010711127,0.0010593409,0.0010455764,0.0010380493,0.0010488495,0.0010546255,0.0010664291,0.0,0.0010593417,0.0010455764,0.0010380493,0.0010488495,0.0010546255,0.0010664293,0.0,0.0,0.0010455764,0.0010294077,0.0010197702,0.0010300784,0.001106113,0.0010711141,0.0010593409,0.0,0.0,0.001059341,0.0010593409,0.0010535246,0.0010711404,0.0,0.0010455768,0.0,0.001059341,0.0010455764,0.0010666867,0.001071193,0.0,0.0010593414,0.0010455764,0.0010380493,0.0,0.0010593421,0.0,0.0010593408,0.0,0.0010294077,0.0010103339,0.0010666826,0.0010778822,0.0010711185,0.0,0.0010455764,0.0010294077,0.0010197703,0.001030079,0.0011061884,0.0010711317,0.0,0.0,0.0010294077,0.0010103339,0.0010666827,0.001089134,0.0,0.001059341,0.0010455765,0.0010380493,0.0010488495,0.0010546255,0.0010664291,0.0010710999,0.0010593409,0.0010455764,0.0,0.0010593409,0.0010455764,0.0010380505,0.0010711147,0.0,0.0010455764,0.0010294081,0.0010197702,0.0010300784,0.001106116,0.0010711162,0.0,0.0010455765,0.0010294077,0.0010197703,0.0010300785,0.0011061149,0.0,0.0010593409,0.0010593411,0.0010535236,0.0010645976,0.0,0.0009878161,0.0010711417,0.0,0.0010455764,0.0010294077,0.0010197702,0.0010300784,0.0011061126,0.0010711179,0.0,0.0,0.0010294077,0.0010103339,0.0010666827,0.0010891367,0.0010711576,0.0010593417,0.0,0.0010294091,0.001010334,0.0010666826,0.0010778868,0.0,0.001059341,0.0010455764,0.0010380493,0.0010488495,0.0010546255,0.0010664291,0.0,0.0010593428,0.0,0.0010294077,0.0010103339,0.0010666827,0.0010778769,0.0,0.001059341,0.0010455765,0.0010380493,0.0010488495,0.0010546255,0.0010664294,0.0010711249,0.0010593409,0.0010455764,0.0010380496,0.0010488495,0.0010546255,0.0010664295,0.0,0.0,0.0,0.0010294077,0.0010103339,0.0010666827,0.0010891345,0.0010711121,0.0010593409,0.0,0.0010294077,0.0010103339,0.0010666827,0.0010778778,0.0010711257,0.001059341,0.0010455764,0.0010666827,0.0,0.0010294077,0.001010334,0.0,0.0010593409,0.0010455764,0.0010380493,0.0010488495,0.0010546255,0.00106643,0.0,0.0010593409,0.0010455764,0.0010380493,0.0010488495,0.0010546255,0.0010664294,0.0,0.0010593416,0.0010455764,0.0010380493,0.0010488495,0.0010546257,0.0010664315,0.0010711203,0.0010593409,0.0010455764,0.0010380493,0.0010488495,0.0010546255,0.0010664298,0.0,0.0,0.0010455764,0.0010294077,0.0010197702,0.0010300784,0.0011061131,0.0,0.0010593409,0.0010455764,0.0010380493,0.0010488495,0.0010546255,0.0010664291,0.0010712615,0.0010593433,0.0010455768,0.0010380495,0.0010488495,0.0010546257,0.0010664325
k__Bacteria|p__Proteobacteria|c__Gammaproteobacteria|o__Enterobacterales|f__Morganellaceae|g__Morganella|s__Morganella_morganii,0.0,0.001062488,0.0010488316,0.0010413963,0.0010522528,0.0010581021,0.0010699123,0.0,0.0010624881,0.0010488316,0.0010413963,0.0010522528,0.0010581021,0.001069912,0.0,0.0,0.0010488505,0.0010327819,0.0010232304,0.001033608,0.0011090451,0.0010742003,0.0,0.0010488316,0.001032772,0.0010232293,0.001033608,0.0011090438,0.0,0.0,0.0010488316,0.001032772,0.0010232294,0.001033608,0.0011090438,0.001074154,0.0010624881,0.0010488316,0.0010413963,0.0010522528,0.0010581021,0.001069912,0.0,0.0010624889,0.0010488316,0.0010413963,0.0010522528,0.0010581021,0.0010699129,0.0010741538,0.0010624881,0.0010488316,0.0010413963,0.0010522528,0.0010581021,0.001069912,0.0,0.0010624882,0.001048833,0.0010413966,0.0010522528,0.0010581021,0.0010699129,0.0,0.0010624881,0.0010488316,0.0010413963,0.0010522528,0.0010581021,0.0010699121,0.0,0.0010624881,0.0,0.001032772,0.0010138048,0.001069805,0.0010810294,0.0,0.0010624881,0.0010488316,0.0010413963,0.0010522528,0.0010581021,0.001069913,0.0,0.0,0.0,0.001032772,0.0010138048,0.0010698051,0.0010921643,0.0010741685,0.0010624881,0.0,0.001032772,0.0010138048,0.0010698051,0.0010810416,0.001074277,0.0,0.0,0.001032772,0.0010138048,0.001069805,0.0010921634,0.001074191,0.0,0.0010488316,0.0,0.0010624881,0.0010488316,0.0010698051,0.0010741587,0.0,0.0,0.001032772,0.0010138048,0.001069805,0.0010921616,0.0,0.0010624903,0.0,0.001032772,0.0010138048,0.001069805,0.0010810273,0.0,0.0,0.0010488327,0.0010624904,0.0,0.001032772,0.0010624884,0.0010741843,0.0010624882,0.0,0.0010327719,0.0010138048,0.001069805,0.0010810267,0.0,0.0,0.0010488317,0.001032772,0.0010232294,0.001033608,0.0011090442,0.0,0.0,0.0010488316,0.0,0.0010624881,0.0010488316,0.0010698051,0.0,0.0010624916,0.0,0.0010624882,0.0,0.0010624881,0.0010488317,0.0,0.0,0.0010488536,0.001032775,0.0010232296,0.001033608,0.0011090446,0.0,0.0010625451,0.0010624939,0.0010567583,0.0010678732,0.0,0.0009913433,0.0,0.0010624912,0.0010488328,0.0,0.0010624883,0.0010488317,0.0010414007,0.0010741609,0.0010624881,0.0010488316,0.0,0.0010624881,0.0010488316,0.001041398,0.0,0.0010624882,0.0010488317,0.0010413963,0.0010522528,0.0010581021,0.0010699121,0.0010741536,0.0010624881,0.0010488316,0.0010413963,0.0010522528,0.0010581021,0.0010699121,0.0010741982,0.0,0.0,0.0010327718,0.0010138048,0.001069805,0.0010921616,0.0010741651,0.0,0.0010488316,0.001032772,0.0010232294,0.001033608,0.0011090441,0.0,0.0010624882,0.0,0.001032772,0.0010138048,0.001069805,0.0010810267,0.0010741792,0.0018242074,0.0010488316,0.001032772,0.0010232294,0.001033608,0.0011090584,0.0,0.0010624881,0.0010488316,0.0010413963,0.0010522528,0.0010581021,0.0010699145,0.0010741549,0.0010624881,0.0010488316,0.0010413963,0.0010522528,0.0010581021,0.001069912,0.0,0.0010624885,0.0010488317,0.0010413963,0.0010522528,0.0010581021,0.0010699123,0.0,0.0,0.0010488316,0.001032772,0.0010232294,0.001033608,0.0011090438,0.0010741559,0.0010624881,0.0,0.0,0.0010624882,0.0010624881,0.0010567579,0.0010741979,0.0,0.0010488317,0.0,0.0010624882,0.0010488316,0.0010698106,0.0010743351,0.0,0.0010624881,0.0010488317,0.0010413963,0.0,0.0010624888,0.0,0.001062488,0.0,0.001032772,0.0010138048,0.0010698052,0.0010810387,0.0010741618,0.0,0.0010488316,0.001032772,0.0010232296,0.0010336089,0.0011091569,0.0010741726,0.0,0.0,0.001032772,0.0010138048,0.001069805,0.0010921613,0.0,0.0010624882,0.0010488317,0.0010413963,0.0010522528,0.0010581021,0.001069912,0.0010741515,0.0010624881,0.0010488317,0.0,0.0010624881,0.0010488316,0.0010413985,0.0010741584,0.0,0.0010488317,0.001032772,0.0010232294,0.001033608,0.001109047,0.0010741587,0.0,0.0010488317,0.001032772,0.0010232296,0.001033608,0.0011090478,0.0,0.0010624881,0.0010624882,0.0010567578,0.0010678732,0.0,0.0009913911,0.0010742048,0.0034409405,0.0010488317,0.001032772,0.0010232294,0.001033608,0.0011090435,0.00107416,0.0,0.0,0.0010327718,0.0010138048,0.001069805,0.0010921635,0.0010742662,0.0010624899,0.0,0.0010327736,0.0010138053,0.0010698052,0.0010810387,0.0,0.0010624881,0.0010488317,0.0010413963,0.0010522528,0.0010581021,0.001069912,0.0,0.0010624889,0.0,0.0010327718,0.0010138048,0.001069805,0.0010810267,0.0,0.0010624881,0.0010488317,0.0010413963,0.0010522528,0.0010581021,0.001069912,0.0010741787,0.0010624883,0.0010488319,0.0010413968,0.0010522528,0.0010581021,0.0010699127,0.0,0.0,0.0,0.001032772,0.0010138048,0.001069805,0.0010921618,0.0010741533,0.0010624881,0.0,0.001032772,0.0010138048,0.001069805,0.0010810286,0.0010741678,0.0010624881,0.0010488316,0.001069805,0.0,0.001032772,0.0010138048,0.0,0.0010624881,0.0010488316,0.0010413963,0.0010522528,0.0010581021,0.0010699135,0.0,0.0010624881,0.0010488316,0.0010413963,0.0010522528,0.0010581021,0.0010699123,0.0,0.0010624893,0.0010488317,0.0010413963,0.0010522528,0.0010581021,0.0010699157,0.0010741707,0.0010624881,0.0010488316,0.0010413963,0.0010522528,0.0010581021,0.001069913,0.0,0.0,0.0010488316,0.001032772,0.0010232294,0.001033608,0.0011090445,0.0,0.0010624881,0.0010488316,0.0010413963,0.0010522528,0.0010581021,0.0010699121,0.0010743736,0.0010624898,0.0010488316,0.0010413963,0.0010522528,0.0010581021,0.0010699165
k__Bacteria|p__Proteobacteria|c__Gammaproteobacteria|o__Enterobacterales|f__Enterobacteriaceae|g__Leclercia|s__Leclercia_adecarboxylata,0.0,0.0010597815,0.001046153,0.0010388158,0.0010499337,0.0010560242,0.0010680411,0.0,0.0010597819,0.001046153,0.0010388158,0.0010499337,0.0010560242,0.0010680412,0.0,0.0,0.0010461474,0.0010301223,0.0010206852,0.0010313208,0.0011069007,0.0010714245,0.0,0.001046153,0.0010301267,0.0010206855,0.0010313208,0.0011069007,0.0,0.0,0.001046153,0.0010301267,0.0010206855,0.0010313208,0.0011069007,0.0010714245,0.0010597819,0.001046153,0.0010388158,0.0010499337,0.0010560242,0.001068041,0.0,0.0010597818,0.001046153,0.0010388158,0.0010499337,0.0010560242,0.0010680422,0.0010714249,0.0010597819,0.001046153,0.0010388158,0.0010499337,0.0010560242,0.001068041,0.0,0.0010597819,0.001046153,0.001038816,0.0010499337,0.0010560242,0.0010680415,0.0,0.0010597819,0.001046153,0.0010388158,0.0010499337,0.0010560242,0.001068041,0.0,0.0010597819,0.0,0.0010301267,0.0010112,0.0010671696,0.0010786618,0.0,0.0010597819,0.001046153,0.0010388158,0.0010499337,0.0010560242,0.0010680415,0.0,0.0,0.0,0.0010301267,0.0010112,0.0010671696,0.0010897795,0.0010714263,0.0010597819,0.0,0.0010301267,0.0010112,0.0010671696,0.0010786636,0.0010714371,0.0,0.0,0.0010301267,0.0010112,0.0010671696,0.0010897798,0.0010714289,0.0,0.001046153,0.0,0.0010597819,0.001046153,0.0010671695,0.001071424,0.0,0.0,0.0010301267,0.0010112,0.0010671696,0.0010897791,0.0,0.0010597811,0.0,0.0010301267,0.0010112,0.0010671696,0.0010786614,0.0,0.0,0.0010461523,0.0010597813,0.0,0.0010301267,0.001059782,0.001071414,0.0010597819,0.0,0.0010301267,0.0010112,0.0010671696,0.0010786613,0.0,0.0,0.001046153,0.0010301267,0.0010206855,0.0010313208,0.0011069007,0.0,0.0,0.001046153,0.0,0.0010597819,0.001046153,0.0010671694,0.0,0.0010597787,0.0,0.001059782,0.0,0.0010597819,0.0010461531,0.0,0.0,0.0010461385,0.0010301244,0.0010206857,0.0010313208,0.0011069002,0.0,0.0010597623,0.0010597794,0.0010541463,0.0010655284,0.0,0.0009887737,0.0,0.0010597806,0.0010461524,0.0,0.0010597816,0.0010461533,0.001038817,0.0010714228,0.0010597819,0.001046153,0.0,0.0010597819,0.001046153,0.0010388165,0.0,0.0010597821,0.0010461531,0.0010388158,0.0010499337,0.0010560242,0.0010680411,0.0010714247,0.0010597819,0.001046153,0.0010388158,0.0010499337,0.0010560242,0.001068041,0.0010714249,0.0,0.0,0.0010301267,0.0010112,0.0010671696,0.0010897791,0.0010714232,0.0013182902,0.001046153,0.0010301267,0.0010206855,0.0010313208,0.0011069006,0.0,0.001059782,0.0,0.0010301267,0.0010112,0.0010671696,0.0010786611,0.0010714264,0.0,0.001046153,0.0010301267,0.0010206855,0.0010313208,0.0011069047,0.0,0.0010597819,0.001046153,0.0010388158,0.0010499337,0.0010560242,0.0010680421,0.0010714248,0.0010597819,0.001046153,0.0010388158,0.0010499337,0.0010560242,0.001068041,0.0,0.0010597818,0.0010461529,0.0010388158,0.0010499337,0.0010560242,0.0010680411,0.0,0.0,0.001046153,0.0010301267,0.0010206855,0.0010313208,0.0011069009,0.0010714249,0.0010597819,0.0,0.0,0.001059782,0.0010597819,0.0010541469,0.0010714276,0.0,0.001046153,0.0,0.001059782,0.001046153,0.0010671727,0.0010714576,0.0,0.001059782,0.0010461533,0.0010388158,0.0,0.0010597823,0.0,0.0010597818,0.0,0.0010301267,0.0010112,0.0010671695,0.0010786655,0.0010714232,0.0,0.001046153,0.0010301267,0.0010206857,0.0010313209,0.0011069333,0.0010714203,0.0,0.0,0.0010301267,0.0010112,0.0010671696,0.0010897792,0.0,0.001059782,0.0010461531,0.0010388158,0.0010499337,0.0010560242,0.0010680411,0.0010714482,0.001059782,0.0010461533,0.0,0.001059782,0.001046153,0.0010388163,0.0010714242,0.0,0.0010461533,0.0010301268,0.0010206855,0.0010313208,0.0011069013,0.0010714238,0.0,0.0010461531,0.0010301267,0.0010206857,0.001031321,0.001106901,0.0,0.0010597818,0.0010597819,0.0010541469,0.001065528,0.0,0.0009887951,0.0010714281,0.0,0.0010461533,0.0010301267,0.0010206855,0.0010313208,0.0011069007,0.0010714249,0.0,0.0,0.0010301267,0.0010112,0.0010671696,0.0010897795,0.0010714283,0.0010597813,0.0,0.0010301266,0.0010111997,0.0010671696,0.0010786647,0.0,0.0010597821,0.0010461533,0.0010388158,0.0010499337,0.0010560242,0.001068041,0.0,0.0010597811,0.0,0.0010301267,0.0010112,0.0010671696,0.0010786611,0.0,0.001059782,0.0010461533,0.0010388158,0.0010499337,0.0010560242,0.0010680411,0.0010714253,0.0010597819,0.001046153,0.0010388157,0.0010499337,0.0010560242,0.0010680414,0.0,0.0,0.0,0.0010301267,0.0010112,0.0010671696,0.0010897795,0.0010714246,0.0010597819,0.0,0.0010301267,0.0010112,0.0010671696,0.0010786614,0.0010714217,0.0010597821,0.001046153,0.0010671696,0.0,0.0010301267,0.0010112001,0.0,0.0010597819,0.001046153,0.0010388158,0.0010499337,0.0010560242,0.0010680418,0.0,0.0010597819,0.001046153,0.0010388158,0.0010499337,0.0010560242,0.0010680412,0.0,0.0010597814,0.0010461533,0.0010388158,0.0010499337,0.0010560242,0.0010680426,0.0010714227,0.0010597819,0.001046153,0.0010388158,0.0010499337,0.0010560242,0.0010680413,0.0,0.0,0.001046153,0.0010301267,0.0010206855,0.0010313208,0.0011069007,0.0,0.0010597819,0.001046153,0.0010388158,0.0010499337,0.0010560242,0.001068041,0.0010714892,0.0010597813,0.001046153,0.0010388158,0.0010499337,0.0010560242,0.0010680429
k__Bacteria|p__Proteobacteria|c__Gammaproteobacteria|o__Enterobacterales|f__Enterobacteriaceae|g__Citrobacter|s__Citrobacter_koseri,0.0,0.0010592935,0.00104568,0.0010383761,0.0010495683,0.0010557291,0.001067802,0.0,0.0010592934,0.00104568,0.0010383761,0.0010495683,0.0010557291,0.001067802,0.0,0.0,0.0010456943,0.001029681,0.0010202648,0.0010309737,0.0011065472,0.001070938,0.0,0.00104568,0.0010296709,0.0010202641,0.0010309737,0.0011065468,0.0,0.0,0.00104568,0.0010296709,0.0010202641,0.0010309737,0.0011065468,0.0010709224,0.0010592934,0.00104568,0.0010383761,0.0010495683,0.0010557291,0.0010678018,0.0,0.0010592936,0.0010456803,0.0010383761,0.0010495683,0.0010557291,0.0010678023,0.0010709225,0.0010592934,0.00104568,0.0010383761,0.0010495683,0.0010557291,0.0010678021,0.0,0.0010592939,0.0010456807,0.0010383762,0.0010495683,0.0010557291,0.0010678025,0.0,0.0010592934,0.00104568,0.0010383761,0.0010495683,0.0010557291,0.001067802,0.0,0.0010592934,0.0,0.0010296709,0.0010107633,0.0010666982,0.0010782655,0.0,0.0010592934,0.00104568,0.001038376,0.0010495683,0.0010557291,0.0010678025,0.0,0.0,0.0,0.0010296709,0.0010107633,0.0010666982,0.00108937,0.0010709261,0.0010592934,0.0,0.0010296709,0.0010107633,0.0010666982,0.0010782701,0.001070956,0.0027034574,0.0020753427,0.0010296709,0.0010107633,0.0010666982,0.0010893696,0.0010709327,0.0,0.00104568,0.0,0.0010592934,0.00104568,0.0010666981,0.0010709236,0.0,0.0,0.0010296709,0.0010107633,0.0010666982,0.0010893687,0.0,0.0010592949,0.0,0.0010296709,0.0010107633,0.0010666982,0.0010782642,0.0,0.0,0.0010456811,0.0010592944,0.0,0.0010296709,0.0010592934,0.0010709399,0.0010592939,0.0,0.0010296708,0.0010107633,0.0010666982,0.0010782646,0.0,0.0,0.0010456804,0.0010296709,0.0010202641,0.0010309737,0.0011065473,0.0,0.0,0.00104568,0.0,0.0010592934,0.00104568,0.0010666982,0.0,0.0010592975,0.0,0.0010592935,0.0,0.0010592934,0.0010456801,0.0,0.0,0.001045698,0.0010296735,0.0010202641,0.0010309737,0.0011065473,0.0,0.0010593291,0.0010592974,0.001053691,0.0010651466,0.0,0.000988363,0.0,0.0010592954,0.0010456812,0.0021986286,0.0010592939,0.0010456804,0.0010383785,0.0010709262,0.0010592934,0.00104568,0.0,0.0010592934,0.00104568,0.0010383769,0.0,0.0010592935,0.0010456801,0.001038376,0.0010495683,0.0010557291,0.001067802,0.0010709221,0.0010592934,0.00104568,0.0010383761,0.0010495683,0.0010557291,0.001067802,0.0010709341,0.0,0.0,0.0010296709,0.0010107633,0.0010666982,0.0010893685,0.0010709248,0.0,0.00104568,0.0010296709,0.0010202641,0.0010309737,0.0011065472,0.0,0.0010592935,0.0,0.0010296709,0.0010107633,0.0010666982,0.0010782643,0.0010709317,0.0,0.00104568,0.0010296709,0.0010202641,0.0010309737,0.0011065522,0.0,0.0010592934,0.00104568,0.0010383761,0.0010495683,0.0010557291,0.001067803,0.0010709224,0.0010592934,0.00104568,0.0010383761,0.0010495683,0.0010557291,0.0010678018,0.0,0.001059294,0.0010456804,0.001038376,0.0010495683,0.0010557291,0.0010678022,0.0,0.0,0.00104568,0.0010296709,0.0010202641,0.0010309737,0.0011065468,0.001070923,0.0010592934,0.0,0.0,0.0010592935,0.0010592934,0.0010536911,0.0010709403,0.0,0.0010456805,0.0,0.0010592935,0.00104568,0.0010667003,0.0010709763,0.0,0.0010592939,0.0010456801,0.001038376,0.0,0.0010592941,0.0,0.0010592933,0.0,0.0010296709,0.0010107633,0.0010666981,0.0010782696,0.0010709255,0.0,0.00104568,0.0010296709,0.0010202641,0.001030974,0.001106592,0.0010709335,0.0,0.0,0.0010296709,0.0010107633,0.0010666982,0.0010893684,0.0,0.0010592935,0.0010456801,0.0010383761,0.0010495683,0.0010557291,0.001067802,0.0010709213,0.0010592935,0.0010456801,0.0,0.0010592934,0.00104568,0.0010383772,0.0010709232,0.0,0.0010456801,0.0010296709,0.0010202641,0.0010309737,0.0011065486,0.0010709242,0.0,0.0010456801,0.0010296709,0.0010202641,0.0010309739,0.0011065482,0.0,0.0010592935,0.0010592939,0.0010536907,0.0010651466,0.0,0.0009884018,0.001070936,0.0,0.0010456801,0.0010296709,0.0010202641,0.0010309737,0.0011065468,0.0010709253,0.0,0.0,0.0010296709,0.0010107633,0.0010666982,0.0010893699,0.001070952,0.0010592941,0.0,0.0010296718,0.0010107633,0.0010666982,0.0010782697,0.0,0.0010592935,0.0010456801,0.001038376,0.0010495683,0.0010557291,0.0010678018,0.020932076,0.0010592949,0.011432539,0.0010296709,0.0010107633,0.0010666982,0.0010782643,0.0,0.0010592939,0.0010456801,0.001038376,0.0010495683,0.0010557291,0.0010678021,0.001070929,0.0010592937,0.0010456804,0.0010383762,0.0010495683,0.0010557291,0.0010678024,0.0,0.0,0.0,0.0010296709,0.0010107633,0.0010666982,0.0010893691,0.0010709222,0.0010592934,0.0,0.0010296709,0.0010107633,0.0010666982,0.0010782648,0.001070929,0.0010592935,0.00104568,0.0010666982,0.0,0.0010296709,0.0010107633,0.0,0.0010592934,0.00104568,0.001038376,0.0010495683,0.0010557291,0.0010678027,0.0,0.0010592934,0.00104568,0.001038376,0.0010495683,0.0010557291,0.0010678023,0.0,0.0010592941,0.0010456801,0.001038376,0.0010495683,0.0010557291,0.001067804,0.0010709258,0.0010592934,0.00104568,0.001038376,0.0010495683,0.0010557291,0.0010678025,0.0,0.0,0.00104568,0.0010296709,0.0010202641,0.0010309737,0.0011065472,0.0,0.0010592934,0.00104568,0.0010383761,0.0010495683,0.0010557291,0.001067802,0.0010710439,0.0010592949,0.0010456804,0.0010383761,0.0010495683,0.0010557291,0.0010678044
k__Bacteria|p__Proteobacteria|c__Gammaproteobacteria|o__Pseudomonadales|f__Pseudomonadaceae|g__Pseudomonas|s__Pseudomonas_aeruginosa,0.0,0.0010611427,0.0010472244,0.0010394341,0.0010497131,0.0010549886,0.001066417,0.0,0.0010611427,0.0010472244,0.0010394341,0.0010497131,0.0010549886,0.0010664169,0.0,0.0,0.0010472472,0.0010309073,0.0010209824,0.0010307634,0.0011071175,0.0010730885,0.0,0.0010472244,0.0010308914,0.0010209813,0.0010307634,0.001107117,0.0,0.0,0.0010472244,0.0010308918,0.0010209813,0.0010307634,0.001107117,0.0010730573,0.0010611425,0.0010472244,0.0010394341,0.0010497131,0.0010549886,0.0010664169,0.0,0.0010611432,0.0010472247,0.0010394341,0.0010497131,0.0010549886,0.0010664169,0.0010730573,0.0010611425,0.0010472244,0.0010394341,0.0010497131,0.0010549886,0.001066417,0.0,0.0010611428,0.0010472251,0.0010394342,0.0010497131,0.0010549886,0.0010664175,0.0,0.0010611427,0.0010472244,0.0010394341,0.0010497131,0.0010549886,0.001066417,0.0,0.0010611427,0.0,0.0010308918,0.0010116422,0.0010683822,0.0010790685,0.0,0.0010611425,0.0010472244,0.001039434,0.0010497131,0.0010549886,0.001066417,0.0,0.0,0.0,0.0010308914,0.0010116422,0.0010683822,0.001090474,0.001073065,0.0010611427,0.0,0.0010308918,0.0010116422,0.0010683822,0.0010790742,0.0010731358,0.0,0.0,0.0010308918,0.0010116422,0.0010683822,0.0010904733,0.0010730819,0.0,0.0010472244,0.0,0.0010611425,0.0010472244,0.0010683822,0.0010730609,0.0,0.0,0.0010308914,0.0010116422,0.0010683822,0.0010904723,0.0,0.0010611446,0.0,0.0010308918,0.0010116422,0.0010683822,0.0010790675,0.0,0.0,0.0010472258,0.0010611445,0.0,0.0010308914,0.0010611427,0.0010730902,0.0010611431,0.0,0.0010308914,0.0010116422,0.0010683822,0.0010790674,0.0,0.0,0.0010472249,0.0010308918,0.0010209813,0.0010307634,0.0011071175,0.0,0.0,0.0010472244,0.0,0.0010611425,0.0010472244,0.001068382,0.0,0.0010611481,0.0,0.0010611428,0.0,0.0010611425,0.0010472245,0.0,0.0,0.0010472534,0.0010308963,0.0010209812,0.0010307634,0.0011071174,0.0,0.0010612077,0.0010611496,0.0010550716,0.0010656298,0.0,0.0009888834,0.0,0.0010611459,0.0010472259,0.0029086438,0.0010611432,0.0010472247,0.0010394361,0.0010730637,0.0010611425,0.0010472244,0.0,0.0010611425,0.0010472244,0.0010394346,0.0,0.0010611429,0.0010472245,0.001039434,0.0010497131,0.0010549886,0.001066417,0.0010730572,0.0010611425,0.0010472244,0.0010394341,0.0010497131,0.0010549886,0.001066417,0.0010730858,0.0,0.0,0.0010308914,0.0010116422,0.0010683822,0.0010904723,0.0010730658,0.0,0.0010472244,0.0010308914,0.0010209813,0.0010307634,0.0011071172,0.0,0.0010611428,0.0,0.0010308914,0.0010116422,0.0010683822,0.0010790674,0.0010730729,0.0,0.0010472244,0.0010308918,0.0010209813,0.0010307634,0.0011071226,0.0,0.0010611425,0.0010472244,0.0010394341,0.0010497131,0.0010549886,0.0010664177,0.0010730581,0.0010611425,0.0010472244,0.0010394341,0.0010497131,0.0010549886,0.0010664169,0.0,0.0010611434,0.0010472247,0.001039434,0.0010497131,0.0010549886,0.001066417,0.0,0.0,0.0010472244,0.0010308914,0.0010209813,0.0010307634,0.0011071172,0.001073059,0.0010611425,0.0,0.0,0.0010611428,0.0010611427,0.0010550712,0.0010730901,0.0,0.0010472247,0.0,0.0010611428,0.0010472244,0.0010683833,0.0010731725,0.0,0.0010611429,0.0010472247,0.001039434,0.0,0.0010611431,0.0,0.0010611425,0.0,0.0010308914,0.0010116422,0.0010683821,0.0010790699,0.0010730631,0.0,0.0010472244,0.0010308914,0.0010209812,0.0010307636,0.0011071668,0.0010730752,0.0,0.0,0.0010308918,0.0010116422,0.0010683822,0.0010904722,0.0,0.0010611428,0.0010472245,0.0010394341,0.0010497131,0.0010549886,0.0010664169,0.0010730538,0.0010611429,0.0010472246,0.0,0.0010611428,0.0010472244,0.0010394352,0.00107306,0.0,0.0010472246,0.0010308918,0.0010209813,0.0010307634,0.0011071179,0.0010730608,0.0,0.0010472245,0.0010308918,0.0010209812,0.0010307635,0.0011071182,0.0,0.0010611429,0.0010611429,0.0010550709,0.0010656297,0.0,0.0009889205,0.0010730956,0.0,0.0010472247,0.0010308914,0.0010209813,0.0010307634,0.001107117,0.0010730621,0.0,0.0,0.0010308914,0.0010116422,0.0010683822,0.0010904734,0.0010731252,0.0010611438,0.0,0.0010308931,0.0010116424,0.0010683821,0.0010790727,0.0,0.0010611428,0.0010472246,0.001039434,0.0010497131,0.0010549886,0.0010664169,0.0,0.0010611443,0.0,0.0010308918,0.0010116422,0.0010683822,0.0010790674,0.0,0.0010611428,0.0010472249,0.0010394338,0.0010497131,0.0010549886,0.001066417,0.0010730708,0.0010611428,0.0010472247,0.0010394341,0.0010497131,0.0010549886,0.0010664167,0.0,0.0,0.0,0.0010308914,0.0010116422,0.0010683822,0.0010904724,0.001073057,0.0010611425,0.0,0.0010308914,0.0010116422,0.0010683822,0.001079068,0.0010730689,0.0010611428,0.0010472244,0.0010683822,0.0,0.0010308914,0.0010116424,0.0,0.0010611425,0.0010472244,0.001039434,0.0010497131,0.0010549886,0.001066417,0.0,0.0010611425,0.0010472244,0.001039434,0.0010497131,0.0010549886,0.001066417,0.006896238,0.0010611437,0.0010472247,0.001039434,0.0010497131,0.0010549886,0.0010664178,0.0010730689,0.0010611425,0.0010472244,0.001039434,0.0010497131,0.0010549886,0.0010664171,0.0,0.0,0.0010472244,0.0010308918,0.0010209813,0.0010307634,0.0011071173,0.0,0.0010611425,0.0010472244,0.0010394341,0.0010497131,0.0010549886,0.001066417,0.0010732407,0.0010611449,0.0010472247,0.001039434,0.0010497131,0.0010549886,0.0010664182
k__Bacteria|p__Proteobacteria|c__Gammaproteobacteria|o__Enterobacterales|f__Yersiniaceae|g__Serratia|s__Serratia_marcescens,0.0,0.001059741,0.0010460953,0.0010387342,0.0010498113,0.0010558615,0.001067851,0.0,0.0010597411,0.0010460953,0.0010387342,0.0010498113,0.0010558615,0.0010678511,0.0,0.0,0.0010461074,0.0010300605,0.0010205857,0.0010311789,0.0011068144,0.0010714277,0.0,0.0010460953,0.001030051,0.0010205851,0.0010311789,0.001106814,0.0,0.0,0.0010460953,0.001030051,0.0010205851,0.0010311789,0.0011068141,0.0010714,0.001059741,0.0010460953,0.0010387342,0.0010498113,0.0010558615,0.0010678511,0.0,0.0010597415,0.0010460954,0.0010387342,0.0010498113,0.0010558615,0.0010678516,0.0010714,0.001059741,0.0010460953,0.0010387342,0.0010498113,0.0010558615,0.0010678511,0.0,0.0010597411,0.0010460954,0.001038734,0.0010498113,0.0010558615,0.0010678516,0.0,0.0010597411,0.0010460953,0.0010387342,0.0010498113,0.0010558615,0.0010678512,0.0,0.0010597411,0.0,0.001030051,0.001011106,0.0010671224,0.0010785771,0.0,0.001059741,0.0010460953,0.0010387341,0.0010498113,0.0010558615,0.0010678514,0.0,0.0,0.0,0.001030051,0.001011106,0.0010671224,0.0010897127,0.0010714079,0.0010597411,0.0014679374,0.001030051,0.001011106,0.0010671224,0.0010785791,0.0010714462,0.0,0.0,0.001030051,0.001011106,0.0010671224,0.0010897119,0.0010714188,0.0,0.001046095,0.0,0.001059741,0.0010460953,0.0010671224,0.001071402,0.0,0.0,0.001030051,0.001011106,0.0010671224,0.0010897113,0.0,0.0010597417,0.0,0.001030051,0.001011106,0.0010671224,0.001078576,0.0,0.0,0.0010460963,0.0010597417,0.0,0.001030051,0.0010597411,0.0010714198,0.0010597411,0.0,0.0010300509,0.001011106,0.0010671224,0.0010785762,0.0,0.0,0.0010460954,0.001030051,0.0010205851,0.0010311789,0.001106814,0.0,0.0,0.0010460953,0.0,0.001059741,0.0010460953,0.0010671224,0.0,0.0010597444,0.0,0.0010597411,0.0,0.001059741,0.001046095,0.0,0.0,0.0010461094,0.0010300529,0.0010205851,0.0010311789,0.001106814,0.0,0.0010597653,0.0010597437,0.0010540832,0.001065425,0.0,0.0009886639,0.0,0.0010597424,0.0010460961,0.0,0.0010597412,0.0010460953,0.0010387357,0.0010714068,0.001059741,0.0010460953,0.0,0.001059741,0.0010460953,0.0010387343,0.0,0.0010597412,0.0010460954,0.0010387341,0.0010498113,0.0010558615,0.0010678511,0.0010714,0.001059741,0.0010460953,0.0010387342,0.0010498113,0.0010558615,0.0010678512,0.00107142,0.0,0.0,0.001030051,0.001011106,0.0010671224,0.0010897113,0.0010714021,0.0,0.0010460953,0.001030051,0.0010205851,0.0010311789,0.0011068138,0.0,0.0010597411,0.0,0.001030051,0.001011106,0.0010671224,0.0010785761,0.001071413,0.0,0.0010460953,0.001030051,0.0010205851,0.0010311789,0.0011068167,0.0,0.001059741,0.0010460953,0.0010387342,0.0010498113,0.0010558615,0.0010678518,0.0010714008,0.001059741,0.0010460953,0.0010387342,0.0010498113,0.0010558615,0.0010678511,0.0,0.0010597414,0.0010460953,0.0010387339,0.0010498113,0.0010558615,0.001067851,0.0,0.0,0.0010460953,0.001030051,0.0010205851,0.0010311789,0.0011068141,0.0010714021,0.001059741,0.0,0.0,0.0010597411,0.0010597411,0.0010540833,0.0010714306,0.0,0.0010460954,0.0020388067,0.0010597411,0.0010460953,0.0010671252,0.0010714766,0.0,0.0010597411,0.0010460953,0.0010387341,0.0,0.0010597415,0.0,0.0010597409,0.0,0.001030051,0.001011106,0.0010671224,0.0010785783,0.0010714048,0.0,0.0010460953,0.001030051,0.0010205851,0.0010311789,0.0011068435,0.0010714149,0.0,0.0,0.001030051,0.001011106,0.0010671224,0.0010897113,0.0,0.0010597411,0.0010460954,0.0010387342,0.0010498113,0.0010558615,0.0010678511,0.0010714311,0.001059741,0.0010460953,0.0,0.001059741,0.0010460953,0.0010387347,0.0010714012,0.0,0.0010460953,0.001030051,0.0010205851,0.0010311789,0.0011068151,0.001071403,0.0,0.0010460954,0.001030051,0.0010205851,0.0010311789,0.0011068141,0.0,0.001059741,0.0010597412,0.0010540829,0.0010654252,0.0,0.0009886988,0.0010714255,0.0,0.0010460953,0.001030051,0.0010205851,0.0010311789,0.0011068141,0.0010714048,0.0,0.0,0.001030051,0.001011106,0.0010671224,0.0010897124,0.001071443,0.0010597411,0.0,0.0010300515,0.0010111061,0.0010671226,0.0010785805,0.0,0.0010597411,0.0010460953,0.0010387341,0.0010498113,0.0010558615,0.0010678511,0.0,0.0010597422,0.0,0.001030051,0.001011106,0.0010671224,0.0010785761,0.0,0.0010597411,0.0010460954,0.0010387341,0.0010498113,0.0010558615,0.0010678511,0.0010714071,0.001059741,0.0010460954,0.0010387343,0.0010498113,0.0010558615,0.0010678512,0.0,0.0,0.0,0.001030051,0.001011106,0.0010671224,0.0010897117,0.0010713997,0.001059741,0.0,0.001030051,0.001011106,0.0010671224,0.0010785763,0.00107141,0.0010597411,0.0010460953,0.0010671224,0.0,0.001030051,0.0010111062,0.0,0.001059741,0.0010460953,0.0010387341,0.0010498113,0.0010558615,0.0010678513,0.0,0.001059741,0.0010460953,0.0010387341,0.0010498113,0.0010558615,0.0010678512,0.0,0.0010597414,0.0010460953,0.0010387341,0.0010498113,0.0010558615,0.0010678519,0.0010714047,0.001059741,0.0010460953,0.0010387341,0.0010498113,0.0010558615,0.0010678514,0.0,0.0,0.0010460953,0.001030051,0.0010205851,0.0010311789,0.001106814,0.0,0.001059741,0.0010460953,0.0010387342,0.0010498113,0.0010558615,0.0010678512,0.001071588,0.0010597425,0.0010460954,0.0010387342,0.0010498113,0.0010558615,0.0010678527
k__Bacteria|p__Proteobacteria|c__Gammaproteobacteria|o__Enterobacterales|f__Enterobacteriaceae|g__Pseudescherichia|s__Pseudescherichia_vulneris,0.0,0.0010604317,0.0010466636,0.0010391084,0.0010498227,0.001055521,0.001067255,0.0,0.0010604316,0.0010466636,0.0010391084,0.0010498227,0.001055521,0.0010672548,0.0,0.0,0.0010466862,0.0010305046,0.0010208238,0.0010310478,0.0011070017,0.0010722713,0.0,0.0010466636,0.0010304898,0.0010208228,0.0010310478,0.0011070007,0.0,0.0,0.0010466636,0.0010304898,0.0010208228,0.0010310478,0.0011070006,0.0010722058,0.0010604315,0.0010466636,0.0010391084,0.0010498227,0.001055521,0.0010672547,0.0,0.0010604326,0.001046664,0.0010391084,0.0010498227,0.001055521,0.0010672557,0.0010722057,0.0010604315,0.0010466636,0.0010391084,0.0010498227,0.001055521,0.001067255,0.0,0.0010604319,0.0010466649,0.0010391085,0.0010498227,0.001055521,0.0010672556,0.0,0.0010604316,0.0010466636,0.0010391084,0.0010498227,0.001055521,0.0010672548,0.0,0.0010604319,0.0,0.0010304898,0.0010114078,0.0010677482,0.0010788543,0.0,0.0010604315,0.0010466636,0.0010391084,0.0010498227,0.001055521,0.0010672555,0.0,0.0,0.0,0.0010304898,0.0010114078,0.0010677482,0.0010901107,0.0010722231,0.0010604316,0.0,0.0010304898,0.0010114078,0.0010677482,0.0010788627,0.0010723342,0.0,0.0,0.0010304898,0.0010114078,0.0010677482,0.00109011,0.0010722504,0.0,0.0010466636,0.0,0.0010604315,0.0010466636,0.0010677482,0.0010722112,0.0,0.0,0.0010304898,0.0010114078,0.0010677482,0.0010901084,0.0,0.001060434,0.0,0.0010304898,0.0010114078,0.0010677482,0.0010788528,0.0,0.0,0.0010466654,0.0010604339,0.0,0.0010304898,0.0010604319,0.0010722504,0.0010604322,0.0,0.0010304896,0.0010114078,0.0010677482,0.0010788523,0.0,0.0,0.001046664,0.0010304898,0.0010208228,0.0010310478,0.001107001,0.0,0.0021491668,0.0010466636,0.0012967343,0.0010604315,0.0010466636,0.0010677483,0.0,0.0010604381,0.0,0.0010604317,0.0,0.0010604315,0.0010466637,0.0,0.0,0.0010466925,0.001030494,0.0010208228,0.0010310478,0.0011070018,0.0,0.0010604888,0.0010604386,0.0010545874,0.0010655726,0.0,0.0009888293,0.0,0.0010604355,0.0010466652,0.0,0.0010604322,0.001046664,0.001039112,0.0010722184,0.0010604315,0.0010466636,0.0,0.0010604315,0.0010466636,0.0010391098,0.0,0.0010604319,0.0010466637,0.0010391084,0.0010498227,0.001055521,0.0010672549,0.0010722057,0.0010604315,0.0010466636,0.0010391084,0.0010498227,0.001055521,0.0010672548,0.0010722557,0.0,0.0,0.0010304898,0.0010114078,0.0010677482,0.001090108,0.0010722157,0.0,0.0010466636,0.0010304898,0.0010208228,0.0010310478,0.0011070012,0.0,0.0010604317,0.0,0.0010304898,0.0010114078,0.0010677482,0.001078852,0.001072235,0.0,0.0010466636,0.0010304898,0.0010208228,0.0010310478,0.0011070103,0.0,0.0010604315,0.0010466636,0.0010391084,0.0010498227,0.001055521,0.0010672566,0.0010722073,0.0010604315,0.0010466636,0.0010391084,0.0010498227,0.001055521,0.0010672547,0.0,0.0010604324,0.001046664,0.0010391084,0.0010498227,0.001055521,0.001067255,0.0,0.0,0.0010466636,0.0010304898,0.0010208228,0.0010310478,0.0011070009,0.0010722101,0.0010604315,0.0,0.0,0.0010604317,0.0010604316,0.0010545874,0.0010722736,0.0,0.001046664,0.0,0.0010604317,0.0010466636,0.0010677528,0.001072404,0.0,0.0010604319,0.0010466636,0.0010391084,0.0,0.0010604328,0.0,0.0010604315,0.0,0.0010304898,0.0010114078,0.001067748,0.0010788604,0.0010722172,0.0,0.0010466636,0.0010304898,0.0010208228,0.0010310482,0.0011070714,0.0010722359,0.0,0.0,0.0010304898,0.0010114078,0.0010677482,0.0010901081,0.0,0.0010604319,0.0010466637,0.0010391084,0.0010498227,0.001055521,0.0010672548,0.0010722424,0.0010604318,0.0010466636,0.0,0.0010604318,0.0010466636,0.00103911,0.0010722101,0.0,0.0010466636,0.0010304898,0.0010208228,0.0010310478,0.0011070032,0.0010722127,0.0,0.0010466637,0.0010304897,0.0010208228,0.0010310478,0.0011070034,0.0,0.0010604318,0.001060432,0.0010545867,0.0010655728,0.0,0.0009888741,0.0010722652,0.0,0.0010466636,0.0010304898,0.0010208228,0.0010310478,0.0011070006,0.001072215,0.0,0.0,0.0010304898,0.0010114078,0.0010677482,0.0010901102,0.0010723312,0.0010604332,0.0,0.0010304912,0.0010114078,0.0010677483,0.0010788614,0.0,0.0010604318,0.0010466636,0.0010391084,0.0010498227,0.001055521,0.0010672547,0.0,0.0010604336,0.0,0.0010304898,0.0010114078,0.0010677482,0.001078852,0.0,0.0010604319,0.001046664,0.0010391081,0.0010498227,0.001055521,0.001067255,0.0010722312,0.0010604318,0.001046664,0.0010391087,0.0010498227,0.001055521,0.0010672552,0.0,0.0,0.0,0.0010304898,0.0010114078,0.0010677482,0.0010901086,0.0010722053,0.0010604315,0.0,0.0010304898,0.0010114078,0.0010677482,0.0010788535,0.0010722278,0.0010604318,0.0010466636,0.0010677482,0.0,0.0010304898,0.001011408,0.0,0.0010604315,0.0010466636,0.0010391084,0.0010498227,0.001055521,0.001067256,0.0,0.0010604315,0.0010466636,0.0010391084,0.0010498227,0.001055521,0.0010672552,0.0,0.0010604328,0.0010466636,0.0010391084,0.0010498227,0.001055521,0.0010672571,0.0010722221,0.0010604315,0.0010466636,0.0010391084,0.0010498227,0.001055521,0.0010672556,0.0,0.0,0.0010466636,0.0010304898,0.0010208228,0.0010310478,0.0011070013,0.0,0.0010604315,0.0010466636,0.0010391084,0.0010498227,0.001055521,0.0010672548,0.0010725425,0.0010604343,0.001046664,0.0010391084,0.0010498227,0.001055521,0.0010672582
k__Bacteria|p__Proteobacteria|c__Gammaproteobacteria|o__Enterobacterales|f__Enterobacteriaceae|g__Pluralibacter|s__Pluralibacter_gergoviae,0.0,0.0010613777,0.0010476904,0.0010402335,0.0010510888,0.0010569309,0.0010687516,0.0,0.0010613778,0.0010476904,0.0010402335,0.0010510888,0.0010569309,0.0010687514,0.0,0.0,0.0010477093,0.0010316131,0.001022036,0.0010324081,0.001108033,0.0010731026,0.0,0.0010476904,0.0010316002,0.0010220351,0.0010324081,0.0011080327,0.0,0.0,0.0010476904,0.0010316002,0.0010220351,0.0010324081,0.0011080325,0.0010730741,0.0010613778,0.0010476904,0.0010402335,0.0010510888,0.0010569309,0.0010687514,0.0,0.0010613785,0.0010476905,0.0010402335,0.0010510888,0.0010569309,0.0010687519,0.0010730742,0.0010613778,0.0010476904,0.0010402335,0.0010510888,0.0010569309,0.0010687516,0.0,0.0010613779,0.0010476911,0.001040234,0.0010510888,0.0010569309,0.0010687521,0.0,0.0010613778,0.0010476904,0.0010402335,0.0010510888,0.0010569309,0.0010687514,0.0,0.0010613778,0.0,0.0010316002,0.001012603,0.0010687065,0.0010799376,0.0,0.0010613778,0.0010476904,0.0010402335,0.0010510888,0.0010569309,0.0010687518,0.0,0.0,0.0,0.0010316002,0.001012603,0.0010687065,0.0010911082,0.0010730809,0.0010613778,0.0,0.0010316002,0.001012603,0.0010687065,0.0010799426,0.0010731366,0.0,0.0,0.0010316002,0.001012603,0.0010687065,0.0010911077,0.0010730956,0.0,0.0010476904,0.0,0.0010613778,0.0010476904,0.0010687066,0.0010730766,0.0,0.0,0.0010316002,0.001012603,0.0010687065,0.0010911069,0.0,0.0010613796,0.0,0.0010316002,0.001012603,0.0010687065,0.0010799367,0.0,0.0,0.001047692,0.0010613791,0.0,0.0010316002,0.0010613778,0.0010730999,0.0010613782,0.0,0.0010316,0.001012603,0.0010687065,0.0010799363,0.0,0.0,0.0010476905,0.0010316002,0.0010220351,0.0010324081,0.0011080329,0.0,0.0,0.0010476904,0.0,0.0010613778,0.0010476904,0.0010687066,0.0,0.0010613824,0.0,0.0010613779,0.0,0.0010613778,0.0010476905,0.0,0.0,0.0010477124,0.0010316037,0.001022035,0.0010324081,0.0011080331,0.0,0.0010614265,0.001061383,0.0010556277,0.0010667462,0.0,0.0009901056,0.0,0.0010613805,0.0010476917,0.0,0.0010613782,0.0010476905,0.0010402363,0.0010730795,0.0010613778,0.0010476904,0.0,0.0010613778,0.0010476904,0.0010402343,0.0,0.0010613779,0.0010476905,0.0010402335,0.0010510888,0.0010569309,0.0010687514,0.0010730738,0.0010613778,0.0010476904,0.0010402335,0.0010510888,0.0010569309,0.0010687514,0.0010730992,0.0,0.0,0.0010316002,0.001012603,0.0010687065,0.0010911069,0.0010730792,0.0,0.0010476904,0.0010316002,0.0010220351,0.0010324081,0.0011080328,0.0,0.0010613779,0.0,0.0010316002,0.001012603,0.0010687065,0.0010799363,0.0010730878,0.0,0.0010476904,0.0010316002,0.0010220351,0.0010324081,0.0011080385,0.0,0.0010613778,0.0010476904,0.0010402335,0.0010510888,0.0010569309,0.0010687525,0.0010730744,0.0010613778,0.0010476904,0.0010402335,0.0010510888,0.0010569309,0.0010687514,0.0,0.0010613783,0.0010476905,0.0010402335,0.0010510888,0.0010569309,0.0010687516,0.0,0.0,0.0010476904,0.0010316002,0.0010220351,0.0010324081,0.001108033,0.0010730756,0.0010613778,0.0,0.0,0.0010613779,0.0010613778,0.0010556276,0.0010731049,0.0,0.0010476909,0.0,0.0010613779,0.0010476904,0.0010687094,0.0010731722,0.0,0.0010613779,0.0010476905,0.0010402335,0.0,0.0010613785,0.0,0.0010613777,0.0,0.0010316002,0.001012603,0.0010687064,0.0010799404,0.0010730792,0.0,0.0010476904,0.0010316002,0.001022035,0.0010324086,0.0011080746,0.0010730904,0.0025946575,0.0,0.0010316002,0.001012603,0.0010687065,0.0010911068,0.0,0.0010613779,0.0010476905,0.0010402335,0.0010510888,0.0010569309,0.0010687514,0.0010730757,0.0010613779,0.0010476905,0.0,0.0010613777,0.0010476904,0.0010402347,0.001073076,0.0,0.0010476905,0.0010316002,0.0010220351,0.0010324081,0.0011080339,0.0010730772,0.0,0.0010476905,0.0010316,0.001022035,0.0010324081,0.0011080339,0.0,0.0010613779,0.0010613779,0.001055627,0.0010667462,0.0,0.0009901426,0.0010731062,0.0,0.0010476905,0.0010316002,0.0010220351,0.0010324081,0.0011080325,0.0010730783,0.0,0.0,0.0010316002,0.001012603,0.0010687066,0.0010911078,0.001073129,0.0010613787,0.0,0.0010316012,0.0010126038,0.0010687066,0.0010799423,0.0,0.0010613778,0.0010476905,0.0010402335,0.0010510888,0.0010569309,0.0010687514,0.0,0.0010613792,0.0,0.0010316002,0.001012603,0.0010687065,0.0010799363,0.0,0.0010613778,0.0010476905,0.0010402335,0.0010510888,0.0010569309,0.0010687516,0.0010730857,0.0010613778,0.0010476905,0.0010402339,0.0010510889,0.0010569309,0.0010687516,0.0,0.0,0.0,0.0010316002,0.001012603,0.0010687065,0.0010911071,0.0010730737,0.0010613778,0.0,0.0010316002,0.001012603,0.0010687065,0.001079937,0.0010730852,0.0010613778,0.0010476904,0.0010687065,0.0,0.0010316002,0.0010126033,0.0,0.0010613778,0.0010476904,0.0010402335,0.0010510888,0.0010569309,0.0010687519,0.0,0.0010613778,0.0010476904,0.0010402335,0.0010510888,0.0010569309,0.0010687514,0.0,0.0010613785,0.0010476905,0.0010402335,0.0010510888,0.0010569309,0.0010687526,0.0010730821,0.0010613778,0.0010476904,0.0010402335,0.0010510888,0.0010569309,0.0010687518,0.0,0.0,0.0010476904,0.0010316002,0.0010220351,0.0010324081,0.001108033,0.0,0.0010613778,0.0010476904,0.0010402335,0.0010510888,0.0010569309,0.0010687514,0.0010732452,0.0010613796,0.0010476907,0.0010402338,0.0010510888,0.0010569309,0.0010687531
k__Bacteria|p__Proteobacteria|c__Deltaproteobacteria|o__Desulfovibrionales|f__Desulfovibrionaceae|g__Desulfovibrio|s__Desulfovibrio_desulfuricans,0.0,0.001060698,0.0010469888,0.0010395142,0.0010503611,0.0010561908,0.0010680127,0.0,0.0010606981,0.0010469888,0.0010395142,0.0010503611,0.0010561908,0.0010680124,0.0,0.0,0.0010469981,0.0010308803,0.0010212935,0.0010316547,0.0011074047,0.0010724575,0.0,0.0010469888,0.0010308765,0.0010212931,0.0010316547,0.001107404,0.0,0.0,0.0010469888,0.0010308765,0.0010212931,0.0010316547,0.001107404,0.0010724161,0.0010606981,0.0010469888,0.0010395142,0.0010503611,0.0010561908,0.0010680124,0.0,0.0010606989,0.0010469889,0.0010395142,0.0010503611,0.0010561908,0.0010680138,0.0010724158,0.0010606981,0.0010469888,0.0010395142,0.0010503611,0.0010561908,0.0010680126,0.0,0.0010606982,0.0010469899,0.0010395143,0.0010503611,0.0010561908,0.0010680127,0.0,0.0010606981,0.0010469888,0.0010395142,0.0010503611,0.0010561908,0.0010680126,0.0,0.0010606981,0.0,0.0010308765,0.0010118579,0.0010680326,0.0010792622,0.0,0.0010606981,0.0010469888,0.0010395142,0.0010503611,0.0010561908,0.0010680128,0.0,0.0,0.0,0.0010308765,0.0010118579,0.0010680326,0.0010904561,0.0010724294,0.0010606981,0.0,0.0010308765,0.0010118579,0.0010680326,0.0010792695,0.001072524,0.0,0.0,0.0010308765,0.0010118579,0.0010680326,0.0010904563,0.0010724502,0.0,0.0010469888,0.0,0.0010606981,0.0010469888,0.0010680328,0.0010724197,0.0,0.0,0.0010308765,0.0010118579,0.0010680326,0.0010904557,0.0,0.0010606993,0.0,0.0010308765,0.0010118579,0.0010680326,0.0010792607,0.0,0.0,0.0010469892,0.0010606993,0.0,0.0010308765,0.0010606983,0.0010724345,0.0010606982,0.0,0.0010308764,0.0010118579,0.0010680326,0.0010792603,0.0,0.0,0.0010469889,0.0010308765,0.0010212931,0.0010316547,0.0011074047,0.0,0.0,0.0010469888,0.0,0.0010606981,0.0010469888,0.001068033,0.0,0.0010606991,0.0,0.0010606982,0.0,0.0010606981,0.0010469889,0.0,0.0,0.0010469976,0.0010308777,0.0010212931,0.0010316547,0.001107404,0.0,0.0010607246,0.0010607011,0.0010549308,0.0010660443,0.0,0.0009893425,0.0,0.0010606999,0.0010469895,0.0,0.0010606983,0.0010469891,0.0010395176,0.0010724214,0.0010606981,0.0010469888,0.0,0.0010606981,0.0010469888,0.0010395155,0.0,0.0010606982,0.0010469889,0.0010395142,0.0010503611,0.0010561908,0.0010680126,0.0010724158,0.0010606981,0.0010469888,0.0010395142,0.0010503611,0.0010561908,0.0010680126,0.0010724543,0.0,0.0,0.0010308765,0.0010118579,0.0010680326,0.0010904555,0.0010724235,0.0,0.0010469888,0.0010308765,0.0010212931,0.0010316547,0.0011074044,0.0,0.0010606982,0.0,0.0010308765,0.0010118579,0.0010680326,0.0010792601,0.0010724381,0.0,0.0010469888,0.0010308765,0.0010212931,0.0010316547,0.001107415,0.0,0.0010606981,0.0010469888,0.0010395142,0.0010503611,0.0010561908,0.0010680144,0.0010724167,0.0010606981,0.0010469888,0.0010395142,0.0010503611,0.0010561908,0.0010680124,0.0,0.0010606984,0.0010469889,0.0010395142,0.0010503611,0.0010561908,0.0010680127,0.0,0.0,0.0010469888,0.0010308765,0.0010212931,0.0010316547,0.001107404,0.0010724181,0.0010606981,0.0,0.0,0.0010606982,0.0010606981,0.0010549306,0.0010724552,0.0,0.001046989,0.0,0.0010606982,0.0010469888,0.0010680378,0.0010725799,0.0,0.0010606982,0.0010469889,0.0010395142,0.0,0.0010606988,0.0,0.001060698,0.0,0.0010308765,0.0010118579,0.0010680327,0.0010792713,0.001072422,0.0,0.0010469888,0.0010308765,0.0010212931,0.0010316554,0.0011074748,0.0010724292,0.0,0.0,0.0010308765,0.0010118579,0.0010680326,0.0010904555,0.0,0.0010606982,0.0010469889,0.0010395142,0.0010503611,0.0010561908,0.0010680124,0.0010724294,0.0010606982,0.0010469889,0.0,0.0010606981,0.0010469888,0.0010395156,0.0010724196,0.0,0.0010469891,0.0010308765,0.0010212931,0.0010316547,0.0011074056,0.0010724197,0.0,0.0010469889,0.0010308765,0.0010212931,0.0010316547,0.0011074072,0.0,0.0010606982,0.0010606985,0.0010549306,0.0010660441,0.0,0.000989375,0.0010724636,0.0,0.0010469889,0.0010308765,0.0010212931,0.0010316547,0.001107404,0.00107242,0.0,0.0,0.0010308765,0.0010118579,0.0010680326,0.0010904559,0.0010725126,0.0010606995,0.0,0.0010308776,0.0010118583,0.0010680329,0.001079268,0.0,0.0010606981,0.0010469889,0.0010395142,0.0010503611,0.0010561908,0.0010680124,0.0,0.0010606984,0.0,0.0010308762,0.0010118579,0.0010680326,0.0010792601,0.0,0.0010606982,0.0010469892,0.0010395142,0.0010503611,0.0010561908,0.0010680126,0.0010724353,0.0010606983,0.0010469891,0.0010395144,0.0010503611,0.0010561908,0.001068013,0.0,0.0,0.0,0.0010308765,0.0010118579,0.0010680326,0.0010904559,0.0010724157,0.0010606981,0.0,0.0010308765,0.0010118579,0.0010680326,0.0010792613,0.0010724267,0.0010606981,0.0010469888,0.0010680326,0.0,0.0010308765,0.001011858,0.0,0.0010606981,0.0010469888,0.0010395142,0.0010503611,0.0010561908,0.0010680135,0.0,0.0010606981,0.0010469888,0.0010395142,0.0010503611,0.0010561908,0.0010680127,0.0,0.0010606989,0.0010469889,0.0010395142,0.0010503611,0.0010561906,0.0010680149,0.001072428,0.0010606981,0.0010469888,0.0010395142,0.0010503611,0.0010561908,0.001068013,0.0,0.0,0.0010469888,0.0010308765,0.0010212931,0.0010316547,0.0011074048,0.0,0.0010606981,0.0010469888,0.0010395142,0.0010503611,0.0010561908,0.0010680126,0.0010726055,0.0010606992,0.0010469889,0.0010395143,0.0010503611,0.0010561908,0.0010680149
k__Bacteria|p__Proteobacteria|c__Gammaproteobacteria|o__Pasteurellales|f__Pasteurellaceae|g__Haemophilus|s__Haemophilus_haemolyticus,0.0,0.0010606919,0.0010470125,0.0010395821,0.0010505058,0.001056411,0.001068286,0.0,0.001060692,0.0010470125,0.0010395821,0.0010505058,0.001056411,0.0010682858,0.0,0.0,0.0010470205,0.0010309359,0.0010213942,0.0010318339,0.0011074939,0.0010724259,0.0,0.0010470125,0.0010309316,0.0010213936,0.0010318339,0.0011074925,0.0,0.0,0.0010470125,0.0010309316,0.0010213936,0.0010318339,0.0011074926,0.0010723819,0.001060692,0.0010470125,0.0010395821,0.0010505058,0.001056411,0.0010682857,0.0,0.0010606928,0.0010470125,0.0010395821,0.0010505058,0.001056411,0.0010682874,0.0010723816,0.001060692,0.0010470125,0.0010395821,0.0010505058,0.001056411,0.0010682858,0.0,0.0010606921,0.0010470134,0.0010395821,0.0010505056,0.001056411,0.0010682865,0.0,0.001060692,0.0010470125,0.0010395821,0.0010505058,0.001056411,0.0010682858,0.0,0.001060692,0.0,0.0010309316,0.0010119457,0.0010680391,0.001079343,0.0,0.001060692,0.0010470125,0.0010395821,0.0010505058,0.001056411,0.0010682868,0.0,0.0,0.0,0.0010309316,0.0010119457,0.0010680391,0.0010905085,0.0010723958,0.001060692,0.0,0.0010309316,0.0010119457,0.0010680391,0.001079353,0.0010724884,0.0,0.0,0.0010309316,0.0010119457,0.0010680391,0.0010905077,0.0010724143,0.0,0.0010470125,0.0,0.001060692,0.0010470125,0.0010680393,0.0010723859,0.0,0.0,0.0010309316,0.0010119457,0.0010680391,0.0010905052,0.0,0.0010606931,0.0,0.0010309316,0.0010119457,0.0010680391,0.0010793405,0.0,0.0,0.0010470137,0.0010606931,0.0,0.0010309316,0.0010606924,0.0010724055,0.0010606921,0.0,0.0010309316,0.0010119457,0.0010680391,0.0010793397,0.0,0.0,0.0010470126,0.0010309316,0.0010213936,0.0010318339,0.0011074931,0.0,0.0,0.0010470125,0.0,0.001060692,0.0010470125,0.0010680392,0.0,0.001060694,0.0,0.0010606921,0.0018293384,0.001060692,0.0010470129,0.0,0.0,0.0010470208,0.0010309325,0.0010213933,0.0010318339,0.0011074935,0.006762635,0.0010607057,0.0010606936,0.0010549667,0.0010661556,0.0,0.0009894703,0.0,0.0010606941,0.0010470132,0.0,0.0010606921,0.0010470125,0.0010395858,0.0010723883,0.001060692,0.0010470125,0.0,0.001060692,0.0010470125,0.0010395838,0.0,0.0010606921,0.0010470125,0.0010395821,0.0010505058,0.001056411,0.0010682858,0.0010723816,0.001060692,0.0010470125,0.0010395821,0.0010505058,0.001056411,0.0010682858,0.001072424,0.0,0.0,0.0010309316,0.0010119457,0.0010680391,0.0010905048,0.0010723877,0.0,0.0010470125,0.0010309316,0.0010213936,0.0010318339,0.0011074931,0.0,0.0010606921,0.0,0.0010309316,0.0010119457,0.0010680391,0.0010793393,0.0010724039,0.0,0.0010470125,0.0010309316,0.0010213936,0.0010318339,0.0011075074,0.0,0.001060692,0.0010470125,0.0010395821,0.0010505058,0.001056411,0.0010682892,0.0010723827,0.001060692,0.0010470125,0.0010395821,0.0010505058,0.001056411,0.0010682857,0.0,0.0010606924,0.0010470125,0.0010395821,0.0010505058,0.001056411,0.001068286,0.0,0.0,0.0010470125,0.0010309316,0.0010213936,0.0010318339,0.0011074927,0.0010723849,0.001060692,0.0,0.0,0.0010606921,0.001060692,0.0010549676,0.0010724314,0.0,0.0010470125,0.0,0.0010606921,0.0010470125,0.0010680454,0.0010725413,0.0,0.0010606921,0.0010470125,0.0010395821,0.0,0.0010606934,0.0,0.0010606919,0.00088872726,0.0010309316,0.0010119457,0.001068039,0.0010793518,0.0010723894,0.0,0.0010470125,0.0010309316,0.0010213937,0.0010318347,0.0011076,0.001072401,0.0,0.0,0.0010309316,0.0010119457,0.0010680391,0.0010905048,0.0,0.0010606921,0.0010470125,0.0010395821,0.0010505058,0.001056411,0.0010682858,0.0010724048,0.001060692,0.0010470125,0.0,0.0010606919,0.0010470125,0.0010395832,0.0010723856,0.0,0.0010470125,0.0010309316,0.0010213936,0.0010318339,0.0011074969,0.0010723866,0.0,0.0010470125,0.0010309316,0.0010213937,0.0010318339,0.0011074968,0.0,0.001060692,0.0010606922,0.0010549665,0.0010661554,0.0,0.0009895228,0.0010724308,0.0,0.0010470125,0.0010309316,0.0010213936,0.0010318339,0.0011074926,0.0010723885,0.0,0.0,0.0010309316,0.0010119457,0.0010680391,0.0010905075,0.0010724762,0.0010606928,0.0,0.0010309324,0.0010119464,0.0010680391,0.0010793535,0.0,0.001060692,0.0010470125,0.0010395821,0.0010505058,0.001056411,0.0010682857,0.0,0.0010606926,0.0,0.0010309316,0.0010119457,0.0010680391,0.0010793393,0.0,0.0010606921,0.0010470126,0.0010395821,0.0010505058,0.001056411,0.0010682859,0.0010724039,0.001060692,0.0010470129,0.0010395821,0.0010505058,0.001056411,0.0010682864,0.0,0.0,0.0,0.0010309316,0.0010119457,0.0010680391,0.001090506,0.0010723813,0.001060692,0.0,0.0010309316,0.0010119457,0.0010680391,0.0010793413,0.001072398,0.001060692,0.0010470125,0.0010680391,0.0,0.0010309316,0.0010119462,0.0,0.001060692,0.0010470125,0.0010395817,0.0010505058,0.001056411,0.0010682878,0.0,0.001060692,0.0010470125,0.0010395821,0.0010505058,0.001056411,0.0010682861,0.0,0.0010606925,0.0010470125,0.0010395821,0.0010505058,0.001056411,0.00106829,0.0010723928,0.001060692,0.0010470125,0.0010395821,0.0010505058,0.001056411,0.0010682868,0.0,0.0,0.0010470125,0.0010309316,0.0010213936,0.0010318339,0.0011074932,0.0,0.001060692,0.0010470125,0.0010395821,0.0010505058,0.001056411,0.0010682858,0.0010726192,0.0010606933,0.0010470125,0.001039582,0.0010505058,0.001056411,0.0010682909
k__Bacteria|p__Proteobacteria|c__Gammaproteobacteria|o__Enterobacterales|f__Enterobacteriaceae|g__Citrobacter|s__Citrobacter_telavivensis,0.0,0.0010615911,0.0010480387,0.0010407753,0.001051962,0.0010581308,0.0010701766,0.0,0.0010615912,0.0010480387,0.0010407753,0.001051962,0.0010581308,0.0010701764,0.0,0.0,0.0010480346,0.0010320862,0.0010227251,0.0010334387,0.0011086308,0.0010731701,0.0,0.0010480387,0.0010320899,0.001022725,0.0010334387,0.0011086303,0.0,0.0,0.0010480387,0.0010320899,0.001022725,0.0010334387,0.0011086303,0.0010731595,0.0010615912,0.0010480387,0.0010407753,0.001051962,0.0010581308,0.0010701765,0.0,0.001061591,0.0010480388,0.0010407753,0.001051962,0.0010581308,0.0010701772,0.0010731596,0.0010615912,0.0010480387,0.0010407753,0.001051962,0.0010581308,0.0010701766,0.0,0.0010615913,0.0010480391,0.0010407754,0.001051962,0.0010581308,0.001070177,0.0,0.0010615912,0.0010480387,0.0010407753,0.001051962,0.0010581308,0.0010701766,0.0,0.0010615912,0.0,0.0010320899,0.0010132408,0.0010689704,0.0010805137,0.0,0.0010615912,0.0010480387,0.0010407753,0.001051962,0.0010581308,0.0010701771,0.0,0.0,0.0,0.0010320899,0.0010132408,0.0010689704,0.0010915466,0.001073163,0.0010615912,0.0,0.0010320899,0.0010132408,0.0010689704,0.0010805165,0.0010731849,0.0,0.0,0.0010320899,0.0010132408,0.0010689704,0.0010915465,0.0010731671,0.0,0.0010480387,0.0,0.0010615912,0.0010480387,0.0010689704,0.0010731594,0.0,0.0,0.0010320899,0.0010132408,0.0010689704,0.0010915459,0.0,0.0010615906,0.0,0.0010320899,0.0010132408,0.0010689704,0.0010805128,0.0,0.0,0.0010480385,0.001061591,0.0,0.0010320899,0.0010615914,0.0010731565,0.001061591,0.0,0.0010320898,0.0010132408,0.0010689704,0.0010805127,0.0,0.0,0.001048039,0.0010320899,0.001022725,0.0010334387,0.0011086304,0.0,0.0,0.0010480387,0.0,0.0010615912,0.0010480387,0.0010689704,0.0,0.0010615899,0.0,0.0010615913,0.0,0.0010615912,0.0010480388,0.0,0.0,0.0010480322,0.0010320885,0.0010227251,0.0010334387,0.0011086304,0.0,0.0010615725,0.001061589,0.001056026,0.0010674673,0.0,0.000990891,0.0,0.0010615905,0.0010480384,0.0,0.001061591,0.0010480388,0.0010407764,0.0010731607,0.0010615912,0.0010480387,0.0,0.0010615912,0.0010480387,0.0010407761,0.0,0.0010615913,0.0010480388,0.0010407753,0.001051962,0.0010581308,0.0010701766,0.0010731599,0.0010615912,0.0010480387,0.0010407753,0.001051962,0.0010581308,0.0010701766,0.0010731631,0.0,0.0,0.0010320899,0.0010132408,0.0010689704,0.0010915458,0.0010731583,0.0,0.0010480387,0.0010320899,0.001022725,0.0010334387,0.0011086302,0.0,0.0010615913,0.0,0.0010320899,0.0010132408,0.0010689704,0.0010805125,0.0010731643,0.0,0.0010480387,0.0010320899,0.001022725,0.0010334387,0.0011086338,0.0,0.0010615912,0.0010480387,0.0010407753,0.001051962,0.0010581308,0.0010701775,0.0010731599,0.0010615912,0.0010480387,0.0010407753,0.001051962,0.0010581308,0.0010701765,0.0,0.0010615912,0.0010480388,0.0010407753,0.001051962,0.0010581308,0.0010701766,0.0,0.0,0.0010480387,0.0010320899,0.001022725,0.0010334387,0.0011086303,0.0010731603,0.0010615912,0.0,0.0,0.0010615913,0.0010615912,0.0010560263,0.0010731692,0.0,0.0010480387,0.0,0.0010615913,0.0010480387,0.001068973,0.00107321,0.0,0.0010615913,0.0010480388,0.0010407753,0.0,0.0010615916,0.0,0.0010615911,0.0,0.0010320899,0.0010132408,0.0010689704,0.0010805171,0.00107316,0.0,0.0010480387,0.0010320899,0.0010227251,0.0010334387,0.0011086625,0.0010731609,0.0,0.0,0.0010320899,0.0010132408,0.0010689704,0.0010915458,0.0,0.0010615913,0.0010480388,0.0010407753,0.001051962,0.0010581308,0.0010701764,0.0010731874,0.0010615912,0.0010480388,0.0,0.0010615912,0.0010480387,0.0010407757,0.0010731599,0.0,0.0010480388,0.00103209,0.001022725,0.0010334387,0.0011086314,0.0010731599,0.0,0.0010480388,0.0010320899,0.0010227251,0.0010334386,0.0011086307,0.0,0.0010615912,0.0010615913,0.0010560262,0.0010674673,0.0,0.0009909162,0.0010731635,0.0,0.0010480388,0.0010320899,0.001022725,0.0010334387,0.0011086303,0.0010731609,0.0,0.0,0.0010320899,0.0010132408,0.0010689704,0.0010915467,0.0010731828,0.0010615911,0.0,0.00103209,0.0010132403,0.0010689705,0.001080516,0.0,0.0010615912,0.0010480388,0.0010407753,0.001051962,0.0010581308,0.0010701765,0.0,0.0010615906,0.0,0.0010320899,0.0010132408,0.0010689704,0.0010805125,0.0,0.0010615912,0.001048039,0.0010407753,0.001051962,0.0010581308,0.0010701766,0.0010731624,0.0010615912,0.0010480388,0.0010407754,0.001051962,0.0010581308,0.0010701767,0.0,0.0,0.0,0.0010320899,0.0010132408,0.0010689704,0.0010915461,0.0010731596,0.0010615912,0.0,0.0010320899,0.0010132408,0.0010689704,0.001080513,0.00107316,0.0010615912,0.0010480387,0.0010689704,0.0,0.0010320899,0.0010132408,0.0,0.0010615912,0.0010480387,0.0010407753,0.001051962,0.0010581308,0.0010701775,0.0,0.0010615912,0.0010480387,0.0010407753,0.001051962,0.0010581308,0.0010701767,0.0,0.0010615909,0.0010480388,0.0010407753,0.001051962,0.0010581308,0.0010701783,0.0010731587,0.0010615912,0.0010480387,0.0010407753,0.001051962,0.0010581308,0.0010701767,0.0014464395,0.0,0.0010480387,0.0010320899,0.001022725,0.0010334387,0.0011086306,0.0,0.0010615912,0.0010480387,0.0010407753,0.001051962,0.0010581308,0.0010701766,0.0010732756,0.0010615907,0.0010480388,0.0010407753,0.001051962,0.0010581308,0.0010701792
k__Bacteria|p__Proteobacteria|c__Gammaproteobacteria|o__Enterobacterales|f__Enterobacteriaceae|g__Cronobacter|s__Cronobacter_sakazakii,0.0,0.0010607529,0.0010471386,0.0010398021,0.0010508887,0.0010569543,0.0010689396,0.0,0.001060753,0.0010471386,0.0010398021,0.0010508887,0.0010569543,0.0010689395,0.0,0.0,0.0010471399,0.0010311268,0.0010216851,0.0010322925,0.0011077458,0.0010723905,0.0,0.0010471386,0.0010311257,0.0010216854,0.0010322928,0.0011077459,0.0,0.0,0.0010471386,0.0010311257,0.0010216854,0.0010322928,0.0011077459,0.0010723808,0.0010607529,0.0010471386,0.0010398021,0.0010508887,0.0010569543,0.0010689395,0.0,0.0010607527,0.0010471387,0.0010398021,0.0010508887,0.0010569543,0.0010689399,0.0010723808,0.0010607529,0.0010471386,0.0010398021,0.0010508887,0.0010569543,0.0010689396,0.0,0.0010607531,0.0010471386,0.001039802,0.0010508887,0.0010569543,0.0010689397,0.0,0.001060753,0.0010471386,0.0010398021,0.0010508887,0.0010569543,0.0010689396,0.0,0.001060753,0.0,0.0010311257,0.0010122117,0.0010681254,0.0010795792,0.0,0.0010607529,0.0010471386,0.001039802,0.0010508887,0.0010569543,0.0010689396,0.0,0.0,0.0,0.0010311257,0.0010122117,0.0010681251,0.0010906775,0.0010723823,0.001060753,0.0,0.0010311257,0.0010122117,0.0010681251,0.0010795792,0.0010723928,0.0,0.0,0.0010311259,0.0010122112,0.0010681254,0.0010906778,0.001072385,0.0,0.0010471386,0.0,0.0010607529,0.0010471386,0.001068125,0.0010723803,0.0,0.0,0.0010311257,0.0010122117,0.0010681254,0.0010906784,0.0,0.001060753,0.0,0.0010311257,0.0010122117,0.0010681254,0.0010795793,0.0,0.0,0.0010471386,0.0010607528,0.0,0.0010311257,0.001060753,0.0010723807,0.0010607529,0.0,0.0010311257,0.0010122117,0.0010681254,0.0010795796,0.0,0.0,0.0010471387,0.0010311257,0.0010216854,0.0010322928,0.0011077459,0.0,0.0,0.0010471386,0.0,0.0010607529,0.0010471386,0.001068125,0.0,0.0010607531,0.0,0.001060753,0.0,0.0010607529,0.0010471387,0.0,0.0,0.001047141,0.0010311255,0.0010216852,0.0010322925,0.0011077455,0.0,0.0010607495,0.0010607527,0.0010551179,0.001066465,0.0,0.0009897935,0.0,0.0010607529,0.0010471385,0.0,0.0010607529,0.0010471387,0.0010398026,0.0010723823,0.0010607529,0.0010471386,0.0,0.0010607529,0.0010471386,0.0010398023,0.0,0.0010607531,0.0010471387,0.001039802,0.0010508887,0.0010569543,0.0010689395,0.001072381,0.0010607529,0.0010471386,0.0010398021,0.0010508887,0.0010569543,0.0010689396,0.0010723812,0.0,0.0,0.0010311257,0.0010122117,0.0010681254,0.0010906787,0.0010723793,0.0020146226,0.0010471386,0.0010311257,0.0010216854,0.0010322928,0.0011077458,0.0,0.001060753,0.0,0.0010311257,0.0010122117,0.0010681254,0.0010795792,0.0010723837,0.0,0.0010471386,0.0010311257,0.0010216853,0.0010322928,0.001107745,0.0,0.0010607529,0.0010471386,0.0010398021,0.0010508887,0.0010569543,0.0010689395,0.001072381,0.0010607529,0.0010471386,0.0010398021,0.0010508887,0.0010569543,0.0010689395,0.0,0.001060753,0.0010471387,0.001039802,0.0010508887,0.0010569543,0.0010689396,0.0,0.0,0.0010471386,0.0010311257,0.0010216854,0.0010322928,0.0011077458,0.0010723809,0.0010607529,0.0,0.0,0.001060753,0.001060753,0.0010551177,0.0010723881,0.0,0.0010471388,0.0,0.001060753,0.0010471386,0.0010681262,0.0010724107,0.0,0.001060753,0.0010471387,0.001039802,0.0,0.0010607528,0.0,0.0010607528,0.0,0.0010311257,0.0010122117,0.0010681251,0.0010795812,0.0010723816,0.0,0.0010471386,0.0010311257,0.0010216852,0.0010322928,0.0011077347,0.0010723836,0.0,0.0,0.0010311257,0.0010122117,0.0010681254,0.0010906789,0.0,0.001060753,0.0010471387,0.0010398021,0.0010508887,0.0010569543,0.0010689395,0.0010724012,0.001060753,0.0010471387,0.0,0.001060753,0.0010471386,0.0010398021,0.0010723805,0.0,0.0010471387,0.0010311259,0.0010216853,0.0010322925,0.0011077451,0.0010723807,0.0,0.0010471387,0.0010311257,0.0010216852,0.0010322927,0.0011077453,0.0,0.001060753,0.0010607531,0.001055118,0.0010664649,0.0,0.0009898096,0.0010723791,0.0,0.0010471387,0.0010311257,0.0010216854,0.0010322928,0.0011077459,0.0010723808,0.0,0.0,0.0010311257,0.0010122117,0.0010681254,0.0010906782,0.0010723984,0.0010607528,0.0,0.0010311259,0.0010122112,0.0010681251,0.0010795787,0.0,0.0010607531,0.0010471387,0.001039802,0.0010508887,0.0010569543,0.0010689395,0.0,0.001060753,0.0,0.0010311257,0.0010122117,0.0010681254,0.0010795792,0.0,0.001060753,0.0010471387,0.001039802,0.0010508887,0.0010569543,0.0010689396,0.0010723808,0.0010607529,0.0010471387,0.001039802,0.0010508887,0.0010569543,0.0010689396,0.0,0.0,0.0,0.0010311257,0.0010122117,0.0010681254,0.0010906789,0.0010723808,0.0010607529,0.0,0.0010311257,0.0010122117,0.0010681254,0.0010795793,0.0010723812,0.0010607531,0.0010471386,0.0010681254,0.0,0.0010311257,0.0010122114,0.0,0.0010607529,0.0010471386,0.001039802,0.0010508887,0.0010569543,0.00106894,0.0,0.0010607529,0.0010471386,0.001039802,0.0010508887,0.0010569543,0.0010689397,0.0,0.0010607527,0.0010471387,0.001039802,0.0010508887,0.0010569543,0.0010689398,0.0010723794,0.0010607529,0.0010471386,0.001039802,0.0010508887,0.0010569543,0.0010689397,0.0,0.0,0.0010471386,0.0010311257,0.0010216853,0.0010322928,0.0011077459,0.0,0.0010607529,0.0010471386,0.0010398021,0.0010508887,0.0010569543,0.0010689396,0.0010724734,0.0010607528,0.0010471385,0.0010398019,0.0010508887,0.0010569543,0.0010689398
k__Bacteria|p__Proteobacteria|c__Gammaproteobacteria|o__Enterobacterales|f__Hafniaceae|g__Hafnia|s__Hafnia_paralvei,0.0,0.001063095,0.0010494572,0.0010420361,0.0010528968,0.0010587544,0.0010705611,0.0,0.0010630952,0.0010494572,0.0010420361,0.0010528968,0.0010587544,0.0010705611,0.0,0.0,0.0010494683,0.001033424,0.0010238886,0.001034274,0.0011096018,0.0010747653,0.0,0.0010494572,0.001033416,0.0010238881,0.001034274,0.0011096013,0.0,0.0,0.0010494572,0.001033416,0.0010238881,0.001034274,0.0011096013,0.0010747428,0.001063095,0.0010494572,0.0010420361,0.0010528968,0.0010587544,0.0010705611,0.0,0.0010630954,0.0010494572,0.0010420361,0.0010528968,0.0010587544,0.0010705612,0.0010747429,0.001063095,0.0010494572,0.0010420361,0.0010528968,0.0010587544,0.0010705611,0.0,0.0010630953,0.0010494576,0.0010420362,0.0010528968,0.0010587544,0.0010705619,0.0,0.0010630952,0.0010494572,0.0010420361,0.0010528968,0.0010587544,0.0010705611,0.0,0.0010630952,0.0,0.001033416,0.0010144672,0.0010704065,0.0010816283,0.0,0.001063095,0.0010494572,0.0010420361,0.0010528968,0.0010587544,0.0010705614,0.0,0.0,0.0,0.001033416,0.0010144672,0.0010704065,0.0010927421,0.0010747489,0.0010630952,0.0,0.001033416,0.0010144672,0.0010704065,0.0010816316,0.0010747848,0.0,0.0,0.0010334161,0.0010144672,0.0010704065,0.0010927416,0.0010747577,0.0,0.0010494572,0.0,0.001063095,0.0010494572,0.0010704062,0.0010747444,0.0,0.0,0.001033416,0.0010144672,0.0010704065,0.0010927409,0.0,0.0010630961,0.0,0.001033416,0.0010144672,0.0010704065,0.0010816276,0.0,0.0,0.0010494579,0.001063096,0.0,0.001033416,0.0010630953,0.0010747588,0.0010630953,0.0,0.0010334159,0.0010144672,0.0010704065,0.0010816276,0.0,0.0,0.0010494574,0.001033416,0.0010238881,0.001034274,0.0011096015,0.0,0.0,0.0010494572,0.0,0.001063095,0.0010494572,0.0010704063,0.0,0.0010630976,0.0,0.0010630953,0.0,0.001063095,0.0010494572,0.0,0.0,0.0010494707,0.0010334179,0.0010238882,0.001034274,0.0011096017,0.0,0.0010631233,0.0010630979,0.0010573784,0.0010684957,0.0,0.0009920119,0.0,0.0010630965,0.0010494577,0.0,0.0010630953,0.0010494571,0.0010420376,0.0010747473,0.001063095,0.0010494572,0.0,0.001063095,0.0010494572,0.0010420368,0.0015301162,0.0010630953,0.0010494572,0.0010420361,0.0010528968,0.0010587544,0.0010705611,0.0010747428,0.001063095,0.0010494572,0.0010420361,0.0010528968,0.0010587544,0.0010705611,0.0010747584,0.0,0.0,0.001033416,0.0010144672,0.0010704065,0.001092741,0.0010747456,0.0,0.0010494572,0.001033416,0.0010238881,0.001034274,0.0011096013,0.0,0.0010630953,0.0,0.001033416,0.0010144672,0.0010704065,0.0010816274,0.0010747534,0.0,0.0010494572,0.001033416,0.0010238881,0.001034274,0.0011096046,0.0,0.001063095,0.0010494572,0.0010420361,0.0010528968,0.0010587544,0.0010705619,0.0010747433,0.001063095,0.0010494572,0.0010420361,0.0010528968,0.0010587544,0.0010705611,0.0,0.0010630954,0.0010494571,0.0010420361,0.0010528968,0.0010587544,0.0010705611,0.0,0.0,0.0010494572,0.001033416,0.0010238881,0.001034274,0.0011096015,0.0010747443,0.001063095,0.0,0.0,0.0010630953,0.0010630952,0.0010573784,0.0010747671,0.0,0.0010494572,0.0,0.0010630953,0.0010494572,0.001070408,0.0010748112,0.0,0.0010630954,0.0010494571,0.0010420361,0.0,0.0010630955,0.0,0.001063095,0.0,0.001033416,0.0010144672,0.0010704065,0.0010816295,0.0010747464,0.0,0.0010494572,0.001033416,0.0010238882,0.001034274,0.001109631,0.0010747534,0.0,0.0,0.001033416,0.0010144672,0.0010704065,0.001092741,0.0,0.0010630953,0.0010494572,0.0010420361,0.0010528968,0.0010587544,0.0010705611,0.0010747656,0.0010630952,0.0010494571,0.0,0.001063095,0.0010494572,0.0010420369,0.0010747439,0.0,0.0010494571,0.0010334161,0.0010238881,0.001034274,0.0011096024,0.0010747451,0.0,0.0010494572,0.001033416,0.0010238882,0.0010342741,0.0011096016,0.0,0.0010630952,0.0010630953,0.0010573781,0.0010684956,0.0,0.0009920456,0.0010747632,0.0,0.0010494571,0.001033416,0.0010238881,0.001034274,0.0011096013,0.0010747463,0.0,0.0,0.001033416,0.0010144672,0.0010704065,0.0010927417,0.0010747834,0.0010630955,0.0,0.0010334167,0.0010144673,0.0010704062,0.0010816314,0.0,0.0010630952,0.0010494571,0.0010420361,0.0010528968,0.0010587544,0.0010705611,0.0,0.001063096,0.0,0.001033416,0.0010144672,0.0010704065,0.0010816274,0.0,0.0010630952,0.0010494574,0.0010420361,0.0010528968,0.0010587544,0.0010705612,0.00107475,0.0010630953,0.0010494572,0.0010420366,0.0010528968,0.0010587544,0.0010705612,0.0,0.0,0.0,0.001033416,0.0010144672,0.0010704065,0.001092741,0.0010747425,0.001063095,0.0,0.001033416,0.0010144672,0.0010704065,0.0010816278,0.00107475,0.0010630952,0.0010494572,0.0010704065,0.0,0.001033416,0.0010144673,0.0,0.001063095,0.0010494572,0.0010420361,0.0010528968,0.0010587544,0.0010705616,0.0,0.001063095,0.0010494572,0.0010420361,0.0010528968,0.0010587544,0.0010705612,0.0,0.0010630954,0.0010494571,0.0010420361,0.0010528968,0.0010587544,0.0010705622,0.0010747475,0.001063095,0.0010494572,0.0010420361,0.0010528968,0.0010587544,0.0010705615,0.0,0.0,0.0010494572,0.001033416,0.0010238881,0.001034274,0.0011096015,0.0,0.001063095,0.0010494572,0.0010420361,0.0010528968,0.0010587544,0.0010705611,0.0010748951,0.0010630962,0.0010494572,0.0010420362,0.0010528968,0.0010587544,0.0010705631
k__Bacteria|p__Proteobacteria|c__Gammaproteobacteria|o__Pasteurellales|f__Pasteurellaceae|g__Haemophilus|s__Haemophilus_SGB66626,0.0,0.0010591167,0.0010453899,0.0010379229,0.0010488352,0.0010547203,0.0010666033,0.0,0.001059117,0.0010453899,0.0010379229,0.0010488352,0.0010547203,0.0010666033,0.0,0.0,0.0010454,0.001029268,0.0010196862,0.0010301078,0.0011060456,0.0010708802,0.0,0.0010453899,0.0010292613,0.0010196856,0.0010301078,0.0011060456,0.0,0.0,0.0010453899,0.0010292613,0.0010196856,0.0010301078,0.0011060457,0.0010708532,0.0010591169,0.0010453899,0.0010379229,0.0010488352,0.0010547203,0.0010666032,0.0,0.0010591171,0.00104539,0.0010379229,0.0010488352,0.0010547203,0.0010666033,0.0010708532,0.0010591169,0.0010453899,0.0010379229,0.0010488352,0.0010547203,0.0010666033,0.0,0.0010591171,0.0010453903,0.001037923,0.0010488352,0.0010547203,0.0010666039,0.0,0.001059117,0.0010453899,0.0010379229,0.0010488352,0.0010547203,0.001066603,0.0,0.001059117,0.0,0.0010292613,0.0010102293,0.001066479,0.0010777819,0.0,0.0010591169,0.0010453899,0.0010379229,0.0010488352,0.0010547203,0.0010666032,0.0,0.0,0.0,0.0010292613,0.0010102293,0.001066479,0.001089002,0.0010708604,0.001059117,0.0,0.0010292613,0.0010102293,0.001066479,0.0010777834,0.0010709045,0.0,0.0,0.0010292613,0.0010102293,0.001066479,0.0010890018,0.0010708732,0.0,0.0010453899,0.0,0.0010591169,0.0010453899,0.0010664789,0.0010708555,0.0,0.0,0.0010292613,0.0010102293,0.001066479,0.0010890014,0.0,0.0010591177,0.0,0.0010292613,0.0010102293,0.001066479,0.0010777814,0.0,0.0,0.0010453905,0.0010591177,0.0,0.0010292613,0.001059117,0.0010708726,0.0010591171,0.0,0.0010292613,0.0010102293,0.001066479,0.0010777814,0.0,0.0,0.00104539,0.0010292613,0.0010196856,0.0010301078,0.0011060456,0.0,0.0,0.0010453899,0.0,0.0010591169,0.0010453899,0.001066479,0.0,0.0010591184,0.0,0.001059117,0.0,0.0010591169,0.00104539,0.0,0.0,0.0010454002,0.0010292628,0.0010196859,0.0010301078,0.0011060454,0.0,0.0010591394,0.0010591195,0.0010533575,0.0010645415,0.0,0.000987696,0.0,0.0010591178,0.0010453904,0.0,0.0010591171,0.00104539,0.0010379242,0.0010708584,0.0010591169,0.0010453899,0.0,0.0010591169,0.0010453899,0.0010379233,0.0,0.0010591169,0.00104539,0.0010379229,0.0010488352,0.0010547203,0.0010666032,0.0010708534,0.0010591169,0.0010453899,0.0010379229,0.0010488352,0.0010547203,0.0010666033,0.0010708738,0.0,0.0,0.0010292613,0.0010102293,0.001066479,0.0010890013,0.0010708576,0.0,0.0010453899,0.0010292613,0.0010196856,0.0010301078,0.0011060454,0.0,0.001059117,0.0,0.0010292613,0.0010102293,0.001066479,0.0010777813,0.0010708643,0.0,0.0010453899,0.0010292613,0.0010196856,0.0010301078,0.0011060466,0.0,0.0010591169,0.0010453899,0.0010379229,0.0010488352,0.0010547203,0.0010666035,0.0010708541,0.0010591169,0.0010453899,0.0010379229,0.0010488352,0.0010547203,0.0010666032,0.0,0.0010591171,0.00104539,0.0010379229,0.0010488352,0.0010547203,0.0010666033,0.0,0.0,0.0010453899,0.0010292613,0.0010196856,0.0010301078,0.0011060457,0.0010708554,0.0010591169,0.0,0.0,0.001059117,0.001059117,0.0010533576,0.0010708823,0.0,0.00104539,0.0,0.001059117,0.0010453899,0.0010664806,0.0010709374,0.0,0.001059117,0.00104539,0.0010379229,0.0,0.0010591173,0.0,0.0010591168,0.0,0.0010292613,0.0010102293,0.001066479,0.0010777832,0.0010708581,0.0,0.0010453899,0.0010292613,0.0010196858,0.0010301082,0.0011060588,0.001070864,0.0,0.0,0.0010292613,0.0010102293,0.001066479,0.0010890011,0.0,0.001059117,0.00104539,0.0010379229,0.0010488352,0.0010547203,0.0010666031,0.0010708793,0.001059117,0.00104539,0.0,0.0010591168,0.0010453899,0.0010379235,0.0010708553,0.0,0.00104539,0.0010292613,0.0010196856,0.0010301078,0.001106046,0.0010708557,0.0,0.00104539,0.0010292613,0.0010196858,0.0010301081,0.0011060458,0.0,0.001059117,0.001059117,0.0010533573,0.0010645413,0.0,0.0009877192,0.0010708786,0.0,0.00104539,0.0010292613,0.0010196856,0.0010301078,0.0011060457,0.0010708575,0.0,0.0,0.0010292613,0.0010102293,0.001066479,0.0010890019,0.001070906,0.0010591173,0.0,0.001029262,0.0010102295,0.001066479,0.0010777834,0.0,0.0010591169,0.00104539,0.0010379229,0.0010488352,0.0010547203,0.0010666029,0.0,0.0010591174,0.0,0.0010292613,0.0010102293,0.001066479,0.0010777813,0.0,0.001059117,0.00104539,0.0010379229,0.0010488352,0.0010547203,0.0010666031,0.0010708624,0.0010591169,0.00104539,0.0010379229,0.0010488352,0.0010547203,0.0010666032,0.0,0.0,0.0,0.0010292613,0.0010102293,0.001066479,0.0010890017,0.001070853,0.0010591169,0.0,0.0010292613,0.0010102293,0.001066479,0.0010777818,0.0010708607,0.0010591169,0.0010453899,0.001066479,0.0,0.0010292613,0.0010102295,0.0,0.0010591169,0.0010453899,0.0010379229,0.0010488352,0.0010547203,0.0010666035,0.0,0.0010591169,0.0010453899,0.0010379229,0.0010488352,0.0010547203,0.0010666035,0.0,0.0010591173,0.00104539,0.0010379229,0.0010488352,0.0010547203,0.0010666036,0.00107086,0.0010591169,0.0010453899,0.0010379229,0.0010488352,0.0010547203,0.0010666033,0.0,0.0,0.0010453899,0.0010292613,0.0010196856,0.0010301078,0.0011060459,0.0,0.0010591169,0.0010453899,0.0010379229,0.0010488352,0.0010547203,0.0010666033,0.0010710009,0.0010591177,0.00104539,0.0010379229,0.0010488352,0.0010547203,0.0010666039
k__Bacteria|p__Proteobacteria|c__Betaproteobacteria|o__Neisseriales|f__Neisseriaceae|g__Eikenella|s__Eikenella_corrodens,0.0,0.0010598105,0.0010461516,0.0010387696,0.0010498078,0.0010558206,0.0010677825,0.0,0.0010598105,0.0010461516,0.0010387696,0.0010498078,0.0010558206,0.0010677826,0.0,0.0,0.0010461614,0.0010301006,0.0010206064,0.0010311599,0.0011068302,0.0010715042,0.0,0.0010461516,0.0010300932,0.001020606,0.0010311599,0.00110683,0.0,0.0,0.0010461516,0.0010300932,0.0010206057,0.0010311599,0.00110683,0.001071482,0.0010598105,0.0010461516,0.0010387696,0.0010498078,0.0010558206,0.0010677825,0.0,0.0010598107,0.0010461516,0.0010387696,0.0010498078,0.0010558206,0.0010677828,0.0010714821,0.0010598105,0.0010461516,0.0010387696,0.0010498078,0.0010558206,0.0010677825,0.0,0.0010598107,0.0010461517,0.0010387697,0.0010498078,0.0010558206,0.001067783,0.0,0.0010598105,0.0010461516,0.0010387696,0.0010498078,0.0010558206,0.0010677826,0.0,0.0010598105,0.0,0.0010300932,0.0010111334,0.0010671853,0.0010786019,0.0,0.0010598105,0.0010461516,0.0010387696,0.0010498078,0.0010558206,0.0010677829,0.0,0.0,0.0,0.0010300932,0.0010111334,0.0010671851,0.0010897507,0.0010714877,0.0010598105,0.0,0.0010300932,0.0010111334,0.0010671851,0.001078604,0.0010715224,0.0,0.0,0.0010300934,0.0010111334,0.0010671853,0.0010897503,0.0010714963,0.0,0.0010461516,0.0,0.0010598105,0.0010461516,0.0010671852,0.0010714837,0.0,0.0,0.0010300932,0.0010111334,0.0010671851,0.0010897497,0.0,0.0010598116,0.0,0.0010300932,0.0010111334,0.0010671851,0.0010786013,0.0,0.0,0.0010461522,0.0010598112,0.0,0.0010300932,0.0010598106,0.0010715001,0.0010598107,0.0,0.0010300932,0.0010111334,0.0010671851,0.0010786015,0.0,0.0,0.0010461517,0.0010300932,0.0010206057,0.0010311599,0.00110683,0.0,0.0,0.0010461516,0.0,0.0010598105,0.0010461516,0.0010671853,0.0,0.0010598135,0.0,0.0010598106,0.0,0.0010598105,0.0010461517,0.0,0.0,0.0010461636,0.0010300954,0.0010206061,0.0010311599,0.00110683,0.0,0.0010598366,0.001059813,0.0010541327,0.0010654365,0.0,0.0009886737,0.0,0.0010598119,0.0010461521,0.0,0.0010598107,0.0010461516,0.0010387707,0.0010714862,0.0010598105,0.0010461516,0.0,0.0010598105,0.0010461516,0.00103877,0.0,0.0010598107,0.0010461517,0.0010387696,0.0010498078,0.0010558206,0.0010677826,0.001071482,0.0010598105,0.0010461516,0.0010387696,0.0010498078,0.0010558206,0.0010677826,0.0010714968,0.0,0.0,0.0010300932,0.0010111334,0.0010671851,0.0010897495,0.0010714841,0.0,0.0010461516,0.0010300932,0.0010206057,0.0010311599,0.00110683,0.0,0.0010598106,0.0,0.0010300932,0.0010111334,0.0010671851,0.0010786012,0.0010714924,0.0,0.0010461516,0.0010300932,0.001020606,0.0010311599,0.0011068314,0.0,0.0010598105,0.0010461516,0.0010387696,0.0010498078,0.0010558206,0.0010677833,0.0010714823,0.0010598105,0.0010461516,0.0010387696,0.0010498078,0.0010558206,0.0010677825,0.0,0.0010598111,0.0010461516,0.0010387696,0.0010498078,0.0010558206,0.0010677825,0.0,0.0,0.0010461516,0.0010300932,0.0010206057,0.0010311599,0.00110683,0.0010714837,0.0010598105,0.0,0.0,0.0010598106,0.0010598105,0.0010541328,0.0010715068,0.0,0.0010461517,0.0,0.0010598106,0.0010461516,0.001067186,0.0010715489,0.0,0.0010598106,0.0010461516,0.0010387696,0.0,0.001059811,0.0,0.0010598104,0.0,0.0010300932,0.0010111334,0.0010671853,0.0010786033,0.0010714856,0.0,0.0010461516,0.0010300932,0.0010206058,0.00103116,0.001106844,0.0010714922,0.0,0.0,0.0010300932,0.0010111334,0.0010671851,0.0010897495,0.0,0.0010598106,0.0010461517,0.0010387696,0.0010498078,0.0010558206,0.0010677826,0.0010715004,0.0010598105,0.0010461516,0.0,0.0010598105,0.0010461516,0.0010387698,0.001071483,0.0,0.0010461516,0.0010300933,0.0010206057,0.0010311599,0.0011068307,0.0010714843,0.0,0.0010461515,0.0010300932,0.0010206058,0.0010311599,0.0011068303,0.0,0.0010598105,0.0010598107,0.0010541324,0.0010654363,0.0,0.0009887011,0.0010715032,0.0,0.0010461516,0.0010300932,0.0010206057,0.0010311599,0.00110683,0.0010714858,0.0,0.0,0.0010300932,0.0010111334,0.0010671853,0.0010897504,0.0010715172,0.0010598109,0.0,0.0010300939,0.0010111335,0.0010671851,0.0010786039,0.0,0.0010598106,0.0010461516,0.0010387696,0.0010498078,0.0010558206,0.0010677825,0.0,0.0010598113,0.0,0.0010300932,0.0010111334,0.0010671851,0.0010786012,0.0,0.0010598106,0.0010461517,0.0010387696,0.0010498078,0.0010558206,0.0010677826,0.001071489,0.0010598105,0.0010461516,0.0010387697,0.0010498078,0.0010558206,0.0010677828,0.0,0.0,0.0,0.0010300932,0.0010111334,0.0010671851,0.0010897499,0.0010714817,0.0010598105,0.0,0.0010300932,0.0010111334,0.0010671851,0.0010786015,0.0010714903,0.0010598106,0.0010461516,0.0010671851,0.0,0.0010300932,0.0010111335,0.0,0.0010598105,0.0010461516,0.0010387696,0.0010498078,0.0010558206,0.001067783,0.0,0.0010598105,0.0010461516,0.0010387696,0.0010498078,0.0010558206,0.0010677826,0.0,0.0010598109,0.0010461516,0.0010387696,0.0010498078,0.0010558206,0.0010677835,0.0010714863,0.0010598105,0.0010461516,0.0010387696,0.0010498078,0.0010558206,0.0010677829,0.0,0.0,0.0010461516,0.0010300932,0.001020606,0.0010311599,0.00110683,0.0,0.0010598105,0.0010461516,0.0010387696,0.0010498078,0.0010558206,0.0010677826,0.0010716385,0.0010598117,0.0010461516,0.0010387695,0.0010498078,0.0010558206,0.0010677839
k__Bacteria|p__Proteobacteria|c__Gammaproteobacteria|o__Enterobacterales|f__Enterobacteriaceae|g__Klebsiella|s__Klebsiella_quasipneumoniae,0.0,0.0010627866,0.0010492874,0.0010420764,0.0010533152,0.0010595423,0.0010716114,0.0014988221,0.0010627867,0.0010492874,0.0010420764,0.0010533152,0.0010595423,0.0010716115,0.0,0.0,0.001049306,0.0010334058,0.0010240829,0.0010348542,0.0011097812,0.0010743426,0.0,0.0010492874,0.0010333926,0.0010240822,0.0010348542,0.001109781,0.0,0.0018060101,0.0010492874,0.0010333926,0.0010240822,0.0010348542,0.001109781,0.0010743042,0.0010627866,0.0010492874,0.0010420764,0.0010533152,0.0010595423,0.0010716115,0.0,0.0010627873,0.0010492875,0.0010420764,0.0010533152,0.0010595423,0.0010716125,0.001074304,0.0010627866,0.0010492874,0.0010420764,0.0010533152,0.0010595423,0.0010716115,0.0,0.0010627871,0.0010492881,0.0010420767,0.0010533152,0.0010595423,0.0010716119,0.0,0.0010627867,0.0010492874,0.0010420764,0.0010533152,0.0010595423,0.0010716115,0.0,0.0010627867,0.0,0.0010333926,0.0010145972,0.0010701615,0.0010817442,0.0,0.0010627866,0.0010492874,0.0010420764,0.0010533152,0.0010595423,0.0010716115,0.0,0.0,0.0,0.0010333926,0.0010145972,0.0010701615,0.0010927175,0.0010743138,0.0010627867,0.0,0.0010333926,0.0010145972,0.0010701615,0.0010817464,0.0010743662,0.0,0.0,0.0010333927,0.0010145972,0.0010701615,0.0010927179,0.0010743302,0.0,0.0010492874,0.0,0.0010627866,0.0010492874,0.0010701616,0.0010743068,0.0,0.0,0.0010333926,0.0010145972,0.0010701615,0.0010927179,0.0,0.0010627881,0.0,0.0010333926,0.0010145972,0.0010701615,0.0010817433,0.0,0.0,0.0010492887,0.0010627878,0.0,0.0010333926,0.0010627867,0.001074331,0.0010627871,0.0,0.0010333926,0.0010145972,0.0010701615,0.0010817433,0.0,0.0,0.0010492876,0.0010333926,0.0010240822,0.0010348542,0.0011097811,0.0,0.0018578708,0.0010492874,0.0,0.0010627866,0.0010492874,0.0010701615,0.0,0.0010627916,0.0,0.0010627868,0.0,0.0010627866,0.0010492874,0.0,0.0,0.0010493064,0.0010333961,0.0010240823,0.0010348542,0.001109781,0.0,0.001062832,0.0010627923,0.0010572724,0.001068759,0.0,0.000992302,0.0,0.0010627889,0.0010492887,0.0,0.0010627871,0.0010492876,0.0010420792,0.0010743124,0.0010627866,0.0010492874,0.0,0.0010627866,0.0010492874,0.0010420773,0.0,0.0010627868,0.0010492874,0.0010420764,0.0010533152,0.0010595423,0.0010716114,0.001074304,0.0010627866,0.0010492874,0.0010420764,0.0010533152,0.0010595423,0.0010716115,0.0010743282,0.0,0.0,0.0010333926,0.0010145972,0.0010701615,0.0010927177,0.0010743078,0.0,0.0010492874,0.0010333926,0.0010240822,0.0010348542,0.001109781,0.0,0.0010627868,0.0,0.0010333926,0.0010145972,0.0010701615,0.001081743,0.0010743233,0.0,0.0010492874,0.0010333926,0.0010240822,0.0010348542,0.0011097845,0.0,0.0010627866,0.0010492874,0.0010420764,0.0010533152,0.0010595423,0.0010716118,0.0010743047,0.0010627866,0.0010492874,0.0010420764,0.0010533152,0.0010595423,0.0010716115,0.0,0.0010627873,0.0010492876,0.0010420766,0.0010533152,0.0010595423,0.0010716114,0.0,0.0,0.0010492874,0.0010333926,0.0010240822,0.0010348542,0.0011097811,0.0010743067,0.0010627866,0.0,0.0,0.0010627868,0.0010627867,0.0010572721,0.0010743446,0.0,0.001049288,0.0,0.0010627868,0.0010492874,0.0010701658,0.0010744117,0.0,0.0010627868,0.0010492874,0.0010420764,0.0,0.0010627871,0.0,0.0010627866,0.0,0.0010333926,0.0010145972,0.0010701616,0.00108175,0.0010743106,0.0,0.0010492874,0.0010333926,0.0010240823,0.0010348544,0.0011098038,0.0010743227,0.0013826933,0.0,0.0010333926,0.0010145972,0.0010701615,0.0010927179,0.0,0.0010627868,0.0010492874,0.0010420764,0.0010533152,0.0010595423,0.0010716115,0.0010743303,0.0010627868,0.0010492874,0.0,0.0010627867,0.0010492874,0.0010420776,0.0010743055,0.0,0.0010492876,0.0010333927,0.0010240822,0.0010348542,0.0011097814,0.0010743078,0.0,0.0010492874,0.0010333926,0.0010240823,0.0010348542,0.0011097816,0.0,0.0010627868,0.0010627869,0.0010572717,0.0010687588,0.001666748,0.0009923313,0.0010743341,0.0,0.0010492876,0.0010333926,0.0010240822,0.0010348542,0.001109781,0.001074309,0.0,0.0,0.0010333926,0.0010145972,0.0010701615,0.001092718,0.0010743644,0.0010627873,0.0,0.0010333935,0.0010145975,0.0010701616,0.0010817467,0.0,0.0010627868,0.0010492876,0.0010420764,0.0010533152,0.0010595423,0.0010716115,0.0,0.0010627885,0.0,0.0010333926,0.0010145972,0.0010701615,0.001081743,0.0,0.0010627868,0.0010492875,0.0010420764,0.0010533152,0.0010595423,0.0010716115,0.0010743155,0.0010627867,0.0010492876,0.0010420767,0.0010533152,0.0010595423,0.0010716117,0.0,0.0,0.0,0.0010333926,0.0010145972,0.0010701615,0.0010927182,0.0010743035,0.0010627866,0.0,0.0010333926,0.0010145972,0.0010701615,0.0010817439,0.0010743163,0.0010627868,0.0010492874,0.0010701615,0.0,0.0010333926,0.0010145974,0.0,0.0010627866,0.0010492874,0.0010420766,0.0010533152,0.0010595423,0.0010716117,0.0,0.0010627866,0.0010492874,0.0010420764,0.0010533152,0.0010595423,0.0010716115,0.0,0.0010627873,0.0010492876,0.0010420764,0.0010533152,0.0010595423,0.0010716122,0.0010743114,0.0010627866,0.0010492874,0.0010420764,0.0010533152,0.0010595423,0.0010716115,0.0,0.0,0.0010492874,0.0010333926,0.0010240822,0.0010348542,0.001109781,0.0,0.0010627866,0.0010492874,0.0010420764,0.0010533152,0.0010595423,0.0010716115,0.0010745366,0.0010627885,0.0010492876,0.0010420766,0.0010533152,0.0010595423,0.001071612
k__Bacteria|p__Proteobacteria|c__Gammaproteobacteria|o__Enterobacterales|f__Enterobacteriaceae|g__Enterobacter|s__Enterobacter_ludwigii,0.0,0.0010716601,0.0010583504,0.0010512273,0.0010623208,0.001068458,0.0010803358,0.0011767806,0.0010716602,0.0010583504,0.0010512273,0.0010623208,0.001068458,0.0010803358,0.0,0.0,0.0010583542,0.0010426429,0.0010334223,0.0010440821,0.0011176706,0.0010830185,0.0,0.0010583504,0.0010426414,0.0010334222,0.0010440821,0.0011176704,0.0,0.0,0.0010583504,0.0010426414,0.0010334222,0.0010440821,0.0011176706,0.0010829881,0.0010716602,0.0010583504,0.0010512273,0.0010623208,0.001068458,0.0010803357,0.0,0.0010716604,0.0010583504,0.0010512273,0.0010623208,0.001068458,0.0010803365,0.0010829881,0.0010716602,0.0010583504,0.0010512273,0.0010623208,0.001068458,0.0010803362,0.0,0.0010716601,0.0010583508,0.0010512273,0.0010623208,0.001068458,0.0010803363,0.0,0.0010716602,0.0010583504,0.0010512273,0.0010623208,0.001068458,0.0010803358,0.0,0.0010716602,0.0,0.0010426414,0.0010240217,0.0010789164,0.0010902889,0.0,0.0010716602,0.0010583504,0.0010512273,0.0010623208,0.001068458,0.001080336,0.0,0.0,0.0,0.0010426414,0.0010240217,0.0010789164,0.0011010349,0.0010829981,0.0010716602,0.0,0.0010426414,0.0010240217,0.0010789164,0.0010902919,0.0010830746,0.0,0.0,0.0010426414,0.0010240217,0.0010789164,0.001101035,0.0010830138,0.0,0.0010583504,0.0,0.0010716602,0.0010583504,0.0010789162,0.0010829911,0.0,0.0,0.0010426414,0.0010240217,0.0010789164,0.0011010345,0.0,0.0010716608,0.0,0.0010426414,0.0010240217,0.0010789164,0.001090288,0.0,0.0,0.0010583504,0.0010716611,0.0,0.0010426414,0.0010716603,0.0010830056,0.0010716603,0.0,0.0010426412,0.0010240217,0.0010789164,0.0010902877,0.0,0.0,0.0010583504,0.0010426414,0.0010334222,0.0010440821,0.0011176708,0.0,0.03490588,0.0010583504,0.0,0.0010716602,0.0010583504,0.0010789162,0.0,0.0010716597,0.0,0.0010716603,0.0,0.0010716602,0.0010583506,0.0,0.0,0.0010583549,0.0010426419,0.0010334223,0.0010440821,0.0011176702,0.0,0.0010716685,0.0010716609,0.0010662257,0.0010775344,0.0,0.0010018812,0.0,0.0010716609,0.0010583506,0.0,0.0010716602,0.0010583504,0.0010512286,0.0010829921,0.0010716602,0.0010583504,0.0,0.0010716602,0.0010583504,0.0010512281,0.0,0.0010716603,0.0010583506,0.0010512273,0.0010623208,0.001068458,0.0010803358,0.0010829882,0.0010716602,0.0010583504,0.0010512273,0.0010623208,0.001068458,0.0010803358,0.0010830192,0.0,0.0,0.0010426414,0.0010240217,0.0010789164,0.0011010345,0.0010829946,0.0,0.0010583504,0.0010426414,0.0010334222,0.0010440821,0.0011176704,0.0,0.0010716603,0.0,0.0010426414,0.0010240217,0.0010789164,0.001090288,0.0010830024,0.0,0.0010583504,0.0010426414,0.0010334222,0.0010440821,0.0011176745,0.0,0.0010716602,0.0010583504,0.0010512273,0.0010623208,0.001068458,0.001080337,0.001082989,0.0010716602,0.0010583504,0.0010512273,0.0010623208,0.001068458,0.0010803357,0.0,0.0010716603,0.0010583504,0.0010512273,0.0010623208,0.001068458,0.0010803358,0.0,0.0,0.0010583504,0.0010426414,0.0010334222,0.0010440821,0.0011176706,0.0010829904,0.0010716602,0.0,0.0,0.0010716603,0.0010716602,0.0010662259,0.0010830221,0.0,0.0010583502,0.0,0.0010716603,0.0010583504,0.0010789175,0.0010831143,0.0,0.0010716604,0.0010583504,0.0010512273,0.0,0.0010716605,0.0,0.0010716601,0.0,0.0010426414,0.0010240217,0.0010789162,0.0010902924,0.0010829932,0.0,0.0010583504,0.0010426414,0.0010334223,0.0010440826,0.0011177033,0.0010829986,0.0,0.0,0.0010426414,0.0010240217,0.0010789164,0.0011010345,0.0,0.0010716603,0.0010583506,0.0010512273,0.0010623208,0.001068458,0.0010803358,0.0010830138,0.0010716602,0.0010583504,0.0,0.0010716602,0.0010583504,0.0010512283,0.0010829912,0.0,0.0010583504,0.0010426414,0.0010334222,0.0010440821,0.001117671,0.0010829908,0.0,0.0010583506,0.0010426412,0.0010334223,0.0010440823,0.0011176716,0.0,0.0010716602,0.0010716604,0.0010662258,0.0010775342,0.0,0.0010019043,0.00108303,0.0,0.0010583504,0.0010426414,0.0010334222,0.0010440821,0.0011176706,0.0010829918,0.0,0.0,0.0010426414,0.0010240217,0.0010789164,0.0011010349,0.0010830641,0.0010716605,0.0,0.0010426418,0.0010240219,0.0010789162,0.001090292,0.0,0.0010716603,0.0010583504,0.0010512273,0.0010623208,0.001068458,0.0010803357,0.0,0.00107166,0.0,0.0010426414,0.0010240217,0.0010789164,0.0010902876,0.0,0.0010716603,0.0010583504,0.0010512273,0.0010623208,0.001068458,0.0010803358,0.0010830009,0.0010716603,0.0010583504,0.0010512274,0.0010623208,0.001068458,0.0010803359,0.0,0.0,0.0,0.0010426414,0.0010240217,0.0010789164,0.0011010348,0.0010829876,0.0010716602,0.0,0.0010426414,0.0010240217,0.0010789164,0.0010902884,0.0010829963,0.0010716603,0.0010583504,0.0010789164,0.0,0.0010426414,0.0010240218,0.0,0.0010716602,0.0010583504,0.0010512273,0.0010623208,0.001068458,0.0010803363,0.0,0.0010716602,0.0010583504,0.0010512273,0.0010623208,0.001068458,0.0010803359,0.0,0.0010716605,0.0010583504,0.0010512273,0.0010623208,0.001068458,0.0010803369,0.0010829971,0.0010716602,0.0010583504,0.0010512273,0.0010623208,0.001068458,0.0010803364,0.0,0.0,0.0010583504,0.0010426414,0.0010334222,0.0010440821,0.0011176707,0.0,0.0010716602,0.0010583504,0.0010512273,0.0010623208,0.001068458,0.0010803358,0.0010831256,0.0010716607,0.0010583504,0.0010512272,0.0010623208,0.001068458,0.0010803369
k__Bacteria|p__Proteobacteria|c__Gammaproteobacteria|o__Enterobacterales|f__Enterobacteriaceae|g__Kluyvera|s__Kluyvera_ascorbata,0.0,0.0010604494,0.0010468625,0.0010395728,0.0010507515,0.0010569058,0.0010689577,0.0,0.0010604495,0.0010468625,0.0010395728,0.0010507515,0.0010569058,0.0010689574,0.0,0.0,0.0010468824,0.0010308925,0.0010214881,0.0010321877,0.0011075827,0.0010720674,0.0,0.0010468625,0.0010308792,0.001021487,0.0010321877,0.0011075821,0.0,0.0,0.0010468625,0.0010308792,0.001021487,0.0010321877,0.001107582,0.001072052,0.0010604494,0.0010468625,0.0010395728,0.0010507515,0.0010569058,0.0010689573,0.0,0.0010604501,0.0010468628,0.0010395728,0.0010507515,0.0010569058,0.0010689585,0.0010720522,0.0010604494,0.0010468625,0.0010395728,0.0010507515,0.0010569058,0.0010689576,0.0,0.0010604499,0.0010468634,0.0010395729,0.0010507515,0.0010569055,0.001068958,0.0,0.0010604495,0.0010468625,0.0010395728,0.0010507515,0.0010569058,0.0010689577,0.0,0.0010604495,0.0,0.0010308792,0.0010119963,0.0010678397,0.0010793858,0.0,0.0010604494,0.0010468625,0.0010395728,0.0010507515,0.0010569058,0.0010689578,0.0,0.0,0.0,0.0010308792,0.0010119963,0.0010678397,0.0010904578,0.0010720548,0.0010604495,0.0,0.0010308792,0.0010119963,0.0010678397,0.0010793918,0.001072093,0.0,0.0,0.0010308794,0.0010119963,0.0010678397,0.0010904573,0.0010720654,0.0,0.0010468625,0.0,0.0010604494,0.0010468625,0.0010678397,0.0010720537,0.0,0.0,0.0010308792,0.0010119963,0.0010678397,0.0010904563,0.0,0.0010604513,0.0,0.0010308792,0.0010119963,0.0010678397,0.001079384,0.0,0.0,0.0010468639,0.0010604509,0.0,0.0010308792,0.0010604496,0.00107207,0.0010604499,0.0,0.0010308791,0.0010119963,0.0010678397,0.0010793838,0.0,0.0,0.0010468628,0.0010308792,0.001021487,0.0010321877,0.0011075827,0.0,0.0,0.0010468625,0.0,0.0010604494,0.0010468625,0.0010678396,0.0,0.0010604543,0.0,0.0010604496,0.0,0.0010604494,0.0010468625,0.0,0.0,0.0010468834,0.0010308828,0.0010214872,0.0010321877,0.0011075826,0.0,0.0010605011,0.0010604552,0.0010548603,0.001066298,0.0,0.0009896217,0.0,0.0010604522,0.0010468637,0.0,0.0010604499,0.0010468627,0.0010395764,0.0010720557,0.0010604494,0.0010468625,0.0,0.0010604494,0.0010468625,0.0010395743,0.0033979958,0.0010604496,0.0010468625,0.0010395728,0.0010507515,0.0010569058,0.0010689576,0.0010720517,0.0010604494,0.0010468625,0.0010395728,0.0010507515,0.0010569058,0.0010689577,0.0010720651,0.0,0.0,0.0010308792,0.0010119963,0.0010678397,0.0010904565,0.0010720559,0.007856696,0.0010468625,0.0010308792,0.001021487,0.0010321877,0.0011075825,0.0,0.0010604496,0.0,0.0010308792,0.0010119963,0.0010678397,0.0010793835,0.0010720621,0.0,0.0010468625,0.0010308792,0.001021487,0.0010321877,0.0011075921,0.0,0.0010604494,0.0010468625,0.0010395728,0.0010507515,0.0010569058,0.0010689587,0.001072052,0.0010604494,0.0010468625,0.0010395728,0.0010507515,0.0010569058,0.0010689576,0.0,0.0010604501,0.0010468627,0.0010395728,0.0010507515,0.0010569058,0.0010689577,0.0,0.0,0.0010468625,0.0010308792,0.001021487,0.0010321877,0.0011075821,0.0010720523,0.0010604494,0.0,0.0,0.0010604496,0.0010604495,0.00105486,0.0010720674,0.0,0.0010468632,0.0,0.0010604496,0.0010468625,0.0010678447,0.0010721218,0.0,0.0010604496,0.0010468627,0.0010395728,0.0,0.0010604502,0.0,0.0010604494,0.0,0.0010308792,0.0010119963,0.0010678397,0.0010793923,0.0010720548,0.0,0.0010468625,0.0010308792,0.0010214872,0.0010321883,0.0011076579,0.0010720637,0.0,0.0,0.0010308792,0.0010119963,0.0010678397,0.001090456,0.0,0.0010604496,0.0010468625,0.0010395728,0.0010507515,0.0010569058,0.0010689577,0.0010720313,0.0010604495,0.0010468627,0.0,0.0010604495,0.0010468625,0.0010395742,0.0010720527,0.0,0.0010468627,0.0010308796,0.001021487,0.0010321877,0.0011075838,0.0010720538,0.0,0.0010468628,0.0010308792,0.0010214872,0.0010321878,0.0011075841,0.0,0.0010604495,0.0010604496,0.0010548598,0.0010662979,0.0,0.0009896663,0.0010720666,0.0,0.0010468627,0.0010308792,0.001021487,0.0010321877,0.001107582,0.0010720539,0.0,0.0,0.0010308792,0.0010119963,0.0010678397,0.0010904571,0.0010720838,0.0010604503,0.0,0.0010308806,0.0010119964,0.0010678398,0.0010793912,0.0,0.0010604496,0.0010468627,0.0010395728,0.0010507515,0.0010569058,0.0010689576,0.0,0.0010604511,0.0,0.0010308792,0.0010119963,0.0010678397,0.0010793835,0.0,0.0010604495,0.0010468628,0.0010395728,0.0010507515,0.0010569058,0.0010689576,0.0010720608,0.0010604499,0.0010468627,0.0010395732,0.0010507515,0.0010569058,0.0010689577,0.0,0.0,0.0,0.0010308792,0.0010119963,0.0010678397,0.0010904567,0.0010720518,0.0010604494,0.0,0.0010308792,0.0010119963,0.0010678397,0.0010793846,0.0010720578,0.0010604496,0.0010468625,0.0010678397,0.0,0.0010308792,0.0010119965,0.0,0.0010604494,0.0010468625,0.0010395728,0.0010507515,0.0010569058,0.0010689583,0.0,0.0010604494,0.0010468625,0.0010395728,0.0010507515,0.0010569058,0.0010689577,0.0,0.0010604503,0.0010468627,0.0010395728,0.0010507515,0.0010569055,0.0010689598,0.0010720576,0.0010604494,0.0010468625,0.0010395728,0.0010507515,0.0010569058,0.001068958,0.0,0.0,0.0010468625,0.0010308792,0.001021487,0.0010321877,0.0011075825,0.0,0.0010604494,0.0010468625,0.0010395728,0.0010507515,0.0010569058,0.0010689577,0.0010721945,0.0010604514,0.0010468627,0.0010395728,0.0010507515,0.0010569055,0.0010689603
k__Bacteria|p__Proteobacteria|c__Gammaproteobacteria|o__Pasteurellales|f__Pasteurellaceae|g__Haemophilus|s__Haemophilus_sputorum,0.0,0.0010583946,0.0010447768,0.0010374851,0.0010487285,0.0010549345,0.0010670519,0.0,0.0010583948,0.0010447768,0.0010374851,0.0010487285,0.0010549345,0.0010670519,0.0,0.0,0.0010447927,0.0010287752,0.0010193704,0.0010301284,0.0011057921,0.0010700668,0.0,0.0010447768,0.001028764,0.00101937,0.0010301284,0.0011057918,0.0,0.0,0.0010447768,0.001028764,0.00101937,0.0010301284,0.0011057918,0.0010700291,0.0010583948,0.0010447768,0.0010374851,0.0010487285,0.0010549345,0.0010670519,0.0,0.0010583953,0.0010447769,0.0010374851,0.0010487285,0.0010549345,0.0010670528,0.0010700292,0.0010583948,0.0010447768,0.0010374851,0.0010487285,0.0010549345,0.001067052,0.0,0.0010583948,0.0010447773,0.0010374851,0.0010487285,0.0010549345,0.0010670525,0.0,0.0010583948,0.0010447768,0.0010374851,0.0010487285,0.0010549345,0.0010670519,0.0,0.0010583948,0.0,0.001028764,0.0010098545,0.0010658171,0.0010774409,0.0,0.0010583948,0.0010447768,0.0010374851,0.0010487285,0.0010549345,0.0010670522,0.0,0.0,0.0,0.001028764,0.0010098545,0.0010658171,0.0010885522,0.0010700384,0.0010583948,0.0,0.001028764,0.0010098545,0.0010658171,0.0010774448,0.0010700941,0.0,0.0,0.0010287641,0.0010098545,0.0010658171,0.0010885523,0.0010700542,0.0,0.0010447768,0.0,0.0010583948,0.0010447768,0.0010658171,0.0010700315,0.0,0.0,0.001028764,0.0010098545,0.0010658171,0.0010885518,0.0,0.001058396,0.0,0.001028764,0.0010098545,0.0010658171,0.0010774394,0.0,0.0,0.001044778,0.0010583953,0.0,0.001028764,0.0010583948,0.0010700506,0.0010583948,0.0,0.001028764,0.0010098545,0.0010658171,0.0010774394,0.0,0.0,0.0010447768,0.001028764,0.00101937,0.0010301284,0.0011057919,0.0,0.0,0.0010447768,0.0,0.0010583948,0.0010447768,0.0010658171,0.0,0.0010583987,0.0,0.0010583949,0.0,0.0010583948,0.0010447769,0.0,0.0,0.0010447919,0.0010287669,0.0010193702,0.0010301284,0.001105792,0.0,0.0010584329,0.0010583992,0.0010528042,0.0010643138,0.0,0.0009874557,0.0,0.0010583968,0.0010447777,0.0,0.0010583951,0.0010447768,0.0010374881,0.001070036,0.0010583948,0.0010447768,0.0,0.0010583948,0.0010447768,0.0010374859,0.0,0.0010583948,0.0010447769,0.0010374851,0.0010487285,0.0010549345,0.001067052,0.0010700291,0.0010583948,0.0010447768,0.0010374851,0.0010487285,0.0010549345,0.0010670519,0.0010700538,0.0,0.0,0.001028764,0.0010098545,0.0010658171,0.0010885517,0.0010700325,0.0,0.0010447768,0.001028764,0.00101937,0.0010301284,0.0011057918,0.0,0.0010583949,0.0,0.001028764,0.0010098545,0.0010658171,0.0010774393,0.0010700476,0.0,0.0010447768,0.001028764,0.00101937,0.0010301284,0.0011057972,0.0,0.0010583948,0.0010447768,0.0010374851,0.0010487285,0.0010549345,0.0010670533,0.0010700297,0.0010583948,0.0010447768,0.0010374851,0.0010487285,0.0010549345,0.0010670519,0.0,0.0010583953,0.0010447768,0.0010374851,0.0010487285,0.0010549345,0.0010670519,0.0,0.0,0.0010447768,0.001028764,0.00101937,0.0010301284,0.0011057919,0.0010700315,0.0010583948,0.0,0.0,0.0010583949,0.0010583948,0.0010528044,0.0010700689,0.0,0.0010447771,0.0,0.0010583949,0.0010447768,0.001065821,0.0010701411,0.0,0.0010583948,0.0010447768,0.0010374851,0.0,0.001058395,0.0,0.0010583947,0.0,0.001028764,0.0010098545,0.001065817,0.0010774462,0.0010700346,0.0,0.0010447768,0.001028764,0.0010193699,0.0010301288,0.0011058263,0.0010700457,0.0,0.0,0.001028764,0.0010098545,0.0010658171,0.0010885518,0.0,0.0010583949,0.0010447769,0.0010374851,0.0010487285,0.0010549345,0.0010670519,0.0010700581,0.0010583949,0.0010447768,0.0,0.0010583947,0.0010447768,0.0010374861,0.0010700304,0.0,0.0010447768,0.0010287641,0.00101937,0.0010301284,0.0011057928,0.0010700325,0.0,0.0010447769,0.001028764,0.0010193702,0.0010301286,0.0011057928,0.0,0.0010583949,0.0010583948,0.001052804,0.0010643137,0.0,0.0009874911,0.0010700616,0.0,0.0010447768,0.001028764,0.00101937,0.0010301284,0.0011057918,0.0010700338,0.0,0.0,0.001028764,0.0010098545,0.0010658171,0.0010885522,0.0010700899,0.0010583953,0.0,0.0010287649,0.0010098548,0.0010658171,0.0010774445,0.0,0.0010583947,0.0010447768,0.0010374851,0.0010487285,0.0010549345,0.0010670519,0.0,0.0010583961,0.0,0.001028764,0.0010098545,0.0010658171,0.0010774393,0.0,0.0010583948,0.0010447768,0.0010374851,0.0010487285,0.0010549345,0.001067052,0.0010700406,0.0010583947,0.0010447769,0.0010374854,0.0010487285,0.0010549345,0.0010670524,0.0,0.0,0.0,0.001028764,0.0010098545,0.0010658171,0.0010885522,0.0010700286,0.0010583948,0.0,0.001028764,0.0010098545,0.0010658171,0.0010774399,0.0010700411,0.0010583947,0.0010447768,0.0010658171,0.0,0.001028764,0.0010098548,0.0,0.0010583948,0.0010447768,0.0010374851,0.0010487285,0.0010549345,0.0010670527,0.0,0.0010583948,0.0010447768,0.0010374851,0.0010487285,0.0010549345,0.0010670521,0.0,0.0010583953,0.0010447768,0.0010374851,0.0010487285,0.0010549345,0.0010670535,0.0010700352,0.0010583948,0.0010447768,0.0010374851,0.0010487285,0.0010549345,0.0010670522,0.0,0.0,0.0010447768,0.001028764,0.00101937,0.0010301284,0.0011057918,0.0,0.0010583948,0.0010447768,0.0010374851,0.0010487285,0.0010549345,0.0010670519,0.0010702646,0.0010583964,0.0010447771,0.001037485,0.0010487285,0.0010549345,0.0010670539
k__Bacteria|p__Proteobacteria|c__Betaproteobacteria|o__Burkholderiales|f__Sutterellaceae|g__Parasutterella|s__Parasutterella_SGB9260,0.0,0.001061791,0.0010483429,0.0010412284,0.0010526692,0.0010590892,0.0010713072,0.0,0.0010617911,0.0010483429,0.0010412284,0.0010526692,0.0010590892,0.0010713072,0.0,0.0,0.0010483541,0.0010325114,0.0010232935,0.0010342682,0.0011091215,0.0010732893,0.0,0.0010483429,0.0010325036,0.0010232932,0.0010342682,0.0011091213,0.0,0.0,0.0010483429,0.0010325036,0.0010232932,0.0010342682,0.0011091213,0.0010732609,0.0010617911,0.0010483429,0.0010412284,0.0010526692,0.0010590892,0.0010713071,0.0,0.0010617917,0.0010483433,0.0010412284,0.0010526692,0.0010590892,0.0010713079,0.0010732609,0.0010617911,0.0010483429,0.0010412284,0.0010526692,0.0010590892,0.0010713072,0.0,0.0010617912,0.0010483434,0.0010412287,0.0010526692,0.0010590892,0.0010713076,0.0,0.0010617911,0.0010483429,0.0010412284,0.0010526692,0.0010590892,0.0010713076,0.0018753812,0.0010617911,0.0,0.0010325036,0.001013768,0.0010692087,0.0010809912,0.0,0.0010617911,0.0010483429,0.0010412284,0.0010526692,0.0010590892,0.0010713071,0.0,0.0,0.0,0.0010325036,0.001013768,0.0010692087,0.0010919169,0.0010732689,0.0010617911,0.0,0.0010325036,0.001013768,0.0010692087,0.0010809934,0.0010733159,0.0,0.0,0.0010325037,0.001013768,0.0010692087,0.0010919168,0.0010732807,0.0,0.0010483429,0.0,0.0010617911,0.0010483429,0.0010692085,0.0010732628,0.0,0.0,0.0010325036,0.001013768,0.0010692087,0.0010919168,0.0,0.0010617921,0.0,0.0010325036,0.001013768,0.0010692087,0.0010809903,0.0,0.0,0.0010483438,0.0010617919,0.0,0.0010325036,0.0010617911,0.0010732763,0.0010617912,0.0,0.0010325036,0.001013768,0.0010692087,0.0010809901,0.0,0.0,0.001048343,0.0010325036,0.0010232932,0.0010342682,0.0011091215,0.0,0.0,0.0010483429,0.0,0.0010617911,0.0010483429,0.0010692087,0.0,0.0010617934,0.0,0.0010617912,0.0,0.0010617911,0.001048343,0.0,0.0,0.0010483561,0.0010325053,0.0010232931,0.0010342682,0.0011091214,0.0,0.0010618177,0.0010617938,0.0010563696,0.0010680571,0.0,0.0009915371,0.0,0.0010617925,0.0010483436,0.0,0.0010617913,0.0010483429,0.0010412304,0.0010732665,0.0010617911,0.0010483429,0.0,0.0010617911,0.0010483429,0.0010412289,0.0,0.0010617912,0.001048343,0.0010412284,0.0010526692,0.0010590892,0.0010713072,0.0010732609,0.0010617911,0.0010483429,0.0010412284,0.0010526692,0.0010590892,0.0010713072,0.0010732824,0.0,0.0,0.0010325036,0.001013768,0.0010692087,0.0010919167,0.0010732639,0.0,0.0010483429,0.0010325036,0.0010232932,0.0010342682,0.0011091214,0.0,0.0010617912,0.0,0.0010325036,0.001013768,0.0010692087,0.0010809901,0.0010732742,0.0,0.0010483429,0.0010325036,0.0010232932,0.0010342682,0.0011091253,0.0,0.0010617911,0.0010483429,0.0010412284,0.0010526692,0.0010590892,0.001071308,0.0010732615,0.0010617911,0.0010483429,0.0010412284,0.0010526692,0.0010590892,0.0010713071,0.0,0.0010617914,0.0010483429,0.0010412284,0.0010526692,0.0010590892,0.0010713072,0.0,0.0,0.0010483429,0.0010325036,0.0010232932,0.0010342682,0.0011091214,0.0010732627,0.0010617911,0.0,0.0,0.0010617912,0.0010617911,0.0010563695,0.0010732893,0.0,0.0010483433,0.0,0.0010617912,0.0010483429,0.0010692116,0.0010733507,0.0,0.0010617912,0.0010483429,0.0010412284,0.0,0.0010617913,0.0,0.001061791,0.0,0.0010325036,0.001013768,0.0010692087,0.0010809943,0.0010732653,0.0,0.0010483429,0.0010325036,0.0010232931,0.0010342684,0.0011091474,0.0010732738,0.0,0.0,0.0010325036,0.001013768,0.0010692087,0.0010919168,0.0,0.0010617912,0.001048343,0.0010412284,0.0010526692,0.0010590892,0.0010713072,0.001073284,0.0010617912,0.0010483429,0.0,0.001061791,0.0010483429,0.0010412295,0.0010732624,0.0,0.0010483429,0.0010325037,0.0010232932,0.0010342682,0.0011091217,0.0010732635,0.0,0.001048343,0.0010325036,0.0010232931,0.001034268,0.001109122,0.0,0.0010617912,0.0010617913,0.0010563693,0.0010680573,0.0,0.000991567,0.001073287,0.0,0.0010483429,0.0010325036,0.0010232932,0.0010342682,0.0011091213,0.0010732643,0.0014535828,0.0,0.0010325036,0.001013768,0.0010692087,0.0010919167,0.0010733134,0.0010617914,0.0,0.0010325043,0.0010137685,0.0010692087,0.0010809941,0.0,0.0010617911,0.0010483429,0.0010412284,0.0010526692,0.0010590892,0.0010713075,0.0,0.001061792,0.0,0.0010325036,0.001013768,0.0010692087,0.0010809901,0.0,0.0010617912,0.0010483433,0.0010412284,0.0010526692,0.0010590892,0.0010713073,0.0010732696,0.0010617911,0.0010483433,0.0010412287,0.0010526692,0.0010590892,0.0010713076,0.0,0.0,0.0,0.0010325036,0.001013768,0.0010692087,0.0010919168,0.0010732607,0.0010617911,0.0,0.0010325036,0.001013768,0.0010692087,0.0010809903,0.0010732692,0.0010617911,0.0010483429,0.0010692087,0.0,0.0010325036,0.0010137681,0.0,0.0010617911,0.0010483429,0.0010412284,0.0010526692,0.0010590892,0.0010713077,0.0,0.0010617911,0.0010483429,0.0010412284,0.0010526692,0.0010590892,0.0010713073,0.0,0.0010617913,0.0010483429,0.0010412284,0.0010526692,0.0010590892,0.001071308,0.0010732665,0.0010617911,0.0010483429,0.0010412284,0.0010526692,0.0010590892,0.0010713076,0.0,0.0,0.0010483429,0.0010325036,0.0010232932,0.0010342682,0.0011091214,0.0,0.0010617911,0.0010483429,0.0010412284,0.0010526692,0.0010590892,0.0010713076,0.0010734237,0.0010617921,0.0010483433,0.0010412285,0.0010526692,0.0010590892,0.0010713083
k__Bacteria|p__Proteobacteria|c__Deltaproteobacteria|o__Desulfovibrionales|f__Desulfovibrionaceae|g__Bilophila|s__Bilophila_wadsworthia,0.0,0.001059984,0.0010463608,0.0010390279,0.001050146,0.0010562381,0.0010682532,0.0,0.0010599842,0.0010463608,0.0010390279,0.001050146,0.0010562381,0.0010682532,0.0,0.0,0.0010463711,0.0010303481,0.0010209035,0.0010315398,0.0011070857,0.0010716355,0.0,0.0010463608,0.0010303402,0.0010209033,0.0010315398,0.0011070851,0.0,0.0,0.0010463608,0.0010303402,0.0010209033,0.0010315398,0.0011070851,0.0010716214,0.0010599841,0.0010463608,0.0010390279,0.001050146,0.0010562381,0.0010682532,0.0,0.0010599841,0.001046361,0.0010390279,0.001050146,0.0010562381,0.0010682541,0.0010716215,0.0010599841,0.0010463608,0.0010390279,0.001050146,0.0010562381,0.0010682532,0.0,0.0010599843,0.0010463615,0.0010390277,0.001050146,0.0010562381,0.0010682538,0.0,0.0010599842,0.0010463608,0.0010390279,0.001050146,0.0010562381,0.0010682532,0.0,0.0010599842,0.0,0.0010303402,0.001011419,0.0010673696,0.0010788614,0.0,0.0010599841,0.0010463608,0.0010390279,0.001050146,0.0010562381,0.0010682539,0.0,0.0,0.0,0.0010303402,0.001011419,0.0010673696,0.0010899726,0.0010716235,0.0010599842,0.0,0.0010303402,0.001011419,0.0010673696,0.0010788648,0.0010716334,0.0,0.0,0.0010303401,0.001011419,0.0010673696,0.0010899726,0.001071628,0.0,0.0010463608,0.0,0.0010599841,0.0010463608,0.0010673698,0.0010716217,0.0,0.0,0.0010303402,0.001011419,0.0010673696,0.0010899714,0.0,0.0010599849,0.0,0.0010303402,0.001011419,0.0010673696,0.0010788604,0.0,0.0,0.0010463619,0.0010599842,0.0,0.0010303402,0.0010599843,0.0010716309,0.0010599843,0.0,0.0010303401,0.001011419,0.0010673696,0.0010788601,0.0,0.0,0.0010463612,0.0010303402,0.0010209033,0.0010315398,0.0011070853,0.0,0.0,0.0010463608,0.0,0.0010599841,0.0010463608,0.0010673697,0.0,0.0010599875,0.0,0.0010599843,0.0,0.0010599841,0.0010463609,0.0,0.0,0.0010463693,0.0010303414,0.0010209031,0.0010315398,0.0011070854,0.0,0.0010599997,0.0010599863,0.0010543528,0.001065734,0.0,0.0009890033,0.0,0.0010599851,0.0010463614,0.0,0.0010599843,0.001046361,0.0010390301,0.0010716245,0.0010599841,0.0010463608,0.0,0.0010599841,0.0010463608,0.0010390285,0.0,0.0010599842,0.0010463609,0.0010390279,0.001050146,0.0010562381,0.0010682532,0.0010716214,0.0010599841,0.0010463608,0.0010390279,0.001050146,0.0010562381,0.0010682532,0.0010716256,0.0,0.0,0.0010303402,0.001011419,0.0010673696,0.0010899714,0.0010716199,0.0,0.0010463608,0.0010303402,0.0010209033,0.0010315398,0.0011070854,0.0,0.0010599843,0.0,0.0010303402,0.001011419,0.0010673696,0.00107886,0.0010716284,0.0,0.0010463608,0.0010303402,0.0010209033,0.0010315398,0.0011070898,0.0,0.0010599841,0.0010463608,0.0010390279,0.001050146,0.0010562381,0.0010682545,0.0010716215,0.0010599841,0.0010463608,0.0010390279,0.001050146,0.0010562381,0.0010682532,0.0,0.0010599844,0.001046361,0.0010390279,0.001050146,0.0010562381,0.0010682532,0.0,0.0,0.0010463608,0.0010303402,0.0010209033,0.0010315398,0.0011070851,0.0010716221,0.0010599841,0.0,0.0,0.0010599843,0.0010599842,0.0010543535,0.0010716383,0.0,0.0010463614,0.0,0.0010599843,0.0010463608,0.0010673737,0.0010716559,0.0,0.0010599843,0.001046361,0.0010390279,0.0,0.0010599848,0.0,0.0010599841,0.0,0.0010303402,0.001011419,0.0010673696,0.0010788658,0.0010716238,0.0,0.0010463608,0.0010303402,0.0010209031,0.00103154,0.0011071169,0.0010716306,0.0,0.0,0.0010303402,0.001011419,0.0010673696,0.0010899715,0.0,0.0010599843,0.0010463609,0.0010390279,0.001050146,0.0010562381,0.0010682532,0.0010716321,0.0010599842,0.001046361,0.0,0.0010599841,0.0010463608,0.0010390284,0.001071621,0.0,0.001046361,0.0010303401,0.0010209033,0.0010315398,0.0011070869,0.0010716227,0.0,0.0010463609,0.0010303402,0.0010209031,0.0010315399,0.0011070863,0.0,0.0010599842,0.0010599842,0.0010543528,0.0010657338,0.0,0.0009890398,0.0010716227,0.0,0.001046361,0.0010303402,0.0010209033,0.0010315398,0.0011070851,0.0010716238,0.0,0.0,0.0010303402,0.001011419,0.0010673696,0.0010899727,0.0010716353,0.0010599841,0.0,0.0010303407,0.0010114191,0.0010673696,0.001078865,0.0,0.0010599841,0.001046361,0.0010390279,0.001050146,0.0010562381,0.0010682532,0.0027973673,0.0010599851,0.0,0.0010303402,0.001011419,0.0010673696,0.00107886,0.0,0.0010599842,0.0010463612,0.0010390279,0.001050146,0.0010562381,0.0010682532,0.0010716259,0.0010599842,0.001046361,0.001039028,0.001050146,0.0010562381,0.0010682537,0.0,0.0,0.0,0.0010303402,0.001011419,0.0010673696,0.001089972,0.0010716213,0.0010599841,0.0,0.0010303402,0.001011419,0.0010673696,0.0010788607,0.0010716271,0.0010599841,0.0010463608,0.0010673696,0.0,0.0010303402,0.0010114191,0.0,0.0010599841,0.0010463608,0.0010390279,0.001050146,0.0010562381,0.0010682542,0.0,0.0010599841,0.0010463608,0.0010390279,0.001050146,0.0010562381,0.0010682535,0.0,0.0010599842,0.001046361,0.0010390279,0.001050146,0.0010562381,0.0010682553,0.001071621,0.0010599841,0.0010463608,0.0010390279,0.001050146,0.0010562381,0.0010682535,0.0,0.0,0.0010463608,0.0010303402,0.0010209033,0.0010315398,0.0011070854,0.0,0.0010599841,0.0010463608,0.0010390279,0.001050146,0.0010562381,0.0010682532,0.0010717798,0.0010599853,0.001046361,0.0010390278,0.001050146,0.0010562381,0.0010682557
k__Bacteria|p__Proteobacteria|c__Gammaproteobacteria|o__Enterobacterales|f__Enterobacteriaceae|g__Enterobacter|s__Enterobacter_kobei,0.0,0.0010598066,0.0010461236,0.0010387059,0.001049682,0.001055634,0.0010675538,0.0,0.0010598069,0.0010461236,0.0010387059,0.001049682,0.001055634,0.0010675534,0.0,0.0,0.0010461302,0.0010300439,0.0010205158,0.001031006,0.0011067515,0.0010715115,0.0,0.0010461236,0.0010300397,0.0010205155,0.001031006,0.001106751,0.0,0.0,0.0010461236,0.0010300397,0.0010205155,0.001031006,0.001106751,0.0010715009,0.0010598068,0.0010461236,0.0010387059,0.001049682,0.001055634,0.0010675535,0.0,0.001059807,0.0010461236,0.0010387059,0.001049682,0.001055634,0.0010675539,0.0010715009,0.0010598068,0.0010461236,0.0010387059,0.001049682,0.001055634,0.0010675538,0.0,0.001059807,0.001046124,0.001038706,0.001049682,0.001055634,0.0010675541,0.0,0.0010598069,0.0010461236,0.0010387059,0.001049682,0.001055634,0.0010675535,0.0,0.0010598069,0.0,0.0010300397,0.0010110533,0.0010671716,0.0010785299,0.0,0.0010598068,0.0010461236,0.0010387059,0.0010496824,0.001055634,0.0010675541,0.0,0.0,0.0,0.0010300397,0.0010110533,0.0010671716,0.0010897031,0.0010715042,0.0010598069,0.0,0.0010300397,0.0010110533,0.0010671716,0.001078535,0.0010715371,0.0,0.0,0.0010300397,0.0010110533,0.0010671716,0.0010897026,0.0010715086,0.0,0.0010461236,0.0,0.0010598068,0.0010461236,0.0010671716,0.0010715019,0.0,0.0,0.0010300397,0.0010110533,0.0010671716,0.0010897017,0.0,0.0010598077,0.0,0.0010300397,0.0010110533,0.0010671716,0.001078529,0.0,0.0,0.001046124,0.0010598078,0.0,0.0010300397,0.0010598069,0.0010715103,0.001059807,0.0,0.0010300396,0.0010110533,0.0010671716,0.001078529,0.0,0.0,0.0010461236,0.0010300397,0.0010205155,0.001031006,0.0011067512,0.0,0.0,0.0010461236,0.0,0.0010598068,0.0010461236,0.0010671716,0.0,0.0010598081,0.0,0.0010598069,0.0,0.0010598068,0.0010461236,0.0,0.0,0.0010461344,0.0010300409,0.0010205155,0.001031006,0.0011067514,0.0,0.0010598227,0.0010598082,0.0010540945,0.001065338,0.0,0.0009885696,0.0,0.0010598078,0.0010461239,0.0,0.001059807,0.0010461236,0.0010387076,0.0010715021,0.0010598068,0.0010461236,0.0,0.0010598068,0.0010461236,0.0010387066,0.0,0.0010598068,0.0010461236,0.0010387059,0.001049682,0.001055634,0.0010675538,0.0010715009,0.0010598068,0.0010461236,0.0010387059,0.001049682,0.001055634,0.0010675535,0.0010715146,0.0,0.0,0.0010300397,0.0010110533,0.0010671716,0.0010897017,0.0010715036,0.0,0.0010461236,0.0010300397,0.0010205155,0.001031006,0.0011067509,0.0,0.0010598069,0.0,0.0010300397,0.0010110533,0.0010671716,0.001078529,0.0010715066,0.0,0.0010461236,0.0010300397,0.0010205155,0.001031006,0.0011067556,0.0,0.0010598068,0.0010461236,0.0010387059,0.0010496824,0.001055634,0.0010675549,0.0010715008,0.0010598068,0.0010461236,0.0010387059,0.001049682,0.001055634,0.0010675535,0.0,0.001059807,0.0010461236,0.0010387059,0.0010496824,0.001055634,0.0010675538,0.0,0.0,0.0010461236,0.0010300397,0.0010205155,0.001031006,0.001106751,0.0010715007,0.0010598068,0.0,0.0,0.0010598069,0.0010598069,0.0010540946,0.0010715114,0.0,0.0010461236,0.0,0.0010598069,0.0010461236,0.0010671727,0.0010715509,0.0,0.0010598069,0.0010461236,0.0010387059,0.0,0.001059807,0.0,0.0010598067,0.0,0.0010300397,0.0010110533,0.0010671716,0.0010785329,0.0010715032,0.0,0.0010461236,0.0010300397,0.0010205155,0.0010310065,0.0011067883,0.0010715071,0.0,0.0,0.0010300397,0.0010110533,0.0010671716,0.0010897017,0.0,0.0010598069,0.0010461236,0.0010387059,0.001049682,0.001055634,0.0010675534,0.0010714936,0.0010598069,0.0010461236,0.0,0.0010598067,0.0010461236,0.0010387067,0.0010715021,0.0,0.0010461236,0.0010300397,0.0010205155,0.001031006,0.0011067523,0.0010715019,0.0,0.0010461236,0.0010300396,0.0010205155,0.001031006,0.0011067523,0.0,0.0010598069,0.0010598068,0.0010540943,0.0010653378,0.0020713927,0.0009886022,0.0010715132,0.0,0.0010461236,0.0010300397,0.0010205155,0.001031006,0.001106751,0.0010715021,0.0,0.0,0.0010300397,0.0010110533,0.0010671716,0.001089703,0.0010715361,0.0010598074,0.0,0.0010300404,0.0010110536,0.0010671716,0.001078534,0.0,0.0010598068,0.0010461236,0.0010387059,0.001049682,0.001055634,0.0010675535,0.0,0.0010598071,0.0,0.0010300397,0.0010110533,0.0010671716,0.001078529,0.0,0.0010598067,0.0010461236,0.0010387059,0.001049682,0.001055634,0.0010675538,0.0010715078,0.0010598068,0.0010461236,0.001038706,0.0010496824,0.001055634,0.001067554,0.0,0.0,0.0,0.0010300397,0.0010110533,0.0010671716,0.001089702,0.0010715006,0.0010598068,0.0,0.0010300397,0.0010110533,0.0010671716,0.0010785295,0.0010715048,0.0010598068,0.0010461236,0.0010671716,0.0,0.0010300397,0.0010110536,0.0032621291,0.0010598068,0.0010461236,0.0010387059,0.0010496824,0.001055634,0.0010675542,0.0,0.0010598068,0.0010461236,0.0010387059,0.0010496824,0.001055634,0.0010675539,0.0,0.0010598069,0.0010461236,0.0010387059,0.0010496824,0.001055634,0.0010675555,0.0010715049,0.0010598068,0.0010461236,0.0010387059,0.001049682,0.001055634,0.0010675541,0.0,0.0,0.0010461236,0.0010300397,0.0010205155,0.001031006,0.0011067512,0.0,0.0010598068,0.0010461236,0.0010387059,0.001049682,0.001055634,0.0010675535,0.001071563,0.0010598074,0.0010461236,0.0010387059,0.001049682,0.001055634,0.001067556
k__Bacteria|p__Proteobacteria|c__Gammaproteobacteria|o__Enterobacterales|f__Morganellaceae|g__Proteus|s__Proteus_mirabilis,0.0,0.0010621862,0.0010485661,0.0010411902,0.0010521602,0.0010581195,0.0010700104,0.0,0.0010621866,0.0010485661,0.0010411902,0.0010521602,0.0010581195,0.0010700105,0.0,0.0,0.0010485634,0.0010325421,0.0010230634,0.0010335575,0.0011089081,0.0010738274,0.0,0.0010485661,0.0010325448,0.0010230637,0.0010335575,0.0011089082,0.0,0.0,0.0010485661,0.0010325448,0.0010230637,0.0010335575,0.0011089079,0.0010738184,0.0010621866,0.0010485661,0.0010411902,0.0010521602,0.0010581195,0.0010700104,0.0,0.0010621867,0.0010485662,0.0010411902,0.0010521602,0.0010581195,0.0010700115,0.0010738184,0.0010621866,0.0010485661,0.0010411902,0.0010521602,0.0010581195,0.0010700105,0.0,0.0010621864,0.0010485664,0.0010411905,0.0010521602,0.0010581195,0.0010700108,0.0,0.0010621866,0.0010485661,0.0010411902,0.0010521602,0.0010581195,0.0010700105,0.0,0.0010621866,0.0,0.0010325448,0.0010136187,0.0010695248,0.0010808577,0.0,0.0010621866,0.0010485661,0.0010411902,0.0010521602,0.0010581195,0.0010700109,0.0,0.0,0.0,0.0010325448,0.0010136187,0.0010695248,0.0010919569,0.001073823,0.0010621866,0.0,0.0010325448,0.0010136187,0.0010695248,0.00108086,0.0010738478,0.0,0.0,0.0010325448,0.0010136187,0.0010695248,0.0010919571,0.001073828,0.0,0.0010485661,0.0,0.0010621866,0.0010485661,0.0010695249,0.0010738189,0.0,0.0,0.0010325448,0.0010136187,0.0010695248,0.0010919564,0.0,0.0010621863,0.0,0.0010325448,0.0010136187,0.0010695248,0.001080857,0.0,0.0,0.0010485658,0.0010621864,0.0,0.0010325448,0.0010621867,0.0010738162,0.0010621864,0.0,0.0010325448,0.0010136187,0.0010695248,0.0010808569,0.0,0.0,0.0010485662,0.0010325448,0.0010230637,0.0010335575,0.001108908,0.0,0.0,0.0010485661,0.0,0.0010621866,0.0010485661,0.0010695249,0.0058182054,0.0010621848,0.002806789,0.0010621867,0.0,0.0010621866,0.0010485662,0.0,0.0,0.0010485599,0.0010325437,0.0010230637,0.0010335575,0.0011089076,0.0,0.0010621789,0.001062185,0.0010565129,0.0010677408,0.0,0.0009911872,0.0,0.0010621862,0.0010485657,0.0,0.0010621866,0.0010485661,0.0010411913,0.0010738192,0.0010621866,0.0010485661,0.0,0.0010621866,0.0010485661,0.0010411909,0.0,0.0010621868,0.0010485662,0.0010411902,0.0010521602,0.0010581195,0.0010700105,0.0010738187,0.0010621866,0.0010485661,0.0010411902,0.0010521602,0.0010581195,0.0010700105,0.0010738265,0.0,0.0,0.0010325448,0.0010136187,0.0010695248,0.0010919563,0.0010738188,0.0,0.0010485661,0.0010325448,0.0010230637,0.0010335575,0.001108908,0.0,0.0010621867,0.0,0.0010325448,0.0010136187,0.0010695248,0.0010808569,0.0010738246,0.0,0.0010485661,0.0010325448,0.0010230637,0.0010335575,0.0011089124,0.0,0.0010621866,0.0010485661,0.0010411902,0.0010521602,0.0010581195,0.0010700115,0.0010738188,0.0010621866,0.0010485661,0.0010411902,0.0010521602,0.0010581195,0.0010700104,0.0,0.0010621864,0.0010485661,0.0010411902,0.0010521602,0.0010581195,0.0010700104,0.0,0.0,0.0010485661,0.0010325448,0.0010230637,0.0010335575,0.001108908,0.001073819,0.0010621866,0.0,0.0,0.0010621867,0.0010621866,0.0010565133,0.0010738273,0.0,0.001048566,0.0,0.0010621867,0.0010485661,0.0010695279,0.0010738687,0.0,0.0010621864,0.0010485661,0.0010411902,0.0,0.001062187,0.0,0.0010621864,0.0,0.0010325448,0.0010136187,0.0010695248,0.001080862,0.0010738192,0.0,0.0010485661,0.0010325448,0.0010230637,0.0010335577,0.0011089426,0.0010738176,0.0,0.0,0.0010325448,0.0010136187,0.0010695248,0.0010919562,0.0,0.0010621867,0.0010485662,0.0010411902,0.0010521602,0.0010581195,0.0010700105,0.001073836,0.0010621867,0.0010485661,0.0,0.0010621867,0.0010485661,0.0010411906,0.0010738194,0.0,0.0010485661,0.0010325449,0.0010230637,0.0010335575,0.0011089088,0.0010738189,0.0,0.0010485662,0.0010325446,0.0010230637,0.0010335575,0.0011089088,0.0,0.0010621864,0.0010621866,0.0010565133,0.0010677405,0.0,0.000991211,0.0010738294,0.0,0.0010485661,0.0010325448,0.0010230637,0.0010335575,0.0011089079,0.0010738199,0.0,0.0,0.0010325448,0.0010136187,0.0010695248,0.001091957,0.0010738412,0.0010621864,0.0,0.0010325451,0.0010136182,0.0010695249,0.0010808608,0.0,0.0010621867,0.0010485661,0.0010411902,0.0010521602,0.0010581195,0.0010700104,0.0,0.0010621859,0.0,0.0010325448,0.0010136187,0.0010695248,0.0010808569,0.0,0.0010621867,0.0010485662,0.0010411902,0.0010521602,0.0010581195,0.0010700105,0.0010738231,0.0010621863,0.0010485661,0.0010411903,0.0010521602,0.0010581195,0.0010700108,0.0,0.0,0.0,0.0010325448,0.0010136187,0.0010695248,0.0010919567,0.0010738184,0.0010621866,0.08199335,0.0010325448,0.0010136187,0.0010695248,0.0010808572,0.0010738194,0.0010621867,0.0010485661,0.0010695248,0.0,0.0010325448,0.0010136188,0.0,0.0010621866,0.0010485661,0.0010411902,0.0010521602,0.0010581195,0.0010700112,0.0,0.0010621866,0.0010485661,0.0010411902,0.0010521602,0.0010581195,0.0010700105,0.0,0.0010621863,0.0010485661,0.0010411902,0.0010521602,0.0010581195,0.0010700121,0.0010738204,0.0010621866,0.0010485661,0.0010411902,0.0010521602,0.0010581195,0.0010700108,0.0,0.0,0.0010485661,0.0010325448,0.0010230637,0.0010335575,0.0011089083,0.0,0.0010621866,0.0010485661,0.0010411902,0.0010521602,0.0010581195,0.0010700105,0.0010738974,0.0010621864,0.0010485661,0.0010411902,0.0010521602,0.0010581195,0.0010700123
k__Bacteria|p__Proteobacteria|c__Betaproteobacteria|o__Burkholderiales|f__Sutterellaceae|g__Parasutterella|s__Parasutterella_excrementihominis,0.0,0.0010616523,0.0010481095,0.0010408588,0.0010520656,0.0010582547,0.0010703139,0.0,0.0010616524,0.0010481095,0.0010408588,0.0010520656,0.0010582547,0.0010703137,0.0,0.0,0.0010481271,0.0010321838,0.0010228195,0.0010335534,0.0011087111,0.0010732284,0.0,0.0010481095,0.0010321706,0.0010228191,0.0010335534,0.0011087107,0.0,0.0,0.0010481095,0.0010321706,0.0010228191,0.0010335534,0.0011087104,0.0010732118,0.0010616521,0.0010481095,0.0010408588,0.0010520656,0.0010582547,0.0010703139,0.0,0.0010616527,0.0010481095,0.0010408588,0.0010520656,0.0010582547,0.0010703142,0.0010732118,0.0010616521,0.0010481095,0.0010408588,0.0010520656,0.0010582547,0.0010703139,0.0,0.0010616526,0.00104811,0.0010408588,0.0010520656,0.0010582547,0.0010703144,0.0,0.0010616524,0.0010481095,0.0010408588,0.0010520656,0.0010582547,0.0010703139,0.0,0.0010616524,0.0,0.0010321706,0.0010133315,0.0010690342,0.0010805968,0.0,0.0010616521,0.0010481095,0.0010408588,0.0010520656,0.0010582547,0.0010703143,0.0,0.0,0.0,0.0010321706,0.0010133315,0.0010690342,0.0010916201,0.0010732148,0.0010616524,0.0,0.0010321706,0.0010133315,0.0010690342,0.0010806009,0.0010732263,0.0,0.0,0.0010321707,0.0010133315,0.0010690342,0.0010916195,0.0010732198,0.0,0.0010481095,0.0,0.0010616521,0.0010481095,0.0010690341,0.0010732128,0.0,0.0,0.0010321706,0.0010133315,0.0010690342,0.0010916186,0.0,0.0010616537,0.0,0.0010321706,0.0010133315,0.0010690342,0.0010805952,0.0,0.0,0.0010481108,0.001061653,0.0,0.0010321706,0.0010616522,0.0010732312,0.0010616526,0.0,0.0010321705,0.0010133315,0.0010690342,0.0010805952,0.0,0.0,0.0010481095,0.0010321706,0.0010228191,0.0010335534,0.0011087105,0.0,0.0,0.0010481095,0.0,0.0010616521,0.0010481095,0.0010690341,0.0,0.0010616583,0.0,0.0010616524,0.0,0.0010616521,0.0010481095,0.0,0.0,0.0010481306,0.001032174,0.0010228191,0.0010335534,0.0011087112,0.0,0.0010616891,0.0010616571,0.0010561001,0.0010675604,0.0,0.0009909982,0.0,0.0010616545,0.0010481105,0.0,0.0010616528,0.0010481095,0.0010408612,0.0010732173,0.0010616523,0.0010481095,0.0,0.0010616521,0.0010481095,0.0010408594,0.0,0.0010616522,0.0010481095,0.0010408588,0.0010520656,0.0010582547,0.0010703137,0.0010732118,0.0010616521,0.0010481095,0.0010408588,0.0010520656,0.0010582547,0.0010703139,0.0010732189,0.0,0.0,0.0010321706,0.0010133315,0.0010690342,0.0010916184,0.0010732118,0.0,0.0010481095,0.0010321706,0.0010228191,0.0010335534,0.0011087108,0.0,0.0010616524,0.0,0.0010321706,0.0010133315,0.0010690342,0.0010805952,0.0010732219,0.0,0.0010481095,0.0010321706,0.0010228191,0.0010335534,0.0011087152,0.0,0.0010616521,0.0010481095,0.0010408588,0.0010520656,0.0010582547,0.0010703149,0.0010732119,0.0010616521,0.0010481095,0.0010408588,0.0010520656,0.0010582547,0.0010703139,0.0,0.001061653,0.0010481095,0.0010408588,0.0010520656,0.0010582547,0.0010703139,0.0,0.0,0.0010481095,0.0010321706,0.0010228191,0.0010335534,0.0011087108,0.0010732125,0.0010616523,0.0,0.0,0.0010616524,0.0010616524,0.0010561,0.0010732291,0.0,0.0010481098,0.0,0.0010616524,0.0010481095,0.0010690375,0.0010732439,0.0,0.0010616524,0.0010481095,0.0010408588,0.0,0.0010616527,0.0,0.0010616522,0.0,0.0010321706,0.0010133315,0.001069034,0.001080602,0.001073215,0.0,0.0010481095,0.0010321706,0.0010228191,0.0010335537,0.0011087528,0.0010732252,0.0,0.0,0.0010321706,0.0010133315,0.0010690342,0.0010916181,0.0,0.0010616524,0.0010481095,0.0010408588,0.0010520656,0.0010582547,0.0010703137,0.0010732121,0.0010616526,0.0010481095,0.0,0.0010616521,0.0010481095,0.0010408595,0.0010732118,0.0,0.0010481095,0.0010321706,0.0010228191,0.0010335534,0.0011087129,0.0010732141,0.0,0.0010481095,0.0010321706,0.0010228191,0.0010335535,0.0011087118,0.0,0.0010616526,0.0010616526,0.0010560997,0.0010675604,0.0,0.0009910438,0.0010732175,0.0,0.0010481095,0.0010321706,0.0010228191,0.0010335534,0.0011087104,0.001073215,0.0,0.0,0.0010321706,0.0010133315,0.0010690342,0.0010916198,0.0010732294,0.0010616527,0.0,0.0010321713,0.0010133317,0.0010690341,0.0010806007,0.0,0.0010616522,0.0010481095,0.0010408588,0.0010520656,0.0010582547,0.0010703139,0.0,0.001061654,0.0,0.0010321706,0.0010133315,0.0010690342,0.0010805952,0.0,0.0010616524,0.0010481095,0.0010408588,0.0010520656,0.0010582547,0.001070314,0.0010732168,0.0010616523,0.0010481095,0.0010408591,0.0010520656,0.0010582547,0.0010703143,0.0,0.0,0.0,0.0010321706,0.0010133315,0.0010690342,0.0010916187,0.0010732117,0.0010616521,0.0,0.0010321706,0.0010133315,0.0010690342,0.0010805957,0.0010732199,0.0010616524,0.0010481095,0.0010690342,0.0,0.0010321706,0.0010133317,0.0,0.0010616521,0.0010481095,0.0010408588,0.0010520656,0.0010582547,0.0010703144,0.0,0.0010616523,0.0010481095,0.0010408588,0.0010520656,0.0010582547,0.0010703142,0.0,0.0010616527,0.0010481095,0.0010408588,0.0010520656,0.0010582547,0.0010703162,0.0010732133,0.0010616523,0.0010481095,0.0010408588,0.0010520656,0.0010582547,0.0010703141,0.0,0.0,0.0010481095,0.0010321706,0.0010228191,0.0010335534,0.0011087108,0.0,0.0010616523,0.0010481095,0.0010408588,0.0010520656,0.0010582547,0.0010703139,0.001073357,0.0010616542,0.0010481097,0.0010408587,0.0010520656,0.0010582547,0.0010703168
k__Bacteria|p__Proteobacteria|c__Gammaproteobacteria|o__Enterobacterales|f__Enterobacteriaceae|g__Citrobacter|s__Citrobacter_sp_RHBSTW_00671,0.0,0.0010633037,0.0010494429,0.0010416909,0.0010519653,0.0010572486,0.0010686516,0.0,0.0010633034,0.0010494429,0.0010416909,0.0010519653,0.0010572486,0.0010686517,0.0,0.0,0.0010494709,0.0010331869,0.0010232974,0.0010330824,0.0011090781,0.0010752067,0.0,0.0010494429,0.0010331672,0.0010232966,0.0010330824,0.0011090768,0.0,0.0,0.0010494429,0.0010331672,0.0010232965,0.0010330824,0.0011090769,0.0010751616,0.0010633033,0.0010494429,0.0010416909,0.0010519653,0.0010572486,0.0010686514,0.0,0.0010633041,0.0010494429,0.0010416909,0.0010519653,0.0010572486,0.0010686524,0.0010751616,0.0010633033,0.0010494429,0.0010416909,0.0010519653,0.0010572486,0.0010686516,0.0,0.0010633039,0.0010494441,0.001041691,0.0010519653,0.0010572486,0.0010686525,0.0,0.0010633034,0.0010494429,0.0010416909,0.0010519653,0.0010572486,0.0010686516,0.0,0.0010633034,0.0,0.0010331672,0.0010139728,0.0010705191,0.0010811848,0.0014516189,0.0010633033,0.0010494429,0.0010416909,0.0010519653,0.0010572486,0.0010686524,0.0,0.0,0.0,0.0010331672,0.0010139728,0.0010705191,0.0010925226,0.0010751714,0.0010633034,0.0,0.0010331672,0.0010139728,0.0010705191,0.0010811931,0.0010752418,0.0,0.0,0.0010331674,0.0010139728,0.0010705191,0.0010925217,0.0010751911,0.0,0.0010494429,0.0,0.0010633033,0.0010494429,0.0010705193,0.0010751651,0.0,0.0019458657,0.0010331672,0.0010139728,0.0010705191,0.0010925204,0.0053661927,0.001063306,0.0023924804,0.0010331672,0.0010139728,0.0010705191,0.0010811827,0.0,0.0,0.001049445,0.0010633054,0.0,0.0010331672,0.0010633039,0.0010752,0.0010633039,0.0,0.0010331672,0.0010139728,0.0010705191,0.0010811825,0.0,0.0,0.0010494434,0.0010331672,0.0010232965,0.0010330824,0.0011090776,0.0,0.0,0.0010494429,0.0,0.0010633033,0.0010494429,0.0010705193,0.0,0.0010633117,0.0,0.0010633036,0.0,0.0010633033,0.001049443,0.0,0.0,0.0010494754,0.0010331727,0.0010232966,0.0010330824,0.0011090782,0.0,0.0010633715,0.0010633118,0.0010572689,0.0010678131,0.0,0.0009912729,0.0,0.0010633075,0.0010494447,0.0,0.0010633041,0.0010494431,0.0010416949,0.0010751713,0.0010633033,0.0010494429,0.0,0.0010633033,0.0010494429,0.0010416922,0.0026819692,0.0010633037,0.001049443,0.0010416909,0.0010519653,0.0010572486,0.0010686517,0.0010751613,0.0010633033,0.0010494429,0.0010416909,0.0010519653,0.0010572486,0.0010686516,0.0010751928,0.0,0.0,0.0010331672,0.0010139728,0.0010705191,0.0010925202,0.0010751681,0.0,0.0010494429,0.0010331672,0.0010232965,0.0010330824,0.0011090774,0.0,0.0010633036,0.0,0.0010331672,0.0010139728,0.0010705191,0.0010811824,0.0010751827,0.0,0.0010494429,0.0010331672,0.0010232966,0.0010330824,0.0011090877,0.0,0.0010633033,0.0010494429,0.0010416909,0.0010519653,0.0010572486,0.0010686532,0.0010751623,0.0010633033,0.0010494429,0.0010416909,0.0010519653,0.0010572486,0.0010686514,0.0,0.0010633044,0.0010494431,0.0010416909,0.0010519653,0.0010572486,0.0010686516,0.0,0.0,0.0010494429,0.0010331672,0.0010232965,0.0010330824,0.0011090772,0.0010751642,0.0010633033,0.0,0.0,0.0010633036,0.0010633034,0.0010572685,0.0010752104,0.0013861322,0.0010494436,0.045046,0.0010633036,0.0010494429,0.0010705241,0.0010752927,0.0,0.0010633039,0.0010494431,0.0010416909,0.0,0.0010633044,0.0,0.0010633033,0.0,0.0010331672,0.0010139728,0.0010705191,0.0010811907,0.0010751697,0.0,0.0010494429,0.0010331672,0.0010232966,0.001033083,0.0011091536,0.001075188,0.0,0.0,0.0010331672,0.0010139728,0.0010705191,0.0010925201,0.0,0.0010633036,0.001049443,0.0010416909,0.0010519653,0.0010572486,0.0010686517,0.0010751738,0.0010633036,0.001049443,0.0,0.0010633036,0.0010494429,0.0010416922,0.0010751638,0.0,0.001049443,0.0010331674,0.0010232966,0.0010330824,0.0011090797,0.0010751666,0.0,0.001049443,0.0010331672,0.0010232966,0.0010330825,0.0011090795,0.006068207,0.0010633038,0.001063304,0.001057268,0.0010678133,0.0,0.0009913264,0.0010751977,0.0,0.001049443,0.0010331672,0.0010232965,0.0010330824,0.0011090769,0.0010751681,0.0,0.0,0.0010331672,0.0010139728,0.0010705191,0.0010925224,0.0010752401,0.001063305,0.0,0.0010331686,0.0010139731,0.0010705193,0.0010811916,0.0,0.0010633036,0.0010494431,0.0010416909,0.0010519653,0.0010572486,0.0010686514,0.0,0.0010633061,0.0,0.0010331672,0.0010139728,0.0010705191,0.0010811824,0.0,0.0010633039,0.0010494434,0.0010416909,0.0010519653,0.0010572486,0.0010686516,0.0010751792,0.0010633038,0.0010494433,0.0010416912,0.0010519653,0.0010572486,0.001068652,0.0,0.0,0.0,0.0010331672,0.0010139728,0.0010705191,0.001092521,0.0010751612,0.0010633033,0.0,0.0010331672,0.0010139728,0.0010705191,0.0010811837,0.0010751783,0.0010633036,0.0010494429,0.0010705191,0.0,0.0010331672,0.001013973,0.0,0.0010633033,0.0010494429,0.0010416909,0.0010519653,0.0010572486,0.0010686528,0.0,0.0010633033,0.0010494429,0.0010416909,0.0010519653,0.0010572486,0.001068652,0.0,0.0010633045,0.001049443,0.0010416909,0.0010519653,0.0010572486,0.0010686542,0.001075172,0.0010633033,0.0010494429,0.0010416909,0.0010519653,0.0010572486,0.0010686521,0.0,0.0,0.0010494429,0.0010331672,0.0010232966,0.0010330824,0.0011090775,0.0,0.0010633033,0.0010494429,0.0010416909,0.0010519653,0.0010572486,0.0010686516,0.0010754447,0.0010633064,0.0010494433,0.0010416908,0.0010519653,0.0010572486,0.0010686553
k__Bacteria|p__Proteobacteria|c__Gammaproteobacteria|o__Enterobacterales|f__Enterobacteriaceae|g__Atlantibacter|s__Atlantibacter_hermannii,0.0,0.0010675748,0.0010540624,0.0010467299,0.0010575949,0.0010634833,0.001075247,0.0,0.0010675746,0.0010540624,0.0010467299,0.0010575949,0.0010634833,0.0010752468,0.0,0.0,0.0010540788,0.0010381574,0.0010287109,0.001039119,0.0011136804,0.0010791144,0.0,0.0010540624,0.0010381461,0.00102871,0.0010391186,0.00111368,0.0018807065,0.0,0.0010540624,0.0010381461,0.00102871,0.0010391186,0.0011136796,0.0010790986,0.0010675746,0.0010540624,0.0010467299,0.0010575949,0.0010634833,0.0010752468,0.0,0.0010675753,0.0010540624,0.0010467299,0.0010575949,0.0010634833,0.0010752474,0.0010790984,0.0010675746,0.0010540624,0.0010467299,0.0010575949,0.0010634833,0.0010752468,0.0,0.001067575,0.001054063,0.00104673,0.0010575949,0.0010634833,0.0010752475,0.0,0.0010675746,0.0010540624,0.0010467299,0.0010575949,0.0010634833,0.001075247,0.0,0.0010675746,0.0,0.0010381461,0.0010193185,0.0010748386,0.0010860289,0.0,0.0010675746,0.0010540624,0.0010467297,0.0010575949,0.0010634833,0.0010752473,0.0,0.0,0.0,0.0010381461,0.0010193185,0.0010748386,0.0010969973,0.0010791017,0.0010675746,0.0,0.0010381461,0.0010193185,0.0010748386,0.0010860346,0.001079143,0.0,0.0,0.0010381464,0.0010193185,0.0010748386,0.0010969968,0.0010791118,0.0,0.0010540624,0.0,0.0010675746,0.0010540624,0.0010748386,0.0010791002,0.0,0.0,0.0010381461,0.0010193185,0.0010748386,0.0010969954,0.0,0.0010675761,0.0,0.0010381464,0.0010193185,0.0010748386,0.0010860277,0.0023491422,0.0,0.0010540633,0.001067576,0.0,0.0010381461,0.001067575,0.0010791168,0.001067575,0.0,0.0010381463,0.0010193185,0.0010748386,0.0010860274,0.0,0.0,0.0010540625,0.0010381461,0.00102871,0.0010391186,0.0011136803,0.0,0.006223275,0.0010540624,0.0014758913,0.0010675746,0.0010540624,0.0010748386,0.0,0.0010675787,0.0,0.001067575,0.0,0.0010675746,0.0010540624,0.0,0.0,0.0010540807,0.0010381492,0.00102871,0.0010391186,0.0011136802,0.0,0.0010676172,0.0010675794,0.0010619413,0.001073044,0.0,0.0009969802,0.0,0.001067577,0.0010540634,0.0,0.001067575,0.0010540624,0.0010467327,0.0010791015,0.0010675746,0.0010540624,0.0,0.0010675746,0.0010540624,0.0010467309,0.0,0.0010675751,0.0010540624,0.0010467297,0.0010575949,0.0010634833,0.001075247,0.0010790984,0.0010675746,0.0010540624,0.0010467299,0.0010575949,0.0010634833,0.001075247,0.0010791151,0.0,0.0,0.0010381461,0.0010193185,0.0010748386,0.0010969954,0.0010791027,0.001105832,0.0010540624,0.0010381461,0.00102871,0.0010391186,0.0011136803,0.0,0.0010675747,0.0025602044,0.0010381461,0.0010193185,0.0010748386,0.0010860272,0.001079107,0.0,0.0010540624,0.0010381461,0.00102871,0.0010391186,0.0011136875,0.0,0.0010675746,0.0010540624,0.0010467299,0.0010575949,0.0010634833,0.0010752485,0.0010790987,0.0010675746,0.0010540624,0.0010467299,0.0010575949,0.0010634833,0.0010752468,0.0,0.0010675751,0.0010540624,0.0010467297,0.0010575949,0.0010634833,0.001075247,0.0,0.0,0.0010540624,0.0010381461,0.00102871,0.0010391186,0.0011136801,0.0010790988,0.0010675746,0.0,0.0,0.0010675747,0.0010675746,0.0010619411,0.0010791151,0.0,0.0010540626,0.0,0.0010675747,0.0010540624,0.0010748421,0.001079168,0.0,0.001067575,0.0010540624,0.0010467297,0.0,0.0010675754,0.0,0.0010675745,0.0,0.0010381461,0.0010193185,0.0010748386,0.001086033,0.0010791018,0.0,0.0010540624,0.0010381461,0.00102871,0.0010391192,0.0011137386,0.0010791098,0.0,0.0,0.0010381461,0.0010193185,0.0010748386,0.0010969953,0.0,0.0010675747,0.0010540624,0.0010467299,0.0010575949,0.0010634833,0.0010752468,0.0010790816,0.0010675747,0.0010540624,0.0,0.001067575,0.0010540624,0.0010467309,0.0010790996,0.0,0.0010540624,0.0010381464,0.00102871,0.0010391186,0.0011136818,0.0010791003,0.0,0.0010540624,0.0010381461,0.00102871,0.0010391189,0.0011136815,0.0,0.001067575,0.0010675751,0.0010619408,0.0010730441,0.0,0.0009970203,0.0010791168,0.0,0.0010540624,0.0010381461,0.00102871,0.0010391186,0.00111368,0.0010791008,0.0,0.0,0.0010381461,0.0010193185,0.0010748386,0.001096997,0.0010791355,0.0010675756,0.0,0.0010381473,0.001019319,0.0010748387,0.0010860341,0.0,0.001067575,0.0010540624,0.0010467297,0.0010575949,0.0010634833,0.0010752468,0.0,0.001067576,0.0,0.0010381461,0.0010193185,0.0010748386,0.0010860272,0.0,0.001067575,0.0010540625,0.0010467297,0.0010575949,0.0010634833,0.0010752468,0.001079108,0.0010675748,0.0010540624,0.0010467299,0.0010575949,0.0010634833,0.0010752473,0.0,0.0017820243,0.0,0.0010381461,0.0010193185,0.0010748386,0.0010969959,0.0010790982,0.0010675746,0.0,0.0010381461,0.0010193185,0.0010748386,0.0010860283,0.0010791051,0.001067575,0.0010540624,0.0010748386,0.0,0.0010381461,0.0010193187,0.0,0.0010675746,0.0010540624,0.0010467297,0.0010575949,0.0010634833,0.0010752479,0.0,0.0010675746,0.0010540624,0.0010467297,0.0010575949,0.0010634833,0.0010752473,0.0,0.0010675753,0.0010540624,0.0010467297,0.0010575949,0.0010634833,0.0010752489,0.0010791043,0.0010675746,0.0010540624,0.0010467297,0.0010575949,0.0010634833,0.0010752474,0.0,0.0,0.0010540624,0.0010381461,0.00102871,0.0010391186,0.0011136801,0.0,0.0010675746,0.0010540624,0.0010467299,0.0010575949,0.0010634833,0.001075247,0.0010792111,0.0010675762,0.0010540624,0.0010467299,0.0010575949,0.0010634833,0.0010752495
k__Bacteria|p__Proteobacteria|c__Betaproteobacteria|o__Burkholderiales|f__Sutterellaceae|g__Sutterella|s__Sutterella_wadsworthensis,0.0,0.0010587084,0.0010452596,0.0010382098,0.0010498663,0.0010564802,0.0010688783,0.0,0.0010587085,0.0010452596,0.0010382098,0.0010498663,0.0010564802,0.0010688785,0.0,0.0,0.0010452706,0.0010294319,0.0010202812,0.001031464,0.0011065803,0.0010702121,0.0,0.0010452596,0.0010294245,0.0010202808,0.001031464,0.0011065798,0.0,0.0,0.0010452596,0.0010294245,0.0010202808,0.001031464,0.0011065798,0.0010701824,0.0010587084,0.0010452596,0.0010382098,0.0010498663,0.0010564802,0.0010688782,0.0,0.0010587084,0.0010452596,0.0010382098,0.0010498663,0.0010564802,0.0010688785,0.0010701828,0.0010587084,0.0010452596,0.0010382098,0.0010498663,0.0010564802,0.0010688783,0.0,0.0010587086,0.00104526,0.0010382099,0.0010498663,0.0010564802,0.001068879,0.0,0.0010587085,0.0010452596,0.0010382098,0.0010498663,0.0010564802,0.0010688783,0.0,0.0010587085,0.0,0.0010294245,0.0010106997,0.0010661932,0.0010782054,0.0,0.0010587084,0.0010452596,0.0010382098,0.0010498663,0.0010564802,0.0010688789,0.0,0.0,0.0,0.0010294245,0.0010106997,0.0010661932,0.0010891462,0.0010701913,0.0010587085,0.0,0.0010294245,0.0010106997,0.0010661932,0.0010782107,0.0010702487,0.0,0.0,0.0010294245,0.0010106997,0.0010661932,0.0010891454,0.001070204,0.0,0.0010452596,0.0,0.0010587084,0.0010452596,0.0010661932,0.0010701853,0.0,0.0,0.0010294245,0.0010106997,0.0010661932,0.0010891444,0.0,0.0010587095,0.0,0.0010294245,0.0010106997,0.0010661932,0.0010782044,0.0,0.0,0.0010452599,0.0010587092,0.0,0.0010294245,0.0010587085,0.0010702044,0.0010587086,0.0,0.0010294244,0.0010106997,0.0010661932,0.0010782043,0.0,0.0,0.0010452598,0.0010294245,0.0010202808,0.001031464,0.0011065799,0.0,0.0,0.0010452596,0.0,0.0010587084,0.0010452596,0.0010661932,0.0,0.0010587112,0.0,0.0010587085,0.0,0.0010587084,0.0010452596,0.0,0.0,0.0010452735,0.0010294266,0.0010202808,0.001031464,0.0011065804,0.0,0.0010587408,0.0010587117,0.0010533505,0.0010652607,0.0,0.0009884894,0.0,0.0010587098,0.0010452603,0.0,0.0010587086,0.0010452596,0.0010382114,0.0010701882,0.0010587084,0.0010452596,0.0,0.0010587084,0.0010452596,0.0010382107,0.0,0.0010587086,0.0010452596,0.0010382098,0.0010498663,0.0010564802,0.0010688785,0.0010701824,0.0010587084,0.0010452596,0.0010382098,0.0010498663,0.0010564802,0.0010688783,0.0010702045,0.0,0.0,0.0010294245,0.0010106997,0.0010661932,0.001089144,0.0010701879,0.001951818,0.0010452596,0.0010294245,0.0010202808,0.001031464,0.0011065798,0.0,0.0010587085,0.0,0.0010294245,0.0010106997,0.0010661932,0.0010782044,0.0010701978,0.0,0.0010452596,0.0010294245,0.0010202808,0.001031464,0.0011065853,0.0,0.0010587084,0.0010452596,0.0010382098,0.0010498663,0.0010564802,0.0010688795,0.0010701836,0.0010587084,0.0010452596,0.0010382098,0.0010498663,0.0010564802,0.0010688782,0.0,0.0010587088,0.0010452596,0.0010382098,0.0010498663,0.0010564802,0.0010688783,0.0,0.0,0.0010452596,0.0010294245,0.0010202808,0.001031464,0.0011065799,0.0010701849,0.0010587084,0.0,0.0,0.0010587085,0.0010587085,0.0010533503,0.0010702149,0.0,0.0010452598,0.0,0.0010587085,0.0010452596,0.0010661948,0.0010702848,0.0,0.0010587085,0.0010452596,0.0010382098,0.0,0.0010587089,0.0,0.0010587083,0.0,0.0010294245,0.0010106997,0.0010661932,0.0010782087,0.001070187,0.0,0.0010452596,0.0010294245,0.0010202808,0.0010314643,0.0011066303,0.0010701956,0.0,0.0,0.0010294245,0.0010106997,0.0010661932,0.001089144,0.0,0.0010587085,0.0010452596,0.0010382098,0.0010498663,0.0010564802,0.0010688785,0.0010702072,0.0010587084,0.0010452596,0.0,0.0010587085,0.0010452596,0.0010382106,0.0010701849,0.0,0.0010452596,0.0010294243,0.0010202808,0.001031464,0.0011065812,0.0010701858,0.0,0.0010452596,0.0010294245,0.0010202808,0.001031464,0.001106581,0.0,0.0010587084,0.0010587086,0.00105335,0.0010652606,0.0,0.0009885244,0.0010702134,0.0,0.0010452596,0.0010294245,0.0010202808,0.001031464,0.0011065798,0.0010701878,0.0,0.0,0.0010294245,0.0010106997,0.0010661932,0.0010891458,0.0010702416,0.001058709,0.0,0.0010294253,0.0010106997,0.0010661933,0.0010782096,0.0,0.0010587086,0.0010452596,0.0010382098,0.0010498663,0.0010564802,0.0010688782,0.0,0.0010587091,0.0,0.0010294245,0.0010106997,0.0010661932,0.0010782044,0.0,0.0010587085,0.0010452598,0.0010382098,0.0010498663,0.0010564802,0.0010688785,0.0010701943,0.0010587084,0.0010452596,0.0010382099,0.0010498663,0.0010564802,0.0010688786,0.0,0.0,0.0,0.0010294245,0.0010106997,0.0010661932,0.0010891444,0.0010701823,0.0010587084,0.0,0.0010294245,0.0010106997,0.0010661932,0.0010782051,0.001070192,0.0010587086,0.0010452596,0.0010661932,0.0,0.0010294245,0.0010106997,0.0,0.0010587084,0.0010452596,0.0010382098,0.0010498663,0.0010564802,0.0010688788,0.0,0.0010587084,0.0010452596,0.0010382098,0.0010498663,0.0010564802,0.0010688785,0.0,0.0010587088,0.0010452596,0.0010382098,0.0010498663,0.0010564802,0.0010688802,0.0010701907,0.0010587084,0.0010452596,0.0010382098,0.0010498663,0.0010564802,0.0010688786,0.0,0.0,0.0010452596,0.0010294245,0.0010202808,0.001031464,0.0011065801,0.0,0.0010587084,0.0010452596,0.0010382098,0.0010498663,0.0010564802,0.0010688783,0.0010703586,0.0010587096,0.0010452596,0.0010382098,0.0010498663,0.0010564802,0.0010688808
k__Bacteria|p__Proteobacteria|c__Gammaproteobacteria|o__Enterobacterales|f__Enterobacteriaceae|g__Raoultella|s__Raoultella_ornithinolytica,0.0,0.0010642171,0.0010506837,0.0010433914,0.0010544402,0.0010604889,0.0010724129,0.0,0.0010642175,0.0010506837,0.0010433914,0.0010544402,0.0010604889,0.0010724127,0.0,0.0,0.0010506862,0.0010347517,0.001025356,0.0010359386,0.0011108511,0.0010757856,0.0,0.0010506837,0.0010347501,0.0010253559,0.0010359386,0.0011108507,0.0,0.0,0.0010506837,0.0010347501,0.0010253559,0.0010359386,0.0011108506,0.0010757654,0.0010642174,0.0010506837,0.0010433914,0.0010544402,0.0010604889,0.0010724127,0.0,0.0010642176,0.0010506837,0.0010433914,0.0010544402,0.0010604889,0.0010724136,0.0010757655,0.0010642174,0.0010506837,0.0010433914,0.0010544402,0.0010604889,0.001072413,0.0,0.0010642175,0.0010506838,0.0010433918,0.0010544402,0.0010604889,0.0010724135,0.0,0.0010642175,0.0010506837,0.0010433914,0.0010544402,0.0010604889,0.0010724128,0.0,0.0010642175,0.0,0.0010347501,0.0010159117,0.0010715466,0.001082938,0.0,0.0010642174,0.0010506837,0.0010433914,0.0010544402,0.0010604889,0.0010724135,0.0,0.0,0.0,0.0010347501,0.0010159117,0.0010715466,0.0010939422,0.0010757729,0.0010642175,0.0,0.0010347501,0.0010159117,0.0010715466,0.0010829425,0.0010758135,0.0,0.0,0.0010347503,0.0010159117,0.0010715466,0.0010939421,0.0010757825,0.0,0.0010506837,0.0,0.0010642174,0.0010506837,0.0010715468,0.0010757674,0.0,0.0,0.0010347501,0.0010159117,0.0010715466,0.0010939403,0.0,0.0010642175,0.0,0.0010347501,0.0010159117,0.0010715466,0.001082937,0.017700432,0.01200741,0.0010506837,0.0010642176,0.0014913562,0.0010347501,0.0010642176,0.0010757745,0.0010642175,0.0,0.0010347501,0.0010159117,0.0010715466,0.0010829368,0.0,0.0,0.0010506839,0.0010347501,0.0010253559,0.0010359386,0.0011108508,0.0,0.0,0.0010506837,0.0,0.0010642174,0.0010506837,0.0010715466,0.0,0.0010642175,0.0,0.0010642176,0.042281605,0.0010642174,0.0010506838,0.0,0.0,0.0010506823,0.0010347504,0.0010253559,0.0010359386,0.0011108511,0.0,0.0010642227,0.0010642178,0.0010586237,0.0010699197,0.001859379,0.0009935685,0.0,0.001064218,0.0010506837,0.0,0.0010642175,0.0010506836,0.0010433934,0.0010757681,0.0010642174,0.0010506837,0.0,0.0010642174,0.0010506837,0.0010433925,0.0,0.0010642178,0.0010506838,0.0010433914,0.0010544402,0.0010604889,0.001072413,0.0010757657,0.0010642174,0.0010506837,0.0010433914,0.0010544402,0.0010604889,0.0010724128,0.001075783,0.0,0.0,0.0010347501,0.0010159117,0.0010715466,0.0010939403,0.0010757673,0.0,0.0010506837,0.0010347501,0.0010253559,0.0010359386,0.001110851,0.0,0.0010642176,0.0,0.0010347501,0.0010159117,0.0010715466,0.0010829368,0.0010757768,0.0,0.0010506837,0.0010347501,0.0010253559,0.0010359386,0.0011108575,0.0,0.0010642174,0.0010506837,0.0010433914,0.0010544402,0.0010604889,0.0010724146,0.0010757658,0.0010642174,0.0010506837,0.0010433914,0.0010544402,0.0010604889,0.0010724127,0.0,0.0010642176,0.0010506836,0.0010433914,0.0010544402,0.0010604889,0.0010724129,0.0,0.0,0.0010506837,0.0010347501,0.0010253559,0.0010359386,0.0011108507,0.0010757673,0.0010642174,0.0,0.0,0.0010642176,0.0010642175,0.0010586242,0.00107579,0.0,0.0010506837,0.0,0.0010642176,0.0010506837,0.0010715498,0.0010758435,0.0,0.0010642174,0.0010506838,0.0010433914,0.0,0.0010642182,0.0,0.0010642174,0.0,0.0010347501,0.0010159117,0.0010715466,0.0010829426,0.0010757685,0.0,0.0010506837,0.0010347501,0.0010253559,0.0010359389,0.0011109039,0.0010757708,0.0,0.0,0.0010347501,0.0010159117,0.0010715466,0.00109394,0.0,0.0010642176,0.0010506838,0.0010433914,0.0010544402,0.0010604889,0.0010724127,0.0010757892,0.0010642174,0.0010506838,0.0,0.0010642175,0.0010506837,0.0010433921,0.0010757671,0.0,0.0010506838,0.0010347503,0.0010253559,0.0010359386,0.0011108529,0.0010757677,0.0,0.0010506838,0.0010347501,0.0010253559,0.0010359386,0.0011108523,0.0,0.0010642174,0.0010642174,0.0010586238,0.0010699196,0.0,0.0009936013,0.0010757903,0.0,0.0010506838,0.0010347501,0.0010253559,0.0010359386,0.0011108506,0.0010757697,0.0021801228,0.0020829865,0.0010347501,0.0010159117,0.0010715466,0.0010939419,0.0010758032,0.0010642174,0.0,0.0010347504,0.0010159112,0.0010715467,0.0010829436,0.0,0.0010642176,0.0010506838,0.0010433914,0.0010544402,0.0010604889,0.0010724127,0.0,0.0010642173,0.0,0.0010347501,0.0010159117,0.0010715466,0.0010829368,0.0,0.0010642174,0.0010506839,0.0010433914,0.0010544402,0.0010604889,0.0010724128,0.0010757754,0.0010642173,0.0010506837,0.0010433916,0.0010544402,0.0010604889,0.0010724132,0.0,0.0,0.0,0.0010347501,0.0010159117,0.0010715466,0.0010939409,0.0010757651,0.0010642174,0.0,0.0010347501,0.0010159117,0.0010715466,0.0010829373,0.0010757723,0.0010642173,0.0010506837,0.0010715466,0.0,0.0010347501,0.0010159118,0.0,0.0010642174,0.0010506837,0.0010433914,0.0010544402,0.0010604889,0.0010724138,0.0,0.0010642174,0.0010506837,0.0010433914,0.0010544402,0.0010604889,0.0010724132,0.0,0.0010642176,0.0010506838,0.0010433914,0.0010544402,0.0010604889,0.0010724152,0.0010757699,0.0010642174,0.0010506837,0.0010433914,0.0010544402,0.0010604889,0.0010724132,0.0,0.0,0.0010506837,0.0010347501,0.0010253559,0.0010359386,0.0011108512,0.0,0.0010642174,0.0010506837,0.0010433914,0.0010544402,0.0010604889,0.0010724128,0.0010759014,0.0010642179,0.0010506834,0.0010433915,0.0010544402,0.0010604889,0.0010724156
k__Bacteria|p__Proteobacteria|c__Gammaproteobacteria|o__Enterobacterales|f__Enterobacteriaceae|g__Phytobacter|s__Phytobacter_diazotrophicus,0.0,0.0010605543,0.0010469658,0.0010396714,0.0010508384,0.0010569821,0.0010690251,0.0,0.0010605545,0.0010469658,0.0010396714,0.0010508384,0.0010569821,0.0010690249,0.0,0.0,0.0010469902,0.0010309964,0.0010215851,0.0010322728,0.0011076645,0.0010722065,0.0,0.0010469658,0.0010309807,0.0010215839,0.0010322728,0.0011076634,0.004166291,0.002427555,0.0010469658,0.0010309807,0.0010215839,0.0010322728,0.0011076633,0.0010721586,0.0010605544,0.0010469658,0.0010396714,0.0010508384,0.0010569821,0.0010690249,0.0,0.0010605555,0.0010469661,0.0010396714,0.0010508384,0.0010569821,0.0010690255,0.0010721587,0.0010605544,0.0010469658,0.0010396714,0.0010508384,0.0010569821,0.001069025,0.0,0.0010605549,0.001046967,0.0010396718,0.0010508384,0.0010569821,0.0010690256,0.0,0.0010605545,0.0010469658,0.0010396714,0.0010508384,0.0010569821,0.0010690249,0.0,0.0010605545,0.0,0.0010309807,0.0010120953,0.0010679415,0.0010794767,0.0,0.0010605544,0.0010469658,0.0010396714,0.0010508384,0.0010569821,0.0010690254,0.0,0.0,0.0,0.0010309807,0.0010120953,0.0010679418,0.0010905504,0.0010721717,0.0010605545,0.0,0.0010309807,0.0010120953,0.0010679418,0.0010794878,0.001072278,0.0,0.0,0.0010309808,0.0010120953,0.0010679415,0.0010905493,0.001072193,0.0,0.0010469658,0.0,0.0010605544,0.0010469658,0.0010679417,0.0010721635,0.0,0.0,0.0010309807,0.0010120953,0.0010679415,0.0010905479,0.0,0.0010605571,0.0,0.0010309807,0.0010120953,0.0010679415,0.0010794743,0.0,0.0,0.0010469673,0.0010605569,0.0,0.0010309807,0.0010605545,0.0010721959,0.0010605549,0.0,0.0010309806,0.0010120953,0.0010679415,0.0010794738,0.0,0.0,0.0010469662,0.0010309807,0.0010215839,0.0010322728,0.0011076641,0.0,0.0,0.0010469658,0.0,0.0010605544,0.0010469658,0.0010679417,0.0,0.001060561,0.0,0.0010605545,0.0,0.0010605544,0.0010469658,0.0,0.0,0.0010469962,0.0010309855,0.0010215839,0.0010322728,0.0011076644,0.0,0.0010606253,0.0010605622,0.0010549611,0.0010663866,0.0,0.0009897237,0.0,0.0010605588,0.0010469675,0.0,0.0010605549,0.0010469661,0.0010396756,0.0010721664,0.0010605544,0.0010469658,0.0,0.0010605544,0.0010469658,0.001039673,0.0,0.0010605545,0.0010469658,0.0010396714,0.0010508384,0.0010569821,0.0010690249,0.0010721583,0.0010605544,0.0010469658,0.0010396714,0.0010508384,0.0010569821,0.0010690249,0.0010722022,0.0,0.0,0.0010309807,0.0010120953,0.0010679415,0.0010905478,0.0010721688,0.0,0.0010469658,0.0010309807,0.0010215839,0.0010322728,0.0011076638,0.0,0.0010605545,0.0,0.0010309807,0.0010120953,0.0010679415,0.0010794736,0.0010721845,0.0,0.0010469658,0.0010309807,0.0010215839,0.0010322728,0.0011076767,0.03191121,0.0010605544,0.0010469658,0.0010396714,0.0010508384,0.0010569821,0.0010690275,0.0010721592,0.0010605544,0.0010469658,0.0010396714,0.0010508384,0.0010569821,0.0010690249,0.0,0.0010605552,0.0010469661,0.0010396714,0.0010508384,0.0010569821,0.0010690251,0.0042800778,0.0,0.0010469658,0.0010309807,0.0010215839,0.0010322728,0.0011076635,0.0010721611,0.0010605544,0.0,0.0,0.0010605545,0.0010605545,0.0010549608,0.0010722076,0.0,0.0010469663,0.0,0.0010605545,0.0010469658,0.0010679456,0.0010723332,0.0,0.0010605548,0.0010469661,0.0010396714,0.0,0.0010605553,0.0,0.0010605543,0.0,0.0010309807,0.0010120953,0.0010679418,0.0010794839,0.001072167,0.0,0.0010469658,0.0010309807,0.0010215839,0.0010322739,0.0011077608,0.0010721827,0.0,0.0,0.0010309807,0.0010120953,0.0010679415,0.0010905477,0.0,0.0010605545,0.0010469658,0.0010396714,0.0010508384,0.0010569821,0.0010690249,0.0010721531,0.0010605545,0.0010469658,0.0,0.0010605544,0.0010469658,0.001039673,0.0010721626,0.0,0.0010469661,0.0010309807,0.0010215839,0.0010322728,0.0011076662,0.001072164,0.0,0.0010469658,0.0010309807,0.0010215839,0.001032273,0.0011076671,0.0,0.0010605548,0.0010605549,0.0010549607,0.0010663868,0.0,0.0009897762,0.0010722134,0.0,0.0010469661,0.0010309807,0.0010215839,0.0010322728,0.0011076633,0.0010721651,0.0,0.0,0.0010309807,0.0010120953,0.0010679418,0.0010905494,0.0010722612,0.0010605563,0.0,0.0010309825,0.001012096,0.0010679418,0.0010794854,0.0,0.0010605544,0.0010469658,0.0010396714,0.0010508384,0.0010569821,0.0010690249,0.0,0.0010605563,0.0,0.0010309807,0.0010120953,0.0010679415,0.0010794739,0.0,0.0010605545,0.0010469662,0.0010396714,0.0010508384,0.0010569821,0.001069025,0.0010721817,0.0010605546,0.0010469661,0.0010396718,0.0010508384,0.0010569821,0.0010690255,0.0,0.0,0.0,0.0010309807,0.0010120953,0.0010679415,0.0010905481,0.0010721582,0.0010605544,0.0,0.0010309807,0.0010120953,0.0010679415,0.0010794754,0.0010721766,0.0010605544,0.0010469658,0.0010679415,0.0,0.0010309807,0.0010120954,0.0,0.0010605544,0.0010469658,0.0010396714,0.0010508384,0.0010569821,0.0010690261,0.0,0.0010605544,0.0010469658,0.0010396714,0.0010508384,0.0010569821,0.0010690253,0.0,0.0010605557,0.0010469661,0.0010396714,0.0010508384,0.0010569821,0.001069028,0.0010721739,0.0010605544,0.0010469658,0.0010396714,0.0010508384,0.0010569821,0.0010690257,0.0,0.0,0.0010469658,0.0010309807,0.0010215839,0.0010322728,0.001107664,0.0,0.0010605544,0.0010469658,0.0010396714,0.0010508384,0.0010569821,0.0010690249,0.0010724324,0.0010605571,0.0010469661,0.0010396717,0.0010508384,0.0010569821,0.0010690289
k__Bacteria|p__Proteobacteria|c__Gammaproteobacteria|o__Enterobacterales|f__Enterobacteriaceae|g__Citrobacter|s__Citrobacter_braakii,0.002501218,0.0010657334,0.0010521774,0.0010448206,0.0010557052,0.0010616018,0.0010733979,0.0,0.0010657331,0.0010521774,0.0010448206,0.0010557052,0.0010616018,0.0010733978,0.0,0.0,0.0010521915,0.001036228,0.0010267581,0.0010371782,0.0011120304,0.001077338,0.0,0.0010521774,0.0010362186,0.0010267572,0.0010371782,0.0011120294,0.0,0.0,0.0010521774,0.0010362186,0.0010267572,0.0010371782,0.0011120294,0.0010773004,0.001065733,0.0010521774,0.0010448206,0.0010557052,0.0010616018,0.0010733978,0.0,0.0010657342,0.0010521775,0.0010448206,0.0010557052,0.0010616018,0.001073399,0.0010773005,0.001065733,0.0010521774,0.0010448206,0.0010557052,0.0010616018,0.0010733978,0.0,0.0010657335,0.0010521783,0.0010448208,0.0010557052,0.0010616018,0.0010733986,0.0017813562,0.0010657331,0.0010521774,0.0010448206,0.0010557052,0.0010616018,0.0010733978,0.0,0.0010657331,0.0,0.0010362186,0.00101735,0.0010730199,0.0010842447,0.0,0.001065733,0.0010521774,0.0010448206,0.0010557052,0.0010616018,0.0010733986,0.0,0.0,0.0,0.0010362186,0.00101735,0.0010730199,0.0010952643,0.0010773115,0.0010657331,0.0,0.0010362186,0.00101735,0.0010730199,0.0010842516,0.0010773732,0.0,0.0,0.0010362186,0.00101735,0.0010730199,0.0010952641,0.0010773262,0.0,0.0010521774,0.0,0.001065733,0.0010521774,0.0010730202,0.0010773038,0.0,0.0,0.0010362186,0.00101735,0.0010730199,0.0010952619,0.0,0.0010657347,0.0,0.0010362186,0.00101735,0.0010730199,0.0010842428,0.0,0.0,0.0010521788,0.0010657342,0.0,0.0010362186,0.0010657335,0.001077324,0.0010657335,0.0,0.0010362185,0.00101735,0.0010730199,0.0010842425,0.0,0.0,0.0010521775,0.0010362186,0.0010267572,0.0010371782,0.0011120301,0.0,0.0,0.0010521774,0.0,0.001065733,0.0010521774,0.00107302,0.0,0.0010657368,0.0,0.0010657333,0.0,0.001065733,0.0010521775,0.0,0.0,0.0010521912,0.0010362207,0.0010267571,0.0010371782,0.0011120302,0.0,0.001065766,0.0010657369,0.0010600772,0.0010712068,0.0,0.000994978,0.0,0.0010657356,0.0010521784,0.0,0.0010657336,0.0010521776,0.0010448243,0.0010773072,0.001065733,0.0010521774,0.0,0.001065733,0.0010521774,0.001044822,0.0019145156,0.0010657334,0.0010521775,0.0010448206,0.0010557052,0.0010616018,0.0010733978,0.0010773005,0.001065733,0.0010521774,0.0010448206,0.0010557052,0.0010616018,0.0010733978,0.0010773323,0.0,0.0,0.0010362186,0.00101735,0.0010730199,0.0010952619,0.0010773048,0.0,0.0010521774,0.0010362186,0.0010267572,0.0010371782,0.0011120299,0.0,0.0010657333,0.0,0.0010362186,0.00101735,0.0010730199,0.001084242,0.0010773191,0.0,0.0010521774,0.0010362186,0.0010267572,0.0010371782,0.0011120398,0.0,0.001065733,0.0010521774,0.0010448206,0.0010557052,0.0010616018,0.0010734001,0.0010773011,0.001065733,0.0010521774,0.0010448206,0.0010557052,0.0010616018,0.0010733978,0.0,0.0010657337,0.0010521776,0.0010448206,0.0010557052,0.0010616018,0.0010733979,0.0057724738,0.42411953,0.0010521774,0.0010362186,0.0010267572,0.0010371782,0.0011120298,0.0010773033,0.001065733,0.032371722,0.0024647147,0.0010657333,0.0010657331,0.0010600776,0.0010773425,0.0,0.0010521779,0.0,0.0010657333,0.0010521774,0.001073025,0.0010774138,0.0,0.0010657336,0.0010521776,0.0010448206,0.0,0.0010657343,0.0,0.0010657334,0.0,0.0010362186,0.00101735,0.0010730202,0.0010842513,0.0010773073,0.0,0.0010521774,0.0010362186,0.0010267571,0.0010371788,0.0011121004,0.0010773173,0.010797671,0.95597506,0.0010362186,0.00101735,0.0010730199,0.0010952617,0.0,0.0010657333,0.0010521775,0.0010448206,0.0010557052,0.0010616018,0.0010733978,0.0010773209,0.0010657335,0.0010521776,0.0,0.0010657331,0.0010521774,0.001044822,0.0010773032,0.0,0.0010521776,0.001036219,0.0010267572,0.0010371782,0.0011120328,0.0010773046,0.0,0.0010521775,0.0010362186,0.0010267571,0.0010371783,0.0011120324,0.0,0.0010657335,0.0010657335,0.0010600769,0.0010712066,0.0,0.0009950255,0.0010773378,0.0,0.0010521776,0.0010362186,0.0010267572,0.0010371782,0.0011120294,0.0010773063,0.0,0.0,0.0010362186,0.00101735,0.0010730199,0.001095264,0.0010773672,0.001065734,0.0,0.0010362194,0.0010173506,0.0010730202,0.0010842526,0.0,0.0010657333,0.0010521776,0.0010448206,0.0010557052,0.0010616018,0.0010733978,0.0,0.0010657342,0.0,0.0010362186,0.00101735,0.0010730199,0.001084242,0.0,0.0010657335,0.0010521775,0.0010448206,0.0010557052,0.0010616018,0.0010733978,0.0010773169,0.0010657335,0.0010521775,0.0010448208,0.0010557052,0.0010616018,0.0010733983,0.0,0.0,0.0,0.0010362186,0.00101735,0.0010730199,0.0010952625,0.0010772999,0.001065733,0.009838358,0.0010362186,0.00101735,0.0010730199,0.0010842435,0.0010773148,0.0010657333,0.0010521774,0.0010730199,0.0,0.0010362186,0.0010173501,0.0,0.001065733,0.0010521774,0.0010448206,0.0010557052,0.0010616018,0.0010733991,0.0,0.001065733,0.0010521774,0.0010448206,0.0010557052,0.0010616018,0.0010733982,0.0,0.0010657337,0.0010521776,0.0010448206,0.0010557052,0.0010616018,0.0010734007,0.0010773093,0.001065733,0.0010521774,0.0010448206,0.0010557052,0.0010616018,0.0010733983,0.0,0.0,0.0010521774,0.0010362186,0.0010267572,0.0010371782,0.00111203,0.0,0.001065733,0.0010521774,0.0010448206,0.0010557052,0.0010616018,0.0010733978,0.0010775104,0.001065735,0.0010521775,0.0010448206,0.0010557052,0.0010616018,0.0010734014
k__Bacteria|p__Proteobacteria|c__Betaproteobacteria|o__Neisseriales|f__Neisseriaceae|g__Neisseria|s__Neisseria_subflava,0.0,0.0010618978,0.0010482921,0.0010409442,0.0010519727,0.0010579878,0.0010699222,0.0,0.0010618977,0.0010482921,0.0010409442,0.0010519727,0.0010579878,0.0010699219,0.0,0.0,0.001048318,0.0010323034,0.001022836,0.0010333874,0.0011087182,0.0010735706,0.0,0.0010482921,0.001032287,0.0010228347,0.0010333874,0.0011087167,0.0,0.0,0.0010482921,0.001032287,0.0010228347,0.0010333874,0.0011087165,0.0010735166,0.0010618976,0.0010482921,0.0010409442,0.0010519727,0.0010579878,0.0010699219,0.0,0.0010618987,0.0010482924,0.0010409442,0.0010519727,0.0010579878,0.0010699228,0.0010735167,0.0010618976,0.0010482921,0.0010409442,0.0010519727,0.0010579878,0.001069922,0.0,0.0010618981,0.0010482934,0.0010409445,0.0010519727,0.0010579878,0.001069923,0.0,0.0010618977,0.0010482921,0.0010409442,0.0010519727,0.0010579878,0.0010699219,0.0,0.0010618977,0.0,0.001032287,0.0010133779,0.0010692485,0.0010806419,0.0,0.0010618976,0.0010482921,0.0010409442,0.0010519727,0.0010579878,0.0010699229,0.0,0.0,0.0,0.001032287,0.0010133779,0.0010692485,0.0010917279,0.001073532,0.0010618977,0.0,0.001032287,0.0010133779,0.0010692485,0.0010806546,0.0010736425,0.0,0.0,0.001032287,0.0010133779,0.0010692485,0.0010917265,0.0010735561,0.0,0.0010482921,0.0,0.0010618976,0.0010482921,0.0010692488,0.001073522,0.0,0.0,0.001032287,0.0010133779,0.0010692485,0.0010917244,0.0,0.0010619005,0.0,0.001032287,0.0010133779,0.0010692485,0.0010806392,0.0,0.0,0.0010482939,0.0010619003,0.0,0.001032287,0.0010618981,0.0010735564,0.0010618983,0.0,0.0010322869,0.0010133779,0.0010692485,0.0010806385,0.0,0.0,0.0010482925,0.001032287,0.0010228347,0.0010333874,0.0011087174,0.0,0.0,0.0010482921,0.0,0.0010618976,0.0010482921,0.0010692487,0.0,0.0010619047,0.0,0.0010618978,0.0073677716,0.0010618976,0.0010482923,0.0,0.0,0.0010483236,0.0010322917,0.0010228349,0.0010333874,0.001108718,0.0,0.0010619693,0.0010619056,0.0010562525,0.0010675376,0.0,0.0009909808,0.0,0.0010619018,0.0010482941,0.0,0.0010618984,0.0010482925,0.0010409491,0.0010735268,0.0010618976,0.0010482921,0.0,0.0010618976,0.0010482921,0.0010409459,0.0,0.0010618981,0.0010482923,0.0010409442,0.0010519727,0.0010579878,0.0010699222,0.0010735163,0.0010618976,0.0010482921,0.0010409442,0.0010519727,0.0010579878,0.0010699219,0.0010735627,0.0,0.0,0.001032287,0.0010133779,0.0010692485,0.0010917241,0.0010735268,0.0,0.0010482921,0.001032287,0.0010228347,0.0010333874,0.0011087173,0.0,0.0010618978,0.0,0.001032287,0.0010133779,0.0010692485,0.0010806384,0.0010735455,0.0,0.0010482921,0.001032287,0.0010228347,0.0010333874,0.0011087335,0.0,0.0010618976,0.0010482921,0.0010409442,0.0010519727,0.0010579878,0.0010699246,0.0010735177,0.0010618976,0.0010482921,0.0010409442,0.0010519727,0.0010579878,0.0010699219,0.0,0.0010618988,0.0010482925,0.0010409442,0.0010519727,0.0010579878,0.0010699222,0.0,0.0,0.0010482921,0.001032287,0.0010228347,0.0010333874,0.0011087168,0.0010735199,0.0010618976,0.0,0.0,0.0010618978,0.0010618977,0.0010562522,0.0010735736,0.0,0.0010482927,0.0,0.0010618978,0.0010482921,0.0010692547,0.0010737063,0.0022600193,0.0010618981,0.0010482925,0.0010409442,0.0014427778,0.0010618988,0.0,0.0010618976,0.0035856748,0.001032287,0.0010133779,0.0010692484,0.0010806505,0.001073526,0.0,0.0010482921,0.0010322867,0.0010228347,0.0010333883,0.0011088427,0.0010735448,0.0,0.0,0.001032287,0.0010133779,0.0010692485,0.001091724,0.0,0.0010618978,0.0010482923,0.0010409442,0.0010519727,0.0010579878,0.0010699219,0.001073527,0.0010618981,0.0010482921,0.0,0.0010618977,0.0010482921,0.0010409462,0.001073521,0.0,0.0010482925,0.001032287,0.0010228347,0.0010333874,0.0011087207,0.0010735227,0.0,0.0010482923,0.001032287,0.0010228347,0.0010333875,0.0011087208,0.0,0.0010618981,0.0010618981,0.0010562516,0.0010675375,0.0,0.0009910404,0.0010735714,0.0,0.0010482925,0.001032287,0.0010228347,0.0010333874,0.0011087165,0.0010735245,0.0,0.0,0.001032287,0.0010133779,0.0010692485,0.0010917269,0.001073629,0.0010618996,0.0,0.0010322885,0.0010133785,0.0010692488,0.0010806523,0.0,0.0010618978,0.0010482925,0.0010409442,0.0010519727,0.0010579878,0.0010699219,0.0021255298,0.0010618998,0.0,0.001032287,0.0010133779,0.0010692485,0.0010806384,0.0,0.0010618981,0.0010482925,0.0010409442,0.0010519727,0.0010579878,0.0010699223,0.001073542,0.001061898,0.0010482924,0.0010409447,0.0010519727,0.0010579878,0.0010699227,0.0,0.0,0.0,0.001032287,0.0010133779,0.0010692485,0.0010917246,0.0010735159,0.0010618976,0.0,0.001032287,0.0010133779,0.0010692485,0.0010806404,0.0010735359,0.0010618978,0.0010482921,0.0010692485,0.0,0.001032287,0.0010133781,0.0,0.0010618976,0.0010482921,0.0010409442,0.0010519727,0.0010579878,0.0010699234,0.0,0.0010618976,0.0010482921,0.0010409442,0.0010519727,0.0010579878,0.0010699226,0.0,0.0010618989,0.0010482925,0.0010409442,0.0010519727,0.0010579878,0.0010699257,0.0010735326,0.0010618976,0.0010482921,0.0010409442,0.0010519727,0.0010579878,0.001069923,0.0,0.0,0.0010482921,0.001032287,0.0010228347,0.0010333874,0.0011087175,0.0,0.0010618976,0.0010482921,0.0010409442,0.0010519727,0.0010579878,0.0010699219,0.0010738184,0.0010619005,0.0010482924,0.0010409442,0.0010519727,0.0010579878,0.0010699268
k__Bacteria|p__Proteobacteria|c__Gammaproteobacteria|o__Enterobacterales|f__Enterobacteriaceae|g__Enterobacter|s__Enterobacter_roggenkampii,0.0,0.0010675974,0.0010541104,0.0010468144,0.0010577426,0.0010636933,0.0010754999,0.0,0.0010675975,0.0010541104,0.0010468144,0.0010577426,0.0010636933,0.0010754999,0.0,0.0,0.0010541234,0.0010382296,0.0010288227,0.0010392962,0.0011137784,0.0010791374,0.0,0.0010541104,0.001038221,0.0010288224,0.0010392962,0.0011137774,0.0089915525,0.010430958,0.0010541104,0.001038221,0.0010288224,0.0010392962,0.0011137775,0.0010790976,0.0010675974,0.0010541104,0.0010468144,0.0010577426,0.0010636933,0.0010754998,0.0,0.0010675981,0.0010541104,0.0010468144,0.0010577426,0.0010636933,0.0010755013,0.0010790976,0.0010675974,0.0010541104,0.0010468144,0.0010577426,0.0010636933,0.0010755,0.0,0.0010675975,0.0010541113,0.0010468145,0.0010577426,0.0010636933,0.0010755005,0.0,0.0010675975,0.0010541104,0.0010468144,0.0010577426,0.0010636933,0.0010754999,0.0,0.0010675975,0.0,0.001038221,0.001019421,0.0010748713,0.001086122,0.0,0.0010675974,0.0010541104,0.0010468144,0.0010577426,0.0010636933,0.0010755004,0.0,0.0,0.0,0.001038221,0.001019421,0.0010748713,0.0010970634,0.0010791086,0.0010675975,0.0,0.001038221,0.001019421,0.0010748713,0.0010861261,0.0010791534,0.0,0.0,0.001038221,0.001019421,0.0010748713,0.0010970634,0.0010791223,0.0,0.0010541104,0.0,0.0010675974,0.0010541104,0.0010748714,0.0010791001,0.0,0.0,0.001038221,0.001019421,0.0010748713,0.0010970621,0.0,0.0010675986,0.0,0.001038221,0.001019421,0.0010748713,0.00108612,0.0,0.0,0.0010541119,0.0010675981,0.0018255803,0.001038221,0.0010675979,0.0010791176,0.0010675975,0.003436514,0.0010382208,0.001019421,0.0010748713,0.0010861197,0.0,0.0,0.0010541105,0.001038221,0.0010288224,0.0010392962,0.0011137777,0.0,0.0,0.0010541104,0.0,0.0010675974,0.0010541104,0.0010748714,0.0,0.001067601,0.0,0.0010675977,0.0,0.0010675974,0.0010541105,0.0,0.0,0.0010541216,0.0010382226,0.0010288224,0.0010392962,0.0011137781,0.0,0.0010676191,0.0010676004,0.001061999,0.0010731635,0.0,0.0009971134,0.0,0.0010675992,0.0010541113,0.0,0.0010675977,0.0010541106,0.0010468176,0.0010791061,0.0010675974,0.0010541104,0.0,0.0010675974,0.0010541104,0.0010468155,0.0015177162,0.0010675977,0.0010541105,0.0010468144,0.0010577426,0.0010636933,0.0010754999,0.0010790979,0.0010675974,0.0010541104,0.0010468144,0.0010577426,0.0010636933,0.0010754999,0.0010791221,0.0,0.0,0.001038221,0.001019421,0.0010748713,0.001097062,0.0010790989,0.0017217591,0.0010541104,0.001038221,0.0010288224,0.0010392962,0.0011137776,0.0063912356,0.0010675977,0.059504673,0.001038221,0.001019421,0.0010748713,0.0010861194,0.0010791165,0.0,0.0010541104,0.001038221,0.0010288224,0.0010392962,0.0011137852,0.0,0.0010675974,0.0010541104,0.0010468144,0.0010577426,0.0010636933,0.0010755016,0.0010790984,0.0010675974,0.0010541104,0.0010468144,0.0010577426,0.0010636933,0.0010754998,0.0,0.0010675978,0.0010541106,0.0010468144,0.0010577426,0.0010636933,0.0010754999,0.0,0.0,0.0010541104,0.001038221,0.0010288224,0.0010392962,0.0011137775,0.0010791004,0.0010675974,0.0,0.0,0.0010675977,0.0010675975,0.0010619991,0.0010791395,0.0,0.0010541107,0.0,0.0010675977,0.0010541104,0.0010748775,0.0010791984,0.0,0.0010675977,0.0010541106,0.0010468144,0.0,0.0010675984,0.0,0.0010675974,0.0,0.001038221,0.001019421,0.0010748712,0.0010861302,0.001079104,0.0,0.0010541104,0.001038221,0.0010288224,0.0010392964,0.0011138273,0.0010791153,0.0,0.0,0.001038221,0.001019421,0.0010748713,0.001097062,0.0,0.0010675977,0.0010541105,0.0010468144,0.0010577426,0.0010636933,0.0010754999,0.0010791352,0.0010675975,0.0010541106,0.0,0.0010675975,0.0010541104,0.0010468154,0.0010790991,0.0,0.0010541106,0.001038221,0.0010288226,0.0010392962,0.00111378,0.0010791015,0.0,0.0010541105,0.001038221,0.0010288225,0.0010392963,0.0011137796,0.001777264,0.0010675975,0.0010675977,0.0010619987,0.0010731634,0.0,0.0009971553,0.0010791228,0.0,0.0010541106,0.001038221,0.0010288224,0.0010392962,0.0011137775,0.0010791031,0.0,0.0,0.001038221,0.001019421,0.0010748713,0.0010970635,0.0010791577,0.0010675979,0.0,0.0010382215,0.0010194213,0.0010748713,0.001086127,0.0,0.0010675975,0.0010541106,0.0010468144,0.0010577426,0.0010636933,0.0010754998,0.0,0.0010675988,0.0,0.001038221,0.001019421,0.0010748713,0.0010861194,0.0,0.0010675977,0.0010541105,0.0010468144,0.0010577426,0.0010636933,0.0010755,0.0010791104,0.0010675975,0.0010541104,0.0010468146,0.0010577426,0.0010636933,0.0010755004,0.0,0.0,0.0,0.001038221,0.001019421,0.0010748713,0.001097063,0.0010790975,0.0010675974,0.0024692407,0.001038221,0.001019421,0.0010748713,0.0010861205,0.0010791105,0.0010675975,0.0010541104,0.0010748713,0.0,0.001038221,0.0010194213,0.0,0.0010675974,0.0010541104,0.0010468144,0.0010577426,0.0010636933,0.0010755012,0.0,0.0010675974,0.0010541104,0.0010468144,0.0010577426,0.0010636933,0.0010755003,0.0,0.0010675978,0.0010541106,0.0010468144,0.0010577426,0.0010636933,0.0010755026,0.0010791027,0.0010675974,0.0010541104,0.0010468144,0.0010577426,0.0010636933,0.0010755005,0.0,0.0,0.0010541104,0.001038221,0.0010288224,0.0010392962,0.0011137777,0.0,0.0010675974,0.0010541104,0.0010468144,0.0010577426,0.0010636933,0.0010754999,0.0010793319,0.0010675988,0.0010541104,0.0010468145,0.0010577426,0.0010636933,0.0010755031
k__Bacteria|p__Proteobacteria|c__Gammaproteobacteria|o__Enterobacterales|f__Enterobacteriaceae|g__Enterobacter|s__Enterobacter_asburiae,0.0,0.0010644529,0.001050948,0.0010436932,0.001054799,0.0010609055,0.0010728664,0.0,0.0010644532,0.001050948,0.0010436932,0.001054799,0.0010609055,0.0010728664,0.0,0.0,0.001050962,0.0010350522,0.0010256896,0.0010363314,0.0011111355,0.0010760138,0.0,0.001050948,0.0010350446,0.0010256886,0.0010363314,0.0011111345,0.0,0.0,0.001050948,0.0010350446,0.0010256886,0.0010363314,0.0011111347,0.0010759739,0.001064453,0.001050948,0.0010436932,0.001054799,0.0010609055,0.0010728664,0.0,0.0010644539,0.001050948,0.0010436932,0.001054799,0.0010609055,0.0010728673,0.0010759737,0.001064453,0.001050948,0.0010436932,0.001054799,0.0010609055,0.0010728665,0.0,0.0010644533,0.0010509489,0.0010436932,0.001054799,0.0010609055,0.0010728671,0.0,0.0010644532,0.001050948,0.0010436932,0.001054799,0.0010609055,0.0010728664,0.0,0.0010644532,0.0,0.0010350446,0.0010162367,0.0010717888,0.0010832334,0.0,0.001064453,0.001050948,0.0010436932,0.001054799,0.0010609055,0.001072867,0.0,0.0,0.0,0.0010350446,0.0010162367,0.0010717888,0.0010942077,0.0010759876,0.0010644532,0.105338484,0.0010350446,0.0010162367,0.0010717888,0.0010832411,0.0010760823,0.0,0.0,0.0010350446,0.0010162367,0.0010717888,0.0010942067,0.0010760084,0.0019151104,0.001050948,0.0,0.001064453,0.001050948,0.0010717887,0.001075979,0.0,0.0,0.0010350446,0.0010162367,0.0010717888,0.0010942048,0.0,0.0010644548,0.0,0.0010350446,0.0010162367,0.0010717888,0.0010832316,0.0,0.0,0.0010509487,0.0010644553,0.0,0.0010350446,0.0010644534,0.0010760045,0.0010644533,0.0,0.0010350444,0.0010162367,0.0010717888,0.0010832312,0.0,0.0,0.0010509482,0.0010350446,0.0010256886,0.0010363314,0.0011111354,0.0,0.0,0.001050948,0.0014390599,0.001064453,0.001050948,0.0010717888,0.0,0.0010644556,0.0,0.0010644533,0.0,0.001064453,0.0010509482,0.0,0.0,0.0010509653,0.0010350473,0.001025689,0.0010363314,0.0011111352,0.0,0.0010644952,0.0010644572,0.0010588957,0.001070246,0.0,0.0009939276,0.0,0.0010644557,0.001050949,0.0,0.0010644533,0.0010509482,0.0010436962,0.0010759806,0.001064453,0.001050948,0.0,0.001064453,0.001050948,0.0010436944,0.010393411,0.0010644532,0.0010509482,0.0010436932,0.001054799,0.0010609055,0.0010728664,0.0010759736,0.001064453,0.001050948,0.0010436932,0.001054799,0.0010609055,0.0010728664,0.001076018,0.0,0.0,0.0010350446,0.0010162367,0.0010717888,0.0010942045,0.0010759846,0.002204191,0.001050948,0.0010350446,0.0010256886,0.0010363314,0.0011111348,0.0,0.0010644533,0.0,0.0010350446,0.0010162367,0.0010717888,0.0010832313,0.0010759946,0.0,0.001050948,0.0010350446,0.0010256886,0.0010363314,0.0011111448,0.099755175,0.001064453,0.001050948,0.0010436932,0.001054799,0.0010609055,0.0010728685,0.0010759748,0.001064453,0.001050948,0.0010436932,0.001054799,0.0010609055,0.0010728664,0.0,0.0010644535,0.0010509482,0.0010436932,0.001054799,0.0010609055,0.0010728664,0.0,0.0,0.001050948,0.0010350446,0.0010256886,0.0010363314,0.001111135,0.0010759764,0.001064453,0.0,0.0,0.0010644533,0.0010644532,0.0010588957,0.001076016,0.0,0.0010509482,0.0,0.0010644533,0.001050948,0.0010717928,0.0010761265,0.0,0.001064453,0.0010509482,0.0010436932,0.0,0.0010644539,0.0,0.001064453,0.0,0.0010350446,0.0010162367,0.0010717888,0.0010832394,0.0010759817,0.0,0.001050948,0.0010350446,0.0010256886,0.0010363321,0.0011112165,0.0010759898,0.0,0.0,0.0010350446,0.0010162367,0.0010717888,0.0010942045,0.0013675519,0.0010644533,0.0010509482,0.0010436932,0.001054799,0.0010609055,0.0010728664,0.001075977,0.0010644532,0.0010509482,0.0,0.0010644529,0.001050948,0.0010436948,0.0010759787,0.0,0.0010509482,0.0010350448,0.0010256886,0.0010363314,0.0011111372,0.0010759785,0.0,0.0010509482,0.0010350446,0.0010256886,0.0010363315,0.0011111378,0.0,0.0010644532,0.0010644532,0.0010588951,0.0010702459,0.008100984,0.0009939661,0.001076029,0.0,0.0010509482,0.0010350446,0.0010256886,0.0010363314,0.0011111347,0.0010759804,0.0,0.0,0.0010350446,0.0010162367,0.0010717888,0.0010942065,0.0010760694,0.0010644544,0.0,0.001035046,0.0010162368,0.0010717888,0.0010832411,0.0,0.001064453,0.0010509482,0.0010436932,0.001054799,0.0010609055,0.0010728664,0.0,0.0010644535,0.0,0.0010350446,0.0010162367,0.0010717888,0.0010832311,0.0,0.001064453,0.0010509482,0.0010436932,0.001054799,0.0010609055,0.0010728665,0.0010759954,0.0010644529,0.001050948,0.0010436932,0.001054799,0.0010609055,0.001072867,0.0,0.0,0.0,0.0010350446,0.0010162367,0.0010717888,0.0010942052,0.0010759732,0.001064453,0.0,0.0010350446,0.0010162367,0.0010717888,0.0010832325,0.0010759876,0.001064453,0.001050948,0.0010717888,0.0,0.0010350446,0.001016237,0.0025371693,0.001064453,0.001050948,0.0010436932,0.001054799,0.0010609055,0.0010728671,0.0,0.001064453,0.001050948,0.0010436932,0.001054799,0.0010609055,0.0010728667,0.0,0.0010644541,0.0010509482,0.0010436932,0.001054799,0.0010609055,0.0010728689,0.0010759892,0.001064453,0.001050948,0.0010436932,0.001054799,0.0010609055,0.0010728672,0.0,0.0,0.001050948,0.0010350446,0.0010256886,0.0010363314,0.0011111352,0.0,0.001064453,0.001050948,0.0010436932,0.001054799,0.0010609055,0.0010728664,0.0010761116,0.0010644547,0.001050948,0.001043693,0.001054799,0.0010609055,0.0010728689
k__Bacteria|p__Proteobacteria|c__Gammaproteobacteria|o__Enterobacterales|f__Enterobacteriaceae|g__Klebsiella|s__Klebsiella_grimontii,0.0,0.0010667604,0.001053211,0.0010458416,0.00105667,0.0010625172,0.0010742642,0.0033430855,0.0010667605,0.001053211,0.0010458416,0.00105667,0.0010625172,0.001074264,0.0,0.0,0.0010532185,0.0010372616,0.0010277836,0.0010381505,0.001112896,0.0010783593,0.0,0.001053211,0.0010372575,0.001027783,0.0010381505,0.0011128949,0.0,0.0,0.001053211,0.0010372575,0.001027783,0.0010381505,0.0011128946,0.0010783203,0.0010667604,0.001053211,0.0010458416,0.00105667,0.0010625172,0.001074264,0.0,0.0010667607,0.0010532112,0.0010458416,0.00105667,0.0010625172,0.0010742651,0.0010783204,0.0010667604,0.001053211,0.0010458416,0.00105667,0.0010625172,0.001074264,0.0,0.0010667605,0.0010532116,0.0010458418,0.00105667,0.0010625172,0.0010742648,0.0014436378,0.0010667605,0.001053211,0.0010458416,0.00105667,0.0010625172,0.001074264,0.0,0.0010667605,0.0,0.0010372575,0.001018392,0.001074027,0.0010851902,0.0,0.0010667604,0.001053211,0.0010458416,0.00105667,0.0010625172,0.0010742656,0.0,0.0,0.0,0.0010372575,0.001018392,0.001074027,0.0010962003,0.001078333,0.0010667605,0.0,0.0010372575,0.001018392,0.001074027,0.0010852007,0.0010784081,0.0,0.0,0.0010372575,0.001018392,0.001074027,0.0010961993,0.0010783472,0.0,0.001053211,0.0,0.0010667604,0.001053211,0.0010740273,0.0010783242,0.0,0.0,0.0010372575,0.001018392,0.001074027,0.0010961967,0.005304615,0.0010667614,0.0,0.0010372575,0.001018392,0.001074027,0.0010851881,0.0,0.0,0.0010532115,0.0010667611,0.0,0.0010372575,0.0010667609,0.0010783407,0.0010667605,0.0,0.0010372574,0.001018392,0.001074027,0.0010851878,0.0,0.0,0.001053211,0.0010372575,0.001027783,0.0010381505,0.001112895,0.0,0.0018041478,0.001053211,0.0056194826,0.0010667604,0.001053211,0.0010740274,0.0,0.0010667633,0.0,0.0010667606,0.0,0.0010667604,0.0010532114,0.0,0.0092810225,0.001053218,0.0010372587,0.001027783,0.0010381505,0.001112896,0.0,0.0010667791,0.0010667625,0.0010610917,0.0010721622,0.0,0.0009960238,0.0,0.0010667623,0.0010532117,0.0,0.0010667605,0.0010532112,0.0010458451,0.0010783263,0.0010667604,0.001053211,0.0,0.0010667604,0.001053211,0.0010458435,0.024448652,0.0010667606,0.001053211,0.0010458416,0.00105667,0.0010625172,0.001074264,0.0010783202,0.0010667604,0.001053211,0.0010458416,0.00105667,0.0010625172,0.001074264,0.001078352,0.0,0.0,0.0010372575,0.001018392,0.001074027,0.0010961965,0.0010783249,0.0,0.001053211,0.0010372575,0.001027783,0.0010381505,0.0011128951,0.0,0.0010667606,0.0,0.0010372575,0.001018392,0.001074027,0.0010851873,0.0010783422,0.0,0.001053211,0.0010372575,0.001027783,0.0010381505,0.0011129072,0.0,0.0010667604,0.001053211,0.0010458416,0.00105667,0.0010625172,0.0010742673,0.0010783209,0.0010667604,0.001053211,0.0010458416,0.00105667,0.0010625172,0.001074264,0.0,0.0010667607,0.0010532112,0.0010458416,0.00105667,0.0010625172,0.0010742642,0.0020785837,0.0,0.001053211,0.0010372575,0.001027783,0.0010381505,0.0011128949,0.0010783231,0.0010667604,0.010460664,0.0,0.0010667606,0.0010667605,0.0010610922,0.0010783622,0.0,0.0010532113,0.018366417,0.0010667606,0.001053211,0.0010740318,0.0010784557,0.0,0.0010667606,0.0010532112,0.0010458416,0.0,0.0010667614,0.0,0.0010667604,0.0,0.0010372575,0.001018392,0.0010740272,0.0010851992,0.0010783258,0.0,0.001053211,0.0010372575,0.001027783,0.0010381512,0.0011129939,0.0010783351,0.0,0.0,0.0010372575,0.001018392,0.001074027,0.0010961964,0.0,0.0010667606,0.001053211,0.0010458416,0.00105667,0.0010625172,0.001074264,0.0010783455,0.0010667605,0.0010532112,0.0,0.0010667604,0.001053211,0.0010458429,0.0010783236,0.0,0.0010532112,0.0010372576,0.001027783,0.0010381505,0.0011128989,0.0010783247,0.0,0.001053211,0.0010372575,0.001027783,0.0010381505,0.0011128983,0.0,0.0010667605,0.0010667605,0.0010610915,0.0010721621,0.0,0.0009960746,0.0010783605,0.0,0.0010532112,0.0010372575,0.001027783,0.0010381505,0.0011128946,0.0010783272,0.0,0.0,0.0010372575,0.001018392,0.001074027,0.0010961997,0.001078396,0.0010667611,0.0,0.0010372583,0.0010183922,0.0010740274,0.0010851999,0.0,0.0010667605,0.0010532112,0.0010458416,0.00105667,0.0010625172,0.001074264,0.0,0.0010667611,0.0,0.0010372575,0.001018392,0.001074027,0.0010851873,0.0,0.0010667605,0.001053211,0.0010458416,0.00105667,0.0010625172,0.0010742643,0.0010783393,0.0010667605,0.0010532114,0.001045842,0.00105667,0.0010625172,0.0010742646,0.0,0.0,0.0,0.0010372575,0.001018392,0.001074027,0.0010961973,0.00107832,0.0010667604,0.0,0.0010372575,0.001018392,0.001074027,0.001085189,0.0010783346,0.0010667605,0.001053211,0.001074027,0.0,0.0010372575,0.0010183922,0.00490449,0.0010667604,0.001053211,0.0010458416,0.00105667,0.0010625172,0.0010742659,0.0,0.0010667604,0.001053211,0.0010458416,0.00105667,0.0010625172,0.0010742644,0.0,0.0010667609,0.0010532112,0.0010458416,0.00105667,0.0010625172,0.0010742686,0.0010783292,0.0010667604,0.001053211,0.0010458416,0.00105667,0.0010625172,0.001074265,0.0,0.0,0.001053211,0.0010372575,0.001027783,0.0010381505,0.0011128956,0.0,0.0010667604,0.001053211,0.0010458416,0.00105667,0.0010625172,0.001074264,0.001078548,0.0010667618,0.0010532112,0.0010458417,0.00105667,0.0010625172,0.0010742696
k__Bacteria|p__Proteobacteria|c__Gammaproteobacteria|o__Enterobacterales|f__Enterobacteriaceae|g__Klebsiella|s__Klebsiella_variicola,0.0,0.0010686337,0.0010551905,0.0010479363,0.0010589033,0.0010648979,0.0010767204,0.2724709,0.0010686335,0.0010551905,0.0010479363,0.0010589033,0.0010648979,0.0010767204,0.0,0.0,0.0010552068,0.0010393572,0.0010299911,0.001040508,0.0011147667,0.0010801005,0.0,0.0010551905,0.001039345,0.0010299903,0.001040508,0.0011147662,0.0,0.0,0.0010551905,0.001039345,0.0010299903,0.001040508,0.0011147662,0.0010800909,0.0010686335,0.0010551905,0.0010479363,0.0010589033,0.0010648979,0.0010767204,0.0,0.0010686336,0.0010551905,0.0010479363,0.0010589033,0.0010648979,0.0010767211,0.001080091,0.0010686335,0.0010551905,0.0010479363,0.0010589033,0.0010648979,0.0010767203,0.0,0.0010686339,0.0010551909,0.0010479365,0.0010589033,0.0010648979,0.0010767208,0.0,0.0010686335,0.0010551905,0.0010479363,0.0010589033,0.0010648979,0.0010767205,0.0,0.0010686335,0.0,0.001039345,0.0010205894,0.0010759024,0.0010871805,0.0,0.0010686335,0.0010551905,0.0010479363,0.0010589033,0.0010648979,0.0010767207,0.0,0.0,0.0,0.001039345,0.0010205894,0.0010759024,0.0010980737,0.0010800924,0.0010686335,0.0,0.001039345,0.0010205894,0.0010759024,0.0010871844,0.001080103,0.0,0.0,0.0010393454,0.0010205894,0.0010759024,0.0010980737,0.0010800957,0.0,0.0010551905,0.0,0.0010686335,0.0010551905,0.0010759023,0.0010800917,0.0,0.0,0.001039345,0.0010205894,0.0010759024,0.0010980727,0.0,0.0010686349,0.0,0.001039345,0.0010205894,0.0010759024,0.001087179,0.0,0.0,0.0010551914,0.0010686343,0.0,0.001039345,0.0010686339,0.0010801047,0.0010686339,0.0,0.0010393449,0.0010205894,0.0010759024,0.0010871788,0.0,0.0,0.0010551905,0.001039345,0.0010299903,0.001040508,0.0011147663,0.0,0.0,0.0010551905,0.0,0.0010686335,0.0010551905,0.0010759024,0.0,0.0010686384,0.0,0.0010686336,0.0,0.0010686335,0.0010551905,0.0,0.0,0.0010552099,0.001039348,0.0010299904,0.001040508,0.0011147665,0.0,0.001068673,0.0010686382,0.0010630751,0.0010742727,0.0025729632,0.0009983232,0.0,0.0010686356,0.0010551913,0.0,0.0010686339,0.0010551905,0.001047939,0.0010800945,0.0010686335,0.0010551905,0.0015060075,0.0010686335,0.0010551905,0.0010479372,0.08519402,0.0010686335,0.0010551905,0.0010479363,0.0010589033,0.0010648979,0.0010767204,0.001080091,0.0010686335,0.0010551905,0.0010479363,0.0010589033,0.0010648979,0.0010767205,0.0010800955,0.00298091,0.006176947,0.001039345,0.0010205894,0.0010759024,0.0010980726,0.0010800911,0.0,0.0010551905,0.001039345,0.0010299903,0.001040508,0.0011147666,0.0,0.0010686336,0.0,0.001039345,0.0010205894,0.0010759024,0.0010871785,0.0010800986,0.0,0.0010551905,0.001039345,0.0010299903,0.001040508,0.0011147729,0.0,0.0010686335,0.0010551905,0.0010479363,0.0010589033,0.0010648979,0.0010767211,0.001080091,0.0010686335,0.0010551905,0.0010479363,0.0010589033,0.0010648979,0.0010767204,0.0,0.001068634,0.0010551905,0.0010479363,0.0010589033,0.0010648979,0.0010767204,0.0,0.0,0.0010551905,0.001039345,0.0010299903,0.001040508,0.0011147663,0.0010800911,0.0010686335,0.0,0.0,0.0010686336,0.0010686335,0.0010630751,0.0010801028,0.0,0.0010551907,0.0,0.0010686336,0.0010551905,0.0010759059,0.001080116,0.0,0.0010686337,0.0010551905,0.0010479363,0.0,0.0010686341,0.0,0.0010686334,0.0,0.001039345,0.0010205894,0.0010759024,0.0010871859,0.0010800933,0.0,0.0010551905,0.001039345,0.0010299904,0.0010405083,0.001114813,0.0010801018,0.0031877563,0.0,0.001039345,0.0010205894,0.0010759024,0.0010980727,0.0,0.0010686336,0.0010551905,0.0010479363,0.0010589033,0.0010648979,0.0010767204,0.0010800816,0.0010686336,0.0010551905,0.0,0.0010686334,0.0010551905,0.0010479373,0.0010800909,0.0272666,0.0010551905,0.0010393454,0.0010299903,0.001040508,0.0011147677,0.0010800923,0.0,0.0010551905,0.001039345,0.0010299904,0.0010405082,0.0011147676,0.0,0.0010686337,0.0010686339,0.0010630748,0.0010742729,0.0017056745,0.0009983657,0.001080093,0.0,0.0010551905,0.001039345,0.0010299903,0.001040508,0.0011147662,0.0010800926,0.0016970128,0.0,0.001039345,0.0010205898,0.0010759024,0.0010980738,0.0010801024,0.0010686341,0.0,0.001039346,0.00102059,0.0010759025,0.0010871844,0.0,0.0010686335,0.0010551905,0.0010479363,0.0010589033,0.0010648979,0.0010767204,0.0,0.001068635,0.0,0.0010393453,0.0010205894,0.0010759024,0.0010871785,0.0,0.0010686337,0.0010551905,0.0010479363,0.0010589033,0.0010648979,0.0010767204,0.0010800948,0.0010686336,0.0010551903,0.0010479365,0.0010589033,0.0010648979,0.0010767205,0.0,0.0,0.0,0.001039345,0.0010205894,0.0010759024,0.0010980732,0.0010800906,0.0010686335,0.0,0.001039345,0.0010205894,0.0010759024,0.0010871792,0.0010800964,0.0010686335,0.0010551905,0.0010759024,0.00075601164,0.001039345,0.00102059,0.0,0.0010686335,0.0010551905,0.0010479363,0.0010589033,0.0010648979,0.0010767211,0.0,0.0010686335,0.0010551905,0.0010479363,0.0010589033,0.0010648979,0.0010767204,0.0,0.001068634,0.0010551905,0.0010479363,0.0010589033,0.0010648979,0.0010767223,0.0010800918,0.0010686335,0.0010551905,0.0010479363,0.0010589033,0.0010648979,0.0010767208,0.0,0.0,0.0010551905,0.001039345,0.0010299903,0.001040508,0.0011147662,0.0,0.0010686335,0.0010551905,0.0010479363,0.0010589033,0.0010648979,0.0010767205,0.0010801916,0.0010686353,0.0010551903,0.0010479364,0.0010589033,0.0010648979,0.0010767229
k__Bacteria|p__Proteobacteria|c__Gammaproteobacteria|o__Enterobacterales|f__Enterobacteriaceae|g__Klebsiella|s__Klebsiella_michiganensis,0.0,0.0010790654,0.0010658732,0.0010587617,0.0010696233,0.0010755768,0.0010872184,0.0,0.0010790655,0.0010658732,0.0010587617,0.0010696233,0.0010755768,0.0010872183,0.0,0.0,0.0010658877,0.0010502855,0.0010410702,0.0010515227,0.0011241148,0.001090296,0.0,0.0010658732,0.0010502763,0.0010410696,0.0010515227,0.0011241141,0.0,0.0,0.0010658732,0.0010502763,0.0010410696,0.0010515227,0.0011241143,0.0010902737,0.0010790654,0.0010658732,0.0010587617,0.0010696233,0.0010755768,0.0010872183,0.002884855,0.001079066,0.0010658733,0.0010587617,0.0010696233,0.0010755768,0.0010872193,0.0010902738,0.0010790654,0.0010658732,0.0010587617,0.0010696233,0.0010755768,0.0010872184,0.0,0.0010790656,0.001065874,0.001058762,0.0010696233,0.0010755768,0.0010872186,0.0,0.0010790655,0.0010658732,0.0010587617,0.0010696233,0.0010755768,0.0010872183,0.0,0.0010790655,0.0,0.0010502763,0.001031759,0.001086204,0.0010972964,0.0,0.0010790654,0.0010658732,0.0010587617,0.0010696233,0.0010755768,0.0010872185,0.0,0.0,0.0,0.0010502763,0.001031759,0.001086204,0.0011078934,0.0010902793,0.0010790655,0.0023166137,0.0010502763,0.001031759,0.001086204,0.0010973013,0.001090319,0.0,0.0,0.0010502764,0.001031759,0.001086204,0.0011078934,0.0010902903,0.0,0.0010658732,0.0,0.0010790654,0.0010658732,0.0010862041,0.0010902754,0.0,0.0,0.0010502763,0.001031759,0.001086204,0.0011078926,0.0,0.0010790663,0.0,0.0010502763,0.001031759,0.001086204,0.0010972951,0.0,0.0,0.0010658746,0.0010790663,0.0,0.0010502763,0.0010790657,0.001090288,0.0010790656,0.0,0.0010502763,0.001031759,0.001086204,0.0010972947,0.0,0.0,0.0010658734,0.0010502763,0.0010410696,0.0010515227,0.0011241146,0.0,0.0,0.0010658732,0.0,0.0010790654,0.0010658732,0.001086204,0.15407923,0.0010790682,0.0030341633,0.0010790656,0.061216854,0.0010790654,0.0010658732,0.0,0.0,0.0010658855,0.0010502782,0.0010410695,0.0010515227,0.0011241144,0.048594777,0.0010790993,0.0010790692,0.0010736393,0.0010846906,0.0,0.0010097106,0.0,0.0010790672,0.0010658742,0.0025092482,0.0010790656,0.0010658732,0.0010587651,0.0010902777,0.0010790654,0.0010658732,0.0,0.0010790654,0.0010658732,0.0010587628,0.0021729928,0.0010790656,0.0010658732,0.0010587617,0.0010696233,0.0010755768,0.0010872183,0.0010902738,0.0010790654,0.0010658732,0.0010587617,0.0010696233,0.0010755768,0.0010872183,0.0010902918,0.0028280423,0.0024129245,0.0010502763,0.001031759,0.001086204,0.0011078925,0.0010902765,0.0015792227,0.0010658732,0.0010502763,0.0010410696,0.0010515227,0.0011241144,0.0,0.0010790656,0.0,0.0010502763,0.001031759,0.001086204,0.0010972945,0.001090286,0.0,0.0010658732,0.0010502763,0.0010410696,0.0010515227,0.001124121,0.0,0.0010790654,0.0010658732,0.0010587617,0.0010696233,0.0010755768,0.0010872197,0.0010902741,0.0010790654,0.0010658732,0.0010587617,0.0010696233,0.0010755768,0.0010872183,0.0,0.0010790657,0.0010658732,0.0010587617,0.0010696233,0.0010755768,0.0010872184,0.0,0.0,0.0010658732,0.0010502763,0.0010410696,0.0010515227,0.0011241141,0.0010902744,0.0010790654,0.007978936,0.0,0.0010790656,0.0010790655,0.001073639,0.0010902943,0.0015084135,0.0010658737,0.001670051,0.0010790656,0.0010658732,0.0010862089,0.0010903525,0.0,0.0010790656,0.0010658732,0.0010587617,0.0,0.001079066,0.0,0.0010790654,0.0018103847,0.0010502763,0.001031759,0.001086204,0.0010973029,0.0010902776,0.0,0.0010658732,0.0010502763,0.0010410695,0.0010515233,0.001124163,0.0010902849,0.005096462,0.0,0.0010502763,0.001031759,0.001086204,0.0011078925,0.0,0.0010790656,0.0010658732,0.0010587617,0.0010696233,0.0010755768,0.0010872183,0.0010902728,0.0010790655,0.0010658732,0.0,0.0010790654,0.0010658732,0.0010587629,0.0010902745,0.0,0.0010658732,0.0010502763,0.0010410696,0.0010515227,0.001124116,0.0010902756,0.0,0.0010658732,0.0010502762,0.0010410695,0.0010515229,0.0011241161,0.0,0.0010790655,0.0010790656,0.0010736388,0.0010846904,0.007562835,0.0010097477,0.0010902922,0.0,0.0010658732,0.0010502763,0.0010410696,0.0010515227,0.0011241143,0.0010902762,0.0,0.0,0.0010502763,0.001031759,0.001086204,0.0011078933,0.0010903162,0.001079066,0.0,0.0010502771,0.001031759,0.0010862041,0.001097301,0.0,0.0010790655,0.0010658732,0.0010587617,0.0010696233,0.0010755768,0.0010872183,0.0,0.0010790665,0.0,0.0010502763,0.001031759,0.001086204,0.0010972945,0.0,0.0010790656,0.0010658734,0.0010587617,0.0010696233,0.0010755768,0.0010872184,0.0010902833,0.0010790655,0.0010658733,0.001058762,0.0010696233,0.0010755768,0.0010872188,0.0,0.0,0.0,0.0010502763,0.001031759,0.001086204,0.0011078927,0.0010902736,0.0010790654,0.0,0.0010502763,0.001031759,0.001086204,0.0010972955,0.0010902805,0.0010790655,0.0010658732,0.001086204,0.00068041624,0.0010502763,0.0010317591,0.0,0.0010790654,0.0010658732,0.0010587617,0.0010696233,0.0010755768,0.0010872195,0.0017815671,0.0010790654,0.0010658732,0.0010587617,0.0010696233,0.0010755768,0.0010872185,0.0,0.0010790658,0.0010658732,0.0010587617,0.0010696233,0.0010755768,0.0010872202,0.0010902787,0.0010790654,0.0010658732,0.0010587617,0.0010696233,0.0010755768,0.0010872186,0.0021387308,0.0012843416,0.0010658732,0.0010502763,0.0010410696,0.0010515227,0.0011241146,0.004004031,0.0010790654,0.0010658732,0.0010587617,0.0010696233,0.0010755768,0.0010872183,0.0010904231,0.0010790668,0.0010658733,0.0010587618,0.0010696233,0.0010755768,0.0010872206
k__Bacteria|p__Proteobacteria|c__Gammaproteobacteria|o__Enterobacterales|f__Enterobacteriaceae|g__Escherichia|s__Escherichia_marmotae,0.0,0.0010724192,0.0010591291,0.0010520184,0.0010631075,0.0010692449,0.0010811116,0.0,0.0010724195,0.0010591291,0.0010520184,0.0010631075,0.0010692449,0.0010811118,0.0,0.0,0.0010591362,0.0010434426,0.0010342334,0.0010448915,0.0011183546,0.0010837631,0.0,0.0010591291,0.0010434393,0.0010342328,0.0010448915,0.001118355,0.0,0.0,0.0010591291,0.0010434393,0.0010342328,0.0010448915,0.001118355,0.001083728,0.0010724193,0.0010591291,0.0010520184,0.0010631075,0.0010692449,0.0010811118,0.0,0.0010724197,0.0010591291,0.0010520184,0.0010631075,0.0010692449,0.0010811127,0.0010837279,0.0010724193,0.0010591291,0.0010520184,0.0010631075,0.0010692449,0.001081112,0.0,0.0010724196,0.0010591297,0.0010520184,0.0010631075,0.0010692449,0.001081112,0.0,0.0010724195,0.0010591291,0.0010520184,0.0010631075,0.0010692449,0.0010811118,0.0,0.0010724195,0.0,0.0010434393,0.0010248385,0.0010796667,0.001091028,0.0013276915,0.0010724193,0.0010591291,0.0010520184,0.0010631075,0.0010692449,0.0010811114,0.0,0.0,0.0,0.0010434393,0.0010248385,0.0010796667,0.0011017509,0.0010837389,0.0010724195,0.0,0.0010434393,0.0010248385,0.0010796667,0.0010910283,0.001083805,0.002688951,0.0,0.0010434395,0.0010248385,0.0010796667,0.0011017512,0.0010837577,0.0,0.0010591291,0.0,0.0010724193,0.0010591291,0.0010796667,0.0010837311,0.0018278095,0.0014566653,0.0010434393,0.0010248385,0.0010796667,0.0011017513,0.0,0.0010724198,0.0,0.0010434393,0.0010248385,0.0010796667,0.0010910276,0.0,0.0,0.0010591291,0.0010724203,0.0015916139,0.0010434393,0.0010724197,0.0010837438,0.0010724196,0.0014448193,0.0010434393,0.0010248385,0.0010796667,0.0010910275,0.0,0.0,0.0010591291,0.0010434393,0.0010342328,0.0010448915,0.0011183551,0.0,0.0,0.0010591291,0.0,0.0010724193,0.0010591291,0.0010796665,0.0,0.0010724188,0.0,0.0010724195,0.0,0.0010724193,0.0010591291,0.0,0.0,0.0010591336,0.0010434402,0.0010342329,0.0010448915,0.0011183542,0.0,0.001072443,0.0010724212,0.0010669965,0.0010782978,0.0018581296,0.0010027114,0.0049986048,0.0010724199,0.0010591293,0.002872327,0.0010724196,0.0010591291,0.0010520197,0.0010837334,0.0010724193,0.0010591291,0.0014105146,0.0010724193,0.0010591291,0.0010520187,0.0,0.0010724195,0.0010591291,0.0010520184,0.0010631075,0.0010692449,0.0010811118,0.0010837283,0.0010724193,0.0010591291,0.0010520184,0.0010631075,0.0010692449,0.0010811118,0.0010837571,0.0021652656,0.001770195,0.0010434393,0.0010248385,0.0010796667,0.0011017513,0.0010837344,0.0,0.0010591291,0.0010434393,0.0010342328,0.0010448915,0.0011183547,0.0,0.0010724195,0.0,0.0010434393,0.0010248385,0.0010796667,0.0010910279,0.0010837433,0.0,0.0010591291,0.0010434393,0.0010342328,0.0010448915,0.0011183564,0.0017398822,0.0010724193,0.0010591291,0.0010520184,0.0010631075,0.0010692449,0.001081112,0.001083729,0.0010724193,0.0010591291,0.0010520184,0.0010631075,0.0010692449,0.0010811118,0.0,0.0010724193,0.0010591291,0.0010520184,0.0010631075,0.0010692449,0.0010811116,0.0,0.0,0.0010591291,0.0010434393,0.0010342328,0.0010448915,0.0011183551,0.0010837306,0.0010724193,0.0,0.0018025425,0.0010724195,0.0010724195,0.0010669963,0.0010837626,0.0,0.0010591294,0.0,0.0010724195,0.0010591291,0.0010796691,0.0010838517,0.0,0.0010724195,0.0010591291,0.0010520184,0.0,0.0010724195,0.0,0.0010724192,0.0,0.0010434393,0.0010248385,0.0010796665,0.0010910308,0.0010837332,0.0,0.0010591291,0.0010434393,0.0010342329,0.0010448922,0.0011183601,0.0010837357,0.0,0.0,0.0010434393,0.0010248385,0.0010796667,0.0011017517,0.0,0.0010724195,0.0010591291,0.0010520184,0.0010631075,0.0010692449,0.0010811118,0.00108376,0.0010724195,0.0010591291,0.0,0.0010724192,0.0010591291,0.0010520192,0.0010837307,0.0023126656,0.0010591291,0.0010434394,0.0010342328,0.0010448915,0.0011183542,0.0010837308,0.0,0.0010591291,0.0010434393,0.0010342329,0.0010448917,0.0011183551,0.0,0.0010724195,0.0010724196,0.0010669964,0.0010782975,0.0,0.001002722,0.0010837677,0.0,0.0010591291,0.0010434393,0.0010342328,0.0010448915,0.001118355,0.001083732,0.0,0.0,0.0010434393,0.0010248385,0.0010796667,0.0011017508,0.0010838005,0.0010724199,0.0024502694,0.0010434401,0.0010248385,0.0010796667,0.001091029,0.0,0.0010724193,0.0010591291,0.0010520184,0.0010631075,0.0010692449,0.0010811118,0.0,0.0010724195,0.0,0.0010434393,0.0010248385,0.0010796667,0.0010910279,0.0,0.0010724195,0.0010591291,0.0010520184,0.0010631075,0.0010692449,0.0010811116,0.001083741,0.0010724193,0.0010591291,0.0010520185,0.0010631075,0.0010692449,0.0010811118,0.0,0.0,0.0,0.0010434393,0.0010248385,0.0010796667,0.0011017517,0.0010837277,0.0010724193,0.0010621279,0.0010434393,0.0010248385,0.0010796667,0.0010910279,0.0010837355,0.0010724193,0.0010591291,0.0010796667,0.00073338114,0.0010434393,0.0010248387,0.0,0.0010724193,0.0010591291,0.0010520184,0.0010631075,0.0010692449,0.0010811118,0.0,0.0010724193,0.0010591291,0.0010520184,0.0010631075,0.0010692449,0.0010811117,0.0,0.0010724198,0.0010591291,0.0010520184,0.0010631075,0.0010692449,0.0010811115,0.0010837383,0.0010724193,0.0010591291,0.0010520184,0.0010631075,0.0010692449,0.001081112,0.0014459587,0.001529792,0.0010591291,0.0010434393,0.0010342328,0.0010448919,0.0011183548,0.0022323134,0.0010724193,0.0010591291,0.0010520184,0.0010631075,0.0010692449,0.0010811118,0.0010838725,0.0010724197,0.0010591291,0.0010520184,0.0010631075,0.0010692449,0.0010811111
k__Bacteria|p__Proteobacteria|c__Gammaproteobacteria|o__Enterobacterales|f__Enterobacteriaceae|g__Klebsiella|s__Klebsiella_oxytoca,0.0,0.0010707331,0.0010574185,0.0010503081,0.0010614555,0.00106764,0.0010795648,0.0047079884,0.0010707332,0.0010574185,0.0010503081,0.0010614555,0.00106764,0.0010795644,0.0,0.0,0.0010574185,0.0010417063,0.0010324998,0.0010432111,0.0011168938,0.0010820728,0.0,0.0010574185,0.0010417055,0.0010324997,0.0010432111,0.0011168935,0.0,0.0,0.0010574185,0.0010417055,0.0010324997,0.0010432111,0.0011168935,0.0010820662,0.0010707332,0.0010574185,0.0010503081,0.0010614555,0.00106764,0.0010795643,0.0,0.0010707332,0.0010574185,0.0010503081,0.0010614555,0.00106764,0.0010795646,0.0010820663,0.0010707332,0.0010574185,0.0010503081,0.0010614555,0.00106764,0.0010795643,0.0,0.0010707331,0.0010574186,0.0010503082,0.0010614555,0.00106764,0.0010795649,0.0018556888,0.0010707332,0.0010574185,0.0010503081,0.0010614555,0.00106764,0.0010795643,0.0,0.0010707332,0.0,0.0010417055,0.0010230836,0.0010780079,0.0010894387,0.0,0.0010707332,0.0010574185,0.0010503081,0.0010614555,0.00106764,0.0010795653,0.0,0.0,0.0,0.0010417055,0.0010230836,0.0010780079,0.0011001948,0.0010820682,0.0010707332,0.0016134687,0.0010417055,0.0010230836,0.0010780079,0.0010894402,0.0010820738,0.0,0.0,0.0010417057,0.0010230836,0.0010780079,0.0011001944,0.0010820669,0.006376982,0.0010574185,0.0,0.0010707332,0.0010574185,0.0010780077,0.0010820664,0.0,0.0017460133,0.0010417055,0.0010230836,0.0010780079,0.0011001935,0.0,0.0010707331,0.0,0.0010417055,0.0010230836,0.0010780079,0.0010894382,0.0,0.0,0.0010574189,0.0010707332,0.0,0.0010417055,0.0010707333,0.0010820698,0.0010707331,0.002486422,0.0010417054,0.0010230836,0.0010780079,0.0010894381,0.008147503,0.0,0.0010574186,0.0010417055,0.0010324997,0.0010432111,0.0011168933,0.0,0.0,0.0010574185,0.0,0.0010707332,0.0010574185,0.0010780079,0.0,0.0010707334,0.0,0.0010707333,0.0,0.0010707332,0.0010574186,0.0,0.0,0.0010574207,0.0010417053,0.0010324997,0.0010432111,0.0011168937,0.0,0.0010707228,0.0010707318,0.0010653113,0.0010766763,0.0023834428,0.0010009443,0.0,0.0010707333,0.0010574184,0.0,0.0010707331,0.0010574184,0.0010503087,0.0010820674,0.0010707332,0.0010574185,0.0,0.0010707332,0.0010574185,0.0010503088,0.0015847145,0.0010707331,0.0010574186,0.0010503081,0.0010614555,0.00106764,0.0010795644,0.0010820666,0.0010707332,0.0010574185,0.0010503081,0.0010614555,0.00106764,0.0010795643,0.001082073,0.0,0.0,0.0010417055,0.0010230836,0.0010780079,0.0011001931,0.001082065,0.0,0.0010574185,0.0010417055,0.0010324997,0.0010432111,0.0011168935,0.0,0.0010707333,0.0,0.0010417055,0.0010230836,0.0010780079,0.0010894377,0.0010820673,0.0,0.0010574185,0.0010417055,0.0010324997,0.0010432111,0.0011168931,0.0,0.0010707332,0.0010574185,0.0010503081,0.0010614555,0.00106764,0.0010795657,0.0010820666,0.0010707332,0.0010574185,0.0010503081,0.0010614555,0.00106764,0.0010795643,0.0,0.0010707332,0.0010574184,0.0010503081,0.0010614555,0.00106764,0.0010795644,0.0,0.0,0.0010574185,0.0010417055,0.0010324997,0.0010432111,0.0011168937,0.001082067,0.0010707332,0.051175047,0.34535253,0.0010707333,0.0010707332,0.0010653121,0.0010820751,0.0,0.0010574183,0.0,0.0010707333,0.0010574185,0.0010780077,0.0010820763,0.0,0.0010707331,0.0010574184,0.0010503081,0.0,0.0010707334,0.0,0.0010707331,0.0,0.0010417055,0.0010230836,0.0010780077,0.0010894386,0.001082068,0.0,0.0010574185,0.0010417055,0.0010324997,0.0010432112,0.0011168964,0.0010820706,0.0,0.0,0.0010417055,0.0010230836,0.0010780079,0.0011001932,0.0,0.001070733,0.0010574186,0.0010503081,0.0010614555,0.00106764,0.0010795644,0.0010820793,0.0010707333,0.0010574184,0.0,0.0010707328,0.0010574185,0.0010503082,0.0010820666,0.00483026,0.0010574184,0.0010417056,0.0010324997,0.0010432111,0.001116895,0.001082067,0.0021486764,0.0010574186,0.0010417055,0.0010324997,0.0010432112,0.0011168941,0.0071620364,0.001070733,0.0010707331,0.0010653114,0.0010766762,0.0,0.001000973,0.0010820704,0.0,0.0010574184,0.0010417055,0.0010324997,0.0010432111,0.0011168935,0.0010820677,0.0,0.001903837,0.0010417055,0.0010230836,0.0010780079,0.0011001946,0.0010820777,0.0010707327,0.0,0.0010417057,0.0010230836,0.0010780079,0.0010894412,0.0,0.0010707332,0.0010574184,0.0010503081,0.0010614555,0.00106764,0.0010795643,0.0,0.0010707331,0.0,0.0010417055,0.0010230836,0.0010780079,0.0010894377,0.0,0.001070733,0.0010574186,0.0010503081,0.0010614555,0.00106764,0.0010795644,0.0010820684,0.001070733,0.0010574182,0.001050308,0.0010614555,0.00106764,0.0010795648,0.0,0.0,0.0,0.0010417055,0.0010230836,0.0010780079,0.0011001938,0.0010820662,0.0010707332,0.0038653896,0.0010417055,0.0010230836,0.0010780079,0.0010894381,0.0010820705,0.0010707332,0.0010574185,0.0010780079,0.0,0.0010417055,0.0010230838,0.0,0.0010707332,0.0010574185,0.0010503081,0.0010614555,0.00106764,0.0010795651,0.0,0.0010707332,0.0010574185,0.0010503081,0.0010614555,0.00106764,0.0010795648,0.0,0.0010707328,0.0010574184,0.0010503081,0.0010614555,0.00106764,0.001079566,0.0010820649,0.0010707332,0.0010574185,0.0010503081,0.0010614555,0.00106764,0.0010795647,0.0,0.0,0.0010574185,0.0010417055,0.0010324997,0.0010432111,0.0011168936,0.0,0.0010707332,0.0010574185,0.0010503081,0.0010614555,0.00106764,0.0010795643,0.0010821079,0.0010707332,0.0010574185,0.0010503081,0.0010614555,0.00106764,0.0010795664
k__Bacteria|p__Proteobacteria|c__Gammaproteobacteria|o__Enterobacterales|f__Enterobacteriaceae|g__Enterobacter|s__Enterobacter_hormaechei,0.0,0.0010752109,0.001062014,0.0010549796,0.001066108,0.0010723001,0.0010841647,0.002127328,0.001075211,0.001062014,0.0010549796,0.001066108,0.0010723001,0.0010841646,0.0,0.0,0.0010620235,0.0010464259,0.0010372914,0.0010480018,0.001120938,0.0010864319,0.0,0.001062014,0.0010464181,0.0010372914,0.0010480018,0.001120938,0.0,0.0,0.001062014,0.0010464181,0.0010372914,0.0010480018,0.0011209379,0.001086428,0.0010752109,0.001062014,0.0010549796,0.001066108,0.0010723001,0.0010841648,0.0,0.0010752112,0.001062014,0.0010549796,0.001066108,0.0010723001,0.0010841654,0.0010864281,0.0010752109,0.001062014,0.0010549796,0.001066108,0.0010723001,0.0010841647,0.0,0.0010752111,0.0010620144,0.0010549799,0.001066108,0.0010723001,0.0010841653,0.0020233938,0.001075211,0.001062014,0.0010549796,0.001066108,0.0010723001,0.0010841647,0.0,0.001075211,0.0020747022,0.0010464181,0.0010279095,0.001082434,0.0010938101,0.0,0.0010752109,0.001062014,0.0010549796,0.001066108,0.0010723001,0.0010841652,0.19693132,0.19381055,0.007065428,0.0010464181,0.0010279095,0.001082434,0.001104428,0.0010864281,0.001075211,0.0018243644,0.0010464181,0.0010279095,0.001082434,0.0010938103,0.001086414,0.0,0.0,0.0010464182,0.0010279095,0.001082434,0.0011044277,0.0010864276,0.24894455,0.001062014,0.00415041,0.0010752109,0.001062014,0.001082434,0.0010864275,0.0,0.0,0.0010464181,0.0010279095,0.001082434,0.001104427,0.0,0.0010752112,0.0,0.0010464181,0.0010279095,0.001082434,0.001093809,0.0,0.0,0.0010620151,0.0010752111,0.0,0.0010464181,0.0010752111,0.0010864313,0.0010752111,0.0,0.0010464181,0.0010279095,0.001082434,0.0010938089,0.0,0.0,0.001062014,0.0010464181,0.0010372914,0.0010480018,0.001120938,0.0,0.0059649423,0.001062014,0.001843437,0.0010752109,0.001062014,0.001082434,0.0,0.001075213,0.0,0.0010752111,0.0,0.0010752109,0.0010620141,0.0,0.0,0.0010620223,0.0010464191,0.0010372914,0.0010480018,0.0011209381,0.0,0.0010752266,0.0010752124,0.0010698602,0.0010811877,0.0,0.0010058759,0.0,0.0010752117,0.0010620144,0.0,0.0010752111,0.001062014,0.0010549813,0.0010864302,0.0010752109,0.001062014,0.0,0.0010752109,0.001062014,0.0010549801,0.0,0.0010752111,0.0010620141,0.0010549796,0.001066108,0.0010723001,0.001084165,0.0010864284,0.0010752109,0.001062014,0.0010549796,0.001066108,0.0010723001,0.0010841647,0.001086427,0.0,0.0,0.0010464181,0.0010279095,0.001082434,0.001104427,0.0010864255,0.0038326844,0.001062014,0.0010464181,0.0010372914,0.0010480018,0.0011209379,0.0,0.0010752111,0.0,0.0010464181,0.0010279095,0.001082434,0.0010938089,0.0010864288,0.0,0.001062014,0.0010464181,0.0010372914,0.0010480018,0.0011209393,0.0,0.0010752109,0.001062014,0.0010549796,0.001066108,0.0010723001,0.0010841655,0.0010864281,0.0010752109,0.001062014,0.0010549796,0.001066108,0.0010723001,0.0010841648,0.0,0.0010752113,0.001062014,0.0010549796,0.001066108,0.0010723001,0.0010841647,0.015817018,0.36242363,0.001062014,0.0010464181,0.0010372914,0.0010480018,0.0011209381,0.0010864282,0.0010752109,0.0,0.0,0.0010752111,0.001075211,0.0010698605,0.0010864335,0.0,0.0010620143,0.0,0.0010752111,0.001062014,0.0010824368,0.0010864197,0.0028887796,0.0010752111,0.001062014,0.0010549796,0.0,0.0010752113,0.0012628076,0.0010752109,0.0012450167,0.0010464181,0.0010279095,0.001082434,0.0010938107,0.0010864289,0.0,0.001062014,0.0010464181,0.0010372914,0.0010480018,0.0011209459,0.0010864328,0.0,0.0,0.0010464181,0.0010279095,0.001082434,0.001104427,0.0,0.0010752111,0.0010620141,0.0010549796,0.001066108,0.0010723001,0.0010841646,0.0010864395,0.001075211,0.001062014,0.0,0.001075211,0.001062014,0.0010549803,0.001086427,0.0,0.001062014,0.0010464184,0.0010372914,0.0010480018,0.001120939,0.0010864283,0.0,0.0010620141,0.0010464181,0.0010372914,0.0010480018,0.001120938,0.003130113,0.001075211,0.0010752111,0.0010698601,0.0010811876,0.0,0.0010059095,0.0010864236,0.0,0.001062014,0.0010464181,0.0010372914,0.0010480018,0.0011209379,0.0010864291,0.0,0.0,0.0010464181,0.0010279095,0.001082434,0.0011044279,0.0010864201,0.0010752105,0.0,0.0010464184,0.0010279096,0.001082434,0.0010938122,0.05451998,0.0010752111,0.001062014,0.0010549796,0.001066108,0.0010723001,0.0010841646,0.0,0.0010752117,0.0,0.0010464181,0.0010279095,0.001082434,0.0010938089,0.0,0.001075211,0.001062014,0.0010549796,0.001066108,0.0010723001,0.0010841647,0.0010864268,0.001075211,0.001062014,0.0010549797,0.001066108,0.0010723001,0.001084165,0.027326923,0.014310537,0.006267531,0.0010464181,0.0010279095,0.001082434,0.0011044275,0.0010864281,0.0010752109,0.0,0.0010464181,0.0010279095,0.001082434,0.001093809,0.0010864305,0.0010752111,0.001062014,0.001082434,0.0,0.0010464181,0.0010279097,0.0,0.0010752109,0.001062014,0.0010549796,0.001066108,0.0010723001,0.0010841654,0.0,0.0010752109,0.001062014,0.0010549796,0.001066108,0.0010723001,0.0010841648,0.39084926,0.0010752109,0.001062014,0.0010549796,0.001066108,0.0010723001,0.0010841655,0.0010864254,0.0010752109,0.001062014,0.0010549796,0.001066108,0.0010723001,0.001084165,0.0,0.0,0.001062014,0.0010464181,0.0010372914,0.0010480018,0.0011209381,0.0,0.0010752109,0.001062014,0.0010549796,0.001066108,0.0010723001,0.0010841647,0.0010864965,0.0010752118,0.001062014,0.0010549796,0.001066108,0.0010723001,0.0010841662
k__Bacteria|p__Proteobacteria|c__Gammaproteobacteria|o__Enterobacterales|f__Enterobacteriaceae|g__Citrobacter|s__Citrobacter_freundii,0.0,0.0010777,0.0010643437,0.001057021,0.0010675594,0.0010731877,0.0010846223,0.0018529817,0.0010777002,0.0010643437,0.001057021,0.0010675594,0.0010731877,0.0010846226,0.0,0.0,0.0010643486,0.0010485769,0.0010391504,0.0010492662,0.0011224826,0.00108909,0.0,0.0010643437,0.0010485759,0.00103915,0.0010492662,0.0011224825,0.0,0.0,0.0010643437,0.0010485759,0.0010391502,0.0010492662,0.0011224822,0.0010890652,0.0010777002,0.0010643437,0.001057021,0.0010675594,0.0010731877,0.0010846225,0.0032728545,0.0010777005,0.0010643438,0.001057021,0.0010675594,0.0010731877,0.0010846233,0.001089065,0.0010777002,0.0010643437,0.001057021,0.0010675594,0.0010731877,0.0010846223,0.0,0.0010777003,0.0010643443,0.0010570212,0.0010675594,0.0010731877,0.0010846228,0.002680079,0.0010777002,0.0010643437,0.001057021,0.0010675594,0.0010731877,0.0010846226,0.0,0.0010777002,0.0,0.0010485759,0.0010298821,0.0010848023,0.0010955989,0.0,0.0010777002,0.0010643437,0.001057021,0.0010675594,0.0010731877,0.0010846226,0.0,0.0,0.0,0.0010485759,0.0010298821,0.0010848023,0.0011063676,0.001089074,0.0010777002,0.0014477515,0.0010485759,0.0010298821,0.0010848023,0.001095603,0.0010891348,0.0,0.0026427107,0.0010485761,0.0010298821,0.0010848023,0.0011063676,0.0010890869,0.0,0.0010643437,0.0,0.0010777002,0.0010643437,0.0010848021,0.0010890668,0.0,0.0,0.0010485759,0.0010298821,0.0010848023,0.0011063677,0.0,0.0010777006,0.0,0.0010485759,0.0010298821,0.0010848023,0.0010955983,0.0,0.0,0.0010643435,0.001077701,0.0,0.0010485759,0.0010777003,0.0010890717,0.0010777003,0.0028958148,0.0010485757,0.0010298821,0.0010848023,0.0010955984,0.0,0.0,0.0010643438,0.0010485759,0.0010391502,0.0010492662,0.0011224826,0.0,0.0,0.0010643437,0.0,0.0010777002,0.0010643437,0.0010848024,0.0,0.0010776989,0.0,0.0010777003,0.0015738633,0.0010777002,0.0010643437,0.0,0.0,0.0010643452,0.0010485759,0.0010391499,0.0010492662,0.0011224819,0.0,0.0010777146,0.0010777015,0.001072071,0.0010828143,0.060267176,0.0010076511,0.0,0.0010777003,0.0010643437,0.0,0.0010777002,0.0010643437,0.0010570228,0.001089068,0.0010777002,0.0010643437,0.0012253951,0.0010777002,0.0010643437,0.0010570214,0.008526784,0.0010777003,0.0010643437,0.001057021,0.0010675594,0.0010731877,0.0010846226,0.0010890652,0.0010777002,0.0010643437,0.001057021,0.0010675594,0.0010731877,0.0010846226,0.0010890875,0.0,0.0,0.0010485759,0.0010298821,0.0010848023,0.0011063678,0.0010890707,0.0,0.0010643437,0.0010485759,0.0010391502,0.0010492662,0.0011224825,0.0,0.0010777003,0.002442655,0.0010485759,0.0010298821,0.0010848023,0.0010955982,0.0010890786,0.0,0.0010643437,0.0010485759,0.0010391502,0.0010492662,0.0011224868,0.0,0.0010777002,0.0010643437,0.001057021,0.0010675594,0.0010731877,0.001084623,0.0010890658,0.0010777002,0.0010643437,0.001057021,0.0010675594,0.0010731877,0.0010846225,0.0,0.0010777002,0.0010643437,0.001057021,0.0010675594,0.0010731877,0.0010846226,0.0,0.0,0.0010643437,0.0010485759,0.0010391502,0.0010492662,0.0011224824,0.0010890662,0.0010777002,0.0,0.0,0.0010777003,0.0010777002,0.0010720708,0.0010890871,0.0021794217,0.0010643436,0.20841539,0.0010777003,0.0010643437,0.0010848051,0.0010891746,0.0,0.0010777003,0.0010643437,0.001057021,0.0,0.0010777003,0.0021638472,0.0010777,0.0012754215,0.0010485759,0.0010298821,0.0010848023,0.0010956046,0.0010890681,0.0,0.0010643437,0.0010485759,0.0010391499,0.0010492669,0.0011225196,0.00108907,0.07508967,0.0,0.0010485759,0.0010298821,0.0010848023,0.0011063678,0.0,0.0010777003,0.0010643437,0.001057021,0.0010675594,0.0010731877,0.0010846226,0.0010890868,0.0010777003,0.0010643437,0.0,0.0010777002,0.0010643437,0.0010570218,0.0010890672,0.006876741,0.0010643437,0.001048576,0.0010391502,0.0010492662,0.0011224826,0.0010890665,0.0,0.0010643437,0.0010485759,0.0010391499,0.0010492664,0.0011224835,0.002854661,0.0010777003,0.0010777004,0.0010720711,0.0010828137,0.0,0.0010076714,0.0010890929,0.0,0.0010643437,0.0010485759,0.0010391502,0.0010492662,0.0011224822,0.0010890671,0.0011649481,0.0,0.0010485759,0.0010298821,0.0010848023,0.0011063677,0.0010891305,0.0010777009,0.0,0.0010485766,0.0010298823,0.0010848023,0.0010956016,0.0,0.0010777003,0.0010643437,0.001057021,0.0010675594,0.0010731877,0.0010846225,0.0,0.0010776997,0.0,0.0010485759,0.0010298821,0.0010848023,0.0010955982,0.0,0.0010777003,0.0010643438,0.001057021,0.0010675594,0.0010731877,0.0010846223,0.0010890757,0.0010777002,0.0010643437,0.0010570209,0.0010675594,0.0010731877,0.0010846227,0.0,0.0,0.0,0.0010485759,0.0010298821,0.0010848023,0.0011063679,0.001089065,0.0010777002,0.0,0.0010485759,0.0010298821,0.0010848023,0.0010955987,0.0010890679,0.0010777003,0.0010643437,0.0010848023,0.0012605262,0.0010485759,0.0010298823,0.0,0.0010777002,0.0010643437,0.001057021,0.0010675594,0.0010731877,0.001084623,0.0,0.0010777002,0.0010643437,0.001057021,0.0010675594,0.0010731877,0.0010846225,0.0,0.0010777004,0.0010643437,0.001057021,0.0010675594,0.0010731874,0.001084624,0.0010890724,0.0010777002,0.0010643437,0.001057021,0.0010675594,0.0010731877,0.0010846228,0.0014873944,0.0033867727,0.0010643437,0.0010485759,0.0010391502,0.0010492662,0.0011224825,0.0,0.0010777002,0.0010643437,0.001057021,0.0010675594,0.0010731877,0.0010846226,0.0010891801,0.0010777003,0.0010643437,0.0010570207,0.0010675594,0.0010731874,0.0010846237
k__Bacteria|p__Proteobacteria|c__Gammaproteobacteria|o__Pasteurellales|f__Pasteurellaceae|g__Haemophilus|s__Haemophilus_parainfluenzae,0.0,0.0010737488,0.0010603322,0.0010530071,0.001063676,0.0010694083,0.0010809735,0.0,0.0010737489,0.0010603322,0.0010530071,0.001063676,0.0010694083,0.0010809735,0.0,0.0,0.0010603421,0.0010445137,0.0010350794,0.0010453122,0.0011190526,0.0010852141,0.0,0.0010603325,0.0010445073,0.0010350788,0.0010453122,0.0011190523,0.0,0.0,0.0010603325,0.0010445073,0.0010350788,0.0010453122,0.0011190522,0.0010851756,0.0010737489,0.0010603322,0.0010530071,0.001063676,0.0010694083,0.0010809734,0.0,0.0010737495,0.0010603326,0.0010530071,0.001063676,0.0010694083,0.0010809742,0.0010851757,0.0010737489,0.0010603322,0.0010530071,0.001063676,0.0010694083,0.0010809735,0.0,0.0010737494,0.0010603331,0.0010530072,0.001063676,0.0010694083,0.0010809741,0.0012209283,0.0010737489,0.0010603322,0.0010530071,0.001063676,0.0010694083,0.0010809735,0.0,0.0010737489,0.0,0.0010445073,0.001025762,0.0010809151,0.0010918682,0.0,0.0010737489,0.0010603322,0.0010530071,0.001063676,0.0010694083,0.0010809744,0.07029283,0.037409037,0.0,0.0010445073,0.001025762,0.0010809151,0.0011027156,0.0010851865,0.0010737489,0.02917589,0.0010445073,0.001025762,0.0010809151,0.0010918736,0.0010852517,0.0,0.0,0.0010445075,0.001025762,0.0010809151,0.0011027151,0.0010852019,0.002818709,0.0010603325,0.0,0.0010737489,0.0010603322,0.001080915,0.0010851792,0.0,0.0,0.0010445073,0.001025762,0.0010809147,0.0011027135,0.0,0.0010737502,0.0017905827,0.0010445073,0.001025762,0.0010809147,0.0010918675,0.0,0.005038536,0.0010603333,0.0010737499,0.0,0.0010445073,0.0010737494,0.0010851996,0.0010737494,0.0027811388,0.0010445071,0.001025762,0.0010809147,0.001091867,0.0,0.0,0.0010603326,0.0010445073,0.0010350788,0.0010453122,0.0011190522,0.0,0.0,0.0010603325,0.0,0.0010737489,0.0010603322,0.0010809149,0.0,0.0010737518,0.0,0.001073749,0.018803386,0.0010737489,0.0010603326,0.0,0.0,0.0010603428,0.0010445091,0.0010350788,0.0010453122,0.0011190524,0.040738333,0.0010737709,0.0010737514,0.0010681195,0.0010790058,0.004037421,0.001003491,0.0,0.0010737509,0.0010603333,0.0,0.0010737494,0.0010603326,0.0010530094,0.0010851821,0.0010737489,0.0010603322,0.005674516,0.0010737489,0.0010603322,0.0010530083,0.0,0.001073749,0.0010603326,0.0010530071,0.001063676,0.0010694083,0.0010809735,0.0010851757,0.0010737489,0.0010603322,0.0010530071,0.001063676,0.0010694083,0.0010809735,0.0010852058,0.0,0.0,0.0010445073,0.001025762,0.0010809147,0.0011027132,0.0010851802,0.0010557229,0.0010603322,0.0010445073,0.0010350788,0.0010453122,0.0011190521,0.0023940855,0.001073749,0.0,0.0010445073,0.001025762,0.0010809147,0.0010918669,0.0010851937,0.0,0.0010603325,0.0010445073,0.0010350788,0.0010453122,0.0011190575,0.0,0.0010737489,0.0010603322,0.0010530071,0.001063676,0.0010694083,0.0010809753,0.0010851764,0.0010737489,0.0010603322,0.0010530071,0.001063676,0.0010694083,0.0010809734,0.0,0.0010737496,0.0010603326,0.0010530071,0.001063676,0.0010694083,0.0010809735,0.0,0.0,0.0010603325,0.0010445073,0.0010350788,0.0010453122,0.0011190523,0.0010851786,0.0010737489,0.0,0.0,0.001073749,0.0010737489,0.0010681201,0.0010852183,0.0,0.0010603326,0.0,0.001073749,0.0010603325,0.0010809182,0.0010852963,0.002527552,0.0010737494,0.0010603326,0.0010530071,0.002053813,0.0010737499,0.0,0.0010737488,0.03322727,0.0010445073,0.001025762,0.001080915,0.0010918726,0.0010851821,0.0,0.0010603325,0.0010445073,0.0010350788,0.0010453125,0.0011190928,0.0010851914,0.0,0.0,0.0010445073,0.001025762,0.0010809147,0.0011027132,0.0,0.001073749,0.0010603326,0.0010530071,0.001063676,0.0010694083,0.0010809735,0.0010852026,0.0010737489,0.0010603323,0.0,0.0010737489,0.0010603325,0.0010530079,0.0010851785,0.037587225,0.0010603323,0.0010445075,0.0010350788,0.0010453122,0.0011190543,0.0010851801,0.0014900401,0.0010603326,0.0010445073,0.0010350788,0.0010453122,0.0011190537,0.0,0.0010737489,0.0010737492,0.0010681193,0.0010790057,0.0,0.0010035237,0.0010852128,0.0020899605,0.0010603323,0.0010445073,0.0010350788,0.0010453122,0.0011190518,0.0010851821,0.0025454117,0.0,0.0010445073,0.001025762,0.0010809151,0.0011027153,0.0010852464,0.0010737496,0.0,0.0010445083,0.0010257625,0.001080915,0.0010918739,0.0,0.001073749,0.0010603326,0.0010530071,0.001063676,0.0010694083,0.0010809734,0.0,0.0010737497,0.0,0.0010445073,0.001025762,0.0010809147,0.0010918669,0.0,0.001073749,0.0010603326,0.0010530071,0.001063676,0.0010694083,0.0010809735,0.0010851923,0.0010737489,0.0010603326,0.0010530072,0.001063676,0.0010694083,0.0010809739,0.0,0.0,0.0,0.0010445073,0.001025762,0.0010809147,0.0011027139,0.0010851752,0.0010737489,0.0,0.0010445073,0.001025762,0.0010809147,0.0010918678,0.0010851896,0.001073749,0.0010603325,0.0010809147,0.0,0.0010445073,0.0010257625,0.0,0.0010737489,0.0010603325,0.0010530071,0.001063676,0.0010694083,0.0010809745,0.0,0.0010737489,0.0010603325,0.0010530071,0.001063676,0.0010694083,0.0010809739,0.0,0.0010737495,0.0010603326,0.0010530071,0.001063676,0.0010694083,0.0010809754,0.0010851844,0.0010737489,0.0010603325,0.0010530071,0.001063676,0.0010694083,0.001080974,0.0,0.0,0.0010603322,0.0010445073,0.0010350788,0.0010453122,0.0011190525,0.0,0.0010737489,0.0010603322,0.0010530071,0.001063676,0.0010694083,0.0010809735,0.0010853852,0.0010737503,0.0010603326,0.001053007,0.001063676,0.0010694083,0.0010809762
k__Bacteria|p__Proteobacteria|c__Gammaproteobacteria|o__Enterobacterales|f__Enterobacteriaceae|g__Klebsiella|s__Klebsiella_pneumoniae,0.0023122153,0.0011027727,0.0010901694,0.0010833963,0.0010940196,0.0010998865,0.001111113,0.0,0.0011027729,0.0010901694,0.0010833963,0.0010940196,0.0010998865,0.0011111129,0.0,0.0,0.0010901837,0.0010751669,0.0010663035,0.0010766131,0.0011453244,0.0011134124,0.0,0.0010901694,0.0010751567,0.0010663031,0.0010766131,0.0011453243,0.052016143,0.44062108,0.0010901694,0.0010751567,0.0010663031,0.0010766131,0.0011453243,0.0011133987,0.0011027724,0.0010901694,0.0010833963,0.0010940196,0.0010998865,0.0011111129,0.0,0.0011027729,0.0010901694,0.0010833963,0.0010940196,0.0010998865,0.0011111133,0.0011133989,0.0011027724,0.0010901694,0.0010833963,0.0010940196,0.0010998865,0.001111113,0.0,0.0011027728,0.0010901698,0.0010833964,0.0010940196,0.0010998865,0.0011111132,0.0,0.0011027729,0.0010901694,0.0010833963,0.0010940196,0.0010998865,0.001111113,0.0,0.0011027724,0.0013793721,0.0010751567,0.0010572023,0.0011096101,0.0011202795,0.0013422089,0.0011027728,0.0010901694,0.0010833963,0.0010940196,0.0010998865,0.0011111129,0.0,0.0,0.0,0.0010751567,0.0010572023,0.0011096101,0.001130187,0.0011134023,0.0011027729,0.059720162,0.0010751567,0.0010572023,0.0011096101,0.0011202822,0.0011134258,0.0,0.0,0.0010751568,0.0010572023,0.0011096101,0.0011301867,0.0011134093,0.0,0.0010901694,0.0,0.0011027724,0.0010901694,0.0011096101,0.0011133999,0.0,0.0014595492,0.0010751567,0.0010572023,0.0011096101,0.0011301865,0.0,0.0011027736,0.0,0.0010751567,0.0010572023,0.0011096101,0.0011202786,0.012181242,0.0,0.0010901701,0.0011027736,0.30058724,0.0010751567,0.0011027725,0.0011134127,0.0011027728,0.0,0.0010751566,0.0010572023,0.0011096101,0.0011202785,0.0,0.0,0.0010901695,0.0010751567,0.0010663031,0.0010766131,0.0011453244,0.0,0.61415106,0.0010901694,0.09114369,0.0011027724,0.0010901694,0.0011096101,0.0,0.0011027756,0.0,0.0011027725,0.0,0.0011027724,0.0010901694,0.0,0.0,0.0010901857,0.001075159,0.0010663032,0.0010766131,0.0011453243,0.0,0.0011028071,0.0011027763,0.0010976595,0.0011083792,0.0,0.0010356711,0.0,0.0011027738,0.0010901701,0.0,0.001102773,0.0010901693,0.0010833981,0.0011134029,0.0011027728,0.0010901694,0.0,0.0011027724,0.0010901694,0.0010833967,0.0020734086,0.0011027727,0.0010901694,0.0010833963,0.0010940196,0.0010998865,0.001111113,0.0011133989,0.0011027724,0.0010901694,0.0010833963,0.0010940196,0.0010998865,0.001111113,0.0011134086,0.0,0.0,0.0010751567,0.0010572023,0.0011096101,0.0011301866,0.001113401,0.003326882,0.0010901694,0.0010751567,0.0010663031,0.0010766131,0.0011453243,0.08931819,0.0011027725,0.026424278,0.0010751567,0.0010572023,0.0011096101,0.0011202784,0.001113407,0.003226352,0.0010901694,0.0010751567,0.0010663031,0.001076613,0.0011453285,0.0,0.0011027724,0.0010901694,0.0010833963,0.0010940196,0.0010998865,0.0011111131,0.001113399,0.0011027724,0.0010901694,0.0010833963,0.0010940196,0.0010998865,0.0011111129,0.0,0.001102773,0.0010901693,0.0010833963,0.0010940196,0.0010998865,0.001111113,0.0072131613,0.0,0.0010901694,0.0010751567,0.0010663031,0.0010766131,0.0011453244,0.0011133995,0.0011027728,0.12547846,0.0018082127,0.0011027725,0.0011027729,0.0010976591,0.0011134137,0.0018278635,0.0010901694,0.15884033,0.0011027729,0.0010901694,0.0011096129,0.0011134457,0.0,0.0011027728,0.0010901693,0.0010833963,0.0,0.0011027729,0.0,0.0011027723,0.0,0.0010751567,0.0010572023,0.0011096102,0.0011202832,0.0011134015,0.0018587603,0.0010901694,0.0010751567,0.0010663032,0.0010766131,0.0011453585,0.0011134085,0.37393075,0.0,0.0010751567,0.0010572023,0.0011096101,0.0011301866,0.0,0.0011027729,0.0010901694,0.0010833963,0.0010940196,0.0010998865,0.0011111129,0.001113404,0.0011027728,0.0010901693,0.0,0.0011027728,0.0010901694,0.0010833971,0.0011133994,0.0,0.0010901693,0.0010751567,0.0010663031,0.0010766131,0.001145325,0.0011134002,0.0,0.0010901694,0.0010751567,0.0010663032,0.0010766129,0.0011453249,0.011571869,0.0011027728,0.0011027729,0.001097659,0.0011083792,0.0,0.0010357064,0.00111341,0.2745858,0.0010901693,0.0010751567,0.0010663031,0.0010766131,0.0011453243,0.0011134006,0.0,0.0,0.0010751567,0.0010572023,0.0011096101,0.0011301871,0.0011134249,0.0011027729,0.0,0.0010751573,0.0010572026,0.0011096101,0.0011202822,0.0,0.0011027725,0.0010901693,0.0010833963,0.0010940196,0.0010998865,0.0011111129,0.0,0.0011027736,0.0,0.0010751567,0.0010572023,0.0011096101,0.0011202784,0.0,0.0011027728,0.0010901695,0.0010833963,0.0010940196,0.0010998865,0.0011111131,0.0011134031,0.0011027727,0.0010901694,0.0010833964,0.0010940196,0.0010998865,0.0011111129,0.0030823548,0.006077182,0.007199925,0.0010751567,0.0010572023,0.0011096101,0.0011301867,0.0011133986,0.0011027724,0.0,0.0010751567,0.0010572023,0.0011096101,0.001120279,0.0011134028,0.0011027725,0.0010901694,0.0011096101,0.0012412661,0.0010751567,0.0010572026,0.003624562,0.0011027724,0.0010901694,0.0010833963,0.0010940196,0.0010998865,0.0011111131,0.0,0.0011027728,0.0010901694,0.0010833963,0.0010940196,0.0010998865,0.0011111131,0.0,0.001102773,0.0010901693,0.0010833963,0.0010940196,0.0010998865,0.0011111138,0.0011134017,0.0011027728,0.0010901694,0.0010833963,0.0010940196,0.0010998865,0.0011111129,0.0,0.0,0.0010901694,0.0010751567,0.0010663031,0.0010766131,0.0011453244,0.0,0.0011027728,0.0010901694,0.0010833963,0.0010940196,0.0010998865,0.001111113,0.0011135006,0.0011027737,0.0010901694,0.0010833964,0.0010940196,0.0010998865,0.0011111144
k__Bacteria|p__Proteobacteria|c__Gammaproteobacteria|o__Enterobacterales|f__Enterobacteriaceae|g__Escherichia|s__Escherichia_coli,0.02021072,0.015757194,0.017080445,0.017787583,0.016723152,0.01613781,0.014967447,0.062285945,0.015757203,0.017080445,0.017787583,0.016723152,0.01613781,0.014967464,0.0024781637,0.0,0.017079221,0.018614305,0.01951015,0.018508665,0.011064892,0.014610281,0.042319056,0.017080445,0.018615143,0.019510206,0.01850867,0.011064953,0.11973579,0.052618187,0.017080441,0.01861514,0.019510206,0.01850867,0.011064959,0.014613162,0.015757205,0.017080445,0.017787583,0.016723152,0.01613781,0.01496747,0.0,0.015757145,0.01708043,0.017787583,0.016723152,0.01613781,0.014967408,0.014613166,0.015757205,0.017080445,0.017787583,0.016723152,0.01613781,0.014967455,0.05239298,0.015757183,0.01708039,0.01778757,0.016723152,0.016137809,0.014967402,0.045971192,0.0157572,0.017080445,0.017787583,0.016723152,0.01613781,0.014967465,0.0,0.0157572,0.022600828,0.01861514,0.020398792,0.015034824,0.013905063,0.080623515,0.015757201,0.017080445,0.017787585,0.016723152,0.01613781,0.014967414,0.0,0.0,0.0032172648,0.01861514,0.020398792,0.015034824,0.012793353,0.014612359,0.0157572,0.0,0.01861514,0.020398792,0.015034816,0.013904528,0.01460686,0.28764987,0.12803312,0.01861513,0.020398786,0.015034816,0.012793391,0.0146110505,0.0017999865,0.017080445,0.007907595,0.015757205,0.017080445,0.015034804,0.014612904,0.30306575,0.28921282,0.018615143,0.020398792,0.015034824,0.012793506,0.061896805,0.015757082,0.03215162,0.018615136,0.020398792,0.015034824,0.013905182,0.0,0.026816804,0.017080357,0.0157571,0.5237091,0.01861514,0.015757177,0.014611116,0.015757179,0.08342611,0.018615134,0.020398792,0.015034824,0.013905214,0.0,0.1416484,0.017080436,0.01861514,0.019510206,0.01850867,0.011064926,0.0,0.0,0.017080445,0.04635522,0.015757205,0.017080445,0.015034807,0.0,0.015756888,0.019533392,0.0157572,0.038463235,0.015757205,0.017080434,0.0,0.0,0.01707907,0.018614931,0.019510198,0.01850867,0.011064896,0.0,0.015753957,0.01575685,0.016308218,0.015203029,0.088011034,0.022472747,0.6071212,0.015757002,0.017080365,0.23023687,0.015757177,0.01708044,0.01778734,0.01461266,0.015757205,0.017080445,0.4847668,0.015757205,0.017080445,0.017787494,0.0,0.015757194,0.017080443,0.017787585,0.016723152,0.01613781,0.014967454,0.014613173,0.015757205,0.017080445,0.017787583,0.016723152,0.01613781,0.014967465,0.01461078,0.24626091,0.18816316,0.018615143,0.020398792,0.015034824,0.012793519,0.014612702,0.0344032,0.017080445,0.018615143,0.019510206,0.01850867,0.011064924,0.0,0.0157572,0.16484298,0.018615143,0.020398792,0.015034824,0.013905217,0.014611725,0.07792836,0.017080445,0.01861514,0.019510206,0.01850866,0.011064279,0.29051104,0.015757201,0.017080445,0.017787583,0.016723152,0.01613781,0.014967315,0.014613112,0.015757205,0.017080445,0.017787583,0.016723152,0.01613781,0.01496747,0.004662104,0.015757164,0.01708044,0.017787578,0.016723152,0.01613781,0.014967447,0.0,0.0,0.017080441,0.01861514,0.019510206,0.01850867,0.011064944,0.014612967,0.015757205,0.0,0.48940188,0.0157572,0.015757203,0.016308218,0.014610028,0.01710782,0.017080411,0.0,0.0157572,0.017080445,0.015034503,0.014603277,0.010344917,0.015757183,0.01708044,0.017787585,0.0052627595,0.015757125,0.0023399016,0.015757198,0.06082993,0.01861514,0.020398792,0.015034817,0.013904661,0.014612688,0.0029585971,0.017080445,0.01861514,0.019510198,0.018508619,0.011059755,0.014611819,0.12329491,0.0,0.01861514,0.020398792,0.015034824,0.012793531,0.0678906,0.0157572,0.017080447,0.017787583,0.016723152,0.01613781,0.014967464,0.014611825,0.015757192,0.017080441,0.0,0.015757198,0.017080441,0.017787479,0.014612957,0.76111984,0.01708044,0.018615115,0.019510206,0.01850867,0.011064775,0.014612844,0.039555956,0.017080443,0.01861513,0.019510198,0.018508663,0.011064782,0.035681818,0.015757192,0.01575719,0.016308263,0.0152030075,0.005161013,0.022469247,0.014610191,0.037760913,0.017080441,0.018615143,0.019510206,0.01850867,0.011064957,0.014612725,0.046940207,0.043981045,0.018615143,0.020398786,0.015034824,0.012793395,0.014607549,0.015757134,0.3570399,0.01861505,0.020398766,0.015034812,0.013904551,0.001629905,0.0157572,0.017080441,0.017787585,0.016723152,0.01613781,0.014967469,0.0,0.015757108,0.0,0.018615136,0.020398792,0.015034824,0.013905217,0.016311986,0.015757192,0.017080436,0.01778758,0.016723152,0.01613781,0.014967457,0.014611928,0.015757183,0.017080428,0.01778756,0.016723145,0.01613781,0.014967424,0.0,0.00900824,0.005913858,0.018615143,0.020398792,0.015034824,0.012793488,0.0146131925,0.015757205,0.18746719,0.018615143,0.020398792,0.015034824,0.013905133,0.0146121485,0.015757192,0.017080445,0.015034824,0.18682268,0.018615143,0.020398775,0.010214224,0.015757205,0.017080445,0.017787585,0.016723152,0.01613781,0.014967386,0.02155031,0.015757201,0.017080445,0.017787585,0.016723152,0.01613781,0.014967434,0.002357656,0.015757147,0.01708044,0.01778758,0.016723145,0.01613781,0.014967279,0.014612398,0.015757201,0.017080445,0.017787585,0.016723152,0.01613781,0.014967424,0.4029849,0.6498662,0.017080445,0.01861514,0.019510206,0.01850867,0.011064924,0.43607852,0.015757205,0.017080445,0.017787583,0.016723152,0.01613781,0.014967465,0.014595865,0.015757065,0.017080432,0.017787576,0.016723152,0.016137809,0.01496721
k__Bacteria|p__Actinobacteria|c__Actinomycetia|o__Bifidobacteriales|f__Bifidobacteriaceae|g__Scardovia|s__Scardovia_wiggsiae,0.0,0.001061423,0.00104782,0.0010404866,0.0010515555,0.0010576078,0.0010695745,0.0,0.0010614231,0.00104782,0.0010404866,0.0010515555,0.0010576078,0.0010695745,0.0,0.0,0.0010478362,0.0010318294,0.0010223818,0.0010329733,0.0011083347,0.0010730757,0.0,0.00104782,0.0010318187,0.0010223809,0.0010329733,0.0011083344,0.0,0.0,0.00104782,0.0010318187,0.0010223809,0.0010329733,0.0011083344,0.0010730395,0.001061423,0.00104782,0.0010404866,0.0010515555,0.0010576078,0.0010695745,0.0,0.0010614236,0.0010478204,0.0010404866,0.0010515555,0.0010576078,0.001069575,0.0010730396,0.001061423,0.00104782,0.0010404866,0.0010515555,0.0010576078,0.0010695746,0.0,0.0010614232,0.001047821,0.0010404866,0.0010515555,0.0010576078,0.0010695754,0.0,0.0010614231,0.00104782,0.0010404866,0.0010515555,0.0010576078,0.0010695745,0.0,0.0010614231,0.0,0.0010318187,0.0010129147,0.0010687854,0.001080219,0.0,0.001061423,0.00104782,0.0010404865,0.0010515555,0.0010576078,0.0010695751,0.0,0.0,0.0,0.0010318187,0.0010129147,0.0010687854,0.0010913045,0.0010730498,0.0010614231,0.0,0.0010318187,0.0010129147,0.0010687854,0.0010802245,0.0010731117,0.0,0.0,0.0010318189,0.0010129147,0.0010687854,0.0010913037,0.001073066,0.0,0.00104782,0.0,0.001061423,0.00104782,0.0010687854,0.001073043,0.0,0.0,0.0010318187,0.0010129147,0.0010687854,0.0010913026,0.0,0.0010614246,0.0,0.0010318187,0.0010129147,0.0010687854,0.0010802179,0.0,0.0,0.001047821,0.0010614245,0.0,0.0010318187,0.0010614232,0.0010730657,0.0010614232,0.0,0.0010318185,0.0010129147,0.0010687854,0.0010802174,0.0,0.0,0.0010478204,0.0010318187,0.0010223809,0.0010329733,0.0011083345,0.0,0.0,0.00104782,0.0,0.001061423,0.00104782,0.0010687853,0.0,0.0010614268,0.0,0.0010614231,0.0,0.001061423,0.0010478201,0.0,0.0,0.0010478388,0.0010318215,0.0010223812,0.0010329733,0.0011083349,0.0,0.0010614659,0.0010614275,0.001055791,0.0010671179,0.0,0.0009905131,0.0,0.0010614252,0.0010478212,0.0,0.0010614233,0.0010478204,0.0010404891,0.001073047,0.001061423,0.00104782,0.0,0.001061423,0.00104782,0.0010404874,0.0,0.0010614232,0.0010478201,0.0010404865,0.0010515555,0.0010576078,0.0010695746,0.0010730396,0.001061423,0.00104782,0.0010404866,0.0010515555,0.0010576078,0.0010695745,0.0010730682,0.0,0.0,0.0010318187,0.0010129147,0.0010687854,0.0010913023,0.0010730454,0.0,0.00104782,0.0010318187,0.0010223809,0.0010329733,0.0011083343,0.0,0.0010614231,0.0,0.0010318187,0.0010129147,0.0010687854,0.0010802174,0.0010730568,0.0,0.00104782,0.0010318187,0.0010223809,0.0010329733,0.0011083413,0.0,0.001061423,0.00104782,0.0010404866,0.0010515555,0.0010576078,0.0010695759,0.0010730405,0.001061423,0.00104782,0.0010404866,0.0010515555,0.0010576078,0.0010695745,0.0,0.0010614237,0.0010478204,0.0010404865,0.0010515555,0.0010576078,0.0010695745,0.0,0.0,0.00104782,0.0010318187,0.0010223809,0.0010329733,0.0011083344,0.001073042,0.001061423,0.0,0.0,0.0010614231,0.0010614231,0.0010557909,0.0010730777,0.0,0.0010478207,0.0,0.0010614231,0.00104782,0.0010687889,0.0010731528,0.0,0.0010614232,0.0010478202,0.0010404865,0.0,0.0010614238,0.0,0.0010614229,0.0,0.0010318187,0.0010129147,0.0010687853,0.0010802228,0.0010730459,0.0,0.00104782,0.0010318187,0.0010223812,0.0010329739,0.0011083912,0.0010730558,0.0,0.0,0.0010318187,0.0010129147,0.0010687854,0.0010913023,0.0,0.0010614231,0.0010478201,0.0010404866,0.0010515555,0.0010576078,0.0010695745,0.0010730614,0.0010614232,0.0010478202,0.0,0.0010614231,0.00104782,0.0010404876,0.0010730422,0.0,0.0010478204,0.0010318188,0.0010223809,0.0010329733,0.001108336,0.0010730434,0.0,0.0010478204,0.0010318186,0.0010223812,0.0010329734,0.0011083357,0.0,0.0010614232,0.0010614232,0.0010557907,0.0010671179,0.0,0.0009905528,0.0010730755,0.0,0.0010478202,0.0010318187,0.0010223809,0.0010329733,0.0011083344,0.0010730455,0.0,0.0,0.0010318187,0.0010129147,0.0010687854,0.0010913038,0.001073107,0.001061424,0.0,0.0010318196,0.0010129147,0.0010687854,0.0010802245,0.0,0.0010614231,0.0010478202,0.0010404865,0.0010515555,0.0010576078,0.0010695745,0.0,0.0010614241,0.0,0.0010318187,0.0010129147,0.0010687854,0.0010802174,0.0,0.0010614232,0.0010478204,0.0010404865,0.0010515555,0.0010576078,0.0010695746,0.0010730538,0.0010614231,0.0010478203,0.0010404866,0.0010515555,0.0010576078,0.0010695747,0.0,0.0,0.0,0.0010318187,0.0010129147,0.0010687854,0.0010913028,0.0010730391,0.001061423,0.0,0.0010318187,0.0010129147,0.0010687854,0.0010802184,0.0010730515,0.0010614231,0.00104782,0.0010687854,0.0,0.0010318187,0.0010129148,0.0,0.001061423,0.00104782,0.0010404865,0.0010515555,0.0010576078,0.0010695754,0.0,0.001061423,0.00104782,0.0010404865,0.0010515555,0.0010576078,0.0010695748,0.0,0.0010614236,0.0010478202,0.0010404865,0.0010515555,0.0010576078,0.0010695761,0.0010730496,0.001061423,0.00104782,0.0010404865,0.0010515555,0.0010576078,0.0010695752,0.0,0.0,0.00104782,0.0010318187,0.0010223809,0.0010329733,0.0011083345,0.0,0.001061423,0.00104782,0.0010404866,0.0010515555,0.0010576078,0.0010695745,0.001073241,0.0010614247,0.0010478203,0.0010404865,0.0010515555,0.0010576078,0.001069577
k__Bacteria|p__Actinobacteria|c__Actinomycetia|o__Corynebacteriales|f__Corynebacteriaceae|g__Corynebacterium|s__Corynebacterium_callunae,0.0,0.0010602431,0.0010465691,0.0010391558,0.0010501249,0.0010560721,0.0010679822,0.0,0.0010602433,0.0010465691,0.0010391558,0.0010501249,0.0010560721,0.0010679822,0.0,0.0,0.0010465794,0.0010305018,0.0010209747,0.0010314593,0.0011071394,0.0010719633,0.0,0.0010465691,0.0010304945,0.0010209745,0.0010314593,0.0011071393,0.0,0.0,0.0010465691,0.0010304945,0.0010209745,0.0010314593,0.0011071393,0.0010719283,0.0010602432,0.0010465691,0.0010391558,0.0010501249,0.0010560721,0.0010679822,0.0,0.0010602435,0.001046569,0.0010391558,0.0010501249,0.0010560721,0.0010679828,0.0010719285,0.0010602432,0.0010465691,0.0010391558,0.0010501249,0.0010560721,0.0010679825,0.0,0.0010602433,0.0010465697,0.0010391559,0.0010501249,0.0010560721,0.0010679826,0.0,0.0010602433,0.0010465691,0.0010391558,0.0010501249,0.0010560721,0.0010679823,0.0,0.0010602433,0.0,0.0010304945,0.0010115163,0.0010676022,0.0010789501,0.0,0.0010602432,0.0010465691,0.0010391558,0.0010501249,0.0010560721,0.0010679825,0.0,0.0,0.0,0.0010304945,0.0010115163,0.0010676022,0.0010901113,0.0010719374,0.0010602433,0.0,0.0010304945,0.0010115163,0.0010676022,0.0010789533,0.0010719968,0.0,0.0,0.0010304945,0.0010115163,0.0010676022,0.0010901113,0.0010719522,0.0,0.0010465691,0.0,0.0010602432,0.0010465691,0.0010676021,0.0010719306,0.0,0.0,0.0010304945,0.0010115163,0.0010676022,0.0010901111,0.0,0.0010602443,0.0,0.0010304945,0.0010115163,0.0010676022,0.0010789493,0.0,0.0,0.0010465698,0.0010602436,0.0,0.0010304945,0.0010602433,0.0010719469,0.0010602433,0.0,0.0010304943,0.0010115163,0.0010676022,0.0010789491,0.0,0.0,0.0010465691,0.0010304945,0.0010209745,0.0010314593,0.0011071397,0.0,0.0,0.0010465691,0.0,0.0010602432,0.0010465691,0.0010676022,0.0,0.001060246,0.0,0.0010602433,0.0,0.0010602432,0.0010465692,0.0,0.0,0.0010465797,0.0010304963,0.0010209744,0.0010314593,0.0011071393,0.0,0.0010602706,0.0010602459,0.0010545349,0.0010657695,0.0,0.0009890378,0.0,0.0010602449,0.0010465698,0.0,0.0010602435,0.0010465691,0.0010391576,0.0010719339,0.0010602432,0.0010465691,0.0,0.0010602432,0.0010465691,0.0010391566,0.0,0.0010602433,0.0010465692,0.0010391558,0.0010501249,0.0010560721,0.0010679823,0.0010719283,0.0010602432,0.0010465691,0.0010391558,0.0010501249,0.0010560721,0.0010679823,0.0010719525,0.0,0.0,0.0010304945,0.0010115163,0.0010676022,0.001090111,0.0010719317,0.0,0.0010465691,0.0010304945,0.0010209745,0.0010314593,0.0011071392,0.0,0.0010602433,0.0,0.0010304945,0.0010115163,0.0010676022,0.0010789491,0.0010719446,0.0,0.0010465691,0.0010304945,0.0010209745,0.0010314593,0.0011071438,0.0,0.0010602432,0.0010465691,0.0010391558,0.0010501249,0.0010560721,0.0010679832,0.0010719289,0.0010602432,0.0010465691,0.0010391558,0.0010501249,0.0010560721,0.0010679822,0.0,0.0010602435,0.0010465691,0.0010391558,0.0010501249,0.0010560721,0.0010679822,0.0,0.0,0.0010465691,0.0010304945,0.0010209745,0.0010314593,0.0011071394,0.001071931,0.0010602432,0.0,0.0,0.0010602433,0.0010602433,0.0010545349,0.0010719667,0.0,0.0010465694,0.0,0.0010602433,0.0010465691,0.0010676046,0.0010720411,0.0,0.0010602433,0.0010465691,0.0010391558,0.0,0.0010602436,0.0,0.0010602431,0.0,0.0010304945,0.0010115163,0.0010676021,0.0010789532,0.0010719332,0.0,0.0010465691,0.0010304945,0.0010209744,0.0010314599,0.0011071626,0.0010719427,0.0,0.0,0.0010304945,0.0010115163,0.0010676022,0.001090111,0.0,0.0010602433,0.0010465692,0.0010391558,0.0010501249,0.0010560721,0.0010679822,0.0010719587,0.0010602432,0.0010465691,0.0,0.0010602432,0.0010465691,0.0010391563,0.00107193,0.0,0.0010465691,0.0010304945,0.0010209745,0.0010314593,0.0011071397,0.0010719316,0.0,0.0010465692,0.0010304945,0.0010209744,0.0010314594,0.0011071399,0.0,0.0010602432,0.0010602435,0.0010545348,0.0010657695,0.0,0.0009890652,0.0010719616,0.0,0.0010465691,0.0010304945,0.0010209745,0.0010314593,0.0011071393,0.0010719326,0.0,0.0,0.0010304945,0.0010115163,0.0010676022,0.0010901112,0.0010719885,0.0010602436,0.0,0.0010304949,0.0010115164,0.0010676022,0.0010789533,0.0,0.0010602433,0.0010465691,0.0010391558,0.0010501249,0.0010560721,0.0010679822,0.0,0.001060244,0.0,0.0010304945,0.0010115163,0.0010676022,0.0010789491,0.0,0.0010602433,0.0010465691,0.0010391558,0.0010501249,0.0010560721,0.0010679822,0.0010719401,0.0010602432,0.001046569,0.0010391559,0.0010501249,0.0010560721,0.0010679826,0.0,0.0,0.0,0.0010304945,0.0010115163,0.0010676022,0.0010901112,0.0010719277,0.0010602432,0.0,0.0010304945,0.0010115163,0.0010676022,0.0010789497,0.00107194,0.0010602433,0.0010465691,0.0010676022,0.0,0.0010304945,0.0010115165,0.0,0.0010602432,0.0010465691,0.0010391558,0.0010501249,0.0010560721,0.0010679826,0.0,0.0010602432,0.0010465691,0.0010391558,0.0010501249,0.0010560721,0.0010679823,0.0,0.0010602435,0.0010465691,0.0010391558,0.0010501245,0.0010560721,0.0010679831,0.0010719349,0.0010602432,0.0010465691,0.0010391558,0.0010501249,0.0010560721,0.0010679825,0.0,0.0,0.0010465691,0.0010304945,0.0010209745,0.0010314593,0.0011071395,0.0,0.0010602432,0.0010465691,0.0010391558,0.0010501249,0.0010560721,0.0010679823,0.0010721461,0.0010602443,0.001046569,0.0010391556,0.0010501249,0.0010560721,0.0010679833
k__Bacteria|p__Actinobacteria|c__Actinomycetia|o__Actinomycetales|f__Actinomycetaceae|g__Actinomyces|s__Actinomyces_naeslundii,0.0,0.001058373,0.0010448581,0.0010377185,0.001049229,0.0010556972,0.0010679985,0.0,0.0010583728,0.0010448581,0.0010377185,0.001049229,0.0010556972,0.0010679985,0.0,0.0,0.0010448805,0.0010289694,0.0010197186,0.0010307496,0.0011060981,0.0010699829,0.0,0.0010448581,0.001028954,0.0010197174,0.0010307496,0.0011060968,0.0,0.0,0.0010448581,0.001028954,0.0010197174,0.0010307496,0.0011060968,0.0010699102,0.0010583727,0.0010448581,0.0010377185,0.001049229,0.0010556972,0.0010679984,0.0,0.0010583735,0.0010448584,0.0010377185,0.001049229,0.0010556972,0.0010679989,0.00106991,0.0010583727,0.0010448581,0.0010377185,0.001049229,0.0010556972,0.0010679985,0.0,0.0010583733,0.0010448591,0.0010377186,0.001049229,0.0010556972,0.0010679996,0.0,0.0010583728,0.0010448581,0.0010377185,0.001049229,0.0010556972,0.0010679985,0.0,0.0010583728,0.0,0.001028954,0.0010101581,0.0010658379,0.0010777161,0.0,0.0010583727,0.0010448581,0.0010377184,0.001049229,0.0010556972,0.0010679993,0.0,0.0,0.0,0.001028954,0.0010101581,0.0010658379,0.001088725,0.0010699295,0.0010583728,0.0,0.001028954,0.0010101581,0.0010658379,0.0010777259,0.0010700548,0.0,0.0,0.0010289542,0.0010101581,0.0010658379,0.0010887239,0.0010699596,0.0,0.0010448581,0.0,0.0010583727,0.0010448581,0.001065838,0.0010699164,0.0,0.0,0.001028954,0.0010101581,0.0010658379,0.0010887219,0.0,0.0010583753,0.0,0.001028954,0.0010101581,0.0010658379,0.0010777141,0.0,0.0,0.0010448594,0.0010583749,0.0,0.001028954,0.0010583731,0.0010699596,0.0010583733,0.0,0.0010289539,0.0010101581,0.0010658379,0.0010777134,0.0,0.0,0.0010448584,0.001028954,0.0010197174,0.0010307496,0.0011060975,0.0,0.0,0.0010448581,0.0,0.0010583727,0.0010448581,0.001065838,0.0,0.0010583794,0.0,0.0010583729,0.0,0.0010583727,0.0010448582,0.0,0.0,0.0010448871,0.0010289587,0.0010197175,0.0010307496,0.0011060982,0.0,0.0010584294,0.0010583795,0.0010529291,0.0010646983,0.0,0.0009878825,0.0,0.0010583765,0.0010448596,0.0,0.0010583735,0.0010448582,0.0010377219,0.0010699237,0.0010583727,0.0010448581,0.0,0.0010583727,0.0010448581,0.0010377201,0.0,0.0010583729,0.0010448582,0.0010377184,0.001049229,0.0010556972,0.0010679986,0.0010699099,0.0010583727,0.0010448581,0.0010377185,0.001049229,0.0010556972,0.0010679985,0.0010699647,0.0,0.0,0.001028954,0.0010101581,0.0010658379,0.0010887217,0.0010699213,0.0,0.0010448581,0.001028954,0.0010197174,0.0010307496,0.0011060974,0.0,0.0010583729,0.0,0.001028954,0.0010101581,0.0010658379,0.0010777133,0.0010699425,0.0,0.0010448581,0.001028954,0.0010197174,0.0010307496,0.0011061074,0.0,0.0010583727,0.0010448581,0.0010377185,0.001049229,0.0010556972,0.0010680006,0.001069912,0.0010583727,0.0010448581,0.0010377185,0.001049229,0.0010556972,0.0010679984,0.0,0.0010583735,0.0010448582,0.0010377184,0.001049229,0.0010556972,0.0010679985,0.0,0.0,0.0010448581,0.001028954,0.0010197174,0.0010307496,0.0011060972,0.0010699155,0.0010583727,0.0,0.0,0.0010583729,0.0010583728,0.0010529292,0.001069988,0.0,0.0010448586,0.0,0.0010583729,0.0010448581,0.0010658411,0.0010701303,0.0,0.0010583731,0.0010448582,0.0010377184,0.0,0.0010583738,0.0,0.0010583727,0.0,0.001028954,0.0010101581,0.0010658379,0.0010777197,0.0010699219,0.0,0.0010448581,0.001028954,0.0010197175,0.0010307501,0.001106182,0.001069943,0.0,0.0,0.001028954,0.0010101581,0.0010658379,0.0010887214,0.0,0.0010583729,0.0010448582,0.0010377185,0.001049229,0.0010556972,0.0010679985,0.0010699657,0.0010583731,0.0010448582,0.0,0.0010583728,0.0010448581,0.0010377201,0.0010699154,0.0,0.0010448582,0.001028954,0.0010197174,0.0010307496,0.0011061,0.0010699182,0.0,0.0010448582,0.001028954,0.0010197175,0.0010307496,0.0011060996,0.0,0.0010583731,0.0010583731,0.0010529285,0.0010646983,0.0,0.000987934,0.0010699806,0.0,0.0010448582,0.001028954,0.0010197174,0.0010307496,0.0011060968,0.0010699214,0.0,0.0,0.001028954,0.0010101581,0.0010658379,0.0010887244,0.001070047,0.0010583742,0.0,0.0010289554,0.0010101587,0.0010658382,0.0010777239,0.0,0.0010583728,0.0010448582,0.0010377184,0.001049229,0.0010556972,0.0010679984,0.0,0.0010583746,0.0,0.001028954,0.0010101581,0.0010658379,0.0010777133,0.0,0.0010583729,0.0010448584,0.0010377184,0.001049229,0.0010556972,0.0010679986,0.0010699374,0.001058373,0.0010448582,0.0010377188,0.001049229,0.0010556972,0.0010679989,0.0,0.0,0.0,0.001028954,0.0010101581,0.0010658379,0.001088722,0.0010699093,0.0010583727,0.0,0.001028954,0.0010101581,0.0010658379,0.0010777148,0.0010699348,0.0010583728,0.0010448581,0.0010658379,0.0,0.001028954,0.0010101582,0.0,0.0010583727,0.0010448581,0.0010377184,0.001049229,0.0010556972,0.0010679998,0.0,0.0010583727,0.0010448581,0.0010377184,0.001049229,0.0010556972,0.0010679989,0.0,0.0010583738,0.0010448582,0.0010377184,0.001049229,0.0010556972,0.0010680014,0.0010699278,0.0010583727,0.0010448581,0.0010377184,0.001049229,0.0010556972,0.0010679993,0.0,0.0,0.0010448581,0.001028954,0.0010197174,0.0010307496,0.0011060975,0.0,0.0010583727,0.0010448581,0.0010377185,0.001049229,0.0010556972,0.0010679985,0.0010702991,0.0010583753,0.0010448582,0.0010377185,0.001049229,0.0010556972,0.0010680027
k__Bacteria|p__Actinobacteria|c__Actinomycetia|o__Actinomycetales|f__Actinomycetaceae|g__Winkia|s__Winkia_neuii,0.0,0.0010596346,0.0010460985,0.001038901,0.0010502681,0.0010566027,0.0010687924,0.0,0.0010596345,0.0010460985,0.001038901,0.0010502681,0.0010566027,0.0010687925,0.0,0.0,0.0010461115,0.0010301792,0.0010208742,0.0010317637,0.0011070706,0.0010712086,0.0,0.0010460985,0.0010301701,0.0010208738,0.0010317637,0.0011070701,0.0,0.0,0.0010460985,0.0010301701,0.0010208738,0.0010317637,0.0011070701,0.0010711898,0.0010596344,0.0010460985,0.001038901,0.0010502681,0.0010566027,0.0010687924,0.0,0.001059635,0.0010460985,0.001038901,0.0010502681,0.0010566027,0.0010687923,0.0010711899,0.0010596344,0.0010460985,0.001038901,0.0010502681,0.0010566027,0.0010687924,0.0,0.0010596347,0.0010460989,0.0010389012,0.0010502681,0.0010566027,0.0010687929,0.0,0.0010596345,0.0010460985,0.001038901,0.0010502681,0.0010566027,0.0010687925,0.0,0.0010596345,0.0,0.0010301701,0.001011346,0.0010670634,0.0010787937,0.0,0.0010596344,0.0010460985,0.001038901,0.0010502681,0.0010566027,0.0010687929,0.0,0.0,0.0,0.0010301701,0.001011346,0.0010670634,0.0010898187,0.0010711936,0.0010596345,0.0,0.0010301701,0.001011346,0.0010670634,0.0010787976,0.0010712361,0.0,0.0,0.0010301702,0.001011346,0.0010670634,0.0010898178,0.0010712036,0.0,0.0010460985,0.0,0.0010596344,0.0010460985,0.0010670634,0.0010711915,0.0,0.0,0.0010301701,0.001011346,0.0010670634,0.0010898171,0.0,0.0010596357,0.0,0.0010301701,0.001011346,0.0010670634,0.0010787928,0.0,0.0,0.0010460994,0.0010596355,0.0,0.0010301701,0.0010596346,0.0010712104,0.0010596347,0.0,0.0010301701,0.001011346,0.0010670634,0.0010787927,0.0,0.0,0.0010460987,0.0010301701,0.0010208738,0.0010317637,0.0011070704,0.0,0.0,0.0010460985,0.0,0.0010596344,0.0010460985,0.0010670634,0.0,0.001059638,0.0,0.0010596346,0.0,0.0010596344,0.0010460985,0.0,0.0,0.0010461158,0.0010301727,0.0010208737,0.0010317637,0.0011070704,0.0,0.0010596656,0.0010596379,0.0010541343,0.0010657589,0.0,0.0009890293,0.0,0.0010596364,0.0010460992,0.0,0.001059635,0.0010460985,0.0010389026,0.0010711938,0.0010596344,0.0010460985,0.0,0.0010596344,0.0010460985,0.001038902,0.0,0.0010596345,0.0010460985,0.001038901,0.0010502681,0.0010566027,0.0010687925,0.0010711898,0.0010596344,0.0010460985,0.001038901,0.0010502681,0.0010566027,0.0010687925,0.0010712055,0.0,0.0,0.0010301701,0.001011346,0.0010670634,0.0010898171,0.0010711934,0.0,0.0010460985,0.0010301701,0.0010208738,0.0010317637,0.0011070701,0.0,0.0010596346,0.0,0.0010301701,0.001011346,0.0010670634,0.0010787926,0.0010711981,0.0,0.0010460985,0.0010301701,0.0010208738,0.0010317637,0.0011070741,0.0,0.0010596344,0.0010460985,0.001038901,0.0010502681,0.0010566027,0.0010687932,0.0010711902,0.0010596344,0.0010460985,0.001038901,0.0010502681,0.0010566027,0.0010687924,0.0,0.001059635,0.0010460985,0.001038901,0.0010502681,0.0010566027,0.0010687924,0.0,0.0,0.0010460985,0.0010301701,0.0010208738,0.0010317637,0.0011070701,0.0010711909,0.0010596344,0.0,0.0,0.0010596346,0.0010596345,0.0010541341,0.0010712122,0.0,0.0010460987,0.0,0.0010596346,0.0010460985,0.0010670646,0.0010712614,0.0,0.0010596347,0.0010460985,0.001038901,0.0,0.0010596351,0.0,0.0010596344,0.0,0.0010301701,0.001011346,0.0010670634,0.0010787946,0.0010711936,0.0,0.0010460985,0.0010301701,0.0010208737,0.0010317642,0.0011071045,0.0010712027,0.0,0.0,0.0010301701,0.001011346,0.0010670634,0.0010898171,0.0,0.0010596346,0.0010460985,0.001038901,0.0010502681,0.0010566027,0.0010687925,0.0010711938,0.0010596345,0.0010460985,0.0,0.0010596344,0.0010460985,0.0010389017,0.0010711913,0.0,0.0010460985,0.0010301702,0.0010208738,0.0010317637,0.0011070713,0.001071192,0.0,0.0010460985,0.0010301701,0.0010208737,0.001031764,0.0011070707,0.0,0.0010596345,0.0010596348,0.001054134,0.0010657588,0.0,0.0009890624,0.0010712097,0.0,0.0010460985,0.0010301701,0.0010208738,0.0010317637,0.0011070701,0.001071193,0.0,0.0,0.0010301701,0.001011346,0.0010670634,0.0010898183,0.0010712303,0.001059635,0.0,0.0010301709,0.0010113462,0.0010670634,0.0010787968,0.0,0.0010596344,0.0010460985,0.001038901,0.0010502681,0.0010566027,0.0010687924,0.0,0.0010596355,0.0,0.0010301701,0.001011346,0.0010670634,0.0010787926,0.0,0.0010596345,0.0010460987,0.001038901,0.0010502681,0.0010566027,0.0010687925,0.0010711977,0.0010596346,0.0010460985,0.0010389012,0.0010502681,0.0010566027,0.0010687924,0.0,0.0,0.0,0.0010301701,0.001011346,0.0010670634,0.0010898174,0.0010711895,0.0010596344,0.0,0.0010301701,0.001011346,0.0010670634,0.001078793,0.0010711974,0.0010596344,0.0010460985,0.0010670634,0.0,0.0010301701,0.0010113464,0.0,0.0010596344,0.0010460985,0.001038901,0.0010502681,0.0010566027,0.0010687929,0.0,0.0010596344,0.0010460985,0.001038901,0.0010502681,0.0010566027,0.0010687925,0.0,0.0010596348,0.0010460985,0.001038901,0.0010502681,0.0010566027,0.0010687936,0.0010711949,0.0010596344,0.0010460985,0.001038901,0.0010502681,0.0010566027,0.0010687928,0.0,0.0,0.0010460985,0.0010301701,0.0010208738,0.0010317637,0.0011070701,0.0,0.0010596344,0.0010460985,0.001038901,0.0010502681,0.0010566027,0.0010687925,0.0010713245,0.0010596358,0.0010460985,0.0010389012,0.0010502681,0.0010566027,0.0010687942
k__Bacteria|p__Actinobacteria|c__Actinomycetia|o__Bifidobacteriales|f__Bifidobacteriaceae|g__Bifidobacterium|s__Bifidobacterium_SGB4589,0.0,0.0010603883,0.001046625,0.001039078,0.0010498082,0.0010555218,0.0010672668,0.0,0.001060388,0.001046625,0.001039078,0.0010498082,0.0010555218,0.0010672667,0.0,0.0,0.0010466498,0.0010304733,0.001020799,0.0010310389,0.0011069808,0.0010722044,0.0,0.001046625,0.0010304563,0.0010207979,0.0010310389,0.0011069801,0.0,0.0,0.0010466251,0.0010304563,0.0010207979,0.0010310389,0.00110698,0.0010721573,0.001060388,0.001046625,0.001039078,0.0010498082,0.0010555218,0.0010672667,0.0,0.0010603889,0.0010466253,0.001039078,0.0010498082,0.0010555218,0.0010672671,0.0010721574,0.001060388,0.001046625,0.001039078,0.0010498082,0.0010555218,0.0010672668,0.0,0.0010603884,0.001046626,0.0010390781,0.0010498082,0.0010555218,0.0010672674,0.0,0.001060388,0.001046625,0.001039078,0.0010498082,0.0010555218,0.0010672668,0.0,0.001060388,0.0,0.0010304563,0.0010113799,0.0010677075,0.0010788286,0.0,0.001060388,0.001046625,0.001039078,0.0010498082,0.0010555218,0.001067267,0.0,0.0,0.0,0.0010304563,0.0010113799,0.0010677075,0.0010900799,0.0010721695,0.001060388,0.0,0.0010304563,0.0010113799,0.0010677075,0.0010788357,0.0010722525,0.0,0.0,0.0010304566,0.0010113799,0.0010677075,0.0010900793,0.0010721914,0.0,0.0010466251,0.0,0.001060388,0.001046625,0.0010677075,0.0010721617,0.0,0.0,0.0010304563,0.0010113799,0.0010677075,0.0010900781,0.0,0.0010603905,0.0,0.0010304563,0.0010113799,0.0010677075,0.0010788273,0.0,0.0,0.0010466265,0.0010603897,0.0,0.0010304563,0.0010603884,0.0010721926,0.0010603884,0.0,0.0010304562,0.0010113799,0.0010677075,0.001078827,0.0,0.0,0.0010466253,0.0010304563,0.0010207979,0.0010310389,0.0011069807,0.0,0.0,0.001046625,0.0,0.001060388,0.001046625,0.0010677075,0.0,0.0010603945,0.0,0.0010603882,0.0,0.001060388,0.0010466252,0.0,0.0,0.0010466524,0.001030461,0.001020798,0.0010310389,0.001106981,0.0,0.0010604598,0.0010603959,0.0010545518,0.0010655526,0.0,0.0009888047,0.0,0.0010603918,0.0010466266,0.0,0.0010603887,0.0010466252,0.0010390814,0.0010721664,0.001060388,0.001046625,0.0,0.001060388,0.001046625,0.0010390792,0.0,0.0010603883,0.001046625,0.001039078,0.0010498082,0.0010555218,0.0010672667,0.0010721573,0.001060388,0.001046625,0.001039078,0.0010498082,0.0010555218,0.0010672668,0.0010721929,0.0,0.0,0.0010304563,0.0010113799,0.0010677075,0.001090078,0.0010721659,0.0,0.001046625,0.0010304563,0.0010207979,0.0010310389,0.0011069803,0.0,0.0010603882,0.0,0.0010304563,0.0010113799,0.0010677075,0.0010788268,0.0010721809,0.0,0.001046625,0.0010304563,0.0010207979,0.0010310389,0.0011069893,0.0,0.001060388,0.001046625,0.001039078,0.0010498082,0.0010555218,0.0010672681,0.0010721585,0.001060388,0.001046625,0.001039078,0.0010498082,0.0010555218,0.0010672667,0.0,0.0010603889,0.0010466252,0.001039078,0.0010498082,0.0010555218,0.0010672668,0.0,0.0,0.001046625,0.0010304563,0.0010207979,0.0010310389,0.0011069805,0.0010721607,0.001060388,0.0,0.0,0.0010603882,0.001060388,0.0010545513,0.0010722082,0.0,0.0010466255,0.0,0.0010603882,0.0010466251,0.001067711,0.0010723069,0.0,0.0010603885,0.0010466252,0.001039078,0.0,0.0010603889,0.0,0.0010603879,0.0,0.0010304563,0.0010113799,0.0010677075,0.0010788328,0.0010721651,0.0,0.0010466251,0.0010304563,0.001020798,0.0010310394,0.0011070422,0.0010721794,0.0,0.0,0.0010304563,0.0010113799,0.0010677075,0.0010900779,0.0,0.0010603882,0.0010466252,0.001039078,0.0010498082,0.0010555218,0.0010672667,0.0010721753,0.0010603882,0.0010466252,0.0,0.0010603883,0.001046625,0.0010390793,0.0010721607,0.0,0.0010466252,0.0010304567,0.0010207979,0.0010310389,0.0011069819,0.0010721628,0.0,0.001046625,0.0010304563,0.001020798,0.0010310389,0.001106982,0.0,0.0010603884,0.0010603884,0.0010545511,0.0010655525,0.0,0.0009888454,0.0010722055,0.0,0.0010466252,0.0010304563,0.0010207979,0.0010310389,0.00110698,0.0010721644,0.0,0.0,0.0010304563,0.0010113799,0.0010677075,0.0010900792,0.001072241,0.0010603894,0.0,0.0010304579,0.0010113805,0.0010677075,0.0010788342,0.0,0.0010603882,0.0010466252,0.001039078,0.0010498082,0.0010555218,0.0010672667,0.0,0.0010603901,0.0,0.0010304563,0.0010113799,0.0010677075,0.0010788268,0.0,0.0010603883,0.0010466253,0.001039078,0.0010498082,0.0010555218,0.0010672668,0.0010721766,0.0010603884,0.0010466252,0.0010390783,0.0010498082,0.0010555218,0.0010672668,0.0,0.0,0.0,0.0010304563,0.0010113799,0.0010677075,0.0010900786,0.0010721569,0.001060388,0.0,0.0010304563,0.0010113799,0.0010677075,0.001078828,0.0010721743,0.0010603882,0.001046625,0.0010677075,0.0,0.0010304563,0.0010113801,0.0,0.001060388,0.001046625,0.001039078,0.0010498082,0.0010555218,0.0010672673,0.0,0.001060388,0.001046625,0.001039078,0.0010498082,0.0010555218,0.0010672668,0.0,0.0010603891,0.0010466252,0.001039078,0.0010498082,0.0010555218,0.0010672681,0.0010721706,0.001060388,0.001046625,0.001039078,0.0010498082,0.0010555218,0.001067267,0.0,0.0,0.001046625,0.0010304563,0.0010207979,0.0010310389,0.0011069805,0.0,0.001060388,0.001046625,0.001039078,0.0010498082,0.0010555218,0.0010672668,0.0010724262,0.0010603907,0.0010466252,0.0010390779,0.0010498082,0.0010555218,0.0010672685
k__Bacteria|p__Actinobacteria|c__Actinomycetia|o__Actinomycetales|f__Actinomycetaceae|g__Fannyhessea|s__Fannyhessea_vaginae,0.0,0.0010615995,0.0010480619,0.00104082,0.0010520444,0.0010582504,0.0010703217,0.0,0.0010615996,0.0010480619,0.00104082,0.0010520444,0.0010582504,0.0010703218,0.0,0.0,0.0010480718,0.0010321372,0.0010227867,0.0010335384,0.0011086834,0.001073174,0.0,0.0010480619,0.0010321287,0.0010227864,0.0010335384,0.0011086834,0.0,0.0,0.0010480619,0.0010321287,0.0010227864,0.0010335384,0.0011086836,0.0010731539,0.0010615995,0.0010480619,0.00104082,0.0010520444,0.0010582504,0.0010703217,0.0,0.0010615996,0.001048062,0.00104082,0.0010520444,0.0010582504,0.0010703219,0.001073154,0.0010615995,0.0010480619,0.00104082,0.0010520444,0.0010582504,0.0010703218,0.0,0.0010615996,0.001048062,0.0010408201,0.0010520444,0.0010582504,0.0010703221,0.0,0.0010615996,0.0010480619,0.00104082,0.0010520444,0.0010582504,0.0010703217,0.0,0.0010615996,0.0,0.0010321287,0.0010132957,0.0010689847,0.0010805627,0.0,0.0010615995,0.0010480619,0.00104082,0.0010520444,0.0010582504,0.0010703218,0.0,0.0,0.0,0.0010321287,0.0010132957,0.0010689847,0.0010915801,0.0010731567,0.0010615996,0.0,0.0010321287,0.0010132957,0.0010689847,0.0010805627,0.0010731807,0.0,0.0,0.0010321286,0.0010132957,0.0010689847,0.0010915806,0.0010731632,0.0,0.0010480619,0.0,0.0010615995,0.0010480619,0.0010689846,0.0010731551,0.0,0.0,0.0010321287,0.0010132957,0.0010689847,0.0010915805,0.0,0.0010616004,0.0,0.0010321287,0.0010132957,0.0010689847,0.0010805622,0.0,0.0,0.0010480627,0.0010615996,0.0,0.0010321287,0.0010615994,0.0010731713,0.0010615996,0.0,0.0010321287,0.0010132957,0.0010689847,0.0010805625,0.0,0.0,0.0010480621,0.0010321287,0.0010227864,0.0010335384,0.0011086835,0.0,0.0,0.0010480619,0.0,0.0010615995,0.0010480619,0.0010689846,0.0,0.0010616032,0.0,0.0010615997,0.0,0.0010615995,0.001048062,0.0,0.0,0.0010480757,0.0010321313,0.0010227864,0.0010335384,0.0011086835,0.0,0.0010616216,0.0010616019,0.0010560557,0.0010675332,0.0,0.0009909595,0.0,0.0010616011,0.0010480627,0.0,0.0010615997,0.0010480621,0.001040821,0.0010731579,0.0010615995,0.0010480619,0.0,0.0010615995,0.0010480619,0.0010408206,0.0,0.0010615997,0.001048062,0.00104082,0.0010520444,0.0010582504,0.0010703218,0.001073154,0.0010615995,0.0010480619,0.00104082,0.0010520444,0.0010582504,0.0010703217,0.0010731638,0.0,0.0,0.0010321287,0.0010132957,0.0010689847,0.0010915805,0.0010731543,0.0,0.0010480619,0.0010321287,0.0010227864,0.0010335384,0.0011086834,0.0,0.0010615997,0.0,0.0010321287,0.0010132957,0.0010689847,0.0010805624,0.0010731615,0.0,0.0010480619,0.0010321285,0.0010227864,0.0010335384,0.001108682,0.0,0.0010615995,0.0010480619,0.00104082,0.0010520444,0.0010582504,0.0010703221,0.0010731543,0.0010615995,0.0010480619,0.00104082,0.0010520444,0.0010582504,0.0010703217,0.0,0.0010616,0.0010480621,0.0010408201,0.0010520444,0.0010582504,0.0010703217,0.0,0.0,0.0010480619,0.0010321287,0.0010227864,0.0010335384,0.0011086838,0.0010731554,0.0010615995,0.0,0.0,0.0010615997,0.0010615996,0.0010560558,0.0010731767,0.0,0.0010480622,0.0,0.0010615997,0.0010480619,0.0010689844,0.0010732022,0.0,0.0010615996,0.0010480621,0.00104082,0.0,0.0010615996,0.0,0.0010615995,0.0,0.0010321285,0.0010132957,0.0010689846,0.0010805628,0.0010731572,0.0,0.0010480619,0.0010321287,0.0010227864,0.0010335388,0.0011086666,0.0010731658,0.0,0.0,0.0010321287,0.0010132957,0.0010689847,0.0010915805,0.0,0.0010615997,0.001048062,0.00104082,0.0010520444,0.0010582504,0.0010703218,0.0010731693,0.0010615996,0.0010480621,0.0,0.0010615995,0.0010480619,0.0010408204,0.0010731542,0.0,0.0010480621,0.0010321286,0.0010227864,0.0010335384,0.0011086834,0.0010731561,0.0,0.0010480618,0.0010321287,0.0010227864,0.0010335385,0.001108683,0.0,0.0010615996,0.0010615996,0.0010560555,0.001067533,0.0,0.0009909827,0.0010731682,0.0,0.0010480621,0.0010321287,0.0010227864,0.0010335384,0.0011086836,0.0010731565,0.0,0.0,0.0010321287,0.0010132957,0.0010689847,0.0010915807,0.0010731792,0.0010615996,0.0,0.0010321292,0.0010132954,0.0010689847,0.0010805627,0.0,0.0010615996,0.0010480621,0.00104082,0.0010520444,0.0010582504,0.0010703217,0.0,0.0010616005,0.0,0.0010321287,0.0010132957,0.0010689847,0.0010805624,0.0,0.0010615996,0.0010480619,0.00104082,0.0010520444,0.0010582504,0.0010703218,0.0010731578,0.0010615995,0.0010480619,0.0010408204,0.0010520444,0.0010582504,0.001070322,0.0,0.0,0.0,0.0010321287,0.0010132957,0.0010689847,0.0010915807,0.0010731537,0.0010615995,0.0,0.0010321287,0.0010132957,0.0010689847,0.0010805625,0.0010731628,0.0010615996,0.0010480619,0.0010689847,0.0,0.0010321287,0.0010132958,0.0,0.0010615995,0.0010480619,0.0010408201,0.0010520444,0.0010582504,0.001070322,0.0,0.0010615995,0.0010480619,0.00104082,0.0010520444,0.0010582504,0.0010703219,0.0,0.0010615995,0.0010480621,0.00104082,0.0010520444,0.0010582504,0.0010703218,0.0010731554,0.0010615995,0.0010480619,0.00104082,0.0010520444,0.0010582504,0.0010703218,0.0,0.0,0.0010480619,0.0010321287,0.0010227864,0.0010335384,0.0011086836,0.0,0.0010615995,0.0010480619,0.00104082,0.0010520444,0.0010582504,0.0010703217,0.0010733112,0.0010616006,0.0010480619,0.0010408203,0.0010520444,0.0010582504,0.0010703221
k__Bacteria|p__Actinobacteria|c__Actinomycetia|o__Corynebacteriales|f__Corynebacteriaceae|g__Corynebacterium|s__Corynebacterium_aurimucosum,0.0,0.0010622161,0.0010484898,0.001040958,0.0010516535,0.001057344,0.0010690469,0.0,0.0010622162,0.0010484898,0.001040958,0.0010516535,0.001057344,0.0010690464,0.0,0.0,0.0010484932,0.0010323585,0.0010227145,0.0010329272,0.0011086017,0.0010739766,0.0,0.0010484898,0.0010323572,0.0010227142,0.0010329272,0.0011086012,0.0,0.0,0.0010484898,0.0010323572,0.0010227142,0.0010329272,0.0011086012,0.0010739483,0.0010622161,0.0010484898,0.001040958,0.0010516535,0.001057344,0.0010690466,0.0,0.0010622168,0.00104849,0.001040958,0.0010516535,0.001057344,0.0010690475,0.0010739483,0.0010622161,0.0010484898,0.001040958,0.0010516535,0.001057344,0.0010690468,0.0,0.0010622162,0.0010484904,0.001040958,0.0010516535,0.001057344,0.0010690471,0.0,0.0010622162,0.0010484898,0.001040958,0.0010516535,0.001057344,0.0010690466,0.0,0.0010622162,0.0,0.0010323572,0.0010133141,0.0010695106,0.001080584,0.0,0.0010622161,0.0010484898,0.001040958,0.0010516535,0.001057344,0.0010690474,0.0,0.0,0.0,0.0010323572,0.0010133141,0.0010695106,0.0010917911,0.0010739573,0.0010622162,0.0,0.0010323572,0.0010133141,0.0010695106,0.0010805886,0.0010740134,0.0,0.0,0.0010323571,0.0010133141,0.0010695106,0.0010917905,0.0010739685,0.0,0.0010484898,0.0,0.0010622161,0.0010484898,0.0010695107,0.0010739508,0.0,0.0,0.0010323572,0.0010133141,0.0010695106,0.0010917892,0.0,0.0010622167,0.0,0.0010323572,0.0010133141,0.0010695106,0.0010805828,0.0,0.0,0.0010484906,0.0010622168,0.0,0.0010323572,0.0010622162,0.001073962,0.0010622162,0.0,0.0010323571,0.0010133141,0.0010695106,0.0010805825,0.0,0.0,0.0010484898,0.0010323572,0.0010227142,0.0010329272,0.0011086013,0.0,0.0,0.0010484898,0.0,0.0010622161,0.0010484898,0.0010695106,0.0,0.0010622166,0.0,0.0010622162,0.0,0.0010622161,0.0010484903,0.0,0.0,0.0010484933,0.0010323573,0.0010227143,0.0010329272,0.0011086016,0.0,0.001062217,0.0010622162,0.0010563928,0.0010673533,0.0,0.0009907662,0.0,0.0010622172,0.0010484903,0.0,0.0010622162,0.0010484899,0.0010409598,0.0010739523,0.0010622161,0.0010484898,0.0,0.0010622161,0.0010484898,0.0010409589,0.0,0.0010622164,0.0010484899,0.001040958,0.0010516535,0.001057344,0.0010690469,0.0010739485,0.0010622161,0.0010484898,0.001040958,0.0010516535,0.001057344,0.0010690466,0.0010739758,0.0,0.0,0.0010323572,0.0010133141,0.0010695106,0.001091789,0.0010739518,0.0,0.0010484898,0.0010323572,0.0010227142,0.0010329272,0.0011086012,0.0,0.0010622162,0.0,0.0010323572,0.0010133141,0.0010695106,0.0010805824,0.0010739604,0.0,0.0010484898,0.0010323572,0.0010227142,0.0010329272,0.0011086059,0.0,0.0010622161,0.0010484898,0.001040958,0.0010516535,0.001057344,0.0010690487,0.001073949,0.0010622161,0.0010484898,0.001040958,0.0010516535,0.001057344,0.0010690466,0.0,0.0010622165,0.0010484899,0.001040958,0.0010516535,0.001057344,0.0010690469,0.0,0.0,0.0010484898,0.0010323572,0.0010227142,0.0010329272,0.0011086013,0.0010739502,0.0010622161,0.0,0.0,0.0010622162,0.0010622162,0.0010563934,0.0010739777,0.0,0.0010484899,0.0,0.0010622162,0.0010484898,0.0010695134,0.0010740462,0.0,0.0010622164,0.0010484899,0.001040958,0.0,0.0010622169,0.0,0.001062216,0.0,0.0010323572,0.0010133141,0.0010695107,0.001080587,0.001073953,0.0,0.0010484898,0.0010323572,0.0010227143,0.0010329278,0.0011086406,0.0010739586,0.0,0.0,0.0010323572,0.0010133141,0.0010695106,0.0010917889,0.0,0.0010622162,0.0010484899,0.001040958,0.0010516535,0.001057344,0.0010690464,0.001073969,0.0010622164,0.0010484899,0.0,0.0010622162,0.0010484898,0.0010409586,0.0010739508,0.0,0.0010484899,0.0010323572,0.0010227142,0.0010329272,0.0011086034,0.0010739514,0.0,0.0010484899,0.0010323571,0.0010227143,0.0010329274,0.001108603,0.0,0.0010622164,0.0010622164,0.0010563927,0.0010673532,0.0,0.0009907985,0.0010739792,0.0,0.0010484899,0.0010323572,0.0010227142,0.0010329272,0.0011086012,0.0010739525,0.0,0.0,0.0010323572,0.0010133141,0.0010695106,0.0010917906,0.0010740102,0.0010622165,0.0,0.0010323575,0.0010133142,0.0010695106,0.001080589,0.0,0.0010622162,0.0010484899,0.001040958,0.0010516535,0.001057344,0.0010690466,0.0,0.0010622164,0.0,0.0010323569,0.0010133141,0.0010695106,0.0010805824,0.0,0.0010622164,0.0010484898,0.001040958,0.0010516535,0.001057344,0.0010690467,0.001073961,0.0010622162,0.0010484899,0.0010409579,0.0010516535,0.001057344,0.001069047,0.0,0.0,0.0,0.0010323572,0.0010133141,0.0010695106,0.0010917895,0.001073948,0.0010622161,0.0,0.0010323572,0.0010133141,0.0010695106,0.0010805831,0.0010739577,0.0010622162,0.0010484898,0.0010695106,0.0,0.0010323572,0.0010133142,0.0,0.0010622161,0.0010484898,0.001040958,0.0010516535,0.001057344,0.0010690476,0.0,0.0010622161,0.0010484898,0.001040958,0.0010516535,0.001057344,0.0010690469,0.0,0.0010622165,0.0010484899,0.001040958,0.0010516535,0.001057344,0.0010690487,0.001073955,0.0010622161,0.0010484898,0.001040958,0.0010516535,0.001057344,0.0010690474,0.0,0.0,0.0010484898,0.0010323572,0.0010227142,0.0010329272,0.0011086017,0.0,0.0010622161,0.0010484898,0.001040958,0.0010516535,0.001057344,0.0010690466,0.0010740914,0.0010622166,0.0010484899,0.001040958,0.0010516535,0.001057344,0.0010690495
k__Bacteria|p__Actinobacteria|c__Actinomycetia|o__Corynebacteriales|f__Corynebacteriaceae|g__Corynebacterium|s__Corynebacterium_argentoratense,0.0,0.0010607188,0.0010470717,0.001039688,0.0010506934,0.001056679,0.0010686094,0.0,0.0010607189,0.0010470717,0.001039688,0.0010506934,0.001056679,0.001068609,0.0,0.0,0.0010470942,0.0010310393,0.0010215365,0.0010320595,0.0011076169,0.0010724156,0.0,0.0010470717,0.0010310247,0.0010215357,0.0010320595,0.001107616,0.0,0.0,0.0010470719,0.0010310247,0.0010215357,0.0010320595,0.0011076161,0.0010723779,0.0010607188,0.0010470717,0.001039688,0.0010506934,0.001056679,0.001068609,0.0,0.0010607196,0.001047072,0.001039688,0.0010506934,0.001056679,0.0010686094,0.0010723778,0.0010607188,0.0010470717,0.001039688,0.0010506934,0.001056679,0.0010686093,0.0,0.001060719,0.0010470728,0.0010396885,0.0010506934,0.001056679,0.0010686099,0.0,0.0010607189,0.0010470717,0.001039688,0.0010506934,0.001056679,0.001068609,0.0,0.0010607189,0.0,0.0010310247,0.0010120744,0.0010680786,0.0010794578,0.0,0.0010607188,0.0010470717,0.001039688,0.0010506934,0.001056679,0.0010686095,0.0,0.0,0.0,0.0010310247,0.0010120744,0.0010680786,0.0010905904,0.0010723879,0.0010607189,0.0,0.0010310247,0.0010120744,0.0010680786,0.0010794676,0.0010724751,0.0,0.0,0.0010310251,0.0010120744,0.0010680786,0.0010905897,0.0010724057,0.0,0.0010470717,0.0,0.0010607188,0.0010470717,0.0010680786,0.0010723815,0.0,0.0,0.0010310247,0.0010120744,0.0010680786,0.0010905883,0.0,0.0010607213,0.0,0.0010310247,0.0010120744,0.0010680786,0.0010794563,0.0,0.0,0.0010470732,0.0010607209,0.0,0.0010310247,0.0010607189,0.0010724098,0.0010607193,0.0,0.0010310246,0.0010120744,0.0010680786,0.0010794561,0.0,0.0,0.001047072,0.0010310247,0.0010215357,0.0010320595,0.0011076161,0.0,0.0,0.0010470717,0.0,0.0010607188,0.0010470717,0.0010680783,0.0,0.0010607238,0.0,0.0010607189,0.0,0.0010607188,0.001047072,0.0,0.0,0.0010470996,0.0010310288,0.0010215358,0.0010320595,0.0011076169,0.0,0.0010607834,0.0010607255,0.0010550395,0.001066307,0.0,0.000989633,0.0,0.0010607223,0.0010470732,0.0,0.0010607193,0.001047072,0.0010396914,0.0010723838,0.0010607188,0.0010470717,0.0,0.0010607188,0.0010470717,0.0010396892,0.0,0.001060719,0.001047072,0.001039688,0.0010506934,0.001056679,0.0010686093,0.0010723775,0.0010607188,0.0010470717,0.001039688,0.0010506934,0.001056679,0.001068609,0.0010724146,0.0,0.0,0.0010310247,0.0010120744,0.0010680786,0.0010905883,0.001072387,0.0,0.0010470717,0.0010310247,0.0010215357,0.0010320595,0.0011076161,0.0,0.0010607189,0.0,0.0010310247,0.0010120744,0.0010680786,0.0010794558,0.0010723979,0.0,0.0010470717,0.0010310247,0.0010215357,0.0010320595,0.0011076261,0.0,0.0010607188,0.0010470717,0.001039688,0.0010506934,0.001056679,0.0010686112,0.0010723782,0.0010607188,0.0010470717,0.001039688,0.0010506934,0.001056679,0.001068609,0.0,0.0010607194,0.001047072,0.001039688,0.0010506934,0.001056679,0.0010686094,0.0,0.0,0.0010470717,0.0010310247,0.0010215357,0.0010320595,0.0011076161,0.0010723794,0.0010607188,0.0,0.0,0.0010607189,0.0010607189,0.0010550393,0.0010724165,0.0,0.001047072,0.0,0.0010607189,0.0010470717,0.001068081,0.0010725185,0.0,0.0010607189,0.001047072,0.001039688,0.0,0.0010607194,0.0,0.0010607187,0.0,0.0010310247,0.0010120744,0.0010680784,0.0010794633,0.0010723846,0.0,0.0010470717,0.0010310247,0.0010215358,0.0010320602,0.0011076919,0.0010723975,0.0,0.0,0.0010310247,0.0010120744,0.0010680786,0.0010905883,0.0,0.0010607189,0.0010470718,0.001039688,0.0010506934,0.001056679,0.001068609,0.0010723716,0.0010607188,0.001047072,0.0,0.0010607188,0.0010470717,0.0010396896,0.0010723812,0.0,0.001047072,0.001031025,0.0010215357,0.0010320595,0.0011076182,0.0010723819,0.0,0.001047072,0.0010310247,0.0010215358,0.0010320595,0.0011076188,0.0,0.0010607188,0.001060719,0.0010550388,0.0010663067,0.0,0.0009896795,0.0010724219,0.0,0.001047072,0.0010310247,0.0010215357,0.0010320595,0.0011076159,0.0010723826,0.0,0.0,0.0010310247,0.0010120744,0.0010680786,0.00109059,0.0010724656,0.0010607202,0.0,0.0010310264,0.0010120751,0.0010680784,0.001079465,0.0,0.0010607189,0.001047072,0.001039688,0.0010506934,0.001056679,0.001068609,0.0,0.0010607201,0.0,0.0010310247,0.0010120744,0.0010680786,0.0010794558,0.0,0.0010607189,0.001047072,0.001039688,0.0010506934,0.001056679,0.0010686091,0.0010723964,0.001060719,0.001047072,0.0010396885,0.0010506934,0.001056679,0.0010686098,0.0,0.0,0.0,0.0010310247,0.0010120744,0.0010680786,0.0010905887,0.0010723772,0.0010607188,0.0,0.0010310247,0.0010120744,0.0010680786,0.001079457,0.0010723916,0.0010607189,0.0010470717,0.0010680786,0.0,0.0010310247,0.0010120748,0.0,0.0010607188,0.0010470717,0.001039688,0.0010506934,0.001056679,0.00106861,0.0,0.0010607188,0.0010470717,0.001039688,0.0010506934,0.001056679,0.0010686093,0.0,0.0010607197,0.001047072,0.001039688,0.0010506934,0.001056679,0.0010686117,0.0010723905,0.0010607188,0.0010470717,0.001039688,0.0010506934,0.001056679,0.0010686098,0.0,0.0,0.0010470717,0.0010310247,0.0010215357,0.0010320595,0.0011076165,0.0,0.0010607188,0.0010470717,0.001039688,0.0010506934,0.001056679,0.001068609,0.001072577,0.0010607209,0.001047072,0.0010396881,0.0010506934,0.001056679,0.0010686124
k__Bacteria|p__Actinobacteria|c__Actinomycetia|o__Corynebacteriales|f__Tsukamurellaceae|g__Tsukamurella|s__Tsukamurella_pulmonis,0.0,0.0010592598,0.0010457225,0.0010385308,0.0010499207,0.0010562758,0.0010684851,0.0,0.0010592598,0.0010457225,0.0010385308,0.0010499207,0.0010562758,0.001068485,0.0,0.0,0.0010457489,0.0010298121,0.0010205036,0.0010314148,0.0011067578,0.001070845,0.0,0.0010457225,0.001029793,0.0010205028,0.0010314148,0.0011067571,0.0,0.0,0.0010457225,0.001029793,0.0010205028,0.0010314148,0.0011067569,0.0010708169,0.0010592596,0.0010457225,0.0010385308,0.0010499207,0.0010562758,0.0010684849,0.0,0.0010592603,0.0010457225,0.0010385308,0.0010499207,0.0010562758,0.0010684854,0.001070817,0.0010592596,0.0010457225,0.0010385308,0.0010499207,0.0010562758,0.001068485,0.0,0.00105926,0.0010457233,0.001038531,0.0010499207,0.0010562758,0.0010684858,0.0,0.0010592599,0.0010457225,0.0010385308,0.0010499207,0.0010562758,0.001068485,0.0,0.0010592599,0.0,0.001029793,0.001010969,0.0010666961,0.0010784522,0.0,0.0010592596,0.0010457225,0.0010385308,0.0010499207,0.0010562758,0.0010684856,0.0,0.0,0.0,0.001029793,0.001010969,0.0010666961,0.0010894797,0.0010708226,0.0010592599,0.0,0.001029793,0.001010969,0.0010666961,0.0010784587,0.0010708631,0.0,0.0,0.0010297933,0.001010969,0.0010666961,0.0010894786,0.0010708348,0.0,0.0010457225,0.0,0.0010592596,0.0010457225,0.0010666962,0.0010708192,0.0,0.0,0.001029793,0.001010969,0.0010666961,0.0010894777,0.0,0.0010592621,0.0,0.001029793,0.001010969,0.0010666961,0.0010784505,0.0,0.0,0.0010457243,0.0010592615,0.0,0.001029793,0.0010592598,0.0010708454,0.00105926,0.0,0.0010297932,0.001010969,0.0010666961,0.0010784504,0.0,0.0,0.0010457225,0.001029793,0.0010205028,0.0010314148,0.0011067573,0.0,0.0,0.0010457225,0.0,0.0010592596,0.0010457225,0.0010666965,0.0,0.001059267,0.0,0.00105926,0.0,0.0010592596,0.0010457225,0.0,0.0,0.0010457536,0.0010297978,0.0010205029,0.0010314148,0.0011067579,0.0,0.0010593275,0.0010592673,0.0010537656,0.0010654137,0.0,0.00098866,0.0,0.001059263,0.0010457239,0.0,0.0010592603,0.0010457226,0.0010385342,0.0010708241,0.0010592596,0.0010457225,0.0,0.0010592596,0.0010457225,0.0010385317,0.0,0.00105926,0.0010457225,0.0010385308,0.0010499207,0.0010562758,0.001068485,0.0010708168,0.0010592596,0.0010457225,0.0010385308,0.0010499207,0.0010562758,0.001068485,0.0010708363,0.0,0.0,0.001029793,0.001010969,0.0010666961,0.0010894777,0.0010708213,0.0,0.0010457225,0.001029793,0.0010205028,0.0010314148,0.0011067573,0.0,0.00105926,0.0,0.001029793,0.001010969,0.0010666961,0.00107845,0.0010708314,0.0,0.0010457225,0.001029793,0.0010205028,0.0010314148,0.0011067657,0.0,0.0010592596,0.0010457225,0.0010385308,0.0010499207,0.0010562758,0.0010684863,0.0010708172,0.0010592596,0.0010457225,0.0010385308,0.0010499207,0.0010562758,0.0010684849,0.0,0.0010592607,0.0010457226,0.0010385308,0.0010499207,0.0010562758,0.0010684851,0.0,0.0,0.0010457225,0.001029793,0.0010205028,0.0010314148,0.0011067572,0.001070818,0.0010592596,0.0,0.0,0.0010592598,0.0010592599,0.0010537655,0.0010708468,0.0,0.0010457229,0.0,0.00105926,0.0010457225,0.0010667002,0.0010708935,0.0,0.00105926,0.0010457226,0.0010385308,0.0,0.0010592605,0.0,0.0010592595,0.0,0.001029793,0.001010969,0.0010666961,0.0010784562,0.0010708224,0.0,0.0010457225,0.001029793,0.0010205029,0.0010314153,0.0011068191,0.0010708364,0.0,0.0,0.001029793,0.001010969,0.0010666961,0.0010894774,0.0,0.00105926,0.0010457225,0.0010385308,0.0010499207,0.0010562758,0.001068485,0.0010708164,0.0010592599,0.0010457226,0.0,0.0010592599,0.0010457225,0.0010385322,0.0010708182,0.0,0.0010457226,0.0010297932,0.0010205028,0.0010314148,0.0011067593,0.0010708201,0.0,0.0010457225,0.001029793,0.0010205029,0.0010314148,0.0011067588,0.0,0.0010592599,0.00105926,0.001053765,0.0010654137,0.0,0.000988711,0.0010708384,0.0,0.0010457226,0.001029793,0.0010205028,0.0010314148,0.0011067569,0.0010708212,0.0,0.0,0.001029793,0.001010969,0.0010666961,0.001089479,0.0010708625,0.0010592607,0.0,0.0010297945,0.001010969,0.0010666965,0.0010784577,0.0,0.0010592599,0.0010457226,0.0010385308,0.0010499207,0.0010562758,0.0010684849,0.0,0.001059262,0.0,0.001029793,0.001010969,0.0010666961,0.00107845,0.0,0.0010592599,0.0010457225,0.0010385308,0.0010499207,0.0010562758,0.001068485,0.0010708274,0.0010592599,0.0010457225,0.0010385313,0.0010499207,0.0010562758,0.0010684851,0.0,0.0,0.0,0.001029793,0.001010969,0.0010666961,0.0010894778,0.0010708165,0.0010592596,0.0,0.001029793,0.001010969,0.0010666961,0.001078451,0.0010708285,0.0010592599,0.0010457225,0.0010666961,0.0,0.001029793,0.0010109692,0.0,0.0010592596,0.0010457225,0.0010385308,0.0010499207,0.0010562758,0.0010684857,0.0,0.0010592598,0.0010457225,0.0010385308,0.0010499207,0.0010562758,0.0010684853,0.0,0.0010592606,0.0010457226,0.0010385308,0.0010499207,0.0010562758,0.0010684871,0.0010708235,0.0010592598,0.0010457225,0.0010385308,0.0010499207,0.0010562758,0.0010684853,0.0,0.0,0.0010457225,0.001029793,0.0010205028,0.0010314148,0.0011067573,0.0,0.0010592596,0.0010457225,0.0010385308,0.0010499207,0.0010562758,0.001068485,0.0010710073,0.0010592622,0.0010457227,0.0010385308,0.0010499207,0.0010562758,0.0010684879
k__Bacteria|p__Actinobacteria|c__Actinomycetia|o__Micrococcales|f__Microbacteriaceae|g__Microbacterium|s__Microbacterium_oxydans,0.0,0.0010606115,0.0010469469,0.0010395396,0.0010505068,0.0010564545,0.0010683597,0.0,0.0010606116,0.0010469469,0.0010395396,0.0010505068,0.0010564545,0.0010683597,0.0,0.0,0.0010469649,0.0010308935,0.0010213685,0.0010318523,0.0011074732,0.0010723297,0.0,0.0010469469,0.0010308814,0.0010213676,0.0010318523,0.0011074721,0.0,0.0,0.0010469469,0.0010308814,0.0010213676,0.0010318523,0.001107472,0.0010722877,0.0010606115,0.0010469469,0.0010395396,0.0010505068,0.0010564545,0.0010683596,0.0,0.0010606123,0.0010469471,0.0010395396,0.0010505068,0.0010564545,0.0010683603,0.0010722876,0.0010606115,0.0010469469,0.0010395396,0.0010505068,0.0010564545,0.0010683597,0.0,0.0010606119,0.0010469477,0.0010395397,0.0010505068,0.0010564545,0.0010683605,0.0,0.0010606116,0.0010469469,0.0010395396,0.0010505068,0.0010564545,0.0010683597,0.0,0.0010606116,0.0,0.0010308814,0.0010119125,0.0010679665,0.0010793109,0.0,0.0010606115,0.0010469469,0.0010395396,0.0010505068,0.0010564545,0.00106836,0.0,0.0,0.0,0.0010308814,0.0010119125,0.0010679665,0.0010904608,0.0010722989,0.0010606116,0.0,0.0010308814,0.0010119125,0.0010679665,0.0010793172,0.0010723685,0.0,0.0,0.0010308814,0.0010119125,0.0010679665,0.0010904607,0.0010723157,0.0,0.0010469469,0.0,0.0010606115,0.0010469469,0.0010679666,0.0010722908,0.0,0.0,0.0010308814,0.0010119125,0.0010679665,0.0010904596,0.0,0.0010606133,0.0,0.0010308814,0.0010119125,0.0010679665,0.0010793091,0.0,0.0,0.0010469481,0.0010606132,0.0,0.0010308814,0.0010606119,0.0010723153,0.0010606119,0.0,0.0010308814,0.0010119125,0.0010679665,0.0010793087,0.0,0.0,0.0010469472,0.0010308814,0.0010213676,0.0010318523,0.0011074725,0.0,0.0,0.0010469469,0.0,0.0010606115,0.0010469469,0.0010679665,0.0,0.0010606153,0.0,0.0010606117,0.0,0.0010606115,0.0010469472,0.0,0.0,0.0010469672,0.0010308845,0.0010213676,0.0010318523,0.001107473,0.0,0.0010606542,0.0010606166,0.0010549094,0.0010661402,0.0,0.000989449,0.0,0.001060614,0.0010469477,0.0,0.0010606122,0.0010469472,0.0010395426,0.0010722956,0.0010606115,0.0010469469,0.0,0.0010606115,0.0010469469,0.0010395405,0.0,0.001060612,0.001046947,0.0010395396,0.0010505068,0.0010564545,0.0010683597,0.0010722874,0.0010606115,0.0010469469,0.0010395396,0.0010505068,0.0010564545,0.0010683597,0.0010723199,0.0,0.0,0.0010308814,0.0010119125,0.0010679665,0.0010904595,0.0010722942,0.0,0.0010469469,0.0010308814,0.0010213676,0.0010318523,0.0011074723,0.0,0.0010606117,0.0,0.0010308814,0.0010119125,0.0010679665,0.0010793087,0.0010723074,0.0,0.0010469469,0.0010308814,0.0010213676,0.0010318523,0.0011074797,0.0,0.0010606115,0.0010469469,0.0010395396,0.0010505068,0.0010564545,0.0010683612,0.0010722887,0.0010606115,0.0010469469,0.0010395396,0.0010505068,0.0010564545,0.0010683596,0.0,0.001060612,0.0010469472,0.0010395396,0.0010505068,0.0010564545,0.0010683599,0.0,0.0,0.0010469469,0.0010308814,0.0010213676,0.0010318523,0.0011074725,0.00107229,0.0010606115,0.0,0.0,0.0010606117,0.0010606116,0.0010549092,0.001072331,0.0,0.0010469472,0.0,0.0010606117,0.0010469469,0.0010679701,0.0010724136,0.0,0.0010606119,0.0010469472,0.0010395396,0.0,0.0010606125,0.0,0.0010606115,0.0,0.0010308814,0.0010119125,0.0010679665,0.0010793164,0.0010722949,0.0,0.0010469469,0.0010308814,0.0010213676,0.0010318529,0.0011075288,0.001072307,0.0,0.0,0.0010308814,0.0010119125,0.0010679665,0.0010904595,0.0,0.0010606117,0.001046947,0.0010395396,0.0010505068,0.0010564545,0.0010683597,0.0010723143,0.0010606119,0.0010469472,0.0,0.0010606115,0.0010469469,0.0010395409,0.0010722902,0.0,0.0010469472,0.0010308815,0.0010213676,0.0010318523,0.0011074742,0.0010722919,0.0,0.0010469472,0.0010308814,0.0010213676,0.0010318524,0.0011074743,0.0,0.0010606117,0.001060612,0.0010549087,0.0010661402,0.0,0.0009894916,0.0010723242,0.0,0.0010469472,0.0010308814,0.0010213676,0.0010318523,0.001107472,0.0010722929,0.0,0.0,0.0010308814,0.0010119125,0.0010679665,0.0010904608,0.0010723704,0.0010606125,0.0,0.0010308825,0.0010119125,0.0010679665,0.0010793159,0.0,0.0010606116,0.0010469472,0.0010395396,0.0010505068,0.0010564545,0.0010683596,0.0,0.001060613,0.0,0.0010308814,0.0010119125,0.0010679665,0.0010793087,0.0,0.0010606117,0.0010469472,0.0010395396,0.0010505068,0.0010564545,0.0010683597,0.0010723032,0.0010606118,0.0010469471,0.0010395397,0.0010505068,0.0010564545,0.0010683602,0.0,0.0,0.0,0.0010308814,0.0010119125,0.0010679665,0.00109046,0.0010722872,0.0010606115,0.0,0.0010308814,0.0010119125,0.0010679665,0.0010793098,0.0010723006,0.0010606116,0.0010469469,0.0010679665,0.0,0.0010308814,0.0010119126,0.0,0.0010606115,0.0010469469,0.0010395396,0.0010505068,0.0010564545,0.0010683606,0.0,0.0010606115,0.0010469469,0.0010395396,0.0010505068,0.0010564545,0.00106836,0.0,0.0010606124,0.0010469472,0.0010395396,0.0010505068,0.0010564545,0.0010683619,0.0010722977,0.0010606115,0.0010469469,0.0010395396,0.0010505068,0.0010564545,0.0010683602,0.0,0.0,0.0010469469,0.0010308814,0.0010213676,0.0010318523,0.0011074727,0.0,0.0010606115,0.0010469469,0.0010395396,0.0010505068,0.0010564545,0.0010683597,0.0010725146,0.0010606132,0.0010469471,0.0010395396,0.0010505068,0.0010564545,0.0010683625
k__Bacteria|p__Actinobacteria|c__Actinomycetia|o__Micrococcales|f__Microbacteriaceae|g__Microbacterium|s__Microbacterium_paulum,0.0,0.0010607044,0.001046996,0.0010395226,0.0010503711,0.0010562025,0.0010680254,0.0,0.0010607045,0.001046996,0.0010395226,0.0010503711,0.0010562025,0.0010680252,0.0,0.0,0.0010469975,0.0010308857,0.0010213023,0.0010316655,0.001107412,0.0010724434,0.0,0.001046996,0.0010308843,0.0010213022,0.0010316655,0.001107412,0.0,0.0,0.001046996,0.0010308843,0.0010213022,0.0010316655,0.0011074119,0.0010724212,0.0010607044,0.001046996,0.0010395226,0.0010503711,0.0010562025,0.0010680252,0.0,0.0010607049,0.0010469961,0.0010395226,0.0010503711,0.0010562025,0.0010680262,0.0010724214,0.0010607044,0.001046996,0.0010395226,0.0010503711,0.0010562025,0.0010680252,0.0,0.0010607045,0.0010469964,0.0010395226,0.0010503711,0.0010562025,0.0010680258,0.0,0.0010607045,0.001046996,0.0010395226,0.0010503711,0.0010562025,0.0010680252,0.0,0.0010607045,0.0,0.0010308843,0.0010118671,0.0010680393,0.0010792693,0.0,0.0010607044,0.001046996,0.0010395225,0.0010503711,0.0010562025,0.0010680257,0.0,0.0,0.0,0.0010308843,0.0010118671,0.0010680393,0.0010904643,0.0010724282,0.0010607045,0.0,0.0010308843,0.0010118671,0.0010680393,0.0010792725,0.0010724704,0.0,0.0,0.0010308845,0.0010118671,0.0010680393,0.0010904644,0.0010724387,0.0,0.001046996,0.0,0.0010607044,0.001046996,0.0010680396,0.001072423,0.0,0.0,0.0010308843,0.0010118671,0.0010680393,0.001090463,0.0,0.0010607044,0.0,0.0010308843,0.0010118671,0.0010680393,0.0010792685,0.0,0.0,0.0010469966,0.0010607046,0.0,0.0010308843,0.0010607047,0.0010724299,0.0010607045,0.0,0.0010308843,0.0010118671,0.0010680393,0.0010792682,0.0,0.0,0.0010469961,0.0010308843,0.0010213022,0.0010316655,0.0011074122,0.0,0.0,0.001046996,0.0,0.0010607044,0.001046996,0.0010680392,0.0,0.0010607038,0.0,0.0010607046,0.0,0.0010607044,0.0010469961,0.0,0.0,0.0010469923,0.0010308841,0.0010213021,0.0010316655,0.001107412,0.0,0.0010606999,0.001060704,0.0010549375,0.0010660533,0.0,0.0009893466,0.0,0.0010607048,0.001046996,0.0,0.0010607044,0.001046996,0.0010395243,0.0010724238,0.0010607044,0.001046996,0.0,0.0010607044,0.001046996,0.0010395234,0.0,0.0010607046,0.0010469961,0.0010395225,0.0010503711,0.0010562025,0.0010680252,0.0010724214,0.0010607044,0.001046996,0.0010395226,0.0010503711,0.0010562025,0.0010680252,0.0010724426,0.0,0.0,0.0010308843,0.0010118671,0.0010680393,0.0010904626,0.001072423,0.0,0.001046996,0.0010308843,0.0010213022,0.0010316655,0.0011074123,0.0,0.0010607046,0.0,0.0010308843,0.0010118671,0.0010680393,0.001079268,0.0010724305,0.0,0.001046996,0.0010308843,0.0010213022,0.0010316655,0.0011074162,0.0,0.0010607044,0.001046996,0.0010395226,0.0010503711,0.0010562025,0.0010680271,0.0010724217,0.0010607044,0.001046996,0.0010395226,0.0010503711,0.0010562025,0.0010680252,0.0,0.0010607045,0.001046996,0.0010395225,0.0010503711,0.0010562025,0.0010680254,0.0,0.0,0.001046996,0.0010308843,0.0010213022,0.0010316655,0.001107412,0.0010724233,0.0010607044,0.0,0.0,0.0010607046,0.0010607045,0.0010549386,0.001072449,0.0,0.0010469962,0.0,0.0010607046,0.001046996,0.0010680426,0.0010725029,0.0,0.0010607045,0.001046996,0.0010395225,0.0,0.0010607053,0.0,0.0010607044,0.0,0.0010308843,0.0010118671,0.0010680392,0.0010792717,0.0010724248,0.0,0.001046996,0.0010308843,0.0010213021,0.0010316657,0.0011074416,0.0010724292,0.0,0.0,0.0010308843,0.0010118671,0.0010680393,0.0010904627,0.0,0.0010607046,0.0010469961,0.0010395226,0.0010503711,0.0010562025,0.0010680252,0.0010724498,0.0010607045,0.001046996,0.0,0.0010607045,0.001046996,0.0010395232,0.0010724227,0.0,0.001046996,0.0010308847,0.0010213022,0.0010316655,0.0011074137,0.0010724235,0.0,0.0010469961,0.0010308842,0.0010213021,0.0010316655,0.0011074131,0.0,0.0010607045,0.0010607046,0.0010549378,0.001066053,0.0,0.0009893746,0.0010724484,0.0,0.001046996,0.0010308843,0.0010213022,0.0010316655,0.0011074119,0.0010724249,0.0,0.0,0.0010308843,0.0010118671,0.0010680393,0.0010904642,0.0010724624,0.0010607042,0.0,0.0010308848,0.0010118666,0.0010680393,0.0010792741,0.0,0.0010607046,0.001046996,0.0010395225,0.0010503711,0.0010562025,0.0010680252,0.0,0.0010607042,0.0,0.0010308843,0.0010118671,0.0010680393,0.001079268,0.0,0.0010607045,0.0010469961,0.0010395225,0.0010503711,0.0010562025,0.0010680254,0.001072431,0.0010607044,0.0010469961,0.0010395226,0.0010503711,0.0010562025,0.0010680254,0.0,0.0,0.0,0.0010308843,0.0010118671,0.0010680393,0.0010904633,0.001072421,0.0010607044,0.0,0.0010308843,0.0010118671,0.0010680393,0.0010792686,0.0010724291,0.0010607046,0.001046996,0.0010680393,0.0,0.0010308843,0.0010118672,0.0,0.0010607044,0.001046996,0.0010395225,0.0010503711,0.0010562025,0.001068026,0.0,0.0010607044,0.001046996,0.0010395225,0.0010503711,0.0010562025,0.0010680252,0.0,0.0010607045,0.001046996,0.0010395225,0.0010503711,0.0010562025,0.0010680266,0.0010724247,0.0010607044,0.001046996,0.0010395225,0.0010503711,0.0010562025,0.0010680256,0.0,0.0,0.001046996,0.0010308843,0.0010213022,0.0010316655,0.001107412,0.0,0.0010607044,0.001046996,0.0010395226,0.0010503711,0.0010562025,0.0010680252,0.0010725597,0.0010607047,0.0010469961,0.0010395226,0.0010503711,0.0010562025,0.0010680273
k__Bacteria|p__Actinobacteria|c__Actinomycetia|o__Corynebacteriales|f__Tsukamurellaceae|g__Tsukamurella|s__Tsukamurella_columbiensis,0.0,0.0010620465,0.0010483984,0.0010409846,0.0010518933,0.0010577914,0.0010696417,0.0,0.0010620464,0.0010483984,0.0010409846,0.0010518933,0.0010577914,0.0010696417,0.0,0.0,0.0010484115,0.0010323577,0.0010228284,0.001033258,0.0011087059,0.0010737171,0.0,0.0010483984,0.001032348,0.0010228278,0.001033258,0.0011087056,0.0,0.0,0.0010483984,0.001032348,0.0010228278,0.001033258,0.0011087055,0.0010737047,0.0010620463,0.0010483984,0.0010409846,0.0010518933,0.0010577914,0.0010696416,0.0,0.0010620471,0.0010483984,0.0010409846,0.0010518933,0.0010577914,0.0010696412,0.0010737048,0.0010620463,0.0010483984,0.0010409846,0.0010518933,0.0010577914,0.0010696418,0.0,0.0010620467,0.0010483984,0.0010409849,0.0010518933,0.0010577914,0.0010696419,0.0,0.0010620464,0.0010483984,0.0010409846,0.0010518933,0.0010577914,0.0010696417,0.0,0.0010620464,0.0,0.001032348,0.0010133915,0.0010693765,0.0010806523,0.0,0.0010620463,0.0010483984,0.0010409846,0.0010518933,0.0010577914,0.0010696416,0.0,0.0,0.0,0.001032348,0.0010133915,0.0010693765,0.0010917804,0.0010737074,0.0010620464,0.0,0.001032348,0.0010133915,0.0010693765,0.0010806553,0.0010737436,0.0,0.0,0.0010323481,0.0010133915,0.0010693765,0.0010917799,0.0010737138,0.0,0.0010483984,0.0,0.0010620463,0.0010483984,0.0010693765,0.0010737063,0.0,0.0,0.001032348,0.0010133915,0.0010693765,0.0010917796,0.0,0.0010620479,0.0,0.001032348,0.0010133915,0.0010693765,0.0010806513,0.0,0.0,0.0010483991,0.0010620479,0.0,0.0010323478,0.0010620464,0.0010737226,0.0010620467,0.0,0.001032348,0.0010133915,0.0010693765,0.0010806513,0.0,0.0,0.0010483984,0.001032348,0.0010228278,0.001033258,0.001108706,0.0,0.0,0.0010483984,0.0,0.0010620463,0.0010483984,0.0010693765,0.0,0.0010620496,0.0,0.0010620464,0.0,0.0010620463,0.0010483984,0.0,0.0,0.0010484183,0.0010323505,0.0010228278,0.001033258,0.001108706,0.0,0.0010620815,0.0010620501,0.001056337,0.0010675055,0.0,0.0009909307,0.0,0.0010620485,0.001048399,0.0,0.0010620469,0.0010483984,0.0010409859,0.0010737072,0.0010620463,0.0010483984,0.0,0.0010620463,0.0010483984,0.0010409852,0.0,0.0010620467,0.0010483984,0.0010409846,0.0010518933,0.0010577914,0.0010696417,0.0010737048,0.0010620463,0.0010483984,0.0010409846,0.0010518933,0.0010577914,0.0010696417,0.0010737203,0.0,0.0,0.001032348,0.0010133915,0.0010693765,0.0010917796,0.0010737088,0.0,0.0010483984,0.001032348,0.0010228278,0.001033258,0.0011087056,0.0,0.0010620464,0.0,0.001032348,0.0010133915,0.0010693765,0.0010806513,0.0010737103,0.0,0.0010483984,0.001032348,0.0010228278,0.001033258,0.0011087083,0.0,0.0010620463,0.0010483984,0.0010409846,0.0010518933,0.0010577914,0.0010696421,0.001073705,0.0010620463,0.0010483984,0.0010409846,0.0010518933,0.0010577914,0.0010696416,0.0,0.0010620467,0.0010483984,0.0010409846,0.0010518933,0.0010577914,0.0010696417,0.0,0.0,0.0010483984,0.001032348,0.0010228278,0.001033258,0.0011087056,0.0010737049,0.0010620463,0.0,0.0,0.0010620464,0.0010620464,0.0010563373,0.0010737181,0.0,0.0010483984,0.0,0.0010620464,0.0010483984,0.0010693764,0.0010737559,0.0,0.0010620466,0.0010483984,0.0010409846,0.0,0.0010620467,0.0,0.0010620462,0.0,0.001032348,0.0010133915,0.0010693764,0.0010806517,0.0010737078,0.0,0.0010483984,0.001032348,0.0010228278,0.0010332584,0.0011087299,0.001073715,0.0,0.0,0.001032348,0.0010133915,0.0010693765,0.0010917796,0.0,0.0010620464,0.0010483984,0.0010409846,0.0010518933,0.0010577914,0.0010696417,0.0010736953,0.0010620467,0.0010483984,0.0,0.0010620465,0.0010483984,0.0010409853,0.001073706,0.0,0.0010483984,0.0010323481,0.0010228278,0.001033258,0.0011087061,0.0010737062,0.0,0.0010483984,0.0010323479,0.0010228278,0.0010332582,0.0011087062,0.0,0.0010620467,0.0010620467,0.001056337,0.0010675051,0.0,0.0009909639,0.001073723,0.0,0.0010483984,0.001032348,0.0010228278,0.001033258,0.0011087055,0.0010737062,0.0,0.0,0.001032348,0.001013392,0.0010693765,0.0010917803,0.0010737386,0.0010620471,0.0,0.0010323487,0.001013392,0.0010693765,0.0010806547,0.0,0.0010620465,0.0010483984,0.0010409846,0.0010518933,0.0010577914,0.0010696416,0.0,0.0010620471,0.0,0.001032348,0.0010133915,0.0010693765,0.0010806513,0.0,0.0010620466,0.0010483984,0.0010409846,0.0010518933,0.0010577914,0.0010696418,0.00107371,0.0010620465,0.0010483984,0.0010409848,0.0010518933,0.0010577914,0.0010696416,0.0,0.0,0.0,0.001032348,0.0010133915,0.0010693765,0.0010917797,0.0010737045,0.0010620463,0.0,0.001032348,0.0010133915,0.0010693765,0.0010806517,0.0010737104,0.0010620466,0.0010483984,0.0010693765,0.0,0.001032348,0.0010133917,0.0,0.0010620463,0.0010483984,0.0010409846,0.0010518933,0.0010577914,0.0010696418,0.0,0.0010620463,0.0010483984,0.0010409846,0.0010518933,0.0010577914,0.0010696417,0.0,0.0010620467,0.0010483984,0.0010409846,0.0010518933,0.0010577914,0.0010696423,0.00107371,0.0010620463,0.0010483984,0.0010409846,0.0010518933,0.0010577914,0.0010696419,0.0,0.0,0.0010483984,0.001032348,0.0010228278,0.001033258,0.0011087058,0.0,0.0010620463,0.0010483984,0.0010409846,0.0010518933,0.0010577914,0.0010696417,0.0010737923,0.0010620477,0.0010483984,0.0010409845,0.0010518933,0.0010577914,0.0010696425
k__Bacteria|p__Actinobacteria|c__Actinomycetia|o__Corynebacteriales|f__Lawsonellaceae|g__Lawsonella|s__Lawsonella_clevelandensis,0.0,0.0010605924,0.001046924,0.001039512,0.0010504718,0.0010564118,0.0010683119,0.0,0.0010605924,0.001046924,0.001039512,0.0010504718,0.0010564118,0.0010683117,0.0,0.0,0.0010469337,0.0010308621,0.0010213366,0.0010318131,0.0011074463,0.0010722727,0.0,0.001046924,0.0010308551,0.0010213362,0.0010318131,0.0011074455,0.0,0.0,0.001046924,0.0010308549,0.0010213362,0.0010318131,0.0011074455,0.0010722713,0.0010605922,0.001046924,0.001039512,0.0010504718,0.0010564118,0.0010683117,0.0,0.0010605926,0.0010469243,0.001039512,0.0010504718,0.0010564118,0.0010683127,0.0010722715,0.0010605922,0.001046924,0.001039512,0.0010504718,0.0010564118,0.0010683117,0.0,0.0010605925,0.0010469245,0.0010395122,0.0010504718,0.0010564118,0.0010683123,0.0,0.0010605924,0.001046924,0.001039512,0.0010504718,0.0010564118,0.0010683117,0.0,0.0010605924,0.0,0.0010308551,0.001011882,0.0010679462,0.0010792837,0.0,0.0010605922,0.001046924,0.001039512,0.0010504718,0.0010564118,0.0010683126,0.0,0.0,0.0,0.0010308551,0.001011882,0.0010679462,0.0010904378,0.0010722717,0.0010605924,0.0,0.0010308549,0.001011882,0.0010679462,0.0010792883,0.001072279,0.0,0.0,0.0010308552,0.001011882,0.0010679462,0.0010904373,0.0010722728,0.0,0.001046924,0.0,0.0010605922,0.001046924,0.0010679461,0.0010722716,0.0,0.0,0.0010308551,0.001011882,0.0010679462,0.001090436,0.0,0.0010605932,0.0,0.0010308549,0.001011882,0.0010679462,0.0010792816,0.0,0.0,0.001046925,0.001060593,0.0,0.0010308551,0.0010605925,0.0010722782,0.0010605925,0.0,0.001030855,0.001011882,0.0010679462,0.0010792814,0.0,0.0,0.0010469242,0.0010308551,0.0010213362,0.0010318131,0.0011074459,0.0,0.0,0.001046924,0.0,0.0010605922,0.001046924,0.001067946,0.0,0.0010605949,0.0,0.0010605925,0.0,0.0010605922,0.0010469242,0.0,0.0,0.001046934,0.0010308563,0.0010213363,0.0010318131,0.0011074459,0.0,0.0010606109,0.0010605946,0.001054885,0.001066109,0.0,0.0009894137,0.0,0.0010605935,0.0010469246,0.0,0.0010605926,0.0010469243,0.0010395148,0.0010722725,0.0010605922,0.001046924,0.0,0.0010605922,0.001046924,0.0010395133,0.0,0.0010605926,0.0010469242,0.001039512,0.0010504718,0.0010564118,0.0010683117,0.0010722714,0.0010605922,0.001046924,0.001039512,0.0010504718,0.0010564118,0.0010683117,0.0010722736,0.0,0.0,0.0010308551,0.001011882,0.0010679462,0.0010904358,0.0010722708,0.0,0.001046924,0.0010308551,0.0010213362,0.0010318131,0.0011074458,0.0,0.0010605925,0.0,0.0010308551,0.001011882,0.0010679462,0.0010792812,0.0010722746,0.0,0.001046924,0.0010308549,0.0010213362,0.0010318131,0.0011074537,0.0,0.0010605922,0.001046924,0.001039512,0.0010504718,0.0010564118,0.0010683133,0.0010722711,0.0010605922,0.001046924,0.001039512,0.0010504718,0.0010564118,0.0010683117,0.0,0.0010605926,0.0010469243,0.001039512,0.0010504718,0.0010564118,0.0010683119,0.0,0.0,0.001046924,0.0010308551,0.0010213362,0.0010318131,0.0011074456,0.001072271,0.0010605922,0.0,0.0,0.0010605925,0.0010605924,0.0010548854,0.0010722758,0.0,0.0010469243,0.0,0.0010605925,0.001046924,0.0010679498,0.001072287,0.0,0.0010605925,0.0010469243,0.001039512,0.0,0.0010605932,0.0,0.0010605922,0.0,0.0010308551,0.001011882,0.0010679461,0.0010792889,0.0010722723,0.0,0.001046924,0.0010308551,0.0010213363,0.0010318132,0.0011075117,0.0010722768,0.0,0.0,0.0010308551,0.001011882,0.0010679462,0.0010904357,0.0,0.0010605925,0.0010469242,0.001039512,0.0010504718,0.0010564118,0.0010683117,0.001072259,0.0010605925,0.0010469243,0.0,0.0010605924,0.001046924,0.001039513,0.0010722714,0.0,0.0010469243,0.0010308552,0.0010213362,0.0010318131,0.0011074482,0.0010722718,0.0,0.0010469242,0.0010308549,0.0010213363,0.0010318131,0.0011074474,0.0,0.0010605925,0.0010605925,0.0010548849,0.001066109,0.0,0.0009894585,0.0010722706,0.0,0.0010469243,0.0010308551,0.0010213362,0.0010318131,0.0011074455,0.0010722723,0.0,0.0,0.0010308551,0.001011882,0.0010679462,0.0010904374,0.0010722748,0.0010605925,0.0,0.0010308555,0.0010118821,0.0010679462,0.0010792887,0.0,0.0010605925,0.0010469243,0.001039512,0.0010504718,0.0010564118,0.0010683117,0.0,0.0010605932,0.0,0.0010308551,0.001011882,0.0010679462,0.0010792812,0.0,0.0010605925,0.0010469242,0.001039512,0.0010504718,0.0010564118,0.0010683121,0.0010722745,0.0010605924,0.0010469243,0.0010395122,0.0010504718,0.0010564118,0.0010683122,0.0,0.0,0.0,0.0010308551,0.001011882,0.0010679462,0.0010904365,0.0010722711,0.0010605922,0.0,0.0010308551,0.001011882,0.0010679462,0.001079282,0.0010722735,0.0010605925,0.001046924,0.0010679462,0.0,0.0010308551,0.0010118822,0.0,0.0010605922,0.001046924,0.001039512,0.0010504718,0.0010564118,0.0010683129,0.0,0.0010605922,0.001046924,0.001039512,0.0010504718,0.0010564118,0.0010683121,0.0,0.0010605927,0.0010469243,0.001039512,0.0010504718,0.0010564118,0.0010683147,0.0010722714,0.0010605922,0.001046924,0.001039512,0.0010504718,0.0010564118,0.0010683122,0.0,0.0,0.001046924,0.0010308551,0.0010213362,0.0010318131,0.0011074459,0.0,0.0010605922,0.001046924,0.001039512,0.0010504718,0.0010564118,0.0010683117,0.0010723415,0.0010605934,0.0010469243,0.0010395121,0.0010504718,0.0010564118,0.0010683151
k__Bacteria|p__Actinobacteria|c__Actinomycetia|o__Corynebacteriales|f__Gordoniaceae|g__Gordonia|s__Gordonia_otitidis,0.0,0.0010585946,0.0010449031,0.001037499,0.0010485393,0.0010545468,0.001066523,0.0,0.0010585946,0.0010449031,0.001037499,0.0010485393,0.0010545468,0.0010665227,0.0,0.0,0.0010449201,0.0010288234,0.0010193032,0.0010298535,0.001105727,0.0010703458,0.0,0.0010449031,0.0010288125,0.0010193023,0.0010298535,0.0011057261,0.0,0.0,0.0010449031,0.0010288125,0.0010193023,0.0010298535,0.0011057261,0.0010702985,0.0010585946,0.0010449031,0.001037499,0.0010485393,0.0010545468,0.0010665226,0.0,0.0010585951,0.0010449032,0.001037499,0.0010485393,0.0010545468,0.0010665236,0.0010702984,0.0010585946,0.0010449031,0.001037499,0.0010485393,0.0010545468,0.0010665227,0.0,0.001058595,0.0010449039,0.0010374992,0.0010485393,0.0010545468,0.0010665237,0.0,0.0010585946,0.0010449031,0.001037499,0.0010485393,0.0010545468,0.0010665227,0.0,0.0010585946,0.0,0.0010288125,0.0010098214,0.0010659825,0.0010774126,0.0,0.0010585946,0.0010449031,0.001037499,0.0010485393,0.0010545468,0.0010665234,0.0,0.0,0.0,0.0010288125,0.0010098214,0.0010659825,0.0010885991,0.0010703123,0.0010585946,0.0,0.0010288125,0.0010098214,0.0010659825,0.0010774209,0.0010704016,0.0,0.0,0.0010288128,0.0010098214,0.0010659825,0.0010885985,0.0010703333,0.0,0.0010449031,0.0,0.0010585946,0.0010449031,0.0010659827,0.0010703029,0.0,0.0,0.0010288125,0.0010098214,0.0010659825,0.0010885969,0.0,0.0010585963,0.0,0.0010288125,0.0010098214,0.0010659825,0.0010774109,0.0,0.0,0.0010449038,0.0010585963,0.0,0.0010288125,0.001058595,0.0010703304,0.001058595,0.0,0.0010288125,0.0010098214,0.0010659825,0.0010774105,0.0,0.0,0.0010449032,0.0010288125,0.0010193023,0.0010298535,0.0011057263,0.0,0.0,0.0010449031,0.0,0.0010585946,0.0010449031,0.0010659826,0.0,0.0010585986,0.0,0.0010585947,0.0,0.0010585946,0.0010449031,0.0,0.0,0.001044921,0.0010288156,0.0010193023,0.0010298535,0.0011057269,0.0,0.001058641,0.0010585997,0.0010528965,0.0010642069,0.0,0.0009873419,0.0,0.0010585974,0.0010449039,0.0,0.001058595,0.0010449034,0.0010375024,0.0010703069,0.0010585946,0.0010449031,0.0,0.0010585946,0.0010449031,0.0010375006,0.0,0.001058595,0.0010449031,0.001037499,0.0010485393,0.0010545468,0.0010665229,0.0010702984,0.0010585946,0.0010449031,0.001037499,0.0010485393,0.0010545468,0.0010665227,0.0010703366,0.0,0.0,0.0010288125,0.0010098214,0.0010659825,0.0010885969,0.0010703071,0.0,0.0010449031,0.0010288125,0.0010193023,0.0010298535,0.0011057263,0.0,0.0010585947,0.0,0.0010288125,0.0010098214,0.0010659825,0.0010774105,0.0010703232,0.0,0.0010449031,0.0010288125,0.0010193023,0.0010298535,0.0011057361,0.0,0.0010585946,0.0010449031,0.001037499,0.0010485393,0.0010545468,0.0010665248,0.0010702995,0.0010585946,0.0010449031,0.001037499,0.0010485393,0.0010545468,0.0010665226,0.0,0.0010585951,0.0010449034,0.001037499,0.0010485393,0.0010545468,0.001066523,0.0,0.0,0.0010449031,0.0010288125,0.0010193023,0.0010298535,0.0011057265,0.0010703019,0.0010585946,0.0,0.0,0.0010585947,0.0010585946,0.0010528963,0.0010703485,0.0,0.0010449034,0.0,0.0010585947,0.0010449031,0.0010659868,0.0010704566,0.0,0.0010585949,0.0010449034,0.001037499,0.0,0.0010585955,0.0,0.0010585944,0.0,0.0010288125,0.0010098214,0.0010659825,0.0010774203,0.0010703062,0.0,0.0010449031,0.0010288125,0.0010193023,0.0010298541,0.0011058064,0.0010703182,0.0,0.0,0.0010288125,0.0010098214,0.0010659825,0.0010885966,0.0,0.0010585947,0.0010449031,0.001037499,0.0010485393,0.0010545468,0.0010665227,0.0010703251,0.0010585947,0.0010449031,0.0,0.0010585946,0.0010449031,0.0010375007,0.0010703023,0.0,0.0010449031,0.0010288126,0.0010193023,0.0010298535,0.0011057289,0.0010703034,0.0,0.0010449031,0.0010288125,0.0010193023,0.0010298535,0.0011057288,0.0,0.0010585947,0.001058595,0.001052896,0.0010642068,0.0,0.0009873857,0.0010703468,0.0,0.0010449034,0.0010288125,0.0010193023,0.0010298535,0.0011057261,0.0010703057,0.0,0.0,0.0010288125,0.0010098214,0.0010659825,0.0010885989,0.0010703932,0.0010585957,0.0,0.0010288139,0.001009822,0.0010659829,0.0010774194,0.0,0.0010585947,0.0010449034,0.001037499,0.0010485393,0.0010545468,0.0010665226,0.0,0.0010585957,0.0,0.0010288125,0.0010098214,0.0010659825,0.0010774105,0.0,0.0010585949,0.0010449034,0.001037499,0.0010485393,0.0010545468,0.0010665229,0.0010703187,0.0010585948,0.0010449034,0.0010374995,0.0010485393,0.0010545468,0.001066523,0.0,0.0,0.0,0.0010288125,0.0010098214,0.0010659825,0.0010885975,0.0010702979,0.0010585946,0.0,0.0010288125,0.0010098214,0.0010659825,0.0010774118,0.0010703134,0.0010585947,0.0010449031,0.0010659825,0.0,0.0010288125,0.0010098215,0.0,0.0010585946,0.0010449031,0.001037499,0.0010485393,0.0010545468,0.001066524,0.0,0.0010585946,0.0010449031,0.001037499,0.0010485393,0.0010545468,0.001066523,0.0,0.0010585956,0.0010449031,0.001037499,0.0010485393,0.0010545468,0.0010665259,0.0010703118,0.0010585946,0.0010449031,0.001037499,0.0010485393,0.0010545468,0.0010665234,0.0,0.0,0.0010449031,0.0010288125,0.0010193023,0.0010298535,0.0011057268,0.0,0.0010585946,0.0010449031,0.001037499,0.0010485393,0.0010545468,0.0010665227,0.0010705567,0.0010585964,0.0010449034,0.001037499,0.0010485393,0.0010545468,0.0010665264
k__Bacteria|p__Actinobacteria|c__Actinomycetia|o__Corynebacteriales|f__Corynebacteriaceae|g__Corynebacterium|s__Corynebacterium_simulans,0.0,0.0010597369,0.0010459839,0.0010384647,0.0010492657,0.0010550449,0.0010668454,0.0,0.001059737,0.0010459839,0.0010384647,0.0010492657,0.0010550449,0.0010668455,0.0,0.0,0.0010459858,0.0010298274,0.0010201972,0.0010305078,0.0011064744,0.0010715019,0.0,0.0010459839,0.0010298262,0.0010201969,0.0010305078,0.0011064743,0.0,0.0,0.0010459839,0.0010298262,0.0010201969,0.0010305078,0.0011064743,0.0010714973,0.0010597369,0.0010459839,0.0010384647,0.0010492657,0.0010550449,0.001066845,0.0,0.0010597369,0.0010459836,0.0010384647,0.0010492657,0.0010550449,0.0010668464,0.0010714973,0.0010597369,0.0010459839,0.0010384647,0.0010492657,0.0010550449,0.0010668454,0.0,0.0010597372,0.001045984,0.0010384648,0.0010492657,0.0010550449,0.0010668455,0.0,0.001059737,0.0010459839,0.0010384647,0.0010492657,0.0010550449,0.0010668455,0.0,0.001059737,0.0,0.0010298262,0.0010107633,0.0010670746,0.0010782676,0.0,0.0010597369,0.0010459839,0.0010384647,0.0010492657,0.0010550449,0.0010668456,0.0,0.0,0.0,0.0010298262,0.0010107633,0.0010670746,0.0010895109,0.001071499,0.001059737,0.0,0.0010298262,0.0010107633,0.0010670746,0.0010782707,0.0010715141,0.0,0.0,0.0010298264,0.0010107633,0.0010670746,0.0010895114,0.0010715005,0.0,0.0010459839,0.0,0.0010597369,0.0010459839,0.0010670746,0.0010714972,0.0,0.0,0.0010298262,0.0010107633,0.0010670746,0.0010895106,0.0,0.0010597373,0.0,0.0010298262,0.0010107633,0.0010670746,0.0010782669,0.0,0.0,0.0010459839,0.0010597373,0.0,0.0010298262,0.0010597375,0.0010714959,0.0010597369,0.0,0.0010298262,0.0010107633,0.0010670746,0.0010782667,0.0,0.0,0.0010459836,0.0010298262,0.0010201969,0.0010305078,0.0011064744,0.0,0.0,0.0010459839,0.0,0.0010597369,0.0010459839,0.0010670746,0.0,0.0010597367,0.0,0.0010597372,0.0,0.0010597369,0.0010459839,0.0,0.0,0.0010459832,0.0010298261,0.0010201972,0.0010305078,0.001106474,0.0,0.0010597402,0.0010597369,0.0010539269,0.0010650003,0.0,0.0009881991,0.0,0.0010597374,0.0010459839,0.0,0.001059737,0.0010459836,0.0010384666,0.0010714971,0.0010597369,0.0010459839,0.0,0.0010597369,0.0010459839,0.0010384656,0.0,0.0010597372,0.0010459839,0.0010384647,0.0010492657,0.0010550449,0.0010668454,0.0010714973,0.0010597369,0.0010459839,0.0010384647,0.0010492657,0.0010550449,0.0010668455,0.0010715021,0.0,0.0,0.0010298262,0.0010107633,0.0010670746,0.0010895105,0.0010714971,0.0,0.0010459839,0.0010298262,0.0010201969,0.0010305078,0.0011064742,0.0,0.0010597372,0.0,0.0010298262,0.0010107633,0.0010670746,0.0010782664,0.001071501,0.0,0.0010459839,0.0010298262,0.0010201969,0.0010305078,0.0011064793,0.0,0.0010597369,0.0010459839,0.0010384647,0.0010492657,0.0010550449,0.0010668464,0.0010714974,0.0010597369,0.0010459839,0.0010384647,0.0010492657,0.0010550449,0.001066845,0.0,0.0010597369,0.0010459836,0.0010384647,0.0010492657,0.0010550449,0.0010668454,0.0,0.0,0.0010459839,0.0010298262,0.0010201969,0.0010305078,0.0011064743,0.0010714973,0.0010597369,0.0,0.0,0.0010597372,0.001059737,0.0010539273,0.0010715028,0.0,0.0010459836,0.0,0.0010597372,0.0010459835,0.0010670776,0.0010715277,0.0,0.0010597372,0.0010459836,0.0010384647,0.0,0.0010597375,0.0,0.0010597369,0.0,0.0010298262,0.0010107633,0.0010670747,0.0010782735,0.0010714978,0.0,0.0010459839,0.0010298262,0.0010201972,0.001030508,0.0011065054,0.0010714984,0.0,0.0,0.0010298262,0.0010107633,0.0010670746,0.0010895105,0.0,0.0010597372,0.0010459839,0.0010384647,0.0010492657,0.0010550449,0.0010668455,0.001071495,0.001059737,0.0010459836,0.0,0.001059737,0.0010459839,0.0010384654,0.0010714974,0.0,0.0010459838,0.0010298264,0.0010201969,0.0010305078,0.0011064756,0.0010714972,0.0,0.0010459839,0.0010298262,0.0010201972,0.0010305078,0.0011064756,0.0,0.001059737,0.0010597372,0.001053927,0.0010650003,0.0,0.0009882265,0.0010714993,0.0,0.0010459836,0.0010298262,0.0010201969,0.0010305078,0.0011064743,0.0010714973,0.0,0.0,0.0010298262,0.0010107633,0.0010670746,0.0010895113,0.0010715117,0.001059737,0.0,0.0010298267,0.0010107629,0.0010670747,0.001078271,0.0,0.0010597372,0.0010459836,0.0010384647,0.0010492657,0.0010550449,0.001066845,0.0,0.0010597368,0.0,0.0010298262,0.0010107633,0.0010670746,0.0010782664,0.0,0.001059737,0.001045984,0.0010384647,0.0010492657,0.0010550449,0.0010668454,0.0010715014,0.001059737,0.0010459839,0.001038465,0.0010492657,0.0010550449,0.0010668456,0.0,0.0,0.0,0.0010298262,0.0010107633,0.0010670746,0.0010895111,0.0010714973,0.0010597369,0.0,0.0010298262,0.0010107633,0.0010670746,0.0010782671,0.0010714984,0.0010597372,0.0010459839,0.0010670746,0.0,0.0010298262,0.0010107633,0.0,0.0010597369,0.0010459839,0.0010384647,0.0010492657,0.0010550449,0.0010668461,0.0,0.0010597369,0.0010459839,0.0010384647,0.0010492657,0.0010550449,0.0010668455,0.0,0.0010597369,0.0010459836,0.0010384647,0.0010492657,0.0010550449,0.0010668472,0.0010714974,0.0010597369,0.0010459839,0.0010384647,0.0010492657,0.0010550449,0.0010668457,0.0,0.0,0.0010459839,0.0010298262,0.0010201969,0.0010305078,0.0011064744,0.0,0.0010597369,0.0010459839,0.0010384647,0.0010492657,0.0010550449,0.0010668455,0.0010715515,0.0010597372,0.0010459836,0.0010384647,0.0010492657,0.0010550449,0.0010668476
k__Bacteria|p__Actinobacteria|c__Coriobacteriia|o__Coriobacteriales|f__Atopobiaceae|g__Olsenella|s__Olsenella_uli,0.0,0.0010597305,0.0010459033,0.0010382755,0.0010488868,0.0010544797,0.0010661497,0.0,0.0010597308,0.0010459033,0.0010382755,0.0010488868,0.0010544797,0.0010661498,0.0,0.0,0.001045927,0.0010296837,0.0010199274,0.0010300423,0.0011062383,0.0010716079,0.0,0.0010459033,0.0010296677,0.0010199262,0.0010300423,0.0011062372,0.0,0.0,0.0010459033,0.0010296677,0.0010199262,0.0010300423,0.001106237,0.0010715617,0.0010597307,0.0010459033,0.0010382755,0.0010488868,0.0010544797,0.0010661497,0.0,0.0010597315,0.0010459033,0.0010382755,0.0010488868,0.0010544797,0.00106615,0.0010715617,0.0010597307,0.0010459033,0.0010382755,0.0010488868,0.0010544797,0.0010661497,0.0,0.0010597309,0.0010459041,0.0010382757,0.0010488868,0.0010544797,0.0010661507,0.0,0.0010597308,0.0010459033,0.0010382755,0.0010488868,0.0010544797,0.0010661497,0.0,0.0010597308,0.0,0.0010296677,0.0010105232,0.001067038,0.0010780524,0.0,0.0010597307,0.0010459033,0.0010382755,0.0010488868,0.0010544797,0.0010661506,0.0,0.0,0.0,0.0010296677,0.0010105232,0.001067038,0.0010893734,0.0010715745,0.0010597308,0.0,0.0010296677,0.0010105232,0.001067038,0.0010780639,0.0010716652,0.0,0.0,0.001029668,0.0010105232,0.001067038,0.001089372,0.0010715963,0.0,0.0010459033,0.0,0.0010597307,0.0010459033,0.0010670383,0.0010715666,0.0,0.0,0.0010296677,0.0010105232,0.001067038,0.0010893693,0.0,0.0010597332,0.0,0.0010296677,0.0010105232,0.001067038,0.0010780504,0.0,0.0,0.0010459046,0.0010597326,0.0,0.0010296677,0.0010597308,0.001071601,0.0010597311,0.0,0.0010296677,0.0010105232,0.001067038,0.00107805,0.0,0.0,0.0010459033,0.0010296677,0.0010199262,0.0010300423,0.0011062374,0.0,0.0,0.0010459033,0.0,0.0010597307,0.0010459033,0.0010670382,0.0,0.0010597378,0.0,0.0010597308,0.0,0.0010597307,0.0010459033,0.0,0.0,0.0010459324,0.0010296728,0.0010199262,0.0010300423,0.0011062385,0.0,0.0010597995,0.0010597382,0.0010538171,0.0010647047,0.0,0.0009878848,0.0,0.0010597346,0.0010459047,0.0,0.0010597312,0.0010459033,0.0010382794,0.0010715708,0.0010597307,0.0010459033,0.0,0.0010597307,0.0010459033,0.0010382773,0.0,0.0010597308,0.0010459033,0.0010382755,0.0010488868,0.0010544797,0.0010661498,0.0010715615,0.0010597307,0.0010459033,0.0010382755,0.0010488868,0.0010544797,0.0010661497,0.0010715997,0.0,0.0,0.0010296677,0.0010105232,0.001067038,0.0010893691,0.0010715709,0.0,0.0010459033,0.0010296677,0.0010199262,0.0010300423,0.0011062376,0.0,0.0010597308,0.0,0.0010296677,0.0010105232,0.001067038,0.0010780498,0.001071586,0.0,0.0010459033,0.0010296677,0.0010199262,0.0010300423,0.0011062504,0.0,0.0010597307,0.0010459033,0.0010382755,0.0010488868,0.0010544797,0.001066152,0.0010715625,0.0010597307,0.0010459033,0.0010382755,0.0010488868,0.0010544797,0.0010661497,0.0,0.0010597315,0.0010459033,0.0010382755,0.0010488868,0.0010544797,0.00106615,0.0,0.0,0.0010459033,0.0010296677,0.0010199262,0.0010300423,0.0011062371,0.0010715647,0.0010597307,0.0,0.0,0.0010597308,0.0010597308,0.001053817,0.0010716105,0.0,0.0010459037,0.0,0.0010597308,0.0010459033,0.0010670422,0.0010717183,0.0,0.0010597309,0.0010459033,0.0010382755,0.0,0.0010597318,0.0,0.0010597305,0.0,0.0010296677,0.0010105232,0.001067038,0.0010780578,0.0010715694,0.0,0.0010459033,0.0010296677,0.0010199262,0.0010300428,0.001106347,0.0010715845,0.0,0.0,0.0010296677,0.0010105232,0.001067038,0.001089369,0.0,0.0010597308,0.0010459033,0.0010382755,0.0010488868,0.0010544797,0.0010661498,0.0010715694,0.0010597308,0.0010459033,0.0,0.0010597307,0.0010459033,0.0010382772,0.0010715658,0.0,0.0010459033,0.0010296681,0.0010199262,0.0010300423,0.0011062407,0.0010715675,0.0,0.0010459033,0.0010296679,0.0010199262,0.0010300424,0.0011062403,0.0,0.0010597308,0.0010597309,0.0010538165,0.0010647047,0.0,0.0009879415,0.0010716122,0.0,0.0010459033,0.0010296677,0.0010199262,0.0010300423,0.001106237,0.0010715702,0.0,0.0,0.0010296677,0.0010105232,0.001067038,0.0010893721,0.0010716494,0.001059732,0.0,0.0010296694,0.0010105238,0.0010670383,0.0010780621,0.0,0.0010597307,0.0010459033,0.0010382755,0.0010488868,0.0010544797,0.0010661497,0.0,0.0010597324,0.0,0.0010296677,0.0010105232,0.001067038,0.0010780498,0.0,0.0010597308,0.0010459033,0.0010382755,0.0010488868,0.0010544797,0.0010661498,0.0010715835,0.0010597309,0.0010459033,0.001038276,0.0010488868,0.0010544797,0.0010661501,0.0,0.0,0.0,0.0010296677,0.0010105232,0.001067038,0.0010893695,0.001071561,0.0010597307,0.0,0.0010296677,0.0010105232,0.001067038,0.0010780514,0.0010715798,0.0010597307,0.0010459033,0.001067038,0.0,0.0010296677,0.0010105233,0.0,0.0010597307,0.0010459033,0.0010382755,0.0010488868,0.0010544797,0.001066151,0.0,0.0010597307,0.0010459033,0.0010382755,0.0010488868,0.0010544797,0.00106615,0.0,0.0010597316,0.0010459033,0.0010382755,0.0010488868,0.0010544797,0.001066153,0.0010715764,0.0010597307,0.0010459033,0.0010382755,0.0010488868,0.0010544797,0.0010661504,0.0,0.0,0.0010459033,0.0010296677,0.0010199262,0.0010300423,0.0011062378,0.0,0.0010597307,0.0010459033,0.0010382755,0.0010488868,0.0010544797,0.0010661497,0.0010718376,0.0010597336,0.0010459035,0.0010382755,0.0010488868,0.0010544797,0.0010661543
k__Bacteria|p__Actinobacteria|c__Coriobacteriia|o__Coriobacteriales|f__Atopobiaceae|g__Olsenella|s__Olsenella_urininfantis,0.0,0.0010622564,0.0010485585,0.0010410673,0.0010518332,0.0010575927,0.001069343,0.0,0.0010622566,0.0010485585,0.0010410673,0.0010518332,0.0010575927,0.0010693427,0.0,0.0,0.0010485618,0.0010324569,0.0010228549,0.00103314,0.0011087237,0.0010739841,0.0,0.0010485585,0.0010324556,0.0010228552,0.00103314,0.0011087231,0.0,0.0,0.0010485585,0.0010324556,0.0010228552,0.00103314,0.0011087231,0.0010739618,0.0010622565,0.0010485585,0.0010410673,0.0010518332,0.0010575927,0.0010693428,0.0,0.0010622571,0.0010485587,0.0010410673,0.0010518332,0.0010575927,0.0010693442,0.0010739618,0.0010622565,0.0010485585,0.0010410673,0.0010518332,0.0010575927,0.0010693427,0.0,0.0010622565,0.0010485592,0.0010410674,0.0010518332,0.0010575927,0.0010693432,0.0,0.0010622566,0.0010485585,0.0010410673,0.0010518332,0.0010575927,0.0010693428,0.0,0.0010622566,0.0,0.0010324556,0.0010134436,0.0010695617,0.0010807016,0.0,0.0010622565,0.0010485585,0.0010410673,0.0010518332,0.0010575927,0.0010693431,0.0,0.0,0.0,0.0010324556,0.0010134436,0.0010695617,0.0010918779,0.0010739695,0.0010622566,0.0,0.0010324556,0.0010134436,0.0010695617,0.0010807042,0.0010740078,0.0,0.0,0.0010324557,0.0010134436,0.0010695617,0.0010918779,0.0010739791,0.0,0.0010485585,0.0,0.0010622565,0.0010485585,0.0010695618,0.001073963,0.0,0.0,0.0010324556,0.0010134436,0.0010695617,0.0010918772,0.0,0.0010622567,0.0,0.0010324556,0.0010134436,0.0010695617,0.0010807,0.0,0.0,0.0010485591,0.0010622567,0.0,0.0010324556,0.0010622569,0.001073966,0.0010622565,0.0,0.0010324556,0.0010134436,0.0010695617,0.0010806995,0.0,0.0,0.0010485586,0.0010324556,0.0010228552,0.00103314,0.0011087235,0.0,0.0,0.0010485585,0.0,0.0010622565,0.0010485585,0.0010695618,0.0,0.0010622559,0.0,0.0010622566,0.0,0.0010622565,0.0010485589,0.0,0.0,0.0010485575,0.001032455,0.0010228552,0.00103314,0.0011087231,0.0,0.0010622599,0.0010622567,0.0010564721,0.0010675008,0.0,0.0009909273,0.0,0.0010622569,0.0010485587,0.0,0.0010622567,0.0010485586,0.0010410697,0.0010739651,0.0010622565,0.0010485585,0.0,0.0010622565,0.0010485585,0.0010410686,0.0,0.0010622566,0.0010485586,0.0010410673,0.0010518332,0.0010575927,0.0010693428,0.001073962,0.0010622565,0.0010485585,0.0010410673,0.0010518332,0.0010575927,0.0010693428,0.0010739804,0.0,0.0,0.0010324556,0.0010134436,0.0010695617,0.0010918771,0.0010739631,0.0,0.0010485585,0.0010324556,0.0010228552,0.00103314,0.0011087233,0.0,0.0010622566,0.0,0.0010324556,0.0010134436,0.0010695617,0.0010806995,0.0010739726,0.0,0.0010485585,0.0010324556,0.0010228552,0.00103314,0.0011087302,0.0,0.0010622565,0.0010485585,0.0010410673,0.0010518332,0.0010575927,0.0010693443,0.0010739624,0.0010622565,0.0010485585,0.0010410673,0.0010518332,0.0010575927,0.0010693428,0.0,0.0010622567,0.0010485586,0.0010410673,0.0010518332,0.0010575927,0.001069343,0.0,0.0,0.0010485585,0.0010324556,0.0010228552,0.00103314,0.0011087231,0.0010739636,0.0010622565,0.0,0.0,0.0010622566,0.0010622566,0.0010564728,0.0010739862,0.0,0.0010485587,0.0,0.0010622569,0.0010485585,0.0010695665,0.0010740393,0.0,0.0010622566,0.0010485586,0.0010410673,0.0,0.0010622573,0.0,0.0010622566,0.0,0.0010324556,0.0010134436,0.0010695618,0.0010807068,0.0010739649,0.0,0.0010485585,0.0010324556,0.0010228552,0.0010331403,0.0011087669,0.0010739682,0.0,0.0,0.0010324556,0.0010134436,0.0010695617,0.0010918771,0.0,0.0010622566,0.0010485586,0.0010410673,0.0010518332,0.0010575927,0.0010693427,0.0010739905,0.0010622565,0.0010485586,0.0,0.0010622565,0.0010485585,0.0010410683,0.0010739631,0.0,0.0010485589,0.0010324558,0.0010228552,0.00103314,0.0011087246,0.0010739636,0.0,0.0010485586,0.0010324556,0.0010228552,0.0010331402,0.0011087247,0.0,0.0010622565,0.0010622567,0.0010564722,0.0010675007,0.0,0.0009909591,0.0010739842,0.0,0.0010485586,0.0010324556,0.0010228552,0.00103314,0.0011087231,0.0010739645,0.0,0.0,0.0010324556,0.0010134436,0.0010695617,0.0010918776,0.0010740036,0.0010622566,0.0,0.0010324559,0.0010134438,0.0010695616,0.001080706,0.0,0.0010622565,0.0010485586,0.0010410673,0.0010518332,0.0010575927,0.0010693428,0.0,0.0010622569,0.0,0.0010324556,0.0010134436,0.0010695617,0.0010806995,0.0,0.0010622569,0.0010485586,0.0010410673,0.0010518332,0.0010575927,0.0010693427,0.0010739702,0.0010622565,0.0010485587,0.0010410676,0.0010518332,0.0010575927,0.0010693433,0.0,0.0,0.0,0.0010324556,0.0010134436,0.0010695617,0.0010918777,0.0010739615,0.0010622565,0.0,0.0010324556,0.0010134436,0.0010695617,0.0010807003,0.0010739674,0.0010622565,0.0010485585,0.0010695617,0.0,0.0010324556,0.0010134443,0.0,0.0010622565,0.0010485585,0.0010410673,0.0010518332,0.0010575927,0.0010693439,0.0,0.0010622565,0.0010485585,0.0010410673,0.0010518332,0.0010575927,0.0010693428,0.0,0.0010622565,0.0010485586,0.0010410673,0.0010518332,0.0010575927,0.0010693446,0.0010739651,0.0010622565,0.0010485585,0.0010410673,0.0010518332,0.0010575927,0.0010693431,0.0,0.0,0.0010485585,0.0010324556,0.0010228552,0.00103314,0.0011087236,0.0,0.0010622565,0.0010485585,0.0010410673,0.0010518332,0.0010575927,0.0010693428,0.0010740855,0.0010622567,0.0010485587,0.0010410674,0.0010518332,0.0010575927,0.0010693449
k__Bacteria|p__Actinobacteria|c__Coriobacteriia|o__Coriobacteriales|f__Coriobacteriaceae|g__GGB9399|s__GGB9399_SGB14744,0.0,0.0010599535,0.0010464094,0.0010391925,0.0010505158,0.0010568093,0.0010689655,0.0,0.0010599536,0.0010464094,0.0010391925,0.0010505158,0.0010568093,0.0010689654,0.0,0.0,0.0010464165,0.001030475,0.0010211557,0.0010320019,0.0011073069,0.0010715305,0.0,0.0010464094,0.0010304715,0.0010211553,0.0010320019,0.001107307,0.0,0.0,0.0010464094,0.0010304715,0.0010211553,0.0010320019,0.0011073069,0.0010715164,0.0010599535,0.0010464094,0.0010391925,0.0010505158,0.0010568093,0.0010689655,0.0,0.0010599543,0.0010464094,0.0010391925,0.0010505158,0.0010568093,0.0010689663,0.0010715163,0.0010599535,0.0010464094,0.0010391925,0.0010505158,0.0010568093,0.0010689655,0.0,0.0010599537,0.00104641,0.0010391928,0.0010505158,0.0010568093,0.0010689656,0.0,0.0010599536,0.0010464094,0.0010391925,0.0010505158,0.0010568093,0.0010689655,0.0,0.0010599536,0.0,0.0010304715,0.0010116374,0.0010673722,0.0010790579,0.0,0.0010599535,0.0010464094,0.0010391925,0.0010505158,0.0010568093,0.0010689654,0.0,0.0,0.0,0.0010304715,0.0010116374,0.0010673722,0.0010900892,0.001071522,0.0010599536,0.0,0.0010304715,0.0010116374,0.0010673722,0.0010790613,0.0010715665,0.0,0.0,0.0010304716,0.0010116374,0.0010673722,0.0010900893,0.0010715311,0.0,0.0010464094,0.0,0.0010599535,0.0010464094,0.001067372,0.0010715183,0.0,0.0,0.0010304715,0.0010116374,0.0010673722,0.0010900886,0.0,0.0010599544,0.0,0.0010304715,0.0010116374,0.0010673722,0.0010790572,0.0,0.0,0.0010464096,0.0010599546,0.0,0.0010304715,0.0010599536,0.001071525,0.0010599537,0.0,0.0010304714,0.0010116374,0.0010673722,0.0010790568,0.0,0.0,0.0010464094,0.0010304715,0.0010211553,0.0010320019,0.001107307,0.0,0.0,0.0010464094,0.0,0.0010599535,0.0010464094,0.001067372,0.0,0.0010599536,0.0,0.0010599537,0.0,0.0010599535,0.0010464094,0.0,0.0,0.0010464157,0.0010304723,0.0010211554,0.0010320019,0.0011073067,0.0,0.0010599764,0.0010599555,0.0010544346,0.0010660152,0.0,0.0009893075,0.0,0.0010599546,0.0010464097,0.0,0.0010599538,0.0010464092,0.0010391948,0.0010715178,0.0010599535,0.0010464094,0.0,0.0010599535,0.0010464094,0.0010391934,0.0,0.0010599537,0.0010464094,0.0010391925,0.0010505158,0.0010568093,0.0010689653,0.0010715162,0.0010599535,0.0010464094,0.0010391925,0.0010505158,0.0010568093,0.0010689655,0.0010715369,0.0,0.0,0.0010304715,0.0010116374,0.0010673722,0.0010900886,0.0010715213,0.0,0.0010464094,0.0010304715,0.0010211553,0.0010320019,0.0011073068,0.0,0.0010599537,0.0,0.0010304715,0.0010116374,0.0010673722,0.0010790571,0.001071525,0.0,0.0010464094,0.0010304715,0.0010211553,0.0010320019,0.0011073116,0.0,0.0010599535,0.0010464094,0.0010391925,0.0010505158,0.0010568093,0.0010689663,0.0010715165,0.0010599535,0.0010464094,0.0010391925,0.0010505158,0.0010568093,0.0010689655,0.0,0.0010599538,0.0010464092,0.0010391925,0.0010505158,0.0010568093,0.0010689655,0.0,0.0,0.0010464094,0.0010304715,0.0010211553,0.0010320019,0.0011073069,0.0010715169,0.0010599535,0.0,0.0,0.0010599537,0.0010599536,0.0010544346,0.0010715295,0.0,0.0010464092,0.0,0.0010599537,0.0010464094,0.0010673746,0.0010715872,0.0,0.0010599537,0.0010464092,0.0010391925,0.0,0.0010599538,0.0,0.0010599535,0.0,0.0010304715,0.0010116374,0.001067372,0.0010790621,0.0010715192,0.0,0.0010464094,0.0010304715,0.0010211554,0.0010320025,0.0011073417,0.00107152,0.0,0.0,0.0010304715,0.0010116374,0.0010673722,0.0010900886,0.0,0.0010599537,0.0010464094,0.0010391925,0.0010505158,0.0010568093,0.0010689654,0.0010715085,0.0010599537,0.0010464092,0.0,0.0010599535,0.0010464094,0.0010391935,0.0010715185,0.0,0.0010464092,0.0010304719,0.0010211553,0.0010320019,0.0011073074,0.0010715175,0.0,0.0010464094,0.0010304715,0.0010211554,0.001032002,0.0011073082,0.0,0.0010599537,0.0010599536,0.0010544346,0.0010660152,0.0,0.0009893321,0.0010715404,0.0,0.0010464092,0.0010304715,0.0010211553,0.0010320019,0.0011073069,0.0010715179,0.0,0.0,0.0010304715,0.0010116374,0.0010673722,0.0010900889,0.0010715595,0.0010599544,0.0,0.0010304723,0.0010116375,0.0010673722,0.0010790617,0.0,0.0010599536,0.0010464092,0.0010391925,0.0010505158,0.0010568093,0.0010689655,0.0,0.0010599536,0.0,0.0010304715,0.0010116374,0.0010673722,0.0010790571,0.0,0.0010599536,0.0010464094,0.0010391925,0.0010505158,0.0010568093,0.0010689653,0.0010715256,0.0010599536,0.0010464094,0.0010391929,0.0010505158,0.0010568093,0.0010689656,0.0,0.0,0.0,0.0010304715,0.0010116374,0.0010673722,0.001090089,0.0010715163,0.0010599535,0.0,0.0010304715,0.0010116374,0.0010673722,0.0010790576,0.0010715199,0.0010599536,0.0010464094,0.0010673722,0.0,0.0010304715,0.0010116376,0.0,0.0010599535,0.0010464094,0.0010391925,0.0010505158,0.0010568093,0.0010689656,0.0,0.0010599535,0.0010464094,0.0010391925,0.0010505158,0.0010568093,0.0010689654,0.0,0.001059954,0.0010464092,0.0010391925,0.0010505158,0.0010568093,0.0010689663,0.0010715236,0.0010599535,0.0010464094,0.0010391925,0.0010505158,0.0010568093,0.0010689658,0.0,0.0,0.0010464094,0.0010304715,0.0010211553,0.0010320019,0.001107307,0.0,0.0010599535,0.0010464094,0.0010391925,0.0010505158,0.0010568093,0.0010689655,0.0010715643,0.0010599542,0.0010464094,0.0010391927,0.0010505158,0.0010568093,0.0010689663
k__Bacteria|p__Actinobacteria|c__Coriobacteriia|o__Eggerthellales|f__Eggerthellaceae|g__Gordonibacter|s__Gordonibacter_sp_An232A,0.0,0.0010599901,0.001046211,0.0010386487,0.0010493658,0.0010550641,0.0010668042,0.0,0.0010599901,0.001046211,0.0010386487,0.0010493658,0.0010550641,0.001066804,0.0,0.0,0.0010462317,0.0010300407,0.0010203532,0.0010305777,0.0011066035,0.001071799,0.0,0.001046211,0.0010300259,0.0010203519,0.0010305777,0.0011066021,0.0,0.0,0.001046211,0.0010300259,0.0010203519,0.0010305777,0.001106602,0.0010717748,0.0010599899,0.001046211,0.0010386487,0.0010493658,0.0010550641,0.0010668039,0.0,0.0010599907,0.0010462111,0.0010386487,0.0010493658,0.0010550641,0.0010668051,0.0010717749,0.0010599899,0.001046211,0.0010386487,0.0010493658,0.0010550641,0.0010668042,0.0,0.0010599903,0.0010462119,0.0010386489,0.0010493658,0.0010550641,0.0010668047,0.0,0.0010599901,0.001046211,0.0010386487,0.0010493658,0.0010550641,0.0010668042,0.0,0.0010599901,0.0,0.0010300259,0.0010109333,0.0010673115,0.0010784246,0.0,0.0010599901,0.001046211,0.0010386487,0.0010493658,0.0010550641,0.001066805,0.0,0.0,0.0,0.0010300259,0.0010109333,0.0010673115,0.001089694,0.0010717799,0.0010599901,0.0,0.0010300259,0.0010109333,0.0010673115,0.0010784332,0.0010718245,0.0,0.0,0.0010300264,0.0010109333,0.0010673115,0.0010896929,0.0010717909,0.0,0.001046211,0.0,0.0010599899,0.001046211,0.0010673117,0.0010717771,0.0,0.0,0.0010300259,0.0010109333,0.0010673115,0.0010896911,0.0,0.0010599922,0.0,0.0010300259,0.0010109333,0.0010673115,0.0010784222,0.0,0.0,0.0010462127,0.0010599913,0.0,0.0010300259,0.0010599903,0.0010717994,0.0010599906,0.0,0.0010300259,0.0010109333,0.0010673115,0.0010784218,0.0,0.0,0.0010462111,0.0010300259,0.0010203519,0.0010305777,0.0011066028,0.0,0.0,0.001046211,0.0,0.0010599899,0.001046211,0.0010673117,0.0,0.001059997,0.0,0.0010599903,0.0,0.0010599899,0.0010462111,0.0,0.0,0.0010462354,0.00103003,0.0010203522,0.0010305777,0.0011066032,0.0,0.0010600381,0.0010599958,0.0010541393,0.0010651288,0.0,0.0009883485,0.0,0.0010599936,0.0010462124,0.0,0.0010599906,0.001046211,0.0010386528,0.0010717803,0.0010599901,0.001046211,0.0,0.0010599899,0.001046211,0.0010386504,0.0,0.0010599904,0.0010462111,0.0010386487,0.0010493658,0.0010550641,0.0010668043,0.0010717745,0.0010599899,0.001046211,0.0010386487,0.0010493658,0.0010550641,0.0010668042,0.0010717938,0.0,0.0,0.0010300259,0.0010109333,0.0010673115,0.0010896908,0.0010717777,0.0,0.001046211,0.0010300259,0.0010203519,0.0010305777,0.0011066028,0.0,0.0010599903,0.0,0.0010300259,0.0010109333,0.0010673115,0.0010784216,0.0010717884,0.0,0.001046211,0.0010300259,0.0010203519,0.0010305777,0.0011066141,0.0,0.0010599901,0.001046211,0.0010386487,0.0010493658,0.0010550641,0.0010668065,0.0010717748,0.0010599899,0.001046211,0.0010386487,0.0010493658,0.0010550641,0.0010668042,0.0,0.001059991,0.001046211,0.0010386487,0.0010493658,0.0010550641,0.0010668042,0.0,0.0,0.001046211,0.0010300259,0.0010203519,0.0010305777,0.0011066023,0.0010717757,0.0010599901,0.0,0.0,0.0010599903,0.0010599901,0.0010541393,0.0010718012,0.0,0.0010462113,0.0,0.0010599903,0.001046211,0.0010673173,0.0010718557,0.0,0.0010599903,0.001046211,0.0010386487,0.0,0.0010599911,0.0,0.00105999,0.0,0.0010300259,0.0010109333,0.0010673115,0.0010784315,0.0010717796,0.0,0.001046211,0.0010300259,0.001020352,0.0010305783,0.0011066899,0.0010717935,0.0,0.0,0.0010300259,0.0010109333,0.0010673115,0.0010896907,0.0,0.0010599903,0.0010462111,0.0010386487,0.0010493658,0.0010550641,0.001066804,0.0010717587,0.0010599903,0.001046211,0.0,0.0010599899,0.001046211,0.00103865,0.001071776,0.0,0.001046211,0.0010300264,0.0010203519,0.0010305777,0.0011066056,0.001071778,0.0,0.0010462111,0.0010300259,0.0010203522,0.0010305779,0.0011066053,0.0,0.0010599903,0.0010599904,0.0010541386,0.001065129,0.0,0.0009884032,0.0010717941,0.0,0.001046211,0.0010300259,0.0010203519,0.0010305777,0.001106602,0.0010717787,0.0,0.0,0.0010300259,0.0010109333,0.0010673115,0.0010896934,0.0010718163,0.0010599911,0.0,0.0010300274,0.0010109339,0.0010673119,0.0010784325,0.0,0.0010599903,0.001046211,0.0010386487,0.0010493658,0.0010550641,0.0010668042,0.0,0.0010599922,0.0,0.0010300259,0.0010109333,0.0010673115,0.0010784217,0.0,0.0010599903,0.0010462111,0.0010386487,0.0010493658,0.0010550641,0.0010668043,0.0010717873,0.0010599905,0.001046211,0.001038649,0.0010493658,0.0010550641,0.0010668046,0.0,0.0,0.0,0.0010300259,0.0010109333,0.0010673115,0.0010896917,0.0010717745,0.0010599899,0.0,0.0010300259,0.0010109333,0.0010673115,0.0010784233,0.0010717869,0.0010599903,0.001046211,0.0010673115,0.0,0.0010300259,0.0010109334,0.0,0.0010599899,0.001046211,0.0010386487,0.0010493658,0.0010550641,0.0010668057,0.0,0.0010599901,0.001046211,0.0010386487,0.0010493658,0.0010550641,0.0010668046,0.0,0.0010599908,0.001046211,0.0010386487,0.0010493658,0.0010550641,0.0010668075,0.0010717803,0.0010599901,0.001046211,0.0010386487,0.0010493658,0.0010550641,0.0010668047,0.0,0.0,0.001046211,0.0010300259,0.0010203519,0.0010305777,0.0011066026,0.0,0.0010599901,0.001046211,0.0010386487,0.0010493658,0.0010550641,0.0010668042,0.0010719633,0.0010599926,0.0010462113,0.0010386487,0.0010493658,0.0010550641,0.0010668085
k__Bacteria|p__Actinobacteria|c__Coriobacteriia|o__Eggerthellales|f__Eggerthellaceae|g__GGB45432|s__GGB45432_SGB63101,0.0,0.0010602612,0.0010467496,0.0010395747,0.0010509607,0.0010573176,0.001069514,0.0,0.0010602613,0.0010467496,0.0010395747,0.0010509607,0.0010573176,0.0010695136,0.0,0.0,0.0010467453,0.0010308423,0.0010215731,0.001032485,0.0011076635,0.0010718139,0.0,0.0010467496,0.001030846,0.001021573,0.001032485,0.001107663,0.0,0.0,0.0010467496,0.001030846,0.001021573,0.001032485,0.001107663,0.0010717924,0.0010602612,0.0010467496,0.0010395747,0.0010509607,0.0010573176,0.0010695135,0.0,0.0010602614,0.0010467498,0.0010395747,0.0010509607,0.0010573176,0.0010695145,0.0010717927,0.0010602612,0.0010467496,0.0010395747,0.0010509607,0.0010573176,0.0010695138,0.0,0.0010602613,0.0010467498,0.001039575,0.0010509607,0.0010573176,0.0010695145,0.0,0.0010602613,0.0010467496,0.0010395747,0.0010509607,0.0010573176,0.0010695136,0.0,0.0010602613,0.0,0.001030846,0.0010120466,0.0010676865,0.0010794293,0.0,0.0010602612,0.0010467496,0.0010395747,0.0010509607,0.0010573176,0.0010695147,0.0,0.0,0.0,0.001030846,0.0010120466,0.0010676865,0.0010904274,0.0010717997,0.0010602613,0.0,0.001030846,0.0010120466,0.0010676865,0.001079434,0.001071849,0.0,0.0,0.0010308461,0.0010120466,0.0010676865,0.0010904269,0.0010718078,0.0,0.0010467496,0.0,0.0010602612,0.0010467496,0.0010676866,0.0010717942,0.0,0.0,0.001030846,0.0010120466,0.0010676865,0.0010904255,0.0,0.0010602608,0.0,0.001030846,0.0010120466,0.0010676865,0.0010794287,0.0,0.0,0.0010467494,0.001060261,0.0,0.001030846,0.0010602616,0.0010717965,0.001060261,0.0,0.0010308459,0.0010120466,0.0010676865,0.0010794285,0.0,0.0,0.0010467498,0.001030846,0.001021573,0.001032485,0.0011076631,0.0,0.0,0.0010467496,0.0,0.0010602612,0.0010467496,0.0010676864,0.0,0.0010602594,0.0,0.0010602614,0.0,0.0010602612,0.00104675,0.0,0.0,0.0010467402,0.001030845,0.0010215729,0.001032485,0.0011076634,0.0,0.0010602471,0.0010602592,0.0010547814,0.0010664228,0.0,0.000989753,0.0,0.001060261,0.0010467494,0.0,0.0010602612,0.0010467498,0.0010395759,0.0010717931,0.0010602612,0.0010467496,0.0,0.0010602612,0.0010467496,0.0010395759,0.0,0.0010602614,0.0010467496,0.0010395747,0.0010509607,0.0010573176,0.0010695136,0.0010717926,0.0010602612,0.0010467496,0.0010395747,0.0010509607,0.0010573176,0.0010695136,0.0010718122,0.0,0.0,0.001030846,0.0010120466,0.0010676865,0.0010904254,0.0010717945,0.0,0.0010467496,0.001030846,0.001021573,0.001032485,0.001107663,0.0,0.0010602614,0.0,0.001030846,0.0010120466,0.0010676865,0.0010794284,0.0010718019,0.0,0.0010467496,0.001030846,0.001021573,0.001032485,0.0011076668,0.0,0.0010602612,0.0010467496,0.0010395747,0.0010509607,0.0010573176,0.001069516,0.001071793,0.0010602612,0.0010467496,0.0010395747,0.0010509607,0.0010573176,0.0010695135,0.0,0.0010602612,0.0010467498,0.0010395747,0.0010509607,0.0010573176,0.001069514,0.0,0.0,0.0010467496,0.001030846,0.001021573,0.001032485,0.0011076631,0.0010717943,0.0010602612,0.0,0.0,0.0010602614,0.0010602613,0.0010547824,0.0010718169,0.0,0.0010467495,0.0,0.0010602614,0.0010467496,0.001067688,0.0010718823,0.0,0.0010602613,0.0010467498,0.0010395747,0.0,0.0010602617,0.0,0.0010602612,0.0,0.001030846,0.0010120466,0.0010676864,0.0010794316,0.0010717947,0.0,0.0010467496,0.001030846,0.0010215729,0.0010324856,0.001107694,0.001071796,0.0,0.0,0.001030846,0.0010120466,0.0010676865,0.0010904255,0.0,0.0010602614,0.0010467496,0.0010395747,0.0010509607,0.0010573176,0.0010695136,0.0010718207,0.0010602613,0.0010467498,0.0,0.0010602612,0.0010467496,0.0010395749,0.0010717944,0.0,0.0010467498,0.001030846,0.001021573,0.001032485,0.0011076649,0.0010717944,0.0,0.0010467496,0.0010308463,0.0010215729,0.0010324852,0.0011076645,0.0,0.0010602613,0.0010602613,0.0010547821,0.0010664224,0.0,0.0009897785,0.0010718202,0.0,0.0010467498,0.001030846,0.001021573,0.001032485,0.001107663,0.001071796,0.0,0.0,0.001030846,0.0010120466,0.0010676865,0.001090427,0.0010718382,0.0010602612,0.0,0.001030846,0.0010120467,0.0010676865,0.0010794338,0.0,0.0010602613,0.0010467498,0.0010395747,0.0010509607,0.0010573176,0.0010695135,0.0,0.0010602605,0.0,0.001030846,0.0010120466,0.0010676865,0.0010794284,0.0,0.0010602612,0.0010467498,0.0010395747,0.0010509607,0.0010573176,0.0010695137,0.0010718032,0.0010602612,0.0010467498,0.0010395746,0.0010509607,0.0010573176,0.0010695143,0.0,0.0,0.0,0.001030846,0.0010120466,0.0010676865,0.0010904261,0.0010717924,0.0010602612,0.0,0.001030846,0.0010120466,0.0010676865,0.001079429,0.0010717997,0.0010602613,0.0010467496,0.0010676865,0.0,0.001030846,0.0010120473,0.0,0.0010602612,0.0010467496,0.0010395747,0.0010509607,0.0010573176,0.0010695149,0.0,0.0010602612,0.0010467496,0.0010395747,0.0010509607,0.0010573176,0.001069514,0.0,0.0010602609,0.0010467498,0.0010395747,0.0010509607,0.0010573176,0.0010695161,0.0010717964,0.0010602612,0.0010467496,0.0010395747,0.0010509607,0.0010573176,0.0010695144,0.0,0.0,0.0010467496,0.001030846,0.001021573,0.001032485,0.0011076635,0.0,0.0010602612,0.0010467496,0.0010395747,0.0010509607,0.0010573176,0.0010695136,0.0010719381,0.0010602609,0.0010467498,0.0010395747,0.0010509607,0.0010573176,0.0010695165
k__Bacteria|p__Actinobacteria|c__Coriobacteriia|o__Eggerthellales|f__Eggerthellaceae|g__Eggerthella|s__Eggerthella_sinensis,0.0,0.0010584656,0.001044915,0.0010377208,0.0010491323,0.001055504,0.0010677363,0.0,0.0010584657,0.001044915,0.0010377208,0.0010491323,0.001055504,0.0010677362,0.0,0.0,0.0010449312,0.001028985,0.0010196803,0.001030611,0.0011060617,0.0010700792,0.0,0.001044915,0.0010289729,0.0010196798,0.001030611,0.0011060609,0.0,0.0,0.001044915,0.0010289729,0.0010196798,0.001030611,0.001106061,0.0010700363,0.0010584656,0.001044915,0.0010377208,0.0010491323,0.001055504,0.0010677362,0.0,0.0010584663,0.001044915,0.0010377208,0.0010491323,0.001055504,0.0010677369,0.0010700364,0.0010584656,0.001044915,0.0010377208,0.0010491323,0.001055504,0.0010677363,0.0,0.0010584657,0.0010449156,0.0010377209,0.0010491323,0.001055504,0.0010677372,0.0,0.0010584657,0.001044915,0.0010377208,0.0010491323,0.001055504,0.0010677363,0.0,0.0010584657,0.0,0.0010289729,0.0010101374,0.0010659138,0.0010776967,0.0,0.0010584656,0.001044915,0.0010377207,0.0010491323,0.001055504,0.0010677368,0.0,0.0,0.0,0.0010289729,0.0010101374,0.0010659138,0.0010887415,0.0010700468,0.0010584657,0.0,0.0010289729,0.0010101374,0.0010659142,0.0010777016,0.0010701077,0.0,0.0,0.0010289731,0.0010101374,0.0010659142,0.0010887404,0.0010700632,0.0,0.001044915,0.0,0.0010584656,0.001044915,0.001065914,0.0010700396,0.0,0.0,0.0010289729,0.0010101374,0.0010659138,0.0010887394,0.0,0.0010584671,0.0,0.0010289729,0.0010101374,0.0010659138,0.0010776954,0.0,0.0,0.0010449165,0.0010584667,0.0,0.0010289729,0.0010584657,0.0010700658,0.001058466,0.0,0.0010289728,0.0010101374,0.0010659138,0.0010776953,0.0,0.0,0.0010449152,0.0010289729,0.0010196798,0.001030611,0.0011060612,0.0,0.0,0.001044915,0.0,0.0010584656,0.001044915,0.0010659142,0.0,0.0010584707,0.0,0.0010584657,0.0,0.0010584656,0.0010449152,0.0,0.0,0.0010449344,0.0010289762,0.0010196798,0.001030611,0.0011060617,0.0,0.0010585038,0.00105847,0.0010529691,0.0010646416,0.0,0.0009878146,0.0,0.0010584682,0.0010449161,0.0,0.0010584662,0.0010449149,0.0010377233,0.0010700449,0.0010584656,0.001044915,0.0,0.0010584656,0.001044915,0.0010377216,0.0,0.0010584658,0.0010449152,0.0010377207,0.0010491323,0.001055504,0.0010677362,0.0010700362,0.0010584656,0.001044915,0.0010377208,0.0010491323,0.001055504,0.0010677363,0.0010700655,0.0,0.0,0.0010289729,0.0010101374,0.0010659138,0.001088739,0.0010700406,0.0,0.001044915,0.0010289729,0.0010196798,0.001030611,0.0011060612,0.0,0.0010584657,0.0,0.0010289729,0.0010101374,0.0010659138,0.0010776949,0.0010700547,0.0,0.001044915,0.0010289729,0.0010196798,0.001030611,0.0011060663,0.0,0.0010584656,0.001044915,0.0010377208,0.0010491323,0.001055504,0.0010677377,0.0010700373,0.0010584656,0.001044915,0.0010377208,0.0010491323,0.001055504,0.0010677362,0.0,0.0010584663,0.0010449149,0.0010377207,0.0010491323,0.001055504,0.0010677363,0.0,0.0,0.001044915,0.0010289729,0.0010196798,0.001030611,0.001106061,0.0010700395,0.0010584656,0.0,0.0,0.0010584657,0.0010584657,0.0010529691,0.0010700823,0.0,0.0010449154,0.0,0.0010584657,0.001044915,0.0010659175,0.0010701542,0.0,0.0010584658,0.0010449149,0.0010377207,0.0,0.0010584663,0.0,0.0010584655,0.0,0.0010289729,0.0010101374,0.0010659143,0.0010776992,0.0010700434,0.0,0.001044915,0.0010289729,0.0010196798,0.0010306113,0.0011061026,0.0010700575,0.0,0.0,0.0010289729,0.0010101374,0.0010659138,0.001088739,0.0,0.0010584657,0.0010449152,0.0010377208,0.0010491323,0.001055504,0.0010677362,0.0010700687,0.0010584657,0.0010449149,0.0,0.0010584657,0.001044915,0.0010377216,0.0010700385,0.0,0.0010449149,0.001028973,0.0010196798,0.001030611,0.0011060629,0.001070041,0.0,0.0010449152,0.0010289729,0.0010196798,0.0010306111,0.0011060621,0.0,0.0010584657,0.0010584658,0.0010529687,0.0010646419,0.0,0.0009878548,0.0010700722,0.0,0.0010449149,0.0010289729,0.0010196798,0.001030611,0.001106061,0.0010700432,0.0,0.0,0.0010289729,0.0010101374,0.0010659142,0.0010887408,0.0010701052,0.0010584663,0.0,0.0010289741,0.0010101375,0.0010659142,0.0010777018,0.0,0.0010584657,0.0010449149,0.0010377207,0.0010491323,0.001055504,0.0010677362,0.0,0.0010584672,0.0,0.0010289729,0.0010101374,0.0010659138,0.0010776949,0.0,0.0010584658,0.0010449152,0.0010377207,0.0010491323,0.001055504,0.0010677363,0.0010700513,0.0010584657,0.001044915,0.0010377208,0.0010491323,0.001055504,0.0010677368,0.0,0.0,0.0,0.0010289729,0.0010101374,0.0010659138,0.0010887395,0.0010700357,0.0010584656,0.0,0.0010289729,0.0010101374,0.0010659138,0.0010776959,0.0010700522,0.0010584657,0.001044915,0.0010659138,0.0,0.0010289729,0.0010101374,0.0,0.0010584656,0.001044915,0.0010377207,0.0010491323,0.001055504,0.0010677371,0.0,0.0010584656,0.001044915,0.0010377207,0.0010491323,0.001055504,0.0010677367,0.0,0.0010584662,0.0010449149,0.0010377207,0.0010491323,0.0010555041,0.0010677378,0.0010700447,0.0010584656,0.001044915,0.0010377207,0.0010491323,0.001055504,0.0010677369,0.0,0.0,0.001044915,0.0010289729,0.0010196798,0.001030611,0.001106061,0.0,0.0010584656,0.001044915,0.0010377208,0.0010491323,0.001055504,0.0010677363,0.0010702946,0.0010584675,0.0010449153,0.0010377207,0.0010491323,0.0010555041,0.0010677389
k__Bacteria|p__Actinobacteria|c__Coriobacteriia|o__Coriobacteriales|f__Coriobacteriaceae|g__Olegusella|s__Olegusella_massiliensis,0.0,0.0010610872,0.0010476127,0.0010404744,0.0010518967,0.0010582941,0.001070507,0.0,0.0010610875,0.0010476127,0.0010404744,0.0010518967,0.0010582941,0.001070507,0.0,0.0,0.0010476279,0.0010317557,0.001022512,0.0010334643,0.0011084592,0.0010726447,0.0,0.0010476127,0.0010317467,0.0010225113,0.0010334643,0.0011084587,0.0,0.0,0.0010476127,0.0010317467,0.0010225113,0.0010334643,0.0011084587,0.0010725834,0.0010610874,0.0010476127,0.0010404744,0.0010518967,0.0010582941,0.001070507,0.0,0.0010610878,0.001047613,0.0010404744,0.0010518967,0.0010582941,0.0010705072,0.0010725834,0.0010610874,0.0010476127,0.0010404744,0.0010518967,0.0010582941,0.0010705071,0.0,0.0010610875,0.0010476133,0.0010404744,0.0010518967,0.0010582943,0.0010705077,0.0,0.0010610875,0.0010476127,0.0010404744,0.0010518967,0.0010582941,0.0010705071,0.0,0.0010610875,0.0,0.0010317467,0.0010129845,0.0010685094,0.0010802802,0.0,0.0010610874,0.0010476127,0.0010404744,0.0010518967,0.0010582943,0.0010705068,0.0,0.0,0.0,0.0010317467,0.0010129845,0.0010685094,0.0010912357,0.0010726007,0.0010610875,0.0,0.0010317467,0.0010129845,0.0010685094,0.0010802858,0.0010727136,0.0,0.0,0.0010317466,0.0010129845,0.0010685094,0.0010912356,0.0010726266,0.0,0.0010476127,0.0,0.0010610874,0.0010476127,0.0010685094,0.0010725881,0.0,0.0,0.0010317467,0.0010129845,0.0010685094,0.0010912358,0.0,0.0010610891,0.0,0.0010317467,0.0010129845,0.0010685094,0.0010802795,0.0,0.0,0.0010476133,0.0010610892,0.0,0.0010317467,0.0010610875,0.0010726174,0.0010610876,0.0,0.0010317466,0.0010129845,0.0010685094,0.0010802794,0.0,0.0,0.0010476129,0.0010317467,0.0010225113,0.0010334643,0.001108459,0.0,0.0,0.0010476127,0.0,0.0010610874,0.0010476127,0.0010685094,0.0,0.0010610893,0.0,0.0010610875,0.0,0.0010610874,0.0010476129,0.0,0.0,0.0010476313,0.0010317495,0.0010225113,0.0010334643,0.0011084588,0.0,0.0010611328,0.0010610921,0.0010556433,0.0010673158,0.0,0.0009907288,0.0,0.0010610896,0.0010476134,0.0,0.0010610876,0.0010476129,0.0010404763,0.0010725929,0.0010610874,0.0010476127,0.0,0.0010610874,0.0010476127,0.0010404751,0.0,0.0010610875,0.0010476129,0.0010404744,0.0010518967,0.0010582941,0.0010705071,0.0010725834,0.0010610874,0.0010476127,0.0010404744,0.0010518967,0.0010582941,0.0010705071,0.0010726318,0.0,0.0,0.0010317467,0.0010129845,0.0010685094,0.0010912357,0.0010725948,0.0,0.0010476127,0.0010317467,0.0010225113,0.0010334643,0.0011084587,0.0,0.0010610875,0.0,0.0010317467,0.0010129845,0.0010685094,0.0010802792,0.0010726107,0.0,0.0010476127,0.0010317467,0.0010225113,0.0010334643,0.0011084628,0.0,0.0010610874,0.0010476127,0.0010404744,0.0010518967,0.0010582943,0.0010705078,0.0010725851,0.0010610874,0.0010476127,0.0010404744,0.0010518967,0.0010582941,0.001070507,0.0,0.0010610877,0.0010476129,0.0010404744,0.0010518967,0.0010582941,0.001070507,0.0,0.0,0.0010476127,0.0010317467,0.0010225113,0.0010334643,0.001108459,0.0010725876,0.0010610874,0.0,0.0,0.0010610875,0.0010610875,0.0010556428,0.0010726441,0.0,0.0010476126,0.0,0.0010610875,0.0010476127,0.0010685105,0.0010727783,0.0,0.0010610875,0.0010476129,0.0010404744,0.0,0.0010610875,0.0,0.0010610872,0.0,0.0010317467,0.0010129845,0.0010685094,0.0010802838,0.0010725928,0.0,0.0010476127,0.0010317464,0.0010225113,0.0010334648,0.0011084863,0.0010726041,0.0,0.0,0.0010317467,0.0010129845,0.0010685094,0.0010912356,0.0,0.0010610875,0.0010476129,0.0010404744,0.0010518967,0.0010582941,0.001070507,0.0010726338,0.0010610874,0.0010476129,0.0,0.0010610872,0.0010476127,0.0010404757,0.0010725881,0.0,0.0010476129,0.0010317465,0.0010225113,0.0010334643,0.0011084587,0.0010725888,0.0,0.0010476129,0.0010317467,0.0010225113,0.0010334643,0.0011084599,0.0,0.0010610874,0.0010610876,0.0010556428,0.0010673155,0.0,0.0009907555,0.0010726465,0.0,0.0010476129,0.0010317467,0.0010225113,0.0010334643,0.0011084587,0.0010725904,0.0,0.0,0.0010317467,0.0010129845,0.0010685094,0.0010912359,0.0010727121,0.0010610884,0.0,0.0010317478,0.0010129848,0.0010685095,0.001080283,0.0,0.0010610874,0.0010476129,0.0010404744,0.0010518967,0.0010582941,0.001070507,0.0,0.0010610879,0.0,0.0010317464,0.0010129845,0.0010685094,0.0010802792,0.0,0.0010610875,0.0010476129,0.0010404744,0.0010518967,0.0010582941,0.0010705071,0.001072605,0.0010610874,0.0010476129,0.0010404745,0.0010518967,0.0010582941,0.0010705072,0.0,0.0,0.0,0.0010317467,0.0010129845,0.0010685094,0.0010912356,0.0010725828,0.0010610874,0.0,0.0010317467,0.0010129845,0.0010685094,0.0010802799,0.0010725994,0.0010610874,0.0010476127,0.0010685094,0.0,0.0010317467,0.0010129848,0.0,0.0010610874,0.0010476127,0.0010404744,0.0010518967,0.0010582941,0.0010705072,0.0,0.0010610874,0.0010476127,0.0010404744,0.0010518967,0.0010582941,0.0010705072,0.0,0.0010610882,0.0010476129,0.0010404744,0.0010518967,0.0010582941,0.0010705078,0.0010725999,0.0010610874,0.0010476127,0.0010404744,0.0010518967,0.0010582941,0.0010705073,0.0,0.0,0.0010476127,0.0010317467,0.0010225113,0.0010334643,0.0011084591,0.0,0.0010610874,0.0010476127,0.0010404744,0.0010518967,0.0010582941,0.0010705071,0.0010728618,0.0010610884,0.0010476129,0.0010404745,0.0010518967,0.0010582941,0.0010705082
k__Bacteria|p__Actinobacteria|c__Actinomycetia|o__Propionibacteriales|f__Propionibacteriaceae|g__GGB73496|s__GGB73496_SGB47079,0.0,0.0010615723,0.0010479795,0.0010406575,0.0010517418,0.0010578097,0.0010697854,0.0,0.0010615725,0.0010479795,0.0010406575,0.0010517418,0.0010578097,0.0010697854,0.0,0.0,0.0010479816,0.0010319893,0.0010225629,0.0010331711,0.0011084881,0.0010731978,0.0,0.0010479795,0.0010319883,0.0010225626,0.0010331711,0.0011084887,0.0,0.0,0.0010479795,0.0010319883,0.0010225626,0.0010331711,0.0011084887,0.001073179,0.0010615723,0.0010479795,0.0010406575,0.0010517418,0.0010578097,0.0010697853,0.0,0.0010615725,0.0010479797,0.0010406575,0.0010517418,0.0010578097,0.0010697857,0.0010731791,0.0010615723,0.0010479795,0.0010406575,0.0010517418,0.0010578097,0.0010697856,0.0,0.0010615723,0.0010479796,0.0010406573,0.0010517418,0.0010578097,0.0010697858,0.0,0.0010615725,0.0010479795,0.0010406575,0.0010517418,0.0010578097,0.0010697854,0.0,0.0010615725,0.0,0.0010319883,0.0010130948,0.0010689356,0.0010803803,0.0,0.0010615723,0.0010479795,0.0010406574,0.0010517418,0.0010578097,0.0010697852,0.0,0.0,0.0,0.0010319883,0.0010130948,0.0010689356,0.0010914542,0.0010731848,0.0010615725,0.0,0.0010319883,0.0010130948,0.0010689356,0.001080379,0.0010732166,0.0,0.0,0.0010319883,0.0010130948,0.0010689356,0.0010914543,0.0010731935,0.0,0.0010479795,0.0,0.0010615723,0.0010479795,0.0010689355,0.00107318,0.0,0.0,0.0010319883,0.0010130948,0.0010689356,0.0010914548,0.0,0.0010615723,0.0,0.0010319883,0.0010130948,0.0010689356,0.0010803808,0.0,0.0,0.0010479796,0.0010615726,0.0,0.0010319883,0.0010615725,0.0010731864,0.0010615723,0.0,0.0010319882,0.0010130948,0.0010689356,0.0010803809,0.0,0.0,0.0010479796,0.0010319883,0.0010225626,0.0010331711,0.0011084883,0.0,0.0,0.0010479795,0.0,0.0010615723,0.0010479795,0.0010689355,0.0,0.0010615712,0.0,0.0010615726,0.0,0.0010615723,0.0010479795,0.0,0.0,0.0010479796,0.0010319884,0.0010225627,0.0010331711,0.0011084878,0.0,0.0010615769,0.0010615722,0.0010559508,0.0010672924,0.0,0.0009906922,0.0,0.0010615723,0.0010479795,0.0,0.0010615723,0.0010479797,0.0010406575,0.0010731815,0.0010615723,0.0010479795,0.0,0.0010615723,0.0010479795,0.0010406573,0.0,0.0010615726,0.0010479795,0.0010406574,0.0010517418,0.0010578097,0.0010697854,0.0010731791,0.0010615723,0.0010479795,0.0010406575,0.0010517418,0.0010578097,0.0010697854,0.0010731934,0.0,0.0,0.0010319883,0.0010130948,0.0010689356,0.001091455,0.0010731813,0.0,0.0010479795,0.0010319883,0.0010225626,0.0010331711,0.0011084881,0.0,0.0010615726,0.0,0.0010319883,0.0010130948,0.0010689356,0.0010803808,0.0010731864,0.0,0.0010479795,0.0010319883,0.0010225626,0.0010331711,0.0011084854,0.0,0.0010615723,0.0010479795,0.0010406575,0.0010517418,0.0010578097,0.0010697852,0.0010731798,0.0010615723,0.0010479795,0.0010406575,0.0010517418,0.0010578097,0.0010697853,0.0,0.0010615725,0.0010479797,0.0010406572,0.0010517418,0.0010578097,0.0010697854,0.0,0.0,0.0010479798,0.0010319883,0.0010225626,0.0010331711,0.0011084888,0.0010731805,0.0010615723,0.0,0.0,0.0010615726,0.0010615725,0.001055951,0.0010731984,0.0,0.0010479797,0.0,0.0010615726,0.0010479795,0.001068936,0.0010732438,0.0,0.0010615722,0.0010479797,0.0010406574,0.0,0.0010615722,0.0,0.0010615723,0.0,0.0010319883,0.0010130948,0.0010689355,0.0010803798,0.0010731816,0.0,0.0010479795,0.0010319883,0.0010225627,0.0010331714,0.001108468,0.0010731828,0.0,0.0,0.0010319883,0.0010130948,0.0010689356,0.0010914551,0.0,0.0010615726,0.0010479795,0.0010406575,0.0010517418,0.0010578097,0.0010697854,0.0010732111,0.0010615725,0.0010479797,0.0,0.0010615723,0.0010479795,0.0010406576,0.00107318,0.0,0.0010479797,0.0010319883,0.0010225626,0.0010331711,0.0011084873,0.0010731801,0.0,0.0010479795,0.0010319883,0.0010225627,0.0010331712,0.0011084873,0.0,0.0010615725,0.0010615727,0.001055951,0.0010672923,0.0,0.0009907011,0.0010731992,0.0,0.0010479797,0.0010319883,0.0010225626,0.0010331711,0.0011084887,0.0010731813,0.0,0.0,0.0010319883,0.0010130948,0.0010689356,0.0010914544,0.001073216,0.0010615722,0.0,0.0010319886,0.0010130944,0.0010689355,0.0010803798,0.0,0.0010615725,0.0010479797,0.0010406574,0.0010517418,0.0010578097,0.0010697853,0.0,0.0010615722,0.0,0.0010319883,0.0010130948,0.0010689356,0.0010803808,0.0,0.0010615726,0.0010479796,0.0010406574,0.0010517418,0.0010578097,0.0010697856,0.0010731837,0.0010615721,0.0010479797,0.0010406573,0.0010517418,0.0010578097,0.0010697854,0.0,0.0,0.0,0.0010319883,0.0010130948,0.0010689356,0.0010914551,0.001073179,0.0010615723,0.0,0.0010319883,0.0010130948,0.0010689356,0.0010803806,0.0010731824,0.0010615725,0.0010479795,0.0010689356,0.0,0.0010319883,0.0010130949,0.0,0.0010615723,0.0010479795,0.0010406572,0.0010517418,0.0010578097,0.0010697851,0.0,0.0010615723,0.0010479795,0.0010406574,0.0010517418,0.0010578097,0.0010697853,0.0,0.0010615725,0.0010479797,0.0010406574,0.0010517418,0.0010578097,0.0010697849,0.0010731828,0.0010615723,0.0010479795,0.0010406574,0.0010517418,0.0010578097,0.0010697856,0.0,0.0,0.0010479795,0.0010319883,0.0010225626,0.0010331711,0.0011084883,0.0,0.0010615723,0.0010479795,0.0010406575,0.0010517418,0.0010578097,0.0010697854,0.0010732822,0.0010615721,0.0010479797,0.0010406573,0.0010517418,0.0010578097,0.0010697846
k__Bacteria|p__Actinobacteria|c__CFGB76760|o__OFGB76760|f__FGB76760|g__GGB22650|s__GGB22650_SGB63087,0.0,0.0010602941,0.0010464964,0.0010388995,0.0010495465,0.0010551777,0.0010668662,0.0,0.0010602946,0.0010464964,0.0010388995,0.0010495465,0.0010551777,0.0010668663,0.0,0.0,0.0010465049,0.0010302954,0.0010205817,0.0010307363,0.0011067932,0.0010721246,0.0,0.0010464964,0.001030291,0.0010205813,0.0010307363,0.0011067933,0.0,0.0,0.0010464964,0.001030291,0.0010205813,0.0010307363,0.0011067932,0.0010720968,0.0010602945,0.0010464964,0.0010388995,0.0010495465,0.0010551777,0.0010668662,0.0,0.0010602947,0.0010464962,0.0010388995,0.0010495465,0.0010551777,0.0010668667,0.0010720969,0.0010602945,0.0010464964,0.0010388995,0.0010495465,0.0010551777,0.0010668662,0.0,0.0010602945,0.0010464966,0.0010389,0.0010495465,0.0010551777,0.0010668668,0.0,0.0010602946,0.0010464964,0.0010388995,0.0010495465,0.0010551777,0.0010668662,0.0,0.0010602946,0.0,0.001030291,0.0010111764,0.0010676017,0.0010786428,0.0,0.0010602945,0.0010464964,0.0010388998,0.0010495465,0.0010551777,0.0010668662,0.0,0.0,0.0,0.001030291,0.0010111764,0.0010676017,0.0010899304,0.0010721055,0.0010602946,0.0,0.001030291,0.0010111764,0.0010676014,0.0010786469,0.0010721793,0.0,0.0,0.0010302911,0.0010111764,0.0010676014,0.0010899302,0.0010721234,0.0,0.0010464964,0.0,0.0010602945,0.0010464964,0.0010676014,0.0010720999,0.0,0.0,0.001030291,0.0010111764,0.0010676014,0.0010899297,0.0,0.0010602953,0.0,0.001030291,0.0010111764,0.0010676014,0.0010786426,0.0,0.0,0.0010464962,0.0010602954,0.0,0.001030291,0.0010602946,0.0010721135,0.0010602946,0.0,0.0010302908,0.0010111764,0.0010676014,0.0010786426,0.0,0.0,0.0010464963,0.001030291,0.0010205813,0.0010307363,0.0011067936,0.0,0.0,0.0010464964,0.0,0.0010602945,0.0010464964,0.0010676014,0.0,0.001060295,0.0,0.0010602946,0.0,0.0010602945,0.0010464962,0.0,0.0,0.0010465038,0.0010302926,0.0010205813,0.0010307363,0.0011067931,0.0,0.0010603288,0.0010602972,0.0010544098,0.0010653302,0.0,0.000988554,0.0,0.0010602957,0.0010464966,0.0,0.0010602945,0.0010464964,0.0010389013,0.0010721,0.0010602945,0.0010464964,0.0,0.0010602945,0.0010464964,0.0010389005,0.0,0.0010602947,0.0010464964,0.0010388998,0.0010495465,0.0010551777,0.0010668663,0.0010720965,0.0010602945,0.0010464964,0.0010388995,0.0010495465,0.0010551777,0.0010668666,0.0010721235,0.0,0.0,0.001030291,0.0010111764,0.0010676014,0.0010899296,0.0010721046,0.0,0.0010464964,0.001030291,0.0010205813,0.0010307363,0.0011067933,0.0,0.0010602946,0.0,0.001030291,0.0010111764,0.0010676014,0.0010786426,0.0010721107,0.0,0.0010464964,0.001030291,0.0010205813,0.0010307363,0.0011067981,0.0,0.0010602945,0.0010464964,0.0010388995,0.0010495465,0.0010551777,0.001066867,0.0010720972,0.0010602945,0.0010464964,0.0010388995,0.0010495465,0.0010551777,0.0010668662,0.0,0.0010602946,0.0010464964,0.0010388995,0.0010495465,0.0010551777,0.0010668662,0.0,0.0,0.0010464961,0.001030291,0.0010205813,0.0010307363,0.0011067933,0.0010720989,0.0010602945,0.0,0.0,0.0010602946,0.0010602946,0.0010544097,0.0010721252,0.0,0.0010464963,0.0,0.0010602946,0.0010464964,0.0010676031,0.0010722233,0.0,0.0010602946,0.0010464964,0.0010388998,0.0,0.0010602947,0.0,0.0010602943,0.0,0.001030291,0.0010111764,0.0010676015,0.0010786444,0.0010721005,0.0,0.0010464964,0.001030291,0.0010205813,0.001030737,0.0011068343,0.0010721039,0.0,0.0,0.001030291,0.0010111764,0.0010676014,0.0010899297,0.0,0.0010602946,0.0010464964,0.0010388995,0.0010495465,0.0010551777,0.0010668663,0.0010721108,0.0010602947,0.0010464964,0.0,0.0010602945,0.0010464964,0.0010389005,0.0010720998,0.0,0.0010464964,0.0010302911,0.0010205813,0.0010307363,0.0011067934,0.0010720993,0.0,0.0010464964,0.001030291,0.0010205813,0.0010307365,0.0011067939,0.0,0.0010602947,0.0010602947,0.0010544098,0.0010653302,0.0,0.0009885742,0.0010721376,0.0,0.0010464964,0.001030291,0.0010205813,0.0010307363,0.0011067932,0.001072101,0.0,0.0,0.001030291,0.0010111764,0.0010676014,0.0010899297,0.0010721623,0.0010602955,0.0,0.0010302918,0.0010111765,0.0010676017,0.0010786462,0.0,0.0010602946,0.0010464964,0.0010388998,0.0010495465,0.0010551777,0.0010668662,0.0,0.0010602946,0.0,0.001030291,0.0010111764,0.0010676014,0.0010786426,0.0,0.0010602945,0.0010464966,0.0010388995,0.0010495465,0.0010551777,0.0010668663,0.00107211,0.0010602945,0.0010464964,0.0010388996,0.0010495465,0.0010551777,0.0010668664,0.0,0.0,0.0,0.001030291,0.0010111764,0.0010676014,0.0010899296,0.0010720964,0.0010602945,0.0,0.001030291,0.0010111764,0.0010676014,0.0010786428,0.0010721037,0.0010602946,0.0010464964,0.0010676014,0.0,0.001030291,0.0010111765,0.0,0.0010602945,0.0010464964,0.0010388995,0.0010495465,0.0010551777,0.0010668666,0.0,0.0010602945,0.0010464964,0.0010388998,0.0010495465,0.0010551777,0.0010668663,0.0,0.001060295,0.0010464964,0.0010388995,0.0010495465,0.0010551777,0.0010668668,0.0010721077,0.0010602945,0.0010464964,0.0010388998,0.0010495465,0.0010551777,0.0010668666,0.0,0.0,0.0010464964,0.001030291,0.0010205813,0.0010307363,0.0011067934,0.0,0.0010602945,0.0010464964,0.0010388995,0.0010495465,0.0010551777,0.0010668662,0.0010722491,0.001060295,0.0010464961,0.0010388995,0.0010495465,0.0010551777,0.0010668668
k__Bacteria|p__Actinobacteria|c__Coriobacteriia|o__Coriobacteriales|f__Coriobacteriaceae|g__Senegalimassilia|s__Senegalimassilia_anaerobia,0.0,0.00105957,0.0010462097,0.0010392715,0.0010510951,0.0010578785,0.0010703828,0.0,0.00105957,0.0010462097,0.0010392715,0.0010510951,0.0010578785,0.0010703828,0.0,0.0,0.0010462225,0.0010304744,0.0010214391,0.0010327965,0.0011075679,0.0010709921,0.0,0.0010462097,0.0010304664,0.0010214385,0.0010327965,0.001107567,0.0,0.0,0.0010462097,0.0010304664,0.0010214385,0.0010327965,0.0011075666,0.0010709597,0.00105957,0.0010462097,0.0010392715,0.0010510951,0.0010578785,0.0010703828,0.0,0.0010595703,0.0010462098,0.0010392715,0.0010510951,0.0010578785,0.0010703837,0.0010709597,0.00105957,0.0010462097,0.0010392715,0.0010510951,0.0010578785,0.0010703827,0.0,0.0010595701,0.0010462103,0.0010392716,0.0010510951,0.0010578785,0.0010703836,0.0,0.00105957,0.0010462097,0.0010392715,0.0010510951,0.0010578785,0.0010703828,0.0,0.00105957,0.0,0.0010304664,0.0010118356,0.0010670722,0.001079237,0.0,0.00105957,0.0010462097,0.0010392714,0.0010510951,0.0010578785,0.0010703837,0.0,0.0,0.0,0.0010304664,0.0010118356,0.0010670722,0.001090084,0.0010709693,0.00105957,0.0,0.0010304664,0.0010118356,0.0010670722,0.0010792448,0.0010710333,0.0,0.0,0.0010304664,0.0010118356,0.0010670722,0.0010900835,0.0010709837,0.0,0.0010462097,0.0,0.00105957,0.0010462097,0.0010670724,0.001070963,0.0,0.0,0.0010304664,0.0010118356,0.0010670722,0.0010900814,0.0,0.0010595713,0.0,0.0010304664,0.0010118356,0.0010670722,0.0010792351,0.0,0.0,0.0010462105,0.001059571,0.0,0.0010304664,0.0010595701,0.0010709855,0.0010595701,0.0,0.0010304663,0.0010118356,0.0010670722,0.0010792346,0.0,0.0,0.00104621,0.0010304664,0.0010214385,0.0010327965,0.0011075673,0.0,0.0,0.0010462097,0.0,0.00105957,0.0010462097,0.0010670723,0.0,0.0010595734,0.0,0.0010595701,0.0,0.00105957,0.0010462098,0.0,0.0,0.0010462247,0.0010304688,0.0010214386,0.0010327965,0.0011075677,0.0,0.0010596002,0.0010595735,0.0010543191,0.0010663884,0.0,0.0009897265,0.0,0.0010595719,0.0010462105,0.0,0.0010595701,0.0010462098,0.0010392744,0.0010709657,0.00105957,0.0010462097,0.0,0.00105957,0.0010462097,0.0010392731,0.0,0.0010595702,0.0010462098,0.0010392714,0.0010510951,0.0010578785,0.0010703828,0.0010709596,0.00105957,0.0010462097,0.0010392715,0.0010510951,0.0010578785,0.0010703828,0.0010709872,0.0,0.0,0.0010304664,0.0010118356,0.0010670722,0.0010900812,0.001070965,0.0,0.0010462097,0.0010304664,0.0010214385,0.0010327965,0.0011075672,0.0,0.0010595701,0.0,0.0010304664,0.0010118356,0.0010670722,0.0010792344,0.001070977,0.0,0.0010462097,0.0010304664,0.0010214385,0.0010327965,0.0011075768,0.0,0.00105957,0.0010462097,0.0010392715,0.0010510951,0.0010578785,0.0010703849,0.0010709605,0.00105957,0.0010462097,0.0010392715,0.0010510951,0.0010578785,0.0010703828,0.0,0.0010595703,0.0010462098,0.0010392714,0.0010510951,0.0010578785,0.0010703828,0.0,0.0,0.0010462097,0.0010304664,0.0010214385,0.0010327965,0.001107567,0.0010709619,0.00105957,0.0,0.0,0.0010595701,0.00105957,0.0010543193,0.0010709948,0.0,0.0010462098,0.0,0.0010595701,0.0010462097,0.001067076,0.0010710732,0.0,0.0010595701,0.0010462098,0.0010392714,0.0,0.0010595709,0.0,0.0010595699,0.0,0.0010304664,0.0010118356,0.001067072,0.0010792444,0.0010709654,0.0,0.0010462097,0.0010304664,0.0010214386,0.001032797,0.0011076492,0.0010709747,0.0,0.0,0.0010304664,0.0010118356,0.0010670722,0.0010900812,0.0,0.0010595701,0.0010462098,0.0010392715,0.0010510951,0.0010578785,0.0010703828,0.0010709709,0.0010595701,0.0010462098,0.0,0.0010595701,0.0010462097,0.0010392728,0.0010709624,0.0,0.0010462098,0.0010304664,0.0010214385,0.0010327965,0.00110757,0.0010709635,0.0,0.0010462098,0.0010304663,0.0010214386,0.0010327966,0.0011075699,0.0,0.0010595701,0.0010595702,0.0010543186,0.0010663884,0.0,0.0009897742,0.0010709931,0.0,0.0010462098,0.0010304664,0.0010214385,0.0010327965,0.0011075666,0.0010709652,0.0,0.0,0.0010304664,0.0010118356,0.0010670722,0.0010900836,0.0010710271,0.0010595708,0.0,0.0010304672,0.0010118358,0.0010670722,0.0010792441,0.0,0.0010595701,0.0010462098,0.0010392714,0.0010510951,0.0010578785,0.0010703828,0.0,0.0010595708,0.0,0.0010304664,0.0010118356,0.0010670722,0.0010792344,0.0,0.0010595701,0.00104621,0.0010392714,0.0010510951,0.0010578785,0.0010703828,0.0010709751,0.00105957,0.0010462097,0.0010392716,0.0010510951,0.0010578785,0.0010703831,0.0,0.0,0.0,0.0010304664,0.0010118356,0.0010670722,0.0010900819,0.0010709591,0.00105957,0.0,0.0010304664,0.0010118356,0.0010670722,0.0010792358,0.0010709709,0.0010595701,0.0010462097,0.0010670722,0.0,0.0010304664,0.0010118359,0.0,0.00105957,0.0010462097,0.0010392714,0.0010510951,0.0010578785,0.0010703839,0.0,0.00105957,0.0010462097,0.0010392714,0.0010510951,0.0010578785,0.0010703831,0.0,0.0010595705,0.0010462098,0.0010392714,0.0010510951,0.0010578785,0.0010703863,0.0010709687,0.00105957,0.0010462097,0.0010392714,0.0010510951,0.0010578785,0.0010703836,0.0,0.0,0.0010462097,0.0010304664,0.0010214385,0.0010327965,0.0011075677,0.0,0.00105957,0.0010462097,0.0010392715,0.0010510951,0.0010578785,0.0010703828,0.0010711546,0.0010595714,0.0010462097,0.0010392715,0.0010510951,0.0010578785,0.0010703872
k__Bacteria|p__Actinobacteria|c__Actinomycetia|o__Micrococcales|f__Micrococcaceae|g__Kocuria|s__Kocuria_rhizophila,0.0,0.0010600842,0.0010462765,0.0010386705,0.001049308,0.0010549288,0.0010666135,0.0,0.0010600843,0.0010462765,0.0010386705,0.001049308,0.0010549288,0.0010666132,0.0,0.0,0.001046288,0.0010300687,0.001020343,0.0010304869,0.0011065911,0.001071939,0.0,0.0010462765,0.0010300615,0.0010203422,0.0010304869,0.0011065906,0.0,0.0,0.0010462765,0.0010300615,0.0010203422,0.0010304869,0.0011065907,0.0010718956,0.001060084,0.0010462765,0.0010386705,0.001049308,0.0010549288,0.0010666132,0.0,0.0010600849,0.0010462767,0.0010386705,0.001049308,0.0010549288,0.0010666142,0.0010718957,0.001060084,0.0010462765,0.0010386705,0.001049308,0.0010549288,0.0010666135,0.0,0.0010600843,0.0010462771,0.0010386709,0.001049308,0.0010549288,0.0010666141,0.0,0.0010600841,0.0010462765,0.0010386705,0.001049308,0.0010549288,0.0010666134,0.0,0.0010600843,0.0,0.0010300615,0.0010109373,0.001067392,0.0010784278,0.0,0.001060084,0.0010462765,0.0010386705,0.001049308,0.0010549288,0.0010666137,0.0,0.0,0.0,0.0010300615,0.0010109373,0.001067392,0.0010897256,0.001071909,0.0010600843,0.0,0.0010300615,0.0010109373,0.001067392,0.0010784332,0.0010719901,0.0,0.0,0.0010300616,0.0010109373,0.001067392,0.001089725,0.0010719292,0.0,0.0010462765,0.0,0.0010600842,0.0010462765,0.0010673922,0.0010718997,0.0,0.0,0.0010300615,0.0010109373,0.001067392,0.0010897234,0.0,0.0010600853,0.0,0.0010300615,0.0010109373,0.001067392,0.0010784263,0.0,0.0,0.0010462776,0.0010600853,0.0,0.0010300615,0.0010600843,0.0010719198,0.0010600843,0.0,0.0010300615,0.0010109373,0.001067392,0.0010784258,0.0,0.0,0.0010462767,0.0010300615,0.0010203422,0.0010304869,0.0011065911,0.0,0.0,0.0010462765,0.0,0.001060084,0.0010462765,0.001067392,0.0,0.001060086,0.0,0.0010600843,0.0,0.001060084,0.0010462767,0.0,0.0,0.0010462868,0.0010300631,0.0010203423,0.0010304869,0.0011065912,0.0,0.0010601141,0.0010600869,0.0010541909,0.001065103,0.0,0.0009883123,0.0,0.001060086,0.0010462773,0.0,0.0010600843,0.0010462768,0.0010386733,0.001071903,0.001060084,0.0010462765,0.0,0.001060084,0.0010462765,0.0010386718,0.0,0.0010600844,0.0010462767,0.0010386708,0.001049308,0.0010549288,0.0010666132,0.0010718957,0.001060084,0.0010462765,0.0010386705,0.001049308,0.0010549288,0.0010666134,0.0010719345,0.0,0.0,0.0010300615,0.0010109373,0.001067392,0.0010897233,0.0010719026,0.0,0.0010462765,0.0010300615,0.0010203422,0.0010304869,0.0011065908,0.0,0.0010600843,0.0,0.0010300615,0.0010109373,0.001067392,0.0010784256,0.0010719151,0.0,0.0010462765,0.0010300615,0.0010203422,0.0010304869,0.0011065991,0.0,0.001060084,0.0010462765,0.0010386705,0.001049308,0.0010549288,0.0010666152,0.0010718968,0.001060084,0.0010462765,0.0010386705,0.001049308,0.0010549288,0.0010666132,0.0,0.0010600846,0.0010462768,0.0010386705,0.001049308,0.0010549288,0.0010666131,0.0,0.0117502585,0.0010462765,0.0010300615,0.0010203422,0.0010304869,0.0011065907,0.0010718991,0.001060084,0.0,0.0,0.0010600843,0.0010600841,0.0010541911,0.001071944,0.0,0.0010462768,0.0,0.0010600843,0.0010462765,0.0010673961,0.0010720408,0.0,0.0010600844,0.0010462768,0.0010386708,0.0,0.0010600851,0.0,0.0010600841,0.0,0.0010300615,0.0010109373,0.001067392,0.0010784306,0.0010719027,0.0,0.0010462765,0.0010300615,0.0010203426,0.0010304875,0.001106651,0.0010719128,0.0,0.0,0.0010300615,0.0010109373,0.001067392,0.0010897232,0.0,0.0010600841,0.0010462767,0.0010386705,0.001049308,0.0010549288,0.0010666132,0.0010719328,0.0010600842,0.0010462768,0.0,0.0010600843,0.0010462765,0.0010386719,0.0010718992,0.0,0.0010462768,0.001030062,0.0010203422,0.0010304869,0.0011065926,0.0010719001,0.0,0.0010462767,0.0010300615,0.0010203426,0.001030487,0.0011065926,0.0,0.0010600842,0.0010600844,0.0010541907,0.0010651029,0.0,0.0009883496,0.0010719465,0.0,0.0010462768,0.0010300615,0.0010203422,0.0010304869,0.0011065907,0.0010719026,0.0,0.0,0.0010300615,0.0010109373,0.001067392,0.0010897247,0.001071979,0.0010600848,0.0,0.0010300623,0.0010109378,0.001067392,0.0010784345,0.0,0.0010600843,0.0010462768,0.0010386708,0.001049308,0.0010549288,0.0010666132,0.0,0.0010600849,0.0,0.0010300615,0.0010109373,0.001067392,0.0010784256,0.0,0.0010600843,0.0010462767,0.0010386708,0.001049308,0.0010549288,0.0010666132,0.0010719135,0.0010600843,0.0010462767,0.001038671,0.001049308,0.0010549288,0.0010666137,0.0,0.0,0.0,0.0010300615,0.0010109373,0.001067392,0.0010897239,0.0010718952,0.001060084,0.0,0.0010300615,0.0010109373,0.001067392,0.0010784266,0.0010719103,0.0010600843,0.0010462765,0.001067392,0.0,0.0010300615,0.0010109378,0.0,0.001060084,0.0010462765,0.0010386705,0.001049308,0.0010549288,0.0010666142,0.0,0.001060084,0.0010462765,0.0010386708,0.001049308,0.0010549288,0.0010666135,0.0,0.0010600846,0.0010462768,0.0010386708,0.001049308,0.0010549288,0.0010666149,0.001071907,0.0010600842,0.0010462765,0.0010386708,0.001049308,0.0010549288,0.0010666137,0.0,0.0,0.0010462765,0.0010300615,0.0010203422,0.0010304869,0.0011065911,0.0,0.001060084,0.0010462765,0.0010386705,0.001049308,0.0010549288,0.0010666134,0.0010721073,0.0010600853,0.0010462767,0.0010386708,0.001049308,0.0010549288,0.0010666158
k__Bacteria|p__Actinobacteria|c__Actinomycetia|o__Bifidobacteriales|f__Bifidobacteriaceae|g__Alloscardovia|s__Alloscardovia_omnicolens,0.0,0.0010611186,0.0010475578,0.0010402923,0.001051491,0.0010576687,0.0010697276,0.0,0.0010611188,0.0010475578,0.0010402923,0.001051491,0.0010576687,0.0010697276,0.0,0.0,0.0010475762,0.0010316127,0.0010222348,0.0010329578,0.0011082153,0.0010727313,0.0,0.0010475578,0.0010316011,0.0010222342,0.0010329578,0.0011082151,0.0,0.0,0.0010475578,0.0010316011,0.0010222342,0.0010329578,0.0011082152,0.0010726957,0.0010611187,0.0010475578,0.0010402923,0.001051491,0.0010576687,0.0010697276,0.0,0.0010611191,0.0010475579,0.0010402923,0.001051491,0.0010576687,0.0010697282,0.001072696,0.0010611187,0.0010475578,0.0010402923,0.001051491,0.0010576687,0.0010697276,0.0,0.0010611189,0.0010475584,0.0010402924,0.001051491,0.0010576687,0.0010697283,0.0,0.0010611188,0.0010475578,0.0010402923,0.001051491,0.0010576687,0.0010697277,0.0,0.0010611188,0.0,0.0010316011,0.0010127441,0.0010685049,0.0010800635,0.0,0.0010611187,0.0010475578,0.0010402922,0.001051491,0.0010576687,0.0010697276,0.0,0.0,0.0,0.0010316011,0.0010127441,0.0010685049,0.0010911069,0.0010727056,0.0010611188,0.0,0.0010316011,0.0010127441,0.0010685049,0.0010800685,0.0010727806,0.0,0.0,0.0010316011,0.0010127441,0.0010685049,0.0010911067,0.0010727253,0.0,0.0010475578,0.0,0.0010611187,0.0010475578,0.0010685049,0.0010726994,0.0,0.0,0.0010316011,0.0010127441,0.0010685049,0.0010911059,0.0,0.0010611204,0.0,0.0010316011,0.0010127441,0.0010685049,0.0010800626,0.0,0.0,0.0010475586,0.0010611203,0.0,0.0010316011,0.0010611188,0.0010727245,0.0010611189,0.0,0.001031601,0.0010127441,0.0010685049,0.0010800621,0.0,0.0,0.0010475579,0.0010316011,0.0010222342,0.0010329578,0.0011082155,0.0,0.0,0.0010475578,0.0,0.0010611187,0.0010475578,0.0010685049,0.0,0.0010611222,0.0,0.0010611189,0.0,0.0010611187,0.0010475579,0.0,0.0,0.0010475768,0.0010316044,0.0010222342,0.0010329578,0.0011082152,0.0,0.0010611706,0.0010611241,0.0010555524,0.0010670067,0.0,0.0009903903,0.0,0.0010611209,0.0010475587,0.0,0.0010611189,0.0010475579,0.0010402951,0.0010727022,0.0010611187,0.0010475578,0.0,0.0010611187,0.0010475578,0.0010402933,0.0,0.0010611188,0.0010475579,0.0010402922,0.001051491,0.0010576687,0.0010697276,0.0010726956,0.0010611187,0.0010475578,0.0010402923,0.001051491,0.0010576687,0.0010697277,0.0010727273,0.0,0.0,0.0010316011,0.0010127441,0.0010685049,0.0010911059,0.0010727037,0.0,0.0010475578,0.0010316011,0.0010222342,0.0010329578,0.0011082152,0.0,0.0010611189,0.0,0.0010316011,0.0010127441,0.0010685049,0.0010800625,0.0010727139,0.0,0.0010475578,0.0010316011,0.0010222342,0.0010329578,0.0011082215,0.0,0.0010611187,0.0010475578,0.0010402923,0.001051491,0.0010576687,0.0010697284,0.0010726966,0.0010611187,0.0010475578,0.0010402923,0.001051491,0.0010576687,0.0010697276,0.0,0.001061119,0.0010475579,0.0010402922,0.001051491,0.0010576687,0.0010697276,0.0,0.0,0.0010475578,0.0010316011,0.0010222342,0.0010329578,0.0011082151,0.001072698,0.0010611187,0.0,0.0,0.0010611189,0.0010611188,0.0010555522,0.0010727339,0.0,0.0010475582,0.0,0.0010611189,0.0010475578,0.0010685081,0.0010728262,0.0,0.0010611188,0.0010475579,0.0010402922,0.0,0.0010611193,0.0,0.0010611187,0.0,0.0010316011,0.0010127441,0.0010685049,0.0010800685,0.0010727023,0.0,0.0010475578,0.0010316011,0.0010222342,0.0010329584,0.0011082639,0.0010727115,0.0,0.0,0.0010316011,0.0010127441,0.0010685049,0.0010911059,0.0,0.0010611189,0.0010475579,0.0010402923,0.001051491,0.0010576687,0.0010697276,0.0010727043,0.0010611188,0.0010475579,0.0,0.0010611187,0.0010475578,0.0010402936,0.0010726989,0.0,0.0010475579,0.0010316011,0.0010222342,0.0010329578,0.0011082161,0.0010726994,0.0,0.0010475579,0.0010316011,0.0010222342,0.0010329579,0.0011082165,0.0,0.0010611188,0.0010611189,0.001055552,0.0010670065,0.0,0.0009904212,0.0010727377,0.0,0.0010475579,0.0010316011,0.0010222342,0.0010329578,0.0011082152,0.001072701,0.0,0.0,0.0010316011,0.0010127441,0.0010685049,0.0010911067,0.00107277,0.0010611198,0.0,0.0010316022,0.0010127446,0.001068505,0.0010800677,0.0,0.0010611187,0.0010475579,0.0010402922,0.001051491,0.0010576687,0.0010697276,0.0,0.0010611198,0.0,0.0010316011,0.0010127441,0.0010685049,0.0010800625,0.0,0.0010611188,0.0010475579,0.0010402922,0.001051491,0.0010576687,0.0010697276,0.0010727114,0.0010611187,0.0010475582,0.0010402927,0.001051491,0.0010576687,0.0010697278,0.0,0.0,0.0,0.0010316011,0.0010127441,0.0010685049,0.0010911061,0.0010726954,0.0010611187,0.0,0.0010316011,0.0010127441,0.0010685049,0.001080063,0.0010727071,0.0010611187,0.0010475578,0.0010685049,0.0,0.0010316011,0.0010127443,0.0,0.0010611187,0.0010475578,0.0010402922,0.001051491,0.0010576687,0.001069728,0.0,0.0010611187,0.0010475578,0.0010402922,0.001051491,0.0010576687,0.0010697277,0.0,0.0010611195,0.0010475579,0.0010402922,0.001051491,0.0010576687,0.0010697288,0.0010727072,0.0010611187,0.0010475578,0.0010402922,0.001051491,0.0010576687,0.001069728,0.0,0.0,0.0010475578,0.0010316011,0.0010222342,0.0010329578,0.0011082153,0.0,0.0010611187,0.0010475578,0.0010402923,0.001051491,0.0010576687,0.0010697277,0.001072875,0.0010611203,0.0010475582,0.0010402923,0.001051491,0.0010576687,0.0010697286
k__Bacteria|p__Actinobacteria|c__Actinomycetia|o__Actinomycetales|f__Actinomycetaceae|g__Actinomyces|s__Actinomyces_sp_Marseille_P3109,0.0,0.0010592222,0.0010454914,0.0010380168,0.0010489121,0.0010547809,0.0010666512,0.0,0.0010592223,0.0010454914,0.0010380168,0.0010489121,0.0010547809,0.0010666511,0.0,0.0,0.0010454997,0.0010293642,0.0010197755,0.0010301803,0.001106121,0.0010709851,0.0,0.0010454914,0.0010293587,0.0010197752,0.0010301803,0.0011061209,0.0,0.0,0.0010454914,0.0010293587,0.0010197752,0.0010301803,0.0011061205,0.001070962,0.0010592222,0.0010454914,0.0010380168,0.0010489121,0.0010547809,0.0010666511,0.0,0.0010592225,0.0010454914,0.0010380168,0.0010489121,0.0010547809,0.001066652,0.001070962,0.0010592222,0.0010454914,0.0010380168,0.0010489121,0.0010547809,0.001066651,0.0,0.0010592224,0.0010454918,0.0010380168,0.0010489121,0.0010547809,0.0010666518,0.0,0.0010592223,0.0010454914,0.0010380168,0.0010489121,0.0010547809,0.0010666512,0.0,0.0010592223,0.0,0.0010293587,0.0010103224,0.0010665802,0.0010778672,0.0,0.0010592222,0.0010454914,0.0010380168,0.0010489121,0.0010547809,0.0010666515,0.0,0.0,0.0,0.0010293587,0.0010103224,0.0010665802,0.0010890905,0.0010709697,0.0010592223,0.0,0.0010293587,0.0010103224,0.0010665802,0.0010778699,0.0010710064,0.0,0.0,0.0010293588,0.0010103224,0.0010665802,0.0010890904,0.0010709802,0.0,0.0010454914,0.0,0.0010592222,0.0010454914,0.0010665801,0.0010709643,0.0,0.0,0.0010293587,0.0010103224,0.0010665802,0.0010890893,0.0,0.0010592227,0.0,0.0010293587,0.0010103224,0.0010665802,0.0010778661,0.0,0.0,0.0010454917,0.0010592229,0.0,0.0010293587,0.0010592223,0.0010709768,0.0010592224,0.0,0.0010293586,0.0010103224,0.0010665802,0.0010778658,0.0,0.0,0.0010454914,0.0010293587,0.0010197752,0.0010301803,0.0011061209,0.0,0.0,0.0010454914,0.0,0.0010592222,0.0010454914,0.0010665802,0.0,0.0010592234,0.0,0.0010592224,0.0,0.0010592222,0.0010454915,0.0,0.0,0.001045499,0.0010293599,0.001019775,0.0010301803,0.0011061209,0.0,0.0010592428,0.0010592242,0.0010534552,0.0010646222,0.0,0.0009877873,0.0,0.0010592229,0.0010454918,0.0,0.0010592224,0.0010454914,0.0010380185,0.0010709672,0.0010592222,0.0010454914,0.0,0.0010592222,0.0010454914,0.0010380173,0.0,0.0010592224,0.0010454915,0.0010380168,0.0010489121,0.0010547809,0.0010666511,0.0010709619,0.0010592222,0.0010454914,0.0010380168,0.0010489121,0.0010547809,0.0010666512,0.0010709796,0.0,0.0,0.0010293587,0.0010103224,0.0010665802,0.0010890891,0.001070965,0.0,0.0010454914,0.0010293587,0.0010197752,0.0010301803,0.0011061208,0.0,0.0010592224,0.0,0.0010293587,0.0010103224,0.0010665802,0.0010778658,0.0010709743,0.0,0.0010454914,0.0010293587,0.0010197752,0.0010301803,0.0011061255,0.0,0.0010592222,0.0010454914,0.0010380168,0.0010489121,0.0010547809,0.0010666521,0.0010709629,0.0010592222,0.0010454914,0.0010380168,0.0010489121,0.0010547809,0.0010666511,0.0,0.0010592225,0.0010454914,0.0010380168,0.0010489121,0.0010547809,0.0010666512,0.0,0.0,0.0010454914,0.0010293587,0.0010197752,0.0010301803,0.001106121,0.0010709642,0.0010592222,0.0,0.0,0.0010592224,0.0010592223,0.0010534552,0.0010709882,0.0,0.0010454915,0.0,0.0010592224,0.0010454914,0.0010665837,0.0010710359,0.0,0.0010592224,0.0010454914,0.0010380168,0.0,0.0010592227,0.0,0.0010592222,0.0,0.0010293587,0.0010103224,0.0010665801,0.0010778717,0.0010709661,0.0,0.0010454914,0.0010293587,0.001019775,0.0010301807,0.0011061671,0.0010709708,0.0,0.0,0.0010293587,0.0010103224,0.0010665802,0.001089089,0.0,0.0010592224,0.0010454915,0.0010380168,0.0010489121,0.0010547809,0.0010666511,0.0010709884,0.0010592223,0.0010454914,0.0,0.0010592223,0.0010454914,0.0010380174,0.0010709637,0.0,0.0010454914,0.0010293587,0.0010197752,0.0010301803,0.0011061223,0.0010709645,0.0,0.0010454915,0.0010293587,0.001019775,0.0010301805,0.0011061217,0.0,0.0010592223,0.0010592224,0.0010534549,0.0010646221,0.0,0.00098782,0.0010709844,0.0,0.0010454914,0.0010293587,0.0010197752,0.0010301803,0.0011061205,0.0010709665,0.0,0.0,0.0010293587,0.0010103224,0.0010665802,0.0010890905,0.0010710036,0.0010592224,0.0,0.0010293593,0.0010103224,0.0010665802,0.0010778711,0.0,0.0010592224,0.0010454914,0.0010380168,0.0010489121,0.0010547809,0.0010666511,0.0,0.0010592229,0.0,0.0010293587,0.0010103224,0.0010665802,0.0010778658,0.0,0.0010592223,0.0010454914,0.0010380168,0.0010489121,0.0010547809,0.0010666511,0.0010709709,0.0010592219,0.0010454914,0.0010380169,0.0010489121,0.0010547809,0.0010666512,0.0,0.0,0.0,0.0010293587,0.0010103224,0.0010665802,0.0010890896,0.0010709617,0.0010592222,0.0,0.0010293587,0.0010103224,0.0010665802,0.0010778661,0.0010709687,0.0010592224,0.0010454914,0.0010665802,0.0,0.0010293587,0.0010103226,0.0,0.0010592222,0.0010454914,0.0010380168,0.0010489121,0.0010547809,0.0010666518,0.0,0.0010592222,0.0010454914,0.0010380168,0.0010489121,0.0010547809,0.0010666512,0.0,0.0010592225,0.0010454914,0.0010380168,0.0010489121,0.0010547809,0.0010666527,0.0010709675,0.0010592222,0.0010454914,0.0010380168,0.0010489121,0.0010547809,0.0010666515,0.0,0.0,0.0010454914,0.0010293587,0.0010197752,0.0010301803,0.001106121,0.0,0.0010592222,0.0010454914,0.0010380168,0.0010489121,0.0010547809,0.0010666512,0.0010710966,0.0010592231,0.0010454914,0.0010380168,0.0010489121,0.0010547809,0.0010666533
k__Bacteria|p__Actinobacteria|c__Coriobacteriia|o__Coriobacteriales|f__Atopobiaceae|g__Atopobium|s__Atopobium_minutum,0.0,0.0010615687,0.0010478277,0.0010402873,0.0010509905,0.0010566843,0.0010683987,0.0,0.0010615689,0.0010478277,0.0010402873,0.0010509905,0.0010566843,0.0010683986,0.0,0.0,0.00104783,0.001031681,0.0010220291,0.0010322467,0.0011080211,0.0010733447,0.0,0.0010478277,0.00103168,0.0010220287,0.0010322467,0.0011080212,0.0,0.0,0.0010478277,0.00103168,0.0010220287,0.0010322467,0.0011080211,0.0010733157,0.0010615689,0.0010478277,0.0010402873,0.0010509905,0.0010566843,0.0010683986,0.0,0.0010615686,0.0010478277,0.0010402873,0.0010509905,0.0010566843,0.0010683987,0.0010733161,0.0010615689,0.0010478277,0.0010402873,0.0010509905,0.0010566843,0.0010683987,0.0,0.0010615687,0.0010478277,0.0010402874,0.0010509905,0.0010566843,0.0010683993,0.0,0.0010615689,0.0010478277,0.0010402873,0.0010509905,0.0010566843,0.0010683987,0.0,0.0010615689,0.0,0.00103168,0.001012623,0.0010688712,0.0010799554,0.0,0.0010615689,0.0010478277,0.0010402873,0.0010509905,0.0010566843,0.0010683986,0.0,0.0,0.0,0.00103168,0.0010126235,0.0010688712,0.0010911797,0.0010733253,0.0010615689,0.0,0.00103168,0.0010126235,0.0010688712,0.0010799564,0.0010733755,0.0,0.0,0.0010316801,0.001012623,0.0010688712,0.0010911797,0.0010733377,0.0,0.0010478277,0.0,0.0010615689,0.0010478277,0.0010688714,0.0010733182,0.0,0.0,0.00103168,0.0010126235,0.0010688712,0.0010911798,0.0,0.0010615691,0.0,0.00103168,0.001012623,0.0010688712,0.0010799551,0.0,0.0,0.0010478271,0.0010615693,0.0,0.00103168,0.001061569,0.00107333,0.0010615687,0.0,0.00103168,0.0010126235,0.0010688712,0.0010799553,0.0,0.0,0.0010478278,0.00103168,0.0010220287,0.0010322467,0.0011080215,0.0,0.0,0.0010478277,0.0,0.0010615689,0.0010478277,0.0010688711,0.0,0.001061568,0.0,0.001061569,0.0,0.0010615689,0.0010478278,0.0,0.0,0.0010478292,0.0010316805,0.0010220287,0.0010322467,0.0011080208,0.0,0.0010615773,0.0010615693,0.0010557376,0.001066708,0.0,0.000990055,0.0,0.0010615687,0.0010478275,0.0,0.0010615689,0.0010478277,0.001040288,0.0010733206,0.0010615689,0.0010478277,0.0,0.0010615689,0.0010478277,0.001040288,0.0,0.001061569,0.0010478278,0.0010402873,0.0010509905,0.0010566843,0.0010683986,0.0010733159,0.0010615689,0.0010478277,0.0010402873,0.0010509905,0.0010566843,0.0010683987,0.0010733361,0.0,0.0,0.00103168,0.0010126235,0.0010688712,0.0010911794,0.0010733202,0.0,0.0010478277,0.00103168,0.0010220287,0.0010322467,0.0011080209,0.0,0.001061569,0.0,0.00103168,0.0010126235,0.0010688712,0.0010799553,0.0010733289,0.0,0.0010478277,0.00103168,0.0010220287,0.0010322467,0.0011080216,0.0,0.0010615689,0.0010478277,0.0010402873,0.0010509905,0.0010566843,0.0010683988,0.001073317,0.0010615689,0.0010478277,0.0010402873,0.0010509905,0.0010566843,0.0010683986,0.0,0.001061569,0.0010478277,0.0010402873,0.0010509905,0.0010566843,0.0010683987,0.0,0.0,0.0010478277,0.00103168,0.0010220287,0.0010322467,0.0011080214,0.0010733187,0.0010615689,0.0,0.0,0.001061569,0.0010615689,0.0010557378,0.0010733481,0.0,0.0010478275,0.0,0.001061569,0.0010478277,0.0010688716,0.0010734102,0.0,0.0010615687,0.0010478277,0.0010402873,0.0,0.001061569,0.0,0.0010615687,0.0,0.00103168,0.001012623,0.0010688712,0.0010799574,0.0010733198,0.0,0.0010478277,0.00103168,0.0010220287,0.0010322469,0.0011080288,0.0010733225,0.0,0.0,0.00103168,0.0010126235,0.0010688712,0.0010911798,0.0,0.001061569,0.0010478278,0.0010402873,0.0010509905,0.0010566843,0.0010683986,0.001073362,0.0010615689,0.0010478277,0.0,0.0010615689,0.0010478277,0.001040288,0.0010733182,0.0,0.0010478277,0.0010316798,0.0010220287,0.0010322467,0.0011080212,0.0010733184,0.0,0.0010478278,0.0010316799,0.0010220287,0.001032247,0.001108021,0.0,0.0010615689,0.0010615691,0.0010557378,0.0010667078,0.0,0.0009900721,0.0010733472,0.0,0.0010478277,0.00103168,0.0010220287,0.0010322467,0.0011080211,0.0010733205,0.0,0.0,0.00103168,0.001012623,0.0010688712,0.0010911798,0.0010733723,0.001061569,0.0,0.0010316803,0.001012623,0.0010688712,0.0010799562,0.0,0.0010615689,0.0010478277,0.0010402873,0.0010509905,0.0010566843,0.0010683986,0.0,0.0010615686,0.0,0.00103168,0.0010126235,0.0010688712,0.0010799553,0.0,0.001061569,0.0010478278,0.0010402873,0.0010509905,0.0010566843,0.0010683987,0.0010733252,0.0010615686,0.0010478277,0.0010402875,0.0010509905,0.0010566843,0.0010683986,0.0,0.0,0.0,0.00103168,0.0010126235,0.0010688712,0.0010911798,0.0010733154,0.0010615689,0.0,0.00103168,0.0010126235,0.0010688712,0.0010799555,0.0010733226,0.0010615689,0.0010478277,0.0010688712,0.0,0.00103168,0.0010126235,0.0,0.0010615689,0.0010478277,0.0010402873,0.0010509905,0.0010566843,0.0010683988,0.0,0.0010615689,0.0010478277,0.0010402873,0.0010509905,0.0010566843,0.0010683987,0.0,0.0010615689,0.0010478277,0.0010402873,0.0010509905,0.0010566843,0.0010683993,0.0010733226,0.0010615689,0.0010478277,0.0010402873,0.0010509905,0.0010566843,0.0010683988,0.0,0.0,0.0010478277,0.00103168,0.0010220287,0.0010322467,0.0011080212,0.0,0.0010615689,0.0010478277,0.0010402873,0.0010509905,0.0010566843,0.0010683987,0.0010734526,0.001061569,0.0010478274,0.0010402874,0.0010509905,0.0010566843,0.0010683992
k__Bacteria|p__Actinobacteria|c__Actinomycetia|o__Bifidobacteriales|f__Bifidobacteriaceae|g__Bifidobacterium|s__Bifidobacterium_canis,0.0,0.0010620911,0.0010484454,0.0010410346,0.0010519467,0.0010578489,0.001069701,0.0,0.0010620909,0.0010484454,0.0010410346,0.0010519467,0.0010578489,0.001069701,0.0,0.0,0.0010484634,0.0010324107,0.0010228814,0.0010333147,0.0011087512,0.0010737879,0.0,0.0010484456,0.0010323977,0.0010228804,0.0010333147,0.0011087506,0.0,0.0,0.0010484456,0.0010323977,0.0010228804,0.0010333147,0.0011087506,0.0010737472,0.0010620909,0.0010484454,0.0010410346,0.0010519467,0.0010578489,0.001069701,0.0,0.0010620917,0.0010484457,0.0010410346,0.0010519467,0.0010578489,0.0010697015,0.0010737473,0.0010620909,0.0010484454,0.0010410346,0.0010519467,0.0010578489,0.001069701,0.0,0.0010620912,0.0010484459,0.0010410347,0.0010519467,0.0010578489,0.0010697017,0.0,0.0010620909,0.0010484454,0.0010410346,0.0010519467,0.0010578489,0.001069701,0.0,0.0010620909,0.0,0.0010323977,0.001013444,0.0010694211,0.0010807001,0.0,0.0010620909,0.0010484454,0.0010410346,0.0010519467,0.0010578489,0.0010697014,0.0,0.0,0.0,0.0010323977,0.001013444,0.0010694211,0.0010918262,0.0010737581,0.0010620909,0.0,0.0010323977,0.001013444,0.0010694211,0.0010807035,0.001073814,0.0,0.0,0.0010323978,0.001013444,0.0010694211,0.0010918254,0.0010737744,0.0,0.0010484454,0.0,0.0010620909,0.0010484454,0.0010694212,0.0010737507,0.0,0.0,0.0010323977,0.001013444,0.0010694211,0.0010918246,0.0,0.0010620924,0.0,0.0010323977,0.001013444,0.0010694211,0.0010806994,0.0,0.0,0.0010484466,0.001062092,0.0,0.0010323977,0.0010620912,0.0010737765,0.0010620912,0.0,0.0010323977,0.001013444,0.0010694211,0.0010806991,0.0,0.0,0.0010484457,0.0010323977,0.0010228804,0.0010333147,0.0011087505,0.0,0.0,0.0010484456,0.0,0.0010620909,0.0010484454,0.0010694211,0.0,0.0010620956,0.0,0.001062091,0.0,0.0010620909,0.0010484457,0.0,0.0,0.0010484651,0.0010324011,0.0010228808,0.0010333147,0.0011087513,0.0,0.0010621371,0.0010620961,0.0010563848,0.0010675559,0.0,0.0009909879,0.0,0.0010620933,0.0010484465,0.0,0.0010620913,0.0010484457,0.001041037,0.0010737564,0.0010620909,0.0010484454,0.0,0.0010620909,0.0010484454,0.001041035,0.0,0.0010620913,0.0010484457,0.0010410346,0.0010519467,0.0010578489,0.0010697012,0.0010737473,0.0010620909,0.0010484454,0.0010410346,0.0010519467,0.0010578489,0.001069701,0.0010737751,0.0,0.0,0.0010323977,0.001013444,0.0010694211,0.0010918243,0.0010737518,0.0,0.0010484454,0.0010323977,0.0010228804,0.0010333147,0.0011087506,0.0,0.001062091,0.0,0.0010323977,0.001013444,0.0010694211,0.0010806991,0.0010737668,0.0,0.0010484456,0.0010323977,0.0010228804,0.0010333147,0.0011087535,0.0,0.0010620909,0.0010484454,0.0010410346,0.0010519467,0.0010578489,0.0010697019,0.0010737483,0.0010620909,0.0010484454,0.0010410346,0.0010519467,0.0010578489,0.001069701,0.0,0.0010620917,0.0010484457,0.0010410346,0.0010519467,0.0010578489,0.001069701,0.0,0.0,0.0010484456,0.0010323977,0.0010228804,0.0010333147,0.0011087509,0.0010737506,0.0010620909,0.0,0.0,0.001062091,0.0010620912,0.0010563845,0.0010737907,0.0,0.001048446,0.0,0.001062091,0.0010484456,0.0010694241,0.0010738575,0.0,0.0010620913,0.0010484457,0.0010410346,0.0,0.0010620916,0.0,0.0010620907,0.0,0.0010323977,0.001013444,0.0010694212,0.0010807025,0.0010737538,0.0,0.0010484456,0.0010323977,0.0010228805,0.001033315,0.0011087832,0.0010737663,0.0,0.0,0.0010323977,0.001013444,0.0010694211,0.0010918243,0.0,0.0010620913,0.0010484457,0.0010410346,0.0010519467,0.0010578489,0.001069701,0.0010737829,0.0010620912,0.0010484457,0.0,0.0010620911,0.0010484456,0.0010410357,0.0010737495,0.0,0.0010484457,0.0010323981,0.0010228804,0.0010333147,0.0011087519,0.0010737516,0.0,0.0010484455,0.0010323977,0.0010228808,0.0010333149,0.0011087512,0.0,0.0010620912,0.0010620913,0.0010563843,0.001067556,0.0,0.0009910229,0.0010737836,0.0,0.0010484457,0.0010323977,0.0010228804,0.0010333147,0.0011087506,0.0010737542,0.0,0.0,0.0010323977,0.001013444,0.0010694211,0.0010918258,0.0010738109,0.0010620916,0.0,0.0010323989,0.0010134446,0.0010694214,0.0010807038,0.0,0.0010620912,0.0010484457,0.0010410346,0.0010519467,0.0010578489,0.001069701,0.0,0.0010620925,0.0,0.0010323977,0.001013444,0.0010694211,0.0010806991,0.0,0.0010620913,0.0010484457,0.0010410346,0.0010519467,0.0010578489,0.001069701,0.00107376,0.0010620912,0.0010484457,0.001041035,0.0010519469,0.0010578489,0.0010697013,0.0,0.0,0.0,0.0010323977,0.001013444,0.0010694211,0.0010918246,0.0010737468,0.0010620909,0.0,0.0010323977,0.001013444,0.0010694211,0.0010806994,0.0010737615,0.0010620912,0.0010484456,0.0010694211,0.0,0.0010323977,0.0010134443,0.0,0.0010620909,0.0010484456,0.0010410346,0.0010519467,0.0010578489,0.0010697012,0.0,0.0010620911,0.0010484456,0.0010410346,0.0010519467,0.0010578489,0.0010697012,0.0,0.0010620917,0.0010484457,0.0010410346,0.0010519467,0.0010578489,0.0010697019,0.0010737561,0.0010620911,0.0010484456,0.0010410346,0.0010519467,0.0010578489,0.0010697014,0.0,0.0,0.0010484454,0.0010323977,0.0010228804,0.0010333147,0.0011087507,0.0,0.0010620909,0.0010484454,0.0010410346,0.0010519467,0.0010578489,0.001069701,0.0010739872,0.0010620931,0.0010484457,0.0010410347,0.0010519467,0.0010578489,0.0010697027
k__Bacteria|p__Actinobacteria|c__Actinomycetia|o__Bifidobacteriales|f__Bifidobacteriaceae|g__Bifidobacterium|s__Bifidobacterium_moukalabense,0.0,0.001060322,0.0010467472,0.001039478,0.0010506966,0.0010568895,0.0010689707,0.0,0.0010603222,0.0010467472,0.001039478,0.0010506966,0.0010568895,0.0010689707,0.0,0.0,0.0010467618,0.0010307861,0.001021407,0.0010321473,0.0011075154,0.0010719677,0.0,0.0010467472,0.001030777,0.0010214061,0.0010321473,0.001107515,0.0,0.0,0.0010467472,0.001030777,0.0010214061,0.0010321473,0.001107515,0.0010719137,0.001060322,0.0010467472,0.001039478,0.0010506966,0.0010568895,0.0010689705,0.0,0.0010603229,0.0010467476,0.001039478,0.0010506966,0.0010568895,0.001068971,0.0010719135,0.001060322,0.0010467472,0.001039478,0.0010506966,0.0010568895,0.0010689707,0.0,0.0010603222,0.0010467479,0.0010394782,0.0010506966,0.0010568899,0.001068971,0.0,0.0010603222,0.0010467472,0.001039478,0.0010506966,0.0010568895,0.0010689705,0.0,0.0010603222,0.0,0.001030777,0.0010119076,0.00106772,0.0010793044,0.0,0.001060322,0.0010467472,0.001039478,0.0010506966,0.0010568899,0.0010689709,0.0,0.0,0.00207426,0.001030777,0.0010119076,0.00106772,0.0010903658,0.0010719291,0.0010603222,0.0,0.001030777,0.0010119076,0.00106772,0.0010793104,0.001072029,0.0,0.0,0.001030777,0.0010119076,0.00106772,0.0010903653,0.0010719524,0.0,0.0010467472,0.0,0.001060322,0.0010467472,0.0010677201,0.0010719189,0.0,0.0,0.001030777,0.0010119076,0.00106772,0.0010903642,0.0,0.0010603238,0.0,0.001030777,0.0010119076,0.00106772,0.0010793036,0.0,0.0,0.0010467482,0.0010603237,0.0,0.001030777,0.0010603222,0.0010719487,0.0010603225,0.0,0.0010307769,0.0010119076,0.00106772,0.0010793031,0.0,0.0,0.0010467473,0.001030777,0.0010214061,0.0010321473,0.0011075153,0.0,0.0,0.0010467472,0.0,0.001060322,0.0010467472,0.00106772,0.0,0.0010603259,0.0,0.0010603222,0.0,0.001060322,0.0010467473,0.0,0.0,0.0010467656,0.00103078,0.0010214061,0.0010321473,0.0011075153,0.0,0.0010603647,0.0010603266,0.0010547527,0.0010662298,0.0,0.0009895439,0.0,0.0010603248,0.0010467485,0.0,0.0010603225,0.0010467476,0.0010394808,0.0010719227,0.001060322,0.0010467472,0.0,0.001060322,0.0010467472,0.0010394793,0.0,0.0010603223,0.0010467473,0.001039478,0.0010506966,0.0010568895,0.0010689707,0.0010719135,0.001060322,0.0010467472,0.001039478,0.0010506966,0.0010568895,0.0010689705,0.001071958,0.0,0.0,0.0010307768,0.0010119076,0.00106772,0.001090364,0.0010719228,0.0,0.0010467472,0.001030777,0.0010214061,0.0010321473,0.0011075152,0.0,0.0010603222,0.0,0.001030777,0.0010119076,0.00106772,0.0010793031,0.0010719391,0.0,0.0010467472,0.001030777,0.0010214061,0.0010321473,0.0011075217,0.0,0.001060322,0.0010467472,0.001039478,0.0010506966,0.0010568895,0.0010689719,0.0010719149,0.001060322,0.0010467472,0.001039478,0.0010506966,0.0010568895,0.0010689705,0.0,0.0010603226,0.0010467476,0.001039478,0.0010506966,0.0010568895,0.0010689707,0.0,0.0,0.0010467472,0.001030777,0.0010214061,0.0010321473,0.0011075152,0.0010719178,0.001060322,0.0,0.0,0.0010603222,0.0010603222,0.0010547525,0.001071971,0.0,0.0010467476,0.0,0.0010603222,0.0010467472,0.0010677229,0.0010720883,0.0,0.0010603222,0.0010467476,0.001039478,0.0,0.0010603226,0.0,0.0010603219,0.0,0.001030777,0.0010119076,0.0010677201,0.0010793093,0.0010719225,0.0,0.0010467472,0.001030777,0.0010214061,0.0010321479,0.0011075635,0.0010719348,0.0,0.0,0.001030777,0.0010119076,0.00106772,0.0010903637,0.0,0.0010603222,0.0010467473,0.001039478,0.0010506966,0.0010568895,0.0010689707,0.0010719462,0.0010603222,0.0010467472,0.0,0.001060322,0.0010467472,0.0010394792,0.001071918,0.0,0.0010467476,0.001030777,0.0010214061,0.0010321473,0.0011075165,0.0010719193,0.0,0.0010467473,0.001030777,0.0010214061,0.0010321476,0.0011075168,0.0,0.0010603222,0.0010603223,0.0010547524,0.00106623,0.0,0.000989577,0.0010719711,0.0,0.0010467476,0.001030777,0.0010214061,0.0010321473,0.001107515,0.0010719217,0.0,0.0,0.0010307768,0.0010119076,0.00106772,0.0010903652,0.0010720193,0.0010603232,0.0,0.001030778,0.001011908,0.00106772,0.0010793098,0.0,0.0010603222,0.0010467472,0.001039478,0.0010506966,0.0010568895,0.0010689705,0.0,0.0010603232,0.0,0.001030777,0.0010119076,0.00106772,0.0010793031,0.0,0.0010603222,0.0010467473,0.001039478,0.0010506966,0.0010568895,0.0010689707,0.0010719355,0.001060322,0.0010467474,0.0010394782,0.0010506966,0.0010568895,0.0010689708,0.0,0.0,0.0,0.001030777,0.0010119076,0.00106772,0.0010903645,0.0010719129,0.001060322,0.0,0.001030777,0.0010119076,0.00106772,0.001079304,0.0010719317,0.0010603222,0.0010467472,0.00106772,0.0,0.001030777,0.0010119077,0.0,0.001060322,0.0010467472,0.001039478,0.0010506966,0.0010568895,0.0010689711,0.0,0.001060322,0.0010467472,0.001039478,0.0010506966,0.0010568895,0.0010689708,0.0,0.0010603229,0.0010467472,0.001039478,0.0010506966,0.0010568899,0.001068972,0.0010719288,0.001060322,0.0010467472,0.001039478,0.0010506966,0.0010568895,0.0010689712,0.0,0.0,0.0010467472,0.001030777,0.0010214061,0.0010321473,0.0011075153,0.0,0.001060322,0.0010467472,0.001039478,0.0010506966,0.0010568895,0.0010689705,0.0010721858,0.0010603239,0.0010467474,0.0010394781,0.0010506966,0.0010568899,0.0010689722
k__Bacteria|p__Actinobacteria|c__Actinomycetia|o__Corynebacteriales|f__Corynebacteriaceae|g__Corynebacterium|s__Corynebacterium_kroppenstedtii,0.0,0.0010596175,0.001046232,0.0010392556,0.0010510113,0.0010577275,0.0010701843,0.0,0.0010596175,0.001046232,0.0010392556,0.0010510113,0.0010577275,0.0010701842,0.0,0.0,0.0010462475,0.001030473,0.0010213953,0.001032683,0.0011075275,0.0010710381,0.0,0.001046232,0.001030462,0.0010213947,0.001032683,0.0011075271,0.0,0.0,0.001046232,0.001030462,0.0010213947,0.001032683,0.0011075271,0.0010710306,0.0010596175,0.001046232,0.0010392556,0.0010510113,0.0010577275,0.0010701842,0.0,0.0010596178,0.001046232,0.0010392556,0.0010510113,0.0010577275,0.0010701846,0.0010710307,0.0010596175,0.001046232,0.0010392556,0.0010510113,0.0010577275,0.0010701843,0.0016812212,0.0010596176,0.0010462324,0.001039256,0.0010510113,0.0010577275,0.0010701849,0.0,0.0010596175,0.001046232,0.0010392556,0.0010510113,0.0010577275,0.0010701843,0.0,0.0010596175,0.0,0.001030462,0.0010118034,0.0010671082,0.0010792067,0.0,0.0010596175,0.001046232,0.0010392556,0.0010510113,0.0010577275,0.0010701847,0.0,0.0,0.0,0.001030462,0.0010118034,0.0010671082,0.0010900795,0.001071032,0.0010596175,0.0,0.001030462,0.0010118034,0.0010671082,0.0010792116,0.001071052,0.0,0.0022391635,0.0010304621,0.0010118034,0.0010671082,0.0010900791,0.0010710369,0.0,0.001046232,0.0,0.0010596175,0.001046232,0.0010671081,0.0010710319,0.0,0.0,0.001030462,0.0010118034,0.0010671082,0.0010900778,0.0025804457,0.0010596187,0.0,0.001030462,0.0010118034,0.0010671082,0.0010792057,0.0,0.0,0.001046233,0.0010596183,0.0,0.001030462,0.0010596176,0.0010710467,0.0010596176,0.0,0.0010304619,0.0010118034,0.0010671082,0.0010792057,0.0,0.0,0.0010462321,0.001030462,0.0010213947,0.001032683,0.0011075272,0.0,0.0,0.001046232,0.0,0.0010596175,0.001046232,0.0010671082,0.0,0.0010596216,0.0,0.0010596176,0.0,0.0010596175,0.001046232,0.0,0.0,0.0010462502,0.0010304648,0.0010213947,0.001032683,0.0011075273,0.0,0.0010596573,0.0010596217,0.0010543298,0.0010663328,0.0,0.0009896605,0.0,0.0010596194,0.0010462326,0.0,0.0010596176,0.0010462321,0.0010392579,0.001071033,0.0010596175,0.001046232,0.0,0.0010596175,0.001046232,0.0010392565,0.0,0.0010596177,0.001046232,0.0010392556,0.0010510113,0.0010577275,0.0010701842,0.0010710306,0.0010596175,0.001046232,0.0010392556,0.0010510113,0.0010577275,0.0010701843,0.0010710392,0.0,0.0,0.001030462,0.0010118034,0.0010671082,0.0010900775,0.001071033,0.0,0.001046232,0.001030462,0.0010213947,0.001032683,0.0011075271,0.0,0.0010596176,0.0,0.001030462,0.0010118034,0.0010671082,0.0010792057,0.0010710364,0.0,0.001046232,0.001030462,0.0010213947,0.0010326827,0.0011075326,0.0,0.0010596175,0.001046232,0.0010392556,0.0010510113,0.0010577275,0.0010701856,0.0010710305,0.0010596175,0.001046232,0.0010392556,0.0010510113,0.0010577275,0.0010701842,0.0,0.0010596182,0.0010462321,0.0010392559,0.0010510113,0.0010577275,0.0010701843,0.0,0.0,0.001046232,0.001030462,0.0010213947,0.001032683,0.0011075271,0.0010710305,0.0010596175,0.0,0.0,0.0010596176,0.0010596175,0.0010543299,0.0010710403,0.0,0.0010462322,0.0,0.0010596176,0.001046232,0.0010671107,0.0010710664,0.0,0.0010596176,0.0010462321,0.0010392556,0.0,0.0010596181,0.0,0.0010596174,0.0,0.001030462,0.0010118034,0.0010671082,0.0010792101,0.0010710327,0.0,0.001046232,0.001030462,0.0010213947,0.0010326833,0.0011075785,0.0010710391,0.0,0.0,0.001030462,0.0010118034,0.0010671082,0.0010900775,0.0,0.0010596176,0.001046232,0.0010392556,0.0010510113,0.0010577275,0.0010701842,0.0010710135,0.0010596176,0.0010462321,0.0,0.0010596176,0.001046232,0.0010392565,0.0010710311,0.0,0.0010462321,0.001030462,0.0010213947,0.001032683,0.0011075288,0.0010710319,0.0,0.001046232,0.001030462,0.0010213947,0.0010326832,0.0011075282,0.0,0.0010596176,0.0010596177,0.0010543298,0.0010663326,0.0,0.0009897012,0.0010710403,0.0,0.0010462321,0.001030462,0.0010213947,0.001032683,0.0011075271,0.001071033,0.0,0.0,0.001030462,0.0010118034,0.0010671082,0.0010900792,0.0010710465,0.0010596182,0.0,0.0010304628,0.0010118034,0.0010671081,0.0010792116,0.0,0.0010596176,0.0010462321,0.0010392556,0.0010510113,0.0010577275,0.0010701842,0.0,0.0010596187,0.0,0.001030462,0.0010118034,0.0010671082,0.0010792057,0.0,0.0010596176,0.0010462321,0.0010392556,0.0010510113,0.0010577275,0.0010701843,0.0010710363,0.0010596175,0.001046232,0.0010392559,0.0010510113,0.0010577275,0.0010701843,0.0,0.0,0.0,0.001030462,0.0010118034,0.0010671082,0.0010900779,0.0010710305,0.0010596175,0.0,0.001030462,0.0010118034,0.0010671082,0.0010792059,0.0010710355,0.0010596176,0.001046232,0.0010671082,0.0,0.001030462,0.0010118035,0.0,0.0010596175,0.001046232,0.0010392559,0.0010510113,0.0010577275,0.0010701849,0.0,0.0010596175,0.001046232,0.0010392556,0.0010510113,0.0010577275,0.0010701845,0.0,0.001059618,0.0010462321,0.0010392556,0.0010510113,0.0010577275,0.0010701861,0.0010710339,0.0010596175,0.001046232,0.0010392556,0.0010510113,0.0010577275,0.0010701847,0.0,0.0,0.001046232,0.001030462,0.0010213947,0.001032683,0.0011075273,0.0,0.0010596175,0.001046232,0.0010392556,0.0010510113,0.0010577275,0.0010701843,0.0010711153,0.0010596188,0.001046232,0.0010392559,0.0010510113,0.0010577275,0.0010701866
k__Bacteria|p__Actinobacteria|c__Actinomycetia|o__Bifidobacteriales|f__Bifidobacteriaceae|g__Parascardovia|s__Parascardovia_denticolens,0.0,0.00106134,0.001047658,0.0010402098,0.0010510808,0.0010569383,0.0010687701,0.0,0.0010613401,0.001047658,0.0010402098,0.0010510808,0.0010569383,0.0010687701,0.0,0.0,0.0010476732,0.0010315832,0.0010220174,0.001032406,0.001108018,0.0010730514,0.0,0.001047658,0.0010315729,0.0010220167,0.001032406,0.0011080178,0.0,0.0,0.001047658,0.0010315729,0.0010220167,0.001032406,0.0011080178,0.0010730315,0.00106134,0.001047658,0.0010402098,0.0010510808,0.0010569383,0.0010687701,0.0,0.0010613406,0.0010476584,0.0010402098,0.0010510808,0.0010569383,0.0010687703,0.0010730315,0.00106134,0.001047658,0.0010402098,0.0010510808,0.0010569383,0.0010687701,0.0,0.0010613404,0.0010476585,0.0010402099,0.0010510808,0.0010569383,0.0010687702,0.0,0.0010613401,0.001047658,0.0010402098,0.0010510808,0.0010569383,0.0010687702,0.0,0.0010613401,0.0,0.0010315729,0.0010125824,0.0010686718,0.0010799178,0.0,0.00106134,0.001047658,0.0010402098,0.0010510808,0.0010569383,0.0010687701,0.0,0.0,0.0,0.0010315729,0.0010125824,0.0010686719,0.0010910825,0.0010730363,0.0010613401,0.0,0.0010315729,0.0010125824,0.0010686718,0.0010799215,0.0010730864,0.0,0.0,0.0010315733,0.0010125824,0.0010686718,0.0010910822,0.0010730466,0.0,0.001047658,0.0,0.00106134,0.001047658,0.0010686717,0.0010730332,0.0,0.0,0.0010315729,0.0010125824,0.0010686718,0.0010910823,0.0,0.0010613418,0.0,0.0010315729,0.0010125824,0.0010686718,0.0010799171,0.0,0.0,0.0010476591,0.0010613418,0.0,0.0010315729,0.0010613401,0.0010730502,0.0010613404,0.0,0.0010315729,0.0010125824,0.0010686718,0.001079917,0.0,0.0,0.001047658,0.0010315729,0.0010220167,0.001032406,0.0011080182,0.0,0.0,0.001047658,0.0,0.00106134,0.001047658,0.0010686716,0.0,0.0010613434,0.0,0.0010613402,0.0,0.00106134,0.001047658,0.0,0.0,0.0010476782,0.0010315758,0.0010220167,0.001032406,0.0011080179,0.0,0.0010613829,0.0010613446,0.0010555981,0.0010667325,0.0,0.0009900876,0.0,0.0010613422,0.001047659,0.0,0.0010613406,0.0010476583,0.0010402115,0.0010730353,0.00106134,0.001047658,0.0,0.00106134,0.001047658,0.0010402104,0.0,0.0010613402,0.001047658,0.0010402098,0.0010510808,0.0010569383,0.0010687701,0.0010730313,0.00106134,0.001047658,0.0010402098,0.0010510808,0.0010569383,0.0010687702,0.0010730507,0.0,0.0,0.0010315729,0.0010125824,0.0010686718,0.0010910823,0.0010730362,0.0,0.001047658,0.0010315729,0.0010220167,0.001032406,0.0011080178,0.0,0.0010613402,0.0,0.0010315729,0.0010125824,0.0010686718,0.001079917,0.0010730423,0.0,0.001047658,0.0010315729,0.0010220167,0.001032406,0.0011080219,0.0,0.00106134,0.001047658,0.0010402098,0.0010510808,0.0010569383,0.0010687707,0.0010730318,0.00106134,0.001047658,0.0010402098,0.0010510808,0.0010569383,0.0010687701,0.0,0.0010613407,0.0010476583,0.0010402098,0.0010510808,0.0010569383,0.0010687701,0.0,0.0,0.001047658,0.0010315729,0.0010220167,0.001032406,0.0011080179,0.0010730322,0.00106134,0.0,0.0,0.0010613402,0.0010613401,0.0010555977,0.0010730514,0.0,0.0010476584,0.0,0.0010613402,0.001047658,0.0010686733,0.0010731112,0.0,0.0010613404,0.001047658,0.0010402098,0.0,0.0010613404,0.0,0.00106134,0.0,0.0010315729,0.0010125824,0.0010686717,0.0010799208,0.0010730353,0.0,0.001047658,0.0010315729,0.0010220167,0.0010324066,0.001108044,0.0010730436,0.0,0.0,0.0010315729,0.0010125824,0.0010686718,0.0010910823,0.0015073299,0.0010613402,0.001047658,0.0010402098,0.0010510808,0.0010569383,0.0010687701,0.0010730253,0.0010613402,0.001047658,0.0,0.0010613401,0.001047658,0.0010402106,0.001073033,0.0,0.001047658,0.001031573,0.0010220167,0.001032406,0.001108018,0.0010730332,0.0,0.001047658,0.0010315729,0.0010220167,0.0010324061,0.0011080187,0.0,0.0010613402,0.0010613406,0.0010555977,0.0010667323,0.0,0.000990116,0.0010730539,0.0,0.001047658,0.0010315729,0.0010220167,0.001032406,0.0011080178,0.0010730332,0.0,0.0,0.0010315729,0.0010125824,0.0010686718,0.0010910826,0.0010730802,0.001061341,0.0,0.0010315741,0.0010125824,0.0010686719,0.0010799202,0.0,0.0010613402,0.001047658,0.0010402098,0.0010510808,0.0010569383,0.0010687701,0.0,0.0010613411,0.0,0.0010315729,0.0010125824,0.0010686718,0.001079917,0.0,0.0010613401,0.001047658,0.0010402098,0.0010510808,0.0010569383,0.0010687701,0.0010730396,0.0010613403,0.0010476583,0.0010402099,0.0010510808,0.0010569383,0.0010687703,0.0,0.0,0.0,0.0010315729,0.0010125824,0.0010686718,0.0010910825,0.0010730312,0.00106134,0.0,0.0010315729,0.0010125824,0.0010686718,0.0010799173,0.0010730381,0.0010613402,0.001047658,0.0010686718,0.0,0.0010315729,0.0010125821,0.0,0.00106134,0.001047658,0.0010402098,0.0010510808,0.0010569383,0.0010687703,0.0,0.00106134,0.001047658,0.0010402098,0.0010510808,0.0010569383,0.0010687702,0.0,0.0010613408,0.001047658,0.0010402098,0.0010510808,0.0010569383,0.0010687707,0.0010730382,0.00106134,0.001047658,0.0010402098,0.0010510808,0.0010569383,0.0010687703,0.0,0.0,0.001047658,0.0010315729,0.0010220167,0.001032406,0.001108018,0.0,0.00106134,0.001047658,0.0010402098,0.0010510808,0.0010569383,0.0010687702,0.0010731482,0.0010613415,0.0010476583,0.0010402097,0.0010510808,0.0010569383,0.0010687707
k__Bacteria|p__Actinobacteria|c__Actinomycetia|o__Propionibacteriales|f__Propionibacteriaceae|g__Propionimicrobium|s__Propionimicrobium_lymphophilum,0.0,0.0010614628,0.0010478628,0.0010405319,0.001051605,0.0010576613,0.0010696303,0.0,0.0010614631,0.0010478628,0.0010405319,0.001051605,0.0010576613,0.0010696301,0.0,0.0,0.0010478708,0.0010318677,0.0010224297,0.0010330257,0.0011083757,0.0010730964,0.0,0.0010478628,0.0010318637,0.0010224292,0.0010330257,0.0011083753,0.0,0.0,0.0010478628,0.0010318637,0.0010224294,0.0010330257,0.0011083753,0.0010730769,0.001061463,0.0010478628,0.0010405319,0.001051605,0.0010576613,0.0010696301,0.0,0.0010614633,0.0010478629,0.0010405319,0.001051605,0.0010576613,0.0010696311,0.0010730769,0.001061463,0.0010478628,0.0010405319,0.001051605,0.0010576613,0.0010696301,0.0,0.0010614633,0.0010478634,0.001040532,0.001051605,0.0010576613,0.0010696305,0.0,0.0010614631,0.0010478628,0.0010405319,0.001051605,0.0010576613,0.0010696303,0.0,0.0010614631,0.0,0.0010318637,0.0010129624,0.0010688254,0.0010802626,0.0,0.001061463,0.0010478628,0.0010405319,0.001051605,0.0010576613,0.0010696305,0.0,0.0,0.0,0.0010318637,0.0010129624,0.0010688257,0.0010913434,0.0010730837,0.0010614631,0.0,0.0010318637,0.0010129624,0.0010688254,0.0010802667,0.0010731313,0.0,0.0,0.0010318639,0.0010129624,0.0010688254,0.0010913435,0.0010730944,0.0,0.0010478628,0.0,0.001061463,0.0010478628,0.0010688254,0.0010730785,0.0,0.0,0.0010318637,0.0010129624,0.0010688254,0.0010913431,0.0,0.0010614635,0.0,0.0010318637,0.0010129624,0.0010688254,0.0010802614,0.0,0.0,0.001047863,0.0010614642,0.0,0.0010318637,0.0010614633,0.0010730862,0.0010614629,0.0,0.0010318637,0.0010129624,0.0010688254,0.001080261,0.0,0.0,0.0010478629,0.0010318637,0.0010224294,0.0010330257,0.0011083756,0.0,0.0,0.0010478628,0.0,0.001061463,0.0010478628,0.0010688256,0.0,0.001061463,0.0,0.0010614633,0.0,0.001061463,0.0010478629,0.0,0.0,0.0010478696,0.0010318647,0.0010224294,0.0010330257,0.001108375,0.0,0.0010614836,0.001061465,0.0010558335,0.0010671642,0.0,0.0009905621,0.0,0.0010614637,0.0010478629,0.0,0.001061463,0.0010478629,0.0010405345,0.0010730798,0.001061463,0.0010478628,0.0,0.001061463,0.0010478628,0.0010405328,0.0,0.0010614633,0.0010478629,0.0010405319,0.001051605,0.0010576613,0.0010696301,0.0010730766,0.001061463,0.0010478628,0.0010405319,0.001051605,0.0010576613,0.0010696303,0.0010730965,0.0,0.0,0.0010318637,0.0010129624,0.0010688254,0.0010913431,0.0010730815,0.0,0.0010478628,0.0010318637,0.0010224294,0.0010330257,0.0011083753,0.0,0.0010614633,0.0,0.0010318637,0.0010129624,0.0010688254,0.001080261,0.0010730878,0.0,0.0010478628,0.0010318637,0.0010224294,0.0010330257,0.0011083819,0.0,0.001061463,0.0010478628,0.0010405319,0.001051605,0.0010576613,0.0010696312,0.0010730772,0.001061463,0.0010478628,0.0010405319,0.001051605,0.0010576613,0.0010696301,0.0,0.0010614631,0.0010478629,0.0010405319,0.001051605,0.0010576613,0.0010696303,0.0,0.0,0.0010478628,0.0010318637,0.0010224294,0.0010330257,0.0011083753,0.0010730776,0.001061463,0.0,0.0,0.0010614633,0.0010614631,0.0010558335,0.0010730949,0.0,0.0010478627,0.0,0.0010614633,0.0010478628,0.0010688292,0.0010731603,0.0,0.001061463,0.0010478629,0.0010405319,0.0,0.0010614634,0.0,0.001061463,0.0,0.0010318637,0.0010129624,0.0010688255,0.0010802691,0.00107308,0.0,0.0010478628,0.0010318637,0.0010224294,0.0010330261,0.0011084264,0.0010730827,0.0,0.0,0.0010318637,0.0010129624,0.0010688254,0.001091343,0.0,0.0010614633,0.0010478629,0.0010405319,0.001051605,0.0010576613,0.0010696301,0.0010730813,0.0010614631,0.0010478629,0.0,0.001061463,0.0010478628,0.0010405332,0.0010730787,0.0,0.0010478629,0.0010318641,0.0010224294,0.0010330257,0.0011083762,0.0010730781,0.0,0.0010478629,0.0010318637,0.0010224292,0.0010330259,0.0011083769,0.0,0.0010614631,0.0010614631,0.0010558334,0.0010671641,0.0,0.0009905925,0.001073099,0.0,0.0010478629,0.0010318637,0.0010224294,0.0010330257,0.0011083753,0.0010730784,0.0,0.0,0.0010318637,0.0010129624,0.0010688254,0.0010913436,0.0010731284,0.0010614637,0.0,0.0010318647,0.0010129625,0.0010688257,0.0010802662,0.0,0.0010614631,0.0010478629,0.0010405319,0.001051605,0.0010576613,0.0010696301,0.0,0.0010614631,0.0,0.0010318637,0.0010129624,0.0010688254,0.001080261,0.0,0.001061463,0.0010478629,0.0010405319,0.001051605,0.0010576613,0.0010696301,0.0010730866,0.001061463,0.0010478629,0.001040532,0.001051605,0.0010576613,0.0010696303,0.0,0.0,0.0,0.0010318637,0.0010129624,0.0010688254,0.0010913435,0.0010730765,0.001061463,0.0,0.0010318637,0.0010129624,0.0010688254,0.0010802619,0.0010730805,0.0010614631,0.0010478628,0.0010688254,0.0,0.0010318637,0.0010129625,0.0,0.001061463,0.0010478628,0.0010405319,0.001051605,0.0010576613,0.0010696308,0.0,0.001061463,0.0010478628,0.0010405319,0.001051605,0.0010576613,0.0010696303,0.0,0.0010614633,0.0010478629,0.0010405319,0.001051605,0.0010576613,0.001069632,0.0010730836,0.001061463,0.0010478628,0.0010405319,0.001051605,0.0010576613,0.0010696306,0.0,0.0,0.0010478628,0.0010318637,0.0010224294,0.0010330257,0.0011083757,0.0,0.001061463,0.0010478628,0.0010405319,0.001051605,0.0010576613,0.0010696303,0.0010731707,0.0010614635,0.0010478629,0.0010405319,0.001051605,0.0010576613,0.001069632
k__Bacteria|p__Actinobacteria|c__Actinomycetia|o__Actinomycetales|f__Actinomycetaceae|g__Actinobaculum|s__Actinobaculum_massiliense,0.0,0.0010594174,0.0010458594,0.0010386339,0.0010499591,0.0010562516,0.0010684147,0.0,0.0010594175,0.0010458594,0.0010386339,0.0010499591,0.0010562516,0.0010684147,0.0,0.0,0.0010458587,0.0010299078,0.0010205823,0.001031429,0.0011068215,0.001071015,0.0,0.0010458594,0.0010299078,0.0010205823,0.001031429,0.0011068217,0.0,0.0,0.0010458594,0.0010299078,0.0010205823,0.001031429,0.0011068218,0.0010709938,0.0010594174,0.0010458594,0.0010386339,0.0010499591,0.0010562516,0.0010684145,0.0,0.0010594171,0.0010458595,0.0010386339,0.0010499591,0.0010562516,0.0010684147,0.0010709941,0.0010594174,0.0010458594,0.0010386339,0.0010499591,0.0010562516,0.0010684148,0.0,0.0010594175,0.0010458592,0.0010386338,0.0010499591,0.0010562516,0.001068415,0.0,0.0010594175,0.0010458594,0.0010386339,0.0010499591,0.0010562516,0.0010684147,0.0,0.0010594175,0.0,0.0010299078,0.0010110603,0.0010668419,0.0010785335,0.0,0.0010594174,0.0010458594,0.0010386339,0.0010499591,0.0010562516,0.0010684147,0.0,0.0,0.0,0.0010299078,0.0010110603,0.0010668419,0.0010895807,0.0010709997,0.0010594175,0.0,0.0010299078,0.0010110603,0.0010668419,0.0010785322,0.0010710337,0.0,0.0,0.001029908,0.0010110603,0.0010668422,0.001089581,0.001071009,0.0,0.0010458594,0.0,0.0010594174,0.0010458594,0.0010668418,0.0010709948,0.0,0.0,0.0010299078,0.0010110603,0.0010668422,0.0010895812,0.0,0.0010594171,0.0,0.0010299078,0.0010110603,0.0010668422,0.0010785332,0.0,0.0,0.0010458591,0.0010594173,0.0,0.0010299078,0.0010594175,0.001071002,0.0010594175,0.0,0.0010299077,0.0010110603,0.0010668422,0.0010785335,0.0,0.0,0.0010458595,0.0010299078,0.0010205823,0.001031429,0.0011068218,0.0,0.0,0.0010458594,0.0,0.0010594174,0.0010458594,0.0010668418,0.0,0.0010594167,0.0,0.0010594175,0.0,0.0010594174,0.0010458594,0.0,0.0,0.001045857,0.0010299075,0.0010205824,0.001031429,0.0011068212,0.0,0.0010594071,0.0010594163,0.0010538897,0.0010654752,0.0,0.0009887128,0.0,0.0010594168,0.0010458591,0.0,0.0010594174,0.0010458594,0.001038634,0.0010709974,0.0010594174,0.0010458594,0.0,0.0010594174,0.0010458594,0.0010386343,0.0,0.0010594176,0.0010458594,0.0010386339,0.0010499591,0.0010562516,0.0010684147,0.0010709942,0.0010594174,0.0010458594,0.0010386339,0.0010499591,0.0010562516,0.0010684147,0.0010710064,0.0,0.0,0.0010299078,0.0010110603,0.0010668422,0.0010895812,0.0010709947,0.0,0.0010458594,0.0010299078,0.0010205823,0.001031429,0.0011068215,0.0,0.0010594175,0.0,0.0010299078,0.0010110603,0.0010668422,0.0010785335,0.0010710014,0.0,0.0010458594,0.0010299078,0.0010205823,0.001031429,0.0011068197,0.0,0.0010594174,0.0010458594,0.0010386339,0.0010499591,0.0010562516,0.0010684148,0.0010709947,0.0010594174,0.0010458594,0.0010386339,0.0010499591,0.0010562516,0.0010684145,0.0,0.0010594176,0.0010458594,0.0010386339,0.0010499591,0.0010562516,0.0010684144,0.0,0.0,0.0010458594,0.0010299078,0.0010205823,0.001031429,0.0011068218,0.001070996,0.0010594174,0.0,0.0,0.0010594175,0.0010594175,0.0010538901,0.0010710189,0.0,0.0010458593,0.0,0.0010594175,0.0010458594,0.0010668423,0.0010710625,0.0,0.0010594175,0.0010458594,0.0010386339,0.0,0.0010594175,0.0,0.0010594173,0.0,0.0010299078,0.0010110603,0.001066842,0.0010785335,0.0010709966,0.0,0.0010458594,0.0010299078,0.0010205824,0.0010314288,0.0011068089,0.0010710004,0.0,0.0,0.0010299078,0.0010110603,0.0010668422,0.0010895812,0.0,0.0010594175,0.0010458594,0.0010386339,0.0010499591,0.0010562516,0.0010684147,0.0010710396,0.0010594175,0.0010458594,0.0,0.0010594174,0.0010458594,0.001038634,0.0010709949,0.0,0.0010458594,0.001029908,0.0010205823,0.001031429,0.0011068211,0.0010709953,0.0,0.0010458594,0.0010299078,0.0010205824,0.0010314292,0.0011068208,0.0,0.0010594175,0.0010594176,0.0010538897,0.0010654747,0.0,0.0009887262,0.0010710127,0.0,0.0010458594,0.0010299078,0.0010205823,0.001031429,0.0011068218,0.0010709966,0.0,0.0,0.0010299078,0.0010110603,0.0010668419,0.0010895812,0.0010710323,0.001059417,0.0,0.001029908,0.0010110603,0.0010668419,0.0010785328,0.0,0.0010594175,0.0010458594,0.0010386339,0.0010499591,0.0010562516,0.0010684145,0.0,0.0010594173,0.0,0.0010299078,0.0010110603,0.0010668422,0.0010785335,0.0,0.0010594175,0.0010458595,0.0010386339,0.0010499591,0.0010562516,0.0010684148,0.0010709977,0.0010594173,0.0010458592,0.0010386338,0.001049959,0.0010562516,0.0010684147,0.0,0.0,0.0,0.0010299078,0.0010110603,0.0010668422,0.0010895815,0.0010709936,0.0010594174,0.0,0.0010299078,0.0010110603,0.0010668422,0.0010785331,0.0010709985,0.0010594175,0.0010458594,0.0010668422,0.0,0.0010299078,0.0010110603,0.0,0.0010594174,0.0010458594,0.0010386339,0.0010499591,0.0010562516,0.0010684147,0.0,0.0010594174,0.0010458594,0.0010386339,0.0010499591,0.0010562516,0.0010684148,0.0,0.0010594173,0.0010458594,0.0010386339,0.0010499591,0.0010562516,0.0010684148,0.0010709959,0.0010594174,0.0010458594,0.0010386339,0.0010499591,0.0010562516,0.0010684147,0.0,0.0,0.0010458594,0.0010299078,0.0010205823,0.001031429,0.0011068217,0.0,0.0010594174,0.0010458594,0.0010386339,0.0010499591,0.0010562516,0.0010684147,0.0010711339,0.0010594173,0.0010458592,0.0010386339,0.0010499591,0.0010562516,0.0010684148
k__Bacteria|p__Actinobacteria|c__Actinomycetia|o__Actinomycetales|f__Actinomycetaceae|g__Actinomyces|s__Actinomyces_sp_HMSC065F12,0.0,0.0010622788,0.0010486088,0.0010411586,0.001051995,0.0010578237,0.0010696222,0.0,0.0010622789,0.0010486088,0.0010411586,0.001051995,0.0010578237,0.0010696222,0.0,0.0,0.0010486238,0.0010325465,0.001022978,0.0010333345,0.0011088299,0.001073991,0.0,0.0010486088,0.0010325353,0.001022977,0.0010333345,0.0011088294,0.0,0.0,0.0010486088,0.0010325353,0.001022977,0.0010333345,0.0011088294,0.0010739577,0.0010622788,0.0010486088,0.0010411586,0.001051995,0.0010578237,0.0010696222,0.0,0.0010622793,0.0010486093,0.0010411586,0.001051995,0.0010578237,0.0010696225,0.0010739577,0.0010622788,0.0010486088,0.0010411586,0.001051995,0.0010578237,0.0010696222,0.0,0.0010622789,0.0010486093,0.0010411587,0.001051995,0.0010578237,0.0010696228,0.0,0.0010622789,0.0010486088,0.0010411586,0.001051995,0.0010578237,0.0010696223,0.0,0.0010622789,0.0,0.0010325353,0.0010135543,0.001069595,0.0010808011,0.0,0.0010622788,0.0010486088,0.0010411586,0.001051995,0.0010578237,0.0010696227,0.0,0.0,0.0,0.0010325353,0.0010135543,0.001069595,0.0010919514,0.0010739659,0.0010622789,0.0,0.0010325353,0.0010135543,0.001069595,0.0010808058,0.0010740316,0.0,0.0,0.0010325353,0.0010135543,0.001069595,0.0010919503,0.0010739821,0.0,0.0010486088,0.0,0.0010622788,0.0010486088,0.001069595,0.001073961,0.0,0.0,0.0010325353,0.0010135543,0.0010695948,0.0010919492,0.0,0.00106228,0.0,0.0010325353,0.0010135543,0.0010695948,0.0010808,0.0,0.0,0.0010486098,0.00106228,0.0,0.0010325353,0.0010622789,0.0010739878,0.0010622791,0.0,0.0010325353,0.0010135543,0.0010695948,0.0010807995,0.0,0.0,0.0010486093,0.0010325353,0.001022977,0.0010333345,0.0011088297,0.0,0.0,0.0010486088,0.0,0.0010622788,0.0010486088,0.001069595,0.0,0.0010622831,0.0,0.001062279,0.0,0.0010622788,0.001048609,0.0,0.0,0.0010486258,0.0010325388,0.0010229772,0.0010333345,0.00110883,0.0,0.0010623179,0.0010622831,0.0010565341,0.001067631,0.0,0.0009910691,0.0,0.001062281,0.0010486097,0.0,0.0010622791,0.0010486088,0.0010411607,0.001073964,0.0010622788,0.0010486088,0.0,0.0010622788,0.0010486088,0.0010411596,0.0,0.001062279,0.0010486089,0.0010411586,0.001051995,0.0010578237,0.0010696222,0.0010739577,0.0010622788,0.0010486088,0.0010411586,0.001051995,0.0010578237,0.0010696223,0.0010739858,0.0,0.0,0.0010325353,0.0010135543,0.0010695948,0.0010919487,0.0010739634,0.0,0.0010486088,0.0010325353,0.001022977,0.0010333345,0.0011088297,0.0,0.001062279,0.0,0.0010325353,0.0010135543,0.0010695948,0.0010807995,0.0010739723,0.0,0.0010486088,0.0010325353,0.001022977,0.0010333345,0.0011088342,0.0,0.0010622788,0.0010486088,0.0010411586,0.001051995,0.0010578237,0.0010696235,0.0010739582,0.0010622788,0.0010486088,0.0010411586,0.001051995,0.0010578237,0.0010696222,0.0,0.0010622793,0.0010486091,0.0010411586,0.001051995,0.0010578237,0.0010696222,0.0,0.0,0.0010486088,0.0010325353,0.001022977,0.0010333345,0.0011088294,0.0010739603,0.0010622788,0.0,0.0,0.001062279,0.0010622789,0.0010565345,0.0010739974,0.0,0.0010486093,0.0,0.001062279,0.0010486088,0.0010695967,0.0010740716,0.0,0.001062279,0.0010486091,0.0010411586,0.0,0.0010622797,0.0,0.0010622788,0.0,0.0010325353,0.0010135543,0.0010695949,0.001080802,0.0010739636,0.0,0.0010486088,0.0010325353,0.0010229772,0.0010333349,0.0011088751,0.0010739755,0.0,0.0,0.0010325353,0.0010135543,0.0010695948,0.0010919487,0.0,0.001062279,0.0010486089,0.0010411586,0.001051995,0.0010578237,0.0010696222,0.0010739752,0.0010622789,0.0010486088,0.0,0.0010622788,0.0010486088,0.0010411594,0.0010739601,0.0,0.0010486088,0.0010325355,0.001022977,0.0010333345,0.0011088313,0.0010739617,0.0,0.0010486089,0.0010325353,0.0010229772,0.0010333344,0.0011088306,0.0,0.0010622789,0.0010622789,0.0010565337,0.0010676307,0.0,0.0009911061,0.0010739968,0.0,0.0010486088,0.0010325353,0.001022977,0.0010333345,0.0011088294,0.0010739637,0.0,0.0,0.0010325353,0.0010135543,0.001069595,0.0010919507,0.0010740189,0.0010622793,0.0,0.0010325363,0.0010135544,0.001069595,0.0010808058,0.0,0.0010622789,0.0010486088,0.0010411586,0.001051995,0.0010578237,0.0010696222,0.0,0.0010622798,0.0,0.0010325353,0.0010135543,0.0010695948,0.0010807995,0.0,0.0010622788,0.0010486089,0.0010411586,0.001051995,0.0010578237,0.0010696223,0.0010739715,0.0010622789,0.0010486093,0.0010411587,0.001051995,0.0010578237,0.0010696221,0.0,0.0,0.0,0.0010325353,0.0010135543,0.0010695948,0.0010919493,0.0010739572,0.0010622788,0.0,0.0010325353,0.0010135543,0.0010695948,0.0010808003,0.0010739714,0.0010622789,0.0010486088,0.0010695948,0.0,0.0010325353,0.0010135544,0.0,0.0010622788,0.0010486088,0.0010411586,0.001051995,0.0010578237,0.0010696227,0.0,0.0010622788,0.0010486088,0.0010411586,0.001051995,0.0010578237,0.0010696223,0.0,0.0010622793,0.0010486091,0.0010411586,0.001051995,0.0010578237,0.001069624,0.0010739669,0.0010622788,0.0010486088,0.0010411586,0.001051995,0.0010578237,0.0010696225,0.0,0.0,0.0010486088,0.0010325353,0.001022977,0.0010333345,0.0011088295,0.0,0.0010622788,0.0010486088,0.0010411586,0.001051995,0.0010578237,0.0010696223,0.0010741752,0.0010622805,0.0010486093,0.0010411586,0.001051995,0.0010578237,0.0010696244
k__Bacteria|p__Actinobacteria|c__Actinomycetia|o__Micrococcales|f__Micrococcaceae|g__Kocuria|s__Kocuria_salsicia,0.0,0.0010604651,0.0010469318,0.0010397203,0.0010510351,0.0010573235,0.001069469,0.0,0.0010604652,0.0010469318,0.0010397203,0.0010510351,0.0010573235,0.001069469,0.0,0.0,0.0010469389,0.0010310082,0.0010216942,0.001032534,0.0011077628,0.0010720448,0.0,0.0010469318,0.0010310048,0.0010216938,0.001032534,0.0011077623,0.0,0.0,0.0010469318,0.0010310048,0.0010216938,0.001032534,0.0011077623,0.001072017,0.0010604651,0.0010469318,0.0010397203,0.0010510351,0.0010573235,0.001069469,0.0,0.0010604652,0.0010469317,0.0010397203,0.0010510351,0.0010573235,0.0010694695,0.0010720171,0.0010604651,0.0010469318,0.0010397203,0.0010510351,0.0010573235,0.001069469,0.0,0.0010604654,0.0010469322,0.0010397204,0.0010510351,0.0010573235,0.0010694695,0.0,0.0010604652,0.0010469318,0.0010397203,0.0010510351,0.0010573235,0.001069469,0.0,0.0010604652,0.0,0.0010310048,0.0010121802,0.0010678768,0.0010795507,0.0,0.0010604651,0.0010469318,0.0010397203,0.0010510351,0.0010573235,0.0010694693,0.0,0.0,0.0,0.0010310048,0.0010121802,0.0010678768,0.0010905691,0.0010720253,0.0010604652,0.0,0.0010310048,0.0010121802,0.0010678768,0.0010795563,0.0010720937,0.0,0.0,0.0010310048,0.0010121802,0.0010678768,0.0010905688,0.001072039,0.0,0.0010469318,0.0,0.0010604651,0.0010469318,0.0010678768,0.0010720193,0.0,0.0,0.0010310048,0.0010121802,0.0010678768,0.0010905686,0.0,0.0010604659,0.0,0.0010310048,0.0010121802,0.0010678768,0.0010795504,0.0,0.0,0.0010469316,0.001060466,0.0,0.0010310048,0.0010604654,0.0010720305,0.0010604654,0.0,0.0010310048,0.0010121802,0.0010678768,0.0010795499,0.0,0.0,0.0010469318,0.0010310048,0.0010216938,0.001032534,0.0011077625,0.0,0.0,0.0010469318,0.0,0.0010604651,0.0010469318,0.0010678768,0.0,0.0010604656,0.0,0.0010604654,0.0,0.0010604651,0.001046932,0.0,0.0,0.0010469385,0.0010310058,0.0010216938,0.001032534,0.0011077625,0.0,0.0010604877,0.0010604673,0.0010549508,0.0010665214,0.0,0.000989861,0.0,0.001060466,0.0010469317,0.0,0.0010604654,0.001046932,0.0010397219,0.00107202,0.0010604651,0.0010469318,0.0,0.0010604651,0.0010469318,0.0010397211,0.0,0.0010604654,0.001046932,0.0010397203,0.0010510351,0.0010573235,0.001069469,0.001072017,0.0010604651,0.0010469318,0.0010397203,0.0010510351,0.0010573235,0.001069469,0.0010720402,0.0,0.0,0.0010310048,0.0010121802,0.0010678768,0.0010905685,0.001072023,0.0,0.0010469318,0.0010310048,0.0010216938,0.001032534,0.0011077623,0.0,0.0010604654,0.0,0.0010310048,0.0010121802,0.0010678768,0.0010795501,0.0010720311,0.0,0.0010469318,0.0010310048,0.0010216938,0.001032534,0.001107768,0.0,0.0010604651,0.0010469318,0.0010397203,0.0010510351,0.0010573235,0.0010694701,0.0010720178,0.0010604651,0.0010469318,0.0010397203,0.0010510351,0.0010573235,0.001069469,0.0,0.0010604652,0.0010469316,0.0010397203,0.0010510351,0.0010573235,0.0010694694,0.0,0.0,0.0010469318,0.0010310048,0.0010216938,0.001032534,0.0011077623,0.0010720188,0.0010604651,0.0,0.0,0.0010604654,0.0010604652,0.0010549508,0.0010720454,0.0,0.0010469317,0.0,0.0010604654,0.0010469317,0.0010678786,0.0010721348,0.0,0.0010604654,0.001046932,0.0010397203,0.0,0.0010604656,0.0,0.0010604651,0.0,0.0010310048,0.0010121802,0.0010678768,0.0010795548,0.0010720209,0.0,0.0010469318,0.0010310048,0.0010216938,0.0010325346,0.0011078028,0.0010720257,0.0,0.0,0.0010310048,0.0010121802,0.0010678768,0.0010905685,0.0,0.0010604654,0.001046932,0.0010397203,0.0010510351,0.0010573235,0.001069469,0.0010720349,0.0010604652,0.001046932,0.0,0.0010604652,0.0010469318,0.0010397208,0.0010720196,0.0,0.0010469316,0.0010310047,0.0010216938,0.001032534,0.0011077628,0.0010720193,0.0,0.001046932,0.0010310048,0.0010216938,0.0010325342,0.0011077636,0.0,0.0010604652,0.0010604654,0.0010549508,0.0010665213,0.0,0.0009898857,0.0010720477,0.0,0.001046932,0.0010310048,0.0010216938,0.001032534,0.0011077623,0.00107202,0.0,0.0,0.0010310048,0.0010121802,0.0010678768,0.001090569,0.0010720851,0.0010604658,0.0,0.0010310054,0.0010121802,0.0010678768,0.0010795542,0.0,0.0010604652,0.001046932,0.0010397203,0.0010510351,0.0010573235,0.001069469,0.0,0.0010604652,0.0,0.0010310046,0.0010121802,0.0010678768,0.0010795501,0.0,0.0010604652,0.001046932,0.0010397203,0.0010510351,0.0010573235,0.001069469,0.0010720296,0.0010604652,0.001046932,0.0010397204,0.0010510351,0.0010573235,0.0010694694,0.0,0.0,0.0,0.0010310048,0.0010121802,0.0010678768,0.0010905685,0.0010720168,0.0010604651,0.0,0.0010310048,0.0010121802,0.0010678768,0.0010795508,0.0010720235,0.0010604652,0.0010469318,0.0010678768,0.0,0.0010310048,0.0010121805,0.0,0.0010604651,0.0010469318,0.0010397203,0.0010510351,0.0010573235,0.0010694696,0.0,0.0010604651,0.0010469318,0.0010397203,0.0010510351,0.0010573235,0.001069469,0.0,0.0010604654,0.0010469316,0.0010397203,0.0010510351,0.0010573235,0.0010694707,0.0010720254,0.0010604651,0.0010469318,0.0010397203,0.0010510351,0.0010573235,0.0010694695,0.0,0.0,0.0010469318,0.0010310048,0.0010216938,0.001032534,0.0011077626,0.0,0.0010604651,0.0010469318,0.0010397203,0.0010510351,0.0010573235,0.001069469,0.0010721848,0.0010604656,0.0010469317,0.0010397203,0.0010510351,0.0010573235,0.0010694708
k__Bacteria|p__Actinobacteria|c__Actinomycetia|o__Corynebacteriales|f__Gordoniaceae|g__Gordonia|s__Gordonia_sp_852002_10350_SCH5691597,0.0,0.0010596642,0.0010459735,0.0010385484,0.0010495161,0.0010554587,0.0010673741,0.0,0.0010596643,0.0010459735,0.0010385484,0.0010495161,0.0010554587,0.0010673739,0.0,0.0,0.0010459858,0.0010298912,0.0010203508,0.0010308315,0.001106612,0.0010713778,0.0,0.0010459735,0.0010298826,0.0010203504,0.0010308315,0.0011066109,0.0,0.0,0.0010459735,0.0010298826,0.0010203504,0.0010308315,0.0011066106,0.0010713654,0.0010596643,0.0010459735,0.0010385484,0.0010495161,0.0010554587,0.0010673738,0.0,0.0010596648,0.0010459737,0.0010385484,0.0010495161,0.0010554587,0.001067375,0.0010713656,0.0010596643,0.0010459735,0.0010385484,0.0010495161,0.0010554587,0.0010673739,0.0,0.0010596643,0.0010459744,0.0010385485,0.0010495161,0.0010554587,0.0010673744,0.0,0.0010596643,0.0010459735,0.0010385484,0.0010495161,0.0010554587,0.0010673739,0.0,0.0010596643,0.0,0.0010298826,0.0010108886,0.0010670292,0.0010783821,0.0,0.0010596643,0.0010459735,0.0010385484,0.0010495161,0.0010554587,0.0010673748,0.0,0.0,0.0,0.0010298826,0.0010108886,0.0010670292,0.0010895636,0.0010713685,0.0010596643,0.0,0.0010298826,0.0010108886,0.0010670292,0.0010783895,0.001071397,0.0,0.0,0.0010298826,0.0010108886,0.0010670292,0.0010895628,0.0010713739,0.0,0.0010459735,0.0,0.0010596643,0.0010459735,0.0010670293,0.0010713667,0.0,0.0,0.0010298826,0.0010108886,0.0010670292,0.0010895606,0.0,0.0010596655,0.0,0.0010298826,0.0010108886,0.0010670292,0.00107838,0.0,0.0,0.0010459749,0.0010596652,0.0,0.0010298826,0.0010596643,0.0010713796,0.0010596643,0.0,0.0010298825,0.0010108886,0.0010670292,0.0010783797,0.0,0.0,0.0010459736,0.0010298826,0.0010203504,0.0010308315,0.0011066113,0.0,0.0,0.0010459735,0.0,0.0010596643,0.0010459735,0.0010670293,0.0,0.0010596683,0.0,0.0010596644,0.0,0.0010596643,0.001045974,0.0,0.0,0.0010459876,0.0010298848,0.0010203503,0.0010308315,0.0011066118,0.0,0.0010596914,0.0010596672,0.0010539449,0.0010651804,0.0,0.0009884037,0.0,0.0010596664,0.0010459746,0.0,0.0010596645,0.0010459737,0.0010385518,0.001071368,0.0010596643,0.0010459735,0.0,0.0010596643,0.0010459735,0.0010385502,0.0,0.0010596642,0.0010459736,0.0010385484,0.0010495161,0.0010554587,0.0010673738,0.0010713652,0.0010596643,0.0010459735,0.0010385484,0.0010495161,0.0010554587,0.0010673739,0.0010713777,0.0,0.0,0.0010298826,0.0010108886,0.0010670292,0.0010895605,0.0010713665,0.0,0.0010459735,0.0010298826,0.0010203504,0.0010308315,0.0011066115,0.0,0.0010596644,0.0,0.0010298826,0.0010108886,0.0010670292,0.0010783795,0.0010713735,0.0,0.0010459735,0.0010298826,0.0010203504,0.0010308315,0.0011066216,0.0,0.0010596643,0.0010459735,0.0010385484,0.0010495161,0.0010554587,0.0010673761,0.0010713653,0.0010596643,0.0010459735,0.0010385484,0.0010495161,0.0010554587,0.0010673738,0.0,0.0010596644,0.0010459737,0.0010385484,0.0010495161,0.0010554587,0.0010673741,0.0,0.0,0.0010459735,0.0010298826,0.0010203504,0.0010308315,0.001106611,0.001071366,0.0010596643,0.0,0.0,0.0010596644,0.0010596643,0.0010539454,0.0010713814,0.0,0.001045974,0.0,0.0010596644,0.0010459735,0.0010670341,0.0010714179,0.0,0.0010596644,0.0010459737,0.0010385484,0.0,0.0010596653,0.0,0.0010596642,0.0,0.0010298826,0.0010108886,0.0010670291,0.0010783883,0.0010713682,0.0,0.0010459735,0.0010298826,0.0010203503,0.001030832,0.001106691,0.0010713765,0.0,0.0,0.0010298826,0.0010108886,0.0010670292,0.0010895601,0.0,0.0010596644,0.0010459736,0.0010385484,0.0010495161,0.0010554587,0.0010673739,0.0010713489,0.0010596643,0.0010459737,0.0,0.0010596641,0.0010459735,0.0010385496,0.0010713661,0.0,0.0010459737,0.0010298826,0.0010203504,0.0010308315,0.0011066146,0.0010713675,0.0,0.0010459736,0.0010298826,0.0010203503,0.0010308314,0.0011066139,0.0,0.0010596643,0.0010596644,0.0010539446,0.0010651803,0.0,0.0009884522,0.0010713764,0.0,0.0010459737,0.0010298826,0.0010203504,0.0010308315,0.001106611,0.0010713683,0.0,0.0,0.0010298826,0.0010108886,0.0010670292,0.0010895629,0.0010713888,0.0010596649,0.0,0.0010298834,0.0010108886,0.0010670291,0.0010783899,0.0,0.0010596643,0.0010459737,0.0010385484,0.0010495161,0.0010554587,0.0010673738,0.0,0.0010596653,0.0,0.0010298826,0.0010108886,0.0010670292,0.0010783795,0.0,0.0010596643,0.0010459736,0.0010385484,0.0010495161,0.0010554587,0.0010673739,0.0010713749,0.0010596643,0.0010459739,0.0010385487,0.0010495161,0.0010554587,0.0010673745,0.0,0.0,0.0,0.0010298826,0.0010108886,0.0010670292,0.0010895611,0.001071365,0.0010596643,0.0,0.0010298826,0.0010108886,0.0010670292,0.0010783809,0.0010713732,0.0010596643,0.0010459735,0.0010670292,0.0,0.0010298826,0.0010108887,0.0,0.0010596643,0.0010459735,0.0010385484,0.0010495161,0.0010554587,0.0010673752,0.0,0.0010596643,0.0010459735,0.0010385484,0.0010495161,0.0010554587,0.0010673743,0.0,0.0010596645,0.0010459737,0.0010385484,0.0010495161,0.0010554587,0.0010673772,0.0010713682,0.0010596643,0.0010459735,0.0010385484,0.0010495161,0.0010554587,0.0010673746,0.0,0.0,0.0010459735,0.0010298826,0.0010203504,0.0010308315,0.0011066113,0.0,0.0010596643,0.0010459735,0.0010385484,0.0010495161,0.0010554587,0.0010673739,0.0010714817,0.0010596659,0.0010459739,0.0010385484,0.0010495161,0.0010554587,0.001067378
k__Bacteria|p__Actinobacteria|c__Coriobacteriia|o__Coriobacteriales|f__Coriobacteriaceae|g__Collinsella|s__Collinsella_SGB59878,0.0,0.0010611028,0.0010475585,0.0010403169,0.0010515583,0.0010577778,0.0010698661,0.0,0.0010611031,0.0010475585,0.0010403169,0.0010515583,0.0010577778,0.001069866,0.0,0.0,0.0010475634,0.001031621,0.0010222772,0.001033044,0.0011082534,0.0010726798,0.0,0.0010475585,0.0010316186,0.0010222766,0.001033044,0.0011082529,0.0,0.0,0.0010475585,0.0010316186,0.0010222766,0.001033044,0.0011082527,0.0010726649,0.0010611031,0.0010475585,0.0010403169,0.0010515583,0.0010577778,0.0010698659,0.0,0.0010611034,0.0010475587,0.0010403169,0.0010515583,0.0010577778,0.0010698665,0.001072665,0.0010611031,0.0010475585,0.0010403169,0.0010515583,0.0010577778,0.0010698661,0.0,0.0010611032,0.0010475586,0.001040317,0.0010515583,0.0010577778,0.0010698665,0.0,0.0010611031,0.0010475585,0.0010403169,0.0010515583,0.0010577778,0.001069866,0.0,0.0010611031,0.0,0.0010316186,0.0010127793,0.0010684961,0.0010800957,0.0,0.0010611031,0.0010475585,0.0010403169,0.0010515583,0.0010577778,0.0010698667,0.0,0.0,0.0,0.0010316186,0.0010127793,0.0010684961,0.0010911246,0.0010726713,0.0010611031,0.0,0.0010316186,0.0010127793,0.0010684961,0.0010801015,0.0010727233,0.0,0.0,0.0010316186,0.0010127793,0.0010684961,0.0010911239,0.0010726814,0.0,0.0010475585,0.0,0.0010611031,0.0010475585,0.0010684965,0.0010726677,0.0,0.0,0.0010316186,0.0010127793,0.0010684961,0.0010911217,0.0,0.0010611038,0.0,0.0010316186,0.0010127793,0.0010684961,0.0010800947,0.0,0.0,0.0010475586,0.0010611038,0.0,0.0010316186,0.0010611033,0.0010726794,0.0010611032,0.0,0.0010316184,0.0010127793,0.0010684961,0.0010800941,0.0,0.0,0.0010475587,0.0010316186,0.0010222766,0.001033044,0.001108253,0.0,0.0,0.0010475585,0.0,0.0010611031,0.0010475585,0.0010684965,0.0,0.0010611042,0.0,0.0010611032,0.0,0.0010611031,0.0010475586,0.0,0.0,0.0010475639,0.0010316197,0.0010222767,0.001033044,0.0011082531,0.0,0.0010611248,0.0010611042,0.0010555595,0.0010670557,0.0,0.0009904441,0.0,0.0010611047,0.0010475587,0.0,0.0010611033,0.0010475586,0.001040319,0.0010726668,0.0010611031,0.0010475585,0.0,0.0010611031,0.0010475585,0.0010403183,0.0,0.0010611031,0.0010475586,0.0010403169,0.0010515583,0.0010577778,0.001069866,0.001072665,0.0010611031,0.0010475585,0.0010403169,0.0010515583,0.0010577778,0.001069866,0.001072685,0.0,0.0,0.0010316186,0.0010127793,0.0010684961,0.0010911215,0.0010726693,0.0,0.0010475585,0.0010316186,0.0010222766,0.001033044,0.001108253,0.0,0.0010611032,0.0,0.0010316186,0.0010127793,0.0010684961,0.0010800944,0.001072675,0.0,0.0010475585,0.0010316186,0.0010222766,0.001033044,0.0011082608,0.0,0.0010611031,0.0010475585,0.0010403169,0.0010515583,0.0010577778,0.001069868,0.0010726652,0.0010611031,0.0010475585,0.0010403169,0.0010515583,0.0010577778,0.0010698659,0.0,0.0010611034,0.0010475586,0.0010403169,0.0010515583,0.0010577778,0.0010698661,0.0,0.0,0.0010475585,0.0010316186,0.0010222766,0.001033044,0.001108253,0.0010726664,0.0010611031,0.0,0.0,0.0010611032,0.0010611031,0.0010555601,0.0010726838,0.0,0.0010475584,0.0,0.0010611032,0.0010475585,0.0010684994,0.0010727497,0.0,0.0010611032,0.0010475586,0.0010403169,0.0,0.0010611039,0.0,0.001061103,0.0,0.0010316186,0.0010127793,0.0010684961,0.0010800991,0.0010726679,0.0,0.0010475585,0.0010316186,0.0010222767,0.0010330444,0.001108324,0.0010726709,0.0,0.0,0.0010316186,0.0010127793,0.0010684961,0.0010911213,0.0,0.0010611032,0.0010475586,0.0010403169,0.0010515583,0.0010577778,0.001069866,0.0010726603,0.0010611031,0.0010475583,0.0,0.001061103,0.0010475585,0.0010403177,0.0010726674,0.0,0.0010475586,0.0010316186,0.0010222766,0.001033044,0.0011082552,0.0010726672,0.0,0.0010475586,0.0010316186,0.0010222767,0.0010330442,0.0011082549,0.0,0.0010611031,0.0010611032,0.0010555596,0.0010670556,0.0,0.0009904777,0.0010726925,0.0,0.0010475586,0.0010316186,0.0010222766,0.001033044,0.0011082527,0.0010726692,0.0,0.0,0.0010316186,0.0010127793,0.0010684961,0.0010911237,0.001072704,0.0010611039,0.0,0.0010316194,0.0010127799,0.0010684963,0.0010801024,0.0,0.0010611031,0.0010475586,0.0010403169,0.0010515583,0.0010577778,0.0010698659,0.0,0.0010611033,0.0,0.0010316186,0.0010127793,0.0010684961,0.001080094,0.0,0.0010611032,0.0010475587,0.0010403169,0.0010515583,0.0010577778,0.0010698661,0.001072677,0.0010611031,0.0010475586,0.0010403171,0.0010515583,0.0010577778,0.0010698664,0.0,0.0,0.0,0.0010316186,0.0010127793,0.0010684961,0.001091122,0.0010726646,0.0010611031,0.0,0.0010316186,0.0010127793,0.0010684961,0.0010800951,0.001072672,0.0010611031,0.0010475585,0.0010684961,0.0,0.0010316186,0.00101278,0.0,0.0010611031,0.0010475585,0.0010403169,0.0010515583,0.0010577778,0.0010698668,0.0,0.0010611031,0.0010475585,0.0010403169,0.0010515583,0.0010577778,0.0010698661,0.0,0.0010611035,0.0010475586,0.0010403169,0.0010515583,0.0010577778,0.0010698681,0.0010726729,0.0010611031,0.0010475585,0.0010403169,0.0010515583,0.0010577778,0.0010698666,0.0,0.0,0.0010475585,0.0010316186,0.0010222766,0.001033044,0.0011082534,0.0,0.0010611031,0.0010475585,0.0010403169,0.0010515583,0.0010577778,0.001069866,0.0010727672,0.0010611041,0.0010475586,0.0010403168,0.0010515583,0.0010577778,0.0010698687
k__Bacteria|p__Actinobacteria|c__Actinomycetia|o__Micrococcales|f__Dermabacteraceae|g__Dermabacter|s__Dermabacter_hominis,0.0,0.0010613948,0.0010478538,0.0010406108,0.0010518398,0.0010580493,0.0010701261,0.0,0.001061395,0.0010478538,0.0010406108,0.0010518398,0.0010580493,0.0010701261,0.0,0.0,0.001047864,0.0010319225,0.001022574,0.0010333294,0.0011085041,0.0010729992,0.0,0.0010478538,0.0010319169,0.0010225734,0.0010333294,0.0011085036,0.0,0.0,0.0010478538,0.0010319169,0.0010225734,0.0010333294,0.0011085034,0.0010729536,0.0010613949,0.0010478538,0.0010406108,0.0010518398,0.0010580493,0.001070126,0.0,0.0010613955,0.001047854,0.0010406108,0.0010518398,0.0010580493,0.0010701264,0.0010729537,0.0010613949,0.0010478538,0.0010406108,0.0010518398,0.0010580493,0.0010701261,0.0,0.0010613952,0.0010478542,0.001040611,0.0010518398,0.0010580493,0.0010701269,0.0,0.001061395,0.0010478538,0.0010406108,0.0010518398,0.0010580493,0.0010701261,0.0,0.001061395,0.0,0.0010319169,0.0010130802,0.0010687831,0.0010803685,0.0,0.0010613949,0.0010478538,0.0010406108,0.0010518398,0.0010580493,0.0010701265,0.0,0.0,0.0,0.0010319169,0.0010130802,0.0010687831,0.0010913915,0.0010729675,0.001061395,0.0,0.0010319169,0.0010130802,0.0010687831,0.0010803753,0.001073058,0.0,0.0,0.0010319169,0.0010130802,0.0010687831,0.001091391,0.0010729865,0.0,0.0010478538,0.0,0.0010613949,0.0010478538,0.0010687832,0.0010729578,0.0,0.0,0.0010319169,0.0010130802,0.0010687831,0.0010913903,0.0,0.0010613962,0.0,0.0010319169,0.0010130802,0.0010687831,0.0010803677,0.0,0.0,0.0010478541,0.0010613963,0.0,0.0010319169,0.0010613954,0.0010729794,0.0010613952,0.0,0.0010319169,0.0010130802,0.0010687831,0.0010803675,0.0,0.0,0.001047854,0.0010319169,0.0010225734,0.0010333294,0.0011085038,0.0,0.0,0.0010478538,0.0,0.0010613949,0.0010478538,0.0010687833,0.0,0.001061397,0.0,0.0010613952,0.0,0.0010613949,0.001047854,0.0,0.0,0.0010478663,0.0010319188,0.0010225736,0.0010333294,0.001108504,0.0,0.0010614297,0.0010613982,0.0010558502,0.0010673334,0.0,0.0009907488,0.0,0.0010613969,0.0010478542,0.0,0.0010613952,0.001047854,0.0010406126,0.0010729604,0.0010613949,0.0010478538,0.0,0.0010613949,0.0010478538,0.0010406116,0.0,0.0010613954,0.001047854,0.0010406108,0.0010518398,0.0010580493,0.001070126,0.0010729536,0.0010613949,0.0010478538,0.0010406108,0.0010518398,0.0010580493,0.0010701261,0.0010729914,0.0,0.0,0.0010319169,0.0010130802,0.0010687831,0.0010913899,0.0010729617,0.0,0.0010478538,0.0010319169,0.0010225734,0.0010333294,0.0011085036,0.0,0.0010613952,0.0,0.0010319169,0.0010130802,0.0010687831,0.0010803674,0.001072976,0.0,0.0010478538,0.0010319169,0.0010225734,0.0010333294,0.00110851,0.0,0.0010613949,0.0010478538,0.0010406108,0.0010518398,0.0010580493,0.0010701278,0.0010729547,0.0010613949,0.0010478538,0.0010406108,0.0010518398,0.0010580493,0.001070126,0.0,0.0010613955,0.001047854,0.0010406108,0.0010518398,0.0010580493,0.0010701263,0.0,0.0,0.0010478538,0.0010319169,0.0010225734,0.0010333294,0.0011085038,0.001072957,0.0010613949,0.0,0.0,0.0010613952,0.001061395,0.0010558503,0.0010730005,0.0,0.0010478537,0.0,0.0010613952,0.0010478538,0.0010687845,0.0010731091,0.0,0.0010613952,0.001047854,0.0010406108,0.0,0.0010613956,0.0,0.0010613949,0.0,0.0010319169,0.0010130802,0.0010687835,0.001080373,0.0010729603,0.0,0.0010478538,0.0010319169,0.0010225736,0.00103333,0.0011085536,0.0010729686,0.0,0.0,0.0010319169,0.0010130802,0.0010687831,0.0010913899,0.006676806,0.0010613952,0.001047854,0.0010406108,0.0010518398,0.0010580493,0.0010701261,0.0010729884,0.001061395,0.001047854,0.0,0.0010613949,0.0010478538,0.0010406119,0.0010729575,0.0,0.001047854,0.0010319169,0.0010225734,0.0010333294,0.0011085051,0.0010729582,0.0,0.001047854,0.0010319169,0.0010225736,0.0010333296,0.0011085054,0.0,0.0010613954,0.0010613952,0.00105585,0.0010673333,0.0,0.0009907815,0.0010730046,0.0,0.001047854,0.0010319169,0.0010225734,0.0010333294,0.0011085034,0.00107296,0.0,0.0,0.0010319169,0.0010130802,0.0010687831,0.0010913914,0.0010730488,0.0010613959,0.0,0.0010319178,0.0010130808,0.0010687833,0.0010803738,0.0,0.001061395,0.001047854,0.0010406108,0.0010518398,0.0010580493,0.001070126,0.0,0.0010613953,0.0,0.0010319169,0.0010130802,0.0010687831,0.0010803674,0.0,0.0010613952,0.001047854,0.0010406108,0.0010518398,0.0010580493,0.0010701261,0.0010729721,0.001061395,0.0010478538,0.001040611,0.0010518398,0.0010580493,0.0010701264,0.0,0.0,0.0,0.0010319169,0.0010130802,0.0010687831,0.0010913903,0.0010729532,0.0010613949,0.0,0.0010319169,0.0010130802,0.0010687831,0.0010803683,0.0010729675,0.001061395,0.0010478538,0.0010687831,0.0,0.0010319169,0.0010130805,0.0,0.0010613949,0.0010478538,0.0010406108,0.0010518398,0.0010580493,0.001070127,0.0,0.0010613949,0.0010478538,0.0010406108,0.0010518398,0.0010580493,0.0010701263,0.0,0.0010613959,0.001047854,0.0010406108,0.0010518398,0.0010580493,0.0010701282,0.0010729661,0.0010613949,0.0010478538,0.0010406108,0.0010518398,0.0010580493,0.0010701267,0.0,0.0,0.0010478538,0.0010319169,0.0010225734,0.0010333294,0.001108504,0.0,0.0010613949,0.0010478538,0.0010406108,0.0010518398,0.0010580493,0.0010701261,0.001073173,0.0010613961,0.0010478538,0.001040611,0.0010518398,0.0010580493,0.0010701286
k__Bacteria|p__Actinobacteria|c__Coriobacteriia|o__Eggerthellales|f__Eggerthellaceae|g__Cryptobacterium|s__Cryptobacterium_curtum,0.0,0.0010610988,0.0010476286,0.0010404962,0.0010519288,0.0010583365,0.0010705561,0.0,0.001061099,0.0010476286,0.0010404962,0.0010519288,0.0010583365,0.001070556,0.0,0.0,0.0010476364,0.0010317733,0.0010225383,0.0010335015,0.0011084814,0.0010725869,0.0,0.0010476286,0.0010317669,0.0010225379,0.0010335015,0.0011084818,0.0,0.0,0.0010476286,0.0010317669,0.0010225379,0.0010335015,0.0011084818,0.0010725905,0.001061099,0.0010476286,0.0010404962,0.0010519288,0.0010583365,0.001070556,0.0,0.0010610989,0.0010476286,0.0010404962,0.0010519288,0.0010583365,0.0010705566,0.0010725905,0.001061099,0.0010476286,0.0010404962,0.0010519288,0.0010583365,0.0010705561,0.0,0.0010610991,0.0010476287,0.0010404964,0.0010519288,0.0010583365,0.0010705563,0.0,0.001061099,0.0010476286,0.0010404962,0.0010519288,0.0010583365,0.0010705561,0.0,0.001061099,0.0,0.0010317669,0.0010130098,0.0010685225,0.001080302,0.0,0.001061099,0.0010476286,0.0010404962,0.0010519288,0.0010583365,0.0010705563,0.0,0.0,0.0,0.0010317669,0.0010130098,0.0010685225,0.0010912542,0.0010725883,0.001061099,0.0,0.0010317669,0.0010130098,0.0010685225,0.001080301,0.0010725796,0.0,0.0,0.0010317669,0.0010130098,0.0010685225,0.0010912542,0.0010725898,0.0,0.0010476286,0.0,0.001061099,0.0010476286,0.0010685225,0.0010725902,0.0,0.0,0.0010317669,0.0010130098,0.0010685227,0.0010912538,0.0,0.0010610992,0.0,0.0010317669,0.0010130098,0.0010685227,0.0010803018,0.0,0.0,0.001047629,0.0010610988,0.0,0.0010317669,0.0010610991,0.0010725952,0.0010610991,0.0,0.0010317668,0.0010130098,0.0010685227,0.0010803018,0.0,0.0,0.0010476287,0.0010317669,0.0010225379,0.0010335015,0.0011084819,0.0,0.0,0.0010476286,0.0,0.001061099,0.0010476286,0.0010685225,0.0,0.0010611006,0.0,0.0010610991,0.0,0.001061099,0.0010476286,0.0,0.0,0.001047634,0.0010317682,0.0010225378,0.0010335015,0.0011084815,0.0,0.0010611134,0.0010611006,0.0010556603,0.0010673429,0.0,0.000990752,0.0,0.0010610996,0.001047629,0.0,0.0010610991,0.0010476286,0.0010404976,0.0010725909,0.001061099,0.0010476286,0.0,0.001061099,0.0010476286,0.0010404967,0.0,0.001061099,0.0010476286,0.0010404962,0.0010519288,0.0010583365,0.001070556,0.0010725904,0.001061099,0.0010476286,0.0010404962,0.0010519288,0.0010583365,0.0010705561,0.0010725871,0.0,0.0,0.0010317669,0.0010130098,0.0010685227,0.0010912538,0.0010725887,0.0,0.0010476286,0.0010317669,0.0010225379,0.0010335015,0.0011084817,0.0,0.0010610991,0.0,0.0010317669,0.0010130098,0.0010685227,0.0010803018,0.0010725893,0.0,0.0010476286,0.0010317669,0.0010225379,0.0010335015,0.0011084817,0.0,0.001061099,0.0010476286,0.0010404962,0.0010519288,0.0010583365,0.0010705562,0.00107259,0.001061099,0.0010476286,0.0010404962,0.0010519288,0.0010583365,0.001070556,0.0,0.0010610993,0.0010476286,0.0010404962,0.0010519288,0.0010583365,0.0010705561,0.0,0.0,0.0010476286,0.0010317669,0.0010225379,0.0010335015,0.0011084819,0.0010725904,0.001061099,0.0,0.0,0.0010610991,0.001061099,0.0010556605,0.0010725907,0.0,0.0010476289,0.0,0.0010610991,0.0010476286,0.0010685249,0.001072586,0.0,0.0010610991,0.0010476286,0.0010404962,0.0,0.0010610991,0.0,0.0010610989,0.0,0.0010317669,0.0010130098,0.0010685223,0.0010803032,0.0010725905,0.0,0.0010476286,0.0010317669,0.0010225378,0.0010335016,0.0011084818,0.0010725926,0.0,0.0,0.0010317669,0.0010130098,0.0010685227,0.0010912538,0.0,0.0010610991,0.0010476286,0.0010404962,0.0010519288,0.0010583365,0.001070556,0.0010725833,0.0010610987,0.0010476286,0.0,0.0010610989,0.0010476286,0.0010404965,0.0010725894,0.0,0.0010476286,0.0010317672,0.0010225379,0.0010335015,0.001108482,0.0010725901,0.0,0.0010476286,0.0010317669,0.0010225378,0.0010335016,0.0011084813,0.0,0.0010610991,0.0010610991,0.0010556602,0.001067343,0.0,0.0009907725,0.0010725873,0.0,0.0010476286,0.0010317669,0.0010225379,0.0010335015,0.0011084818,0.0010725907,0.0,0.0,0.0010317669,0.0010130098,0.0010685225,0.0010912541,0.0010725751,0.0010610989,0.0,0.0010317672,0.0010130095,0.0010685225,0.0010803029,0.0,0.001061099,0.0010476286,0.0010404962,0.0010519288,0.0010583365,0.001070556,0.0,0.0010610996,0.0,0.0010317669,0.0010130098,0.0010685227,0.0010803018,0.0,0.001061099,0.0010476287,0.0010404962,0.0010519288,0.0010583365,0.0010705561,0.0010725887,0.0010610987,0.0010476286,0.0010404964,0.0010519288,0.0010583365,0.001070556,0.0,0.0,0.0,0.0010317669,0.0010130098,0.0010685227,0.0010912543,0.0010725902,0.001061099,0.0,0.0010317669,0.0010130098,0.0010685227,0.0010803018,0.001072591,0.001061099,0.0010476286,0.0010685227,0.0,0.0010317669,0.0010130099,0.0,0.001061099,0.0010476286,0.0010404962,0.0010519288,0.0010583365,0.0010705562,0.0,0.001061099,0.0010476286,0.0010404962,0.0010519288,0.0010583365,0.0010705562,0.0,0.001061099,0.0010476286,0.0010404962,0.0010519288,0.0010583365,0.0010705561,0.0010725881,0.001061099,0.0010476286,0.0010404962,0.0010519288,0.0010583365,0.0010705562,0.0,0.0,0.0010476286,0.0010317669,0.0010225379,0.0010335015,0.0011084817,0.0,0.001061099,0.0010476286,0.0010404962,0.0010519288,0.0010583365,0.0010705561,0.0010726212,0.0010610998,0.0010476286,0.0010404962,0.0010519288,0.0010583365,0.0010705561
k__Bacteria|p__Actinobacteria|c__Actinomycetia|o__Micrococcales|f__Cellulomonadaceae|g__Cellulomonas|s__Cellulomonas_flavigena,0.0,0.0010604606,0.0010468046,0.0010394134,0.0010504138,0.0010563934,0.0010683233,0.0,0.0010604607,0.0010468046,0.0010394134,0.0010504138,0.0010563934,0.001068323,0.0,0.0,0.0010468289,0.0010307652,0.0010212528,0.0010317697,0.0011073765,0.0010721767,0.0,0.0010468046,0.0010307487,0.0010212518,0.0010317697,0.0011073755,0.0,0.0,0.0010468046,0.0010307487,0.0010212515,0.0010317697,0.0011073753,0.0010721284,0.0010604606,0.0010468046,0.0010394134,0.0010504138,0.0010563934,0.0010683229,0.0,0.0010604614,0.001046805,0.0010394134,0.0010504138,0.0010563934,0.0010683236,0.0010721285,0.0010604606,0.0010468046,0.0010394134,0.0010504138,0.0010563934,0.0010683229,0.0,0.0010604607,0.0010468056,0.0010394136,0.0010504138,0.0010563934,0.0010683243,0.0,0.0010604607,0.0010468046,0.0010394134,0.0010504138,0.0010563934,0.0010683229,0.0,0.0010604607,0.0,0.0010307487,0.0010117899,0.0010678223,0.0010791996,0.0,0.0010604606,0.0010468046,0.0010394134,0.0010504138,0.0010563934,0.001068324,0.0,0.0,0.0,0.0010307487,0.0010117899,0.0010678223,0.0010903436,0.0010721413,0.0010604607,0.0,0.0010307487,0.0010117899,0.0010678223,0.0010792105,0.0010722291,0.0,0.0,0.0010307488,0.0010117899,0.0010678223,0.0010903424,0.0010721631,0.0,0.0010468046,0.0,0.0010604606,0.0010468046,0.0010678223,0.0010721332,0.0,0.0,0.0010307487,0.0010117899,0.0010678221,0.0010903404,0.0,0.0010604629,0.0,0.0010307487,0.0010117899,0.0010678221,0.001079198,0.0,0.0,0.0010468059,0.0010604622,0.0,0.0010307487,0.0010604607,0.0010721663,0.001060461,0.0,0.0010307487,0.0010117899,0.0010678221,0.0010791974,0.0,0.0,0.001046805,0.0010307487,0.0010212515,0.0010317697,0.001107376,0.0,0.0,0.0010468046,0.0,0.0010604606,0.0010468046,0.0010678223,0.0,0.0010604674,0.0,0.0010604608,0.0,0.0010604606,0.0010468047,0.0,0.0,0.0010468304,0.0010307535,0.0010212517,0.0010317697,0.0011073767,0.0,0.0010605288,0.0010604681,0.001054774,0.0010660379,0.0,0.0009893411,0.0,0.0010604643,0.001046806,0.0,0.0010604612,0.001046805,0.0010394175,0.0010721376,0.0010604606,0.0010468046,0.0,0.0010604606,0.0010468046,0.0010394151,0.0,0.0010604608,0.0010468047,0.0010394134,0.0010504138,0.0010563934,0.001068323,0.0010721284,0.0010604606,0.0010468046,0.0010394134,0.0010504138,0.0010563934,0.0010683229,0.0010721654,0.0,0.0,0.0010307487,0.0010117899,0.0010678221,0.0010903401,0.0010721375,0.0,0.0010468046,0.0010307487,0.0010212515,0.0010317697,0.0011073757,0.0,0.0010604608,0.0,0.0010307487,0.0010117899,0.0010678221,0.0010791972,0.0010721533,0.0,0.0010468046,0.0010307487,0.0010212518,0.0010317697,0.0011073877,0.0,0.0010604606,0.0010468046,0.0010394134,0.0010504138,0.0010563934,0.0010683252,0.0010721295,0.0010604606,0.0010468046,0.0010394134,0.0010504138,0.0010563934,0.0010683229,0.0,0.0010604615,0.001046805,0.0010394134,0.0010504138,0.0010563934,0.0010683233,0.0,0.0,0.0010468046,0.0010307487,0.0010212515,0.0010317697,0.0011073756,0.001072132,0.0010604606,0.0,0.0,0.0010604608,0.0010604607,0.0010547739,0.0010721813,0.0,0.0010468053,0.0,0.0010604608,0.0010468046,0.0010678269,0.0010722865,0.0,0.0010604608,0.001046805,0.0010394134,0.0,0.0010604615,0.0,0.0010604606,0.0,0.0010307487,0.0010117899,0.0010678223,0.0010792052,0.0010721365,0.0,0.0010468046,0.0010307487,0.0010212517,0.0010317703,0.0011074743,0.0010721523,0.0,0.0,0.0010307487,0.0010117899,0.0010678221,0.0010903397,0.0,0.0010604608,0.0010468047,0.0010394134,0.0010504138,0.0010563934,0.001068323,0.0010721458,0.0010604607,0.0010468046,0.0,0.0010604607,0.0010468046,0.0010394149,0.001072132,0.0,0.0010468046,0.0010307488,0.0010212518,0.0010317697,0.0011073789,0.0010721342,0.0,0.0010468047,0.0010307487,0.0010212517,0.0010317698,0.0011073784,0.0,0.0010604607,0.0010604608,0.0010547735,0.001066038,0.0,0.0009893945,0.0010721771,0.0,0.001046805,0.0010307487,0.0010212515,0.0010317697,0.0011073753,0.0010721372,0.0,0.0,0.0010307487,0.0010117899,0.0010678223,0.0010903428,0.001072216,0.001060462,0.0,0.0010307503,0.0010117905,0.0010678224,0.0010792088,0.0,0.0010604607,0.001046805,0.0010394134,0.0010504138,0.0010563934,0.0010683229,0.0,0.0010604626,0.0,0.0010307487,0.0010117899,0.0010678221,0.0010791972,0.0,0.0010604607,0.0010468047,0.0010394134,0.0010504138,0.0010563934,0.001068323,0.0010721504,0.0010604607,0.001046805,0.001039414,0.0010504138,0.0010563934,0.0010683234,0.0,0.0,0.0,0.0010307487,0.0010117899,0.0010678221,0.0010903405,0.001072128,0.0010604606,0.0,0.0010307487,0.0010117899,0.0010678221,0.0010791989,0.0010721467,0.0010604607,0.0010468046,0.0010678221,0.0,0.0010307487,0.00101179,0.0,0.0010604606,0.0010468046,0.0010394134,0.0010504138,0.0010563934,0.0010683243,0.0,0.0010604606,0.0010468046,0.0010394134,0.0010504138,0.0010563934,0.0010683236,0.0,0.0010604616,0.001046805,0.0010394134,0.0010504138,0.0010563934,0.0010683263,0.0010721425,0.0010604606,0.0010468046,0.0010394134,0.0010504138,0.0010563934,0.0010683237,0.0,0.0,0.0010468046,0.0010307487,0.0010212518,0.0010317697,0.0011073758,0.0,0.0010604606,0.0010468046,0.0010394134,0.0010504138,0.0010563934,0.0010683229,0.0010724287,0.0010604631,0.001046805,0.0010394135,0.0010504138,0.0010563934,0.0010683275
k__Bacteria|p__Actinobacteria|c__Actinomycetia|o__Corynebacteriales|f__Nocardiaceae|g__Rhodococcus|s__Rhodococcus_erythropolis,0.0,0.0010602118,0.0010464964,0.0010390228,0.0010498876,0.001055732,0.0010675711,0.0,0.0010602119,0.0010464964,0.0010390228,0.0010498876,0.001055732,0.0010675711,0.0,0.0,0.0010465139,0.001030391,0.0010207964,0.0010311739,0.0011069843,0.0010719519,0.0,0.0010464964,0.0010303779,0.0010207958,0.0010311739,0.0011069837,0.0,0.0,0.0010464964,0.0010303779,0.0010207958,0.0010311739,0.0011069839,0.0010719362,0.0010602119,0.0010464964,0.0010390228,0.0010498876,0.001055732,0.0010675711,0.0,0.0010602123,0.0010464966,0.0010390228,0.0010498876,0.001055732,0.0010675715,0.0010719365,0.0010602119,0.0010464964,0.0010390228,0.0010498876,0.001055732,0.0010675711,0.0,0.0010602123,0.0010464967,0.001039023,0.0010498876,0.001055732,0.0010675717,0.0,0.0010602119,0.0010464964,0.0010390228,0.0010498876,0.001055732,0.0010675713,0.0,0.0010602119,0.0,0.0010303779,0.0010113543,0.0010675546,0.0010788043,0.0,0.0010602119,0.0010464964,0.0010390227,0.0010498876,0.001055732,0.0010675713,0.0,0.0,0.0,0.0010303779,0.0010113543,0.0010675546,0.0010900082,0.0010719394,0.0010602119,0.0,0.0010303779,0.0010113543,0.0010675546,0.0010788082,0.0010719643,0.0,0.0,0.0010303782,0.0010113543,0.0010675546,0.0010900075,0.0010719479,0.0,0.0010464964,0.0,0.0010602119,0.0010464964,0.0010675545,0.0010719375,0.0,0.0,0.0010303779,0.0010113543,0.0010675546,0.0010900069,0.0,0.0010602134,0.0,0.0010303779,0.0010113543,0.0010675546,0.001078803,0.0,0.0,0.0010464975,0.0010602127,0.0,0.0010303779,0.0010602119,0.0010719525,0.0010602123,0.0,0.0010303779,0.0010113543,0.0010675546,0.001078803,0.0,0.0,0.0010464966,0.0010303779,0.0010207958,0.0010311739,0.0011069842,0.0,0.0,0.0010464964,0.0,0.0010602119,0.0010464964,0.0010675546,0.0,0.0010602167,0.0,0.001060212,0.0,0.0010602119,0.0010464964,0.0,0.0,0.0010465159,0.0010303812,0.0010207958,0.0010311739,0.0011069841,0.0,0.0010602616,0.0010602172,0.001054446,0.001065579,0.0,0.0009888316,0.0,0.0010602144,0.0010464974,0.0,0.0010602123,0.0010464964,0.0010390254,0.00107194,0.0010602119,0.0010464964,0.0,0.0010602119,0.0010464964,0.0010390236,0.0,0.001060212,0.0010464964,0.0010390227,0.0010498876,0.001055732,0.0010675711,0.001071936,0.0010602119,0.0010464964,0.0010390228,0.0010498876,0.001055732,0.0010675713,0.0010719465,0.0,0.0,0.0010303779,0.0010113543,0.0010675546,0.0010900068,0.0010719385,0.0,0.0010464964,0.0010303779,0.0010207958,0.0010311739,0.001106984,0.0,0.001060212,0.0,0.0010303779,0.0010113543,0.0010675546,0.001078803,0.0010719451,0.0,0.0010464964,0.0010303779,0.0010207958,0.0010311739,0.0011069902,0.0,0.0010602119,0.0010464964,0.0010390228,0.0010498876,0.001055732,0.0010675722,0.0010719362,0.0010602119,0.0010464964,0.0010390228,0.0010498876,0.001055732,0.0010675711,0.0,0.0010602125,0.0010464964,0.0010390227,0.0010498876,0.001055732,0.0010675711,0.0,0.0,0.0010464964,0.0010303779,0.0010207958,0.0010311739,0.0011069839,0.0010719373,0.0010602119,0.0,0.0,0.001060212,0.0010602119,0.0010544459,0.0010719539,0.0,0.0010464968,0.0,0.001060212,0.0010464964,0.0010675573,0.0010719856,0.0,0.0010602121,0.0010464964,0.0010390229,0.0,0.0010602124,0.0,0.0010602118,0.0,0.0010303779,0.0010113547,0.0010675546,0.0010788062,0.0010719388,0.0,0.0010464964,0.0010303779,0.0010207958,0.0010311741,0.0011070279,0.0010719469,0.0,0.0,0.0010303779,0.0010113543,0.0010675546,0.0010900068,0.0,0.001060212,0.0010464964,0.0010390228,0.0010498876,0.001055732,0.0010675713,0.0010719355,0.0010602119,0.0010464964,0.0,0.0010602118,0.0010464964,0.0010390236,0.0010719368,0.0,0.0010464964,0.0010303782,0.0010207958,0.0010311739,0.0011069848,0.0010719382,0.0,0.0010464964,0.0010303779,0.0010207958,0.0010311739,0.0011069847,0.0,0.0010602123,0.001060212,0.0010544455,0.0010655789,0.0,0.0009888704,0.0010719515,0.0,0.0010464964,0.0010303779,0.0010207958,0.0010311739,0.0011069839,0.0010719391,0.0,0.0,0.0010303779,0.0010113543,0.0010675546,0.0010900075,0.0010719565,0.0010602125,0.0,0.001030379,0.0010113548,0.0010675546,0.0010788082,0.0,0.0010602119,0.0010464964,0.0010390227,0.0010498876,0.001055732,0.0010675712,0.0,0.0010602134,0.0,0.0010303779,0.0010113543,0.0010675546,0.001078803,0.0,0.0010602119,0.0010464966,0.0010390227,0.0010498876,0.001055732,0.0010675713,0.001071942,0.001060212,0.0010464964,0.0010390232,0.0010498876,0.001055732,0.0010675713,0.0,0.0,0.0,0.0010303779,0.0010113543,0.0010675546,0.001090007,0.001071936,0.0010602119,0.0,0.0010303779,0.0010113543,0.0010675546,0.0010788034,0.001071943,0.0010602119,0.0010464964,0.0010675546,0.0,0.0010303779,0.0010113544,0.0,0.0010602119,0.0010464964,0.0010390229,0.0010498876,0.001055732,0.0010675718,0.0,0.0010602119,0.0010464964,0.0010390229,0.0010498876,0.001055732,0.0010675715,0.0,0.0010602124,0.0010464964,0.0010390227,0.0010498876,0.001055732,0.0010675724,0.0010719403,0.0010602119,0.0010464964,0.0010390227,0.0010498876,0.001055732,0.0010675713,0.0,0.0,0.0010464964,0.0010303779,0.0010207958,0.0010311739,0.001106984,0.0,0.0010602119,0.0010464964,0.0010390228,0.0010498876,0.001055732,0.0010675713,0.0010720706,0.0010602137,0.0010464964,0.0010390229,0.0010498876,0.001055732,0.001067573
k__Bacteria|p__Actinobacteria|c__Actinomycetia|o__Micrococcales|f__Microbacteriaceae|g__Microbacterium|s__Microbacterium_lacticum,0.0,0.001060965,0.0010473098,0.0010399086,0.0010508755,0.0010568247,0.0010687262,0.0,0.0010609649,0.0010473098,0.0010399086,0.0010508755,0.0010568247,0.001068726,0.0,0.0,0.0010473311,0.0010312682,0.0010217477,0.0010322321,0.0011077942,0.0010726672,0.0,0.0010473098,0.0010312536,0.0010217467,0.0010322321,0.0011077928,0.0,0.0,0.0010473098,0.0010312536,0.0010217467,0.0010322321,0.0011077931,0.0010726317,0.0010609649,0.0010473098,0.0010399086,0.0010508755,0.0010568247,0.001068726,0.0,0.0010609659,0.00104731,0.0010399086,0.0010508755,0.0010568247,0.0010687268,0.0010726317,0.0010609649,0.0010473098,0.0010399086,0.0010508755,0.0010568247,0.0010687261,0.0,0.0010609652,0.0010473105,0.0010399091,0.0010508755,0.0010568247,0.0010687269,0.0,0.0010609649,0.0010473098,0.0010399086,0.0010508755,0.0010568247,0.001068726,0.0,0.0010609649,0.0,0.0010312536,0.0010122937,0.0010683158,0.0010796576,0.0,0.0010609649,0.0010473098,0.0010399086,0.0010508755,0.0010568247,0.001068727,0.0,0.0,0.0,0.0010312536,0.0010122937,0.0010683158,0.001090799,0.0010726418,0.0010609649,0.0,0.0010312536,0.0010122937,0.0010683158,0.0010796679,0.0010727231,0.0,0.0,0.0010312538,0.0010122937,0.0010683158,0.0010907977,0.0010726603,0.0,0.0010473098,0.0,0.0010609649,0.0010473098,0.001068316,0.0010726366,0.0,0.0,0.0010312536,0.0010122937,0.0010683158,0.001090795,0.0,0.0010609673,0.0,0.0010312536,0.0010122937,0.0010683158,0.0010796555,0.0,0.0,0.0010473111,0.0010609671,0.0,0.0010312536,0.0010609652,0.0010726677,0.0010609652,0.0,0.0010312538,0.0010122937,0.0010683158,0.001079655,0.0,0.0,0.00104731,0.0010312536,0.0010217467,0.0010322321,0.0011077939,0.0,0.0,0.0010473098,0.0,0.0010609649,0.0010473098,0.001068316,0.0,0.001060971,0.0,0.001060965,0.0,0.0010609649,0.00104731,0.0,0.0,0.0010473358,0.0010312579,0.0010217467,0.0010322321,0.0011077943,0.0,0.0010610257,0.0010609716,0.0010552688,0.0010664978,0.0,0.0009898412,0.0,0.0010609685,0.0010473114,0.0,0.0010609655,0.0010473098,0.0010399125,0.0010726386,0.0010609649,0.0010473098,0.0,0.0010609649,0.0010473098,0.0010399106,0.0,0.0010609651,0.00104731,0.0010399086,0.0010508755,0.0010568247,0.001068726,0.0010726315,0.0010609649,0.0010473098,0.0010399086,0.0010508755,0.0010568247,0.001068726,0.0010726682,0.0,0.0,0.0010312536,0.0010122937,0.0010683158,0.0010907948,0.0010726406,0.0,0.0010473098,0.0010312536,0.0010217467,0.0010322321,0.0011077935,0.0,0.001060965,0.0,0.0010312536,0.0010122937,0.0010683158,0.0010796548,0.0010726507,0.0,0.0010473098,0.0010312536,0.0010217467,0.0010322321,0.0011078062,0.0,0.0010609649,0.0010473098,0.0010399086,0.0010508755,0.0010568247,0.0010687286,0.0010726321,0.0010609649,0.0010473098,0.0010399086,0.0010508755,0.0010568247,0.001068726,0.0,0.0010609657,0.0010473098,0.0010399086,0.0010508755,0.0010568247,0.0010687262,0.0,0.0,0.0010473098,0.0010312536,0.0010217467,0.0010322321,0.0011077933,0.0010726341,0.0010609649,0.0,0.0,0.001060965,0.0010609649,0.0010552693,0.0010726734,0.0,0.00104731,0.0,0.001060965,0.0010473098,0.0010683199,0.0010727623,0.0,0.0010609652,0.0010473098,0.0010399086,0.0,0.0010609663,0.0,0.0010609648,0.0,0.0010312536,0.0010122937,0.0010683158,0.0010796627,0.001072639,0.0,0.0010473098,0.0010312536,0.0010217467,0.0010322329,0.0011078968,0.0010726517,0.0,0.0,0.0010312536,0.0010122937,0.0010683158,0.0010907945,0.0,0.001060965,0.00104731,0.0010399086,0.0010508755,0.0010568247,0.001068726,0.0010726227,0.0010609649,0.0010473097,0.0,0.001060965,0.0010473098,0.0010399102,0.0010726355,0.0,0.0010473098,0.001031254,0.0010217467,0.0010322321,0.0011077969,0.0010726367,0.0,0.00104731,0.0010312538,0.0010217467,0.0010322321,0.0011077968,0.0,0.0010609652,0.0010609652,0.0010552682,0.0010664976,0.0,0.0009898946,0.0010726777,0.0,0.0010473098,0.0010312536,0.0010217467,0.0010322321,0.0011077931,0.0010726388,0.0,0.0,0.0010312536,0.0010122937,0.0010683158,0.0010907978,0.0010727071,0.0010609663,0.0,0.0010312552,0.0010122942,0.0010683162,0.0010796671,0.0,0.0010609651,0.0010473098,0.0010399086,0.0010508755,0.0010568247,0.001068726,0.0,0.0010609665,0.0,0.0010312536,0.0010122937,0.0010683158,0.0010796548,0.0,0.001060965,0.00104731,0.0010399086,0.0010508755,0.0010568247,0.0010687261,0.0010726524,0.0010609651,0.0010473098,0.0010399091,0.0010508755,0.0010568247,0.0010687264,0.0,0.0,0.0,0.0010312536,0.0010122937,0.0010683158,0.0010907954,0.0010726312,0.0010609649,0.0,0.0010312536,0.0010122937,0.0010683158,0.0010796565,0.0010726477,0.0010609651,0.0010473098,0.0010683158,0.0,0.0010312536,0.0010122939,0.0,0.0010609649,0.0010473098,0.0010399086,0.0010508755,0.0010568247,0.0010687272,0.0,0.0010609649,0.0010473098,0.0010399086,0.0010508755,0.0010568247,0.0010687263,0.0,0.0010609658,0.0010473098,0.0010399086,0.0010508755,0.0010568247,0.0010687291,0.0010726452,0.0010609649,0.0010473098,0.0010399086,0.0010508755,0.0010568247,0.0010687268,0.0,0.0,0.0010473098,0.0010312536,0.0010217467,0.0010322321,0.0011077938,0.0,0.0010609649,0.0010473098,0.0010399086,0.0010508755,0.0010568247,0.001068726,0.0010728207,0.0010609675,0.0010473098,0.0010399088,0.0010508755,0.0010568247,0.0010687301
k__Bacteria|p__Actinobacteria|c__Coriobacteriia|o__Coriobacteriales|f__Coriobacteriaceae|g__Collinsella|s__Collinsella_SGB14987,0.0,0.0010594066,0.00104582,0.0010385528,0.0010498055,0.0010560267,0.0010681405,0.0,0.0010594066,0.00104582,0.0010385528,0.0010498055,0.0010560267,0.00106814,0.0,0.0,0.0010458356,0.0010298498,0.0010204705,0.0010312422,0.0011067244,0.0010710518,0.0,0.00104582,0.0010298387,0.0010204699,0.0010312422,0.0011067236,0.0,0.0,0.00104582,0.0010298387,0.0010204699,0.0010312422,0.0011067236,0.0010710101,0.0010594066,0.00104582,0.0010385528,0.0010498055,0.0010560267,0.00106814,0.0,0.0010594068,0.0010458201,0.0010385528,0.0010498055,0.0010560267,0.0010681408,0.0010710103,0.0010594066,0.00104582,0.0010385528,0.0010498055,0.0010560267,0.0010681403,0.0,0.0010594067,0.0010458205,0.001038553,0.0010498055,0.0010560267,0.001068141,0.0,0.0010594066,0.00104582,0.0010385528,0.0010498055,0.0010560267,0.0010681401,0.0,0.0010594066,0.0,0.0010298387,0.0010109599,0.0010668196,0.001078444,0.0,0.0010594066,0.00104582,0.0010385528,0.0010498055,0.0010560267,0.0010681408,0.0,0.0,0.0,0.0010298387,0.0010109599,0.0010668196,0.001089521,0.0010710215,0.0010594066,0.0,0.0010298387,0.0010109599,0.0010668196,0.0010784492,0.0010710751,0.0,0.0,0.0010298386,0.0010109599,0.0010668196,0.0010895204,0.0010710363,0.0,0.00104582,0.0,0.0010594066,0.00104582,0.0010668198,0.0010710135,0.0,0.0,0.0010298387,0.0010109599,0.0010668196,0.0010895195,0.0,0.0010594081,0.0,0.0010298387,0.0010109599,0.0010668196,0.0010784427,0.0,0.0,0.0010458208,0.0010594075,0.0,0.0010298387,0.0010594067,0.0010710377,0.0010594067,0.0,0.0010298386,0.0010109599,0.0010668196,0.0010784428,0.0,0.0,0.0010458201,0.0010298387,0.0010204699,0.0010312422,0.001106724,0.0,0.0,0.00104582,0.0,0.0010594066,0.00104582,0.0010668196,0.0,0.0010594113,0.0,0.0010594067,0.0,0.0010594066,0.00104582,0.0,0.0,0.0010458381,0.0010298415,0.0010204699,0.0010312422,0.001106724,0.0,0.0010594492,0.001059411,0.0010538395,0.0010653536,0.0,0.0009885903,0.0,0.0010594088,0.001045821,0.0,0.001059407,0.0010458201,0.0010385552,0.0010710189,0.0010594066,0.00104582,0.0,0.0010594066,0.00104582,0.0010385538,0.0,0.0010594068,0.00104582,0.0010385528,0.0010498055,0.0010560267,0.0010681403,0.0010710103,0.0010594066,0.00104582,0.0010385528,0.0010498055,0.0010560267,0.0010681401,0.0010710341,0.0,0.0,0.0010298387,0.0010109599,0.0010668196,0.0010895191,0.0010710141,0.0,0.00104582,0.0010298387,0.0010204699,0.0010312422,0.0011067239,0.0,0.0010594067,0.0,0.0010298387,0.0010109599,0.0010668196,0.0010784424,0.001071031,0.0,0.00104582,0.0010298387,0.0010204699,0.0010312422,0.0011067303,0.0,0.0010594066,0.00104582,0.0010385528,0.0010498055,0.0010560267,0.0010681414,0.0010710113,0.0010594066,0.00104582,0.0010385528,0.0010498055,0.0010560267,0.00106814,0.0,0.0010594071,0.0010458201,0.0010385528,0.0010498055,0.0010560267,0.0010681405,0.0,0.0,0.00104582,0.0010298387,0.0010204699,0.0010312422,0.0011067238,0.0010710137,0.0010594066,0.0,0.0,0.0010594067,0.0010594066,0.0010538395,0.0010710554,0.0,0.0010458203,0.0,0.0010594067,0.00104582,0.0010668224,0.0010711183,0.0,0.0010594067,0.0010458201,0.0010385528,0.0,0.0010594071,0.0,0.0010594064,0.0,0.0010298387,0.0010109599,0.0010668198,0.001078449,0.0010710167,0.0,0.00104582,0.0010298387,0.0010204699,0.0010312425,0.0011067714,0.0010710275,0.0,0.0,0.0010298387,0.0010109599,0.0010668196,0.001089519,0.0,0.0010594067,0.00104582,0.0010385528,0.0010498055,0.0010560267,0.00106814,0.0010710494,0.0010594066,0.0010458201,0.0,0.0010594066,0.00104582,0.0010385538,0.0010710126,0.0,0.0010458201,0.0010298383,0.0010204699,0.0010312422,0.0011067257,0.0010710147,0.0,0.00104582,0.0010298386,0.0010204699,0.0010312422,0.0011067253,0.0,0.0010594066,0.0010594068,0.001053839,0.0010653535,0.0,0.0009886313,0.0010710426,0.0,0.0010458201,0.0010298387,0.0010204699,0.0010312422,0.0011067236,0.0010710174,0.0,0.0,0.0010298387,0.0010109595,0.0010668196,0.0010895209,0.0010710733,0.0010594073,0.0,0.0010298395,0.00101096,0.0010668198,0.0010784487,0.0,0.0010594067,0.0010458201,0.0010385528,0.0010498055,0.0010560267,0.00106814,0.0,0.001059408,0.0,0.0010298387,0.0010109599,0.0010668196,0.0010784424,0.0,0.0010594067,0.0010458201,0.0010385525,0.0010498055,0.0010560267,0.0010681404,0.001071024,0.0010594066,0.00104582,0.001038553,0.0010498055,0.0010560267,0.0010681405,0.0,0.0,0.0,0.0010298387,0.0010109599,0.0010668196,0.0010895196,0.0010710098,0.0010594066,0.0,0.0010298387,0.0010109599,0.0010668196,0.0010784434,0.0010710247,0.0010594067,0.00104582,0.0010668196,0.0,0.0010298387,0.0010109601,0.0,0.0010594066,0.00104582,0.0010385528,0.0010498055,0.0010560267,0.0010681411,0.0,0.0010594066,0.00104582,0.0010385528,0.0010498055,0.0010560267,0.0010681404,0.0,0.001059407,0.0010458201,0.0010385528,0.0010498055,0.0010560267,0.0010681425,0.0010710186,0.0010594066,0.00104582,0.0010385528,0.0010498055,0.0010560267,0.0010681407,0.0,0.0,0.00104582,0.0010298387,0.0010204699,0.0010312422,0.001106724,0.0,0.0010594066,0.00104582,0.0010385528,0.0010498055,0.0010560267,0.0010681401,0.0010712644,0.0010594082,0.00104582,0.0010385528,0.0010498055,0.0010560267,0.0010681433
k__Bacteria|p__Actinobacteria|c__Actinomycetia|o__Micrococcales|f__Micrococcaceae|g__Rothia|s__Rothia_kristinae,0.0,0.0010611656,0.0010473377,0.0010396781,0.0010501862,0.0010556864,0.001067271,0.0,0.0010611658,0.0010473377,0.0010396781,0.0010501862,0.0010556864,0.001067271,0.0,0.0,0.0010473365,0.0010310983,0.0010213243,0.001031341,0.0011074169,0.0010729752,0.0,0.0010473377,0.001031099,0.0010213245,0.001031341,0.0011074169,0.0,0.0,0.0010473377,0.001031099,0.0010213245,0.001031341,0.001107417,0.001072995,0.0010611658,0.0010473377,0.0010396781,0.0010501862,0.0010556864,0.0010672709,0.0,0.0010611656,0.0010473374,0.0010396781,0.0010501862,0.0010556864,0.0010672715,0.0010729951,0.0010611658,0.0010473377,0.0010396781,0.0010501862,0.0010556864,0.0010672711,0.0,0.0010611659,0.0010473373,0.0010396782,0.0010501862,0.0010556864,0.0010672711,0.0,0.0010611658,0.0010473377,0.0010396781,0.0010501862,0.0010556864,0.001067271,0.0,0.0010611658,0.0,0.001031099,0.0010119481,0.0010684414,0.0010793441,0.0,0.0010611658,0.0010473377,0.0010396781,0.0010501862,0.0010556864,0.0010672713,0.0,0.0,0.0,0.001031099,0.0010119481,0.0010684414,0.001090658,0.0010729905,0.0010611658,0.0,0.001031099,0.0010119481,0.0010684414,0.0010793435,0.001072972,0.0,0.0,0.0010310991,0.0010119481,0.0010684414,0.0010906584,0.0010729844,0.0,0.0010473377,0.0,0.0010611658,0.0010473377,0.0010684414,0.0010729939,0.0,0.0,0.001031099,0.0010119481,0.0010684414,0.0010906577,0.0,0.0010611656,0.0,0.001031099,0.0010119481,0.0010684414,0.0010793436,0.0,0.0,0.0010473374,0.0010611659,0.0,0.001031099,0.0010611658,0.0010729879,0.0010611656,0.0,0.0010310989,0.0010119481,0.0010684414,0.0010793438,0.0,0.0,0.0010473377,0.001031099,0.0010213245,0.001031341,0.0011074172,0.0,0.0,0.0010473377,0.0,0.0010611658,0.0010473377,0.0010684413,0.0,0.0010611644,0.0,0.0010611659,0.0,0.0010611658,0.0010473378,0.0,0.0,0.0010473349,0.0010310984,0.0010213247,0.001031341,0.0011074165,0.0,0.0010611598,0.0010611644,0.0010552201,0.0010660021,0.0,0.0009892844,0.0,0.0010611652,0.0010473372,0.0,0.0010611656,0.0010473377,0.0010396785,0.0010729916,0.0010611658,0.0010473377,0.0,0.0010611658,0.0010473377,0.0010396785,0.0,0.0010611658,0.0010473378,0.0010396781,0.0010501862,0.0010556864,0.0010672711,0.0010729951,0.0010611658,0.0010473377,0.0010396781,0.0010501862,0.0010556864,0.001067271,0.0010729842,0.0,0.0,0.001031099,0.0010119481,0.0010684414,0.0010906577,0.0010729928,0.0,0.0010473377,0.001031099,0.0010213245,0.001031341,0.0011074166,0.0,0.0010611659,0.0,0.001031099,0.0010119481,0.0010684414,0.0010793437,0.0010729886,0.0,0.0010473377,0.001031099,0.0010213245,0.001031341,0.001107417,0.0,0.0010611658,0.0010473377,0.0010396781,0.0010501862,0.0010556864,0.0010672713,0.0010729947,0.0010611658,0.0010473377,0.0010396781,0.0010501862,0.0010556864,0.0010672709,0.0,0.0010611657,0.0010473377,0.0010396781,0.0010501862,0.0010556864,0.001067271,0.0,0.0,0.0010473377,0.001031099,0.0010213245,0.001031341,0.0011074172,0.0010729934,0.0010611658,0.0,0.0,0.0010611659,0.0010611658,0.0010552204,0.0010729765,0.0,0.0010473374,0.0,0.0010611659,0.0010473377,0.0010684421,0.0010729613,0.0,0.0010611659,0.0010473377,0.0010396781,0.0,0.0010611658,0.0,0.0010611657,0.0,0.001031099,0.0010119481,0.0010684415,0.0010793463,0.0010729926,0.0,0.0010473377,0.001031099,0.0010213247,0.0010313411,0.0011074302,0.0010729883,0.0,0.0,0.001031099,0.0010119481,0.0010684414,0.0010906578,0.0,0.0010611659,0.0010473378,0.0010396781,0.0010501862,0.0010556864,0.001067271,0.0010729759,0.0010611658,0.0010473377,0.0,0.0010611657,0.0010473377,0.0010396786,0.001072994,0.0,0.0010473377,0.001031099,0.0010213245,0.001031341,0.0011074175,0.0010729927,0.0,0.0010473378,0.001031099,0.0010213247,0.0010313411,0.0011074172,0.0,0.0010611658,0.0010611658,0.0010552203,0.001066002,0.0,0.0009893052,0.0010729806,0.0,0.0010473377,0.001031099,0.0010213245,0.001031341,0.001107417,0.001072993,0.0,0.0,0.001031099,0.0010119481,0.0010684414,0.0010906585,0.0010729675,0.0010611657,0.0,0.0010310991,0.0010119482,0.0010684415,0.0010793448,0.0,0.0010611658,0.0010473377,0.0010396781,0.0010501862,0.0010556864,0.0010672709,0.0,0.0010611654,0.0,0.001031099,0.0010119481,0.0010684414,0.0010793437,0.0,0.0010611657,0.0010473377,0.0010396781,0.0010501862,0.0010556864,0.0010672711,0.0010729895,0.0010611655,0.0010473374,0.0010396783,0.0010501862,0.0010556864,0.0010672713,0.0,0.0,0.0,0.001031099,0.0010119481,0.0010684414,0.001090658,0.0010729952,0.0010611658,0.0,0.001031099,0.0010119481,0.0010684414,0.0010793436,0.0010729886,0.0010611658,0.0010473377,0.0010684414,0.0,0.001031099,0.0010119482,0.0006384207,0.0010611658,0.0010473377,0.0010396781,0.0010501862,0.0010556864,0.0010672711,0.0,0.0010611658,0.0010473377,0.0010396781,0.0010501862,0.0010556864,0.0010672711,0.0,0.0010611655,0.0010473377,0.0010396781,0.0010501862,0.0010556864,0.0010672722,0.0010729907,0.0010611658,0.0010473377,0.0010396781,0.0010501862,0.0010556864,0.0010672712,0.0,0.0,0.0010473377,0.001031099,0.0010213245,0.001031341,0.001107417,0.0,0.0010611658,0.0010473377,0.0010396781,0.0010501862,0.0010556864,0.001067271,0.0010729351,0.0010611656,0.0010473374,0.0010396782,0.0010501862,0.0010556864,0.0010672719
k__Bacteria|p__Actinobacteria|c__Actinomycetia|o__Actinomycetales|f__Actinomycetaceae|g__GGB9832|s__GGB9832_SGB15478,0.0,0.0010592975,0.0010456766,0.0010383612,0.0010495336,0.0010556751,0.0010677346,0.0,0.0010592975,0.0010456766,0.0010383612,0.0010495336,0.0010556751,0.0010677344,0.0,0.0,0.0010456879,0.001029666,0.0010202416,0.0010309303,0.0011065272,0.0010709726,0.0,0.0010456766,0.0010296592,0.0010202411,0.0010309303,0.0011065265,0.0,0.0,0.0010456766,0.0010296592,0.0010202411,0.0010309303,0.0011065265,0.0010709335,0.0010592974,0.0010456766,0.0010383612,0.0010495336,0.0010556751,0.0010677344,0.0,0.001059298,0.0010456768,0.0010383612,0.0010495336,0.0010556751,0.0010677354,0.0010709336,0.0010592974,0.0010456766,0.0010383612,0.0010495336,0.0010556751,0.0010677346,0.0,0.0010592976,0.0010456772,0.0010383616,0.0010495336,0.0010556751,0.0010677351,0.0,0.0010592975,0.0010456766,0.0010383612,0.0010495336,0.0010556751,0.0010677346,0.0,0.0010592975,0.0,0.0010296592,0.0010107429,0.0010666989,0.0010782481,0.0,0.0010592974,0.0010456766,0.0010383612,0.0010495336,0.0010556751,0.0010677353,0.0,0.0,0.0,0.0010296592,0.0010107429,0.0010666989,0.0010893601,0.0010709449,0.0010592975,0.0,0.0010296592,0.0010107429,0.0010666989,0.0010782545,0.0010710232,0.0,0.0,0.0010296594,0.0010107429,0.0010666989,0.00108936,0.0010709628,0.0,0.0010456766,0.0,0.0010592974,0.0010456766,0.0010666992,0.0010709375,0.0,0.0,0.0010296592,0.0010107429,0.0010666989,0.0010893584,0.0,0.001059299,0.0,0.0010296592,0.0010107429,0.0010666989,0.0010782469,0.0,0.0,0.0010456773,0.0010592985,0.0,0.0010296592,0.0010592978,0.0010709594,0.0010592976,0.0,0.0010296593,0.0010107429,0.0010666989,0.0010782465,0.0,0.0,0.0010456766,0.0010296592,0.0010202411,0.0010309303,0.0011065269,0.0,0.0,0.0010456766,0.0,0.0010592974,0.0010456766,0.0010666988,0.0,0.0010593005,0.0,0.0010592975,0.0,0.0010592974,0.0010456768,0.0,0.0,0.0010456888,0.0010296615,0.0010202412,0.0010309303,0.0011065268,0.0,0.0010593266,0.0010593008,0.0010536843,0.0010651206,0.0,0.0009883357,0.0,0.0010592996,0.0010456772,0.0,0.0010592979,0.0010456766,0.0010383641,0.0010709399,0.0010592974,0.0010456766,0.0,0.0010592974,0.0010456766,0.0010383626,0.0,0.0010592977,0.0010456768,0.0010383612,0.0010495336,0.0010556751,0.0010677348,0.0010709333,0.0010592974,0.0010456766,0.0010383612,0.0010495336,0.0010556751,0.0010677346,0.0010709665,0.0,0.0,0.0010296592,0.0010107429,0.0010666989,0.0010893582,0.0010709398,0.0,0.0010456766,0.0010296592,0.0010202411,0.0010309303,0.0011065267,0.0,0.0010592975,0.0,0.0010296592,0.0010107429,0.0010666989,0.0010782465,0.0010709537,0.0,0.0010456766,0.0010296592,0.0010202411,0.0010309303,0.0011065343,0.0,0.0010592974,0.0010456766,0.0010383612,0.0010495336,0.0010556751,0.0010677363,0.0010709345,0.0010592974,0.0010456766,0.0010383612,0.0010495336,0.0010556751,0.0010677344,0.0,0.0010592977,0.0010456766,0.0010383612,0.0010495336,0.0010556751,0.0010677348,0.0,0.0,0.0010456766,0.0010296592,0.0010202411,0.0010309303,0.0011065265,0.0010709364,0.0010592974,0.0,0.0,0.0010592975,0.0010592975,0.0010536844,0.001070976,0.0,0.0010456768,0.0,0.0010592975,0.0010456766,0.0010667028,0.0010710726,0.0,0.0010592975,0.0010456766,0.0010383612,0.0,0.0010592983,0.0,0.0010592972,0.0,0.0010296592,0.0010107429,0.0010666989,0.0010782547,0.00107094,0.0,0.0010456766,0.0010296592,0.0010202412,0.0010309308,0.0011065846,0.0010709498,0.0,0.0,0.0010296592,0.0010107429,0.0010666989,0.0010893581,0.0,0.0010592975,0.0010456768,0.0010383612,0.0010495336,0.0010556751,0.0010677344,0.0010709502,0.0010592975,0.0010456766,0.0,0.0010592975,0.0010456766,0.0010383624,0.0010709366,0.0,0.0010456766,0.0010296595,0.0010202411,0.0010309303,0.0011065287,0.0010709381,0.0,0.0010456768,0.0010296593,0.0010202412,0.0010309303,0.001106529,0.0,0.0010592975,0.0010592976,0.0010536839,0.0010651203,0.0,0.0009883698,0.0010709749,0.0,0.0010456766,0.0010296592,0.0010202411,0.0010309303,0.0011065265,0.0010709395,0.0,0.0,0.0010296592,0.0010107429,0.0010666989,0.0010893598,0.0010710128,0.0010592982,0.0,0.0010296602,0.0010107436,0.001066699,0.0010782542,0.0,0.0010592976,0.0010456766,0.0010383612,0.0010495336,0.0010556751,0.0010677344,0.0,0.0010592983,0.0,0.0010296592,0.0010107429,0.0010666989,0.0010782465,0.0,0.0010592976,0.0010456766,0.0010383612,0.0010495336,0.0010556751,0.0010677346,0.0010709515,0.0010592974,0.0010456768,0.0010383617,0.0010495336,0.0010556751,0.0010677349,0.0,0.0,0.0,0.0010296592,0.0010107429,0.0010666989,0.0010893588,0.0010709332,0.0010592974,0.0,0.0010296592,0.0010107429,0.0010666989,0.0010782477,0.0010709473,0.0010592976,0.0010456766,0.0010666989,0.0,0.0010296592,0.0010107431,0.0,0.0010592974,0.0010456766,0.0010383612,0.0010495336,0.0010556751,0.0010677355,0.0,0.0010592974,0.0010456766,0.0010383612,0.0010495336,0.0010556751,0.0010677348,0.0,0.001059298,0.0010456766,0.0010383612,0.0010495336,0.0010556751,0.0010677369,0.0010709438,0.0010592974,0.0010456766,0.0010383612,0.0010495336,0.0010556751,0.0010677353,0.0,0.0,0.0010456766,0.0010296592,0.0010202411,0.0010309303,0.0011065269,0.0,0.0010592974,0.0010456766,0.0010383612,0.0010495336,0.0010556751,0.0010677346,0.0010711428,0.0010592989,0.0010456768,0.0010383613,0.0010495336,0.0010556751,0.0010677371
k__Bacteria|p__Actinobacteria|c__Coriobacteriia|o__Coriobacteriales|f__Coriobacteriaceae|g__GGB39644|s__GGB39644_SGB53888,0.0,0.0010624686,0.0010486649,0.0010410133,0.001051492,0.0010569708,0.0010685222,0.0,0.0010624689,0.0010486649,0.0010410133,0.001051492,0.0010569708,0.0010685221,0.0,0.0,0.0010486734,0.0010324562,0.0010226839,0.0010326754,0.001108566,0.001074304,0.0,0.0010486649,0.0010324497,0.0010226835,0.0010326754,0.0011085664,0.0,0.0,0.0010486649,0.0010324497,0.0010226835,0.0010326754,0.0011085663,0.0010742737,0.0010624687,0.0010486649,0.0010410133,0.001051492,0.0010569708,0.001068522,0.0,0.0010624687,0.0010486646,0.0010410133,0.001051492,0.0010569708,0.0010685226,0.001074274,0.0010624687,0.0010486649,0.0010410133,0.001051492,0.0010569708,0.0010685222,0.0,0.001062469,0.0010486653,0.0010410134,0.001051492,0.0010569708,0.0010685226,0.0,0.0010624689,0.0010486649,0.0010410133,0.001051492,0.0010569708,0.0010685221,0.0,0.0010624689,0.0,0.0010324497,0.001013321,0.0010697258,0.001080589,0.0,0.0010624687,0.0010486649,0.0010410133,0.001051492,0.0010569708,0.0010685219,0.0,0.0,0.0,0.0010324497,0.001013321,0.0010697258,0.0010918726,0.0010742805,0.0010624689,0.0,0.0010324497,0.001013321,0.0010697258,0.001080588,0.0010743137,0.0,0.0,0.0010324498,0.001013321,0.0010697258,0.0010918732,0.0010742922,0.0,0.0010486649,0.0,0.0010624687,0.0010486649,0.0010697258,0.0010742755,0.0,0.0,0.0010324497,0.001013321,0.0010697258,0.0010918736,0.0,0.0010624692,0.0,0.0010324497,0.001013321,0.0010697258,0.0010805895,0.0,0.0,0.0010486651,0.0010624689,0.0,0.0010324497,0.0010624689,0.0010742892,0.001062469,0.0,0.0010324497,0.001013321,0.0010697258,0.0010805895,0.0,0.0,0.001048665,0.0010324497,0.0010226835,0.0010326754,0.0011085663,0.0,0.0,0.0010486649,0.0,0.0010624687,0.0010486649,0.0010697258,0.0,0.00106247,0.0,0.001062469,0.0,0.0010624687,0.001048665,0.0,0.0,0.0010486713,0.001032451,0.0010226836,0.0010326754,0.0011085658,0.0,0.0010624884,0.0010624707,0.0010565304,0.0010672782,0.0,0.0009906747,0.0,0.0010624694,0.001048665,0.0,0.001062469,0.0010486648,0.0010410144,0.0010742788,0.0010624687,0.0010486649,0.0,0.0010624687,0.0010486649,0.0010410135,0.0,0.0010624689,0.001048665,0.0010410133,0.001051492,0.0010569708,0.0010685222,0.001074274,0.0010624687,0.0010486649,0.0010410133,0.001051492,0.0010569708,0.0010685221,0.0010742901,0.0,0.0,0.0010324497,0.001013321,0.0010697258,0.0010918735,0.0010742758,0.0,0.0010486649,0.0010324497,0.0010226835,0.0010326754,0.0011085661,0.0,0.001062469,0.0,0.0010324497,0.001013321,0.0010697258,0.0010805894,0.0010742851,0.0,0.0010486649,0.0010324497,0.0010226835,0.0010326754,0.0011085632,0.0,0.0010624687,0.0010486649,0.0010410133,0.001051492,0.0010569708,0.001068522,0.0010742748,0.0010624687,0.0010486649,0.0010410133,0.001051492,0.0010569708,0.001068522,0.0,0.0010624687,0.0010486648,0.0010410133,0.001051492,0.0010569708,0.0010685222,0.0,0.0,0.0010486649,0.0010324497,0.0010226835,0.0010326754,0.0011085664,0.0010742762,0.0010624687,0.0,0.0,0.001062469,0.0010624689,0.0010565305,0.0010743053,0.0,0.001048665,0.0,0.001062469,0.0010486649,0.0010697268,0.0010743487,0.0,0.001062469,0.0010486648,0.0010410133,0.0,0.0010624689,0.0,0.0010624687,0.0,0.0010324497,0.001013321,0.0010697258,0.0010805902,0.0010742784,0.0,0.0010486649,0.0010324497,0.0010226836,0.0010326755,0.0011085339,0.0010742833,0.0,0.0,0.0010324497,0.001013321,0.0010697258,0.0010918735,0.0,0.001062469,0.001048665,0.0010410133,0.001051492,0.0010569708,0.0010685221,0.00107431,0.0010624689,0.0010486648,0.0,0.0010624687,0.0010486649,0.0010410137,0.0010742748,0.0,0.0010486648,0.0010324498,0.0010226837,0.0010326754,0.0011085655,0.0010742763,0.0,0.001048665,0.0010324497,0.0010226836,0.0010326754,0.0011085656,0.0,0.0010624689,0.0010624689,0.0010565302,0.0010672781,0.0,0.0009906851,0.001074294,0.0,0.0010486648,0.0010324497,0.0010226835,0.0010326754,0.0011085663,0.0010742772,0.0,0.0,0.0010324497,0.001013321,0.0010697258,0.0010918733,0.0010743194,0.0010624689,0.0,0.0010324504,0.001013321,0.0010697258,0.001080588,0.0,0.0010624687,0.0010486648,0.0010410133,0.001051492,0.0010569708,0.001068522,0.0,0.0010624693,0.0,0.0010324497,0.001013321,0.0010697258,0.0010805894,0.0,0.0010624689,0.001048665,0.0010410133,0.001051492,0.0010569708,0.0010685223,0.0010742812,0.0010624685,0.0010486649,0.0010410137,0.001051492,0.0010569708,0.0010685223,0.0,0.0,0.0,0.0010324497,0.001013321,0.0010697258,0.0010918737,0.0010742734,0.0010624687,0.0,0.0010324497,0.001013321,0.0010697258,0.0010805896,0.001074282,0.0010624687,0.0010486649,0.0010697258,0.0,0.0010324497,0.0010133211,0.0,0.0010624687,0.0010486649,0.0010410133,0.001051492,0.0010569708,0.0010685221,0.0,0.0010624687,0.0010486649,0.0010410133,0.001051492,0.0010569708,0.0010685223,0.0,0.0010624687,0.0010486648,0.0010410133,0.001051492,0.0010569708,0.0010685218,0.0010742783,0.0010624687,0.0010486649,0.0010410133,0.001051492,0.0010569708,0.0010685222,0.0,0.0,0.0010486649,0.0010324497,0.0010226835,0.0010326754,0.0011085663,0.0,0.0010624687,0.0010486649,0.0010410133,0.001051492,0.0010569708,0.0010685221,0.0010744474,0.0010624691,0.0010486646,0.0010410134,0.001051492,0.0010569708,0.0010685214
k__Bacteria|p__Actinobacteria|c__CFGB1056|o__OFGB1056|f__FGB1056|g__GGB2722|s__GGB2722_SGB3663,0.0,0.0010610584,0.0010473278,0.001039814,0.0010505801,0.0010563328,0.0010680957,0.0,0.0010610586,0.0010473278,0.001039814,0.0010505801,0.0010563328,0.0010680956,0.0,0.0,0.0010473336,0.0010311963,0.0010215685,0.0010318486,0.0011076337,0.0010728037,0.0,0.0010473278,0.0010311921,0.0010215684,0.0010318486,0.0011076338,0.0,0.0,0.0010473278,0.0010311921,0.0010215684,0.0010318486,0.0011076338,0.0010727961,0.0010610585,0.0010473278,0.001039814,0.0010505801,0.0010563328,0.0010680954,0.0,0.0010610587,0.0010473279,0.001039814,0.0010505801,0.0010563328,0.0010680961,0.0010727962,0.0010610585,0.0010473278,0.001039814,0.0010505801,0.0010563328,0.0010680954,0.0,0.0010610586,0.0010473282,0.0010398141,0.0010505801,0.0010563328,0.0010680956,0.0,0.0010610586,0.0010473278,0.001039814,0.0010505801,0.0010563328,0.0010680956,0.0,0.0010610586,0.0,0.0010311921,0.0010121489,0.0010683765,0.0010795249,0.0,0.0010610585,0.0010473278,0.001039814,0.0010505801,0.0010563328,0.0010680953,0.0,0.0,0.0,0.0010311921,0.0010121489,0.0010683765,0.0010907394,0.0010727977,0.0010610586,0.0,0.0010311921,0.0010121489,0.0010683765,0.0010795231,0.0010728101,0.0,0.0,0.0010311921,0.0010121489,0.0010683765,0.0010907397,0.0010728034,0.0,0.0010473278,0.0,0.0010610585,0.0010473278,0.0010683765,0.0010727961,0.0,0.0,0.0010311921,0.0010121489,0.0010683765,0.0010907402,0.0,0.0010610587,0.0,0.0010311921,0.0010121489,0.0010683765,0.0010795243,0.0,0.0,0.0010473283,0.0010610588,0.0,0.0010311921,0.0010610586,0.0010728034,0.0010610586,0.0,0.001031192,0.0010121489,0.0010683765,0.0010795245,0.0,0.0,0.001047328,0.0010311921,0.0010215684,0.0010318486,0.0011076338,0.0,0.0,0.0010473278,0.0,0.0010610585,0.0010473278,0.0010683765,0.0,0.0010610585,0.0,0.0010610587,0.0,0.0010610585,0.0010473279,0.0,0.0,0.0010473325,0.0010311927,0.0010215683,0.0010318486,0.0011076332,0.0,0.0010610623,0.0010610592,0.001055253,0.0010662868,0.0,0.0009895962,0.0,0.0010610586,0.0010473281,0.0,0.0010610587,0.0010473279,0.0010398151,0.0010727982,0.0010610585,0.0010473278,0.0,0.0010610585,0.0010473278,0.0010398144,0.0,0.0010610586,0.0010473279,0.001039814,0.0010505801,0.0010563328,0.0010680956,0.0010727962,0.0010610585,0.0010473278,0.001039814,0.0010505801,0.0010563328,0.0010680956,0.0010728027,0.0,0.0,0.0010311921,0.0010121489,0.0010683765,0.0010907401,0.0010727961,0.0,0.0010473278,0.0010311921,0.0010215684,0.0010318486,0.0011076336,0.0,0.0010610587,0.0,0.0010311921,0.0010121489,0.0010683765,0.0010795243,0.0010727987,0.0,0.0010473278,0.0010311921,0.0010215684,0.0010318486,0.001107633,0.0,0.0010610585,0.0010473278,0.001039814,0.0010505801,0.0010563328,0.0010680953,0.0010727964,0.0010610585,0.0010473278,0.001039814,0.0010505801,0.0010563328,0.0010680954,0.0,0.0010610586,0.0010473279,0.001039814,0.0010505801,0.0010563328,0.0010680957,0.0,0.0,0.0010473278,0.0010311921,0.0010215684,0.0010318486,0.0011076338,0.0010727963,0.0010610585,0.0,0.0,0.0010610587,0.0010610586,0.0010552531,0.0010728057,0.0,0.0010473281,0.0,0.0010610587,0.0010473278,0.0010683784,0.0010728245,0.0,0.0010610585,0.0010473279,0.001039814,0.0,0.0010610586,0.0,0.0010610585,0.0,0.0010311921,0.0010121489,0.0010683765,0.0010795271,0.0010727984,0.0,0.0010473278,0.0010311921,0.0010215683,0.0010318487,0.001107628,0.0010728007,0.0,0.0,0.0010311921,0.0010121489,0.0010683765,0.0010907401,0.0,0.0010610587,0.0010473279,0.001039814,0.0010505801,0.0010563328,0.0010680956,0.0010728067,0.0010610585,0.0010473279,0.0,0.0010610585,0.0010473278,0.0010398146,0.0010727958,0.0,0.0010473279,0.0010311921,0.0010215684,0.0010318486,0.0011076335,0.0010727961,0.0,0.0010473279,0.0010311921,0.0010215683,0.0010318488,0.0011076335,0.0,0.0010610585,0.0010610586,0.0010552531,0.0010662866,0.0,0.0009896143,0.0010728007,0.0,0.0010473279,0.0010311921,0.0010215684,0.0010318486,0.0011076338,0.0010727963,0.0,0.0,0.0010311921,0.0010121489,0.0010683765,0.0010907399,0.0010728136,0.0010610583,0.0,0.0010311925,0.0010121489,0.0010683765,0.0010795243,0.0,0.0010610586,0.0010473279,0.001039814,0.0010505801,0.0010563328,0.0010680954,0.0,0.0010610588,0.0,0.0010311921,0.0010121489,0.0010683765,0.0010795243,0.0,0.0010610585,0.001047328,0.001039814,0.0010505801,0.0010563328,0.0010680956,0.0010727966,0.0010610584,0.0010473278,0.0010398142,0.0010505801,0.0010563328,0.0010680953,0.0,0.0,0.0,0.0010311921,0.0010121489,0.0010683765,0.0010907404,0.0010727958,0.0010610585,0.0,0.0010311921,0.0010121489,0.0010683765,0.0010795242,0.001072797,0.0010610586,0.0010473278,0.0010683765,0.0,0.0010311921,0.001012149,0.0,0.0010610585,0.0010473278,0.001039814,0.0010505801,0.0010563328,0.0010680954,0.0,0.0010610585,0.0010473278,0.001039814,0.0010505801,0.0010563328,0.0010680954,0.0,0.0010610585,0.0010473279,0.001039814,0.0010505801,0.0010563328,0.0010680953,0.0010727966,0.0010610585,0.0010473278,0.001039814,0.0010505801,0.0010563328,0.0010680956,0.0,0.0,0.0010473278,0.0010311921,0.0010215684,0.0010318486,0.001107634,0.0,0.0010610585,0.0010473278,0.001039814,0.0010505801,0.0010563328,0.0010680956,0.0010728623,0.0010610588,0.0010473278,0.0010398141,0.0010505801,0.0010563328,0.001068095
k__Bacteria|p__Actinobacteria|c__Actinomycetia|o__Actinomycetales|f__Actinomycetaceae|g__Arcanobacterium|s__Arcanobacterium_urinimassiliense,0.0,0.001060031,0.0010463179,0.0010388516,0.0010497347,0.0010555965,0.0010674503,0.0,0.0010600312,0.0010463179,0.0010388516,0.0010497347,0.0010555965,0.0010674502,0.0,0.0,0.0010463351,0.0010302147,0.001020628,0.0010310237,0.0011068423,0.0010717876,0.0,0.0010463179,0.001030202,0.0010206274,0.0010310237,0.0011068418,0.0,0.0,0.0010463179,0.001030202,0.0010206274,0.0010310237,0.0011068418,0.0010717536,0.0010600311,0.0010463179,0.0010388516,0.0010497347,0.0010555965,0.0010674502,0.0,0.0010600316,0.0010463179,0.0010388516,0.0010497347,0.0010555965,0.0010674509,0.0010717537,0.0010600311,0.0010463179,0.0010388516,0.0010497347,0.0010555965,0.0010674502,0.0,0.0010600314,0.0010463183,0.0010388516,0.0010497347,0.0010555965,0.0010674511,0.0,0.0010600312,0.0010463179,0.0010388516,0.0010497347,0.0010555965,0.0010674503,0.0,0.0010600312,0.0,0.001030202,0.0010111817,0.0010673787,0.0010786478,0.0,0.0010600311,0.0010463179,0.0010388516,0.0010497347,0.0010555965,0.0010674502,0.0,0.0,0.0,0.001030202,0.0010111817,0.0010673787,0.001089849,0.0010717618,0.0010600312,0.0,0.001030202,0.0010111817,0.0010673787,0.001078651,0.0010718146,0.0,0.0,0.001030202,0.0010111817,0.0010673787,0.0010898489,0.0010717766,0.0,0.0010463179,0.0,0.0010600311,0.0010463179,0.0010673787,0.0010717557,0.0,0.0,0.001030202,0.0010111817,0.0010673787,0.0010898483,0.0,0.0010600324,0.0,0.001030202,0.0010111817,0.0010673787,0.0010786462,0.0,0.0,0.0010463189,0.001060032,0.0,0.001030202,0.0010600314,0.0010717746,0.0010600314,0.0,0.001030202,0.0010111817,0.0010673787,0.0010786462,0.0,0.0,0.001046318,0.001030202,0.0010206274,0.0010310237,0.0011068422,0.0,0.0,0.0010463179,0.0,0.0010600311,0.0010463179,0.0010673787,0.0,0.0010600346,0.0,0.0010600314,0.0,0.0010600311,0.0010463179,0.0,0.0,0.0010463345,0.0010302047,0.0010206274,0.0010310237,0.0011068421,0.0,0.0010600707,0.0010600357,0.0010542719,0.0010654238,0.0,0.0009886639,0.0,0.0010600331,0.0010463187,0.0,0.0010600314,0.0010463177,0.0010388544,0.0010717604,0.0010600311,0.0010463179,0.0,0.0010600311,0.0010463179,0.0010388523,0.0,0.0010600312,0.0010463179,0.0010388513,0.0010497347,0.0010555965,0.0010674502,0.0010717534,0.0010600311,0.0010463179,0.0010388516,0.0010497347,0.0010555965,0.0010674503,0.0010717786,0.0,0.0,0.001030202,0.0010111817,0.0010673787,0.0010898482,0.0010717574,0.0,0.0010463179,0.001030202,0.0010206274,0.0010310237,0.0011068421,0.0,0.0010600314,0.0,0.001030202,0.0010111817,0.0010673787,0.001078646,0.0010717687,0.0,0.0010463179,0.001030202,0.0010206274,0.0010310237,0.0011068473,0.0,0.0010600311,0.0010463179,0.0010388516,0.0010497347,0.0010555965,0.0010674513,0.0010717544,0.0010600311,0.0010463179,0.0010388516,0.0010497347,0.0010555965,0.0010674502,0.0,0.0010600316,0.0010463177,0.0010388516,0.0010497347,0.0010555965,0.0010674503,0.0,0.0,0.0010463179,0.001030202,0.0010206274,0.0010310237,0.0011068418,0.0010717555,0.0010600311,0.0,0.0,0.0010600314,0.0010600312,0.001054272,0.0010717903,0.0,0.0010463182,0.0,0.0010600314,0.0010463179,0.0010673825,0.001071856,0.0,0.0010600312,0.0010463177,0.0010388516,0.0,0.0010600315,0.0,0.0010600311,0.0,0.001030202,0.0010111817,0.0010673788,0.0010786506,0.0010717592,0.0,0.0010463179,0.001030202,0.0010206274,0.0010310238,0.0011068779,0.0010717711,0.0,0.0,0.001030202,0.0010111817,0.0010673787,0.0010898485,0.0,0.0010600314,0.0010463179,0.0010388516,0.0010497347,0.0010555965,0.0010674502,0.001071782,0.0010600312,0.0010463177,0.0,0.0010600311,0.0010463179,0.0010388527,0.0010717548,0.0,0.0010463177,0.0010302024,0.0010206274,0.0010310237,0.0011068428,0.0010717566,0.0,0.0010463179,0.001030202,0.0010206274,0.0010310237,0.0011068428,0.0,0.0010600312,0.0010600312,0.0010542715,0.001065424,0.0,0.0009887007,0.0010717843,0.0,0.0010463177,0.001030202,0.0010206274,0.0010310237,0.0011068418,0.0010717574,0.0,0.0,0.001030202,0.0010111817,0.0010673787,0.0010898489,0.0010718121,0.0010600316,0.0,0.001030203,0.0010111817,0.0010673787,0.0010786516,0.0,0.0010600311,0.0010463177,0.0010388513,0.0010497347,0.0010555965,0.0010674502,0.0,0.0010600325,0.0,0.001030202,0.0010111817,0.0010673787,0.001078646,0.0,0.0010600311,0.001046318,0.0010388516,0.0010497347,0.0010555965,0.0010674503,0.0010717638,0.0010600311,0.0010463179,0.0010388517,0.0010497349,0.0010555965,0.0010674503,0.0,0.0,0.0,0.001030202,0.0010111817,0.0010673787,0.0010898488,0.001071753,0.0010600311,0.0,0.001030202,0.0010111817,0.0010673787,0.0010786466,0.0010717642,0.0010600311,0.0010463179,0.0010673787,0.0,0.001030202,0.0010111819,0.0,0.0010600311,0.0010463179,0.0010388516,0.0010497347,0.0010555965,0.0010674506,0.0,0.0010600311,0.0010463179,0.0010388516,0.0010497347,0.0010555965,0.0010674503,0.0,0.0010600314,0.0010463177,0.0010388516,0.0010497347,0.0010555965,0.0010674513,0.0010717597,0.0010600311,0.0010463179,0.0010388513,0.0010497347,0.0010555965,0.0010674505,0.0,0.0,0.0010463179,0.001030202,0.0010206274,0.0010310237,0.0011068421,0.0,0.0010600311,0.0010463179,0.0010388516,0.0010497347,0.0010555965,0.0010674503,0.0010719649,0.0010600325,0.0010463179,0.0010388514,0.0010497347,0.0010555965,0.0010674519
k__Bacteria|p__Actinobacteria|c__Coriobacteriia|o__Coriobacteriales|f__Coriobacteriaceae|g__Collinsella|s__Collinsella_SGB14861,0.0,0.0010588932,0.001045185,0.0010377504,0.0010487273,0.0010546743,0.0010666035,0.0,0.0010588933,0.001045185,0.0010377504,0.0010487273,0.0010546743,0.0010666036,0.0,0.0,0.0010451929,0.0010290822,0.0010195351,0.0010300223,0.0011059205,0.0010706184,0.0,0.001045185,0.0010290768,0.0010195349,0.0010300223,0.0011059205,0.0,0.0,0.001045185,0.0010290768,0.0010195349,0.0010300223,0.0011059204,0.0010706116,0.0010588932,0.001045185,0.0010377504,0.0010487273,0.0010546743,0.0010666036,0.0,0.0010588932,0.0010451851,0.0010377504,0.0010487273,0.0010546743,0.0010666045,0.0010706118,0.0010588932,0.001045185,0.0010377504,0.0010487273,0.0010546743,0.0010666035,0.0,0.0010588934,0.0010451855,0.0010377505,0.0010487273,0.0010546743,0.0010666039,0.0,0.0010588933,0.001045185,0.0010377504,0.0010487273,0.0010546743,0.0010666037,0.0,0.0010588933,0.0,0.0010290768,0.0010100666,0.0010662677,0.0010776338,0.0,0.0010588932,0.001045185,0.0010377504,0.0010487273,0.0010546743,0.0010666039,0.0,0.0,0.0,0.0010290768,0.0010100666,0.0010662677,0.0010888351,0.0010706133,0.0010588933,0.0,0.0010290768,0.0010100666,0.0010662677,0.0010776349,0.0010706213,0.0,0.0,0.0010290769,0.0010100666,0.0010662677,0.0010888352,0.0010706186,0.0,0.001045185,0.0,0.0010588932,0.001045185,0.0010662676,0.0010706122,0.0,0.0,0.0010290768,0.0010100666,0.0010662677,0.001088835,0.0,0.0010588934,0.0,0.0010290768,0.0010100666,0.0010662677,0.0010776332,0.0,0.0,0.0010451854,0.0010588934,0.0,0.0010290768,0.0010588934,0.0010706165,0.0010588934,0.0,0.0010290766,0.0010100666,0.0010662677,0.0010776331,0.0,0.0,0.0010451851,0.0010290768,0.0010195349,0.0010300223,0.0011059205,0.0,0.0,0.001045185,0.0,0.0010588932,0.001045185,0.0010662676,0.0,0.0010588947,0.0,0.0010588933,0.0,0.0010588932,0.0010451851,0.0,0.0,0.0010451896,0.0010290779,0.001019535,0.0010300223,0.0011059202,0.0,0.0010589117,0.0010588949,0.0010531648,0.0010644128,0.0,0.0009875566,0.0,0.001058894,0.0010451855,0.0,0.0010588934,0.0010451853,0.0010377523,0.0010706135,0.0010588932,0.001045185,0.0,0.0010588932,0.001045185,0.0010377511,0.0,0.0010588934,0.0010451851,0.0010377504,0.0010487273,0.0010546743,0.0010666036,0.0010706118,0.0010588932,0.001045185,0.0010377504,0.0010487273,0.0010546743,0.0010666037,0.0010706143,0.0,0.0,0.0010290768,0.0010100666,0.0010662677,0.0010888348,0.0010706119,0.0,0.001045185,0.0010290768,0.0010195349,0.0010300223,0.0011059204,0.0,0.0010588933,0.0,0.0010290768,0.0010100666,0.0010662677,0.0010776331,0.0010706162,0.0,0.001045185,0.0010290768,0.0010195349,0.0010300223,0.0011059237,0.0,0.0010588932,0.001045185,0.0010377504,0.0010487273,0.0010546743,0.0010666042,0.0010706118,0.0010588932,0.001045185,0.0010377504,0.0010487273,0.0010546743,0.0010666036,0.0,0.0010588933,0.0010451853,0.0010377504,0.0010487273,0.0010546743,0.0010666035,0.0,0.0,0.001045185,0.0010290768,0.0010195349,0.0010300223,0.0011059205,0.0010706125,0.0010588932,0.0,0.0,0.0010588933,0.0010588933,0.0010531651,0.0010706193,0.0,0.0010451853,0.0,0.0010588933,0.001045185,0.0010662706,0.0010706382,0.0,0.0010588934,0.0010451853,0.0010377504,0.0,0.0010588936,0.0,0.001058893,0.0,0.0010290768,0.0010100666,0.0010662677,0.0010776371,0.0010706125,0.0,0.001045185,0.0010290768,0.001019535,0.0010300223,0.0011059439,0.0010706139,0.0,0.0,0.0010290768,0.0010100666,0.0010662677,0.0010888348,0.0,0.0010588933,0.0010451851,0.0010377504,0.0010487273,0.0010546743,0.0010666036,0.0010706156,0.001058893,0.0010451853,0.0,0.0010588933,0.001045185,0.001037751,0.0010706116,0.0,0.0010451853,0.0010290769,0.0010195349,0.0010300223,0.0011059208,0.0010706125,0.0,0.0010451851,0.0010290768,0.001019535,0.0010300222,0.0011059206,0.0,0.0010588933,0.0010588934,0.0010531647,0.0010644128,0.0,0.0009875821,0.0010706173,0.0,0.0010451853,0.0010290768,0.0010195349,0.0010300223,0.0011059204,0.0010706133,0.0,0.0,0.0010290768,0.0010100666,0.0010662677,0.001088835,0.0010706158,0.0010588933,0.0,0.0010290771,0.0010100662,0.0010662677,0.0010776357,0.0,0.0010588933,0.0010451853,0.0010377504,0.0010487273,0.0010546743,0.0010666036,0.0,0.0010588939,0.0,0.0010290768,0.0010100666,0.0010662677,0.0010776331,0.0,0.0010588934,0.0010451851,0.0010377504,0.0010487273,0.0010546743,0.0010666036,0.0010706141,0.0010588933,0.0010451851,0.0010377506,0.0010487273,0.0010546743,0.0010666037,0.0,0.0,0.0,0.0010290768,0.0010100666,0.0010662677,0.0010888351,0.0010706115,0.0010588932,0.0,0.0010290768,0.0010100666,0.0010662677,0.0010776334,0.0010706135,0.0010588933,0.001045185,0.0010662677,0.0,0.0010290768,0.0010100666,0.0,0.0010588932,0.001045185,0.0010377504,0.0010487273,0.0010546743,0.001066604,0.0,0.0010588932,0.001045185,0.0010377504,0.0010487273,0.0010546743,0.0010666037,0.0,0.0010588932,0.0010451853,0.0010377504,0.0010487273,0.0010546743,0.0010666046,0.0010706126,0.0010588932,0.001045185,0.0010377504,0.0010487273,0.0010546743,0.0010666038,0.0,0.0,0.001045185,0.0010290768,0.0010195349,0.0010300223,0.0011059205,0.0,0.0010588932,0.001045185,0.0010377504,0.0010487273,0.0010546743,0.0010666037,0.0010706907,0.0010588939,0.0010451851,0.0010377504,0.0010487273,0.0010546743,0.0010666045
k__Bacteria|p__Actinobacteria|c__Coriobacteriia|o__Eggerthellales|f__Eggerthellaceae|g__Adlercreutzia|s__Adlercreutzia_equolifaciens,0.0,0.0010595459,0.0010460027,0.0010387963,0.0010501512,0.0010564731,0.0010686552,0.0,0.001059546,0.0010460027,0.0010387963,0.0010501512,0.0010564731,0.0010686552,0.0,0.0,0.0010460125,0.0010300729,0.0010207617,0.0010316384,0.0011069753,0.00107115,0.0,0.0010460027,0.0010300667,0.0010207612,0.0010316384,0.0011069746,0.0,0.0,0.0010460027,0.0010300667,0.0010207612,0.0010316384,0.0011069744,0.0010711083,0.0010595459,0.0010460027,0.0010387963,0.0010501512,0.0010564731,0.001068655,0.0,0.0010595463,0.0010460028,0.0010387963,0.0010501512,0.0010564731,0.0010686563,0.0010711083,0.0010595459,0.0010460027,0.0010387963,0.0010501512,0.0010564731,0.0010686552,0.0,0.0010595461,0.0010460035,0.0010387964,0.0010501512,0.0010564729,0.0010686555,0.0,0.001059546,0.0010460027,0.0010387963,0.0010501512,0.0010564731,0.0010686552,0.0,0.001059546,0.0,0.0010300667,0.0010112352,0.0010669739,0.0010786939,0.0,0.0010595459,0.0010460027,0.0010387963,0.0010501512,0.0010564731,0.0010686558,0.0,0.0,0.0,0.0010300667,0.0010112352,0.0010669739,0.0010897248,0.0010711206,0.001059546,0.0,0.0010300667,0.0010112352,0.0010669739,0.0010786994,0.0010711886,0.0,0.0,0.001030067,0.0010112352,0.0010669739,0.0010897251,0.0010711367,0.0,0.0010460027,0.0,0.0010595459,0.0010460027,0.0010669739,0.0010711114,0.0,0.0,0.0010300667,0.0010112352,0.0010669739,0.001089724,0.0,0.001059547,0.0,0.0010300667,0.0010112352,0.0010669739,0.0010786926,0.0,0.0,0.0010460035,0.0010595464,0.0,0.001030067,0.0010595464,0.0010711271,0.0010595461,0.0,0.0010300669,0.0010112352,0.0010669739,0.0010786921,0.0,0.0,0.0010460028,0.0010300667,0.0010207612,0.0010316384,0.0011069748,0.0,0.0,0.0010460027,0.0,0.0010595459,0.0010460027,0.0010669738,0.0,0.0010595482,0.0,0.0010595461,0.0,0.0010595459,0.0010460028,0.0,0.0,0.0010460102,0.001030068,0.0010207613,0.0010316384,0.0011069748,0.0,0.0010595722,0.0010595485,0.001054037,0.00106565,0.0,0.0009889152,0.0,0.0010595476,0.0010460034,0.0,0.0010595463,0.0010460027,0.0010387994,0.001071115,0.0010595459,0.0010460027,0.0,0.0010595459,0.0010460027,0.0010387974,0.0,0.0010595461,0.0010460028,0.0010387963,0.0010501512,0.0010564731,0.001068655,0.0010711083,0.0010595459,0.0010460027,0.0010387963,0.0010501512,0.0010564731,0.0010686552,0.0010711374,0.0,0.0,0.0010300667,0.0010112352,0.0010669739,0.001089724,0.0010711119,0.0,0.0010460027,0.0010300667,0.0010207612,0.0010316384,0.0011069746,0.0,0.0010595461,0.0,0.0010300667,0.0010112352,0.0010669739,0.0010786921,0.0010711306,0.0,0.0010460027,0.0010300667,0.0010207612,0.0010316384,0.0011069828,0.0,0.0010595459,0.0010460027,0.0010387963,0.0010501512,0.0010564731,0.0010686569,0.0010711091,0.0010595459,0.0010460027,0.0010387963,0.0010501512,0.0010564731,0.001068655,0.0,0.0010595463,0.0010460027,0.0010387963,0.0010501512,0.0010564731,0.0010686552,0.0,0.0,0.0010460027,0.0010300667,0.0010207612,0.0010316384,0.0011069746,0.0010711115,0.0010595459,0.0,0.0,0.0010595461,0.001059546,0.0010540372,0.001071153,0.0,0.0010460028,0.0,0.0010595461,0.0010460027,0.0010669787,0.001071241,0.0,0.0010595461,0.0010460027,0.0010387963,0.0,0.0010595466,0.0,0.0010595459,0.0,0.0010300667,0.0010112352,0.0010669739,0.0010787023,0.0010711143,0.0,0.0010460027,0.0010300667,0.0010207613,0.0010316388,0.0011070254,0.0010711235,0.0,0.0,0.0010300667,0.0010112352,0.0010669739,0.001089724,0.0,0.0010595461,0.0010460028,0.0010387963,0.0010501512,0.0010564731,0.0010686552,0.0010711446,0.0010595461,0.0010460027,0.0,0.001059546,0.0010460027,0.0010387974,0.0010711106,0.0,0.0010460027,0.0010300671,0.0010207612,0.0010316384,0.0011069763,0.0010711121,0.0,0.0010460028,0.001030067,0.0010207613,0.0010316385,0.0011069766,0.0,0.0010595461,0.0010595461,0.0010540369,0.00106565,0.0,0.0009889501,0.0010711445,0.0,0.0010460027,0.0010300667,0.0010207612,0.0010316384,0.0011069744,0.0010711136,0.0,0.0,0.0010300667,0.0010112352,0.0010669739,0.0010897251,0.001071182,0.0010595464,0.0,0.0010300677,0.0010112353,0.0010669739,0.001078699,0.0,0.001059546,0.0010460027,0.0010387963,0.0010501512,0.0010564731,0.001068655,0.0,0.0010595465,0.0,0.0010300667,0.0010112352,0.0010669739,0.0010786921,0.0,0.001059546,0.0010460028,0.0010387963,0.0010501512,0.0010564731,0.0010686552,0.0010711239,0.001059546,0.0010460028,0.0010387967,0.0010501512,0.0010564731,0.0010686555,0.0,0.0,0.0,0.0010300667,0.0010112352,0.0010669739,0.0010897246,0.001071108,0.0010595459,0.0,0.0010300667,0.0010112352,0.0010669739,0.001078693,0.0010711214,0.001059546,0.0010460027,0.0010669739,0.0,0.0010300667,0.0010112353,0.0,0.0010595459,0.0010460027,0.0010387963,0.0010501512,0.0010564731,0.0010686563,0.0,0.0010595459,0.0010460027,0.0010387963,0.0010501512,0.0010564731,0.0010686553,0.0,0.0010595463,0.0010460027,0.0010387963,0.0010501512,0.0010564731,0.0010686576,0.0010711158,0.0010595459,0.0010460027,0.0010387963,0.0010501512,0.0010564731,0.0010686556,0.0,0.0,0.0010460027,0.0010300667,0.0010207612,0.0010316384,0.001106975,0.0,0.0010595459,0.0010460027,0.0010387963,0.0010501512,0.0010564731,0.0010686552,0.0010713546,0.0010595471,0.0010460028,0.0010387964,0.0010501512,0.0010564731,0.0010686581
k__Bacteria|p__Actinobacteria|c__Coriobacteriia|o__Coriobacteriales|f__Coriobacteriaceae|g__GGB9400|s__GGB9400_SGB14745,0.0,0.0010593428,0.001045541,0.0010379589,0.0010486626,0.0010543438,0.0010660812,0.0,0.001059343,0.001045541,0.0010379589,0.0010486626,0.0010543438,0.0010660811,0.0,0.0,0.0010455473,0.0010293372,0.0010196383,0.0010298475,0.0011059963,0.0010711742,0.0,0.001045541,0.0010293329,0.0010196381,0.0010298475,0.0011059969,0.0,0.0,0.001045541,0.0010293329,0.0010196381,0.0010298475,0.0011059969,0.0010711497,0.001059343,0.001045541,0.0010379589,0.0010486626,0.0010543438,0.001066081,0.0,0.001059343,0.0010455408,0.0010379589,0.0010486626,0.0010543438,0.0010660815,0.00107115,0.001059343,0.001045541,0.0010379589,0.0010486626,0.0010543438,0.0010660811,0.0,0.001059343,0.001045541,0.0010379589,0.0010486626,0.0010543438,0.0010660812,0.0,0.001059343,0.001045541,0.0010379589,0.0010486626,0.0010543438,0.0010660811,0.0,0.001059343,0.0,0.0010293329,0.0010102172,0.0010666692,0.0010777713,0.0,0.001059343,0.001045541,0.0010379588,0.0010486626,0.0010543438,0.0010660806,0.0,0.0,0.0,0.0010293329,0.0010102172,0.0010666692,0.0010890649,0.0010711566,0.001059343,0.0,0.0010293329,0.0010102172,0.0010666692,0.0010777691,0.0010711853,0.0,0.0,0.0010293328,0.0010102172,0.0010666692,0.0010890656,0.0010711668,0.0,0.001045541,0.0,0.001059343,0.001045541,0.0010666691,0.0010711509,0.0,0.0,0.0010293329,0.0010102172,0.0010666692,0.0010890667,0.0,0.0010593432,0.0,0.0010293329,0.0010102172,0.0010666692,0.0010777718,0.0,0.0,0.0010455409,0.0010593432,0.0,0.0010293329,0.001059343,0.0010711603,0.001059343,0.0,0.0010293329,0.0010102172,0.0010666692,0.0010777719,0.0,0.0,0.0010455409,0.0010293329,0.0010196381,0.0010298475,0.0011059968,0.0,0.0,0.001045541,0.0,0.001059343,0.001045541,0.0010666691,0.0,0.0010593426,0.0,0.0010593431,0.0,0.001059343,0.0010455408,0.0,0.0,0.0010455457,0.0010293336,0.0010196383,0.0010298475,0.0011059958,0.0,0.0010593564,0.0010593444,0.0010534724,0.0010644523,0.0,0.0009875929,0.0,0.001059343,0.0010455408,0.0,0.0010593432,0.0010455408,0.0010379595,0.0010711545,0.001059343,0.001045541,0.0,0.001059343,0.001045541,0.0010379587,0.0,0.001059343,0.0010455411,0.0010379588,0.0010486626,0.0010543438,0.0010660811,0.0010711502,0.001059343,0.001045541,0.0010379589,0.0010486626,0.0010543438,0.0010660811,0.0010711636,0.0,0.0,0.0010293329,0.0010102172,0.0010666692,0.0010890667,0.0010711523,0.0,0.001045541,0.0010293329,0.0010196381,0.0010298475,0.0011059967,0.0,0.0010593431,0.0,0.0010293329,0.0010102172,0.0010666692,0.0010777718,0.00107116,0.0,0.001045541,0.0010293329,0.0010196381,0.0010298475,0.0011059935,0.0,0.001059343,0.001045541,0.0010379589,0.0010486626,0.0010543438,0.0010660803,0.0010711509,0.001059343,0.001045541,0.0010379589,0.0010486626,0.0010543438,0.001066081,0.0,0.001059343,0.0010455408,0.0010379588,0.0010486626,0.0010543438,0.0010660809,0.0,0.0,0.001045541,0.0010293329,0.0010196381,0.0010298475,0.0011059969,0.0010711518,0.001059343,0.0,0.0,0.0010593431,0.001059343,0.001053472,0.0010711737,0.0,0.0010455408,0.0,0.0010593431,0.001045541,0.0010666702,0.0010712147,0.0,0.0010593431,0.0010455408,0.0010379588,0.0,0.0010593428,0.0,0.0010593429,0.0,0.0010293329,0.0010102172,0.0010666692,0.0010777735,0.0010711536,0.0,0.001045541,0.0010293329,0.0010196383,0.0010298475,0.0011059679,0.0010711557,0.0,0.0,0.0010293329,0.0010102172,0.0010666692,0.001089067,0.0,0.0010593431,0.0010455411,0.0010379589,0.0010486626,0.0010543438,0.0010660811,0.0010711879,0.001059343,0.001045541,0.0,0.0010593429,0.001045541,0.0010379591,0.0010711508,0.0,0.0010455408,0.0010293329,0.0010196381,0.0010298475,0.0011059952,0.0010711511,0.0,0.0010455411,0.0010293329,0.0010196383,0.0010298477,0.0011059955,0.0,0.001059343,0.0010593431,0.0010534725,0.0010644522,0.0,0.0009876024,0.0010711682,0.0,0.0010455408,0.0010293329,0.0010196381,0.0010298475,0.0011059969,0.0010711519,0.0,0.0,0.0010293329,0.0010102172,0.0010666692,0.0010890657,0.0010711919,0.001059343,0.0,0.001029333,0.0010102175,0.0010666692,0.0010777693,0.0,0.001059343,0.001045541,0.0010379588,0.0010486626,0.0010543438,0.001066081,0.0,0.0010593432,0.0,0.0010293329,0.0010102172,0.0010666692,0.0010777718,0.0,0.0010593431,0.0010455411,0.0010379588,0.0010486626,0.0010543438,0.0010660812,0.001071154,0.001059343,0.0010455408,0.0010379589,0.0010486626,0.0010543438,0.0010660811,0.0,0.0,0.0,0.0010293329,0.0010102172,0.0010666692,0.0010890668,0.0010711497,0.001059343,0.0,0.0010293329,0.0010102172,0.0010666692,0.0010777713,0.0010711539,0.001059343,0.001045541,0.0010666692,0.0,0.0010293329,0.0010102174,0.0,0.001059343,0.001045541,0.0010379588,0.0010486626,0.0010543438,0.0010660808,0.0,0.001059343,0.001045541,0.0010379588,0.0010486626,0.0010543438,0.001066081,0.0,0.0010593429,0.001045541,0.0010379588,0.0010486626,0.0010543438,0.0010660801,0.001071154,0.001059343,0.001045541,0.0010379588,0.0010486626,0.0010543438,0.0010660811,0.0,0.0,0.001045541,0.0010293329,0.0010196381,0.0010298475,0.0011059967,0.0,0.001059343,0.001045541,0.0010379589,0.0010486626,0.0010543438,0.0010660811,0.0010712772,0.0010593431,0.0010455408,0.0010379588,0.0010486626,0.0010543438,0.0010660796
k__Bacteria|p__Actinobacteria|c__Coriobacteriia|o__Eggerthellales|f__Eggerthellaceae|g__Slackia|s__Slackia_exigua,0.0,0.0010601466,0.0010464719,0.0010390601,0.0010500351,0.0010559872,0.0010679029,0.0,0.0010601466,0.0010464719,0.0010390601,0.0010500351,0.0010559872,0.0010679025,0.0,0.0,0.0010464867,0.0010304074,0.0010208793,0.0010313692,0.0011070598,0.0010718773,0.0,0.0010464719,0.001030397,0.0010208784,0.0010313692,0.0011070585,0.0,0.0,0.0010464719,0.001030397,0.0010208784,0.0010313692,0.0011070585,0.0010718321,0.0010601466,0.0010464719,0.0010390601,0.0010500351,0.0010559872,0.0010679024,0.0,0.0010601474,0.0010464722,0.0010390601,0.0010500351,0.0010559872,0.0010679042,0.0010718323,0.0010601466,0.0010464719,0.0010390601,0.0010500351,0.0010559872,0.0010679025,0.0,0.0010601467,0.0010464732,0.0010390602,0.0010500351,0.0010559872,0.0010679034,0.0,0.0010601466,0.0010464719,0.0010390601,0.0010500351,0.0010559872,0.0010679024,0.0,0.0010601466,0.0,0.001030397,0.001011419,0.0010675074,0.0010788643,0.0,0.0010601464,0.0010464719,0.0010390601,0.0010500351,0.0010559872,0.0010679036,0.0,0.0,0.0,0.001030397,0.001011419,0.0010675074,0.0010900262,0.0010718438,0.0010601466,0.0,0.001030397,0.001011419,0.0010675074,0.0010788719,0.0010719092,0.0,0.0,0.0010303971,0.001011419,0.0010675074,0.0010900259,0.0010718614,0.0,0.0010464719,0.0,0.0010601464,0.0010464719,0.0010675077,0.0010718353,0.0,0.0,0.001030397,0.001011419,0.0010675074,0.0010900238,0.0,0.0010601477,0.0,0.001030397,0.001011419,0.0010675074,0.0010788616,0.0,0.0,0.0010464741,0.0010601472,0.0,0.001030397,0.0010601471,0.0010718569,0.0010601467,0.0,0.001030397,0.001011419,0.0010675074,0.0010788608,0.0,0.0,0.001046472,0.001030397,0.0010208784,0.0010313692,0.0011070591,0.0,0.0,0.0010464719,0.0,0.0010601466,0.0010464719,0.0010675078,0.0,0.001060151,0.0,0.0010601467,0.0,0.0010601466,0.0010464722,0.0,0.0,0.0010464847,0.001030399,0.0010208786,0.0010313692,0.0011070595,0.0,0.001060171,0.0010601499,0.0010544399,0.0010656803,0.0,0.0009889523,0.0,0.0010601487,0.0010464732,0.0,0.0010601468,0.001046472,0.0010390647,0.0010718404,0.0010601466,0.0010464719,0.0,0.0010601466,0.0010464719,0.001039062,0.0,0.0010601468,0.001046472,0.0010390601,0.0010500351,0.0010559872,0.0010679025,0.0010718323,0.0010601466,0.0010464719,0.0010390601,0.0010500351,0.0010559872,0.0010679024,0.001071865,0.0,0.0,0.001030397,0.001011419,0.0010675074,0.0010900234,0.0010718348,0.0,0.0010464719,0.001030397,0.0010208784,0.0010313692,0.0011070592,0.0,0.0010601467,0.0,0.001030397,0.001011419,0.0010675074,0.0010788608,0.0010718524,0.0,0.0010464719,0.001030397,0.0010208784,0.0010313692,0.001107071,0.0,0.0010601464,0.0010464719,0.0010390601,0.0010500351,0.0010559872,0.0010679056,0.0010718332,0.0010601466,0.0010464719,0.0010390601,0.0010500351,0.0010559872,0.0010679024,0.0,0.0010601472,0.001046472,0.0010390601,0.0010500351,0.0010559872,0.0010679025,0.0,0.0,0.0010464721,0.001030397,0.0010208784,0.0010313692,0.001107059,0.0010718353,0.0010601466,0.0,0.0,0.0010601466,0.0010601466,0.0010544406,0.0010718815,0.0,0.0010464726,0.0,0.0010601467,0.0010464721,0.0010675148,0.0010719626,0.0,0.0010601467,0.0010464722,0.0010390601,0.0,0.0010601478,0.0,0.0010601465,0.0,0.001030397,0.001011419,0.0010675074,0.001078872,0.0010718396,0.005962871,0.0010464719,0.001030397,0.0010208786,0.0010313696,0.0011071418,0.0010718543,0.0,0.0,0.001030397,0.001011419,0.0010675074,0.0010900234,0.0,0.0010601467,0.001046472,0.0010390601,0.0010500351,0.0010559872,0.0010679025,0.0010718642,0.0010601467,0.001046472,0.0,0.0010601466,0.0010464719,0.0010390616,0.0010718342,0.0,0.0010464722,0.0010303975,0.0010208784,0.0010313692,0.0011070626,0.001071837,0.0,0.0010464722,0.001030397,0.0010208786,0.0010313691,0.001107062,0.0,0.0010601467,0.0010601468,0.0010544395,0.0010656805,0.0,0.0009890071,0.0010718678,0.0,0.001046472,0.001030397,0.0010208784,0.0010313692,0.0011070585,0.0010718385,0.0,0.0,0.001030397,0.001011419,0.0010675074,0.001090026,0.001071906,0.001060147,0.0,0.0010303976,0.0010114191,0.0010675075,0.0010788727,0.0,0.0010601467,0.001046472,0.0010390601,0.0010500351,0.0010559872,0.0010679024,0.0,0.0010601481,0.0,0.001030397,0.001011419,0.0010675074,0.0010788608,0.0,0.0010601467,0.0010464722,0.0010390601,0.0010500351,0.0010559872,0.0010679025,0.0010718497,0.0010601466,0.0010464722,0.0010390603,0.0010500351,0.0010559872,0.0010679032,0.0,0.0,0.0,0.001030397,0.001011419,0.0010675074,0.0010900245,0.0010718318,0.0010601466,0.0,0.001030397,0.001011419,0.0010675074,0.0010788626,0.001071849,0.0010601467,0.0010464719,0.0010675074,0.0,0.001030397,0.0010114191,0.0,0.0010601466,0.0010464719,0.0010390601,0.0010500351,0.0010559872,0.0010679045,0.0,0.0010601464,0.0010464719,0.0010390601,0.0010500351,0.0010559872,0.0010679028,0.0,0.0010601468,0.0010464722,0.0010390601,0.0010500351,0.0010559872,0.0010679062,0.0010718388,0.0010601466,0.0010464719,0.0010390601,0.0010500351,0.0010559872,0.0010679034,0.0,0.0,0.0010464719,0.001030397,0.0010208784,0.0010313692,0.0011070592,0.0,0.0010601466,0.0010464719,0.0010390601,0.0010500351,0.0010559872,0.0010679024,0.001072117,0.0010601482,0.0010464722,0.0010390601,0.0010500351,0.0010559872,0.0010679074
k__Bacteria|p__Actinobacteria|c__Actinomycetia|o__Propionibacteriales|f__Propionibacteriaceae|g__Propionibacterium|s__Propionibacterium_freudenreichii,0.0,0.0010602936,0.0010464905,0.001038887,0.0010495217,0.0010551409,0.0010668213,0.0,0.0010602935,0.0010464905,0.001038887,0.0010495217,0.0010551409,0.0010668213,0.0,0.0,0.0010465024,0.0010302889,0.0010205638,0.0010307059,0.0011067792,0.0010721154,0.0,0.0010464905,0.0010302801,0.0010205634,0.0010307059,0.0011067777,0.0,0.0,0.0010464905,0.0010302801,0.0010205634,0.0010307059,0.0011067776,0.0010721004,0.0010602934,0.0010464905,0.001038887,0.0010495217,0.0010551409,0.0010668209,0.0,0.0010602941,0.0010464909,0.001038887,0.0010495217,0.0010551409,0.0010668227,0.0010721002,0.0010602934,0.0010464905,0.001038887,0.0010495217,0.0010551409,0.0010668213,0.0,0.0010602939,0.0010464916,0.0010388871,0.0010495217,0.0010551409,0.0010668219,0.0,0.0010602935,0.0010464905,0.001038887,0.0010495217,0.0010551409,0.0010668213,0.0,0.0010602935,0.0,0.0010302801,0.0010111604,0.0010675986,0.0010786313,0.0,0.0010602934,0.0010464905,0.001038887,0.0010495217,0.0010551409,0.0010668226,0.0,0.0,0.0,0.0010302801,0.0010111604,0.0010675989,0.0010899231,0.0010721037,0.0010602935,0.0,0.0010302801,0.0010111604,0.0010675989,0.0010786402,0.001072134,0.0,0.0,0.0010302803,0.0010111604,0.0010675989,0.001089923,0.0010721091,0.0,0.0010464905,0.0,0.0010602934,0.0010464905,0.0010675992,0.0010721013,0.0,0.0,0.0010302801,0.0010111604,0.0010675989,0.0010899202,0.0,0.0010602947,0.0,0.0010302801,0.0010111604,0.0010675989,0.0010786288,0.0,0.0,0.0010464923,0.0010602939,0.0,0.0010302801,0.0010602939,0.0010721105,0.0010602936,0.0,0.00103028,0.0010111604,0.0010675989,0.0010786284,0.0,0.0,0.0010464909,0.0010302801,0.0010205634,0.0010307059,0.0011067784,0.0,0.0,0.0010464905,0.0,0.0010602934,0.0010464905,0.001067599,0.0,0.0010602981,0.0,0.0010602936,0.0,0.0010602934,0.0010464906,0.0,0.0,0.0010465004,0.0010302817,0.0010205633,0.0010307059,0.0011067791,0.0,0.0010603176,0.0010602965,0.0010544022,0.0010653108,0.0,0.0009885473,0.0,0.001060296,0.0010464917,0.0,0.001060294,0.0010464907,0.0010388913,0.0010721027,0.0010602934,0.0010464905,0.0,0.0010602934,0.0010464905,0.0010388888,0.0,0.0010602936,0.0010464906,0.001038887,0.0010495217,0.0010551409,0.0010668213,0.0010721001,0.0010602934,0.0010464905,0.001038887,0.0010495217,0.0010551409,0.0010668213,0.0010721118,0.0,0.0,0.0010302801,0.0010111604,0.0010675989,0.0010899202,0.0010720997,0.0,0.0010464905,0.0010302801,0.0010205634,0.0010307059,0.0011067784,0.0,0.0010602936,0.0,0.0010302801,0.0010111604,0.0010675989,0.001078628,0.0010721112,0.0,0.0010464905,0.0010302801,0.0010205634,0.0010307059,0.0011067912,0.0,0.0010602934,0.0010464905,0.001038887,0.0010495217,0.0010551409,0.0010668242,0.0010720999,0.0010602934,0.0010464905,0.001038887,0.0010495217,0.0010551409,0.0010668209,0.0,0.0010602941,0.0010464907,0.0010388872,0.0010495217,0.0010551409,0.0010668215,0.0,0.0,0.0010464905,0.0010302801,0.0010205634,0.0010307059,0.001106778,0.0010721008,0.0010602934,0.0,0.0,0.0010602936,0.0010602935,0.001054403,0.0010721205,0.0,0.0010464911,0.0,0.0010602936,0.0010464905,0.0010676055,0.001072163,0.0,0.001060294,0.0010464907,0.001038887,0.0,0.0010602949,0.0,0.0010602934,0.0,0.0010302801,0.0010111604,0.0010675988,0.0010786393,0.0010721029,0.0,0.0010464905,0.0010302801,0.0010205633,0.0010307065,0.0011068714,0.001072113,0.0,0.0,0.0010302801,0.0010111604,0.0010675989,0.0010899199,0.0,0.0010602936,0.0010464906,0.001038887,0.0010495217,0.0010551409,0.0010668213,0.0010720922,0.0010602936,0.0010464907,0.0,0.0010602935,0.0010464905,0.0010388881,0.0010721004,0.0,0.0010464907,0.0010302805,0.0010205634,0.0010307059,0.0011067821,0.0010721023,0.0,0.0010464906,0.0010302801,0.0010205633,0.0010307059,0.0011067814,0.0,0.0010602936,0.0010602939,0.001054402,0.0010653109,0.0,0.0009886018,0.001072109,0.0,0.0010464907,0.0010302801,0.0010205634,0.0010307059,0.0011067776,0.0010721033,0.0,0.0,0.0010302801,0.0010111604,0.0010675989,0.0010899227,0.0010721233,0.0010602942,0.0,0.001030281,0.0010111606,0.0010675989,0.0010786403,0.0,0.0010602936,0.0010464907,0.001038887,0.0010495217,0.0010551409,0.0010668212,0.0,0.0010602949,0.0,0.0010302801,0.0010111604,0.0010675989,0.001078628,0.0,0.0010602938,0.0010464909,0.0010388872,0.0010495217,0.0010551409,0.0010668213,0.0010721107,0.0010602939,0.0010464907,0.0010388873,0.0010495217,0.0010551409,0.0010668219,0.0,0.0,0.0,0.0010302801,0.0010111604,0.0010675989,0.0010899211,0.0010721002,0.0010602934,0.0,0.0010302801,0.0010111604,0.0010675989,0.0010786297,0.0010721093,0.0010602936,0.0010464905,0.0010675989,0.0,0.0010302801,0.0010111606,0.0,0.0010602934,0.0010464905,0.0010388872,0.0010495217,0.0010551409,0.0010668233,0.0,0.0010602934,0.0010464905,0.001038887,0.0010495217,0.0010551409,0.0010668216,0.0,0.0010602938,0.0010464907,0.001038887,0.0010495217,0.0010551409,0.0010668254,0.0010721011,0.0010602934,0.0010464905,0.001038887,0.0010495217,0.0010551409,0.0010668221,0.0,0.0,0.0010464905,0.0010302801,0.0010205634,0.0010307059,0.0011067786,0.0,0.0010602934,0.0010464905,0.001038887,0.0010495217,0.0010551409,0.0010668213,0.0010722752,0.001060295,0.0010464907,0.0010388872,0.0010495217,0.0010551409,0.0010668263
k__Bacteria|p__Actinobacteria|c__Coriobacteriia|o__Coriobacteriales|f__Coriobacteriaceae|g__Collinsella|s__Collinsella_SGB4668,0.0,0.001058879,0.0010450971,0.0010375542,0.0010483421,0.0010541034,0.0010659031,0.0,0.001058879,0.0010450971,0.0010375542,0.0010483421,0.0010541034,0.0010659031,0.0,0.0,0.0010450995,0.0010289124,0.0010192572,0.0010295506,0.001105677,0.001070663,0.0,0.0010450968,0.0010289109,0.0010192568,0.0010295506,0.0011056773,0.0,0.0,0.0010450971,0.0010289109,0.0010192568,0.0010295506,0.0011056773,0.0010706673,0.001058879,0.0010450971,0.0010375542,0.0010483421,0.0010541034,0.0010659032,0.0,0.0010588793,0.0010450971,0.0010375542,0.0010483421,0.0010541034,0.0010659028,0.0010706674,0.001058879,0.0010450971,0.0010375542,0.0010483421,0.0010541034,0.0010659031,0.0,0.001058879,0.0010450969,0.0010375543,0.0010483421,0.0010541034,0.0010659031,0.0,0.001058879,0.0010450971,0.0010375542,0.0010483421,0.0010541034,0.0010659032,0.0,0.001058879,0.0,0.0010289109,0.0010098194,0.0010662237,0.0010774096,0.0,0.001058879,0.0010450971,0.0010375542,0.0010483421,0.0010541034,0.0010659029,0.0,0.0,0.0,0.0010289109,0.0010098194,0.0010662237,0.0010886864,0.0010706672,0.001058879,0.0,0.0010289109,0.0010098194,0.0010662237,0.0010774093,0.0010706737,0.0,0.0,0.001028911,0.0010098194,0.0010662237,0.0010886865,0.0010706661,0.0,0.0010450971,0.0,0.001058879,0.0010450971,0.0010662235,0.0010706675,0.0,0.0,0.0010289109,0.0010098194,0.0010662237,0.0010886864,0.0,0.0010588793,0.0,0.0010289109,0.0010098194,0.0010662237,0.0010774096,0.0,0.0,0.0010450972,0.0010588797,0.0,0.0010289109,0.001058879,0.0010706696,0.001058879,0.0,0.0010289109,0.0010098194,0.0010662237,0.0010774097,0.0,0.0,0.001045097,0.0010289109,0.0010192568,0.0010295506,0.0011056771,0.0,0.0,0.0010450971,0.0,0.001058879,0.0010450971,0.0010662235,0.0,0.0010588788,0.0,0.0010588791,0.0,0.001058879,0.0010450969,0.0,0.0,0.0010451026,0.001028911,0.0010192569,0.0010295506,0.0011056769,0.0,0.0010588857,0.0010588788,0.0010530464,0.0010641103,0.0,0.0009872218,0.0,0.0010588794,0.0010450971,0.0,0.001058879,0.0010450972,0.0010375543,0.0010706662,0.001058879,0.0010450971,0.0,0.001058879,0.0010450971,0.0010375541,0.0,0.0010588792,0.0010450969,0.0010375542,0.0010483421,0.0010541034,0.0010659032,0.0010706674,0.001058879,0.0010450971,0.0010375542,0.0010483421,0.0010541034,0.0010659032,0.0010706714,0.0,0.0,0.0010289109,0.0010098194,0.0010662237,0.0010886864,0.0010706679,0.0,0.0010450971,0.0010289109,0.0010192568,0.0010295506,0.0011056771,0.0,0.0010588791,0.0,0.0010289109,0.0010098194,0.0010662237,0.0010774097,0.0010706665,0.0,0.0010450968,0.0010289109,0.0010192568,0.0010295506,0.0011056756,0.0,0.001058879,0.0010450971,0.0010375542,0.0010483421,0.0010541034,0.0010659031,0.0010706672,0.001058879,0.0010450971,0.0010375542,0.0010483421,0.0010541034,0.0010659032,0.0,0.0010588792,0.001045097,0.0010375542,0.0010483421,0.0010541034,0.001065903,0.0,0.0,0.0010450968,0.0010289109,0.0010192568,0.0010295506,0.0011056775,0.0010706668,0.001058879,0.0,0.0,0.0010588791,0.001058879,0.0010530468,0.001070663,0.0,0.0010450971,0.0,0.0010588791,0.0010450971,0.0010662229,0.0010706701,0.0,0.0010588792,0.001045097,0.0010375542,0.0,0.001058879,0.0,0.0010588788,0.0,0.0010289109,0.0010098194,0.0010662237,0.0010774095,0.0010706673,0.0,0.0010450968,0.0010289109,0.0010192569,0.0010295508,0.0011056719,0.0010706665,0.0,0.0,0.0010289109,0.0010098194,0.0010662237,0.0010886863,0.0,0.0010588791,0.0010450969,0.0010375542,0.0010483421,0.0010541034,0.0010659031,0.0010706546,0.0010588792,0.0010450972,0.0,0.0010588791,0.0010450968,0.0010375543,0.0010706675,0.0,0.0010450972,0.0010289111,0.0010192568,0.0010295506,0.0011056768,0.0010706668,0.0,0.0010450969,0.0010289109,0.0010192569,0.0010295506,0.0011056769,0.0,0.0010588792,0.0010588792,0.0010530464,0.0010641102,0.0,0.0009872398,0.0010706714,0.0,0.0010450972,0.0010289109,0.0010192568,0.0010295506,0.0011056773,0.0010706668,0.0,0.0,0.0010289109,0.0010098194,0.0010662237,0.0010886866,0.00107067,0.0010588792,0.0,0.0010289112,0.0010098196,0.0010662234,0.0010774104,0.0,0.0010588792,0.001045097,0.0010375542,0.0010483421,0.0010541034,0.0010659032,0.0,0.0010588788,0.0,0.0010289109,0.0010098194,0.0010662237,0.0010774097,0.0,0.0010588791,0.001045097,0.0010375542,0.0010483421,0.0010541034,0.0010659032,0.0010706665,0.001058879,0.001045097,0.0010375542,0.0010483421,0.0010541034,0.001065903,0.0,0.0,0.0,0.0010289109,0.0010098194,0.0010662237,0.0010886864,0.0010706674,0.001058879,0.0,0.0010289109,0.0010098194,0.0010662237,0.0010774096,0.0010706668,0.0010588792,0.0010450968,0.0010662237,0.0,0.0010289109,0.0010098196,0.0,0.001058879,0.0010450968,0.0010375542,0.0010483421,0.0010541034,0.0010659029,0.0,0.001058879,0.0010450968,0.0010375542,0.0010483421,0.0010541034,0.0010659031,0.0,0.0010588792,0.0010450972,0.0010375542,0.0010483421,0.0010541034,0.001065903,0.001070668,0.001058879,0.0010450968,0.0010375542,0.0010483421,0.0010541034,0.0010659032,0.0,0.0,0.0010450971,0.0010289109,0.0010192568,0.0010295506,0.0011056773,0.0,0.001058879,0.0010450971,0.0010375542,0.0010483421,0.0010541034,0.0010659032,0.0010706483,0.0010588791,0.001045097,0.0010375543,0.0010483421,0.0010541034,0.0010659028
k__Bacteria|p__Actinobacteria|c__Actinomycetia|o__Bifidobacteriales|f__Bifidobacteriaceae|g__Bifidobacterium|s__Bifidobacterium_pseudolongum,0.0,0.0010619143,0.0010483766,0.0010411281,0.0010523297,0.0010585155,0.0010705681,0.0,0.0010619145,0.0010483766,0.0010411281,0.0010523297,0.0010585155,0.001070568,0.0,0.0,0.0010483927,0.0010324547,0.0010230939,0.0010338236,0.0011089427,0.0010735028,0.0,0.0010483766,0.0010324428,0.0010230934,0.0010338236,0.0011089426,0.0,0.0,0.0010483766,0.0010324428,0.0010230934,0.0010338236,0.0011089426,0.0010734686,0.0010619144,0.0010483766,0.0010411281,0.0010523297,0.0010585155,0.001070568,0.0,0.001061915,0.0010483767,0.0010411281,0.0010523297,0.0010585155,0.0010705685,0.0010734687,0.0010619144,0.0010483766,0.0010411281,0.0010523297,0.0010585155,0.0010705681,0.0,0.0010619145,0.0010483769,0.0010411282,0.0010523297,0.0010585155,0.0010705688,0.0,0.0010619145,0.0010483766,0.0010411281,0.0010523297,0.0010585155,0.001070568,0.0,0.0010619145,0.0,0.0010324428,0.0010136085,0.0010692925,0.0010808477,0.0,0.0010619144,0.0010483766,0.001041128,0.0010523297,0.0010585155,0.0010705682,0.0,0.0,0.0,0.0010324428,0.0010136085,0.0010692925,0.0010918644,0.0010734764,0.0010619145,0.0,0.0010324428,0.0010136085,0.0010692925,0.0010808503,0.0010735262,0.0,0.0,0.0010324429,0.0010136085,0.0010692925,0.001091864,0.0010734914,0.0,0.0010483766,0.0,0.0010619144,0.0010483766,0.0010692925,0.0010734713,0.0,0.0,0.0010324428,0.0010136085,0.0010692925,0.0010918635,0.0,0.0010619154,0.0,0.0010324428,0.0010136085,0.0010692925,0.0010808465,0.0,0.0,0.0010483778,0.0010619153,0.0,0.0010324428,0.0010619145,0.0010734948,0.0010619145,0.0,0.0010324428,0.0010136085,0.0010692925,0.0010808463,0.0,0.0,0.0010483767,0.0010324428,0.0010230934,0.0010338236,0.0011089427,0.0,0.0,0.0010483766,0.0,0.0010619144,0.0010483766,0.0010692927,0.0,0.0010619182,0.0,0.0010619145,0.0,0.0010619144,0.0010483767,0.0,0.0,0.001048394,0.0010324456,0.0010230935,0.0010338236,0.0011089428,0.0,0.0010619505,0.0010619183,0.0010563639,0.001067818,0.0,0.0009912752,0.0,0.0010619164,0.0010483776,0.0,0.0010619146,0.0010483767,0.00104113,0.0010734756,0.0010619144,0.0010483766,0.0,0.0010619144,0.0010483766,0.0010411286,0.0,0.0010619145,0.0010483767,0.001041128,0.0010523297,0.0010585155,0.001070568,0.0010734687,0.0010619144,0.0010483766,0.0010411281,0.0010523297,0.0010585155,0.001070568,0.0010734942,0.0,0.0,0.0010324428,0.0010136085,0.0010692925,0.0010918634,0.0010734727,0.0,0.0010483766,0.0010324428,0.0010230934,0.0010338236,0.0011089424,0.0,0.0010619145,0.0,0.0010324428,0.0010136085,0.0010692925,0.0010808463,0.0010734824,0.0,0.0010483766,0.0010324428,0.0010230934,0.0010338236,0.0011089455,0.0,0.0010619144,0.0010483766,0.0010411281,0.0010523297,0.0010585155,0.001070569,0.0010734696,0.0010619144,0.0010483766,0.0010411281,0.0010523297,0.0010585155,0.001070568,0.0,0.001061915,0.0010483767,0.001041128,0.0010523297,0.0010585155,0.0010705681,0.0,0.0,0.0010483766,0.0010324428,0.0010230934,0.0010338236,0.0011089427,0.0010734712,0.0010619144,0.0,0.0,0.0010619145,0.0010619145,0.001056364,0.0010735065,0.0,0.0010483769,0.0,0.0010619145,0.0010483766,0.0010692952,0.0010735646,0.0,0.0010619145,0.0010483767,0.001041128,0.0,0.0010619148,0.0,0.0010619143,0.0,0.0010324428,0.0010136085,0.0010692925,0.0010808489,0.0010734746,0.0,0.0010483766,0.0010324428,0.0010230935,0.0010338238,0.0011089646,0.0010734859,0.0,0.0,0.0010324428,0.0010136085,0.0010692925,0.0010918634,0.0,0.0010619145,0.0010483767,0.0010411281,0.0010523297,0.0010585155,0.001070568,0.0010734949,0.0010619144,0.0010483767,0.0,0.0010619144,0.0010483766,0.0010411289,0.0010734702,0.0,0.0010483767,0.0010324428,0.0010230934,0.0010338236,0.0011089435,0.0010734722,0.045441747,0.0010483767,0.0010324428,0.0010230935,0.0010338237,0.0011089431,0.0,0.0010619144,0.0010619146,0.0010563635,0.0010678181,0.0,0.0009913098,0.001073501,0.0,0.0010483767,0.0010324428,0.0010230934,0.0010338236,0.0011089426,0.0010734738,0.0,0.0,0.0010324428,0.0010136085,0.0010692925,0.0010918643,0.0010735246,0.0010619147,0.0,0.0010324434,0.0010136085,0.0010692927,0.001080851,0.0,0.0010619145,0.0010483767,0.001041128,0.0010523297,0.0010585155,0.001070568,0.0,0.0010619155,0.0,0.0010324428,0.0010136085,0.0010692925,0.0010808463,0.0,0.0010619145,0.0010483767,0.001041128,0.0010523297,0.0010585155,0.0010705681,0.0010734794,0.0010619144,0.0010483767,0.0010411281,0.0010523297,0.0010585155,0.0010705681,0.0,0.0,0.0,0.0010324428,0.0010136085,0.0010692925,0.0010918637,0.0010734682,0.0010619144,0.0,0.0010324428,0.0010136085,0.0010692925,0.0010808468,0.001073481,0.0010619145,0.0010483766,0.0010692925,0.0,0.0010324428,0.0010136085,0.0,0.0010619144,0.0010483766,0.001041128,0.0010523297,0.0010585155,0.0010705686,0.0,0.0010619141,0.0010483766,0.001041128,0.0010523297,0.0010585155,0.0010705682,0.0,0.0010619146,0.0010483767,0.001041128,0.0010523297,0.0010585155,0.0010705688,0.0010734756,0.0010619144,0.0010483766,0.001041128,0.0010523297,0.0010585155,0.0010705683,0.0,0.0,0.0010483766,0.0010324428,0.0010230934,0.0010338236,0.0011089428,0.0,0.0010619144,0.0010483766,0.0010411281,0.0010523297,0.0010585155,0.001070568,0.0010736779,0.0010619158,0.0010483767,0.001041128,0.0010523297,0.0010585155,0.0010705694
k__Bacteria|p__Actinobacteria|c__Actinomycetia|o__Actinomycetales|f__Actinomycetaceae|g__Gleimia|s__Gleimia_europaea,0.0,0.001061586,0.0010479024,0.0010404461,0.0010512955,0.0010571331,0.0010689477,0.0,0.0010615862,0.0010479024,0.0010404461,0.0010512955,0.0010571331,0.0010689477,0.0,0.0,0.0010479114,0.0010318204,0.0010222513,0.0010326187,0.0011082155,0.0010733111,0.0,0.0010479024,0.0010318153,0.001022251,0.0010326187,0.0011082151,0.0,0.0,0.0010479024,0.0010318153,0.001022251,0.0010326187,0.0011082152,0.0010732787,0.0010615861,0.0010479024,0.0010404461,0.0010512955,0.0010571331,0.0010689476,0.0,0.0010615862,0.0010479024,0.0010404461,0.0010512955,0.0010571331,0.0010689481,0.0010732788,0.0010615861,0.0010479024,0.0010404461,0.0010512955,0.0010571331,0.0010689478,0.0,0.0010615862,0.001047903,0.0010404462,0.0010512955,0.0010571331,0.0010689481,0.0,0.0010615862,0.0010479024,0.0010404461,0.0010512955,0.0010571331,0.0010689477,0.0,0.0010615862,0.0,0.0010318153,0.0010128214,0.0010689117,0.0010801353,0.0,0.0010615861,0.0010479024,0.0010404461,0.0010512955,0.0010571331,0.0010689478,0.0,0.0,0.0,0.0010318153,0.0010128214,0.0010689117,0.0010913006,0.0010732881,0.0010615862,0.0,0.0010318153,0.0010128214,0.0010689117,0.0010801395,0.0010733446,0.0,0.0,0.0010318154,0.0010128214,0.0010689117,0.0010913007,0.0010733012,0.0,0.0010479024,0.0,0.0010615861,0.0010479024,0.0010689117,0.0010732809,0.0,0.0,0.0010318153,0.0010128214,0.0010689117,0.0010913005,0.0,0.001061587,0.0,0.0010318153,0.0010128214,0.0010689117,0.0010801344,0.0,0.0,0.0010479026,0.0010615869,0.0,0.0010318153,0.0010615862,0.0010732953,0.0010615862,0.0,0.0010318153,0.0010128214,0.0010689117,0.0010801343,0.0,0.0,0.0010479024,0.0010318153,0.001022251,0.0010326187,0.0011082153,0.0,0.0,0.0010479024,0.0,0.0010615861,0.0010479024,0.0010689117,0.0,0.0010615876,0.0,0.0010615863,0.0,0.0010615861,0.0010479024,0.0,0.0,0.0010479115,0.0010318165,0.001022251,0.0010326187,0.0011082152,0.0,0.0010616101,0.0010615885,0.0010558361,0.0010669486,0.0,0.0009903247,0.0,0.001061587,0.0010479027,0.0,0.0010615863,0.0010479024,0.001040448,0.0010732844,0.0010615861,0.0010479024,0.0,0.0010615861,0.0010479024,0.0010404467,0.0,0.0010615862,0.0010479024,0.0010404461,0.0010512955,0.0010571331,0.0010689476,0.0010732788,0.0010615861,0.0010479024,0.0010404461,0.0010512955,0.0010571331,0.0010689477,0.0010732997,0.0,0.0,0.0010318153,0.0010128214,0.0010689117,0.0010913005,0.0010732829,0.0,0.0010479024,0.0010318153,0.001022251,0.0010326187,0.0011082152,0.0,0.0010615863,0.0,0.0010318153,0.0010128214,0.0010689117,0.0010801342,0.0010732954,0.0,0.0010479024,0.0010318153,0.001022251,0.001032619,0.0011082196,0.0,0.0010615861,0.0010479024,0.0010404461,0.0010512955,0.0010571331,0.0010689482,0.0010732799,0.0010615861,0.0010479024,0.0010404461,0.0010512955,0.0010571331,0.0010689476,0.0,0.0010615864,0.0010479024,0.0010404461,0.0010512955,0.0010571331,0.0010689477,0.0,0.0,0.0010479024,0.0010318153,0.001022251,0.0010326187,0.0011082151,0.0010732812,0.0010615861,0.0,0.0,0.0010615863,0.0010615862,0.0010558359,0.0010733114,0.0,0.0010479024,0.0,0.0010615863,0.0010479024,0.0010689142,0.0010733862,0.0,0.0010615861,0.0010479024,0.0010404461,0.0,0.0010615864,0.0,0.0010615861,0.0,0.0010318153,0.0010128214,0.0010689117,0.0010801406,0.0010732835,0.0,0.0010479024,0.0010318153,0.001022251,0.0010326193,0.0011082503,0.0010732899,0.0,0.0,0.0010318153,0.0010128214,0.0010689117,0.0010913005,0.0,0.0010615863,0.0010479024,0.0010404461,0.0010512955,0.0010571331,0.0010689477,0.0010733113,0.0010615862,0.0010479024,0.0,0.001061586,0.0010479024,0.001040447,0.0010732808,0.0,0.0010479024,0.0010318151,0.001022251,0.001032619,0.0011082159,0.0010732817,0.0,0.0010479024,0.0010318153,0.001022251,0.001032619,0.0011082164,0.0,0.0010615862,0.0010615862,0.0010558359,0.0010669486,0.0,0.0009903531,0.0010733054,0.0,0.0010479024,0.0010318153,0.001022251,0.0010326187,0.0011082152,0.0010732829,0.0,0.0,0.0010318153,0.0010128214,0.0010689117,0.0010913012,0.001073343,0.0010615867,0.0,0.001031816,0.0010128216,0.0010689117,0.001080138,0.0,0.0010615861,0.0010479024,0.0010404461,0.0010512955,0.0010571331,0.0010689476,0.0,0.0010615867,0.0,0.0010318153,0.0010128214,0.0010689117,0.0010801342,0.0,0.0010615861,0.0010479024,0.0010404461,0.0010512955,0.0010571331,0.0010689478,0.0010732899,0.001061586,0.0010479024,0.0010404462,0.0010512955,0.0010571331,0.0010689478,0.0,0.0,0.0,0.0010318153,0.0010128214,0.0010689117,0.0010913007,0.0010732786,0.0010615861,0.0,0.0010318153,0.0010128214,0.0010689117,0.001080135,0.0010732866,0.0010615861,0.0010479024,0.0010689117,0.0,0.0010318153,0.0010128214,0.0,0.0010615861,0.0010479024,0.0010404461,0.0010512955,0.0010571331,0.0010689482,0.0,0.0010615861,0.0010479024,0.0010404461,0.0010512955,0.0010571331,0.0010689478,0.0,0.0010615867,0.0010479024,0.0010404461,0.0010512955,0.0010571331,0.0010689494,0.0010732859,0.0010615861,0.0010479024,0.0010404461,0.0010512955,0.0010571331,0.001068948,0.0,0.0,0.0010479024,0.0010318153,0.001022251,0.0010326187,0.0011082157,0.0,0.0010615861,0.0010479024,0.0010404461,0.0010512955,0.0010571331,0.0010689477,0.0010734771,0.0010615869,0.0010479024,0.0010404461,0.0010512955,0.0010571331,0.0010689497
k__Bacteria|p__Actinobacteria|c__Coriobacteriia|o__Eggerthellales|f__Eggerthellaceae|g__Slackia|s__Slackia_isoflavoniconvertens,0.0,0.0010583643,0.0010447473,0.0010374581,0.0010487062,0.001054917,0.0010670383,0.0,0.0010583642,0.0010447473,0.0010374581,0.0010487062,0.001054917,0.0010670382,0.0,0.0,0.0010447666,0.0010287479,0.0010193452,0.0010301077,0.0011057712,0.0010700417,0.0,0.0010447473,0.0010287358,0.0010193442,0.0010301077,0.00110577,0.0,0.0,0.0010447473,0.0010287358,0.0010193442,0.0010301077,0.0011057701,0.0010699977,0.0010583642,0.0010447473,0.0010374581,0.0010487062,0.001054917,0.0010670382,0.0,0.0010583655,0.0010447477,0.0010374581,0.0010487062,0.001054917,0.0010670389,0.0010699978,0.0010583642,0.0010447473,0.0010374581,0.0010487062,0.001054917,0.0010670383,0.0,0.0010583645,0.0010447485,0.0010374581,0.0010487062,0.0010549171,0.0010670389,0.0,0.0010583642,0.0010447473,0.0010374581,0.0010487062,0.001054917,0.0010670383,0.0,0.0010583642,0.0,0.0010287358,0.0010098277,0.0010657879,0.0010774174,0.0,0.0010583642,0.0010447473,0.0010374581,0.0010487066,0.001054917,0.0010670387,0.0,0.0,0.0,0.0010287358,0.0010098277,0.0010657879,0.0010885296,0.0010700104,0.0010583642,0.0,0.0010287358,0.0010098277,0.0010657879,0.0010774268,0.0010701115,0.0,0.0,0.0010287361,0.0010098277,0.0010657879,0.0010885285,0.0010700331,0.0,0.0010447473,0.0,0.0010583642,0.0010447473,0.0010657882,0.0010700026,0.0,0.0,0.0010287358,0.0010098277,0.0010657879,0.0010885268,0.0,0.0010583665,0.0,0.001028736,0.0010098277,0.0010657879,0.0010774157,0.0,0.0,0.0010447488,0.0010583664,0.0,0.0010287358,0.0010583645,0.0010700312,0.0010583645,0.0,0.0010287357,0.0010098277,0.0010657879,0.001077415,0.0,0.0,0.0010447477,0.0010287358,0.0010193442,0.0010301077,0.0011057708,0.0,0.0,0.0010447473,0.0,0.0010583642,0.0010447473,0.0010657877,0.0,0.001058369,0.0,0.0010583646,0.0,0.0010583642,0.0010447477,0.0,0.0,0.00104477,0.0010287396,0.0010193443,0.0010301077,0.0011057709,0.0,0.0010584195,0.0010583702,0.0010527765,0.0010642904,0.0,0.0009874341,0.0,0.0010583679,0.0010447488,0.0,0.0010583646,0.0010447477,0.0010374616,0.0010700051,0.0010583642,0.0010447473,0.0,0.0010583642,0.0010447473,0.0010374597,0.0,0.0010583645,0.0010447474,0.0010374581,0.0010487062,0.001054917,0.0010670382,0.0010699974,0.0010583642,0.0010447473,0.0010374581,0.0010487062,0.001054917,0.0010670383,0.0010700405,0.0,0.0,0.0010287358,0.0010098277,0.0010657879,0.0010885264,0.0010700077,0.0,0.0010447473,0.0010287358,0.0010193442,0.0010301077,0.0011057705,0.0,0.0010583643,0.0,0.0010287358,0.0010098277,0.0010657879,0.001077415,0.0010700194,0.0,0.0010447473,0.0010287358,0.0010193442,0.0010301077,0.0011057819,0.0,0.0010583642,0.0010447473,0.0010374581,0.0010487062,0.001054917,0.0010670405,0.0010699985,0.0010583642,0.0010447473,0.0010374581,0.0010487062,0.001054917,0.0010670382,0.0,0.001058365,0.0010447477,0.0010374581,0.0010487062,0.001054917,0.0010670385,0.0,0.0,0.0010447473,0.0010287358,0.0010193442,0.0010301077,0.0011057701,0.0010700002,0.0010583642,0.0,0.0,0.0010583643,0.0010583642,0.0010527764,0.0010700433,0.0,0.0010447478,0.0,0.0010583643,0.0010447473,0.0010657923,0.0010701653,0.0,0.0010583646,0.0010447477,0.0010374581,0.0,0.0010583653,0.0,0.0010583644,0.0,0.0010287358,0.0010098277,0.0010657879,0.001077422,0.0010700055,0.0,0.0010447473,0.0010287358,0.0010193443,0.0010301084,0.0011058608,0.0010700189,0.0,0.0,0.0010287358,0.0010098277,0.0010657879,0.0010885264,0.0,0.0010583646,0.0010447474,0.0010374581,0.0010487062,0.001054917,0.0010670382,0.0010699993,0.0010583645,0.0010447473,0.0,0.0010583643,0.0010447473,0.0010374595,0.0010700019,0.0,0.0010447477,0.0010287361,0.0010193442,0.0010301077,0.0011057728,0.0010700028,0.0,0.0010447474,0.001028736,0.0010193443,0.0010301077,0.0011057731,0.0,0.0010583645,0.0010583646,0.0010527759,0.0010642905,0.0,0.000987478,0.0010700515,0.0,0.0010447473,0.0010287358,0.0010193442,0.0010301077,0.0011057701,0.0010700043,0.0,0.0,0.0010287358,0.0010098277,0.0010657879,0.0010885284,0.0010700944,0.0010583658,0.0,0.0010287373,0.0010098283,0.0010657879,0.0010774255,0.0,0.0010583643,0.0010447473,0.0010374581,0.0010487062,0.001054917,0.0010670382,0.0,0.0010583658,0.0,0.0010287358,0.0010098277,0.0010657879,0.001077415,0.0,0.0010583643,0.0010447477,0.0010374581,0.0010487062,0.001054917,0.0010670383,0.0010700199,0.0010583645,0.0010447477,0.0010374583,0.0010487066,0.001054917,0.0010670386,0.0,0.0,0.0,0.0010287358,0.0010098277,0.0010657879,0.0010885269,0.0010699973,0.0010583642,0.0,0.0010287358,0.0010098277,0.0010657879,0.0010774164,0.0010700137,0.0010583644,0.0010447473,0.0010657879,0.0,0.0010287358,0.0010098277,0.0,0.0010583642,0.0010447473,0.0010374581,0.0010487062,0.001054917,0.0010670391,0.0,0.0010583642,0.0010447473,0.0010374581,0.0010487062,0.001054917,0.0010670386,0.0,0.0010583655,0.0010447473,0.0010374581,0.0010487066,0.0010549171,0.0010670406,0.0010700127,0.0010583642,0.0010447473,0.0010374581,0.0010487062,0.001054917,0.001067039,0.0,0.0,0.0010447473,0.0010287358,0.0010193442,0.0010301077,0.0011057706,0.0,0.0010583642,0.0010447473,0.0010374581,0.0010487062,0.001054917,0.0010670383,0.0010702236,0.0010583666,0.0010447477,0.001037458,0.0010487066,0.0010549171,0.0010670414
k__Bacteria|p__Actinobacteria|c__Actinomycetia|o__Bifidobacteriales|f__Bifidobacteriaceae|g__Bifidobacterium|s__Bifidobacterium_tsurumiense,0.0,0.0010607988,0.0010472462,0.0010399992,0.0010512408,0.001057459,0.0010695509,0.0,0.0010607991,0.0010472462,0.0010399992,0.0010512408,0.001057459,0.0010695509,0.0,0.0,0.0010472555,0.0010313042,0.0010219511,0.001032717,0.0011079772,0.0010723742,0.0,0.0010472462,0.0010312984,0.0010219505,0.001032717,0.0011079769,0.0,0.0,0.0010472462,0.0010312984,0.0010219505,0.001032717,0.0011079768,0.001072369,0.001060799,0.0010472462,0.0010399992,0.0010512408,0.001057459,0.0010695509,0.0,0.0010607995,0.0010472463,0.0010399992,0.0010512408,0.001057459,0.0010695511,0.0010723688,0.001060799,0.0010472462,0.0010399992,0.0010512408,0.001057459,0.0010695509,0.0,0.0010607991,0.0010472467,0.0010399993,0.0010512408,0.001057459,0.0010695512,0.0,0.0010607991,0.0010472462,0.0010399992,0.0010512408,0.001057459,0.001069551,0.0,0.0010607991,0.0,0.0010312984,0.0010124516,0.0010681956,0.0010797979,0.0,0.001060799,0.0010472462,0.0010399992,0.0010512408,0.001057459,0.0010695517,0.0,0.0,0.0,0.0010312984,0.0010124516,0.0010681956,0.0010908362,0.0010723708,0.0010607991,0.0,0.0010312984,0.0010124516,0.0010681956,0.001079803,0.0010724016,0.0,0.0,0.0010312984,0.0010124516,0.0010681956,0.0010908354,0.001072376,0.0,0.0010472462,0.0,0.001060799,0.0010472462,0.0010681957,0.0010723708,0.0,0.0,0.0010312984,0.0010124516,0.0010681956,0.0010908333,0.0,0.0010608002,0.0,0.0010312984,0.0010124516,0.0010681956,0.0010797966,0.0,0.0,0.0010472469,0.0010608003,0.0,0.0010312984,0.0010607991,0.0010723835,0.0010607993,0.0,0.0010312983,0.0010124516,0.0010681956,0.0010797965,0.0,0.0,0.0010472463,0.0010312984,0.0010219505,0.001032717,0.0011079772,0.0,0.0,0.0010472462,0.0,0.001060799,0.0010472462,0.0010681956,0.0,0.0010608014,0.0,0.0010607992,0.0,0.001060799,0.0010472466,0.0,0.0,0.0010472592,0.0010313002,0.0010219505,0.001032717,0.0011079774,0.0,0.0010608269,0.0010608016,0.0010552504,0.0010667483,0.0,0.0009901088,0.0,0.0010608009,0.0010472469,0.0,0.0010607991,0.0010472463,0.001040001,0.00107237,0.001060799,0.0010472462,0.0,0.001060799,0.0010472462,0.0010400004,0.0,0.001060799,0.0010472463,0.0010399992,0.0010512408,0.001057459,0.0010695509,0.0010723687,0.001060799,0.0010472462,0.0010399992,0.0010512408,0.001057459,0.001069551,0.0010723815,0.0,0.0,0.0010312984,0.0010124516,0.0010681956,0.0010908332,0.0010723723,0.0,0.0010472462,0.0010312984,0.0010219505,0.001032717,0.0011079769,0.0,0.0010607992,0.0,0.0010312984,0.0010124516,0.0010681956,0.0010797966,0.0010723728,0.0,0.0010472462,0.0010312984,0.0010219505,0.001032717,0.0011079835,0.0,0.001060799,0.0010472462,0.0010399992,0.0010512408,0.001057459,0.0010695524,0.0010723688,0.001060799,0.0010472462,0.0010399992,0.0010512408,0.001057459,0.0010695509,0.0,0.0010607995,0.0010472463,0.0010399992,0.0010512408,0.001057459,0.0010695509,0.0,0.0,0.0010472462,0.0010312984,0.0010219505,0.001032717,0.0011079769,0.0010723693,0.001060799,0.0,0.0,0.0010607992,0.0010607991,0.0010552511,0.0010723778,0.0,0.0010472463,0.0,0.0010607992,0.0010472462,0.0010681979,0.0010724136,0.0,0.0010607991,0.0010472463,0.0010399992,0.0,0.0010607999,0.0,0.001060799,0.0,0.0010312984,0.0010124516,0.0010681953,0.0010798001,0.001072371,0.0,0.0010472462,0.0010312984,0.0010219505,0.0010327175,0.0011080366,0.001072375,0.0,0.0,0.0010312984,0.0010124516,0.0010681956,0.0010908332,0.0,0.0010607992,0.0010472463,0.0010399992,0.0010512408,0.001057459,0.0010695509,0.0010723458,0.0010607991,0.0010472463,0.0,0.0010607989,0.0010472462,0.00104,0.0010723706,0.0,0.0010472463,0.0010312984,0.0010219505,0.001032717,0.0011079792,0.0010723703,0.0,0.0010472463,0.0010312984,0.0010219505,0.0010327171,0.0011079785,0.0,0.0010607991,0.0010607991,0.0010552504,0.0010667482,0.0,0.0009901454,0.0010723834,0.0,0.0010472463,0.0010312984,0.0010219505,0.001032717,0.0011079768,0.0010723715,0.0,0.0,0.0010312984,0.0010124516,0.0010681956,0.0010908355,0.0010723905,0.0010607999,0.0,0.0010312992,0.0010124516,0.0010681957,0.0010798036,0.0,0.0010607989,0.0010472463,0.0010399992,0.0010512408,0.001057459,0.0010695505,0.0,0.0010607998,0.0,0.0010312984,0.0010124516,0.0010681956,0.0010797966,0.0,0.001060799,0.0010472463,0.0010399992,0.0010512408,0.001057459,0.0010695509,0.0010723772,0.001060799,0.0010472463,0.0010399994,0.0010512408,0.001057459,0.0010695511,0.0,0.0,0.0,0.0010312984,0.0010124516,0.0010681956,0.0010908339,0.0010723686,0.001060799,0.0,0.0010312984,0.0010124516,0.0010681956,0.0010797972,0.001072374,0.0010607989,0.0010472462,0.0010681956,0.0,0.0010312984,0.0010124517,0.0,0.001060799,0.0010472462,0.0010399992,0.0010512408,0.001057459,0.0010695516,0.0,0.001060799,0.0010472462,0.0010399992,0.0010512408,0.001057459,0.001069551,0.0,0.0010607995,0.0010472463,0.0010399992,0.0010512408,0.001057459,0.0010695527,0.0010723738,0.001060799,0.0010472462,0.0010399992,0.0010512408,0.001057459,0.0010695515,0.0,0.0,0.0010472462,0.0010312984,0.0010219505,0.001032717,0.0011079774,0.0,0.001060799,0.0010472462,0.0010399992,0.0010512408,0.001057459,0.001069551,0.0010724103,0.0010608003,0.0010472465,0.0010399992,0.0010512408,0.001057459,0.0010695532
k__Bacteria|p__Actinobacteria|c__Coriobacteriia|o__Eggerthellales|f__Eggerthellaceae|g__Slackia|s__Slackia_piriformis,0.0,0.0010608897,0.0010470991,0.0010395012,0.0010501257,0.0010557382,0.0010674057,0.0,0.0010608898,0.0010470991,0.0010395012,0.0010501257,0.0010557382,0.0010674056,0.0,0.0,0.0010471154,0.0010309122,0.0010211904,0.0010313243,0.0011073083,0.0010727381,0.0,0.0010470991,0.0010309007,0.0010211896,0.0010313243,0.0011073075,0.0,0.0,0.0010470991,0.0010309007,0.0010211896,0.0010313243,0.0011073076,0.0010726843,0.0010608896,0.0010470991,0.0010395012,0.0010501257,0.0010557382,0.0010674057,0.0,0.0010608904,0.0010470992,0.0010395012,0.0010501257,0.0010557382,0.0010674066,0.0010726844,0.0010608896,0.0010470991,0.0010395012,0.0010501257,0.0010557382,0.0010674057,0.0,0.0010608898,0.0010470999,0.0010395013,0.0010501257,0.0010557382,0.0010674063,0.0,0.0010608897,0.0010470991,0.0010395012,0.0010501257,0.0010557382,0.0010674057,0.0,0.0010608898,0.0,0.0010309007,0.0010117923,0.0010681867,0.0010792041,0.0,0.0010608896,0.0010470991,0.0010395012,0.0010501257,0.0010557382,0.0010674061,0.0,0.0,0.0,0.0010309007,0.0010117923,0.0010681867,0.0010904806,0.0010726986,0.0010608897,0.0,0.0010309007,0.0010117923,0.0010681867,0.0010792098,0.0010727895,0.0,0.0,0.001030901,0.0010117923,0.0010681867,0.0010904802,0.0010727205,0.0,0.0010470991,0.0,0.0010608896,0.0010470991,0.001068187,0.0010726887,0.0,0.0,0.0010309007,0.0010117923,0.0010681867,0.0010904789,0.0,0.0010608912,0.0,0.0010309007,0.0010117923,0.0010681867,0.0010792023,0.0,0.0,0.0010471008,0.0010608911,0.0,0.0010309007,0.0010608898,0.00107272,0.0010608898,0.0,0.0010309007,0.0010117923,0.0010681867,0.0010792019,0.0,0.0,0.0010470992,0.0010309007,0.0010211896,0.0010313243,0.0011073081,0.0,0.0,0.0010470991,0.0,0.0010608896,0.0010470991,0.001068187,0.0,0.0010608941,0.0,0.0010608899,0.0,0.0010608896,0.0010470992,0.0,0.0,0.0010471193,0.0010309037,0.0010211898,0.0010313243,0.0011073083,0.0,0.0010609238,0.001060894,0.001055004,0.0010658997,0.0,0.0009891839,0.0,0.0010608921,0.0010471003,0.0,0.0010608899,0.0010470992,0.0010395042,0.0010726948,0.0010608896,0.0010470991,0.0,0.0010608896,0.0010470991,0.0010395023,0.0,0.0010608899,0.0010470992,0.0010395012,0.0010501257,0.0010557382,0.0010674056,0.0010726843,0.0010608896,0.0010470991,0.0010395012,0.0010501257,0.0010557382,0.0010674057,0.0010727274,0.0,0.0,0.0010309007,0.0010117923,0.0010681867,0.0010904787,0.0010726913,0.0,0.0010470991,0.0010309007,0.0010211896,0.0010313243,0.0011073078,0.0,0.0010608899,0.0,0.0010309007,0.0010117923,0.0010681867,0.0010792017,0.0010727079,0.0,0.0010470991,0.0010309007,0.0010211896,0.0010313243,0.0011073147,0.0,0.0010608896,0.0010470991,0.0010395012,0.0010501257,0.0010557382,0.0010674074,0.0010726856,0.0010608896,0.0010470991,0.0010395012,0.0010501257,0.0010557382,0.0010674057,0.0,0.0010608904,0.0010470992,0.0010395012,0.0010501257,0.0010557382,0.0010674057,0.0,0.0,0.0010470991,0.0010309007,0.0010211896,0.0010313243,0.001107308,0.001072688,0.0010608896,0.0,0.0,0.0010608899,0.0010608897,0.0010550041,0.0010727425,0.0,0.0010470996,0.0,0.0010608899,0.0010470991,0.0010681907,0.0010728448,0.0,0.0010608899,0.0010470992,0.0010395012,0.0,0.0010608906,0.0,0.0010608897,0.0,0.0010309007,0.0010117923,0.0010681867,0.0010792091,0.0010726941,0.0,0.0010470991,0.0010309007,0.0010211898,0.001031325,0.0011073628,0.0010727104,0.0,0.0,0.0010309007,0.0010117923,0.0010681867,0.0010904789,0.0,0.0010608899,0.0010470992,0.0010395012,0.0010501257,0.0010557382,0.0010674056,0.0010727238,0.0010608899,0.0010470992,0.0,0.0010608898,0.0010470991,0.0010395026,0.0010726878,0.0,0.0010470992,0.0010309009,0.0010211896,0.0010313243,0.00110731,0.0010726899,0.0,0.0010470992,0.0010309007,0.0010211897,0.0010313244,0.0011073098,0.0,0.0010608899,0.0010608899,0.0010550033,0.0010658999,0.0,0.0009892264,0.0010727355,0.0,0.0010470992,0.0010309007,0.0010211896,0.0010313243,0.0011073076,0.0010726918,0.0,0.0,0.0010309007,0.0010117923,0.0010681867,0.0010904805,0.0010727865,0.0010608906,0.0,0.0010309019,0.0010117929,0.001068187,0.0010792101,0.0,0.0010608896,0.0010470992,0.0010395012,0.0010501257,0.0010557382,0.0010674057,0.0,0.0010608912,0.0,0.0010309007,0.0010117923,0.0010681867,0.0010792017,0.0,0.0010608898,0.0010470992,0.0010395012,0.0010501257,0.0010557382,0.0010674058,0.0010727035,0.0010608898,0.0010470992,0.0010395013,0.0010501257,0.0010557382,0.001067406,0.0,0.0,0.0,0.0010309007,0.0010117923,0.0010681867,0.0010904794,0.0010726835,0.0010608896,0.0,0.0010309007,0.0010117923,0.0010681867,0.0010792029,0.0010727028,0.0010608896,0.0010470991,0.0010681867,0.0,0.0010309007,0.0010117923,0.0,0.0010608896,0.0010470991,0.0010395012,0.0010501257,0.0010557382,0.0010674066,0.0,0.0010608896,0.0010470991,0.0010395012,0.0010501257,0.0010557382,0.0010674059,0.0,0.0010608904,0.0010470992,0.0010395012,0.0010501257,0.0010557382,0.0010674077,0.0010726961,0.0010608897,0.0010470991,0.0010395012,0.0010501257,0.0010557382,0.0010674063,0.0,0.0,0.0010470991,0.0010309007,0.0010211896,0.0010313243,0.0011073081,0.0,0.0010608896,0.0010470991,0.0010395012,0.0010501257,0.0010557382,0.0010674057,0.0010729656,0.0010608914,0.0010470994,0.0010395012,0.0010501257,0.0010557382,0.0010674085
k__Bacteria|p__Actinobacteria|c__Actinomycetia|o__Actinomycetales|f__Actinomycetaceae|g__Actinomyces|s__Actinomyces_urogenitalis,0.0,0.0010616838,0.001048123,0.0010408448,0.001052003,0.0010581443,0.0010701696,0.0,0.0010616839,0.001048123,0.0010408448,0.001052003,0.0010581443,0.0010701696,0.0,0.0,0.0010481369,0.0010321729,0.0010227859,0.0010334697,0.0011086811,0.0010733166,0.0,0.001048123,0.0010321649,0.0010227851,0.0010334697,0.0011086799,0.0,0.0,0.001048123,0.0010321649,0.0010227851,0.0010334697,0.0011086797,0.0010732607,0.0010616838,0.001048123,0.0010408448,0.001052003,0.0010581443,0.0010701694,0.0,0.0010616845,0.0010481231,0.0010408448,0.001052003,0.0010581443,0.0010701703,0.0010732608,0.0010616838,0.001048123,0.0010408448,0.001052003,0.0010581443,0.0010701697,0.0,0.0010616839,0.0010481238,0.0010408452,0.001052003,0.0010581445,0.0010701708,0.0027004655,0.0010616839,0.001048123,0.0010408448,0.001052003,0.0010581443,0.0010701696,0.0,0.0010616839,0.0,0.0010321649,0.001013306,0.0010690576,0.001080574,0.0,0.0010616838,0.001048123,0.0010408448,0.001052003,0.0010581443,0.0010701703,0.0,0.0,0.0,0.0010321649,0.001013306,0.0010690576,0.0010916165,0.0010732772,0.0010616839,0.0,0.0010321649,0.001013306,0.0010690576,0.0010805826,0.0010733833,0.0,0.0,0.001032165,0.001013306,0.0010690576,0.0010916153,0.001073302,0.0,0.001048123,0.0,0.0010616838,0.001048123,0.0010690578,0.0010732658,0.0,0.0,0.0010321647,0.001013306,0.0010690576,0.0010916138,0.0,0.0010616853,0.0,0.0010321649,0.001013306,0.0010690576,0.0010805725,0.0,0.0,0.0010481235,0.0010616854,0.0,0.0010321647,0.0010616841,0.0010732929,0.0010616842,0.0,0.0010321648,0.001013306,0.0010690576,0.0010805721,0.0,0.0,0.001048123,0.0010321649,0.0010227851,0.0010334697,0.0011086804,0.0,0.0,0.001048123,0.0,0.0010616838,0.001048123,0.0010690577,0.0,0.0010616861,0.0,0.0010616839,0.0,0.0010616838,0.001048123,0.0,0.0,0.001048137,0.0010321671,0.0010227852,0.0010334697,0.0011086806,0.0,0.0010617236,0.0010616881,0.0010561052,0.0010675179,0.0,0.0009909524,0.0,0.001061686,0.0010481236,0.0,0.0010616842,0.001048123,0.0010408479,0.0010732696,0.0010616838,0.001048123,0.0,0.0010616838,0.001048123,0.0010408462,0.0,0.0010616842,0.001048123,0.0010408448,0.001052003,0.0010581443,0.0010701697,0.0010732607,0.0010616838,0.001048123,0.0010408448,0.001052003,0.0010581443,0.0010701696,0.0010733064,0.0,0.0,0.0010321647,0.001013306,0.0010690576,0.0010916134,0.0010732709,0.0,0.001048123,0.0010321649,0.0010227851,0.0010334697,0.0011086803,0.0,0.0010616839,0.0,0.0010321649,0.001013306,0.0010690576,0.0010805723,0.0010732862,0.0,0.001048123,0.0010321649,0.0010227851,0.0010334697,0.0011086894,0.0,0.0010616838,0.001048123,0.0010408448,0.001052003,0.0010581445,0.0010701715,0.0010732623,0.0010616838,0.001048123,0.0010408448,0.001052003,0.0010581443,0.0010701694,0.0,0.0010616843,0.001048123,0.0010408448,0.001052003,0.0010581443,0.0010701696,0.0,0.0,0.001048123,0.0010321649,0.0010227851,0.0010334697,0.00110868,0.001073265,0.0010616838,0.0,0.0,0.0010616839,0.0010616839,0.0010561056,0.0010733195,0.0,0.001048123,0.0,0.0010616839,0.001048123,0.0010690613,0.0010734485,0.0,0.0010616839,0.001048123,0.0010408448,0.0,0.0010616847,0.0,0.0010616836,0.0,0.0010321649,0.001013306,0.0010690576,0.0010805789,0.0010732695,0.0,0.001048123,0.0010321649,0.0010227852,0.0010334705,0.0011087541,0.0010732807,0.0,0.0,0.0010321649,0.001013306,0.0010690576,0.0010916134,0.0,0.0010616839,0.001048123,0.0010408448,0.001052003,0.0010581443,0.0010701696,0.0010733039,0.0010616839,0.001048123,0.0072170887,0.001061684,0.001048123,0.0010408465,0.0010732656,0.0,0.001048123,0.001032165,0.0010227851,0.0010334697,0.0011086826,0.0010732666,0.0,0.001048123,0.0010321649,0.0010227852,0.0010334698,0.0011086825,0.0,0.0010616839,0.0010616842,0.001056105,0.0010675179,0.0,0.0009909903,0.0010733188,0.0,0.001048123,0.0010321649,0.0010227851,0.0010334697,0.0011086797,0.001073269,0.0,0.0,0.0010321647,0.001013306,0.0010690576,0.0010916158,0.0010733764,0.0010616849,0.0,0.0010321661,0.0010133061,0.0010690575,0.0010805811,0.0,0.0010616841,0.001048123,0.0010408448,0.001052003,0.0010581443,0.0010701695,0.0,0.0010616845,0.0,0.0010321647,0.001013306,0.0010690576,0.0010805723,0.0,0.0010616839,0.001048123,0.0010408448,0.001052003,0.0010581443,0.0010701697,0.0010732848,0.001061684,0.001048123,0.0010408453,0.001052003,0.0010581443,0.0010701701,0.0,0.0,0.0,0.0010321649,0.001013306,0.0010690576,0.001091614,0.0010732602,0.0010616838,0.0,0.0010321649,0.001013306,0.0010690576,0.0010805734,0.0010732772,0.0010616839,0.001048123,0.0010690576,0.0,0.0010321649,0.001013306,0.0,0.0010616838,0.001048123,0.0010408448,0.001052003,0.0010581443,0.0010701707,0.006064308,0.0010616838,0.001048123,0.0010408448,0.001052003,0.0010581443,0.00107017,0.0,0.0010616846,0.001048123,0.0010408448,0.001052003,0.0010581445,0.0010701721,0.0010732765,0.0010616838,0.001048123,0.0010408448,0.001052003,0.0010581443,0.0010701702,0.0,0.0,0.001048123,0.0010321649,0.0010227851,0.0010334697,0.0011086804,0.0,0.0010616838,0.001048123,0.0010408448,0.001052003,0.0010581443,0.0010701696,0.0010735345,0.0010616852,0.001048123,0.0010408448,0.001052003,0.0010581445,0.001070173
k__Bacteria|p__Actinobacteria|c__Actinomycetia|o__Actinomycetales|f__Actinomycetaceae|g__Schaalia|s__Schaalia_turicensis,0.0,0.0010585185,0.0010448911,0.0010375824,0.0010487923,0.0010549658,0.0010670589,0.0,0.0010585189,0.0010448911,0.0010375824,0.0010487923,0.0010549658,0.0010670589,0.0,0.0,0.0010448958,0.0010288705,0.0010194568,0.0010301808,0.0011058636,0.0010701969,0.0,0.0010448911,0.001028868,0.0010194564,0.0010301808,0.0011058635,0.0,0.0,0.0010448911,0.001028868,0.0010194564,0.0010301808,0.0011058635,0.001070162,0.0010585189,0.0010448911,0.0010375824,0.0010487923,0.0010549658,0.0010670588,0.0,0.0010585191,0.0010448912,0.0010375824,0.0010487923,0.0010549658,0.0010670595,0.0010701622,0.0010585189,0.0010448911,0.0010375824,0.0010487923,0.0010549658,0.0010670589,0.0,0.0010585188,0.0010448914,0.0010375825,0.0010487923,0.0010549658,0.0010670592,0.0,0.0010585189,0.0010448911,0.0010375824,0.0010487923,0.0010549658,0.0010670589,0.0,0.0010585189,0.0,0.001028868,0.001009947,0.0010659345,0.001077525,0.0,0.0010585189,0.0010448911,0.0010375824,0.0010487923,0.0010549658,0.0010670589,0.0,0.0,0.0,0.001028868,0.001009947,0.0010659345,0.001088646,0.001070173,0.0010585189,0.0,0.001028868,0.001009947,0.0010659345,0.0010775276,0.001070237,0.0,0.0,0.001028868,0.001009947,0.0010659345,0.0010886459,0.0010701881,0.0,0.0010448911,0.0,0.0010585189,0.0010448911,0.0010659344,0.0010701646,0.0,0.0,0.001028868,0.001009947,0.0010659345,0.0010886457,0.0,0.001058519,0.0,0.001028868,0.001009947,0.0010659345,0.0010775239,0.0,0.0,0.0010448917,0.0010585195,0.0,0.001028868,0.001058519,0.0010701759,0.0010585188,0.0,0.0010288679,0.001009947,0.0010659345,0.0010775236,0.0,0.0,0.0010448911,0.001028868,0.0010194564,0.0010301808,0.0011058636,0.0,0.0,0.0010448911,0.0,0.0010585189,0.0010448911,0.0010659344,0.0,0.0010585185,0.0,0.001058519,0.0,0.0010585189,0.0010448912,0.0,0.0,0.001044895,0.0010288681,0.0010194564,0.0010301808,0.0011058633,0.0,0.0010585298,0.0010585196,0.0010529117,0.0010643882,0.0,0.0009875325,0.0,0.0010585195,0.0010448913,0.0,0.0010585188,0.0010448912,0.0010375843,0.0010701673,0.0010585189,0.0010448911,0.0,0.0010585189,0.0010448911,0.0010375835,0.0,0.001058519,0.0010448912,0.0010375824,0.0010487923,0.0010549658,0.0010670589,0.001070162,0.0010585189,0.0010448911,0.0010375824,0.0010487923,0.0010549658,0.0010670589,0.0010701913,0.0,0.0,0.001028868,0.001009947,0.0010659345,0.0010886455,0.0010701667,0.0,0.0010448911,0.001028868,0.0010194564,0.0010301808,0.0011058634,0.0,0.001058519,0.0,0.001028868,0.001009947,0.0010659345,0.0010775235,0.0010701778,0.0,0.0010448911,0.001028868,0.0010194564,0.0010301808,0.0011058678,0.0,0.0010585189,0.0010448911,0.0010375824,0.0010487923,0.0010549658,0.0010670598,0.0010701632,0.0010585189,0.0010448911,0.0010375824,0.0010487923,0.0010549658,0.0010670588,0.0,0.0010585189,0.0010448912,0.0010375824,0.0010487923,0.0010549658,0.0010670589,0.0,0.0,0.0010448911,0.001028868,0.0010194564,0.0010301808,0.0011058635,0.0010701645,0.0010585189,0.0,0.0,0.001058519,0.0010585189,0.0010529119,0.0010701978,0.0,0.0010448912,0.0,0.001058519,0.0010448911,0.001065937,0.0010702775,0.0,0.0010585187,0.0010448912,0.0010375824,0.0,0.0010585192,0.0,0.0010585188,0.0,0.001028868,0.001009947,0.0010659344,0.0010775285,0.0010701672,0.0,0.0010448911,0.001028868,0.0010194564,0.0010301811,0.0011058908,0.0010701726,0.0,0.0,0.001028868,0.001009947,0.0010659345,0.0010886457,0.0,0.001058519,0.0010448912,0.0010375824,0.0010487923,0.0010549658,0.0010670589,0.0010702,0.001058519,0.0010448912,0.0,0.0010585189,0.0010448911,0.0010375833,0.0010701646,0.0,0.0010448912,0.0010288681,0.0010194564,0.0010301808,0.001105864,0.0010701651,0.0,0.0010448912,0.0010288679,0.0010194564,0.001030181,0.0011058644,0.0,0.001058519,0.001058519,0.0010529119,0.0010643881,0.0,0.000987558,0.0010701995,0.0,0.0010448912,0.001028868,0.0010194564,0.0010301808,0.0011058635,0.0010701664,0.0,0.0,0.001028868,0.001009947,0.0010659345,0.0010886458,0.0010702326,0.0010585192,0.0,0.0010288683,0.0010099472,0.0010659345,0.001077528,0.0,0.001058519,0.0010448912,0.0010375824,0.0010487923,0.0010549658,0.0010670588,0.0,0.0010585187,0.0,0.001028868,0.001009947,0.0010659345,0.0010775235,0.0,0.0010585189,0.0010448911,0.0010375824,0.0010487923,0.0010549658,0.0010670589,0.001070174,0.0010585185,0.0010448912,0.0010375826,0.0010487923,0.0010549658,0.0010670591,0.0,0.0,0.0,0.001028868,0.001009947,0.0010659345,0.0010886459,0.0010701618,0.0010585189,0.0,0.001028868,0.001009947,0.0010659345,0.0010775243,0.0010701714,0.001058519,0.0010448911,0.0010659345,0.0,0.001028868,0.0010099473,0.0,0.0010585189,0.0010448911,0.0010375824,0.0010487923,0.0010549658,0.0010670592,0.0,0.0010585189,0.0010448911,0.0010375824,0.0010487923,0.0010549658,0.0010670589,0.0,0.0010585189,0.0010448912,0.0010375824,0.0010487923,0.0010549658,0.0010670599,0.00107017,0.0010585189,0.0010448911,0.0010375824,0.0010487923,0.0010549658,0.001067059,0.0,0.0,0.0010448911,0.001028868,0.0010194564,0.0010301808,0.0011058637,0.0,0.0010585189,0.0010448911,0.0010375824,0.0010487923,0.0010549658,0.0010670589,0.0010703283,0.0010585191,0.0010448912,0.0010375824,0.0010487923,0.0010549658,0.0010670602
k__Bacteria|p__Actinobacteria|c__Coriobacteriia|o__Coriobacteriales|f__Coriobacteriaceae|g__Collinsella|s__Collinsella_sp_AF08_23,0.0,0.0010612953,0.0010476693,0.001040304,0.0010513221,0.0010573235,0.0010692569,0.0,0.0010612954,0.0010476693,0.001040304,0.0010513221,0.0010573235,0.0010692568,0.0,0.0,0.0010476831,0.0010316508,0.0010221737,0.0010327128,0.0011081567,0.0010729929,0.0,0.0010476693,0.0010316431,0.0010221729,0.0010327128,0.0011081563,0.0,0.0,0.0010476693,0.0010316431,0.0010221729,0.0010327128,0.0011081562,0.0010729341,0.0010612953,0.0010476693,0.001040304,0.0010513221,0.0010573235,0.0010692568,0.0,0.0010612961,0.0010476693,0.001040304,0.0010513221,0.0010573235,0.0010692579,0.001072934,0.0010612953,0.0010476693,0.001040304,0.0010513221,0.0010573235,0.001069257,0.0,0.0010612955,0.00104767,0.0010403041,0.0010513221,0.0010573239,0.0010692575,0.0,0.0010612954,0.0010476693,0.001040304,0.0010513221,0.0010573235,0.0010692569,0.0,0.0010612954,0.0,0.0010316431,0.0010127138,0.0010686509,0.001080038,0.0,0.0010612953,0.0010476693,0.001040304,0.0010513221,0.0010573235,0.0010692568,0.0,0.0,0.0,0.0010316431,0.0010127142,0.0010686509,0.0010911457,0.0010729511,0.0010612954,0.0,0.0010316431,0.0010127142,0.0010686509,0.0010800437,0.0010730642,0.0,0.0,0.0010316434,0.0010127142,0.0010686509,0.0010911454,0.001072978,0.0,0.0010476693,0.0,0.0010612953,0.0010476693,0.0010686509,0.0010729389,0.0,0.0,0.0010316431,0.0010127138,0.0010686509,0.0010911449,0.0,0.0010612967,0.0,0.0010316434,0.0010127138,0.0010686509,0.0010800363,0.0,0.0,0.0010476703,0.0010612971,0.0,0.0010316431,0.0010612956,0.0010729659,0.0010612955,0.0,0.0010316434,0.0010127142,0.0010686509,0.0010800359,0.0,0.0,0.0010476693,0.0010316431,0.0010221729,0.0010327128,0.0011081566,0.0,0.0,0.0010476693,0.0,0.0010612953,0.0010476693,0.0010686509,0.0,0.0010612971,0.0,0.0010612955,0.0,0.0010612953,0.0010476693,0.0,0.0,0.0010476847,0.0010316452,0.001022173,0.0010327128,0.0011081564,0.0,0.0010613285,0.001061299,0.001055633,0.001066911,0.0,0.0009902879,0.0,0.0010612975,0.0010476699,0.0,0.0010612955,0.0010476693,0.001040307,0.0010729437,0.0010612953,0.0010476693,0.0,0.0010612953,0.0010476693,0.0010403051,0.0,0.0010612955,0.0010476693,0.001040304,0.0010513221,0.0010573235,0.0010692568,0.0010729339,0.0010612953,0.0010476693,0.001040304,0.0010513221,0.0010573235,0.0010692569,0.0010729848,0.0,0.0,0.0010316431,0.0010127138,0.0010686509,0.0010911449,0.0010729439,0.0,0.0010476693,0.0010316431,0.0010221729,0.0010327128,0.0011081565,0.0,0.0010612955,0.0,0.0010316431,0.0010127138,0.0010686509,0.0010800358,0.0010729596,0.0,0.0010476693,0.0010316431,0.0010221729,0.0010327128,0.0011081641,0.0,0.0010612953,0.0010476693,0.001040304,0.0010513221,0.0010573235,0.0010692584,0.0010729358,0.0010612953,0.0010476693,0.001040304,0.0010513221,0.0010573235,0.0010692568,0.0,0.0010612955,0.0010476693,0.001040304,0.0010513221,0.0010573235,0.0010692569,0.0,0.0,0.0010476693,0.0010316431,0.0010221729,0.0010327128,0.0011081563,0.0010729376,0.0010612953,0.0,0.0,0.0010612955,0.0010612954,0.0010556328,0.0010729926,0.0,0.0010476693,0.0,0.0010612955,0.0010476693,0.0010686552,0.001073131,0.0,0.0010612954,0.0010476693,0.001040304,0.0,0.001061296,0.0,0.0010612953,0.0,0.0010316431,0.0010127142,0.0010686509,0.0010800435,0.0010729439,0.0,0.0010476693,0.0010316431,0.001022173,0.0010327133,0.0011082108,0.0010729562,0.0,0.0,0.0010316431,0.0010127138,0.0010686509,0.0010911449,0.0,0.0010612955,0.0010476693,0.001040304,0.0010513221,0.0010573235,0.0010692568,0.0010729741,0.0010612954,0.0010476693,0.0,0.0010612953,0.0010476693,0.0010403054,0.0010729386,0.0,0.0010476693,0.0010316435,0.0010221729,0.0010327128,0.0011081574,0.0010729393,0.0,0.0010476693,0.0010316434,0.001022173,0.0010327129,0.0011081585,0.0,0.0010612954,0.0010612954,0.0010556326,0.0010669109,0.0,0.000990321,0.0010729949,0.0,0.0010476693,0.0010316431,0.0010221729,0.0010327128,0.0011081562,0.0010729406,0.0,0.0,0.0010316431,0.0010127142,0.0010686509,0.0010911452,0.0010730602,0.0010612964,0.0,0.0010316444,0.0010127142,0.0010686512,0.0010800431,0.0,0.0010612954,0.0010476693,0.001040304,0.0010513221,0.0010573235,0.0010692568,0.0,0.0010612959,0.0,0.0010316431,0.0010127138,0.0010686509,0.0010800358,0.0,0.0010612954,0.0010476693,0.001040304,0.0010513221,0.0010573235,0.001069257,0.0010729565,0.0010612953,0.0010476693,0.0010403042,0.0010513221,0.0010573235,0.0010692573,0.0,0.0,0.0,0.0010316431,0.0010127138,0.0010686509,0.0010911451,0.0010729334,0.0010612953,0.0,0.0010316431,0.0010127138,0.0010686509,0.0010800371,0.0010729502,0.0010612954,0.0010476693,0.0010686509,0.0,0.0010316431,0.0010127143,0.0,0.0010612953,0.0010476693,0.001040304,0.0010513221,0.0010573235,0.0010692579,0.0,0.0010612953,0.0010476693,0.001040304,0.0010513221,0.0010573235,0.001069257,0.0,0.001061296,0.0010476693,0.001040304,0.0010513221,0.0010573235,0.0010692585,0.0010729497,0.0010612953,0.0010476693,0.001040304,0.0010513221,0.0010573235,0.0010692574,0.0,0.0,0.0010476693,0.0010316431,0.0010221729,0.0010327128,0.0011081566,0.0,0.0010612953,0.0010476693,0.001040304,0.0010513221,0.0010573235,0.0010692569,0.001073204,0.0010612964,0.0010476693,0.001040304,0.0010513221,0.0010573239,0.001069259
k__Bacteria|p__Actinobacteria|c__Actinomycetia|o__Corynebacteriales|f__Corynebacteriaceae|g__Corynebacterium|s__Corynebacterium_propinquum,0.0,0.0010594712,0.0010457685,0.00103833,0.0010492803,0.0010552048,0.00106711,0.0,0.0010594713,0.0010457685,0.00103833,0.0010492803,0.0010552048,0.00106711,0.0,0.0,0.0010457876,0.00102968,0.0010201195,0.0010305814,0.0011064144,0.0010712002,0.0,0.0010457685,0.0010296653,0.001020119,0.0010305814,0.0011064141,0.0,0.0,0.0010457685,0.0010296653,0.001020119,0.0010305814,0.0011064141,0.0010711842,0.0010594712,0.0010457685,0.00103833,0.0010492803,0.0010552048,0.0010671099,0.0,0.0010594714,0.0010457688,0.00103833,0.0010492803,0.0010552048,0.0010671103,0.0010711843,0.0010594712,0.0010457685,0.00103833,0.0010492803,0.0010552048,0.00106711,0.0,0.0010594713,0.001045769,0.0010383301,0.0010492803,0.0010552048,0.0010671106,0.0,0.0010594713,0.0010457685,0.00103833,0.0010492803,0.0010552048,0.00106711,0.0,0.0010594713,0.0,0.0010296653,0.0010106586,0.0010668356,0.0010781719,0.0,0.0010594712,0.0010457685,0.00103833,0.0010492803,0.0010552048,0.0010671102,0.0,0.0,0.0,0.0010296653,0.0010106586,0.0010668356,0.0010893664,0.0010711873,0.0010594713,0.0,0.0010296653,0.0010106586,0.0010668356,0.0010781728,0.00107119,0.0,0.0,0.0010296653,0.0010106586,0.0010668356,0.0010893658,0.0010711942,0.0,0.0010457685,0.0,0.0010594712,0.0010457685,0.0010668355,0.0010711855,0.0,0.0,0.0010296653,0.0010106586,0.0010668356,0.0010893649,0.0,0.0010594724,0.0,0.0010296653,0.0010106586,0.0010668356,0.0010781707,0.0,0.0,0.0010457699,0.0010594719,0.0,0.0010296653,0.0010594713,0.0010712063,0.0010594716,0.0,0.0010296652,0.0010106586,0.0010668356,0.001078171,0.0,0.0,0.001045769,0.0010296653,0.001020119,0.0010305814,0.0011064142,0.0,0.0,0.0010457685,0.0,0.0010594712,0.0010457685,0.0010668355,0.0,0.0010594771,0.0,0.0010594713,0.0,0.0010594712,0.0010457686,0.0,0.0,0.0010457893,0.001029669,0.0010201193,0.0010305814,0.0011064145,0.0024721313,0.001059517,0.0010594764,0.0010537392,0.0010649585,0.0,0.0009881534,0.0,0.0010594731,0.0010457698,0.0,0.0010594716,0.0010457686,0.0010383321,0.0010711907,0.0010594712,0.0010457685,0.0,0.0010594712,0.0010457685,0.0010383305,0.0,0.0010594714,0.0010457686,0.00103833,0.0010492803,0.0010552048,0.00106711,0.0010711841,0.0010594712,0.0010457685,0.00103833,0.0010492803,0.0010552048,0.00106711,0.001071189,0.0,0.0,0.0010296653,0.0010106586,0.0010668356,0.0010893648,0.0010711842,0.0,0.0010457685,0.0010296653,0.001020119,0.0010305814,0.0011064141,0.0,0.0010594713,0.0,0.0010296653,0.0010106586,0.0010668356,0.0010781708,0.0010711931,0.0,0.0010457685,0.0010296653,0.001020119,0.0010305814,0.0011064167,0.0,0.0010594712,0.0010457685,0.00103833,0.0010492803,0.0010552048,0.0010671102,0.0010711844,0.0010594712,0.0010457685,0.00103833,0.0010492803,0.0010552048,0.0010671099,0.0,0.0010594719,0.0010457688,0.00103833,0.0010492803,0.0010552048,0.00106711,0.0,0.0,0.0010457685,0.0010296653,0.001020119,0.0010305814,0.0011064145,0.0010711858,0.0010594712,0.0,0.0,0.0010594713,0.0010594713,0.0010537391,0.0010712045,0.0,0.0010457692,0.0,0.0010594713,0.0010457685,0.001066839,0.0010712093,0.0,0.0010594713,0.0010457686,0.00103833,0.0,0.0010594715,0.0,0.001059471,0.0,0.0010296653,0.0010106586,0.0010668356,0.0010781744,0.0010711876,0.0,0.0010457685,0.0010296653,0.001020119,0.0010305814,0.0011064404,0.001071197,0.0,0.0,0.0010296653,0.0010106586,0.0010668356,0.0010893648,0.0,0.0010594713,0.0010457686,0.00103833,0.0010492803,0.0010552048,0.00106711,0.0010711971,0.0010594714,0.0010457686,0.0,0.0010594712,0.0010457685,0.0010383307,0.0010711841,0.0,0.0010457686,0.0010296653,0.001020119,0.0010305814,0.0011064154,0.0010711864,0.0,0.0010457686,0.0010296652,0.0010201193,0.0010305817,0.0011064141,0.0,0.0010594714,0.0010594714,0.0010537386,0.0010649584,0.0,0.0009881912,0.0010711924,0.0,0.0010457686,0.0010296653,0.001020119,0.0010305814,0.0011064141,0.0010711888,0.0,0.0,0.0010296653,0.0010106586,0.0010668356,0.0010893659,0.0010711891,0.0010594714,0.0,0.0010296659,0.0010106588,0.0010668355,0.0010781747,0.0,0.0010594713,0.0010457686,0.00103833,0.0010492803,0.0010552048,0.0010671099,0.0,0.0010594733,0.0,0.0010296653,0.0010106586,0.0010668356,0.0010781708,0.0,0.0010594713,0.0010457687,0.00103833,0.0010492803,0.0010552048,0.00106711,0.0010711872,0.0010594712,0.0010457686,0.0010383303,0.0010492803,0.0010552048,0.0010671099,0.0,0.0,0.0,0.0010296653,0.0010106586,0.0010668356,0.0010893651,0.001071184,0.0010594712,0.0,0.0010296653,0.0010106586,0.0010668356,0.0010781711,0.0010711921,0.0010594713,0.0010457685,0.0010668356,0.0,0.0010296653,0.0010106588,0.0,0.0010594712,0.0010457685,0.00103833,0.0010492803,0.0010552048,0.0010671102,0.0,0.0010594712,0.0010457685,0.00103833,0.0010492803,0.0010552048,0.00106711,0.0,0.0010594715,0.0010457686,0.00103833,0.0010492803,0.0010552048,0.0010671108,0.0010711859,0.0010594712,0.0010457685,0.00103833,0.0010492803,0.0010552048,0.00106711,0.0,0.0,0.0010457685,0.0010296653,0.001020119,0.0010305814,0.0011064142,0.0018875991,0.0010594712,0.0010457685,0.00103833,0.0010492803,0.0010552048,0.00106711,0.00107133,0.0010594734,0.0010457688,0.00103833,0.0010492803,0.0010552048,0.0010671113
k__Bacteria|p__Actinobacteria|c__Coriobacteriia|o__Coriobacteriales|f__Coriobacteriaceae|g__GGB9400|s__GGB9400_SGB14747,0.0,0.0010597147,0.0010457808,0.0010379974,0.0010483365,0.0010536624,0.0010651464,0.0,0.0010597148,0.0010457808,0.0010379974,0.0010483365,0.0010536624,0.0010651465,0.0,0.0,0.0010458104,0.0010294517,0.0010195319,0.0010293681,0.0011058921,0.0010717005,0.0,0.0010457808,0.0010294334,0.0010195305,0.0010293681,0.001105891,0.0,0.0,0.0010457808,0.0010294334,0.0010195305,0.0010293681,0.001105891,0.0010716462,0.0010597145,0.0010457808,0.0010379974,0.0010483365,0.0010536624,0.0010651464,0.0,0.001059716,0.0010457808,0.0010379974,0.0010483365,0.0010536624,0.0010651473,0.0010716462,0.0010597145,0.0010457808,0.0010379974,0.0010483365,0.0010536624,0.0010651463,0.0,0.0010597152,0.0010457822,0.0010379975,0.0010483365,0.0010536624,0.0010651469,0.0,0.0010597148,0.0010457808,0.0010379974,0.0010483365,0.0010536624,0.0010651464,0.0,0.0010597148,0.0,0.0010294334,0.0010101721,0.0010669787,0.0010777353,0.0,0.0010597147,0.0010457808,0.0010379974,0.0010483365,0.0010536624,0.0010651466,0.0,0.0,0.0,0.0010294334,0.0010101721,0.001066979,0.0010891617,0.0010716611,0.0010597148,0.0,0.0010294334,0.0010101721,0.001066979,0.001077747,0.001071784,0.0,0.0,0.0010294338,0.0010101721,0.0010669787,0.0010891611,0.0010716905,0.0,0.0010457808,0.0,0.0010597147,0.0010457808,0.001066979,0.0010716519,0.0,0.0,0.0010294334,0.0010101721,0.0010669787,0.0010891596,0.0,0.0010597178,0.0,0.0010294334,0.0010101721,0.0010669787,0.0010777334,0.0,0.0,0.0010457824,0.0010597175,0.0,0.0010294334,0.0010597149,0.0010716878,0.0010597152,0.0,0.0010294336,0.0010101721,0.0010669787,0.0010777328,0.0,0.0,0.001045781,0.0010294334,0.0010195305,0.0010293681,0.0011058919,0.0,0.0,0.0010457808,0.0,0.0010597145,0.0010457808,0.0010669789,0.0,0.0010597219,0.0,0.0010597149,0.0,0.0010597145,0.001045781,0.0,0.0,0.0010458145,0.0010294392,0.0010195305,0.0010293681,0.001105892,0.0,0.0010598056,0.0010597243,0.0010536516,0.0010642738,0.0,0.000987413,0.0,0.0010597197,0.0010457827,0.0,0.0010597155,0.0010457808,0.0010380022,0.0010716554,0.0010597145,0.0010457808,0.0,0.0010597145,0.0010457808,0.0010379992,0.0,0.0010597149,0.001045781,0.0010379974,0.0010483365,0.0010536624,0.0010651464,0.0010716458,0.0010597145,0.0010457808,0.0010379974,0.0010483365,0.0010536624,0.0010651464,0.0010716957,0.0,0.0,0.0010294334,0.0010101721,0.0010669787,0.0010891593,0.001071659,0.0,0.0010457808,0.0010294334,0.0010195305,0.0010293681,0.0011058913,0.0,0.0010597147,0.0,0.0010294334,0.0010101721,0.0010669787,0.0010777328,0.0010716752,0.0,0.0010457808,0.0010294334,0.0010195305,0.0010293681,0.001105907,0.0,0.0010597147,0.0010457808,0.0010379974,0.0010483365,0.0010536624,0.0010651484,0.001071647,0.0010597145,0.0010457808,0.0010379974,0.0010483365,0.0010536624,0.0010651464,0.0,0.0010597155,0.0010457808,0.0010379974,0.0010483365,0.0010536624,0.0010651464,0.0,0.0,0.0010457808,0.0010294334,0.0010195305,0.0010293681,0.001105891,0.001071649,0.0010597145,0.0,0.0,0.0010597149,0.0010597148,0.0010536507,0.0010716998,0.0,0.0010457812,0.0,0.0010597147,0.0010457808,0.0010669852,0.0010718548,0.0,0.0010597152,0.0010457808,0.0010379974,0.0,0.0010597156,0.0,0.0010597147,0.0,0.0010294334,0.0010101721,0.001066979,0.0010777437,0.0010716552,0.0,0.0010457808,0.0010294334,0.0010195305,0.0010293692,0.0011060034,0.0010716716,0.0,0.0,0.0010294334,0.0010101721,0.0010669787,0.0010891593,0.0,0.0010597149,0.001045781,0.0010379974,0.0010483365,0.0010536624,0.0010651465,0.0010716348,0.0010597148,0.0010457808,0.0,0.0010597148,0.0010457808,0.0010379993,0.0010716509,0.0,0.0010457808,0.0010294339,0.0010195305,0.0010293681,0.0011058934,0.001071652,0.0,0.001045781,0.0010294334,0.0010195308,0.0010293683,0.0011058947,0.0,0.0010597148,0.0010597152,0.0010536507,0.0010642738,0.0,0.0009874615,0.0010717103,0.0,0.0010457808,0.0010294334,0.0010195305,0.0010293681,0.001105891,0.0010716533,0.0,0.0,0.0010294334,0.0010101721,0.001066979,0.0010891609,0.0010717621,0.0010597169,0.0,0.0010294357,0.0010101727,0.001066979,0.0010777446,0.0,0.0010597148,0.0010457808,0.0010379974,0.0010483365,0.0010536624,0.0010651464,0.0,0.0010597168,0.0,0.0010294334,0.0010101721,0.0010669787,0.0010777328,0.0,0.0010597148,0.001045781,0.0010379974,0.0010483365,0.0010536624,0.0010651464,0.001071673,0.001059715,0.0010457812,0.0010379978,0.0010483365,0.0010536624,0.0010651468,0.0,0.0,0.0,0.0010294334,0.0010101721,0.0010669787,0.00108916,0.0010716455,0.0010597145,0.0,0.0010294334,0.0010101721,0.0010669787,0.0010777344,0.001071665,0.0010597148,0.0010457808,0.0010669787,0.0,0.0010294334,0.0010101722,0.0,0.0010597145,0.0010457808,0.0010379974,0.0010483365,0.0010536624,0.0010651473,0.0,0.0010597147,0.0010457808,0.0010379974,0.0010483365,0.0010536624,0.0010651465,0.0,0.0010597162,0.0010457808,0.0010379974,0.0010483365,0.0010536624,0.0010651487,0.0010716653,0.0010597147,0.0010457808,0.0010379974,0.0010483365,0.0010536624,0.0010651469,0.0,0.0,0.0010457808,0.0010294334,0.0010195305,0.0010293681,0.0011058917,0.0,0.0010597147,0.0010457808,0.0010379974,0.0010483365,0.0010536624,0.0010651464,0.0010719297,0.001059718,0.0010457812,0.0010379973,0.0010483365,0.0010536624,0.0010651492
k__Bacteria|p__Actinobacteria|c__Coriobacteriia|o__Coriobacteriales|f__Atopobiaceae|g__Atopobium|s__Atopobium_SGB47944,0.0,0.0010583833,0.0010447748,0.0010374971,0.0010487653,0.0010549957,0.0010671306,0.0,0.0010583835,0.0010447748,0.0010374971,0.0010487653,0.0010549957,0.0010671302,0.0,0.0,0.0010447826,0.0010287774,0.0010193926,0.0010301761,0.0011058123,0.0010700085,0.0,0.0010447748,0.0010287717,0.0010193923,0.0010301761,0.0011058116,0.0,0.0,0.0010447748,0.0010287717,0.0010193923,0.0010301761,0.0011058114,0.0010700084,0.0010583834,0.0010447748,0.0010374971,0.0010487653,0.0010549957,0.0010671302,0.0,0.0010583836,0.0010447749,0.0010374971,0.0010487653,0.0010549957,0.0010671313,0.0010700085,0.0010583834,0.0010447748,0.0010374971,0.0010487653,0.0010549957,0.0010671304,0.0,0.0010583834,0.0010447751,0.0010374971,0.0010487653,0.0010549957,0.0010671312,0.0,0.0010583835,0.0010447748,0.0010374971,0.0010487653,0.0010549957,0.0010671304,0.0,0.0010583835,0.0,0.0010287717,0.0010098724,0.0010658097,0.0010774578,0.0,0.0010583834,0.0010447748,0.0010374971,0.0010487653,0.0010549957,0.0010671313,0.0,0.0,0.0,0.0010287717,0.0010098724,0.0010658097,0.0010885618,0.0010700093,0.0010583835,0.0,0.0010287717,0.0010098724,0.0010658097,0.0010774636,0.0010700107,0.0,0.0,0.001028772,0.0010098724,0.0010658097,0.0010885611,0.0010700099,0.0,0.0010447748,0.0,0.0010583834,0.0010447748,0.00106581,0.001070009,0.0,0.0,0.0010287717,0.0010098724,0.0010658097,0.0010885589,0.0,0.0010583838,0.0,0.0010287717,0.0010098724,0.0010658097,0.001077456,0.0,0.0,0.0010447755,0.0010583835,0.0,0.0010287717,0.0010583834,0.00107001,0.0010583833,0.0,0.0010287717,0.0010098724,0.0010658097,0.0010774558,0.0,0.0,0.0010447749,0.0010287717,0.0010193923,0.0010301761,0.0011058119,0.0,0.0,0.0010447748,0.0,0.0010583834,0.0010447748,0.00106581,0.0,0.0010583854,0.0,0.0010583835,0.0,0.0010583834,0.0010447749,0.0,0.0,0.001044779,0.0010287727,0.0010193922,0.0010301761,0.0011058124,0.0,0.0010584036,0.001058385,0.001052806,0.0010643399,0.0,0.0009874863,0.0,0.0010583845,0.0010447751,0.0,0.0010583835,0.0010447748,0.0010375,0.0010700085,0.0010583834,0.0010447748,0.0,0.0010583834,0.0010447748,0.0010374982,0.0,0.0010583835,0.0010447749,0.0010374971,0.0010487653,0.0010549957,0.0010671306,0.0010700085,0.0010583834,0.0010447748,0.0010374971,0.0010487653,0.0010549957,0.0010671304,0.001070011,0.0,0.0,0.0010287717,0.0010098724,0.0010658097,0.0010885587,0.0010700074,0.0,0.0010447748,0.0010287717,0.0010193923,0.0010301761,0.0011058119,0.0,0.0010583835,0.0,0.0010287717,0.0010098724,0.0010658097,0.0010774555,0.0010700113,0.0,0.0010447748,0.0010287717,0.0010193923,0.0010301761,0.0011058211,0.0,0.0010583834,0.0010447748,0.0010374971,0.0010487653,0.0010549957,0.0010671328,0.001070008,0.0010583834,0.0010447748,0.0010374971,0.0010487653,0.0010549957,0.0010671302,0.0,0.0010583836,0.0010447748,0.0010374971,0.0010487653,0.0010549957,0.0010671306,0.0,0.0,0.0010447748,0.0010287717,0.0010193923,0.0010301761,0.0011058119,0.0010700084,0.0010583834,0.0,0.0,0.0010583835,0.0010583835,0.0010528067,0.0010700113,0.0,0.0010447749,0.0,0.0010583835,0.0010447748,0.0010658145,0.0010700205,0.0,0.0010583835,0.0010447748,0.0010374971,0.0,0.0010583842,0.0,0.0010583833,0.0,0.0010287717,0.0010098724,0.0010658096,0.0010774621,0.0010700083,0.0,0.0010447748,0.0010287717,0.0010193922,0.0010301765,0.0011058835,0.0010700101,0.0,0.0,0.0010287717,0.0010098724,0.0010658097,0.0010885587,0.0,0.0010583835,0.0010447749,0.0010374971,0.0010487653,0.0010549957,0.0010671302,0.0010699957,0.0010583831,0.0010447748,0.0,0.0010583834,0.0010447748,0.0010374979,0.0010700084,0.0,0.0010447748,0.0010287719,0.0010193923,0.0010301761,0.0011058148,0.0010700092,0.0,0.0010447749,0.0010287717,0.0010193922,0.0010301763,0.0011058138,0.0,0.0010583834,0.0010583835,0.001052806,0.00106434,0.0,0.0009875327,0.0010700113,0.0,0.0010447748,0.0010287717,0.0010193923,0.0010301761,0.0011058114,0.0010700101,0.0,0.0,0.0010287717,0.0010098724,0.0010658097,0.001088561,0.0010700012,0.0010583836,0.0,0.0010287724,0.0010098726,0.0010658097,0.001077465,0.0,0.0010583834,0.0010447748,0.0010374971,0.0010487653,0.0010549957,0.0010671302,0.0,0.001058384,0.0,0.0010287717,0.0010098724,0.0010658097,0.0010774555,0.0,0.0010583834,0.0010447749,0.0010374971,0.0010487653,0.0010549957,0.0010671306,0.0010700128,0.0010583834,0.0010447749,0.0010374973,0.0010487653,0.0010549957,0.001067131,0.0,0.0,0.0,0.0010287717,0.0010098724,0.0010658097,0.0010885595,0.0010700083,0.0010583834,0.0,0.0010287717,0.0010098724,0.0010658097,0.0010774564,0.0010700115,0.0010583834,0.0010447748,0.0010658097,0.0,0.0010287717,0.0010098725,0.0,0.0010583834,0.0010447748,0.0010374971,0.0010487653,0.0010549957,0.0010671315,0.0,0.0010583834,0.0010447748,0.0010374971,0.0010487653,0.0010549957,0.0010671306,0.0,0.0010583834,0.0010447748,0.0010374971,0.0010487653,0.0010549957,0.0010671334,0.0010700084,0.0010583834,0.0010447748,0.0010374971,0.0010487653,0.0010549957,0.001067131,0.0,0.0,0.0010447748,0.0010287717,0.0010193923,0.0010301761,0.0011058119,0.0,0.0010583834,0.0010447748,0.0010374971,0.0010487653,0.0010549957,0.0010671304,0.0010700718,0.0010583842,0.0010447749,0.0010374972,0.0010487653,0.0010549957,0.0010671346
k__Bacteria|p__Actinobacteria|c__Actinomycetia|o__Propionibacteriales|f__Propionibacteriaceae|g__Cutibacterium|s__Cutibacterium_granulosum,0.0,0.0010590539,0.0010454258,0.0010381053,0.0010492762,0.001055415,0.0010674761,0.0,0.001059054,0.0010454258,0.0010381053,0.0010492762,0.001055415,0.0010674761,0.0,0.0,0.0010454564,0.001029423,0.0010199788,0.0010306645,0.0011063043,0.0010707506,0.0,0.0010454258,0.0010294014,0.0010199774,0.0010306645,0.0011063033,0.0,0.0,0.0010454258,0.0010294014,0.0010199774,0.0010306645,0.0011063034,0.0010706973,0.0010590538,0.0010454258,0.0010381053,0.0010492762,0.001055415,0.0010674761,0.002697582,0.0010590553,0.0010454261,0.0010381053,0.0010492762,0.001055415,0.0010674766,0.0010706973,0.0010590538,0.0010454258,0.0010381053,0.0010492762,0.001055415,0.0010674761,0.0019694422,0.0010590544,0.0010454269,0.0010381053,0.0010492766,0.001055415,0.001067477,0.0,0.001059054,0.0010454258,0.0010381053,0.0010492762,0.001055415,0.0010674762,0.0,0.001059054,0.0,0.0010294014,0.0010104785,0.0010664578,0.0010780087,0.0,0.001059054,0.0010454258,0.0010381053,0.0010492762,0.001055415,0.0010674767,0.0,0.0,0.0,0.0010294014,0.0010104785,0.0010664578,0.0010891288,0.00107071,0.001059054,0.0,0.0010294014,0.0010104785,0.0010664578,0.0010780173,0.0010708014,0.0,0.0,0.0010294017,0.0010104785,0.0010664578,0.0010891275,0.0010707335,0.0,0.0010454258,0.0,0.0010590538,0.0010454258,0.001066458,0.0010707017,0.0,0.0,0.0010294014,0.0010104785,0.0010664577,0.0010891262,0.0,0.0010590567,0.0,0.0010294014,0.0010104785,0.0010664577,0.0010780065,0.0,0.0,0.0010454283,0.0010590564,0.0,0.0010294014,0.0010590542,0.0010707431,0.0010590544,0.0,0.0010294013,0.0010104785,0.0010664577,0.0010780062,0.0,0.0,0.0010454261,0.0010294014,0.0010199774,0.0010306645,0.001106304,0.0,0.0,0.0010454258,0.0,0.0010590538,0.0010454258,0.0010664578,0.0,0.0010590621,0.0,0.0010590542,0.0,0.0010590538,0.0010454259,0.0,0.0,0.0010454638,0.0010294073,0.0010199777,0.0010306645,0.0011063045,0.0,0.0010591291,0.0010590631,0.0010534365,0.0010648719,0.0,0.0009880704,0.0,0.0010590585,0.0010454278,0.0,0.0010590547,0.0010454259,0.0010381097,0.0010707086,0.0010590538,0.0010454258,0.0,0.0010590538,0.0010454258,0.0010381067,0.0,0.0010590542,0.0010454259,0.0010381053,0.0010492762,0.001055415,0.0010674761,0.0010706972,0.0010590538,0.0010454258,0.0010381053,0.0010492762,0.001055415,0.0010674762,0.001070741,0.0,0.0,0.0010294014,0.0010104785,0.0010664577,0.0010891262,0.0010707064,0.0,0.0010454258,0.0010294014,0.0010199774,0.0010306645,0.0011063039,0.0,0.0010590542,0.0,0.0010294014,0.0010104785,0.0010664577,0.0010780059,0.0010707213,0.0,0.0010454258,0.0010294014,0.0010199774,0.0010306645,0.0011063135,0.0,0.001059054,0.0010454258,0.0010381053,0.0010492762,0.001055415,0.0010674779,0.0010706984,0.0010590538,0.0010454258,0.0010381053,0.0010492762,0.001055415,0.0010674761,0.0,0.0010590551,0.0010454261,0.0010381053,0.0010492762,0.001055415,0.0010674761,0.0,0.0,0.0010454258,0.0010294014,0.0010199774,0.0010306645,0.0011063035,0.0010707001,0.0010590538,0.0,0.0,0.0010590542,0.001059054,0.0010534358,0.0010707532,0.0,0.0010454265,0.0,0.0010590542,0.0010454258,0.0010664621,0.001070856,0.0,0.0010590544,0.0010454259,0.0010381053,0.0,0.0010590549,0.0,0.0010590539,0.0,0.0010294014,0.0010104785,0.0010664578,0.001078013,0.0010707075,0.0,0.0010454258,0.0010294014,0.0010199777,0.0010306651,0.0011063806,0.0010707282,0.0,0.0,0.0010294014,0.0010104785,0.0010664577,0.0010891261,0.0,0.0010590542,0.0010454259,0.0010381053,0.0010492762,0.001055415,0.0010674761,0.0010707092,0.0010590542,0.0010454259,0.0,0.001059054,0.0010454258,0.0010381071,0.0010707006,0.0,0.0010454261,0.0010294018,0.0010199777,0.0010306645,0.0011063059,0.0010707033,0.0,0.0010454259,0.0010294014,0.0010199777,0.0010306647,0.0011063057,0.0,0.0010590542,0.0010590542,0.0010534354,0.001064872,0.0,0.0009881271,0.001070749,0.0,0.0010454259,0.0010294014,0.0010199774,0.0010306645,0.0011063034,0.0010707045,0.0,0.0,0.0010294014,0.0010104785,0.0010664578,0.001089128,0.0010707976,0.0010590554,0.0,0.0010294031,0.0010104789,0.0010664578,0.001078016,0.0,0.001059054,0.0010454259,0.0010381053,0.0010492762,0.001055415,0.0010674761,0.0,0.0010590567,0.0,0.0010294014,0.0010104785,0.0010664577,0.0010780061,0.0,0.001059054,0.0010454261,0.0010381053,0.0010492762,0.001055415,0.0010674762,0.0010707176,0.0010590543,0.0010454261,0.0010381057,0.0010492766,0.001055415,0.0010674766,0.0,0.0,0.0,0.0010294014,0.0010104785,0.0010664577,0.0010891266,0.0010706967,0.0010590538,0.0032757106,0.0010294014,0.0010104785,0.0010664577,0.0010780073,0.0010707171,0.001059054,0.0010454258,0.0010664577,0.0,0.0010294014,0.0010104786,0.0,0.0010590538,0.0010454258,0.0010381053,0.0010492762,0.001055415,0.001067477,0.0,0.001059054,0.0010454258,0.0010381053,0.0010492762,0.001055415,0.0010674765,0.0,0.0010590551,0.0010454259,0.0010381053,0.0010492762,0.001055415,0.0010674782,0.0010707112,0.001059054,0.0010454258,0.0010381053,0.0010492762,0.001055415,0.0010674767,0.0,0.0,0.0010454258,0.0010294014,0.0010199774,0.0010306645,0.0011063038,0.0,0.001059054,0.0010454258,0.0010381053,0.0010492762,0.001055415,0.0010674762,0.0010709931,0.0010590568,0.0010454261,0.0010381052,0.0010492766,0.001055415,0.0010674795
k__Bacteria|p__Actinobacteria|c__Actinomycetia|o__Corynebacteriales|f__Corynebacteriaceae|g__Corynebacterium|s__Corynebacterium_pseudodiphtheriticum,0.0,0.0010629636,0.0010494074,0.0010421094,0.00105319,0.0010592622,0.001071221,0.0,0.0010629636,0.0010494074,0.0010421094,0.00105319,0.0010592622,0.0010712208,0.0,0.0,0.0010494109,0.0010334561,0.0010240522,0.0010346625,0.0011097486,0.0010745162,0.0,0.0010494074,0.0010334528,0.0010240523,0.0010346625,0.001109749,0.0,0.0,0.0010494074,0.0010334526,0.0010240523,0.0010346625,0.0011097491,0.0010745337,0.0010629636,0.0010494074,0.0010421094,0.00105319,0.0010592622,0.0010712208,0.0021012665,0.0010629635,0.0010494075,0.0010421094,0.00105319,0.0010592622,0.0010712218,0.0010745338,0.0010629636,0.0010494074,0.0010421094,0.00105319,0.0010592622,0.0010712208,0.0,0.0010629637,0.0010494078,0.0010421096,0.00105319,0.0010592622,0.0010712207,0.0011781366,0.0010629636,0.0010494074,0.0010421094,0.00105319,0.0010592622,0.001071221,0.0,0.0010629636,0.0,0.0010334526,0.0010145943,0.0010703114,0.0010817418,0.0,0.0010629636,0.0010494074,0.0010421094,0.00105319,0.0010592622,0.0010712208,0.0,0.0,0.0,0.0010334526,0.0010145939,0.0010703114,0.0010927714,0.0010745273,0.0010629636,0.0,0.0010334526,0.0010145939,0.0010703114,0.001081739,0.0010744829,0.0,0.0,0.0010334527,0.0010145939,0.0010703114,0.0010927721,0.0010745206,0.0,0.0010494074,0.0,0.0010629636,0.0010494074,0.001070311,0.0010745311,0.0,0.0,0.0010334528,0.0010145943,0.0010703114,0.0010927727,0.0,0.0010629634,0.0,0.0010334526,0.0010145943,0.0010703114,0.0010817413,0.0014407816,0.0,0.0010494082,0.0010629629,0.0,0.0010334528,0.0010629637,0.0010745217,0.0010629634,0.0,0.0010334525,0.0010145939,0.0010703114,0.0010817415,0.0,0.0,0.0010494076,0.0010334526,0.0010240523,0.0010346625,0.0011097487,0.0,0.0,0.0010494074,0.0,0.0010629636,0.0010494074,0.0010703111,0.0,0.0010629642,0.0,0.0010629637,0.0,0.0010629636,0.0010494074,0.0,0.0,0.0010494066,0.0010334527,0.0010240523,0.0010346625,0.0011097485,0.0,0.0010629636,0.0010629635,0.0010573647,0.0010686967,0.0,0.0009922272,0.0,0.0010629635,0.0010494076,0.0,0.0010629639,0.0010494074,0.0010421108,0.0010745313,0.0010629636,0.0010494074,0.0,0.0010629636,0.0010494074,0.0010421096,0.0,0.0010629639,0.0010494074,0.0010421094,0.00105319,0.0010592622,0.0010712208,0.0010745337,0.0010629636,0.0010494074,0.0010421094,0.00105319,0.0010592622,0.001071221,0.0010745149,0.0,0.0,0.0010334528,0.0010145943,0.0010703114,0.0010927726,0.0010745273,0.0,0.0010494074,0.0010334528,0.0010240523,0.0010346625,0.0011097488,0.0,0.0010629637,0.0,0.0010334528,0.0010145943,0.0010703114,0.0010817414,0.0010745263,0.0,0.0010494074,0.0010334526,0.0010240523,0.0010346625,0.0011097479,0.0,0.0010629636,0.0010494074,0.0010421094,0.00105319,0.0010592622,0.0010712211,0.0010745327,0.0010629636,0.0010494074,0.0010421094,0.00105319,0.0010592622,0.0010712208,0.0,0.0010629635,0.0010494074,0.0010421094,0.00105319,0.0010592622,0.001071221,0.0,0.0,0.0010494074,0.0010334526,0.0010240523,0.0010346625,0.0011097491,0.0010745319,0.0010629636,0.0,0.0,0.0010629637,0.0010629636,0.0010573647,0.0010745139,0.0,0.0010494079,0.0,0.0010629637,0.0010494076,0.0010703148,0.0010744771,0.0,0.0010629637,0.0010494074,0.0010421094,0.0,0.0010629636,0.0,0.0010629635,0.0,0.0010334528,0.0010145943,0.0010703113,0.0010817442,0.0010745306,0.0,0.0010494074,0.0010334528,0.0010240523,0.0010346626,0.0011097376,0.0010745283,0.0,0.0,0.0010334526,0.0010145943,0.0010703114,0.0010927728,0.0,0.0010629637,0.0010494074,0.0010421094,0.00105319,0.0010592622,0.0010712208,0.0010745162,0.0010629636,0.0010494074,0.0,0.0010629636,0.0010494074,0.0010421097,0.0010745305,0.0,0.0010494078,0.0010334529,0.0010240523,0.0010346625,0.0011097486,0.0010745313,0.0,0.0010494074,0.0010334526,0.0010240523,0.0010346626,0.0011097483,0.0,0.0010629636,0.0010629637,0.0010573647,0.0010686966,0.0,0.0009922462,0.0010745057,0.0,0.0010494074,0.0010334526,0.0010240523,0.0010346625,0.0011097491,0.0010745305,0.0,0.0,0.0010334528,0.0010145943,0.0010703114,0.001092772,0.0010744866,0.0010629632,0.0025586342,0.0010334529,0.001014594,0.001070311,0.0010817412,0.0,0.0010629637,0.0010494074,0.0010421094,0.00105319,0.0010592622,0.0010712208,0.0,0.0010629642,0.0,0.0010334528,0.0010145943,0.0010703114,0.0010817414,0.0,0.0010629637,0.0010494076,0.0010421094,0.00105319,0.0010592622,0.0010712208,0.0010745253,0.0010629636,0.0010494075,0.0010421094,0.00105319,0.0010592622,0.0010712211,0.0,0.0,0.0,0.0010334528,0.0010145943,0.0010703114,0.0010927728,0.0010745338,0.0010629636,0.0010746313,0.0010334528,0.0010145943,0.0010703114,0.0010817413,0.0010745279,0.0010629637,0.0010494074,0.0010703114,0.0,0.0010334528,0.001014594,0.0,0.0010629636,0.0010494074,0.0010421094,0.00105319,0.0010592622,0.0010712211,0.0,0.0010629636,0.0010494074,0.0010421094,0.00105319,0.0010592622,0.0010712207,0.0,0.0010629634,0.0010494074,0.0010421094,0.00105319,0.0010592622,0.0010712208,0.001074526,0.0010629636,0.0010494074,0.0010421094,0.00105319,0.0010592622,0.001071221,0.0,0.0,0.0010494074,0.0010334526,0.0010240523,0.0010346625,0.0011097488,0.0,0.0010629636,0.0010494074,0.0010421094,0.00105319,0.0010592622,0.001071221,0.0010745231,0.0010629639,0.0010494075,0.0010421094,0.00105319,0.0010592622,0.001071221
k__Bacteria|p__Actinobacteria|c__Coriobacteriia|o__Eggerthellales|f__Eggerthellaceae|g__GGB9414|s__GGB9414_SGB14778,0.0,0.0010608302,0.0010473678,0.0010402527,0.0010517242,0.0010581688,0.0010704179,0.0,0.0010608304,0.0010473678,0.0010402527,0.0010517242,0.0010581688,0.001070418,0.0,0.0,0.0010473841,0.0010315266,0.0010223043,0.0010333061,0.0011082856,0.0010723482,0.0,0.0010473678,0.0010315147,0.0010223036,0.0010333061,0.0011082849,0.0,0.0,0.0010473678,0.0010315147,0.0010223036,0.0010333061,0.0011082848,0.001072315,0.0010608304,0.0010473678,0.0010402527,0.0010517242,0.0010581688,0.0010704178,0.0,0.0010608311,0.0010473682,0.0010402527,0.0010517242,0.0010581688,0.0010704183,0.0010723151,0.0010608304,0.0010473678,0.0010402527,0.0010517242,0.0010581688,0.0010704179,0.0,0.0010608307,0.0010473683,0.0010402527,0.0010517242,0.0010581688,0.0010704185,0.0,0.0010608304,0.0010473678,0.0010402527,0.0010517242,0.0010581688,0.0010704179,0.0,0.0010608304,0.0,0.0010315147,0.0010127673,0.0010682632,0.0010800834,0.0,0.0010608304,0.0010473678,0.0010402527,0.0010517242,0.0010581688,0.0010704183,0.0,0.0,0.0,0.0010315147,0.0010127673,0.0010682632,0.0010910284,0.0010723236,0.0010608304,0.0,0.0010315147,0.0010127673,0.0010682632,0.0010800881,0.0010723837,0.0,0.0,0.0010315151,0.0010127673,0.0010682632,0.0010910279,0.001072338,0.0,0.0010473678,0.0,0.0010608304,0.0010473678,0.001068263,0.0010723178,0.0,0.0,0.0010315147,0.0010127673,0.0010682632,0.0010910268,0.0,0.0010608318,0.0,0.0010315147,0.0010127673,0.0010682632,0.0010800819,0.0,0.0,0.0010473691,0.0010608315,0.0,0.0010315147,0.0010608307,0.0010723401,0.0010608307,0.0,0.0010315147,0.0010127673,0.0010682632,0.0010800814,0.0,0.0,0.0010473679,0.0010315147,0.0010223036,0.0010333061,0.0011082854,0.0,0.0,0.0010473678,0.0,0.0010608304,0.0010473678,0.0010682632,0.0,0.0010608342,0.0,0.0010608305,0.0,0.0010608304,0.0010473678,0.0,0.0,0.0010473849,0.0010315175,0.0010223037,0.0010333061,0.0011082854,0.0,0.0010608704,0.0010608349,0.0010554087,0.0010671301,0.0,0.0009905292,0.0,0.0010608328,0.0010473689,0.0,0.0010608307,0.0010473678,0.0010402554,0.0010723211,0.0010608304,0.0010473678,0.0,0.0010608304,0.0010473678,0.0010402536,0.0,0.0010608304,0.0010473678,0.0010402527,0.0010517242,0.0010581688,0.001070418,0.0010723151,0.0010608304,0.0010473678,0.0010402527,0.0010517242,0.0010581688,0.0010704179,0.0010723434,0.0,0.0,0.0010315147,0.0010127673,0.0010682632,0.0010910267,0.00107232,0.0,0.0010473678,0.0010315147,0.0010223036,0.0010333061,0.0011082852,0.0,0.0010608305,0.0,0.0010315147,0.0010127673,0.0010682632,0.0010800814,0.0010723309,0.0,0.0010473678,0.0010315147,0.0010223036,0.0010333061,0.0011082909,0.0,0.0010608304,0.0010473678,0.0010402527,0.0010517242,0.0010581688,0.0010704192,0.0010723156,0.0010608304,0.0010473678,0.0010402527,0.0010517242,0.0010581688,0.0010704178,0.0,0.0010608308,0.0010473682,0.0010402527,0.0010517242,0.0010581688,0.0010704179,0.0,0.0,0.0010473678,0.0010315147,0.0010223036,0.0010333061,0.0011082852,0.0010723172,0.0010608304,0.0,0.0,0.0010608305,0.0010608304,0.0010554091,0.001072352,0.0,0.0010473682,0.0,0.0010608305,0.0010473678,0.0010682661,0.0010724217,0.0,0.0010608307,0.0010473678,0.0010402527,0.0,0.0010608309,0.0,0.0010608303,0.0,0.0010315147,0.0010127673,0.0010682632,0.0010800867,0.001072321,0.0,0.0010473678,0.0010315147,0.0010223037,0.0010333065,0.0011083275,0.0010723326,0.0,0.0,0.0010315147,0.0010127673,0.0010682632,0.0010910267,0.0,0.0010608305,0.0010473678,0.0010402527,0.0010517242,0.0010581688,0.001070418,0.001072331,0.0010608304,0.0010473678,0.0,0.0010608302,0.0010473678,0.0010402537,0.0010723171,0.0,0.0010473678,0.0010315151,0.0010223036,0.0010333061,0.0011082868,0.0010723186,0.0,0.0010473678,0.0010315147,0.0010223037,0.0010333062,0.0011082864,0.0,0.0010608304,0.0010608305,0.0010554083,0.0010671302,0.0,0.000990568,0.0010723504,0.0,0.0010473678,0.0010315147,0.0010223036,0.0010333061,0.0011082848,0.0010723197,0.0,0.0,0.0010315147,0.0010127673,0.0010682632,0.0010910279,0.0010723767,0.0010608312,0.0,0.0010315158,0.0010127673,0.0010682631,0.001080088,0.0,0.0010608303,0.0010473678,0.0010402527,0.0010517242,0.0010581688,0.0010704178,0.0,0.0010608317,0.0,0.0010315147,0.0010127673,0.0010682632,0.0010800814,0.0,0.0010608304,0.0010473679,0.0010402527,0.0010517242,0.0010581688,0.0010704179,0.0010723278,0.0010608305,0.0010473678,0.0010402527,0.0010517242,0.0010581688,0.0010704182,0.0,0.0,0.0,0.0010315147,0.0010127673,0.0010682632,0.0010910273,0.0010723148,0.0010608304,0.0,0.0010315147,0.0010127673,0.0010682632,0.0010800824,0.0010723276,0.0010608303,0.0010473678,0.0010682632,0.0,0.0010315147,0.0010127674,0.0,0.0010608304,0.0010473678,0.0010402527,0.0010517242,0.0010581688,0.0010704187,0.0,0.0010608304,0.0010473678,0.0010402527,0.0010517242,0.0010581688,0.001070418,0.0,0.0010608309,0.0010473678,0.0010402527,0.0010517242,0.0010581688,0.0010704193,0.0010723227,0.0010608304,0.0010473678,0.0010402527,0.0010517242,0.0010581688,0.0010704182,0.0,0.0,0.0010473678,0.0010315147,0.0010223036,0.0010333059,0.0011082854,0.0,0.0010608304,0.0010473678,0.0010402527,0.0010517242,0.0010581688,0.0010704179,0.0010725122,0.001060832,0.0010473682,0.0010402526,0.0010517242,0.0010581688,0.0010704201
k__Bacteria|p__Actinobacteria|c__Actinomycetia|o__Propionibacteriales|f__Propionibacteriaceae|g__Cutibacterium|s__Cutibacterium_acnes,0.0,0.0010624221,0.0010489277,0.0010417311,0.0010530071,0.0010592688,0.0010713675,0.0,0.0010624225,0.0010489277,0.0010417311,0.0010530071,0.0010592688,0.0010713675,0.0,0.0,0.0010489313,0.0010330413,0.0010237427,0.0010345512,0.0011094952,0.001073935,0.0,0.0010489273,0.001033038,0.0010237427,0.0010345512,0.001109495,0.0,0.0,0.0010489273,0.001033038,0.0010237427,0.0010345512,0.001109495,0.0010739352,0.0010624224,0.0010489277,0.0010417311,0.0010530071,0.0010592688,0.0010713675,0.0,0.0010624222,0.0010489275,0.0010417311,0.0010530071,0.0010592688,0.0010713679,0.0010739354,0.0010624224,0.0010489277,0.0010417311,0.0010530071,0.0010592688,0.0010713674,0.0,0.0010624223,0.0010489278,0.0010417312,0.0010530071,0.0010592688,0.0010713679,0.0,0.0010624225,0.0010489277,0.0010417311,0.0010530071,0.0010592688,0.0010713676,0.0,0.0010624225,0.0,0.001033038,0.001014249,0.001069807,0.0010814277,0.0,0.0010624224,0.0010489277,0.0010417311,0.0010530071,0.0010592688,0.0010713678,0.0,0.0,0.0,0.001033038,0.001014249,0.001069807,0.0010923988,0.001073935,0.0010624225,0.0,0.001033038,0.001014249,0.001069807,0.001081429,0.0010739323,0.0,0.0031272562,0.001033038,0.001014249,0.001069807,0.0010923991,0.0010739353,0.0,0.0010489277,0.0,0.0010624224,0.0010489277,0.001069807,0.0010739346,0.0,0.0,0.001033038,0.001014249,0.001069807,0.0010923985,0.0,0.0010624224,0.0,0.001033038,0.001014249,0.001069807,0.0010814271,0.0,0.0,0.0010489278,0.0010624221,0.0,0.001033038,0.0010624224,0.0010739336,0.0010624223,0.0,0.0010330379,0.001014249,0.001069807,0.0010814271,0.0,0.0,0.0010489274,0.001033038,0.0010237427,0.0010345512,0.0011094952,0.0,0.0,0.0010489277,0.0,0.0010624224,0.0010489277,0.0010698069,0.0,0.0010624226,0.0,0.0010624226,0.0,0.0010624224,0.0010489274,0.0,0.0,0.0010489281,0.0010330381,0.0010237427,0.0010345512,0.001109495,0.0,0.001062429,0.0010624226,0.0010569212,0.0010684462,0.0,0.000991958,0.0,0.0010624222,0.0010489277,0.0,0.0010624223,0.0010489274,0.0010417323,0.0010739352,0.0010624224,0.0010489277,0.005346492,0.0010624224,0.0010489277,0.0010417316,0.0,0.0010624223,0.0010489277,0.0010417311,0.0010530071,0.0010592688,0.0010713675,0.0010739354,0.0010624224,0.0010489277,0.0010417311,0.0010530071,0.0010592688,0.0010713676,0.0010739319,0.0,0.0,0.001033038,0.001014249,0.001069807,0.0010923985,0.0010739336,0.0,0.0010489277,0.001033038,0.0010237427,0.0010345512,0.0011094951,0.0,0.0010624226,0.0,0.001033038,0.001014249,0.001069807,0.0010814271,0.0010739363,0.0,0.0010489277,0.001033038,0.0010237427,0.0010345512,0.0011094974,0.0,0.0010624224,0.0010489277,0.0010417311,0.0010530071,0.0010592688,0.001071368,0.0010739352,0.0010624224,0.0010489277,0.0010417311,0.0010530071,0.0010592688,0.0010713675,0.0,0.0010624225,0.0010489274,0.0010417311,0.0010530071,0.0010592688,0.0010713675,0.0,0.0050969548,0.0010489277,0.001033038,0.0010237427,0.0010345512,0.0011094951,0.0010739354,0.0010624224,0.0,0.0,0.0010624226,0.0010624225,0.0010569218,0.0010739374,0.0,0.0010489275,0.0,0.0010624226,0.0010489277,0.0010698088,0.001073942,0.0,0.0010624223,0.0010489274,0.0010417311,0.0,0.0010624225,0.0,0.0010624224,0.0,0.001033038,0.001014249,0.001069807,0.0010814297,0.0010739346,0.0,0.0010489277,0.001033038,0.0010237427,0.0010345514,0.0011095128,0.0010739354,0.0,0.0,0.001033038,0.001014249,0.001069807,0.0010923983,0.0,0.0010624224,0.0010489277,0.0010417311,0.0010530071,0.0010592688,0.0010713675,0.0010739437,0.0010624223,0.0010489274,0.0,0.0010624224,0.0010489277,0.0010417312,0.0010739346,0.0,0.0010489274,0.001033038,0.0010237427,0.0010345512,0.0011094954,0.0010739352,0.0,0.0010489277,0.001033038,0.0010237427,0.0010345513,0.0011094951,0.0020265745,0.0010624223,0.0010624223,0.0010569214,0.0010684462,0.0,0.0009919842,0.0010739324,0.0,0.0010489274,0.001033038,0.0010237427,0.0010345512,0.001109495,0.0010739357,0.0,0.0,0.001033038,0.001014249,0.001069807,0.0010923989,0.0010739287,0.001062422,0.0,0.0010330383,0.0010142487,0.001069807,0.0010814293,0.0027895449,0.0010624225,0.0010489274,0.0010417311,0.0010530071,0.0010592688,0.0010713675,0.0,0.0010624225,0.0,0.001033038,0.001014249,0.001069807,0.0010814271,0.0,0.0010624224,0.0010489274,0.0010417311,0.0010530071,0.0010592688,0.0010713675,0.0010739346,0.0010624222,0.0010489275,0.0010417312,0.0010530071,0.0010592688,0.0010713676,0.0,0.0,0.0,0.001033038,0.001014249,0.001069807,0.0010923988,0.0010739352,0.0010624224,0.0,0.001033038,0.001014249,0.001069807,0.0010814272,0.001073935,0.0010624225,0.0010489277,0.001069807,0.0,0.001033038,0.0010142492,0.0,0.0010624224,0.0010489277,0.0010417311,0.0010530071,0.0010592688,0.0010713679,0.0,0.0010624224,0.0010489277,0.0010417311,0.0010530071,0.0010592688,0.0010713676,0.0,0.0010624222,0.0010489274,0.0010417311,0.0010530071,0.0010592688,0.0010713683,0.0010739333,0.0010624224,0.0010489277,0.0010417311,0.0010530071,0.0010592688,0.0010713675,0.0,0.0,0.0010489277,0.001033038,0.0010237427,0.0010345512,0.0011094951,0.0,0.0010624224,0.0010489277,0.0010417311,0.0010530071,0.0010592688,0.0010713676,0.001074,0.0010624225,0.0010489275,0.0010417311,0.0010530071,0.0010592688,0.0010713688
k__Bacteria|p__Actinobacteria|c__Actinomycetia|o__Corynebacteriales|f__Corynebacteriaceae|g__Corynebacterium|s__Corynebacterium_variabile,0.0,0.0010612328,0.0010477244,0.0010405332,0.0010518583,0.0010581611,0.0010703056,0.0,0.0010612329,0.0010477244,0.0010405332,0.0010518583,0.0010581611,0.0010703056,0.0,0.0,0.0010477375,0.0010318307,0.001022533,0.0010333863,0.0011084733,0.0010727992,0.0,0.0010477244,0.0010318224,0.0010225326,0.0010333863,0.0011084728,0.0,0.0,0.0010477244,0.0010318224,0.0010225326,0.0010333863,0.0011084728,0.0010727602,0.0010612328,0.0010477244,0.0010405332,0.0010518583,0.0010581611,0.0010703056,0.0,0.0010612333,0.0010477246,0.0010405332,0.0010518583,0.0010581611,0.0010703063,0.0010727603,0.0010612328,0.0010477244,0.0010405332,0.0010518583,0.0010581611,0.0010703057,0.0,0.001061233,0.001047725,0.0010405332,0.0010518583,0.0010581611,0.001070306,0.0,0.0010612329,0.0010477244,0.0010405332,0.0010518583,0.0010581611,0.0010703057,0.0,0.0010612329,0.0,0.0010318224,0.0010130228,0.0010686379,0.0010803154,0.0,0.0010612328,0.0010477244,0.0010405331,0.0010518583,0.0010581611,0.0010703057,0.0,0.0,0.0,0.0010318224,0.0010130228,0.0010686379,0.0010913045,0.0010727709,0.0010612329,0.0,0.0010318224,0.0010130228,0.0010686379,0.0010803206,0.0010728574,0.0,0.0,0.0010318224,0.0010130228,0.0010686379,0.0010913044,0.0010727893,0.0,0.0010477244,0.0,0.0010612328,0.0010477244,0.0010686378,0.0010727633,0.0,0.0,0.0010318224,0.0010130228,0.0010686379,0.0010913044,0.0,0.0010612343,0.0,0.0010318224,0.0010130228,0.0010686379,0.0010803144,0.0,0.0,0.0010477249,0.0010612342,0.0,0.0010318224,0.0010612329,0.0010727845,0.001061233,0.0,0.0010318224,0.0010130228,0.0010686379,0.0010803143,0.0,0.0,0.0010477245,0.0010318224,0.0010225326,0.0010333863,0.0011084732,0.0,0.0,0.0010477244,0.0,0.0010612328,0.0010477244,0.0010686378,0.0,0.0010612351,0.0,0.0010612329,0.0,0.0010612328,0.0010477245,0.0,0.0,0.0010477399,0.0010318249,0.0010225326,0.0010333863,0.0011084728,0.0,0.0010612686,0.0010612367,0.001055738,0.0010673151,0.0,0.0009907276,0.0,0.0010612347,0.0010477251,0.0,0.001061233,0.0010477245,0.0010405355,0.0010727661,0.0010612328,0.0010477244,0.0,0.0010612328,0.0010477244,0.0010405341,0.0,0.001061233,0.0010477245,0.0010405331,0.0010518583,0.0010581611,0.0010703058,0.0010727603,0.0010612328,0.0010477244,0.0010405332,0.0010518583,0.0010581611,0.0010703057,0.0010727929,0.0,0.0,0.0010318224,0.0010130228,0.0010686379,0.0010913044,0.0010727678,0.0,0.0010477244,0.0010318224,0.0010225326,0.0010333863,0.0011084728,0.0,0.0010612329,0.0,0.0010318224,0.0010130228,0.0010686379,0.0010803143,0.0010727796,0.0,0.0010477244,0.0010318224,0.0010225326,0.0010333863,0.0011084786,0.0,0.0010612328,0.0010477244,0.0010405332,0.0010518583,0.0010581611,0.0010703064,0.0010727614,0.0010612328,0.0010477244,0.0010405332,0.0010518583,0.0010581611,0.0010703056,0.0,0.0010612331,0.0010477245,0.0010405331,0.0010518583,0.0010581611,0.0010703056,0.0,0.0,0.0010477244,0.0010318224,0.0010225326,0.0010333863,0.0011084728,0.0010727624,0.0010612328,0.0,0.0,0.0010612329,0.0010612329,0.0010557375,0.0010728007,0.0,0.0010477246,0.0,0.0010612329,0.0010477244,0.00106864,0.0010729079,0.0,0.0010612329,0.0010477245,0.0010405331,0.0,0.0010612331,0.0,0.0010612326,0.0,0.0010318224,0.0010130228,0.0010686378,0.0010803201,0.0010727666,0.0,0.0010477244,0.0010318224,0.0010225326,0.0010333869,0.0011085129,0.0010727772,0.0,0.0,0.0010318224,0.0010130228,0.0010686379,0.0010913044,0.0,0.0010612329,0.0010477245,0.0010405332,0.0010518583,0.0010581611,0.0010703056,0.0010727805,0.0010612329,0.0010477245,0.0,0.0010612328,0.0010477244,0.0010405342,0.001072763,0.0,0.0010477245,0.0010318225,0.0010225326,0.0010333863,0.001108473,0.0010727636,0.0,0.0010477245,0.0010318224,0.0010225326,0.0010333866,0.0011084742,0.0,0.0010612329,0.0010612329,0.0010557375,0.001067315,0.0,0.0009907555,0.0010728014,0.0,0.0010477245,0.0010318224,0.0010225326,0.0010333863,0.0011084728,0.0010727642,0.0,0.0,0.0010318224,0.0010130228,0.0010686379,0.0010913045,0.0010728481,0.0010612336,0.0,0.0010318232,0.0010130228,0.0010686379,0.0010803185,0.0,0.0010612329,0.0010477245,0.0010405331,0.0010518583,0.0010581611,0.0010703056,0.0,0.0010612336,0.0,0.0010318224,0.0010130228,0.0010686379,0.0010803143,0.0,0.0010612329,0.0010477245,0.0010405331,0.0010518583,0.0010581611,0.0010703057,0.0010727753,0.0010612328,0.0010477246,0.0010405333,0.0010518583,0.0010581611,0.0010703059,0.0,0.0,0.0,0.0010318224,0.0010130228,0.0010686379,0.0010913047,0.0010727601,0.0010612328,0.0,0.0010318224,0.0010130228,0.0010686379,0.0010803151,0.0010727711,0.0010612329,0.0010477244,0.0010686379,0.0,0.0010318224,0.0010130231,0.0,0.0010612328,0.0010477244,0.0010405331,0.0010518583,0.0010581611,0.001070306,0.0,0.0010612328,0.0010477244,0.0010405331,0.0010518583,0.0010581611,0.0010703057,0.0,0.0010612333,0.0010477245,0.0010405331,0.0010518583,0.0010581611,0.0010703068,0.001072771,0.0010612328,0.0010477244,0.0010405331,0.0010518583,0.0010581611,0.0010703059,0.0,0.0,0.0010477244,0.0010318224,0.0010225326,0.0010333863,0.0011084729,0.0,0.0010612328,0.0010477244,0.0010405332,0.0010518583,0.0010581611,0.0010703057,0.0010729898,0.0010612339,0.0010477246,0.0010405332,0.0010518583,0.0010581611,0.0010703068
k__Bacteria|p__Actinobacteria|c__Coriobacteriia|o__Coriobacteriales|f__Coriobacteriaceae|g__Collinsella|s__Collinsella_SGB47518,0.0,0.0010620138,0.0010481026,0.0010403037,0.0010505391,0.0010557767,0.0010671661,0.0,0.001062014,0.0010481026,0.0010403037,0.0010505391,0.0010557767,0.0010671662,0.0,0.0,0.0010481155,0.0010317848,0.0010218571,0.0010315974,0.001107857,0.0010739408,0.0,0.0010481026,0.0010317757,0.0010218566,0.0010315974,0.0011078564,0.0,0.0,0.0010481026,0.0010317757,0.0010218566,0.0010315974,0.0011078565,0.001073921,0.0010620139,0.0010481026,0.0010403037,0.0010505391,0.0010557767,0.0010671662,0.0,0.0010620144,0.0010481031,0.0010403037,0.0010505391,0.0010557767,0.0010671671,0.0010739212,0.0010620139,0.0010481026,0.0010403037,0.0010505391,0.0010557767,0.0010671662,0.0,0.0010620143,0.0010481033,0.0010403038,0.0010505391,0.0010557767,0.0010671668,0.0,0.001062014,0.0010481026,0.0010403037,0.0010505391,0.0010557767,0.0010671662,0.0,0.001062014,0.0,0.0010317757,0.0010125306,0.001069237,0.0010798753,0.0,0.0010620139,0.0010481026,0.0010403037,0.0010505391,0.0010557767,0.0010671664,0.0,0.0,0.0,0.0010317757,0.0010125306,0.001069237,0.0010912695,0.0010739262,0.001062014,0.0,0.0010317757,0.0010125306,0.001069237,0.0010798777,0.0010739517,0.0,0.0,0.0010317757,0.0010125306,0.001069237,0.001091269,0.0010739358,0.0,0.0010481026,0.0,0.0010620139,0.0010481026,0.001069237,0.0010739226,0.0,0.0,0.0010317757,0.0010125306,0.001069237,0.0010912683,0.0,0.001062015,0.0,0.0010317757,0.0010125306,0.001069237,0.0010798741,0.0,0.0,0.0010481037,0.0010620147,0.0,0.0010317757,0.0010620143,0.0010739353,0.0010620143,0.0,0.0010317757,0.0010125306,0.001069237,0.0010798738,0.0,0.0,0.0010481029,0.0010317757,0.0010218566,0.0010315974,0.0011078565,0.0,0.0,0.0010481026,0.0,0.0010620139,0.0010481026,0.001069237,0.0,0.0010620169,0.0,0.0010620141,0.0,0.0010620139,0.0010481027,0.0,0.0,0.0010481152,0.0010317776,0.0010218564,0.0010315974,0.0011078566,0.0,0.0010620434,0.001062017,0.001055934,0.0010664464,0.0,0.0009897732,0.0,0.0010620157,0.0010481036,0.0,0.0010620143,0.0010481027,0.0010403061,0.0010739256,0.0010620139,0.0010481026,0.0,0.0010620139,0.0010481026,0.0010403044,0.0,0.001062014,0.0010481027,0.0010403037,0.0010505391,0.0010557767,0.0010671662,0.0010739211,0.0010620139,0.0010481026,0.0010403037,0.0010505391,0.0010557767,0.0010671662,0.0010739361,0.0,0.0,0.0010317757,0.0010125306,0.001069237,0.0010912683,0.0010739226,0.0,0.0010481026,0.0010317757,0.0010218566,0.0010315974,0.0011078567,0.0,0.0010620141,0.0,0.0010317757,0.0010125306,0.001069237,0.0010798736,0.0010739305,0.0,0.0010481026,0.0010317757,0.0010218566,0.0010315974,0.0011078613,0.0,0.0010620139,0.0010481026,0.0010403037,0.0010505391,0.0010557767,0.0010671673,0.0010739213,0.0010620139,0.0010481026,0.0010403037,0.0010505391,0.0010557767,0.0010671662,0.0,0.0010620144,0.0010481027,0.0010403037,0.0010505391,0.0010557767,0.0010671661,0.0,0.0,0.0010481026,0.0010317757,0.0010218566,0.0010315974,0.0011078564,0.0010739223,0.0010620139,0.0,0.0,0.0010620141,0.001062014,0.0010559341,0.0010739419,0.0,0.0010481031,0.0,0.0010620141,0.0010481026,0.0010692409,0.001073976,0.0,0.0010620143,0.0010481027,0.0010403037,0.0,0.0010620146,0.0,0.0010620139,0.0,0.0010317757,0.0010125306,0.001069237,0.0010798789,0.0010739244,0.0,0.0010481026,0.0010317757,0.0010218564,0.0010315975,0.0011078924,0.0010739309,0.0,0.0,0.0010317757,0.0010125306,0.001069237,0.0010912681,0.0,0.0010620141,0.0010481027,0.0010403037,0.0010505391,0.0010557767,0.0010671662,0.0010739313,0.001062014,0.0010481027,0.0,0.0010620138,0.0010481026,0.0010403045,0.0010739218,0.0,0.001048103,0.001031776,0.0010218566,0.0010315974,0.0011078577,0.0010739231,0.0,0.0010481027,0.0010317757,0.0010218564,0.0010315974,0.0011078572,0.0,0.001062014,0.0010620141,0.0010559337,0.0010664463,0.0,0.0009898088,0.0010739393,0.0,0.0010481027,0.0010317757,0.0010218566,0.0010315974,0.0011078565,0.0010739244,0.0,0.0,0.0010317757,0.0010125306,0.001069237,0.0010912691,0.0010739496,0.0010620144,0.0,0.0010317763,0.0010125309,0.0010692371,0.001079879,0.0,0.0010620139,0.0010481027,0.0010403037,0.0010505391,0.0010557767,0.0010671662,0.0,0.0010620151,0.0,0.0010317757,0.0010125306,0.001069237,0.0010798736,0.0,0.001062014,0.0010481029,0.0010403037,0.0010505391,0.0010557767,0.0010671662,0.0010739277,0.0010620139,0.0010481026,0.0010403038,0.0010505391,0.0010557767,0.0010671664,0.0,0.0,0.0,0.0010317757,0.0010125306,0.001069237,0.0010912687,0.0010739208,0.0010620139,0.0,0.0010317757,0.0010125306,0.001069237,0.0010798745,0.0010739284,0.0010620139,0.0010481026,0.001069237,0.0,0.0010317757,0.0010125308,0.0,0.0010620139,0.0010481026,0.0010403037,0.0010505391,0.0010557767,0.0010671669,0.0,0.0010620139,0.0010481026,0.0010403037,0.0010505391,0.0010557767,0.0010671662,0.0,0.0010620144,0.0010481027,0.0010403037,0.0010505391,0.0010557767,0.0010671675,0.0010739248,0.0010620139,0.0010481026,0.0010403037,0.0010505391,0.0010557767,0.0010671666,0.0,0.0,0.0010481026,0.0010317757,0.0010218566,0.0010315974,0.0011078566,0.0,0.0010620139,0.0010481026,0.0010403037,0.0010505391,0.0010557767,0.0010671662,0.0010740415,0.0010620152,0.0010481031,0.0010403037,0.0010505391,0.0010557767,0.0010671681
k__Bacteria|p__Actinobacteria|c__Actinomycetia|o__Bifidobacteriales|f__Bifidobacteriaceae|g__Bifidobacterium|s__Bifidobacterium_pullorum,0.0,0.0010616168,0.0010479668,0.001040559,0.0010514926,0.0010574128,0.0010692847,0.0,0.0010616169,0.0010479668,0.001040559,0.0010514926,0.0010574128,0.0010692846,0.0,0.0,0.0010479805,0.0010319233,0.0010224015,0.0010328551,0.0011083459,0.001073335,0.0,0.0010479668,0.0010319147,0.0010224009,0.0010328548,0.0011083453,0.0,0.0,0.0010479668,0.0010319147,0.0010224009,0.0010328548,0.0011083455,0.001073278,0.0010616168,0.0010479668,0.001040559,0.0010514926,0.0010574128,0.0010692846,0.0,0.0010616176,0.0010479668,0.001040559,0.0010514926,0.0010574128,0.0010692857,0.0010732783,0.0010616168,0.0010479668,0.001040559,0.0010514926,0.0010574128,0.0010692846,0.0,0.0010616169,0.0010479677,0.0010405593,0.0010514926,0.0010574128,0.0010692853,0.0,0.0010616169,0.0010479668,0.001040559,0.0010514926,0.0010574128,0.0010692847,0.0,0.0010616169,0.0,0.0010319147,0.0010129577,0.0010689556,0.001080259,0.0,0.0010616168,0.0010479668,0.001040559,0.0010514926,0.0010574128,0.0010692844,0.0,0.0,0.0,0.0010319147,0.0010129577,0.0010689556,0.0010913897,0.0010732946,0.0010616169,0.0,0.0010319147,0.0010129577,0.0010689556,0.0010802626,0.0010733916,0.0,0.0,0.0010319151,0.0010129577,0.0010689556,0.0010913897,0.0010733191,0.0,0.0010479668,0.0,0.0010616168,0.0010479668,0.0010689555,0.0010732823,0.0,0.0,0.0010319147,0.0010129577,0.0010689556,0.0010913898,0.0,0.0010616182,0.0,0.0010319147,0.0010129577,0.0010689556,0.0010802579,0.0,0.0,0.0010479677,0.0010616183,0.0,0.0010319147,0.0010616173,0.001073307,0.0010616169,0.0,0.0010319148,0.0010129577,0.0010689556,0.0010802577,0.0,0.0,0.0010479669,0.0010319147,0.0010224009,0.0010328548,0.0011083458,0.0,0.0,0.0010479668,0.0,0.0010616168,0.0010479668,0.0010689556,0.0,0.0010616184,0.0,0.001061617,0.0,0.0010616168,0.0010479669,0.0,0.0,0.0010479796,0.0010319168,0.0010224009,0.0010328551,0.0011083455,0.0,0.0010616542,0.0010616207,0.001055914,0.001067108,0.0,0.0009904989,0.0,0.0010616189,0.0010479675,0.0,0.0010616173,0.0010479668,0.0010405617,0.0010732872,0.0010616168,0.0010479668,0.0,0.0010616168,0.0010479668,0.0010405598,0.0,0.001061617,0.0010479669,0.001040559,0.0010514926,0.0010574128,0.0010692847,0.001073278,0.0010616168,0.0010479668,0.001040559,0.0010514926,0.0010574128,0.0010692847,0.0010733238,0.0,0.0,0.0010319147,0.0010129577,0.0010689556,0.0010913898,0.0010732865,0.0,0.0010479668,0.0010319147,0.0010224009,0.0010328548,0.0011083457,0.0,0.001061617,0.0,0.0010319147,0.0010129577,0.0010689556,0.0010802575,0.0010733034,0.0,0.0010479668,0.0010319147,0.0010224009,0.0010328551,0.0011083505,0.0,0.0010616168,0.0010479668,0.001040559,0.0010514926,0.0010574128,0.0010692857,0.0010732795,0.0010616168,0.0010479668,0.001040559,0.0010514926,0.0010574128,0.0010692846,0.0,0.0010616172,0.0010479668,0.001040559,0.0010514926,0.0010574128,0.0010692847,0.0,0.0,0.0010479668,0.0010319147,0.0010224009,0.0010328548,0.0011083453,0.0010732821,0.0010616168,0.0,0.0,0.001061617,0.0010616169,0.0010559137,0.0010733359,0.0,0.0010479669,0.0,0.001061617,0.0010479668,0.0010689595,0.0010734554,0.0,0.001061617,0.0010479668,0.001040559,0.0,0.0010616173,0.0,0.0010616168,0.0,0.0010319147,0.0010129577,0.0010689556,0.001080264,0.001073287,0.0,0.0010479668,0.0010319147,0.0010224009,0.0010328557,0.001108375,0.0010732978,0.0,0.0,0.0010319147,0.0010129577,0.0010689556,0.0010913897,0.0,0.001061617,0.0010479669,0.001040559,0.0010514926,0.0010574128,0.0010692846,0.001073326,0.0010616172,0.0010479668,0.0,0.0010616169,0.0010479668,0.0010405604,0.001073282,0.0,0.0010479668,0.0010319151,0.0010224009,0.0010328548,0.0011083459,0.0010732831,0.0,0.0010479669,0.001031915,0.0010224009,0.0010328551,0.0011083467,0.0,0.0010616172,0.0010616172,0.0010559134,0.0010671079,0.0,0.0009905259,0.0010733351,0.0,0.0010479668,0.0010319147,0.0010224009,0.0010328548,0.0011083455,0.0010732847,0.0,0.0,0.0010319147,0.0010129577,0.0010689556,0.0010913897,0.0010733884,0.001061618,0.0,0.0010319158,0.0010129582,0.0010689556,0.0010802627,0.0,0.001061617,0.0010479668,0.001040559,0.0010514926,0.0010574128,0.0010692846,0.0,0.0010616175,0.0,0.0010319147,0.0010129577,0.0010689556,0.0010802575,0.0,0.001061617,0.0010479669,0.001040559,0.0010514926,0.0010574128,0.0010692845,0.0010732982,0.0010616169,0.0010479668,0.0010405594,0.0010514926,0.0010574128,0.0010692849,0.0,0.0,0.0,0.0010319147,0.0010129577,0.0010689556,0.0010913899,0.0010732776,0.0010616168,0.0,0.0010319147,0.0010129577,0.0010689556,0.0010802583,0.001073294,0.001061617,0.0010479668,0.0010689556,0.0,0.0010319147,0.0010129581,0.0,0.0010616168,0.0010479668,0.001040559,0.0010514926,0.0010574128,0.0010692851,0.0,0.0010616168,0.0010479668,0.001040559,0.0010514926,0.0010574128,0.0010692846,0.0,0.0010616175,0.0010479668,0.001040559,0.0010514926,0.0010574128,0.0010692853,0.0010732922,0.0010616168,0.0010479668,0.001040559,0.0010514926,0.0010574128,0.001069285,0.0,0.0,0.0010479668,0.0010319147,0.0010224009,0.0010328551,0.0011083458,0.0,0.0010616168,0.0010479668,0.001040559,0.0010514926,0.0010574128,0.0010692847,0.0010735528,0.001061618,0.0010479668,0.001040559,0.0010514926,0.0010574128,0.0010692856
k__Bacteria|p__Actinobacteria|c__Actinomycetia|o__Propionibacteriales|f__Propionibacteriaceae|g__Cutibacterium|s__Cutibacterium_avidum,0.0,0.0010654726,0.0010520128,0.0010448025,0.0010559519,0.0010621072,0.0010740878,0.0,0.0010654728,0.0010520128,0.0010448025,0.0010559519,0.0010621072,0.0010740878,0.0,0.0,0.0010520234,0.0010361613,0.0010268461,0.0010375371,0.001112116,0.0010769856,0.0,0.0010520128,0.0010361553,0.0010268455,0.0010375371,0.001112115,0.0046898527,0.0,0.0010520128,0.0010361553,0.0010268455,0.0010375371,0.0011121146,0.0010769496,0.0010654727,0.0010520128,0.0010448025,0.0010559519,0.0010621072,0.0010740875,0.0,0.0010654733,0.0010520128,0.0010448025,0.0010559519,0.0010621072,0.0010740889,0.0010769494,0.0010654727,0.0010520128,0.0010448025,0.0010559519,0.0010621072,0.0010740877,0.053533852,0.001065473,0.0010520135,0.0010448026,0.0010559519,0.0010621072,0.0010740883,0.0,0.0010654728,0.0010520128,0.0010448025,0.0010559519,0.0010621072,0.0010740878,0.0,0.0010654728,0.0,0.0010361553,0.0010173931,0.0010728046,0.0010842823,0.0,0.0010654727,0.0010520128,0.0010448025,0.0010559519,0.0010621072,0.0010740885,0.0,0.0019653123,0.0021086608,0.0010361553,0.0010173931,0.0010728046,0.0010952058,0.0010769606,0.0010654728,0.0,0.0010361553,0.0010173931,0.0010728046,0.0010842907,0.0010770351,0.012104751,0.053142425,0.0010361554,0.0010173931,0.0010728046,0.0010952057,0.0010769768,0.0,0.0010520128,0.0,0.0010654727,0.0010520128,0.0010728048,0.0010769528,0.0,0.0,0.0010361553,0.0010173931,0.0010728046,0.0010952038,0.0,0.0010654737,0.0,0.0010361553,0.0010173931,0.0010728046,0.0010842805,0.029344054,0.0,0.0010520137,0.0010654735,0.0,0.0010361553,0.0010654731,0.0010769684,0.001065473,0.0,0.0010361552,0.0010173931,0.0010728046,0.0010842799,0.0,0.0,0.0010520128,0.0010361553,0.0010268455,0.0010375371,0.0011121155,0.0,0.0,0.0010520128,0.0,0.0010654727,0.0010520128,0.0010728048,0.0,0.0010654745,0.0,0.0010654728,0.0,0.0010654727,0.001052013,0.0,0.0,0.0010520207,0.0010361564,0.0010268455,0.0010375371,0.0011121156,0.0,0.001065501,0.0010654755,0.0010599574,0.0010713461,0.0,0.0009951317,0.0,0.0010654747,0.0010520134,0.0,0.001065473,0.001052013,0.0010448059,0.0010769545,0.0010654727,0.0010520128,0.0,0.0010654727,0.0010520128,0.0010448041,0.0019747855,0.0010654728,0.0010520129,0.0010448025,0.0010559519,0.0010621072,0.0010740878,0.0010769494,0.0010654727,0.0010520128,0.0010448025,0.0010559519,0.0010621072,0.0010740878,0.001076982,0.0,0.0,0.0010361553,0.0010173931,0.0010728046,0.0010952034,0.0010769553,0.0,0.0010520128,0.0010361553,0.0010268455,0.0010375371,0.0011121152,0.0,0.0010654728,0.0,0.0010361553,0.0010173931,0.0010728046,0.00108428,0.0010769684,0.0,0.0010520128,0.0010361553,0.0010268455,0.0010375371,0.0011121265,0.017776892,0.0010654727,0.0010520128,0.0010448025,0.0010559519,0.0010621072,0.0010740901,0.0010769503,0.0010654727,0.0010520128,0.0010448025,0.0010559519,0.0010621072,0.0010740875,0.0,0.001065473,0.0010520128,0.0010448025,0.0010559519,0.0010621072,0.0010740878,0.0,0.0,0.0010520128,0.0010361553,0.0010268455,0.0010375371,0.0011121151,0.001076952,0.0010654727,0.0,0.0,0.0010654728,0.0010654728,0.0010599578,0.0010769889,0.0,0.0010520128,0.0,0.0010654728,0.0010520128,0.0010728098,0.0010770821,0.0,0.0010654728,0.001052013,0.0010448025,0.0,0.0010654739,0.0,0.0010654726,0.0,0.0010361553,0.0010173931,0.0010728046,0.0010842899,0.0010769553,0.0,0.0010520128,0.0010361553,0.0010268455,0.0010375376,0.0011121945,0.0010769634,0.0,0.0,0.0010361553,0.0010173931,0.0010728046,0.0010952034,0.0,0.0010654728,0.0010520129,0.0010448025,0.0010559519,0.0010621072,0.0010740875,0.0010769655,0.0010654727,0.0010520128,0.0,0.0010654727,0.0010520128,0.0010448036,0.0010769526,0.0,0.001052013,0.0010361554,0.0010268455,0.0010375371,0.0011121178,0.0010769533,0.0,0.0010520129,0.0010361553,0.0010268455,0.0010375371,0.0011121182,0.0067693316,0.0010654727,0.0010654728,0.0010599573,0.001071346,0.0,0.000995174,0.0010769882,0.0,0.0010520128,0.0010361553,0.0010268455,0.0010375371,0.0011121146,0.0010769545,0.0,0.0,0.0010361553,0.0010173931,0.0010728046,0.0010952054,0.0010770252,0.0010654737,0.0,0.0010361562,0.0010173932,0.0010728046,0.0010842903,0.0,0.0010654728,0.0010520128,0.0010448025,0.0010559519,0.0010621072,0.0010740875,0.0,0.0010654733,0.0,0.0010361553,0.0010173931,0.0010728046,0.00108428,0.0,0.0010654727,0.001052013,0.0010448025,0.0010559519,0.0010621072,0.0010740877,0.0010769678,0.0010654727,0.001052013,0.0010448026,0.0010559519,0.0010621072,0.0010740882,0.0,0.0,0.0,0.0010361553,0.0010173931,0.0010728046,0.0010952043,0.0010769493,0.0010654727,0.0,0.0010361553,0.0010173931,0.0010728046,0.0010842812,0.0010769616,0.0010654728,0.0010520128,0.0010728046,0.0,0.0010361553,0.0010173933,0.0,0.0010654727,0.0010520128,0.0010448025,0.0010559519,0.0010621072,0.0010740892,0.0,0.0010654727,0.0010520128,0.0010448025,0.0010559519,0.0010621072,0.0010740878,0.0,0.0010654733,0.0010520128,0.0010448025,0.0010559519,0.0010621072,0.0010740908,0.0010769592,0.0010654727,0.0010520128,0.0010448025,0.0010559519,0.0010621072,0.0010740883,0.0,0.0,0.0010520128,0.0010361553,0.0010268455,0.0010375371,0.0011121155,0.0,0.0010654727,0.0010520128,0.0010448025,0.0010559519,0.0010621072,0.0010740878,0.0010771498,0.0010654739,0.0010520128,0.0010448024,0.0010559519,0.0010621072,0.0010740914
k__Bacteria|p__Actinobacteria|c__Coriobacteriia|o__Coriobacteriales|f__Coriobacteriaceae|g__Collinsella|s__Collinsella_SGB47280,0.0,0.0010584103,0.001044822,0.0010375738,0.0010488925,0.0010551728,0.0010673417,0.0,0.0010584105,0.001044822,0.0010375738,0.0010488925,0.0010551728,0.0010673418,0.0,0.0,0.0010448446,0.0010288578,0.0010194922,0.0010303273,0.0011058977,0.0010700485,0.0,0.001044822,0.0010288404,0.0010194913,0.0010303273,0.0011058975,0.0,0.0,0.001044822,0.0010288404,0.0010194913,0.0010303273,0.0011058974,0.0010700165,0.0010584104,0.001044822,0.0010375738,0.0010488925,0.0010551728,0.0010673417,0.0,0.0010584112,0.0010448224,0.0010375738,0.0010488925,0.0010551728,0.001067342,0.0010700168,0.0010584104,0.001044822,0.0010375738,0.0010488925,0.0010551728,0.0010673418,0.0,0.0010584107,0.0010448227,0.001037574,0.0010488925,0.0010551728,0.0010673421,0.0,0.0010584105,0.001044822,0.0010375738,0.0010488925,0.0010551728,0.0010673415,0.0,0.0010584105,0.0,0.0010288404,0.001009964,0.0010658446,0.001077539,0.0,0.0010584104,0.001044822,0.0010375738,0.0010488925,0.0010551728,0.0010673415,0.0,0.0,0.0,0.0010288404,0.001009964,0.0010658446,0.0010886211,0.0010700241,0.0010584105,0.0,0.0010288404,0.001009964,0.0010658446,0.001077539,0.0010700567,0.0,0.0,0.0010288408,0.0010099635,0.0010658446,0.0010886207,0.001070038,0.0,0.001044822,0.0,0.0010584104,0.001044822,0.0010658444,0.0010700193,0.0,0.0,0.0010288404,0.001009964,0.0010658446,0.0010886205,0.0,0.0010584121,0.0,0.0010288404,0.001009964,0.0010658446,0.0010775378,0.0,0.0,0.001044824,0.0010584116,0.0,0.0010288404,0.0010584104,0.001070048,0.0010584107,0.0,0.0010288407,0.001009964,0.0010658446,0.001077538,0.0,0.0,0.0010448225,0.0010288404,0.0010194913,0.0010303273,0.0011058975,0.0,0.0,0.001044822,0.0,0.0010584104,0.001044822,0.0010658446,0.0,0.0010584167,0.0,0.0010584106,0.0,0.0010584104,0.0010448222,0.0,0.0,0.0010448481,0.0010288447,0.0010194918,0.0010303273,0.0011058978,0.0,0.0010584655,0.0010584166,0.001052862,0.0010644444,0.0,0.0009875942,0.0,0.0010584132,0.0010448236,0.0,0.0010584107,0.0010448222,0.0010375762,0.0010700256,0.0010584104,0.001044822,0.0034651975,0.0010584104,0.001044822,0.0010375741,0.0,0.0010584105,0.0010448222,0.0010375738,0.0010488925,0.0010551728,0.0010673419,0.0010700166,0.0010584104,0.001044822,0.0010375738,0.0010488925,0.0010551728,0.0010673418,0.001070038,0.0,0.0,0.0010288404,0.001009964,0.0010658446,0.0010886204,0.0010700194,0.0,0.001044822,0.0010288404,0.0010194913,0.0010303273,0.0011058976,0.0,0.0010584106,0.0,0.0010288404,0.001009964,0.0010658446,0.0010775379,0.0010700313,0.0,0.001044822,0.0010288404,0.0010194913,0.0010303273,0.0011058991,0.0,0.0010584104,0.001044822,0.0010375738,0.0010488925,0.0010551728,0.0010673418,0.0010700175,0.0010584104,0.001044822,0.0010375738,0.0010488925,0.0010551728,0.0010673417,0.0,0.0010584112,0.0010448222,0.0010375738,0.0010488925,0.0010551728,0.0010673417,0.0,0.0,0.001044822,0.0010288404,0.0010194913,0.0010303273,0.0011058978,0.0010700191,0.0010584104,0.0,0.0,0.0010584106,0.0010584105,0.0010528619,0.0010700518,0.0,0.0010448227,0.0,0.0010584106,0.001044822,0.001065848,0.0010700878,0.0,0.0010584107,0.0010448222,0.0010375738,0.0,0.0010584107,0.0,0.0010584104,0.0,0.0010288404,0.001009964,0.0010658446,0.0010775408,0.001070023,0.0,0.001044822,0.0010288404,0.0010194915,0.0010303275,0.0011059103,0.0010700359,0.0,0.0,0.0010288404,0.001009964,0.0010658446,0.0010886205,0.0,0.0010584106,0.0010448222,0.0010375738,0.0010488925,0.0010551728,0.0010673418,0.0010700341,0.0010584105,0.0010448222,0.0,0.0010584103,0.001044822,0.0010375746,0.0010700178,0.0,0.0010448222,0.0010288409,0.0010194913,0.0010303273,0.0011058982,0.0010700204,0.0,0.0010448222,0.0010288407,0.0010194918,0.0010303273,0.0011058976,0.0,0.0010584105,0.0010584105,0.0010528615,0.0010644443,0.0,0.0009876282,0.0010700432,0.0,0.0010448222,0.0010288404,0.0010194913,0.0010303273,0.0011058974,0.0010700222,0.0,0.0,0.0010288404,0.001009964,0.0010658446,0.0010886209,0.0010700562,0.001058411,0.0,0.0010288417,0.001009964,0.0010658448,0.0010775413,0.0,0.0010584104,0.0010448222,0.0010375738,0.0010488925,0.0010551728,0.0010673417,0.0,0.0010584127,0.0,0.0010288408,0.001009964,0.0010658446,0.0010775379,0.0,0.0010584104,0.0010448222,0.0010375738,0.0010488925,0.0010551728,0.0010673415,0.0010700248,0.0010584103,0.001044822,0.0010375741,0.0010488925,0.0010551728,0.0010673418,0.0,0.0,0.0,0.0010288404,0.001009964,0.0010658446,0.0010886207,0.0010700161,0.0010584104,0.0,0.0010288404,0.001009964,0.0010658446,0.001077538,0.0010700298,0.0010584104,0.001044822,0.0010658446,0.0,0.0010288404,0.0010099642,0.0,0.0010584104,0.001044822,0.0010375738,0.0010488925,0.0010551728,0.0010673417,0.0,0.0010584104,0.001044822,0.0010375738,0.0010488925,0.0010551728,0.0010673415,0.0,0.0010584109,0.0010448222,0.0010375738,0.0010488925,0.0010551728,0.0010673415,0.0010700232,0.0010584104,0.001044822,0.0010375738,0.0010488925,0.0010551728,0.0010673419,0.0,0.0,0.001044822,0.0010288404,0.0010194913,0.0010303273,0.0011058976,0.0,0.0010584104,0.001044822,0.0010375738,0.0010488925,0.0010551728,0.0010673415,0.0010702128,0.0010584126,0.0010448224,0.0010375738,0.0010488925,0.0010551728,0.0010673418
k__Bacteria|p__Actinobacteria|c__Actinomycetia|o__Actinomycetales|f__Actinomycetaceae|g__Actinomyces|s__Actinomyces_oris,0.0,0.0010596784,0.001046153,0.0010389698,0.0010503611,0.0010567195,0.0010689254,0.0,0.0010596784,0.001046153,0.0010389698,0.0010503611,0.0010567195,0.0010689253,0.0,0.0,0.0010461553,0.0010302372,0.0010209541,0.0010318691,0.0011071394,0.0010712469,0.0,0.001046153,0.0010302354,0.001020954,0.0010318691,0.0011071393,0.0,0.0,0.001046153,0.0010302354,0.001020954,0.0010318691,0.0011071393,0.0010712238,0.0010596784,0.001046153,0.0010389698,0.0010503611,0.0010567195,0.0010689253,0.0,0.0010596786,0.001046153,0.0010389698,0.0010503611,0.0010567195,0.0010689256,0.0010712238,0.0010596784,0.001046153,0.0010389698,0.0010503611,0.0010567195,0.0010689253,0.0,0.0010596786,0.0010461533,0.00103897,0.0010503611,0.0010567195,0.0010689256,0.0,0.0010596784,0.001046153,0.0010389698,0.0010503611,0.0010567195,0.001068925,0.0,0.0010596784,0.0,0.0010302354,0.0010114228,0.0010671105,0.0010788632,0.0,0.0010596784,0.001046153,0.0010389698,0.0010503611,0.0010567195,0.0010689255,0.0,0.0,0.0,0.0010302354,0.0010114228,0.0010671105,0.0010898771,0.0010712314,0.0010596784,0.0,0.0010302354,0.0010114228,0.0010671105,0.0010788665,0.0010712696,0.0,0.0,0.0010302356,0.0010114228,0.0010671105,0.0010898766,0.0010712398,0.0,0.001046153,0.0,0.0010596784,0.001046153,0.0010671105,0.0010712255,0.0,0.0,0.0010302354,0.0010114228,0.0010671105,0.0010898758,0.0,0.0010596786,0.0,0.0010302354,0.0010114228,0.0010671105,0.0010788625,0.0,0.0,0.0010461533,0.0010596785,0.0,0.0010302354,0.0010596785,0.001071232,0.0010596786,0.0,0.0010302354,0.0010114228,0.0010671105,0.0010788621,0.0,0.0,0.001046153,0.0010302354,0.001020954,0.0010318691,0.0011071392,0.0,0.0,0.001046153,0.0,0.0010596784,0.001046153,0.0010671105,0.0,0.0010596791,0.0,0.0010596785,0.0,0.0010596784,0.001046153,0.0,0.0,0.0010461551,0.0010302359,0.001020954,0.0010318691,0.0011071393,0.0,0.0010596833,0.0010596786,0.0010541916,0.0010658397,0.0,0.0009891171,0.0,0.0010596791,0.0010461531,0.0,0.0010596786,0.0010461529,0.0010389712,0.0010712275,0.0010596784,0.001046153,0.0,0.0010596784,0.001046153,0.0010389707,0.0,0.0010596786,0.001046153,0.0010389698,0.0010503611,0.0010567195,0.0010689253,0.0010712236,0.0010596784,0.001046153,0.0010389698,0.0010503611,0.0010567195,0.001068925,0.00107124,0.0,0.0,0.0010302354,0.0010114228,0.0010671105,0.0010898758,0.0010712253,0.0,0.001046153,0.0010302354,0.001020954,0.0010318691,0.0011071392,0.0,0.0010596785,0.0,0.0010302354,0.0010114228,0.0010671105,0.0010788621,0.0010712348,0.0,0.001046153,0.0010302354,0.001020954,0.0010318691,0.0011071434,0.0,0.0010596784,0.001046153,0.0010389698,0.0010503611,0.0010567195,0.0010689263,0.0010712242,0.0010596784,0.001046153,0.0010389698,0.0010503611,0.0010567195,0.0010689249,0.0,0.0010596786,0.0010461529,0.0010389698,0.0010503611,0.0010567195,0.0010689254,0.0,0.0,0.001046153,0.0010302354,0.001020954,0.0010318691,0.0011071394,0.0010712259,0.0010596784,0.0,0.0,0.0010596785,0.0010596784,0.001054192,0.001071249,0.0,0.001046153,0.0,0.0010596785,0.001046153,0.0010671128,0.0010712995,0.0,0.0010596785,0.0010461529,0.0010389698,0.0,0.0010596787,0.0,0.0010596783,0.0,0.0010302354,0.0010114228,0.0010671106,0.0010788654,0.0010712266,0.0,0.001046153,0.0010302354,0.001020954,0.0010318694,0.0011071741,0.0010712309,0.0,0.0,0.0010302354,0.0010114228,0.0010671105,0.0010898759,0.0,0.0010596785,0.001046153,0.0010389698,0.0010503611,0.0010567195,0.0010689253,0.0010712572,0.0010596785,0.0010461529,0.0,0.0010596784,0.001046153,0.0010389704,0.0010712253,0.0,0.0010461529,0.0010302358,0.001020954,0.0010318691,0.0011071402,0.0010712261,0.0,0.001046153,0.0010302354,0.001020954,0.0010318692,0.0011071399,0.0,0.0010596785,0.0010596785,0.0010541916,0.0010658395,0.0,0.0009891468,0.0010712465,0.0,0.0010461529,0.0010302354,0.001020954,0.0010318691,0.0011071393,0.0010712277,0.0,0.0,0.0010302354,0.0010114228,0.0010671105,0.0010898768,0.0010712633,0.0010596785,0.0,0.0010302359,0.0010114228,0.0010671105,0.0010788671,0.0,0.0010596785,0.0010461529,0.0010389698,0.0010503611,0.0010567195,0.0010689253,0.0,0.0010596785,0.0,0.0010302354,0.0010114228,0.0010671105,0.0010788621,0.0,0.0010596785,0.001046153,0.0010389698,0.0010503611,0.0010567195,0.0010689254,0.0010712317,0.0010596784,0.001046153,0.0010389701,0.0010503611,0.0010567195,0.0010689255,0.0,0.0,0.0,0.0010302354,0.0010114228,0.0010671105,0.0010898762,0.0010712235,0.0010596784,0.0,0.0010302354,0.0010114228,0.0010671105,0.0010788626,0.0010712309,0.0010596785,0.001046153,0.0010671105,0.0,0.0010302354,0.0010114228,0.0,0.0010596784,0.001046153,0.0010389698,0.0010503611,0.0010567195,0.0010689257,0.0,0.0010596784,0.001046153,0.0010389698,0.0010503611,0.0010567195,0.0010689254,0.0,0.0010596784,0.0010461529,0.0010389698,0.0010503611,0.0010567195,0.0010689265,0.0010712277,0.0010596784,0.001046153,0.0010389698,0.0010503611,0.0010567195,0.0010689256,0.0,0.0,0.001046153,0.0010302354,0.001020954,0.0010318691,0.0011071395,0.0,0.0010596784,0.001046153,0.0010389698,0.0010503611,0.0010567195,0.0010689253,0.0010713781,0.001059679,0.001046153,0.00103897,0.0010503611,0.0010567195,0.0010689271
k__Bacteria|p__Actinobacteria|c__Coriobacteriia|o__Coriobacteriales|f__Coriobacteriaceae|g__Collinsella|s__Collinsella_intestinalis,0.0,0.0010600255,0.0010464203,0.0010391127,0.0010502742,0.001056409,0.0010684534,0.0,0.0010600255,0.0010464203,0.0010391127,0.0010502742,0.001056409,0.0010684534,0.0,0.0,0.0010464361,0.001030429,0.0010210086,0.0010316891,0.0011071758,0.0010716772,0.0,0.0010464203,0.0010304184,0.0010210078,0.0010316891,0.0011071754,0.0,0.0,0.0010464203,0.0010304184,0.0010210078,0.0010316891,0.0011071754,0.0010716459,0.0010600255,0.0010464203,0.0010391127,0.0010502742,0.001056409,0.0010684533,0.0,0.0010600263,0.0010464204,0.0010391127,0.0010502742,0.001056409,0.001068454,0.001071646,0.0010600255,0.0010464203,0.0010391127,0.0010502742,0.001056409,0.0010684534,0.0,0.0010600257,0.0010464211,0.0010391127,0.0010502742,0.001056409,0.0010684538,0.0,0.0010600255,0.0010464203,0.0010391127,0.0010502742,0.001056409,0.0010684534,0.0,0.0010600255,0.0,0.0010304184,0.0010115169,0.0010674174,0.0010789501,0.0,0.0010600255,0.0010464203,0.0010391127,0.0010502742,0.001056409,0.0010684534,0.0,0.0,0.0,0.0010304184,0.0010115169,0.0010674174,0.0010900423,0.0010716531,0.0010600255,0.0,0.0010304184,0.0010115169,0.0010674174,0.0010789545,0.001071712,0.0,0.0,0.0010304186,0.0010115169,0.0010674174,0.001090042,0.0010716682,0.0,0.0010464203,0.0,0.0010600255,0.0010464203,0.0010674176,0.0010716483,0.0,0.0,0.0010304184,0.0010115169,0.0010674174,0.0010900414,0.0,0.001060027,0.0,0.0010304184,0.0010115169,0.0010674174,0.0010789488,0.0,0.0,0.0010464216,0.0010600266,0.0,0.0010304184,0.0010600257,0.0010716679,0.0010600257,0.0,0.0010304182,0.0010115169,0.0010674174,0.0010789486,0.0,0.0,0.0010464204,0.0010304184,0.0010210078,0.0010316891,0.0011071758,0.0,0.0,0.0010464203,0.0,0.0010600255,0.0010464203,0.0010674174,0.0,0.0010600291,0.0,0.0010600257,0.0,0.0010600255,0.0010464203,0.0,0.0,0.0010464373,0.0010304212,0.0010210079,0.0010316891,0.0011071758,0.0,0.0010600656,0.00106003,0.0010544193,0.001065842,0.0,0.0009891207,0.0,0.0010600281,0.0010464214,0.0,0.0010600258,0.0010464204,0.0010391155,0.0010716508,0.0010600255,0.0010464203,0.0,0.0010600255,0.0010464203,0.0010391136,0.0,0.0010600258,0.0010464203,0.0010391127,0.0010502742,0.001056409,0.0010684534,0.0010716458,0.0010600255,0.0010464203,0.0010391127,0.0010502742,0.001056409,0.0010684534,0.0010716717,0.0,0.0,0.0010304182,0.0010115169,0.0010674174,0.0010900416,0.0010716509,0.0,0.0010464203,0.0010304184,0.0010210078,0.0010316891,0.0011071756,0.0,0.0010600257,0.0,0.0010304184,0.0010115169,0.0010674174,0.0010789486,0.0010716603,0.0,0.0010464203,0.0010304184,0.0010210078,0.0010316891,0.001107181,0.0,0.0010600255,0.0010464203,0.0010391127,0.0010502742,0.001056409,0.0010684547,0.0010716463,0.0010600255,0.0010464203,0.0010391127,0.0010502742,0.001056409,0.0010684533,0.0,0.0010600262,0.0010464204,0.0010391127,0.0010502742,0.001056409,0.0010684534,0.0,0.0,0.0010464203,0.0010304184,0.0010210078,0.0010316891,0.0011071755,0.0010716474,0.0010600255,0.0,0.0,0.0010600257,0.0010600255,0.0010544192,0.0010716771,0.0,0.0010464207,0.0,0.0010600257,0.0010464203,0.0010674207,0.0010717523,0.0,0.0010600257,0.0010464204,0.0010391127,0.0,0.001060026,0.0,0.0010600254,0.0,0.0010304184,0.0010115169,0.0010674173,0.0010789537,0.0010716511,0.0,0.0010464203,0.0010304184,0.0010210079,0.0010316896,0.0011072109,0.0010716609,0.0,0.0,0.0010304184,0.0010115169,0.0010674174,0.0010900416,0.0,0.0010600257,0.0010464203,0.0010391127,0.0010502742,0.001056409,0.0010684534,0.0010716504,0.0010600257,0.0010464204,0.0,0.0010600257,0.0010464203,0.0010391135,0.0010716474,0.0,0.0010464204,0.0010304186,0.0010210078,0.0010316891,0.0011071761,0.0010716488,0.0,0.0010464203,0.0010304184,0.0010210079,0.0010316891,0.0011071768,0.0,0.0010600257,0.0010600258,0.001054419,0.0010658419,0.0,0.0009891543,0.0010716774,0.0,0.0010464204,0.0010304184,0.0010210078,0.0010316891,0.0011071754,0.0010716494,0.0,0.0,0.0010304184,0.0010115169,0.0010674174,0.0010900421,0.0010717061,0.0010600263,0.0,0.0010304194,0.001011517,0.0010674177,0.0010789537,0.0,0.0010600258,0.0010464204,0.0010391127,0.0010502742,0.001056409,0.0010684533,0.0,0.0010600267,0.0,0.0010304184,0.0010115169,0.0010674174,0.0010789486,0.0,0.0010600257,0.0010464204,0.0010391127,0.0010502742,0.001056409,0.0010684534,0.0010716582,0.0010600255,0.0010464203,0.001039113,0.0010502742,0.001056409,0.0010684539,0.0,0.0,0.0,0.0010304184,0.0010115169,0.0010674174,0.001090042,0.0010716455,0.0010600255,0.0,0.0010304184,0.0010115169,0.0010674174,0.0010789494,0.0010716565,0.0010600258,0.0010464203,0.0010674174,0.0,0.0010304184,0.001011517,0.0,0.0010600255,0.0010464203,0.0010391127,0.0010502742,0.001056409,0.0010684541,0.0,0.0010600255,0.0010464203,0.0010391127,0.0010502742,0.001056409,0.0010684534,0.0,0.0010600262,0.0010464204,0.0010391127,0.0010502742,0.001056409,0.0010684546,0.0010716538,0.0010600255,0.0010464203,0.0010391127,0.0010502742,0.001056409,0.0010684537,0.0,0.0,0.0010464203,0.0010304184,0.0010210078,0.0010316891,0.0011071756,0.05498898,0.0010600255,0.0010464203,0.0010391127,0.0010502742,0.001056409,0.0010684534,0.0010718365,0.001060027,0.0010464203,0.0010391126,0.0010502742,0.001056409,0.001068455
k__Bacteria|p__Actinobacteria|c__Actinomycetia|o__Actinomycetales|f__Actinomycetaceae|g__Varibaculum|s__Varibaculum_cambriense,0.0,0.0010747726,0.0010614027,0.0010541239,0.0010648393,0.0010706235,0.00108221,0.0,0.0010747724,0.0010614027,0.0010541239,0.0010648393,0.0010706235,0.00108221,0.0,0.0,0.0010614159,0.0010456357,0.0010362456,0.0010465304,0.0011200393,0.0010861722,0.0,0.0010614027,0.0010456253,0.0010362449,0.0010465304,0.0011200384,0.0,0.0,0.0010614027,0.0010456253,0.0010362449,0.0010465304,0.0011200384,0.0010861538,0.0010747724,0.0010614027,0.0010541239,0.0010648393,0.0010706235,0.0010822099,0.0,0.0010747733,0.001061403,0.0010541239,0.0010648393,0.0010706235,0.0010822109,0.0010861536,0.0010747724,0.0010614027,0.0010541239,0.0010648393,0.0010706235,0.0010822099,0.0,0.0010747729,0.0010614032,0.001054124,0.0010648393,0.0010706235,0.0010822103,0.0,0.0010747724,0.0010614027,0.0010541239,0.0010648393,0.0010706235,0.00108221,0.0,0.0010747724,0.0,0.0010456253,0.0010269277,0.0010819348,0.0010929246,0.0015238217,0.0010747724,0.0010614027,0.0010541239,0.0010648393,0.0010706235,0.0010822105,0.0,0.0,0.0,0.0010456253,0.0010269277,0.0010819348,0.0011037193,0.0010861587,0.0010747728,0.0,0.0010456253,0.0010269277,0.0010819348,0.0010929293,0.0010861793,0.0,0.0,0.0010456254,0.0010269277,0.0010819348,0.0011037188,0.0010861645,0.0,0.0010614027,0.0,0.0010747724,0.0010614027,0.0010819348,0.0010861551,0.0,0.0,0.0010456253,0.0010269277,0.0010819348,0.0011037175,0.0,0.0010747736,0.0,0.0010456253,0.0010269277,0.0010819348,0.0010929228,0.0,0.0,0.001061404,0.0010747731,0.0,0.0010456253,0.0010747729,0.0010861695,0.0010747729,0.0,0.0010456252,0.0010269277,0.0010819348,0.0010929224,0.0,0.0,0.0010614027,0.0010456253,0.0010362449,0.0010465304,0.0011200386,0.0,0.0,0.0010614027,0.0,0.0010747724,0.0010614027,0.0010819347,0.0,0.0010747771,0.0,0.0010747726,0.0,0.0010747724,0.0010614027,0.0,0.0,0.0010614175,0.0010456276,0.0010362449,0.0010465304,0.001120039,0.0,0.0010748012,0.0010747759,0.0010691875,0.0010801146,0.0,0.0010047063,0.0,0.0010747748,0.0010614037,0.0,0.0010747729,0.0010614027,0.0010541265,0.0010861584,0.0010747724,0.0010614027,0.0,0.0010747724,0.0010614027,0.001054125,0.0,0.0010747727,0.0010614027,0.0010541239,0.0010648393,0.0010706235,0.00108221,0.0010861534,0.0010747724,0.0010614027,0.0010541239,0.0010648393,0.0010706235,0.00108221,0.0010861659,0.0,0.0,0.0010456253,0.0010269277,0.0010819348,0.0011037171,0.0010861539,0.0,0.0010614027,0.0010456253,0.0010362449,0.0010465304,0.0011200387,0.0,0.0010747726,0.0,0.0010456253,0.0010269277,0.0010819348,0.0010929223,0.0010861651,0.0,0.0010614027,0.0010456253,0.0010362449,0.0010465304,0.0011200454,0.0,0.0010747724,0.0010614027,0.0010541239,0.0010648393,0.0010706235,0.0010822116,0.0010861537,0.0010747724,0.0010614027,0.0010541239,0.0010648393,0.0010706235,0.0010822099,0.0,0.0010747731,0.0010614027,0.0010541239,0.0010648393,0.0010706235,0.00108221,0.0,0.0,0.0010614027,0.0010456253,0.0010362449,0.0010465304,0.0011200384,0.0010861546,0.0010747724,0.0018369909,0.0019523721,0.0010747726,0.0010747724,0.0010691877,0.0010861743,0.0,0.001061403,0.0,0.0010747729,0.0010614027,0.0010819391,0.0010861999,0.0,0.0010747727,0.0010614027,0.0010541239,0.0,0.0010747733,0.0,0.0010747723,0.0012225022,0.0010456253,0.0010269277,0.0010819347,0.0010929301,0.0010861572,0.0,0.0010614027,0.0010456253,0.0010362449,0.0010465307,0.0011200943,0.0010861658,0.0,0.0,0.0010456253,0.0010269277,0.0010819348,0.001103717,0.0,0.0010747729,0.0010614027,0.0010541239,0.0010648393,0.0010706235,0.00108221,0.0010861563,0.0010747724,0.0010614027,0.0,0.0010747724,0.0010614027,0.0010541247,0.0010861541,0.0,0.0010614027,0.0010456254,0.0010362449,0.0010465304,0.0011200408,0.0010861561,0.001603114,0.0010614027,0.0010456253,0.0010362449,0.0010465304,0.0011200401,0.0,0.0010747728,0.0010747728,0.0010691871,0.0010801147,0.0,0.0010047527,0.0010861661,0.008160916,0.0010614027,0.0010456253,0.0010362449,0.0010465304,0.0011200384,0.0010861574,0.0,0.0,0.0010456253,0.0010269277,0.0010819348,0.0011037189,0.0010861758,0.0010747731,0.0,0.0010456262,0.0010269283,0.0010819348,0.0010929303,0.0,0.0010747727,0.0010614027,0.0010541239,0.0010648393,0.0010706235,0.0010822099,0.0,0.0010747741,0.0,0.0010456253,0.0010269277,0.0010819348,0.0010929223,0.0,0.0010747727,0.0010614027,0.0010541239,0.0010648393,0.0010706235,0.00108221,0.0010861611,0.0010747726,0.001061403,0.0010541242,0.0010648393,0.0010706235,0.0010822106,0.0,0.0,0.0,0.0010456253,0.0010269277,0.0010819348,0.0011037181,0.0010861532,0.0010747724,0.0,0.0010456253,0.0010269277,0.0010819348,0.0010929233,0.0010861626,0.0010747727,0.0010614027,0.0010819348,0.0032912,0.0010456253,0.0010269283,0.0,0.0010747724,0.0010614027,0.0010541239,0.0010648393,0.0010706235,0.001082211,0.0,0.0010747724,0.0010614027,0.0010541239,0.0010648393,0.0010706235,0.00108221,0.0,0.0010747729,0.0010614027,0.0010541239,0.0010648393,0.0010706235,0.0010822123,0.0010861566,0.0010747727,0.0010614027,0.0010541239,0.0010648393,0.0010706235,0.0010822105,0.0,0.0,0.0010614027,0.0010456253,0.0010362449,0.0010465304,0.0011200389,0.0,0.0010747724,0.0010614027,0.0010541239,0.0010648393,0.0010706235,0.00108221,0.0010863147,0.0010747743,0.001061403,0.0010541237,0.0010648393,0.0010706238,0.0010822131
k__Bacteria|p__Actinobacteria|c__Actinomycetia|o__Actinomycetales|f__Actinomycetaceae|g__Schaalia|s__Schaalia_odontolytica,0.0,0.0010594523,0.0010457885,0.001038407,0.0010494582,0.0010554813,0.001067456,0.0,0.0010594523,0.0010457885,0.001038407,0.0010494582,0.0010554813,0.0010674561,0.0,0.0,0.0010458026,0.001029734,0.0010202394,0.0010308047,0.0011065204,0.0010711626,0.0,0.0010457885,0.0010297257,0.0010202387,0.0010308047,0.0011065196,0.0,0.0,0.0010457885,0.0010297257,0.0010202387,0.0010308047,0.0011065196,0.0010711286,0.0010594522,0.0010457885,0.001038407,0.0010494582,0.0010554813,0.001067456,0.0,0.0010594528,0.0010457886,0.001038407,0.0010494582,0.0010554813,0.0010674571,0.0010711288,0.0010594522,0.0010457885,0.001038407,0.0010494582,0.0010554813,0.0010674561,0.0,0.0010594524,0.0010457895,0.0010384072,0.0010494582,0.0010554813,0.0010674564,0.0,0.0010594523,0.0010457885,0.001038407,0.0010494582,0.0010554813,0.0010674561,0.0,0.0010594523,0.0,0.0010297257,0.0010107617,0.0010668328,0.0010782661,0.0,0.0010594522,0.0010457885,0.001038407,0.0010494582,0.0010554813,0.0010674563,0.0,0.0,0.0,0.0010297257,0.0010107617,0.0010668328,0.0010894199,0.0010711394,0.0010594523,0.0,0.0010297257,0.0010107617,0.0010668328,0.0010782725,0.0010712111,0.0,0.0,0.001029726,0.0010107617,0.0010668328,0.00108942,0.0010711551,0.0,0.0010457885,0.0,0.0010594522,0.0010457885,0.001066833,0.001071132,0.0,0.0,0.0010297257,0.0010107617,0.0010668328,0.001089419,0.0,0.0010594538,0.0,0.0010297257,0.0010107617,0.0010668328,0.0010782646,0.0,0.0,0.0010457893,0.0010594537,0.0,0.0010297257,0.0010594527,0.0010711494,0.0010594524,0.0,0.0010297257,0.0010107617,0.0010668328,0.0010782641,0.0,0.0,0.0010457888,0.0010297257,0.0010202387,0.0010308047,0.0011065201,0.0,0.0,0.0010457885,0.0,0.0010594522,0.0010457885,0.0010668329,0.0,0.0010594552,0.0,0.0010594524,0.0,0.0010594522,0.0010457886,0.0,0.0,0.0010458025,0.001029728,0.0010202389,0.0010308047,0.00110652,0.0,0.0010594944,0.0010594565,0.0010537752,0.0010650929,0.0,0.000988306,0.0,0.0010594547,0.0010457896,0.0,0.0010594524,0.0010457885,0.0010384104,0.0010711343,0.0010594522,0.0010457885,0.0,0.0010594522,0.0010457885,0.0010384083,0.0,0.0010594525,0.0010457886,0.001038407,0.0010494582,0.0010554813,0.0010674561,0.0010711286,0.0010594522,0.0010457885,0.001038407,0.0010494582,0.0010554813,0.0010674561,0.0010711586,0.0,0.0,0.0010297257,0.0010107617,0.0010668328,0.0010894189,0.0010711349,0.0,0.0010457885,0.0010297257,0.0010202387,0.0010308047,0.0011065198,0.0,0.0010594524,0.0,0.0010297257,0.0010107617,0.0010668328,0.001078264,0.0010711488,0.0,0.0010457885,0.0010297257,0.0010202387,0.0010308047,0.0011065297,0.0,0.0010594522,0.0010457885,0.001038407,0.0010494582,0.0010554813,0.0010674576,0.0010711292,0.0010594522,0.0010457885,0.001038407,0.0010494582,0.0010554813,0.001067456,0.0,0.001059453,0.0010457885,0.001038407,0.0010494582,0.0010554813,0.001067456,0.0,0.0,0.0010457885,0.0010297257,0.0010202387,0.0010308047,0.0011065197,0.0010711306,0.0010594522,0.0,0.0,0.0010594524,0.0010594523,0.001053775,0.0010711631,0.0,0.0010457886,0.0,0.0010594524,0.0010457885,0.0010668383,0.0010712584,0.0,0.0010594524,0.0010457885,0.001038407,0.0011922667,0.0010594529,0.0,0.0010594522,0.0,0.0010297257,0.0010107617,0.0010668327,0.0010782747,0.0010711345,0.0,0.0010457885,0.0010297257,0.0010202389,0.001030805,0.0011065917,0.0010711428,0.0,0.0,0.0010297257,0.0010107617,0.0010668328,0.0010894185,0.0,0.0010594524,0.0010457886,0.001038407,0.0010494582,0.0010554813,0.0010674561,0.001071134,0.0010594523,0.0010457885,0.0,0.0010594523,0.0010457885,0.0010384084,0.0010711314,0.0,0.0010457885,0.001029726,0.0010202387,0.0010308047,0.0011065217,0.001071132,0.0,0.0010457886,0.0010297259,0.0010202389,0.0010308047,0.0011065223,0.0,0.0010594523,0.0010594524,0.0010537748,0.0010650926,0.0,0.0009883428,0.0010711637,0.0,0.0010457885,0.0010297257,0.0010202387,0.0010308047,0.0011065196,0.0010711331,0.0,0.0,0.0010297257,0.0010107617,0.0010668328,0.0010894197,0.0010712008,0.0010594535,0.0,0.0010297269,0.0010107623,0.001066833,0.0010782724,0.0,0.0010594524,0.0010457885,0.001038407,0.0010494582,0.0010554813,0.001067456,0.0,0.0010594535,0.0,0.0010297257,0.0010107617,0.0010668328,0.001078264,0.0,0.0010594524,0.0010457888,0.001038407,0.0010494582,0.0010554813,0.0010674561,0.0010711451,0.0010594523,0.0010457886,0.0010384072,0.0010494582,0.0010554813,0.0010674564,0.0,0.0,0.0,0.0010297257,0.0010107617,0.0010668328,0.0010894191,0.0010711283,0.0010594522,0.0,0.0010297257,0.0010107617,0.0010668328,0.0010782653,0.0010711392,0.0010594524,0.0010457885,0.0010668328,0.0,0.0010297257,0.0010107618,0.0,0.0010594522,0.0010457885,0.001038407,0.0010494582,0.0010554813,0.001067457,0.0,0.0010594522,0.0010457885,0.001038407,0.0010494582,0.0010554813,0.0010674561,0.0,0.0010594531,0.0010457885,0.001038407,0.0010494582,0.0010554813,0.0010674582,0.0010711392,0.0010594522,0.0010457885,0.001038407,0.0010494582,0.0010554813,0.0010674566,0.0,0.0,0.0010457885,0.0010297257,0.0010202387,0.0010308047,0.0011065203,0.0,0.0010594522,0.0010457885,0.001038407,0.0010494582,0.0010554813,0.0010674561,0.0010713274,0.0010594538,0.0010457886,0.0010384071,0.0010494582,0.0010554813,0.0010674584
k__Bacteria|p__Actinobacteria|c__Coriobacteriia|o__Eggerthellales|f__Eggerthellaceae|g__Gordonibacter|s__Gordonibacter_pamelaeae,0.0,0.0010609762,0.0010474534,0.0010402466,0.0010515522,0.0010578345,0.0010699683,0.0,0.0010609763,0.0010474534,0.0010402466,0.0010515522,0.0010578345,0.0010699683,0.0,0.0,0.0010474595,0.0010315411,0.0010222305,0.0010330632,0.0011082165,0.0010725402,0.0,0.0010474534,0.0010315364,0.0010222304,0.0010330632,0.0011082162,0.0,0.0,0.0010474534,0.0010315364,0.0010222304,0.0010330632,0.0011082162,0.0010725177,0.0010609762,0.0010474534,0.0010402466,0.0010515522,0.0010578345,0.0010699683,0.0,0.0010609768,0.0010474535,0.0010402466,0.0010515522,0.0010578345,0.0010699688,0.0010725178,0.0010609762,0.0010474534,0.0010402466,0.0010515522,0.0010578345,0.0010699683,0.0,0.0010609763,0.0010474535,0.0010402466,0.0010515522,0.0010578345,0.0010699687,0.0013701706,0.0010609763,0.0010474534,0.0010402466,0.0010515522,0.0010578345,0.0010699684,0.0,0.0010609763,0.0,0.0010315364,0.0010127219,0.001068381,0.0010800427,0.0,0.0010609762,0.0010474534,0.0010402465,0.0010515522,0.0010578345,0.0010699687,0.0,0.0,0.0,0.0010315364,0.0010127219,0.001068381,0.0010910485,0.0010725248,0.0010609763,0.0,0.0010315364,0.0010127219,0.001068381,0.0010800455,0.0010725651,0.0,0.0,0.0010315365,0.0010127219,0.001068381,0.0010910479,0.0010725352,0.0,0.0010474534,0.0,0.0010609762,0.0010474534,0.0010683811,0.0010725198,0.0,0.0,0.0010315364,0.0010127219,0.001068381,0.0010910473,0.0,0.0010609768,0.0,0.0010315364,0.0010127219,0.001068381,0.0010800414,0.0,0.0,0.0010474538,0.0010609766,0.0,0.0010315364,0.0010609763,0.0010725291,0.0010609763,0.0,0.0010315364,0.0010127219,0.001068381,0.0010800414,0.0,0.0,0.0010474536,0.0010315364,0.0010222304,0.0010330632,0.0011082164,0.0,0.0,0.0010474534,0.0,0.0010609762,0.0010474534,0.001068381,0.0,0.0010609776,0.0,0.0010609764,0.0,0.0010609762,0.0010474535,0.0,0.0,0.0010474592,0.0010315375,0.0010222301,0.0010330632,0.0011082162,0.0,0.001060993,0.0010609777,0.0010554659,0.0010670258,0.0,0.0009904095,0.0,0.0010609775,0.0010474536,0.0,0.0010609764,0.0010474535,0.0010402481,0.0010725213,0.0010609762,0.0010474534,0.0,0.0010609762,0.0010474534,0.0010402474,0.0,0.0010609764,0.0010474535,0.0010402465,0.0010515522,0.0010578345,0.0010699683,0.0010725178,0.0010609762,0.0010474534,0.0010402466,0.0010515522,0.0010578345,0.0010699684,0.0010725358,0.0,0.0,0.0010315364,0.0010127219,0.001068381,0.0010910471,0.0010725204,0.0,0.0010474534,0.0010315364,0.0010222304,0.0010330632,0.0011082162,0.0,0.0010609764,0.0,0.0010315364,0.0010127219,0.001068381,0.0010800413,0.0010725282,0.0,0.0010474534,0.0010315364,0.0010222304,0.0010330632,0.0011082214,0.0,0.0010609762,0.0010474534,0.0010402466,0.0010515522,0.0010578345,0.0010699696,0.0010725184,0.0010609762,0.0010474534,0.0010402466,0.0010515522,0.0010578345,0.0010699683,0.0,0.0010609765,0.0010474535,0.0010402465,0.0010515522,0.0010578345,0.0010699683,0.0,0.0,0.0010474534,0.0010315364,0.0010222304,0.0010330632,0.0011082164,0.0010725198,0.0010609762,0.0,0.0,0.0010609764,0.0010609763,0.0010554662,0.0010725431,0.0,0.0010474536,0.0,0.0010609764,0.0010474534,0.0010683835,0.0010725935,0.0,0.0010609763,0.0010474535,0.0010402465,0.0,0.0010609766,0.0,0.0010609762,0.0,0.0010315364,0.0010127219,0.001068381,0.0010800437,0.0010725209,0.0,0.0010474534,0.0010315364,0.0010222301,0.0010330636,0.001108253,0.0010725256,0.0,0.0,0.0010315364,0.0010127219,0.001068381,0.0010910472,0.0,0.0010609764,0.0010474535,0.0010402466,0.0010515522,0.0010578345,0.0010699683,0.0010725405,0.0010609763,0.0010474535,0.0,0.0010609763,0.0010474534,0.0010402468,0.0010725197,0.0,0.0010474535,0.0010315367,0.0010222304,0.0010330632,0.0011082172,0.0010725204,0.0,0.0010474535,0.0010315364,0.0010222301,0.0010330633,0.0011082168,0.0,0.0010609763,0.0010609764,0.0010554659,0.0010670256,0.0,0.0009904405,0.0010725434,0.0,0.0010474535,0.0010315364,0.0010222304,0.0010330632,0.0011082162,0.0010725216,0.0,0.0,0.0010315364,0.0010127219,0.001068381,0.001091048,0.0010725557,0.0010609766,0.0,0.0010315371,0.001012722,0.0010683811,0.0010800466,0.0,0.0010609764,0.0010474535,0.0010402465,0.0010515522,0.0010578345,0.0010699683,0.0,0.0010609769,0.0,0.0010315364,0.0010127219,0.001068381,0.0010800413,0.0,0.0010609763,0.0010474536,0.0010402465,0.0010515522,0.0010578345,0.0010699684,0.0010725266,0.0010609762,0.0010474535,0.0010402465,0.0010515522,0.0010578345,0.0010699686,0.0,0.0,0.0,0.0010315364,0.0010127219,0.001068381,0.0010910474,0.0010725177,0.0010609762,0.0,0.0010315364,0.0010127219,0.001068381,0.0010800418,0.0010725256,0.0010609764,0.0010474534,0.001068381,0.0,0.0010315364,0.0010127221,0.0,0.0010609762,0.0010474534,0.0010402465,0.0010515522,0.0010578345,0.0010699688,0.0,0.0010609762,0.0010474534,0.0010402465,0.0010515522,0.0010578345,0.0010699684,0.0,0.0010609764,0.0010474535,0.0010402465,0.0010515522,0.0010578345,0.0010699695,0.0010725234,0.0010609762,0.0010474534,0.0010402465,0.0010515522,0.0010578345,0.0010699687,0.0,0.0,0.0010474534,0.0010315364,0.0010222304,0.0010330632,0.0011082162,0.0,0.0010609762,0.0010474534,0.0010402466,0.0010515522,0.0010578345,0.0010699684,0.0010726663,0.0010609771,0.0010474533,0.0010402465,0.0010515522,0.0010578345,0.0010699701
k__Bacteria|p__Actinobacteria|c__Actinomycetia|o__Actinomycetales|f__Actinomycetaceae|g__Actinomyces|s__Actinomyces_SGB17154,0.0,0.0010643341,0.0010507152,0.0010432961,0.0010541182,0.0010599453,0.0010717129,0.0,0.0010643341,0.0010507152,0.0010432961,0.0010541182,0.0010599453,0.0010717129,0.0,0.0,0.0010507404,0.001034709,0.0010251675,0.0010355175,0.0011106821,0.0010760268,0.0,0.0010507152,0.001034692,0.0010251662,0.0010355175,0.0011106812,0.0,0.0,0.0010507152,0.001034692,0.0010251662,0.0010355175,0.0011106812,0.0010759627,0.001064334,0.0010507152,0.0010432961,0.0010541182,0.0010599453,0.0010717128,0.0,0.0010643352,0.0010507157,0.0010432961,0.0010541182,0.0010599453,0.0010717135,0.0010759626,0.001064334,0.0010507152,0.0010432961,0.0010541182,0.0010599453,0.0010717128,0.0,0.0010643344,0.0010507163,0.0010432962,0.0010541182,0.0010599453,0.0010717137,0.0,0.0010643341,0.0010507152,0.0010432961,0.0010541182,0.0010599453,0.0010717129,0.0,0.0010643341,0.0,0.001034692,0.0010157595,0.0010716259,0.0010828029,0.0,0.001064334,0.0010507152,0.0010432961,0.0010541182,0.0010599453,0.0010717134,0.0,0.0,0.0,0.001034692,0.0010157595,0.0010716259,0.0010938926,0.0010759803,0.0010643341,0.0,0.001034692,0.0010157595,0.0010716259,0.0010828113,0.0010760992,0.0,0.0,0.0010346925,0.0010157595,0.0010716259,0.0010938916,0.0010760096,0.0,0.0010507152,0.0014460135,0.001064334,0.0010507152,0.0010716261,0.0010759691,0.0,0.0,0.001034692,0.0010157595,0.0010716259,0.0010938896,0.0,0.0010643364,0.0,0.001034692,0.0010157595,0.0010716259,0.001082801,0.0,0.0,0.0010507173,0.0010643364,0.0,0.001034692,0.0010643344,0.0010760124,0.0010643344,0.0,0.0010346923,0.0010157595,0.0010716259,0.0010828003,0.0,0.0,0.0010507155,0.001034692,0.0010251662,0.0010355175,0.0011106819,0.0,0.0,0.0010507152,0.0,0.001064334,0.0010507152,0.001071626,0.0,0.0010643409,0.0,0.0010643342,0.0,0.001064334,0.0010507153,0.0,0.0,0.0010507464,0.0010346973,0.0010251665,0.0010355175,0.0011106823,0.0,0.0010643998,0.0010643413,0.001058619,0.0010696932,0.0,0.0009933254,0.0,0.0010643383,0.0010507173,0.0,0.0010643344,0.0010507153,0.0010433,0.0010759749,0.001064334,0.0010507152,0.0,0.001064334,0.0010507152,0.0010432977,0.0,0.0010643343,0.0010507153,0.0010432961,0.0010541182,0.0010599453,0.0010717129,0.0010759624,0.001064334,0.0010507152,0.0010432961,0.0010541182,0.0010599453,0.0010717129,0.0010760186,0.0,0.0,0.001034692,0.0010157595,0.0010716259,0.0010938892,0.0010759737,0.0,0.0010507152,0.001034692,0.0010251662,0.0010355175,0.0011106817,0.0,0.0010643342,0.0,0.001034692,0.0010157595,0.0010716259,0.0010828003,0.001075992,0.0,0.0010507152,0.001034692,0.0010251662,0.0010355175,0.0011106919,0.0,0.001064334,0.0010507152,0.0010432961,0.0010541182,0.0010599453,0.001071715,0.001075964,0.001064334,0.0010507152,0.0010432961,0.0010541182,0.0010599453,0.0010717128,0.0,0.0010643349,0.0010507153,0.0010432961,0.0010541182,0.0010599453,0.0010717129,0.0,0.0,0.0010507152,0.001034692,0.0010251662,0.0010355175,0.0011106816,0.001075967,0.001064334,0.0,0.008676353,0.0010643342,0.0010643341,0.001058619,0.0010760314,0.0028803274,0.0010507156,0.0019328027,0.0010643342,0.0010507152,0.0010716311,0.0010761683,0.0,0.0010643344,0.0010507153,0.0010432961,0.0,0.0010643352,0.0012627116,0.001064334,0.0,0.001034692,0.0010157595,0.0010716257,0.0010828081,0.0010759744,0.0,0.0010507152,0.001034692,0.0010251662,0.0010355182,0.0011107639,0.001075994,0.0,0.0,0.001034692,0.0010157595,0.0010716259,0.0010938894,0.0,0.0010643342,0.0010507153,0.0010432961,0.0010541182,0.0010599453,0.0010717129,0.0010759857,0.001064334,0.0010507153,0.0,0.0010643341,0.0010507152,0.0010432976,0.0010759674,0.0,0.0010507153,0.0010346925,0.0010251662,0.0010355175,0.0011106844,0.0010759698,0.0,0.0010507153,0.0010346924,0.0010251665,0.0010355177,0.0011106841,0.0,0.001064334,0.0010643342,0.0010586182,0.001069693,0.0,0.0009933729,0.0010760312,0.0,0.0010507153,0.001034692,0.0010251662,0.0010355175,0.0011106812,0.0010759726,0.0,0.0,0.001034692,0.0010157595,0.0010716259,0.0010938917,0.0010760877,0.0010643356,0.0,0.001034694,0.0010157602,0.0010716261,0.0010828113,0.0,0.0010643342,0.0010507153,0.0010432961,0.0010541182,0.0010599453,0.0010717128,0.0,0.0010643362,0.0,0.001034692,0.0010157595,0.0010716259,0.0010828003,0.0015663133,0.0010643342,0.0010507155,0.0010432961,0.0010541182,0.0010599453,0.0010717129,0.0010759897,0.0010643343,0.0010507156,0.0010432964,0.0010541182,0.0010599453,0.0010717133,0.0,0.0,0.0,0.001034692,0.0010157595,0.0010716259,0.00109389,0.0010759616,0.001064334,0.0,0.001034692,0.0010157595,0.0010716259,0.0010828017,0.0010759863,0.0010643342,0.0010507152,0.0010716259,0.0,0.001034692,0.0010157604,0.0,0.001064334,0.0010507152,0.0010432961,0.0010541182,0.0010599453,0.001071714,0.0,0.001064334,0.0010507152,0.0010432961,0.0010541182,0.0010599453,0.0010717133,0.0,0.0010643352,0.0010507153,0.0010432961,0.0010541182,0.0010599453,0.001071715,0.0010759808,0.001064334,0.0010507152,0.0010432961,0.0010541182,0.0010599453,0.0010717134,0.0,0.0,0.0010507152,0.001034692,0.0010251662,0.0010355175,0.001110682,0.0,0.001064334,0.0010507152,0.0010432961,0.0010541182,0.0010599453,0.0010717129,0.0010762825,0.0010643369,0.0010507156,0.001043296,0.0010541182,0.0010599453,0.0010717157
k__Bacteria|p__Actinobacteria|c__Actinomycetia|o__Bifidobacteriales|f__Bifidobacteriaceae|g__Bifidobacterium|s__Bifidobacterium_catenulatum,0.0,0.0010607385,0.001046989,0.0010394546,0.0010501953,0.001055921,0.0010676696,0.0,0.0010607385,0.001046989,0.0010394546,0.0010501953,0.001055921,0.0010676695,0.0,0.0,0.0010470094,0.0010308471,0.0010211897,0.0010314417,0.0011073125,0.0010725275,0.0,0.001046989,0.0010308343,0.0010211889,0.0010314417,0.0011073116,0.0,0.0,0.001046989,0.0010308343,0.0010211889,0.0010314417,0.0011073116,0.0010724943,0.0010607383,0.001046989,0.0010394546,0.0010501953,0.001055921,0.0010676695,0.0,0.001060739,0.0010469891,0.0010394546,0.0010501953,0.001055921,0.0010676708,0.0010724943,0.0010607383,0.001046989,0.0010394546,0.0010501953,0.001055921,0.0010676696,0.0,0.0010607387,0.0010469899,0.0010394547,0.0010501953,0.001055921,0.0010676702,0.0,0.0010607385,0.001046989,0.0010394546,0.0010501953,0.001055921,0.0010676696,0.0,0.0010607385,0.0,0.0010308343,0.0010117715,0.0010680555,0.0010791845,0.0,0.0010607383,0.001046989,0.0010394546,0.0010501953,0.001055921,0.0010676703,0.0,0.0,0.0,0.0010308343,0.0010117715,0.0010680555,0.0010904204,0.0010725043,0.0010607385,0.0,0.0010308343,0.0010117715,0.0010680555,0.0010791917,0.0010725688,0.0,0.0,0.0010308343,0.0010117715,0.0010680555,0.0010904198,0.001072521,0.0,0.001046989,0.0,0.0010607383,0.001046989,0.0010680559,0.0010724978,0.0,0.0,0.0010308343,0.0010117715,0.0010680555,0.0010904183,0.0,0.0010607406,0.0,0.0010308343,0.0010117715,0.0010680555,0.0010791825,0.0,0.0,0.0010469903,0.0010607401,0.0,0.0010308343,0.0010607387,0.0010725227,0.0010607387,0.0,0.0010308342,0.0010117715,0.0010680555,0.0010791823,0.0,0.0,0.0010469892,0.0010308343,0.0010211889,0.0010314417,0.001107312,0.0,0.0,0.001046989,0.0,0.0010607383,0.001046989,0.0010680559,0.0,0.0010607436,0.0,0.0010607385,0.0,0.0010607383,0.0010469891,0.0,0.0,0.0010470123,0.0010308379,0.001021189,0.0010314417,0.0011073122,0.0,0.0010607942,0.0010607445,0.0010549139,0.0010659235,0.0,0.0009892122,0.0,0.0010607415,0.0010469903,0.0,0.001060739,0.0010469891,0.0010394584,0.0010725018,0.0010607383,0.001046989,0.0,0.0010607383,0.001046989,0.0010394558,0.0,0.0010607387,0.0010469891,0.0010394546,0.0010501953,0.001055921,0.0010676698,0.0010724941,0.0010607383,0.001046989,0.0010394546,0.0010501953,0.001055921,0.0010676696,0.0010725224,0.0,0.0,0.0010308343,0.0010117715,0.0010680555,0.0010904183,0.0010725007,0.0,0.001046989,0.0010308343,0.0010211889,0.0010314417,0.0011073119,0.0,0.0010607385,0.0,0.0010308343,0.0010117715,0.0010680555,0.0010791821,0.0010725143,0.0,0.001046989,0.0010308343,0.0010211889,0.0010314417,0.0011073233,0.0,0.0010607383,0.001046989,0.0010394546,0.0010501953,0.001055921,0.0010676711,0.0010724949,0.0010607383,0.001046989,0.0010394546,0.0010501953,0.001055921,0.0010676695,0.0,0.0010607392,0.0010469891,0.0010394546,0.0010501953,0.001055921,0.0010676698,0.0,0.0,0.001046989,0.0010308343,0.0010211889,0.0010314417,0.0011073117,0.0010724963,0.0010607383,0.0,0.0,0.0010607385,0.0010607385,0.0010549134,0.0010725291,0.0,0.0010469895,0.0,0.0010607385,0.001046989,0.0010680616,0.001072612,0.0,0.0010607387,0.0010469891,0.0010394546,0.0,0.0010607394,0.0,0.0010607382,0.0,0.0010308343,0.0010117715,0.0010680559,0.0010791934,0.0010725005,0.0021292984,0.001046989,0.0010308343,0.001021189,0.0010314424,0.0011074011,0.0010725113,0.0,0.0,0.0010308343,0.0010117715,0.0010680555,0.001090418,0.0,0.0010607385,0.0010469891,0.0010394546,0.0010501953,0.001055921,0.0010676695,0.0010724935,0.0010607383,0.0010469891,0.0,0.0010607382,0.001046989,0.0010394562,0.0010724968,0.0,0.0010469891,0.0010308343,0.0010211889,0.0010314417,0.0011073144,0.0010724982,0.0,0.0010469891,0.0010308343,0.001021189,0.001031442,0.0011073147,0.0,0.0010607386,0.0010607387,0.0010549133,0.0010659237,0.0,0.0009892585,0.0010725282,0.0,0.0010469891,0.0010308343,0.0010211889,0.0010314417,0.0011073116,0.0010724998,0.0,0.0,0.0010308343,0.0010117715,0.0010680555,0.0010904196,0.0010725601,0.0010607396,0.0,0.0010308357,0.0010117716,0.0010680557,0.0010791915,0.0,0.0010607383,0.0010469891,0.0010394546,0.0010501953,0.001055921,0.0010676695,0.0,0.0010607402,0.0,0.0010308343,0.0010117715,0.0010680555,0.0010791821,0.0,0.0010607386,0.0010469892,0.0010394546,0.0010501953,0.001055921,0.0010676696,0.0010725101,0.0010607386,0.0010469891,0.001039455,0.0010501953,0.001055921,0.0010676701,0.0,0.0,0.0,0.0010308343,0.0010117715,0.0010680555,0.0010904188,0.0010724937,0.0010607383,0.0,0.0010308343,0.0010117715,0.0010680555,0.0010791834,0.0010725058,0.0010607383,0.001046989,0.0010680555,0.0,0.0010308343,0.0010117716,0.0,0.0010607383,0.001046989,0.0010394546,0.0010501953,0.001055921,0.0010676705,0.0,0.0010607383,0.001046989,0.0010394546,0.0010501953,0.001055921,0.0010676698,0.0,0.0010607394,0.0010469891,0.0010394546,0.0010501953,0.001055921,0.0010676722,0.0010725049,0.0010607383,0.001046989,0.0010394546,0.0010501953,0.001055921,0.0010676703,0.0,0.0,0.001046989,0.0010308343,0.0010211889,0.0010314417,0.0011073124,0.0,0.0010607383,0.001046989,0.0010394546,0.0010501953,0.001055921,0.0010676696,0.0010726813,0.0010607407,0.0010469891,0.0010394546,0.0010501953,0.001055921,0.0010676727
k__Bacteria|p__Actinobacteria|c__Coriobacteriia|o__Coriobacteriales|f__Coriobacteriaceae|g__Collinsella|s__Collinsella_stercoris,0.0,0.0010592408,0.0010454707,0.0010379376,0.0010487302,0.0010544985,0.0010662982,0.0,0.001059241,0.0010454707,0.0010379376,0.0010487302,0.0010544985,0.0010662981,0.0,0.0,0.0010454806,0.0010293022,0.0010196533,0.0010299525,0.0011060128,0.0010710321,0.0,0.0010454707,0.0010292963,0.0010196525,0.0010299525,0.0011060127,0.0,0.0,0.0010454707,0.0010292963,0.0010196525,0.0010299525,0.0011060127,0.0010710178,0.0010592409,0.0010454707,0.0010379376,0.0010487302,0.0010544985,0.0010662981,0.0,0.0010592414,0.0010454708,0.0010379376,0.0010487302,0.0010544985,0.0010662983,0.001071018,0.0010592409,0.0010454707,0.0010379376,0.0010487302,0.0010544985,0.0010662982,0.0,0.001059241,0.001045471,0.0010379376,0.0010487302,0.0010544985,0.0010662988,0.0,0.001059241,0.0010454707,0.0010379376,0.0010487302,0.0010544985,0.0010662982,0.0,0.001059241,0.08724572,0.0010292963,0.0010102164,0.0010665824,0.0010777713,0.0,0.0010592409,0.0010454707,0.0010379375,0.0010487302,0.0010544985,0.0010662985,0.0,0.0,0.0,0.0010292963,0.0010102164,0.0010665824,0.0010890355,0.001071022,0.001059241,0.0,0.0010292963,0.0010102164,0.0010665824,0.0010777762,0.0010710775,0.0,0.0,0.0010292964,0.0010102164,0.0010665824,0.001089035,0.0010710341,0.0,0.0010454707,0.0,0.0010592409,0.0010454707,0.0010665825,0.0010710205,0.0,0.0,0.0010292963,0.0010102164,0.0010665824,0.0010890334,0.0,0.001059242,0.0,0.0010292963,0.0010102164,0.0010665824,0.0010777706,0.0,0.0,0.0010454709,0.0010592422,0.0,0.0010292963,0.001059241,0.0010710345,0.001059241,0.0,0.0010292963,0.0010102164,0.0010665824,0.0010777703,0.0,0.0,0.0010454708,0.0010292963,0.0010196525,0.0010299525,0.0011060132,0.0,0.0,0.0010454707,0.0,0.0010592409,0.0010454707,0.0010665825,0.0,0.0010592422,0.0,0.0010592411,0.0,0.0010592409,0.0010454708,0.0,0.0,0.001045482,0.0010292985,0.0010196525,0.0010299525,0.0011060127,0.0,0.0010592737,0.0010592439,0.0010534177,0.0010644848,0.0,0.0009876346,0.0,0.0010592425,0.001045471,0.0,0.001059241,0.0010454708,0.0010379393,0.0010710189,0.0010592409,0.0010454707,0.0,0.0010592409,0.0010454707,0.0010379386,0.0,0.001059241,0.0010454708,0.0010379375,0.0010487302,0.0010544985,0.001066298,0.0010710176,0.0010592409,0.0010454707,0.0010379376,0.0010487302,0.0010544985,0.0010662982,0.0010710397,0.0,0.0,0.0010292963,0.0010102164,0.0010665824,0.0010890334,0.0010710246,0.0,0.0010454707,0.0010292963,0.0010196525,0.0010299525,0.0011060126,0.0,0.0010592411,0.0,0.0010292963,0.0010102164,0.0010665824,0.0010777705,0.0010710245,0.0,0.0010454707,0.0010292963,0.0010196525,0.0010299525,0.0011060182,0.0,0.0010592409,0.0010454707,0.0010379376,0.0010487302,0.0010544985,0.0010662995,0.0010710179,0.0010592409,0.0010454707,0.0010379376,0.0010487302,0.0010544985,0.0010662981,0.0,0.0010592412,0.0010454708,0.0010379375,0.0010487302,0.0010544985,0.0010662982,0.0,0.0,0.0010454707,0.0010292963,0.0010196525,0.0010299525,0.0011060127,0.0010710186,0.0010592409,0.0,0.0,0.0010592411,0.001059241,0.0010534178,0.0010710339,0.0,0.0010454706,0.0,0.0010592411,0.0010454707,0.0010665834,0.0010711022,0.0,0.001059241,0.0010454708,0.0010379375,0.0,0.0010592414,0.0,0.0010592409,0.0,0.0010292963,0.0010102164,0.0010665824,0.0010777719,0.0010710205,0.0,0.0010454707,0.0010292963,0.0010196525,0.0010299532,0.0011060577,0.0010710235,0.0,0.0,0.0010292963,0.0010102164,0.0010665824,0.0010890334,0.0,0.0010592411,0.0010454708,0.0010379376,0.0010487302,0.0010544985,0.0010662981,0.0010710028,0.001059241,0.0010454708,0.0,0.0010592408,0.0010454707,0.0010379384,0.0010710205,0.0,0.0010454708,0.0010292964,0.0010196525,0.0010299525,0.0011060134,0.0010710197,0.0,0.0010454708,0.0010292963,0.0010196525,0.0010299528,0.0011060138,0.0,0.001059241,0.0010592411,0.0010534176,0.0010644845,0.0,0.000987663,0.0010710494,0.0,0.0010454708,0.0010292963,0.0010196525,0.0010299525,0.0011060127,0.0010710204,0.0,0.0,0.0010292963,0.0010102164,0.0010665824,0.0010890346,0.0010710629,0.0010592418,0.0,0.0010292972,0.001010217,0.0010665824,0.0010777757,0.0,0.0010592409,0.0010454708,0.0010379375,0.0010487302,0.0010544985,0.0010662981,0.0,0.0010592409,0.0,0.0010292963,0.0010102164,0.0010665824,0.0010777705,0.0,0.001059241,0.0010454708,0.0010379375,0.0010487302,0.0010544985,0.0010662982,0.001071029,0.0010592409,0.0010454708,0.0010379377,0.0010487302,0.0010544985,0.0010662981,0.0,0.0,0.0,0.0010292963,0.0010102164,0.0010665824,0.0010890338,0.0010710175,0.0010592409,0.0,0.0010292963,0.0010102164,0.0010665824,0.0010777712,0.0010710234,0.0010592409,0.0010454707,0.0010665824,0.0,0.0010292963,0.0010102165,0.0,0.0010592409,0.0010454707,0.0010379375,0.0010487302,0.0010544985,0.0010662983,0.0,0.0010592409,0.0010454707,0.0010379375,0.0010487302,0.0010544985,0.0010662983,0.0,0.0010592414,0.0010454708,0.0010379375,0.0010487302,0.0010544985,0.0010662993,0.0010710265,0.0010592409,0.0010454707,0.0010379375,0.0010487302,0.0010544985,0.0010662985,0.0,0.0,0.0010454707,0.0010292963,0.0010196525,0.0010299525,0.001106013,0.0,0.0010592409,0.0010454707,0.0010379376,0.0010487302,0.0010544985,0.0010662982,0.0010710887,0.0010592417,0.0010454708,0.0010379374,0.0010487302,0.0010544985,0.0010662995
k__Bacteria|p__Actinobacteria|c__Actinomycetia|o__Bifidobacteriales|f__Bifidobacteriaceae|g__Bifidobacterium|s__Bifidobacterium_scardovii,0.08432351,0.0010623223,0.0010487158,0.0010413574,0.0010523533,0.0010583389,0.0010702466,0.0,0.0010623224,0.0010487158,0.0010413574,0.0010523533,0.0010583389,0.0010702464,0.0,0.0,0.0010487279,0.0010327153,0.0010232464,0.001033767,0.0011090635,0.0010739681,0.0,0.0010487158,0.0010327089,0.001023246,0.001033767,0.001109063,0.0,0.0,0.0010487158,0.0010327089,0.001023246,0.001033767,0.001109063,0.0010739412,0.0010623223,0.0010487158,0.0010413574,0.0010523533,0.0010583389,0.0010702464,0.0,0.0010623228,0.0010487159,0.0010413574,0.0010523533,0.0010583389,0.0010702466,0.0010739414,0.0010623223,0.0010487158,0.0010413574,0.0010523533,0.0010583389,0.0010702464,0.0,0.0010623225,0.0010487165,0.0010413578,0.0010523533,0.0010583394,0.0010702471,0.0,0.0010623224,0.0010487158,0.0010413574,0.0010523533,0.0010583389,0.0010702464,0.0,0.0010623224,0.0,0.0010327089,0.0010137974,0.0010696636,0.0010810195,0.0,0.0010623223,0.0010487158,0.0010413574,0.0010523533,0.0010583394,0.0010702464,0.0,0.0,0.0,0.0010327089,0.0010137974,0.0010696636,0.0010921044,0.001073949,0.0010623224,0.0,0.0010327089,0.0010137974,0.0010696636,0.0010810252,0.0010740241,0.0,0.0,0.001032709,0.0010137974,0.0010696633,0.001092104,0.0010739644,0.0,0.0010487158,0.0,0.0010623223,0.0010487158,0.0010696633,0.0010739441,0.09790425,0.0,0.0010327089,0.0010137974,0.0010696636,0.0010921039,0.0,0.0010623239,0.0,0.0010327089,0.0010137974,0.0010696636,0.0010810192,0.0,0.0,0.0010487161,0.0010623243,0.0,0.0010327089,0.0010623225,0.0010739636,0.0010623228,0.0,0.0010327089,0.0010137974,0.0010696636,0.0010810189,0.0,0.0,0.0010487159,0.0010327089,0.001023246,0.001033767,0.0011090635,0.0,0.0,0.0010487158,0.0,0.0010623223,0.0010487158,0.0010696633,0.0,0.001062324,0.0,0.0010623225,0.0,0.0010623223,0.0010487159,0.0,0.0,0.0010487331,0.0010327115,0.0010232459,0.001033767,0.001109063,0.0,0.0010623554,0.0010623264,0.0010566665,0.0010679184,0.0,0.0009913824,0.0,0.001062324,0.0010487166,0.0,0.0010623225,0.001048716,0.0010413592,0.0010739454,0.0010623223,0.0010487158,0.0,0.0010623223,0.0010487158,0.0010413581,0.0,0.0010623225,0.0010487159,0.0010413574,0.0010523533,0.0010583389,0.0010702464,0.001073941,0.0010623223,0.0010487158,0.0010413574,0.0010523533,0.0010583389,0.0010702464,0.0010739686,0.0,0.0,0.0010327089,0.0010137974,0.0010696636,0.0010921039,0.0010739497,0.0,0.0010487158,0.0010327089,0.001023246,0.001033767,0.0011090632,0.0,0.0010623225,0.0,0.0010327089,0.0010137974,0.0010696636,0.0010810189,0.0010739549,0.0,0.0010487158,0.0010327089,0.001023246,0.001033767,0.0011090674,0.0,0.0010623223,0.0010487158,0.0010413574,0.0010523533,0.0010583394,0.001070247,0.001073942,0.0010623223,0.0010487158,0.0010413574,0.0010523533,0.0010583389,0.0010702464,0.0023528608,0.0010623226,0.001048716,0.0010413574,0.0010523533,0.0010583389,0.0010702466,0.0,0.0,0.0010487158,0.0010327089,0.001023246,0.001033767,0.0011090632,0.0010739423,0.0010623223,0.0,0.0,0.0010623225,0.0010623224,0.0010566658,0.001073966,0.0,0.0010487157,0.0,0.0010623225,0.0010487158,0.0010696643,0.0010740607,0.0,0.0010623225,0.001048716,0.0010413574,0.0,0.0010623224,0.0013830938,0.0010623223,0.0023684402,0.0010327089,0.0010137974,0.0010696633,0.0010810236,0.0010739461,0.0,0.0010487158,0.0010327089,0.0010232459,0.0010337671,0.0011091044,0.0010739529,0.0,0.0,0.0010327089,0.0010137974,0.0010696636,0.001092104,0.0,0.0010623225,0.0010487159,0.0010413574,0.0010523533,0.0010583389,0.0010702464,0.0010739405,0.0010623224,0.001048716,0.0,0.0010623223,0.0010487158,0.0010413585,0.0010739444,0.0,0.001048716,0.0010327088,0.001023246,0.001033767,0.0011090634,0.0010739436,0.0,0.0010487159,0.0010327089,0.0010232459,0.001033767,0.0011090642,0.0,0.0010623224,0.0010623228,0.001056666,0.0010679179,0.0,0.0009914086,0.0010739756,0.0,0.001048716,0.0010327089,0.001023246,0.001033767,0.001109063,0.0010739441,0.0,0.0,0.0010327089,0.0010137974,0.0010696636,0.0010921044,0.0010740187,0.0010623235,0.0,0.0010327102,0.0010137976,0.0010696637,0.0010810226,0.0019784216,0.0010623224,0.001048716,0.0010413574,0.0010523533,0.0010583389,0.0010702464,0.0,0.001062323,0.0,0.0010327089,0.0010137974,0.0010696636,0.0010810189,0.0,0.0010623224,0.0010487159,0.0010413574,0.0010523533,0.0010583389,0.0010702466,0.0010739539,0.0010623224,0.0010487158,0.0010413575,0.0010523533,0.0010583389,0.0010702467,0.0,0.0,0.0,0.0010327089,0.0010137974,0.0010696636,0.001092104,0.0010739411,0.0010623223,0.0,0.0010327089,0.0010137974,0.0010696636,0.0010810196,0.0010739475,0.0010623224,0.0010487158,0.0010696636,0.0,0.0010327089,0.0010137976,0.44164833,0.0010623223,0.0010487158,0.0010413574,0.0010523533,0.0010583389,0.0010702467,0.0,0.0010623223,0.0010487158,0.0010413574,0.0010523533,0.0010583389,0.0010702466,0.0,0.0010623232,0.001048716,0.0010413574,0.0010523533,0.0010583389,0.0010702476,0.0010739521,0.0010623223,0.0010487158,0.0010413574,0.0010523533,0.0010583389,0.0010702468,0.0,0.0,0.0010487158,0.0010327089,0.001023246,0.001033767,0.0011090635,0.0,0.0010623223,0.0010487158,0.0010413574,0.0010523533,0.0010583389,0.0010702464,0.001074065,0.0010623232,0.0010487158,0.0010413574,0.0010523533,0.0010583389,0.0010702475
k__Bacteria|p__Actinobacteria|c__Coriobacteriia|o__Coriobacteriales|f__Coriobacteriaceae|g__Collinsella|s__Collinsella_tanakaei,0.0,0.0010601357,0.001046356,0.0010387901,0.0010494957,0.0010551836,0.0010669144,0.0,0.0010601358,0.001046356,0.0010387901,0.0010494957,0.0010551836,0.0010669144,0.0,0.0,0.0010463713,0.0010301792,0.0010204935,0.001030707,0.0011067213,0.001071968,0.0,0.001046356,0.0010301704,0.0010204925,0.001030707,0.0011067208,0.0,0.0,0.001046356,0.0010301707,0.0010204925,0.001030707,0.0011067208,0.001071921,0.0010601358,0.001046356,0.0010387901,0.0010494957,0.0010551836,0.0010669143,0.0,0.0010601366,0.0010463563,0.0010387901,0.0010494957,0.0010551836,0.001066915,0.001071921,0.0010601358,0.001046356,0.0010387901,0.0010494957,0.0010551836,0.0010669143,0.0,0.0010601359,0.001046357,0.0010387902,0.0010494957,0.0010551836,0.001066915,0.0,0.0010601358,0.001046356,0.0010387901,0.0010494957,0.0010551836,0.0010669144,0.0,0.0010601358,0.0,0.0010301704,0.001011077,0.0010674539,0.0010785537,0.0,0.0010601358,0.001046356,0.0010387901,0.0010494957,0.0010551836,0.0010669149,0.0,0.0,0.0,0.0010301704,0.001011077,0.001067454,0.0010898238,0.0010719358,0.0010601358,0.0,0.0010301707,0.001011077,0.001067454,0.0010785616,0.0010720384,0.0,0.0,0.0010301706,0.001011077,0.0010674539,0.001089823,0.0010719578,0.0,0.001046356,0.0,0.0010601358,0.001046356,0.0010674541,0.001071926,0.0,0.0,0.0010301704,0.001011077,0.0010674539,0.0010898212,0.0,0.0010601375,0.0,0.0010301707,0.001011077,0.0010674539,0.0010785526,0.0,0.0,0.001046357,0.0010601376,0.0,0.0010301704,0.0010601362,0.0010719543,0.0010601359,0.0,0.0010301706,0.001011077,0.0010674539,0.001078552,0.0,0.0,0.0010463563,0.0010301704,0.0010204925,0.001030707,0.001106721,0.0,0.0,0.001046356,0.0,0.0010601358,0.001046356,0.001067454,0.0,0.0010601387,0.0,0.0010601359,0.0,0.0010601358,0.0010463562,0.0,0.0,0.0010463741,0.0010301733,0.0010204926,0.001030707,0.0011067212,0.0,0.0010601815,0.0010601402,0.0010542811,0.0010652591,0.0,0.0009884846,0.0,0.0010601385,0.0010463572,0.0,0.0010601359,0.0010463563,0.0010387929,0.0010719288,0.0010601358,0.001046356,0.0,0.0010601358,0.001046356,0.0010387911,0.0,0.0010601359,0.0010463562,0.0010387901,0.0010494957,0.0010551836,0.0010669143,0.0010719207,0.0010601358,0.001046356,0.0010387901,0.0010494957,0.0010551836,0.0010669144,0.0010719665,0.0,0.0,0.0010301704,0.001011077,0.0010674539,0.001089821,0.0010719312,0.0,0.001046356,0.0010301704,0.0010204925,0.001030707,0.0011067209,0.0,0.0010601359,0.0,0.0010301704,0.001011077,0.0010674539,0.0010785519,0.0010719444,0.0,0.001046356,0.0010301707,0.0010204925,0.001030707,0.0011067295,0.0,0.0010601358,0.001046356,0.0010387901,0.0010494957,0.0010551836,0.0010669162,0.0010719219,0.0010601358,0.001046356,0.0010387901,0.0010494957,0.0010551836,0.0010669143,0.0,0.0010601364,0.0010463563,0.0010387901,0.0010494957,0.0010551836,0.0010669144,0.0,0.0,0.001046356,0.0010301704,0.0010204925,0.001030707,0.0011067209,0.0010719241,0.0010601358,0.0,0.0,0.0010601359,0.0010601358,0.0010542811,0.0010719708,0.0,0.0010463563,0.0,0.0010601359,0.001046356,0.0010674574,0.0010720919,0.0,0.0010601359,0.0010463563,0.0010387901,0.0,0.0010601367,0.0,0.0010601357,0.0,0.0010301704,0.001011077,0.0010674541,0.0010785587,0.0010719293,0.0,0.001046356,0.0010301704,0.0010204926,0.0010307078,0.0011067943,0.0010719402,0.0,0.0,0.0010301704,0.001011077,0.0010674539,0.0010898211,0.0,0.0010601359,0.0010463562,0.0010387901,0.0010494957,0.0010551836,0.0010669144,0.0010719378,0.0010601358,0.0010463563,0.0,0.0010601358,0.001046356,0.0010387918,0.0010719255,0.0,0.0010463563,0.0010301707,0.0010204925,0.001030707,0.0011067231,0.001071926,0.0,0.0010463562,0.0010301707,0.0010204926,0.0010307071,0.0011067234,0.0,0.0010601358,0.001060136,0.0010542807,0.0010652591,0.0,0.0009885221,0.0010719771,0.0,0.0010463563,0.0010301704,0.0010204925,0.001030707,0.0011067208,0.0010719283,0.0,0.0,0.0010301704,0.001011077,0.0010674539,0.0010898231,0.001072026,0.0010601372,0.0,0.0010301718,0.0010110772,0.001067454,0.001078561,0.0,0.0010601359,0.0010463563,0.0010387901,0.0010494957,0.0010551836,0.0010669143,0.0,0.0010601366,0.0,0.0010301704,0.001011077,0.0010674539,0.0010785519,0.0,0.0010601359,0.0010463563,0.0010387901,0.0010494957,0.0010551836,0.0010669144,0.0010719434,0.0010601358,0.0010463563,0.0010387902,0.0010494957,0.0010551836,0.0010669149,0.0,0.0,0.0,0.0010301704,0.001011077,0.0010674539,0.0010898217,0.0010719204,0.0010601358,0.37056094,0.0010301704,0.001011077,0.0010674539,0.0010785531,0.0010719368,0.0010601359,0.001046356,0.0010674539,0.0,0.0010301704,0.0010110771,0.0,0.0010601358,0.001046356,0.0010387901,0.0010494957,0.0010551836,0.001066915,0.0,0.0010601358,0.001046356,0.0010387901,0.0010494957,0.0010551836,0.0010669144,0.0,0.0010601366,0.0010463563,0.0010387901,0.0010494957,0.0010551836,0.0010669165,0.0010719368,0.0010601358,0.001046356,0.0010387901,0.0010494957,0.0010551836,0.0010669148,0.0,0.0,0.001046356,0.0010301704,0.0010204925,0.001030707,0.0011067211,0.0,0.0010601358,0.001046356,0.0010387901,0.0010494957,0.0010551836,0.0010669144,0.0010721431,0.0010601373,0.0010463563,0.0010387901,0.0010494957,0.0010551836,0.001066917
k__Bacteria|p__Actinobacteria|c__Coriobacteriia|o__Eggerthellales|f__Eggerthellaceae|g__Gordonibacter|s__Gordonibacter_urolithinfaciens,0.0,0.0010598943,0.0010462931,0.0010389939,0.0010501745,0.0010563274,0.0010683861,0.0,0.0010598945,0.0010462931,0.0010389939,0.0010501745,0.0010563274,0.0010683862,0.0,0.0,0.0010463019,0.0010303016,0.001020894,0.0010315938,0.00110708,0.0010715382,0.0,0.0010462931,0.0010302955,0.0010208936,0.0010315938,0.0011070796,0.0,0.0,0.0010462931,0.0010302955,0.0010208936,0.0010315938,0.0011070796,0.0010715113,0.0010598947,0.0010462931,0.0010389939,0.0010501745,0.0010563274,0.0010683861,0.0,0.0010598947,0.0010462932,0.0010389939,0.0010501745,0.0010563274,0.0010683868,0.0010715114,0.0010598947,0.0010462931,0.0010389939,0.0010501745,0.0010563274,0.0010683861,0.0,0.0010598945,0.0010462935,0.001038994,0.0010501745,0.0010563274,0.001068387,0.0,0.0010598947,0.0010462931,0.0010389939,0.0010501745,0.0010563274,0.0010683861,0.0,0.0010598947,0.0,0.0010302955,0.0010113986,0.001067291,0.0010788422,0.0,0.0010598943,0.0010462931,0.0010389939,0.0010501745,0.0010563274,0.001068387,0.0,0.0,0.0,0.0010302955,0.0010113986,0.001067291,0.0010899325,0.0010715178,0.0010598945,0.0,0.0010302955,0.0010113986,0.001067291,0.0010788457,0.0010715611,0.0,0.0,0.0010302955,0.0010113986,0.001067291,0.0010899322,0.0010715295,0.0,0.0010462931,0.0,0.0010598943,0.0010462931,0.0010672909,0.0010715132,0.0,0.0,0.0010302955,0.0010113986,0.001067291,0.001089931,0.0,0.0010598953,0.0,0.0010302955,0.0010113986,0.001067291,0.0010788413,0.0,0.0,0.0010462936,0.001059895,0.0,0.0010302955,0.0010598948,0.0010715299,0.0010598945,0.0,0.0010302954,0.0010113986,0.001067291,0.0010788413,0.0,0.0,0.0010462932,0.0010302955,0.0010208936,0.0010315938,0.0011070798,0.0,0.0,0.0010462931,0.0,0.0010598947,0.0010462931,0.0010672909,0.0,0.0010598967,0.0,0.0010598948,0.0,0.0010598947,0.0010462932,0.0,0.0,0.0010463025,0.001030297,0.0010208937,0.0010315938,0.0011070799,0.0,0.0010599102,0.0010598963,0.0010542962,0.001065738,0.0,0.0009890061,0.0,0.0010598954,0.0010462935,0.0,0.0010598947,0.0010462932,0.0010389956,0.0010715167,0.0010598947,0.0010462931,0.0,0.0010598947,0.0010462931,0.0010389948,0.0,0.0010598946,0.0010462932,0.0010389939,0.0010501745,0.0010563274,0.0010683864,0.0010715117,0.0010598947,0.0010462931,0.0010389939,0.0010501745,0.0010563274,0.0010683861,0.0010715282,0.0,0.0,0.0010302955,0.0010113986,0.001067291,0.001089931,0.0010715139,0.0,0.0010462931,0.0010302955,0.0010208936,0.0010315938,0.0011070796,0.0,0.0010598948,0.0,0.0010302955,0.0010113986,0.001067291,0.0010788413,0.0010715227,0.0,0.0010462931,0.0010302955,0.0010208936,0.0010315938,0.0011070827,0.0,0.0010598943,0.0010462931,0.0010389939,0.0010501745,0.0010563274,0.0010683873,0.0010715122,0.0010598947,0.0010462931,0.0010389939,0.0010501745,0.0010563274,0.0010683861,0.0,0.0010598947,0.0010462932,0.0010389939,0.0010501745,0.0010563274,0.0010683865,0.0,0.0,0.0010462931,0.0010302955,0.0010208936,0.0010315938,0.0011070797,0.0010715136,0.0010598947,0.0,0.0,0.0010598948,0.0010598945,0.0010542965,0.0010715415,0.0,0.0010462932,0.0,0.0010598948,0.0010462931,0.0010672931,0.0010715964,0.0,0.0010598946,0.0010462932,0.0010389939,0.0,0.001059895,0.0,0.0010598943,0.0,0.0010302955,0.0010113986,0.0010672909,0.0010788447,0.0010715156,0.0,0.0010462931,0.0010302955,0.0010208937,0.0010315941,0.001107112,0.001071524,0.0,0.0,0.0010302955,0.0010113986,0.001067291,0.0010899309,0.0,0.0010598948,0.0010462932,0.0010389939,0.0010501745,0.0010563274,0.0010683862,0.001071541,0.0010598948,0.0010462932,0.0,0.0010598945,0.0010462931,0.0010389945,0.0010715128,0.0,0.0010462932,0.0010302954,0.0010208936,0.0010315938,0.0011070812,0.0010715142,0.0,0.0010462932,0.0010302955,0.0010208937,0.001031594,0.0011070803,0.0,0.0010598946,0.0010598946,0.0010542959,0.0010657379,0.0,0.0009890373,0.001071532,0.0,0.0010462932,0.0010302955,0.0010208936,0.0010315938,0.0011070796,0.0010715157,0.0,0.0,0.0010302955,0.0010113986,0.001067291,0.0010899323,0.00107156,0.0010598948,0.0,0.001030296,0.0010113986,0.0010672909,0.0010788452,0.0,0.0010598945,0.0010462933,0.0010389939,0.0010501745,0.0010563274,0.0010683861,0.0,0.0010598954,0.0,0.0010302955,0.0010113986,0.001067291,0.0010788413,0.0,0.0010598946,0.0010462932,0.0010389939,0.0010501745,0.0010563274,0.0010683865,0.0010715203,0.0010598945,0.0010462931,0.001038994,0.0010501745,0.0010563274,0.0010683865,0.0,0.0,0.0014499249,0.0010302955,0.0010113986,0.001067291,0.0010899312,0.0010715112,0.0010598947,0.0,0.0010302955,0.0010113986,0.001067291,0.001078842,0.0010715196,0.0010598945,0.0010462931,0.001067291,0.0018825264,0.0010302955,0.0010113989,0.0,0.0010598947,0.0010462931,0.0010389939,0.0010501745,0.0010563274,0.0010683868,0.0,0.0010598943,0.0010462931,0.0010389939,0.0010501745,0.0010563274,0.0010683865,0.0,0.0010598947,0.0010462932,0.0010389939,0.0010501745,0.0010563274,0.0010683879,0.0010715162,0.0010598943,0.0010462931,0.0010389939,0.0010501745,0.0010563274,0.0010683867,0.0,0.0,0.0010462931,0.0010302955,0.0010208936,0.0010315938,0.0011070797,0.0,0.0010598947,0.0010462931,0.0010389939,0.0010501745,0.0010563274,0.0010683861,0.0010717005,0.0010598953,0.0010462931,0.0010389939,0.0010501745,0.0010563274,0.0010683885
k__Bacteria|p__Actinobacteria|c__Actinomycetia|o__Actinomycetales|f__Actinomycetaceae|g__Actinomyces|s__Actinomyces_graevenitzii,0.0,0.0010635108,0.0010499875,0.0010427258,0.0010538513,0.0010599713,0.0010719554,0.0,0.001063511,0.0010499875,0.0010427258,0.0010538513,0.0010599713,0.0010719553,0.0,0.0,0.0010500089,0.0010340811,0.0010247042,0.001035362,0.0011103023,0.0010750957,0.0,0.0010499875,0.0010340663,0.001024703,0.001035362,0.0011103018,0.0,0.0,0.0010499875,0.0010340663,0.001024703,0.001035362,0.0011103018,0.00107505,0.001063511,0.0010499875,0.0010427258,0.0010538513,0.0010599713,0.0010719553,0.0,0.0010635114,0.0010499876,0.0010427258,0.0010538513,0.0010599713,0.0010719557,0.0010750501,0.001063511,0.0010499875,0.0010427258,0.0010538513,0.0010599713,0.0010719554,0.0,0.001063511,0.0010499881,0.0010427259,0.0010538513,0.0010599713,0.001071956,0.0,0.001063511,0.0010499875,0.0010427258,0.0010538513,0.0010599713,0.0010719554,0.0,0.001063511,0.0,0.0010340663,0.0010152415,0.0010708598,0.0010823297,0.0,0.001063511,0.0010499875,0.0010427258,0.0010538513,0.0010599713,0.0010719557,0.0,0.0,0.0,0.0010340663,0.0010152415,0.0010708598,0.0010933256,0.0010750606,0.001063511,0.0,0.0010340663,0.0010152415,0.0010708598,0.0010823347,0.0010751327,0.0,0.0,0.0010340663,0.0010152415,0.0010708598,0.0010933251,0.0010750798,0.0,0.0010499875,0.0011796905,0.001063511,0.0010499875,0.0010708598,0.0010750534,0.0,0.0,0.0010340663,0.0010152415,0.0010708598,0.0010933245,0.0,0.0010635129,0.0,0.0010340663,0.0010152415,0.0010708598,0.0010823286,0.0,0.0,0.0010499888,0.0010635123,0.0,0.0010340663,0.001063511,0.0010750835,0.0010635112,0.0014919201,0.0010340662,0.0010152415,0.0010708598,0.0010823286,0.0,0.0,0.0010499876,0.0010340663,0.001024703,0.001035362,0.0011103018,0.0,0.0,0.0010499875,0.0,0.001063511,0.0010499875,0.0010708598,0.0,0.0010635167,0.0,0.0010635111,0.0,0.001063511,0.0010499876,0.0,0.0,0.0010500125,0.0010340703,0.0010247035,0.001035362,0.0011103024,0.0,0.0010635653,0.0010635172,0.0010579475,0.0010693207,0.0,0.0009929158,0.0,0.0010635138,0.0010499888,0.0,0.0010635114,0.0010499876,0.0010427281,0.001075059,0.001063511,0.0010499875,0.0,0.001063511,0.0010499875,0.0010427264,0.0,0.001063511,0.0010499876,0.0010427258,0.0010538513,0.0010599713,0.0010719555,0.0010750501,0.001063511,0.0010499875,0.0010427258,0.0010538513,0.0010599713,0.0010719554,0.0010750802,0.0,0.0,0.0010340663,0.0010152415,0.0010708598,0.0010933246,0.0010750565,0.0,0.0010499875,0.0010340663,0.001024703,0.001035362,0.0011103018,0.0,0.0010635111,0.0,0.0010340663,0.0010152415,0.0010708598,0.0010823286,0.0010750704,0.0,0.0010499875,0.0010340663,0.001024703,0.001035362,0.0011103059,0.0,0.001063511,0.0010499875,0.0010427258,0.0010538513,0.0010599713,0.0010719562,0.0010750511,0.001063511,0.0010499875,0.0010427258,0.0010538513,0.0010599713,0.0010719553,0.0,0.0010635115,0.0010499876,0.0010427258,0.0010538513,0.0010599713,0.0010719554,0.0,0.0,0.0010499875,0.0010340663,0.001024703,0.001035362,0.0011103018,0.001075053,0.001063511,0.0,0.0,0.0010635111,0.001063511,0.001057947,0.0010750969,0.0,0.001049988,0.0,0.0010635111,0.0010499875,0.001070862,0.0010751839,0.0,0.001063511,0.0010499876,0.0010427258,0.0,0.0010635112,0.0016353001,0.0010635109,0.0,0.0010340663,0.0010152415,0.00107086,0.001082332,0.0010750572,0.0,0.0010499875,0.0010340663,0.0010247035,0.0010353624,0.0011103357,0.0010750721,0.0,0.0,0.0010340663,0.0010152415,0.0010708598,0.0010933242,0.0,0.0010635111,0.0010499876,0.0010427258,0.0010538513,0.0010599713,0.0010719553,0.0010750775,0.001063511,0.0010499876,0.0,0.0010635109,0.0010499875,0.0010427267,0.0010750522,0.0,0.0010499876,0.0010340663,0.001024703,0.001035362,0.0011103026,0.0010750546,0.0,0.0010499876,0.0010340663,0.0010247035,0.0010353621,0.0011103024,0.0,0.001063511,0.0010635111,0.0010579467,0.0010693205,0.0016394511,0.000992951,0.0010750885,0.0,0.0010499876,0.0010340663,0.001024703,0.001035362,0.0011103018,0.0010750561,0.0010571309,0.0,0.0010340663,0.0010152415,0.0010708598,0.0010933254,0.0010751295,0.0010635118,0.0,0.0010340674,0.0010152421,0.0010708598,0.0010823327,0.0,0.001063511,0.0010499876,0.0010427258,0.0010538513,0.0010599713,0.0010719553,0.0,0.0010635128,0.0,0.0010340663,0.0010152415,0.0010708598,0.0010823286,0.0,0.001063511,0.0010499876,0.0010427258,0.0010538513,0.0010599713,0.0010719554,0.001075065,0.0010635109,0.0010499876,0.001042726,0.0010538513,0.0010599713,0.0010719557,0.0,0.0,0.0014302176,0.0010340663,0.0010152415,0.0010708598,0.0010933245,0.0010750496,0.001063511,0.0,0.0010340663,0.0010152415,0.0010708598,0.0010823291,0.0010750649,0.001063511,0.0010499875,0.0010708598,0.0,0.0010340663,0.0010152416,0.00083644374,0.001063511,0.0010499875,0.0010427258,0.0010538513,0.0010599713,0.0010719559,0.0,0.001063511,0.0010499875,0.0010427258,0.0010538513,0.0010599713,0.0010719558,0.0024483488,0.0010635117,0.0010499876,0.0010427258,0.0010538513,0.0010599713,0.0010719565,0.0010750606,0.001063511,0.0010499875,0.0010427258,0.0010538513,0.0010599713,0.0010719557,0.0,0.0,0.0010499875,0.0010340663,0.001024703,0.001035362,0.0011103019,0.0,0.001063511,0.0010499875,0.0010427258,0.0010538513,0.0010599713,0.0010719554,0.00107533,0.001063513,0.0010499876,0.0010427259,0.0010538513,0.0010599713,0.0010719569
k__Bacteria|p__Actinobacteria|c__Actinomycetia|o__Actinomycetales|f__Actinomycetaceae|g__Actinomyces|s__Actinomyces_SGB17157,0.0,0.0010616262,0.001048071,0.0010408026,0.0010519797,0.0010581395,0.0010701781,0.0,0.0010616261,0.001048071,0.0010408026,0.0010519797,0.0010581395,0.0010701781,0.0,0.0,0.0010480923,0.0010321332,0.0010227504,0.0010334532,0.0011086508,0.0010732384,0.0,0.001048071,0.0010321192,0.0010227492,0.0010334532,0.0011086505,0.0,0.0,0.001048071,0.0010321192,0.0010227492,0.0010334532,0.0011086505,0.0010731977,0.0010616261,0.001048071,0.0010408026,0.0010519797,0.0010581395,0.001070178,0.0,0.0010616271,0.0010480711,0.0010408026,0.0010519797,0.0010581395,0.001070179,0.0010731976,0.0010616261,0.001048071,0.0010408026,0.0010519797,0.0010581395,0.001070178,0.0,0.0010616264,0.0010480721,0.0010408029,0.0010519797,0.0010581395,0.0010701788,0.0,0.0010616261,0.001048071,0.0010408026,0.0010519797,0.0010581395,0.0010701781,0.0,0.0010616261,0.0,0.0010321192,0.0010132663,0.0010690036,0.0010805385,0.0,0.0010616261,0.001048071,0.0010408026,0.0010519797,0.0010581395,0.0010701783,0.0,0.0,0.0,0.0010321192,0.0010132663,0.0010690036,0.0010915735,0.001073209,0.0010616261,0.0,0.0010321192,0.0010132663,0.0010690036,0.0010805436,0.0010732806,0.0,0.0,0.0010321192,0.0010132663,0.0010690036,0.0010915733,0.0010732292,0.0,0.001048071,0.0,0.0010616261,0.001048071,0.0010690035,0.0010732013,0.0,0.0,0.0010321192,0.0010132663,0.0010690036,0.0010915722,0.0,0.0010616281,0.0,0.0010321192,0.0010132663,0.0010690036,0.0010805367,0.0,0.0,0.0010480722,0.0010616279,0.005993528,0.0010321192,0.0010616264,0.0010732269,0.0010616264,0.0,0.0010321192,0.0010132663,0.0010690036,0.0010805364,0.0,0.0,0.0010480711,0.0010321192,0.0010227492,0.0010334532,0.001108651,0.0,0.0,0.001048071,0.0,0.0010616261,0.001048071,0.0010690036,0.0,0.0010616309,0.0,0.0010616262,0.0,0.0010616261,0.0010480711,0.0,0.0,0.0010480925,0.0010321228,0.0010227496,0.0010334532,0.0011086507,0.0,0.0010616828,0.0010616326,0.0010560574,0.0010674885,0.0,0.0009909188,0.0,0.0010616293,0.0010480725,0.0,0.0010616265,0.001048071,0.0010408064,0.0010732058,0.0010616261,0.001048071,0.0,0.0010616261,0.001048071,0.0010408039,0.0,0.0010616265,0.0010480711,0.0010408026,0.0010519797,0.0010581395,0.0010701781,0.0010731975,0.0010616261,0.001048071,0.0010408026,0.0010519797,0.0010581395,0.0010701781,0.0010732309,0.0,0.0,0.0010321192,0.0010132663,0.0010690036,0.0010915721,0.0010732048,0.0,0.001048071,0.0010321192,0.0010227492,0.0010334532,0.0011086507,0.0,0.0010616262,0.0,0.0010321192,0.0010132663,0.0010690036,0.0010805364,0.0010732183,0.0,0.001048071,0.0010321192,0.0010227492,0.0010334532,0.0011086598,0.0,0.0010616261,0.001048071,0.0010408026,0.0010519797,0.0010581395,0.0010701792,0.0010731985,0.0010616261,0.001048071,0.0010408026,0.0010519797,0.0010581395,0.001070178,0.0,0.001061627,0.001048071,0.0010408026,0.0010519797,0.0010581395,0.0010701781,0.0,0.0,0.001048071,0.0010321192,0.0010227492,0.0010334532,0.0011086505,0.0010732003,0.0010616261,0.0,0.0,0.0010616262,0.0010616261,0.001056057,0.0010732397,0.0,0.0010480713,0.0,0.0010616262,0.001048071,0.0010690093,0.0010733303,0.0,0.0010616265,0.001048071,0.0010408026,0.0012143847,0.0010616271,0.0,0.001061626,0.0,0.0010321192,0.0010132663,0.0010690035,0.0010805443,0.0010732049,0.0,0.001048071,0.0010321192,0.0010227496,0.0010334537,0.001108717,0.0010732168,0.0,0.0,0.0010321192,0.0010132663,0.0010690036,0.0010915722,0.0,0.0010616262,0.0010480711,0.0010408026,0.0010519797,0.0010581395,0.0010701781,0.0010732099,0.0010616261,0.001048071,0.0,0.0010616264,0.001048071,0.0010408042,0.0010732005,0.0,0.001048071,0.0010321195,0.0010227496,0.0010334532,0.0011086519,0.001073202,0.0,0.0010480711,0.0010321192,0.0010227496,0.0010334533,0.0011086523,0.0,0.0010616262,0.0010616265,0.0010560567,0.0010674886,0.0,0.0009909588,0.0010732388,0.0,0.001048071,0.0010321192,0.0010227492,0.0010334532,0.0011086505,0.0010732034,0.0,0.0,0.0010321192,0.0010132663,0.0010690036,0.0010915732,0.001073272,0.0010616274,0.0,0.0010321205,0.0010132669,0.0010690038,0.0010805443,0.0,0.0010616264,0.001048071,0.0010408026,0.0010519797,0.0010581395,0.001070178,0.0,0.0010616279,0.0,0.0010321192,0.0010132663,0.0010690036,0.0010805364,0.0,0.0010616264,0.0010480711,0.0010408026,0.0010519797,0.0010581395,0.0010701781,0.0010732145,0.0010616264,0.001048071,0.001040803,0.0010519797,0.0010581395,0.0010701782,0.0,0.0,0.0,0.0010321192,0.0010132663,0.0010690036,0.0010915727,0.0010731973,0.0010616261,0.0,0.0010321192,0.0010132663,0.0010690036,0.0010805373,0.0010732108,0.0010616264,0.001048071,0.0010690036,0.0,0.0010321192,0.0010132664,0.0,0.0010616261,0.001048071,0.0010408026,0.0010519797,0.0010581395,0.0010701788,0.0,0.0010616261,0.001048071,0.0010408026,0.0010519797,0.0010581395,0.0010701781,0.0,0.0010616271,0.001048071,0.0010408026,0.0010519797,0.0010581395,0.0010701794,0.0010732097,0.0010616261,0.001048071,0.0010408026,0.0010519797,0.0010581395,0.0010701786,0.0,0.0,0.001048071,0.0010321192,0.0010227492,0.0010334532,0.0011086508,0.0,0.0010616261,0.001048071,0.0010408026,0.0010519797,0.0010581395,0.0010701781,0.0010734289,0.0010616286,0.0010480713,0.0010408026,0.0010519797,0.0010581395,0.00107018
k__Bacteria|p__Actinobacteria|c__Actinomycetia|o__Actinomycetales|f__Actinomycetaceae|g__Actinomyces|s__Actinomyces_SGB17168,0.0,0.0010579287,0.0010443194,0.00103705,0.0010483481,0.0010546049,0.0010667645,0.0,0.0010579288,0.0010443194,0.00103705,0.0010483481,0.0010546049,0.0010667646,0.0,0.0,0.0010443195,0.0010283155,0.0010189457,0.0010297577,0.0011054346,0.0010695817,0.0,0.0010443194,0.0010283162,0.0010189454,0.0010297577,0.0011054344,0.0,0.0,0.0010443194,0.0010283162,0.0010189454,0.0010297577,0.0011054343,0.0010695554,0.0010579287,0.0010443194,0.00103705,0.0010483481,0.0010546049,0.0010667644,0.0,0.0010579288,0.0010443194,0.00103705,0.0010483481,0.0010546049,0.0010667648,0.0010695555,0.0010579287,0.0010443194,0.00103705,0.0010483481,0.0010546049,0.0010667646,0.0,0.0010579289,0.0010443196,0.00103705,0.0010483481,0.0010546049,0.001066765,0.0,0.0010579288,0.0010443194,0.00103705,0.0010483481,0.0010546049,0.0010667645,0.0,0.0010579288,0.0,0.0010283162,0.0010094179,0.0010653649,0.0010770431,0.0,0.0010579287,0.0010443194,0.00103705,0.0010483481,0.0010546049,0.0010667654,0.0,0.0,0.0,0.0010283162,0.0010094179,0.0010653649,0.00108815,0.0010695641,0.0010579288,0.0,0.0010283162,0.0010094179,0.0010653649,0.0010770479,0.001069618,0.0,0.0,0.0010283163,0.0010094179,0.0010653649,0.0010881495,0.0010695757,0.0,0.0010443194,0.0,0.0010579287,0.0010443194,0.0010653648,0.0010695577,0.0,0.0,0.0010283162,0.0010094179,0.0010653649,0.0010881484,0.0,0.0010579289,0.0,0.0010283162,0.0010094179,0.0010653649,0.0010770429,0.0,0.0,0.001044319,0.0010579289,0.0,0.0010283162,0.0010579288,0.0010695651,0.0010579289,0.0,0.0010283161,0.0010094179,0.0010653649,0.0010770425,0.0,0.0,0.0010443195,0.0010283162,0.0010189454,0.0010297577,0.0011054344,0.0,0.0,0.0010443194,0.0,0.0010579287,0.0010443194,0.0010653648,0.0,0.0010579288,0.0,0.0010579288,0.0,0.0010579287,0.0010443194,0.0,0.0,0.0010443195,0.0010283163,0.0010189454,0.0010297577,0.0011054344,0.0,0.0010579331,0.0010579284,0.0010523596,0.0010639246,0.0,0.000987027,0.0,0.0010579295,0.0010443192,0.0,0.0010579289,0.0010443192,0.0010370509,0.0010695587,0.0010579287,0.0010443194,0.0,0.0010579287,0.0010443194,0.0010370509,0.0,0.0010579289,0.0010443194,0.00103705,0.0010483481,0.0010546049,0.0010667646,0.0010695555,0.0010579287,0.0010443194,0.00103705,0.0010483481,0.0010546049,0.0010667645,0.001069575,0.0,0.0,0.0010283162,0.0010094179,0.0010653649,0.0010881484,0.0010695591,0.0,0.0010443194,0.0010283162,0.0010189454,0.0010297577,0.0011054343,0.0,0.0010579288,0.0,0.0010283162,0.0010094179,0.0010653649,0.0010770425,0.0010695679,0.0,0.0010443194,0.0010283162,0.0010189454,0.001029758,0.0011054386,0.0,0.0010579287,0.0010443194,0.00103705,0.0010483481,0.0010546049,0.0010667659,0.0010695562,0.0010579287,0.0010443194,0.00103705,0.0010483481,0.0010546049,0.0010667644,0.0,0.0010579288,0.0010443192,0.00103705,0.0010483481,0.0010546049,0.0010667648,0.0,0.0,0.0010443194,0.0010283162,0.0010189454,0.0010297577,0.0011054345,0.001069558,0.0010579287,0.0,0.0,0.0010579288,0.0010579288,0.00105236,0.001069583,0.0,0.0010443191,0.0,0.0010579288,0.0010443194,0.0010653657,0.0010696539,0.0,0.0010579288,0.0010443192,0.00103705,0.0,0.0010579291,0.0,0.0010579285,0.0,0.0010283162,0.0010094179,0.0010653648,0.0010770448,0.0010695583,0.0,0.0010443194,0.0010283162,0.0010189454,0.001029758,0.001105472,0.0010695606,0.0,0.0,0.0010283162,0.0010094179,0.0010653649,0.0010881484,0.0,0.0010579288,0.0010443194,0.00103705,0.0010483481,0.0010546049,0.0010667646,0.0010695887,0.0010579288,0.0010443192,0.0,0.0010579288,0.0010443194,0.0010370504,0.0010695581,0.0,0.0010443192,0.0010283162,0.0010189454,0.0010297577,0.0011054353,0.0010695582,0.0,0.0010443194,0.0010283162,0.0010189454,0.0010297578,0.0011054348,0.0,0.0010579288,0.0010579289,0.0010523598,0.0010639242,0.0,0.0009870514,0.0010695858,0.0,0.0010443192,0.0010283162,0.0010189454,0.0010297577,0.0011054343,0.0010695603,0.0,0.0,0.0010283162,0.0010094179,0.0010653649,0.0010881496,0.0010696078,0.0010579291,0.0,0.0010283168,0.001009418,0.0010653649,0.001077047,0.0,0.0010579289,0.0010443192,0.00103705,0.0010483481,0.0010546049,0.0010667644,0.0,0.0010579285,0.0,0.0010283162,0.0010094179,0.0010653649,0.0010770425,0.0,0.0010579288,0.0010443195,0.00103705,0.0010483481,0.0010546049,0.0010667646,0.0010695665,0.0010579287,0.0010443194,0.0010370502,0.0010483481,0.0010546049,0.0010667649,0.0,0.0,0.0,0.0010283162,0.0010094179,0.0010653649,0.0010881487,0.0010695552,0.0010579287,0.0,0.0010283162,0.0010094179,0.0010653649,0.0010770431,0.0010695629,0.0010579289,0.0010443194,0.0010653649,0.0,0.0010283162,0.0010094182,0.0,0.0010579287,0.0010443194,0.00103705,0.0010483481,0.0010546049,0.0010667653,0.0,0.0010579287,0.0010443194,0.00103705,0.0010483481,0.0010546049,0.0010667649,0.0,0.001057929,0.0010443192,0.00103705,0.0010483481,0.0010546049,0.0010667661,0.001069562,0.0010579287,0.0010443194,0.00103705,0.0010483481,0.0010546049,0.0010667652,0.0,0.0,0.0010443194,0.0010283162,0.0010189454,0.0010297577,0.0011054344,0.0,0.0010579287,0.0010443194,0.00103705,0.0010483481,0.0010546049,0.0010667645,0.0010697062,0.0010579291,0.0010443194,0.0010370499,0.0010483481,0.0010546049,0.0010667666
k__Bacteria|p__Actinobacteria|c__Actinomycetia|o__Bifidobacteriales|f__Bifidobacteriaceae|g__Bifidobacterium|s__Bifidobacterium_animalis,0.0,0.0010607467,0.0010470679,0.0010396366,0.0010505571,0.0010564597,0.0010683317,0.0,0.0010607471,0.0010470679,0.0010396366,0.0010505571,0.0010564597,0.0010683318,0.0,0.0,0.0010470712,0.0010309883,0.0010214485,0.0010318859,0.001107539,0.0010724626,0.0,0.0010470679,0.0010309871,0.0010214485,0.0010318859,0.0011075387,0.0,0.0,0.0010470679,0.0010309871,0.0010214485,0.0010318859,0.0011075387,0.0010724363,0.0010607471,0.0010470679,0.0010396366,0.0010505571,0.0010564597,0.0010683315,0.0,0.0010607472,0.001047068,0.0010396366,0.0010505571,0.0010564597,0.0010683325,0.0010724363,0.0010607471,0.0010470679,0.0010396366,0.0010505571,0.0010564597,0.0010683317,0.0,0.0010607471,0.0010470685,0.0010396366,0.0010505571,0.0010564597,0.001068332,0.0,0.0010607471,0.0010470679,0.0010396366,0.0010505571,0.0010564597,0.0010683315,0.0,0.0010607471,0.0,0.0010309871,0.0010120015,0.001068093,0.0010793911,0.0,0.0010607471,0.0010470679,0.0010396366,0.0010505571,0.0010564597,0.0010683319,0.0,0.0,0.0,0.0010309871,0.0010120015,0.001068093,0.0010905549,0.0010724445,0.0010607471,0.0,0.0010309871,0.0010120015,0.001068093,0.0010793942,0.0010724866,0.0,0.0,0.0010309871,0.0010120015,0.001068093,0.0010905551,0.0010724545,0.0,0.0010470679,0.001860743,0.0010607471,0.0010470679,0.001068093,0.0010724373,0.0,0.0,0.0010309871,0.0010120015,0.001068093,0.0010905549,0.0,0.0010607474,0.0,0.0010309871,0.0010120015,0.001068093,0.0010793903,0.0,0.0,0.0010470678,0.0010607473,0.0,0.0010309871,0.0010607472,0.001072442,0.0010607471,0.0,0.001030987,0.0010120015,0.001068093,0.0010793901,0.0,0.0,0.0010470682,0.0010309871,0.0010214485,0.0010318859,0.0011075388,0.0,0.0,0.0010470679,0.0,0.0010607471,0.0010470679,0.001068093,0.0,0.0010607468,0.0,0.0010607472,0.0,0.0010607471,0.001047068,0.0,0.0,0.0010470689,0.001030987,0.0010214485,0.0010318859,0.0011075385,0.0,0.0010607489,0.0010607473,0.0010550208,0.0010662065,0.030119523,0.0009895156,0.0,0.0010607471,0.001047068,0.0,0.0010607471,0.0010470679,0.0010396383,0.0010724405,0.0010607471,0.0010470679,0.0,0.0010607471,0.0010470679,0.0010396371,0.0,0.0010607473,0.001047068,0.0010396366,0.0010505571,0.0010564597,0.0010683317,0.0010724366,0.0010607471,0.0010470679,0.0010396366,0.0010505571,0.0010564597,0.0010683315,0.0010724518,0.0,0.0,0.0010309871,0.0010120015,0.001068093,0.0010905548,0.0010724379,0.0,0.0010470679,0.0010309871,0.0010214485,0.0010318859,0.0011075387,0.0,0.0010607472,0.0,0.0010309871,0.0010120015,0.001068093,0.00107939,0.0010724495,0.0,0.0010470679,0.0010309871,0.0010214485,0.0010318859,0.0011075435,0.0,0.0010607471,0.0010470679,0.0010396366,0.0010505571,0.0010564597,0.0010683325,0.0010724372,0.0010607471,0.0010470679,0.0010396366,0.0010505571,0.0010564597,0.0010683315,0.0,0.0010607472,0.0010470679,0.0010396366,0.0010505571,0.0010564597,0.0010683317,0.00562331,0.0,0.0010470679,0.0010309871,0.0010214485,0.0010318859,0.0011075388,0.001072438,0.0010607471,0.0,0.0,0.0010607472,0.0010607471,0.0010550208,0.0010724621,0.0,0.001047068,0.0,0.0010607472,0.0010470679,0.0010680963,0.0010725242,0.0,0.001060747,0.0010470679,0.0010396366,0.0,0.0010607472,0.0,0.001060747,0.0,0.0010309871,0.0010120015,0.001068093,0.0010793967,0.0010724394,0.0,0.0010470679,0.0010309871,0.0010214485,0.0010318861,0.0011075726,0.0010724438,0.0,0.0,0.0010309871,0.0010120015,0.001068093,0.0010905548,0.0,0.0010607472,0.001047068,0.0010396366,0.0010505571,0.0010564597,0.0010683318,0.001072475,0.0010607472,0.0010470679,0.0,0.0010607472,0.0010470679,0.0010396373,0.0010724375,0.0,0.0010470679,0.0010309871,0.0010214485,0.0010318859,0.0011075394,0.0010724381,0.0,0.001047068,0.0010309871,0.0010214485,0.0010318859,0.0011075396,0.0,0.0010607472,0.0010607473,0.001055021,0.0010662063,0.0,0.0009895425,0.0010724544,0.0,0.0010470679,0.0010309871,0.0010214485,0.0010318859,0.0011075387,0.001072439,0.0,0.0,0.0010309871,0.0010120015,0.001068093,0.0010905552,0.0010724878,0.0010607472,0.0,0.0010309875,0.0010120018,0.0010680931,0.0010793938,0.0,0.0010607473,0.0010470679,0.0010396366,0.0010505571,0.0010564597,0.0010683315,0.0,0.0010607472,0.0,0.0010309871,0.0010120015,0.001068093,0.00107939,0.0,0.0010607472,0.0010470682,0.0010396366,0.0010505571,0.0010564597,0.0010683317,0.0010724443,0.0010607472,0.0010470679,0.0010396366,0.0010505571,0.0010564597,0.001068332,0.0,0.0,0.0,0.0010309871,0.0010120015,0.001068093,0.0010905551,0.0010724361,0.0010607471,0.0,0.0010309871,0.0010120015,0.001068093,0.0010793904,0.0010724412,0.0010607473,0.0010470679,0.001068093,0.0,0.0010309871,0.0010120019,0.0,0.0010607471,0.0010470679,0.0010396366,0.0010505571,0.0010564597,0.0010683323,0.0,0.0010607471,0.0010470679,0.0010396366,0.0010505571,0.0010564597,0.0010683317,0.0,0.0010607471,0.0010470679,0.0010396366,0.0010505571,0.0010564596,0.0010683334,0.0010724398,0.0010607471,0.0010470679,0.0010396366,0.0010505571,0.0010564597,0.0010683319,0.0,0.0,0.0010470679,0.0010309871,0.0010214485,0.0010318859,0.0011075389,0.0,0.0010607471,0.0010470679,0.0010396366,0.0010505571,0.0010564597,0.0010683315,0.0010726074,0.0010607472,0.0010470679,0.0010396364,0.0010505571,0.0010564596,0.0010683337
k__Bacteria|p__Actinobacteria|c__Actinomycetia|o__Actinomycetales|f__Actinomycetaceae|g__Actinomyces|s__Actinomyces_sp_HMSC035G02,0.0,0.0010662004,0.0010527758,0.0010456014,0.0010567893,0.0010629864,0.0010749856,0.0,0.0010662006,0.0010527758,0.0010456014,0.0010567893,0.0010629864,0.0010749857,0.0,0.0,0.0010527818,0.0010369581,0.0010276817,0.0010384154,0.0011128237,0.0010776771,0.0020755092,0.0010527758,0.0010369541,0.0010276814,0.0010384154,0.0011128231,0.0028073182,0.0,0.0010527758,0.0010369541,0.0010276814,0.0010384154,0.0011128231,0.0010776434,0.0010662004,0.0010527758,0.0010456014,0.0010567893,0.0010629864,0.0010749856,0.0,0.001066201,0.0010527758,0.0010456014,0.0010567893,0.0010629864,0.0010749863,0.0010776435,0.0010662004,0.0010527758,0.0010456014,0.0010567893,0.0010629864,0.0010749857,0.0020021184,0.0010662006,0.0010527764,0.0010456014,0.0010567893,0.0010629864,0.0010749861,0.0,0.0010662006,0.0010527758,0.0010456014,0.0010567893,0.0010629864,0.0010749857,0.0,0.0010662006,0.0,0.0010369541,0.0010182279,0.0010735306,0.0010850376,0.0,0.0010662004,0.0010527758,0.0010456014,0.0010567893,0.0010629864,0.0010749858,0.0,0.0,0.0,0.0010369541,0.0010182279,0.0010735306,0.0010959227,0.0010776528,0.0010662006,0.0015371465,0.0010369541,0.0010182279,0.0010735306,0.0010850396,0.0010777033,0.0,0.0,0.0010369541,0.0010182279,0.0010735306,0.0010959224,0.0010776656,0.0,0.0010527758,0.0,0.0010662004,0.0010527758,0.0010735306,0.0010776455,0.0,0.0,0.0010369541,0.0010182279,0.0010735306,0.0010959218,0.0,0.0010662009,0.0,0.0010369541,0.0010182279,0.0010735306,0.0010850367,0.0020405555,0.0,0.0010527767,0.0010662011,0.0,0.0010369541,0.0010662008,0.0010776595,0.0010662006,0.0024837302,0.0010369541,0.0010182279,0.0010735306,0.0010850367,0.0,0.0,0.0010527758,0.0010369541,0.0010276814,0.0010384154,0.0011128234,0.0,0.0,0.0010527758,0.0,0.0010662004,0.0010527758,0.0010735305,0.0,0.0010662021,0.0026100709,0.0010662007,0.0,0.0010662004,0.0010527759,0.0,0.0,0.0010527822,0.001036955,0.0010276815,0.0010384154,0.0011128235,0.0,0.0010662087,0.0010662015,0.0010607194,0.0010721426,0.0,0.0009959943,0.0,0.0010662017,0.0010527761,0.0,0.0010662008,0.0010527758,0.0010456031,0.0010776493,0.0010662004,0.0010527758,0.0,0.0010662004,0.0010527758,0.0010456021,0.0,0.0010662007,0.0010527759,0.0010456014,0.0010567893,0.0010629864,0.0010749857,0.0010776434,0.0010662004,0.0010527758,0.0010456014,0.0010567893,0.0010629864,0.0010749857,0.0010776678,0.0,0.0,0.0010369541,0.0010182279,0.0010735306,0.0010959215,0.0010776456,0.0,0.0010527758,0.0010369541,0.0010276814,0.0010384154,0.0011128234,0.0,0.0010662007,0.0019466022,0.0010369541,0.0010182279,0.0010735306,0.0010850362,0.0010776574,0.0018366998,0.0010527758,0.0010369541,0.0010276814,0.0010384154,0.0011128263,0.0,0.0010662004,0.0010527758,0.0010456014,0.0010567893,0.0010629864,0.001074987,0.0010776443,0.0010662004,0.0010527758,0.0010456014,0.0010567893,0.0010629864,0.0010749856,0.0,0.0010662008,0.0010527758,0.0010456014,0.0010567893,0.0010629864,0.0010749856,0.0,0.0,0.0010527758,0.0010369541,0.0010276814,0.0010384154,0.0011128235,0.0010776459,0.0010662004,0.0,0.0,0.0010662007,0.0010662006,0.0010607197,0.0010776784,0.0,0.0010527761,0.0,0.0010662007,0.0010527758,0.0010735337,0.0010777424,0.0,0.0010662007,0.0010527758,0.0010456014,0.0,0.0010662011,0.0,0.0010662004,0.0,0.0010369541,0.0010182279,0.0010735306,0.0010850404,0.0010776485,0.0,0.0010527758,0.0010369541,0.0010276815,0.0010384157,0.0011128428,0.0010776565,0.0,0.0,0.0010369541,0.0010182279,0.0010735306,0.0010959215,0.0,0.0010662007,0.0010527759,0.0010456014,0.0010567893,0.0010629864,0.0010749857,0.0010776805,0.0010662006,0.0010527758,0.0,0.0010662006,0.0010527758,0.0010456021,0.0010776452,0.0,0.0010527758,0.0010369542,0.0010276814,0.0010384154,0.0011128244,0.0010776465,0.0,0.0010527759,0.001036954,0.0010276815,0.0010384155,0.001112824,0.0,0.0010662006,0.0010662007,0.0010607193,0.0010721425,0.0,0.0009960224,0.0010776721,0.0,0.0010527758,0.0010369541,0.0010276814,0.0010384154,0.0011128231,0.001077648,0.0,0.0,0.0010369541,0.0010182279,0.0010735306,0.0010959224,0.0010777025,0.0010662009,0.0,0.0010369543,0.001018228,0.0010735308,0.0010850407,0.0,0.0010662007,0.0010527758,0.0010456014,0.0010567893,0.0010629864,0.0010749856,0.0,0.0010662011,0.0,0.0010369541,0.0010182279,0.0010735306,0.0010850362,0.0,0.0010662006,0.0010527758,0.0010456014,0.0010567893,0.0010629864,0.0010749857,0.001077654,0.0010662006,0.0010527758,0.0010456016,0.0010567893,0.0010629864,0.0010749861,0.0,0.0,0.0,0.0010369541,0.0010182279,0.0010735306,0.0010959221,0.0010776432,0.0010662004,0.0,0.0010369541,0.0010182279,0.0010735306,0.0010850369,0.0010776541,0.0010662007,0.0010527758,0.0010735306,0.0022290132,0.0010369541,0.0010182281,0.00071807293,0.0010662004,0.0010527758,0.0010456014,0.0010567893,0.0010629864,0.0010749864,0.0,0.0010662004,0.0010527758,0.0010456014,0.0010567893,0.0010629864,0.0010749858,0.0,0.0010662008,0.0010527758,0.0010456014,0.0010567893,0.0010629864,0.0010749868,0.0010776488,0.0010662004,0.0010527758,0.0010456014,0.0010567893,0.0010629864,0.001074986,0.0,0.0,0.0010527758,0.0010369541,0.0010276814,0.0010384154,0.0011128237,0.0,0.0010662004,0.0010527758,0.0010456014,0.0010567893,0.0010629864,0.0010749857,0.0010778313,0.0010662013,0.0010527758,0.0010456013,0.0010567893,0.0010629864,0.0010749876
k__Bacteria|p__Actinobacteria|c__Actinomycetia|o__Actinomycetales|f__Actinomycetaceae|g__GGB9832|s__GGB9832_SGB15480,0.0,0.0010639448,0.0010504801,0.001043295,0.0010545406,0.0010607811,0.0010728431,0.0,0.0010639449,0.0010504801,0.001043295,0.0010545406,0.0010607811,0.0010728431,0.0,0.0,0.0010505104,0.0010346392,0.0010253376,0.00103612,0.0011108433,0.001075479,0.0,0.0010504801,0.0010346196,0.0010253363,0.00103612,0.0011108422,0.0,0.0,0.0010504801,0.0010346199,0.0010253363,0.00103612,0.0011108422,0.0010754284,0.0010639448,0.0010504801,0.001043295,0.0010545406,0.0010607811,0.0010728429,0.0,0.001063946,0.0010504802,0.001043295,0.0010545406,0.0010607811,0.0010728444,0.0010754282,0.0010639448,0.0010504801,0.001043295,0.0010545406,0.0010607811,0.0010728431,0.0,0.0010639452,0.0010504817,0.0010432954,0.0010545406,0.0010607811,0.0010728437,0.0,0.0010639449,0.0010504801,0.001043295,0.0010545406,0.0010607811,0.0010728431,0.0,0.0010639449,0.0,0.0010346196,0.0010158578,0.0010713083,0.0010828895,0.0,0.0010639448,0.0010504801,0.0010432949,0.0010545406,0.0010607811,0.0010728433,0.0,0.0,0.0,0.0010346196,0.0010158578,0.0010713083,0.0010938238,0.0010754417,0.0010639449,0.0,0.0010346199,0.0010158578,0.0010713083,0.0010828986,0.0010755453,0.0,0.0,0.00103462,0.0010158578,0.0010713083,0.0010938233,0.0010754691,0.0,0.0010504801,0.0,0.0010639448,0.0010504801,0.0010713085,0.0010754336,0.0,0.0,0.0010346196,0.0010158578,0.0010713083,0.001093822,0.0,0.0010639478,0.0,0.0010346199,0.0010158578,0.0010713083,0.0010828876,0.0,0.0,0.0010504822,0.0010639472,0.0,0.0010346196,0.0010639452,0.0010754692,0.0010639454,0.0,0.0010346198,0.0010158578,0.0010713083,0.0010828869,0.0,0.0,0.0010504804,0.0010346196,0.0010253363,0.00103612,0.0011108429,0.0,0.0,0.0010504801,0.0,0.0010639448,0.0010504801,0.0010713085,0.0,0.0010639519,0.0036636225,0.0010639449,0.002706723,0.0010639448,0.0010504802,0.0,0.0,0.0010505116,0.0010346255,0.0010253366,0.00103612,0.001110843,0.0,0.0010640287,0.0010639544,0.0010584556,0.0010699433,0.0,0.0009936026,0.0,0.0010639495,0.001050482,0.0,0.0010639455,0.0010504802,0.0010433004,0.0010754379,0.0010639448,0.0010504801,0.0,0.0010639448,0.0010504801,0.0010432964,0.0,0.001063945,0.0010504802,0.0010432949,0.0010545406,0.0010607811,0.0010728432,0.001075428,0.0010639448,0.0010504801,0.001043295,0.0010545406,0.0010607811,0.0010728431,0.0010754743,0.008791783,0.0040050447,0.0010346196,0.0010158578,0.0010713083,0.0010938216,0.0010754393,0.0,0.0010504801,0.0010346196,0.0010253363,0.00103612,0.0011108427,0.0,0.0010639449,0.0,0.0010346196,0.0010158578,0.0010713083,0.001082887,0.0010754557,0.0,0.0010504801,0.0010346196,0.0010253364,0.00103612,0.001110855,0.0,0.0010639448,0.0010504801,0.001043295,0.0010545406,0.0010607811,0.0010728448,0.001075429,0.0010639448,0.0010504801,0.001043295,0.0010545406,0.0010607811,0.0010728429,0.0,0.0010639456,0.0010504802,0.0010432953,0.0010545406,0.0010607811,0.0010728431,0.0,0.0,0.0010504801,0.0010346196,0.0010253363,0.00103612,0.0011108426,0.0010754307,0.0010639448,0.0,0.0,0.0010639449,0.0010639449,0.0010584549,0.0010754787,0.002115109,0.0010504806,0.0,0.0010639449,0.0010504801,0.0010713158,0.0010756112,0.0,0.0010639452,0.0010504802,0.0010432949,0.0,0.0010639457,0.0,0.0010639447,0.0,0.0010346196,0.0010158578,0.0010713083,0.0010828989,0.0010754374,0.0,0.0010504801,0.0010346196,0.0010253366,0.0010361209,0.001110938,0.0010754536,0.0,0.0,0.0010346196,0.0010158578,0.0010713083,0.0010938217,0.0,0.0010639449,0.0010504802,0.001043295,0.0010545406,0.0010607811,0.0010728431,0.0010754161,0.0010639448,0.0010504802,0.0,0.0010639448,0.0010504801,0.0010432971,0.001075432,0.0,0.0010504802,0.0010346202,0.0010253364,0.00103612,0.0011108448,0.0010754338,0.0,0.0010504802,0.0010346199,0.0010253366,0.0010361199,0.0011108457,0.0,0.0010639451,0.0010639454,0.0010584546,0.0010699437,0.0,0.0009936491,0.0010754834,0.0,0.0010504802,0.0010346196,0.0010253363,0.00103612,0.0011108422,0.0010754348,0.0,0.0,0.0010346196,0.0010158578,0.0010713083,0.0010938231,0.00107553,0.0010639469,0.0,0.0010346217,0.0010158585,0.0010713086,0.0010828978,0.0,0.0010639449,0.0010504802,0.0010432949,0.0010545406,0.0010607811,0.0010728429,0.0,0.0010639472,0.0,0.0010346199,0.0010158578,0.0010713083,0.001082887,0.0,0.0010639449,0.0010504802,0.0010432953,0.0010545406,0.0010607811,0.0010728432,0.0010754522,0.0010639451,0.0010504803,0.0010432957,0.0010545406,0.0010607811,0.0010728436,0.0,0.0,0.0,0.0010346196,0.0010158578,0.0010713083,0.0010938223,0.0010754276,0.0010639448,0.0053323265,0.0010346196,0.0010158578,0.0010713083,0.0010828886,0.0010754459,0.0010639449,0.0010504801,0.0010713083,0.0,0.0010346196,0.0010158581,0.0,0.0010639448,0.0010504801,0.0010432953,0.0010545406,0.0010607811,0.0010728439,0.0048957197,0.0010639448,0.0010504801,0.0010432953,0.0010545406,0.0010607811,0.0010728433,0.0,0.0010639464,0.0010504802,0.0010432953,0.0010545406,0.0010607811,0.0010728452,0.0010754452,0.0010639448,0.0010504801,0.0010432953,0.0010545406,0.0010607811,0.0010728437,0.0035399455,0.0021760575,0.0010504801,0.0010346196,0.0010253363,0.00103612,0.001110843,0.0,0.0010639448,0.0010504801,0.001043295,0.0010545406,0.0010607811,0.0010728431,0.0010757103,0.0010639479,0.0010504803,0.0010432953,0.0010545406,0.0010607811,0.0010728455
k__Bacteria|p__Actinobacteria|c__Actinomycetia|o__Micrococcales|f__Microbacteriaceae|g__Cryobacterium|s__Cryobacterium_SGB4870,0.0,0.0010617455,0.0010482086,0.0010409651,0.0010521815,0.0010583802,0.0010704448,0.0,0.0010617453,0.0010482086,0.0010409651,0.0010521815,0.0010583802,0.0010704447,0.0,0.0,0.0010482307,0.001032291,0.001022933,0.0010336763,0.0011088075,0.0010733507,0.0,0.0010482086,0.0010322762,0.0010229319,0.0010336763,0.0011088066,0.0,0.0,0.0010482086,0.0010322762,0.0010229319,0.0010336763,0.0011088066,0.0010732993,0.0010617452,0.0010482086,0.0010409651,0.0010521815,0.0010583802,0.0010704447,0.0,0.0010617467,0.0010482089,0.0010409651,0.0010521815,0.0010583802,0.0010704454,0.0010732994,0.0010617452,0.0010482086,0.0010409651,0.0010521815,0.0010583802,0.0010704448,0.0,0.0010617457,0.0010482097,0.0010409653,0.0010521815,0.0010583802,0.0010704455,0.0,0.0010617453,0.0010482086,0.0010409651,0.0010521815,0.0010583802,0.0010704448,0.0,0.0010617456,0.0,0.0010322762,0.0010134436,0.0010691278,0.0010806995,0.0,0.0010617452,0.0010482086,0.0010409651,0.0010521815,0.0010583802,0.0010704453,0.0,0.0,0.0,0.0010322762,0.0010134436,0.0010691278,0.0010917161,0.0010733132,0.0010617456,0.0,0.0010322762,0.0010134436,0.0010691278,0.0010807082,0.0010734112,0.0,0.0,0.0010322765,0.0010134436,0.0010691278,0.0010917153,0.001073336,0.0,0.0010482086,0.0,0.0010617452,0.0010482086,0.0010691278,0.001073304,0.0,0.0,0.0010322762,0.0010134436,0.0010691278,0.0010917136,0.0,0.0010617475,0.0,0.0010322762,0.0010134436,0.0010691278,0.0010806974,0.0,0.0,0.0010482104,0.0010617474,0.0,0.0010322762,0.0010617457,0.0010733354,0.0010617457,0.0,0.0010322762,0.0010134436,0.0010691278,0.0010806968,0.0,0.0,0.001048209,0.0010322762,0.0010229319,0.0010336763,0.0011088073,0.0,0.0,0.0010482086,0.0,0.0010617452,0.0010482086,0.0010691279,0.0,0.0010617507,0.0,0.0010617453,0.0,0.0010617452,0.001048209,0.0,0.0,0.0010482335,0.0010322799,0.0010229322,0.0010336763,0.0011088074,0.0,0.0010618037,0.0010617519,0.0010562001,0.0010676691,0.0,0.0009911207,0.0,0.0010617491,0.0010482101,0.0,0.0010617462,0.001048209,0.0010409689,0.001073308,0.0010617452,0.0010482086,0.0,0.0010617452,0.0010482086,0.0010409666,0.0,0.0010617457,0.0010482087,0.0010409651,0.0010521815,0.0010583802,0.0010704447,0.0010732991,0.0010617452,0.0010482086,0.0010409651,0.0010521815,0.0010583802,0.0010704448,0.0010733448,0.0,0.0,0.0010322762,0.0010134436,0.0010691278,0.0010917134,0.0010733085,0.0,0.0010482086,0.0010322762,0.0010229319,0.0010336763,0.0011088072,0.0,0.0010617453,0.0,0.0010322762,0.0010134436,0.0010691278,0.0010806968,0.0010733233,0.0,0.0010482086,0.0010322762,0.0010229319,0.0010336763,0.0011088179,0.0,0.0010617452,0.0010482086,0.0010409651,0.0010521815,0.0010583802,0.0010704471,0.0010733001,0.0010617452,0.0010482086,0.0010409651,0.0010521815,0.0010583802,0.0010704447,0.0,0.001061746,0.001048209,0.0010409651,0.0010521815,0.0010583802,0.0010704448,0.0,0.0,0.0010482086,0.0010322762,0.0010229319,0.0010336763,0.0011088067,0.0010733025,0.0010617452,0.0,0.0,0.0010617453,0.0010617453,0.0010562002,0.0010733543,0.0,0.001048209,0.0,0.0010617457,0.0010482086,0.0010691322,0.0010734679,0.0,0.0010617457,0.001048209,0.0010409651,0.0,0.0010617464,0.0,0.0010617455,0.0,0.0010322762,0.0010134436,0.0010691277,0.0010807045,0.0010733083,0.0,0.0010482086,0.0010322762,0.0010229322,0.0010336771,0.0011088857,0.001073324,0.0,0.0,0.0010322762,0.0010134436,0.0010691278,0.0010917134,0.0,0.0010617457,0.0010482087,0.0010409651,0.0010521815,0.0010583802,0.0010704447,0.0010733157,0.0010617456,0.0010482088,0.0,0.0010617456,0.0010482086,0.0010409668,0.0010733032,0.0,0.001048209,0.0010322764,0.0010229319,0.0010336763,0.0011088095,0.0010733049,0.0,0.0010482087,0.0010322762,0.0010229322,0.0010336766,0.0011088097,0.0,0.0010617456,0.0010617458,0.0010561998,0.001067669,0.0,0.0009911695,0.0010733549,0.0,0.0010482088,0.0010322762,0.0010229319,0.0010336763,0.0011088066,0.0010733065,0.0,0.0,0.0010322762,0.0010134436,0.0010691278,0.0010917154,0.0010734014,0.0010617467,0.0,0.0010322775,0.0010134443,0.0010691279,0.0010807075,0.0,0.0010617457,0.0010482088,0.0010409651,0.0010521815,0.0010583802,0.0010704447,0.0,0.0010617472,0.0,0.0010322762,0.0010134436,0.0010691278,0.0010806968,0.0,0.0010617457,0.001048209,0.0010409651,0.0010521815,0.0010583802,0.0010704448,0.0010733217,0.0010617456,0.0010482089,0.0010409657,0.0010521815,0.0010583802,0.0010704452,0.0,0.0,0.0,0.0010322762,0.0010134436,0.0010691278,0.001091714,0.0010732986,0.0010617452,0.0,0.0010322762,0.0010134436,0.0010691278,0.0010806983,0.0010733181,0.0010617457,0.0010482086,0.0010691278,0.0175687,0.0010322762,0.0010134438,0.0,0.0010617452,0.0010482086,0.0010409651,0.0010521815,0.0010583802,0.0010704459,0.0,0.0010617452,0.0010482086,0.0010409651,0.0010521815,0.0010583802,0.001070445,0.0,0.0010617464,0.001048209,0.0010409651,0.0010521815,0.0010583802,0.0010704474,0.0010733135,0.0010617455,0.0010482086,0.0010409651,0.0010521815,0.0010583802,0.0010704453,0.0,0.0,0.0010482086,0.0010322762,0.0010229319,0.0010336763,0.001108807,0.0,0.0010617452,0.0010482086,0.0010409651,0.0010521815,0.0010583802,0.0010704448,0.0010735686,0.0010617477,0.0010482089,0.0010409652,0.0010521815,0.0010583802,0.0010704482
k__Bacteria|p__Actinobacteria|c__Actinomycetia|o__Actinomycetales|f__Actinomycetaceae|g__Actinomyces|s__Actinomyces_SGB17132,0.0,0.0010591666,0.0010455602,0.0010382694,0.0010494884,0.0010556751,0.0010677682,0.0,0.0010591666,0.0010455602,0.0010382694,0.0010494884,0.0010556751,0.001067768,0.0,0.0,0.0010455914,0.0010295806,0.0010201667,0.0010309019,0.0011064657,0.0010708339,0.0,0.0010455605,0.0010295585,0.0010201654,0.0010309019,0.0011064645,0.0,0.0,0.0010455605,0.0010295585,0.0010201654,0.0010309019,0.0011064643,0.0010707894,0.0010591666,0.0010455602,0.0010382694,0.0010494884,0.0010556751,0.0010677677,0.0,0.0010591677,0.0010455606,0.0010382694,0.0010494884,0.0010556751,0.0010677687,0.0010707894,0.0010591666,0.0010455602,0.0010382694,0.0010494884,0.0010556751,0.0010677679,0.0,0.0010591671,0.0010455613,0.0010382695,0.0010494884,0.0010556751,0.0010677689,0.0,0.0010591666,0.0010455602,0.0010382694,0.0010494884,0.0010556751,0.0010677679,0.0,0.0010591666,0.0,0.0010295585,0.001010659,0.0010665769,0.0010781729,0.0,0.0010591666,0.0010455602,0.0010382694,0.0010494884,0.0010556751,0.0010677688,0.0,0.0,0.0,0.0010295585,0.001010659,0.0010665769,0.001089271,0.0010708002,0.0010591666,0.0,0.0010295585,0.001010659,0.0010665769,0.0010781825,0.0010708757,0.0,0.0,0.0010295588,0.001010659,0.0010665769,0.0010892699,0.0010708204,0.0,0.0010455602,0.0,0.0010591666,0.0010455602,0.0010665772,0.0010707937,0.0,0.0,0.0010295585,0.001010659,0.0010665769,0.0010892678,0.0,0.0010591695,0.0,0.0010295585,0.001010659,0.0010665769,0.0010781703,0.0,0.0,0.0010455626,0.0010591687,0.0,0.0010295585,0.0010591667,0.0010708335,0.0010591671,0.0,0.0010295587,0.001010659,0.0010665769,0.0010781699,0.0,0.0,0.0010455605,0.0010295585,0.0010201654,0.0010309019,0.0011064649,0.0,0.0,0.0010455605,0.0,0.0010591666,0.0010455602,0.001066577,0.0,0.0010591755,0.0,0.0010591667,0.0,0.0010591666,0.0010455605,0.0,0.0,0.001045597,0.0010295644,0.0010201655,0.0010309019,0.0011064657,0.0,0.0010592445,0.0010591759,0.0010535774,0.0010650593,0.0,0.0009882773,0.0,0.001059171,0.0010455624,0.0,0.0010591673,0.0010455605,0.001038274,0.0010707999,0.0010591666,0.0010455602,0.0,0.0010591666,0.0010455602,0.0010382708,0.0,0.0010591669,0.0010455605,0.0010382694,0.0010494884,0.0010556751,0.0010677681,0.0010707892,0.0010591666,0.0010455602,0.0010382694,0.0010494884,0.0010556751,0.0010677679,0.0010708248,0.0,0.0,0.0010295585,0.001010659,0.0010665769,0.0010892673,0.0010707971,0.0,0.0010455602,0.0010295585,0.0010201654,0.0010309019,0.0011064647,0.0,0.0010591667,0.0,0.0010295585,0.001010659,0.0010665769,0.0010781694,0.0010708125,0.0,0.0010455605,0.0010295585,0.0010201654,0.0010309019,0.0011064772,0.0,0.0010591666,0.0010455602,0.0010382694,0.0010494884,0.0010556751,0.00106777,0.00107079,0.0010591666,0.0010455602,0.0010382694,0.0010494884,0.0010556751,0.0010677677,0.0,0.0010591678,0.0010455605,0.0010382694,0.0010494884,0.0010556751,0.0010677682,0.0,0.0,0.0010455602,0.0010295585,0.0010201654,0.0010309019,0.0011064647,0.0010707919,0.0010591666,0.0,0.0,0.0010591667,0.0010591666,0.001053577,0.0010708378,0.0,0.001045561,0.0,0.0010591667,0.0010455602,0.0010665824,0.0010709234,0.0,0.001059167,0.0010455605,0.0010382694,0.0,0.0010591678,0.0,0.0010591665,0.0,0.0010295585,0.001010659,0.0010665768,0.0010781798,0.0010707981,0.0,0.0010455605,0.0010295585,0.0010201655,0.0010309025,0.0011065679,0.0010708174,0.0,0.0,0.0010295585,0.001010659,0.0010665769,0.0010892671,0.0,0.0010591667,0.0010455605,0.0010382694,0.0010494884,0.0010556751,0.001067768,0.0010707902,0.0010591667,0.0010455602,0.0,0.0010591667,0.0010455605,0.0010382712,0.0010707922,0.0,0.0010455605,0.0010295587,0.0010201654,0.0010309019,0.001106468,0.0010707949,0.0,0.0010455605,0.0010295587,0.0010201655,0.001030902,0.0011064678,0.0,0.0010591667,0.0010591671,0.0010535762,0.0010650594,0.0,0.000988341,0.001070831,0.0,0.0010455605,0.0010295585,0.0010201654,0.0010309019,0.0011064643,0.0010707967,0.001075405,0.0,0.0010295585,0.001010659,0.0010665769,0.0010892702,0.0010708686,0.001059168,0.0,0.0010295603,0.0010106596,0.0010665772,0.0010781818,0.0,0.0010591669,0.0010455605,0.0010382694,0.0010494884,0.0010556751,0.0010677677,0.0,0.0010591693,0.0,0.0010295585,0.001010659,0.0010665769,0.0010781699,0.0,0.0010591667,0.0010455605,0.0010382694,0.0010494884,0.0010556751,0.0010677682,0.0010708084,0.0010591669,0.0010455605,0.0010382698,0.0010494884,0.0010556751,0.0010677682,0.0,0.0,0.0,0.0010295585,0.001010659,0.0010665769,0.001089268,0.0010707886,0.0010591666,0.0,0.0010295585,0.001010659,0.0010665769,0.0010781712,0.0010708073,0.0010591669,0.0010455605,0.0010665769,0.0,0.0010295585,0.0010106592,0.0,0.0010591666,0.0010455602,0.0010382694,0.0010494884,0.0010556751,0.0010677691,0.0,0.0010591666,0.0010455605,0.0010382694,0.0010494884,0.0010556751,0.0010677684,0.0,0.0010591679,0.0010455605,0.0010382694,0.0010494884,0.0010556751,0.0010677712,0.0010708019,0.0010591666,0.0010455605,0.0010382694,0.0010494884,0.0010556751,0.0010677685,0.0,0.0,0.0010455602,0.0010295585,0.0010201654,0.0010309019,0.0011064649,0.0,0.0010591666,0.0010455602,0.0010382694,0.0010494884,0.0010556751,0.0010677679,0.0010710697,0.0010591699,0.0010455607,0.0010382694,0.0010494884,0.0010556751,0.0010677725
k__Bacteria|p__Actinobacteria|c__Actinomycetia|o__Actinomycetales|f__Actinomycetaceae|g__Actinomyces|s__Actinomyces_sp_ICM58,0.0,0.0010612694,0.0010475962,0.0010401624,0.0010510616,0.0010569458,0.0010687973,0.0,0.0010612695,0.0010475962,0.0010401624,0.0010510616,0.0010569458,0.0010687973,0.0,0.0,0.0010476172,0.0010315363,0.0010219805,0.0010323969,0.001107988,0.0010729979,0.0,0.0010475962,0.0010315207,0.0010219796,0.0010323969,0.0011079874,0.0,0.0,0.0010475962,0.0010315208,0.0010219796,0.0010323969,0.0011079874,0.0010729529,0.0010612695,0.0010475962,0.0010401624,0.0010510616,0.0010569458,0.0010687973,0.0,0.0010612699,0.0010475965,0.0010401624,0.0010510616,0.0010569458,0.001068797,0.0010729529,0.0010612695,0.0010475962,0.0010401624,0.0010510616,0.0010569458,0.0010687974,0.0,0.0010612697,0.0010475967,0.0010401625,0.0010510616,0.0010569458,0.0010687984,0.0,0.0010612695,0.0010475962,0.0010401624,0.0010510616,0.0010569458,0.0010687973,0.0,0.0010612695,0.0,0.0010315208,0.0010125398,0.0010686063,0.0010798794,0.0,0.0010612695,0.0010475962,0.0010401624,0.0010510616,0.0010569458,0.0010687979,0.0,0.0,0.0,0.0010315208,0.0010125398,0.0010686063,0.0010910378,0.0010729639,0.0010612695,0.0,0.0010315208,0.0010125398,0.0010686063,0.001079886,0.0010730467,0.0,0.0,0.0010315209,0.0010125398,0.0010686063,0.0010910366,0.0010729848,0.0,0.0010475962,0.0,0.0010612695,0.0010475962,0.0010686065,0.001072957,0.0,0.0,0.0010315208,0.0010125398,0.0010686063,0.0010910354,0.0,0.0010612715,0.0,0.0010315207,0.0010125398,0.0010686063,0.0010798788,0.0,0.0,0.0010475973,0.001061271,0.0,0.0010315208,0.0010612695,0.0010729915,0.0010612699,0.0,0.0010315208,0.0010125398,0.0010686063,0.0010798787,0.0,0.0,0.0010475965,0.0010315208,0.0010219796,0.0010323969,0.0011079878,0.0,0.0,0.0010475962,0.0,0.0010612695,0.0010475962,0.0010686063,0.0,0.0010612756,0.0,0.0010612697,0.0,0.0010612695,0.0010475963,0.0,0.0,0.0010476221,0.0010315252,0.0010219796,0.0010323969,0.0011079883,0.0,0.0010613289,0.0010612761,0.0010555414,0.0010667033,0.0,0.0009900583,0.0,0.0010612725,0.0010475975,0.0,0.0010612699,0.0010475965,0.0010401645,0.0010729616,0.0010612695,0.0010475962,0.0,0.0010612695,0.0010475962,0.0010401632,0.0,0.0010612697,0.0010475963,0.0010401624,0.0010510616,0.0010569458,0.0010687973,0.0010729529,0.0010612695,0.0010475962,0.0010401624,0.0010510616,0.0010569458,0.0010687973,0.0010729865,0.0,0.0,0.0010315207,0.0010125398,0.0010686063,0.0010910353,0.0010729609,0.0,0.0010475962,0.0010315207,0.0010219796,0.0010323969,0.0011079877,0.0,0.0010612697,0.0,0.0010315207,0.0010125398,0.0010686063,0.0010798787,0.0010729741,0.0,0.0010475962,0.0010315208,0.0010219796,0.0010323969,0.0011079926,0.0,0.0010612695,0.0010475962,0.0010401624,0.0010510616,0.0010569458,0.0010687984,0.0010729539,0.0010612695,0.0010475962,0.0010401624,0.0010510616,0.0010569458,0.0010687973,0.0,0.0010612702,0.0010475965,0.0010401624,0.0010510616,0.0010569458,0.0010687973,0.0,0.0,0.0010475962,0.0010315208,0.0010219796,0.0010323969,0.0011079877,0.0010729565,0.0010612695,0.0,0.0,0.0010612697,0.0010612695,0.0010555414,0.0010730041,0.0,0.0010475966,0.0022334198,0.0010612697,0.0010475962,0.0010686072,0.0010730989,0.0,0.0010612695,0.0010475965,0.0010401624,0.0015749091,0.00106127,0.0,0.0010612694,0.0,0.0010315208,0.0010125398,0.0010686063,0.0010798799,0.0010729601,0.0,0.0010475962,0.0010315207,0.0010219796,0.0010323973,0.0011080357,0.0010729758,0.0,0.0,0.0010315208,0.0010125398,0.0010686063,0.0010910353,0.0,0.0010612697,0.0010475963,0.0010401624,0.0010510616,0.0010569458,0.0010687973,0.0010729844,0.0010612695,0.0010475965,0.0,0.0010612694,0.0010475962,0.0010401633,0.001072956,0.0,0.0010475965,0.0010315208,0.0010219796,0.0010323969,0.001107989,0.001072958,0.0,0.0010475963,0.0010315208,0.0010219796,0.001032397,0.0011079883,0.0,0.0010612695,0.0010612697,0.001055541,0.0010667032,0.0,0.0009900981,0.0010730029,0.0,0.0010475965,0.0010315207,0.0010219796,0.0010323969,0.0011079874,0.0010729608,0.0,0.0,0.0010315208,0.0010125398,0.0010686063,0.0010910371,0.001073033,0.0010612704,0.0,0.001031522,0.0010125401,0.0010686065,0.0010798845,0.0,0.0010612695,0.0010475965,0.0010401624,0.0010510616,0.0010569458,0.0010687973,0.0,0.0010612712,0.0,0.0010315208,0.0010125398,0.0010686063,0.0010798787,0.0,0.0010612695,0.0010475965,0.0010401624,0.0010510616,0.0010569458,0.0010687974,0.0010729689,0.0010612694,0.0010475965,0.0010401628,0.0010510616,0.0010569458,0.0010687975,0.0,0.0,0.0,0.0010315207,0.0010125398,0.0010686063,0.0010910355,0.0010729524,0.0010612695,0.0,0.0010315207,0.0010125398,0.0010686063,0.0010798791,0.0010729698,0.0010612695,0.0010475962,0.0010686063,0.00077334547,0.0010315207,0.00101254,0.0,0.0010612695,0.0010475962,0.0010401624,0.0010510616,0.0010569458,0.0010687978,0.0,0.0010612695,0.0010475962,0.0010401624,0.0010510616,0.0010569458,0.0010687977,0.0,0.0010612702,0.0010475965,0.0010401624,0.0010510616,0.0010569458,0.0010687985,0.0010729646,0.0010612695,0.0010475962,0.0010401624,0.0010510616,0.0010569458,0.0010687977,0.0,0.002907409,0.0010475962,0.0010315207,0.0010219796,0.0010323969,0.0011079876,0.0,0.0010612695,0.0010475962,0.0010401624,0.0010510616,0.0010569458,0.0010687973,0.0010732374,0.0010612719,0.0010475966,0.0010401624,0.0010510616,0.0010569458,0.0010687994
k__Bacteria|p__Actinobacteria|c__Actinomycetia|o__Actinomycetales|f__Actinomycetaceae|g__Actinomyces|s__Actinomyces_SGB17163,0.0,0.0010634109,0.0010497039,0.0010421746,0.0010528354,0.0010584984,0.0010701648,0.0,0.001063411,0.0010497039,0.0010421746,0.0010528354,0.0010584984,0.0010701648,0.0,0.0,0.0010497094,0.0010335926,0.0010239496,0.0010341317,0.0011096455,0.0010751269,0.0,0.0010497039,0.0010335894,0.0010239495,0.0010341317,0.0011096452,0.0,0.0,0.0010497039,0.0010335894,0.0010239495,0.0010341317,0.0011096452,0.0010751233,0.001063411,0.0010497039,0.0010421746,0.0010528354,0.0010584984,0.0010701647,0.0,0.0010634112,0.001049704,0.0010421746,0.0010528354,0.0010584984,0.001070166,0.0010751234,0.001063411,0.0010497039,0.0010421746,0.0010528354,0.0010584984,0.0010701648,0.0,0.0010634111,0.0010497045,0.0010421746,0.0010528354,0.0010584984,0.0010701648,0.0,0.001063411,0.0010497039,0.0010421746,0.0010528354,0.0010584984,0.0010701648,0.0,0.001063411,0.0,0.0010335894,0.0010145634,0.0010706871,0.0010817173,0.0,0.001063411,0.0010497039,0.0010421745,0.0010528354,0.0010584984,0.0010701653,0.0,0.0,0.0,0.0010335894,0.0010145634,0.0010706871,0.0010928987,0.001075124,0.001063411,0.0,0.0010335894,0.0010145634,0.0010706871,0.0010817203,0.0010751404,0.0,0.0,0.0010335895,0.0010145634,0.0010706871,0.0010928987,0.0010751263,0.0,0.0010497039,0.0,0.001063411,0.0010497039,0.001070687,0.0010751233,0.0,0.0,0.0010335894,0.0010145634,0.0010706871,0.0010928978,0.0,0.0010634115,0.0,0.0010335894,0.0010145634,0.0010706871,0.0010817162,0.0,0.0,0.0010497047,0.0010634114,0.0,0.0010335894,0.001063411,0.0010751246,0.0010634109,0.0017404975,0.0010335892,0.0010145634,0.0010706871,0.0010817158,0.0,0.0022949846,0.001049704,0.0010335894,0.0010239495,0.0010341317,0.0011096454,0.0,0.0,0.0010497039,0.0,0.001063411,0.0010497039,0.001070687,0.0,0.0010634119,0.0028990458,0.0010634111,0.0012748315,0.001063411,0.001049704,0.0,0.0,0.0010497074,0.0010335897,0.0010239496,0.0010341317,0.0011096452,0.0,0.0010634197,0.0010634117,0.0010575895,0.0010685109,0.0,0.0009920289,0.0,0.0010634118,0.0010497042,0.0,0.0010634109,0.001049704,0.001042177,0.0010751227,0.001063411,0.0010497039,0.0,0.001063411,0.0010497039,0.0010421753,0.0,0.0010634111,0.001049704,0.0010421745,0.0010528354,0.0010584984,0.0010701647,0.001075123,0.001063411,0.0010497039,0.0010421746,0.0010528354,0.0010584984,0.0010701648,0.0010751296,0.0,0.0,0.0010335894,0.0010145634,0.0010706871,0.0010928978,0.0010751226,0.0,0.0010497039,0.0010335894,0.0010239495,0.0010341317,0.0011096452,0.0,0.0010634111,0.0017243829,0.0010335894,0.0010145634,0.0010706871,0.0010817156,0.0010751266,0.0,0.0010497039,0.0010335894,0.0010239495,0.0010341317,0.0011096504,0.0,0.001063411,0.0010497039,0.0010421746,0.0010528354,0.0010584984,0.0010701664,0.0010751229,0.001063411,0.0010497039,0.0010421746,0.0010528354,0.0010584984,0.0010701647,0.0,0.0010634111,0.001049704,0.0010421745,0.0010528354,0.0010584984,0.0010701648,0.0019513341,0.0,0.0010497039,0.0010335894,0.0010239495,0.0010341317,0.0011096452,0.0010751229,0.001063411,0.0,0.0,0.0010634111,0.001063411,0.00105759,0.0010751272,0.0031349845,0.001049704,0.0,0.0010634111,0.0010497039,0.0010706907,0.0010751561,0.0,0.001063411,0.001049704,0.0010421745,0.0,0.0010634117,0.0,0.0010634109,0.0,0.0010335894,0.0010145634,0.001070687,0.0010817226,0.0010751241,0.0,0.0010497039,0.0010335894,0.0010239496,0.001034132,0.0011096773,0.001075127,0.0,0.0,0.0010335894,0.0010145634,0.0010706871,0.0010928977,0.0,0.0010634111,0.001049704,0.0010421746,0.0010528354,0.0010584984,0.0010701648,0.0010751085,0.001063411,0.001049704,0.0,0.0010634109,0.0010497039,0.0010421755,0.001075123,0.0,0.001049704,0.0010335896,0.0010239495,0.0010341317,0.0011096465,0.0010751232,0.0,0.001049704,0.0010335892,0.0010239496,0.0010341317,0.0011096467,0.0,0.001063411,0.0010634111,0.0010575897,0.0010685109,0.0,0.0009920583,0.0010751261,0.0,0.001049704,0.0010335894,0.0010239495,0.0010341317,0.0011096452,0.001075123,0.0,0.0,0.0010335894,0.0010145634,0.0010706871,0.0010928984,0.001075136,0.0010634111,0.0,0.00103359,0.0010145631,0.0010706871,0.001081721,0.0,0.001063411,0.001049704,0.0010421745,0.0010528354,0.0010584984,0.0010701647,0.0,0.0010634114,0.0,0.0010335894,0.0010145634,0.0010706871,0.0010817156,0.0,0.001063411,0.001049704,0.0010421745,0.0010528354,0.0010584984,0.0010701648,0.0010751275,0.0010634109,0.001049704,0.0010421745,0.0010528354,0.0010584984,0.0010701653,0.0,0.0,0.0,0.0010335894,0.0010145634,0.0010706871,0.0010928983,0.0010751232,0.001063411,0.0,0.0010335894,0.0010145634,0.0010706871,0.0010817165,0.0010751252,0.001063411,0.0010497039,0.0010706871,0.0,0.0010335894,0.0010145635,0.0,0.001063411,0.0010497039,0.0010421745,0.0010528354,0.0010584984,0.0010701659,0.0,0.001063411,0.0010497039,0.0010421745,0.0010528354,0.0010584984,0.0010701648,0.0,0.001063411,0.001049704,0.0010421745,0.0010528354,0.0010584984,0.0010701667,0.0010751229,0.001063411,0.0010497039,0.0010421745,0.0010528354,0.0010584984,0.0010701653,0.0,0.0,0.0010497039,0.0010335894,0.0010239495,0.0010341317,0.0011096454,0.0,0.001063411,0.0010497039,0.0010421746,0.0010528354,0.0010584984,0.0010701648,0.0010751772,0.0010634116,0.001049704,0.0010421745,0.0010528354,0.0010584984,0.0010701669
k__Bacteria|p__Actinobacteria|c__Coriobacteriia|o__Coriobacteriales|f__Coriobacteriaceae|g__Collinsella|s__Collinsella_SGB4121,0.0,0.0010626684,0.0010490144,0.001041579,0.0010524283,0.0010582722,0.0010700757,0.0,0.0010626684,0.0010490144,0.001041579,0.0010524283,0.0010582722,0.0010700756,0.0037473224,0.0,0.0010490321,0.0010329692,0.0010234148,0.0010337863,0.0011092,0.0010743649,0.0,0.0010490144,0.0010329569,0.001023414,0.0010337863,0.0011091996,0.0,0.0,0.0010490144,0.0010329569,0.001023414,0.0010337863,0.0011091995,0.0010743317,0.0010626684,0.0010490144,0.001041579,0.0010524283,0.0010582722,0.0010700754,0.0,0.0010626692,0.0010490145,0.001041579,0.0010524283,0.0010582722,0.0010700763,0.0010743318,0.0010626684,0.0010490144,0.001041579,0.0010524283,0.0010582722,0.0010700754,0.0,0.0010626689,0.0010490151,0.001041579,0.0010524283,0.0010582722,0.0010700761,0.0,0.0010626684,0.0010490144,0.001041579,0.0010524283,0.0010582722,0.0010700756,0.0,0.0010626684,0.0013636063,0.0010329569,0.0010139919,0.0010699824,0.0010811982,0.0,0.0010626684,0.0010490144,0.0010415788,0.0010524283,0.0010582722,0.0010700758,0.0,0.0,0.0,0.0010329569,0.0010139919,0.0010699824,0.0010923292,0.0010743403,0.0010626684,0.0,0.0010329569,0.0010139919,0.0010699824,0.0010812022,0.0010744005,0.0,0.0,0.001032957,0.0010139919,0.0010699824,0.0010923287,0.0010743563,0.0,0.0010490144,0.0,0.0010626684,0.0010490144,0.0010699824,0.0010743348,0.0,0.0,0.0010329569,0.0010139919,0.0010699824,0.001092328,0.0,0.0010626699,0.004783251,0.0010329569,0.0010139919,0.0010699824,0.0010811965,0.0,0.0,0.0010490158,0.0010626698,0.0,0.0010329569,0.0010626684,0.0010743595,0.0010626689,0.0,0.0010329568,0.0010139919,0.0010699824,0.0010811965,0.0,0.0,0.0010490146,0.0010329569,0.001023414,0.0010337863,0.0011091998,0.0,0.0,0.0010490144,0.0,0.0010626684,0.0010490144,0.0010699824,0.0,0.0010626725,0.0,0.0010626685,0.0,0.0010626684,0.0010490145,0.0,0.0,0.001049035,0.0010329601,0.0010234141,0.0010337863,0.0011091998,0.0,0.001062709,0.0010626734,0.0010569382,0.0010680459,0.0,0.000991524,0.0,0.0010626708,0.0010490154,0.0,0.0010626689,0.0010490145,0.0010415816,0.0010743388,0.0010626684,0.0010490144,0.0,0.0010626684,0.0010490144,0.0010415798,0.0,0.0010626686,0.0010490145,0.0010415788,0.0010524283,0.0010582722,0.0010700756,0.0010743318,0.0010626684,0.0010490144,0.001041579,0.0010524283,0.0010582722,0.0010700756,0.0010743613,0.0,0.0,0.0010329569,0.0010139919,0.0010699824,0.0010923279,0.0010743375,0.0011941239,0.0010490144,0.0010329569,0.001023414,0.0010337863,0.0011091997,0.0,0.0010626685,0.0,0.0010329569,0.0010139919,0.0010699824,0.0010811964,0.0010743467,0.0,0.0010490144,0.0010329569,0.001023414,0.0010337863,0.0011092053,0.0,0.0010626684,0.0010490144,0.001041579,0.0010524283,0.0010582722,0.0010700767,0.0010743326,0.0010626684,0.0010490144,0.001041579,0.0010524283,0.0010582722,0.0010700754,0.0,0.001062669,0.0010490145,0.0010415788,0.0010524283,0.0010582722,0.0010700757,0.0,0.0,0.0010490144,0.0010329569,0.001023414,0.0010337863,0.0011091996,0.0010743337,0.0010626684,0.0017862493,0.0,0.0010626685,0.0010626684,0.0010569381,0.0010743672,0.0,0.0010490147,0.0,0.0010626685,0.0010490144,0.0010699857,0.001074437,0.0,0.0010626685,0.0010490145,0.0010415788,0.0,0.0010626689,0.0,0.0010626683,0.0,0.0010329569,0.0010139919,0.0010699824,0.0010812014,0.0010743382,0.0,0.0010490144,0.0010329569,0.0010234141,0.0010337869,0.0011092443,0.0010743499,0.0,0.0,0.0010329569,0.0010139919,0.0010699824,0.0010923279,0.0,0.0010626685,0.0010490145,0.001041579,0.0010524283,0.0010582722,0.0010700756,0.0010743429,0.0010626684,0.0010490145,0.0,0.0010626684,0.0010490144,0.00104158,0.0010743341,0.0,0.0010490145,0.001032957,0.001023414,0.0010337863,0.001109201,0.0010743353,0.0,0.0010490145,0.0010329569,0.0010234141,0.0010337866,0.001109201,0.0,0.0010626684,0.0010626686,0.0010569376,0.0010680459,0.0,0.0009915627,0.0010743671,0.0,0.0010490145,0.0010329569,0.001023414,0.0010337863,0.0011091995,0.0010743364,0.0,0.0,0.0010329569,0.0010139919,0.0010699824,0.0010923288,0.001074396,0.0010626692,0.0,0.001032958,0.0010139919,0.0010699824,0.0010812026,0.0,0.0010626685,0.0010490145,0.0010415788,0.0010524283,0.0010582722,0.0010700754,0.0,0.0010626697,0.0,0.0010329569,0.0010139919,0.0010699824,0.0010811964,0.0,0.0010626685,0.0010490146,0.0010415788,0.0010524283,0.0010582722,0.0010700756,0.0010743444,0.0010626684,0.0010490145,0.001041579,0.0010524283,0.0010582722,0.0010700757,0.0,0.0,0.0,0.0010329569,0.0010139919,0.0010699824,0.0010923282,0.0010743313,0.0010626684,0.0,0.0010329569,0.0010139919,0.0010699824,0.0010811969,0.0010743437,0.0010626685,0.0010490144,0.0010699824,0.0025992857,0.0010329569,0.001013992,0.0,0.0010626684,0.0010490144,0.0010415788,0.0010524283,0.0010582722,0.0010700763,0.0,0.0010626684,0.0010490144,0.0010415788,0.0010524283,0.0010582722,0.0010700756,0.0,0.0010626691,0.0010490145,0.0010415788,0.0010524283,0.0010582722,0.0010700768,0.0010743408,0.0010626684,0.0010490144,0.0010415788,0.0010524283,0.0010582722,0.001070076,0.0,0.0,0.0010490144,0.0010329569,0.001023414,0.0010337863,0.0011092001,0.0,0.0010626684,0.0010490144,0.001041579,0.0010524283,0.0010582722,0.0010700756,0.0010745166,0.0010626699,0.0010490145,0.0010415788,0.0010524283,0.0010582722,0.0010700773
k__Bacteria|p__Actinobacteria|c__Actinomycetia|o__Bifidobacteriales|f__Bifidobacteriaceae|g__Bifidobacterium|s__Bifidobacterium_pseudocatenulatum,0.0,0.001064934,0.0010514081,0.0010441121,0.0010551304,0.0010611534,0.0010730494,0.0,0.0010649342,0.0010514081,0.0010441121,0.0010551304,0.0010611534,0.0010730491,0.0,0.0,0.0010514065,0.0010354808,0.0010260837,0.0010366384,0.0011114657,0.0010764812,0.0,0.0010514081,0.0010354818,0.0010260836,0.0010366384,0.0011114653,0.0,0.0,0.0010514081,0.0010354818,0.0010260836,0.0010366384,0.0011114653,0.0010764735,0.0010649341,0.0010514081,0.0010441121,0.0010551304,0.0010611534,0.001073049,0.0,0.0010649341,0.0010514081,0.0010441121,0.0010551304,0.0010611534,0.0010730501,0.0010764736,0.0010649341,0.0010514081,0.0010441121,0.0010551304,0.0010611534,0.001073049,0.0,0.0010649342,0.0010514082,0.0010441124,0.0010551304,0.0010611534,0.0010730496,0.0,0.0010649342,0.0010514081,0.0010441121,0.0010551304,0.0010611534,0.001073049,0.0,0.0010649342,0.0,0.0010354818,0.0010166493,0.0010722507,0.0010836073,0.0,0.0010649341,0.0010514081,0.0010441121,0.0010551304,0.0010611534,0.00107305,0.0,0.0,0.0,0.0010354818,0.0010166493,0.0010722507,0.001094601,0.0010764766,0.0010649342,0.41344738,0.0010354818,0.0010166493,0.0010722507,0.0010836108,0.0010764977,0.0,0.0,0.0010354819,0.0010166493,0.0010722507,0.0010946005,0.0010764805,0.0,0.0010514081,0.0,0.0010649341,0.0010514081,0.0010722509,0.0010764743,0.0,0.0,0.0010354818,0.0010166493,0.0010722507,0.0010945989,0.0,0.0010649338,0.0,0.0010354818,0.0010166493,0.0010722507,0.0010836063,0.0,0.0,0.0010514081,0.0010649338,0.0,0.0010354818,0.0010649342,0.0010764758,0.0010649338,0.0,0.0010354818,0.0010166493,0.0010722507,0.0010836059,0.0,0.0,0.0010514082,0.0010354818,0.0010260836,0.0010366384,0.0011114655,0.0,0.0,0.0010514081,0.0,0.0010649341,0.0010514081,0.0010722505,0.0,0.0010649335,0.0,0.0010649342,0.0,0.0010649341,0.0010514082,0.0,0.0,0.0010514035,0.0010354811,0.0010260836,0.0010366384,0.0011114656,0.0,0.0010649214,0.0010649326,0.0010593362,0.0010705998,0.0,0.0009943097,0.0,0.001064934,0.0010514079,0.0,0.001064934,0.0010514082,0.0010441138,0.0010764744,0.0010649341,0.0010514081,0.0,0.0010649341,0.0010514081,0.0010441133,0.0,0.0010649342,0.0010514082,0.0010441121,0.0010551304,0.0010611534,0.001073049,0.0010764737,0.0010649341,0.0010514081,0.0010441121,0.0010551304,0.0010611534,0.001073049,0.001076482,0.0,0.0,0.0010354818,0.0010166493,0.0010722507,0.0010945986,0.001076473,0.0,0.0010514081,0.0010354818,0.0010260836,0.0010366384,0.0011114656,0.0,0.0010649342,0.0,0.0010354818,0.0010166493,0.0010722507,0.0010836059,0.0010764773,0.30448928,0.0010514081,0.0010354818,0.0010260836,0.0010366384,0.0011114704,0.0,0.0010649341,0.0010514081,0.0010441121,0.0010551304,0.0010611534,0.0010730508,0.0010764737,0.0010649341,0.0010514081,0.0010441121,0.0010551304,0.0010611534,0.001073049,0.0,0.0010649341,0.0010514082,0.0010441121,0.0010551304,0.0010611534,0.001073049,0.0,0.0,0.0010514081,0.0010354818,0.0010260836,0.0010366384,0.0011114654,0.0010764746,0.0010649341,0.0,0.0,0.0010649342,0.0010649342,0.0010593373,0.0010764853,0.0,0.001051408,0.0,0.0010649342,0.0010514081,0.0010722539,0.0010765154,0.0,0.0010649342,0.0010514082,0.0010441121,0.0,0.001064935,0.0,0.001064934,0.0,0.0010354818,0.0010166493,0.0010722508,0.0010836105,0.001076475,0.22646794,0.0010514081,0.0010354818,0.0010260836,0.0010366385,0.0011115121,0.0010764768,0.0,0.0,0.0010354818,0.0010166493,0.0010722507,0.0010945986,0.0,0.0010649342,0.0010514082,0.0010441121,0.0010551304,0.0010611534,0.0010730491,0.0010764871,0.0010649341,0.0010514082,0.0,0.0010649341,0.0010514081,0.0010441128,0.0010764742,0.0,0.0010514082,0.0010354819,0.0010260836,0.0010366384,0.0011114677,0.0010764744,0.0,0.0010514082,0.0010354818,0.0010260836,0.0010366384,0.0011114667,0.0,0.0010649341,0.0010649343,0.0010593365,0.0010705995,0.0,0.0009943406,0.001076482,0.001937353,0.0010514082,0.0010354818,0.0010260836,0.0010366384,0.0011114653,0.0010764761,0.108442105,0.010829585,0.0010354818,0.0010166493,0.0010722507,0.0010946007,0.0010764915,0.001064934,0.0,0.0010354819,0.0010166493,0.0010722507,0.0010836121,0.0,0.0010649341,0.0010514082,0.0010441121,0.0010551304,0.0010611534,0.001073049,0.0,0.0010649338,0.0,0.0010354818,0.0010166493,0.0010722507,0.0010836059,0.0,0.0010649342,0.0010514082,0.0010441121,0.0010551304,0.0010611534,0.0010730494,0.0010764791,0.0010649338,0.0010514081,0.0010441124,0.0010551304,0.0010611534,0.0010730494,0.0,0.0,0.0,0.0010354818,0.0010166493,0.0010722507,0.0010945991,0.0010764735,0.0010649341,0.0,0.0010354818,0.0010166493,0.0010722507,0.0010836066,0.0010764766,0.0010649341,0.0010514081,0.0010722507,0.0,0.0010354818,0.0010166494,0.035905313,0.0010649341,0.0010514081,0.0010441121,0.0010551304,0.0010611534,0.0010730503,0.0,0.0010649341,0.0010514081,0.0010441121,0.0010551304,0.0010611534,0.0010730494,0.0,0.001064934,0.0010514082,0.0010441121,0.0010551304,0.0010611534,0.0010730514,0.0010764742,0.0010649341,0.0010514081,0.0010441121,0.0010551304,0.0010611534,0.0010730495,0.0,0.0,0.0010514081,0.0010354818,0.0010260836,0.0010366384,0.0011114657,0.0,0.0010649341,0.0010514081,0.0010441121,0.0010551304,0.0010611534,0.001073049,0.0010765532,0.0010649342,0.001051408,0.0010441123,0.0010551304,0.0010611534,0.0010730522
k__Bacteria|p__Actinobacteria|c__Actinomycetia|o__Micrococcales|f__Promicromonosporaceae|g__Isoptericola|s__Isoptericola_variabilis,0.0023567996,0.001078449,0.0010653675,0.0010584317,0.0010696214,0.0010758939,0.0010877671,0.0041073696,0.0010784493,0.0010653675,0.0010584317,0.0010696214,0.0010758939,0.0010877667,0.0,0.0,0.0010653767,0.0010498953,0.0010408638,0.0010516506,0.0011239538,0.0010895701,0.0,0.0010653675,0.0010498877,0.0010408631,0.0010516504,0.0011239534,0.0,0.0,0.0010653675,0.0010498877,0.0010408631,0.0010516504,0.0011239534,0.0010895543,0.0010784492,0.0010653675,0.0010584317,0.0010696214,0.0010758939,0.0010877667,0.0,0.0010784497,0.0010653675,0.0010584317,0.0010696214,0.0010758939,0.0010877671,0.0010895544,0.0010784492,0.0010653675,0.0010584317,0.0010696214,0.0010758939,0.0010877671,0.0,0.0010784493,0.0010653676,0.0010584318,0.0010696214,0.0010758939,0.0010877672,0.0012315061,0.0010784493,0.0010653675,0.0010584317,0.0010696214,0.0010758939,0.0010877667,0.0,0.0010784493,0.0,0.0010498877,0.0010314944,0.0010856466,0.0010970548,0.0,0.0010784492,0.0010653675,0.0010584316,0.0010696214,0.0010758939,0.0010877672,0.0028969129,0.0028786547,0.0022855646,0.0010498877,0.0010314944,0.0010856469,0.0011075443,0.0010895586,0.0010784493,0.0,0.0010498877,0.0010314944,0.0010856469,0.0010970578,0.0010895838,0.002870425,0.0,0.0010498879,0.0010314944,0.0010856469,0.0011075435,0.0010895655,0.0,0.0010653675,0.002330295,0.0010784492,0.0010653675,0.0010856468,0.0010895559,0.0,0.0,0.0010498877,0.0010314944,0.0010856466,0.0011075421,0.0,0.0010784499,0.0016090136,0.0010498877,0.0010314944,0.0010856466,0.0010970535,0.0,0.0,0.0010653683,0.0010784495,0.0,0.0010498877,0.0010784493,0.0010895698,0.0010784493,0.0,0.0010498877,0.0010314944,0.0010856466,0.0010970535,0.0,0.0,0.0010653676,0.0010498877,0.0010408631,0.0010516504,0.0011239537,0.0,0.0,0.0010653675,0.0,0.0010784492,0.0010653675,0.0010856469,0.0,0.001078452,0.0,0.0010784493,0.0,0.0010784492,0.0010653675,0.0,0.0,0.0010653778,0.0010498893,0.0010408632,0.0010516504,0.001123954,0.0,0.0010784676,0.0010784512,0.0010731918,0.0010845658,0.0,0.0010095725,0.0,0.0010784506,0.001065368,0.0,0.0010784494,0.0010653674,0.0010584333,0.001089558,0.0010784492,0.0010653675,0.0012543411,0.0010784492,0.0010653675,0.0010584326,0.0019053837,0.0010784492,0.0010653675,0.0010584316,0.0010696214,0.0010758939,0.001087767,0.0010895543,0.0010784492,0.0010653675,0.0010584317,0.0010696214,0.0010758939,0.001087767,0.0010895687,0.0036305224,0.0019912296,0.0010498877,0.0010314944,0.0010856466,0.0011075421,0.0010895553,0.0,0.0010653675,0.0010498877,0.0010408631,0.0010516504,0.0011239536,0.0,0.0010784493,0.0,0.0010498877,0.0010314944,0.0010856466,0.0010970533,0.0010895614,0.0,0.0010653675,0.0010498877,0.0010408631,0.0010516504,0.0011239578,0.0,0.0010784492,0.0010653675,0.0010584317,0.0010696214,0.0010758939,0.0010877684,0.0010895544,0.0010784492,0.0010653675,0.0010584317,0.0010696214,0.0010758939,0.0010877667,0.0,0.0010784495,0.0010653674,0.0010584316,0.0010696214,0.0010758939,0.0010877667,0.0,0.0,0.0010653675,0.0010498877,0.0010408631,0.0010516504,0.0011239537,0.0010895558,0.0010784492,0.0,0.0,0.0010784493,0.0010784493,0.0010731925,0.0010895754,0.0,0.0010653675,0.0,0.0010784493,0.0010653675,0.0010856491,0.0010896024,0.0,0.0010784493,0.0010653674,0.0010584316,0.0,0.0010784499,0.0049810032,0.0010784491,0.0,0.0010498877,0.0010314944,0.0010856469,0.0010970555,0.0010895574,0.0,0.0010653675,0.0010498877,0.0010408632,0.0010516506,0.0011239898,0.0010895642,0.0,0.0,0.0010498877,0.0010314944,0.0010856466,0.0011075418,0.0,0.0010784493,0.0010653675,0.0010584317,0.0010696214,0.0010758939,0.0010877667,0.0010895659,0.0010784493,0.0010653674,0.0,0.0010784491,0.0010653675,0.0010584323,0.0010895553,0.021295048,0.0010653674,0.0010498877,0.0010408631,0.0010516504,0.0011239552,0.0010895563,0.008493893,0.0010653675,0.0010498877,0.0010408632,0.0010516505,0.0011239542,0.0,0.0010784493,0.0010784493,0.0010731918,0.0010845655,0.0,0.0010096101,0.0010895733,0.0,0.0010653674,0.0010498877,0.0010408631,0.0010516504,0.0011239534,0.0010895581,0.0,0.0,0.0010498877,0.0010314944,0.0010856469,0.0011075436,0.001089577,0.0010784493,0.0,0.0010498884,0.0010314944,0.0010856468,0.0010970593,0.0,0.0010784492,0.0010653674,0.0010584316,0.0010696214,0.0010758939,0.0010877667,0.0,0.00107845,0.0,0.0010498877,0.0010314944,0.0010856466,0.0010970533,0.0028411737,0.0010784492,0.0010653676,0.0010584316,0.0010696214,0.0010758939,0.0010877671,0.0010895606,0.0010784492,0.0010653674,0.0010584319,0.0010696214,0.0010758939,0.001087767,0.0022268076,0.002024965,0.0039006416,0.0010498877,0.0010314944,0.0010856466,0.0011075424,0.0010895538,0.0010784492,0.0030574782,0.0010498877,0.0010314944,0.0010856466,0.0010970539,0.0010895627,0.0010784492,0.0010653675,0.0010856466,0.0,0.0010498877,0.0010314945,0.0012031137,0.0010784492,0.0010653675,0.0010584316,0.0010696214,0.0010758939,0.0010877674,0.0,0.0010784492,0.0010653675,0.0010584316,0.0010696214,0.0010758939,0.0010877671,0.0,0.0010784493,0.0010653674,0.0010584316,0.0010696214,0.0010758939,0.0010877682,0.0010895574,0.0010784492,0.0010653675,0.0010584316,0.0010696214,0.0010758939,0.0010877673,0.004077166,0.0,0.0010653675,0.0010498877,0.0010408631,0.0010516504,0.0011239536,0.002385018,0.0010784492,0.0010653675,0.0010584317,0.0010696214,0.0010758939,0.0010877667,0.0010896769,0.0010784502,0.0010653674,0.0010584317,0.0010696214,0.0010758939,0.0010877692
k__Bacteria|p__Actinobacteria|c__Actinomycetia|o__Bifidobacteriales|f__Bifidobacteriaceae|g__Bifidobacterium|s__Bifidobacterium_adolescentis,0.0,0.0010635998,0.0010499405,0.001042477,0.001053247,0.001059018,0.0010707572,0.0,0.0010636,0.0010499405,0.001042477,0.001053247,0.001059018,0.0010707572,0.0,0.0,0.0010499388,0.0010338755,0.0010243042,0.0010345988,0.0011099495,0.0010752497,0.0,0.0010499405,0.0010338757,0.0010243042,0.0010345988,0.0011099497,0.0,0.0,0.0010499405,0.0010338757,0.0010243042,0.0010345988,0.0011099495,0.0010752666,0.0010635998,0.0010499405,0.001042477,0.001053247,0.001059018,0.0010707572,0.0,0.0010636,0.0010499405,0.001042477,0.001053247,0.001059018,0.0010707572,0.001075267,0.0010635998,0.0010499405,0.001042477,0.001053247,0.001059018,0.0010707573,0.0,0.0010635998,0.0010499402,0.0010424771,0.001053247,0.001059018,0.0010707575,0.30560648,0.0010636,0.0010499405,0.001042477,0.001053247,0.001059018,0.0010707572,0.0021226853,0.0010636,0.47075963,0.0010338757,0.0010149012,0.0010708913,0.0010820219,0.0,0.0010635998,0.0010499405,0.001042477,0.001053247,0.001059018,0.0010707577,0.0,0.0,0.0,0.0010338757,0.0010149012,0.0010708913,0.0010931569,0.0010752624,0.0010636,0.0,0.0010338757,0.0010149012,0.0010708913,0.001082022,0.0010752381,0.0,0.0,0.0010338757,0.0010149012,0.0010708913,0.0010931562,0.0010752562,0.0,0.0010499405,0.0,0.0010635998,0.0010499405,0.0010708912,0.0010752662,0.0,0.0,0.0010338757,0.0010149012,0.0010708913,0.0010931551,0.0,0.0010635994,0.0,0.0010338757,0.0010149012,0.0010708913,0.0010820216,0.0,0.0,0.0010499405,0.0010635998,0.0,0.0010338757,0.0010635997,0.0010752631,0.0010635998,0.0,0.0010338756,0.0010149012,0.0010708913,0.0010820219,0.0,0.0,0.0010499406,0.0010338757,0.0010243042,0.0010345988,0.0011099497,0.0,0.0,0.0010499405,0.0,0.0010635998,0.0010499405,0.0010708912,0.0,0.0010635991,0.0,0.0010636,0.0,0.0010635998,0.0010499406,0.0,0.0,0.0010499399,0.0010338754,0.0010243043,0.0010345988,0.0011099495,0.0,0.0010635878,0.0010635983,0.0010578415,0.0010688684,0.0,0.0009924126,0.0,0.0010635995,0.0010499401,0.0,0.0010635998,0.0010499405,0.0010424769,0.001075264,0.0010635998,0.0010499405,0.0,0.0010635998,0.0010499405,0.0010424777,0.0,0.0010635997,0.0010499406,0.001042477,0.001053247,0.001059018,0.0010707572,0.0010752669,0.0010635998,0.0010499405,0.001042477,0.001053247,0.001059018,0.0010707572,0.0010752581,0.0,0.0,0.0010338757,0.0010149012,0.0010708913,0.001093155,0.0010752644,0.0,0.0010499405,0.0010338757,0.0010243042,0.0010345988,0.0011099495,0.0,0.0010636,0.0,0.0010338757,0.0010149012,0.0010708913,0.0010820219,0.0010752575,0.0,0.0010499405,0.0010338757,0.0010243042,0.0010345988,0.0011099486,0.0,0.0010635998,0.0010499405,0.001042477,0.001053247,0.001059018,0.0010707579,0.0010752664,0.0010635998,0.0010499405,0.001042477,0.001053247,0.001059018,0.0010707572,0.0,0.0010636,0.0010499405,0.001042477,0.001053247,0.001059018,0.0010707569,0.0,0.0,0.0010499405,0.0010338757,0.0010243042,0.0010345988,0.0011099498,0.0010752659,0.0010635998,0.0,0.0,0.0010636,0.0010636,0.0010578424,0.0010752534,0.0,0.0010499404,0.0,0.0010636,0.0010499405,0.0010708903,0.0010752215,0.0,0.0010635997,0.0010499405,0.001042477,0.0,0.0010636002,0.0,0.0010635997,0.0,0.0010338757,0.0010149012,0.0010708913,0.0010820195,0.0010752649,0.0,0.0010499405,0.001033876,0.0010243043,0.0010345987,0.0011099535,0.0010752616,0.0,0.0,0.0010338757,0.0010149012,0.0010708913,0.0010931551,0.13569386,0.0010636,0.0010499406,0.001042477,0.001053247,0.001059018,0.0010707572,0.0010752557,0.0010636001,0.0010499405,0.0,0.0010635998,0.0010499405,0.0010424771,0.001075266,0.0,0.0010499405,0.0010338759,0.0010243042,0.0010345988,0.0011099506,0.0010752656,0.0,0.0010499406,0.0010338756,0.001024304,0.001034599,0.0011099493,0.0,0.0010635997,0.0010635998,0.0010578419,0.0010688683,0.0,0.0009924364,0.0010752564,0.0,0.0010499405,0.0010338757,0.0010243042,0.0010345988,0.0011099495,0.0010752664,0.0,0.0,0.0010338757,0.0010149012,0.0010708913,0.0010931565,0.0010752366,0.0010635993,0.0,0.0010338759,0.0010149013,0.0010708909,0.0010820234,0.0,0.0010636,0.0010499405,0.001042477,0.001053247,0.001059018,0.0010707572,0.7695141,0.0010635995,0.56948584,0.0010338757,0.0010149012,0.0010708913,0.0010820219,0.0,0.0010635998,0.0010499406,0.001042477,0.001053247,0.001059018,0.0010707573,0.0010752621,0.0010635996,0.0010499404,0.0010424771,0.001053247,0.001059018,0.0010707572,0.0,0.0,0.0,0.0010338757,0.0010149012,0.0010708913,0.0010931554,0.0010752667,0.0010635998,0.0,0.0010338757,0.0010149012,0.0010708913,0.0010820216,0.001075264,0.0010636,0.0010499405,0.0010708913,0.0,0.0010338757,0.0010149013,0.0,0.0010635998,0.0010499405,0.001042477,0.001053247,0.001059018,0.0010707573,0.0,0.0010635998,0.0010499405,0.001042477,0.001053247,0.001059018,0.0010707574,0.0,0.0010635996,0.0010499405,0.001042477,0.001053247,0.001059018,0.001070758,0.0010752624,0.0010635998,0.0010499405,0.001042477,0.001053247,0.001059018,0.0010707575,0.0,0.0,0.0010499405,0.0010338757,0.0010243042,0.0010345988,0.0011099497,0.0,0.0010635998,0.0010499405,0.001042477,0.001053247,0.001059018,0.0010707572,0.0010751943,0.0010635997,0.0010499404,0.001042477,0.001053247,0.001059018,0.0010707583
k__Bacteria|p__Actinobacteria|c__Actinomycetia|o__Actinomycetales|f__Actinomycetaceae|g__Actinomyces|s__Actinomyces_sp_ICM47,0.0,0.0010638341,0.0010501753,0.0010427076,0.0010534619,0.0010592192,0.0010709454,0.0,0.0010638345,0.0010501753,0.0010427076,0.0010534619,0.0010592192,0.0010709453,0.0,0.0,0.0010501817,0.0010341139,0.0010245352,0.0010348143,0.0011101444,0.0010755048,0.0019016373,0.0010501753,0.0010341109,0.0010245346,0.0010348143,0.0011101441,0.0,0.0,0.0010501753,0.0010341109,0.0010245346,0.0010348143,0.001110144,0.0010755006,0.0010638344,0.0010501753,0.0010427076,0.0010534619,0.0010592192,0.0010709454,0.0,0.0010638345,0.0010501753,0.0010427076,0.0010534619,0.0010592192,0.0010709452,0.0010755011,0.0010638344,0.0010501753,0.0010427076,0.0010534619,0.0010592192,0.0010709453,0.0,0.0010638344,0.0010501757,0.0010427077,0.0010534619,0.0010592192,0.0010709459,0.0,0.0010638345,0.0010501753,0.0010427076,0.0010534619,0.0010592192,0.0010709454,0.0,0.0010638345,0.0,0.0010341109,0.001015136,0.0010711208,0.0010822355,0.0,0.0010638344,0.0010501753,0.0010427076,0.0010534619,0.0010592192,0.0010709461,0.0,0.0,0.0,0.0010341109,0.001015136,0.0010711208,0.001093369,0.0010755026,0.0010638345,0.0,0.0010341109,0.001015136,0.0010711208,0.0010822421,0.0010755366,0.0,0.0,0.0010341109,0.001015136,0.0010711208,0.001093368,0.001075508,0.0,0.0010501753,0.0,0.0010638344,0.0010501753,0.0010711207,0.001075502,0.0,0.0,0.0010341109,0.001015136,0.0010711208,0.0010933668,0.0,0.0010638352,0.0,0.0010341109,0.001015136,0.0010711208,0.001082235,0.0,0.0017705181,0.001050175,0.0010638351,0.0,0.0010341109,0.0010638343,0.001075508,0.0010638344,0.0,0.0010341108,0.001015136,0.0010711208,0.0010822347,0.0,0.0,0.0010501754,0.0010341109,0.0010245346,0.0010348143,0.0011101442,0.0,0.0,0.0010501753,0.0,0.0010638344,0.0010501753,0.0010711207,0.0,0.001063835,0.0,0.0010638345,0.0,0.0010638344,0.0010501754,0.0,0.0,0.0010501825,0.001034112,0.0010245346,0.0010348143,0.0011101444,0.0,0.0010638586,0.0010638362,0.0010580721,0.0010690828,0.0,0.0009926521,0.0,0.0010638353,0.0010501755,0.0,0.0010638344,0.0010501754,0.001042709,0.0010755002,0.0010638344,0.0010501753,0.0,0.0010638344,0.0010501753,0.0010427086,0.0,0.0010638346,0.0010501754,0.0010427076,0.0010534619,0.0010592192,0.0010709454,0.0010755007,0.0010638344,0.0010501753,0.0010427076,0.0010534619,0.0010592192,0.0010709454,0.0010755088,0.0,0.0,0.0010341109,0.001015136,0.0010711208,0.0010933666,0.0010755052,0.0,0.0010501753,0.0010341109,0.0010245346,0.0010348143,0.001110144,0.0,0.0010638345,0.0,0.0010341109,0.001015136,0.0010711208,0.0010822349,0.0010755049,0.0,0.0010501753,0.0010341109,0.0010245346,0.0010348143,0.0011101497,0.0,0.0010638344,0.0010501753,0.0010427076,0.0010534619,0.0010592192,0.0010709467,0.0010755009,0.0010638344,0.0010501753,0.0010427076,0.0010534619,0.0010592192,0.0010709454,0.0,0.0010638345,0.0010501754,0.0010427076,0.0010534619,0.0010592192,0.0010709454,0.0,0.0,0.0010501753,0.0010341109,0.0010245346,0.0010348143,0.0011101442,0.0010755007,0.0010638344,0.0,0.0,0.0010638345,0.0010638345,0.0010580722,0.0010755043,0.0,0.0010501752,0.0,0.0010638343,0.0010501753,0.001071121,0.0010755522,0.0,0.0010638343,0.0010501754,0.0010427076,0.0016642468,0.0010638349,0.0,0.0010638343,0.0012921632,0.0010341109,0.001015136,0.0010711207,0.0010822373,0.0010755011,0.0,0.0010501753,0.0010341109,0.0010245346,0.0010348147,0.0011101979,0.0010755011,0.0,0.0,0.0010341109,0.001015136,0.0010711208,0.0010933666,0.0,0.0010638345,0.0010501754,0.0010427076,0.0010534619,0.0010592192,0.0010709453,0.0010754874,0.0010638345,0.0010501754,0.0,0.0010638345,0.0010501753,0.0010427083,0.0010755023,0.0,0.0010501754,0.0010341108,0.0010245346,0.0010348143,0.0011101456,0.0010755014,0.0,0.0010501754,0.0010341109,0.0010245346,0.0010348142,0.0011101455,0.0,0.0010638345,0.0010638346,0.0010580722,0.0010690825,0.0,0.0009926825,0.0010755144,0.0,0.0010501756,0.0010341109,0.0010245346,0.0010348143,0.001110144,0.0010755023,0.0,0.0,0.0010341109,0.001015136,0.0010711208,0.0010933685,0.0010755259,0.0010638349,0.0,0.0010341116,0.001015136,0.0010711208,0.0010822396,0.0,0.0010638346,0.0010501754,0.0010427076,0.0010534619,0.0010592192,0.0010709454,0.0,0.0010638343,0.0,0.0010341109,0.001015136,0.0010711208,0.0010822349,0.0,0.0010638343,0.0010501754,0.0010427076,0.0010534619,0.0010592192,0.0010709453,0.0010755077,0.0010638345,0.0010501753,0.0010427078,0.0010534619,0.0010592192,0.0010709455,0.0,0.0,0.0,0.0010341109,0.001015136,0.0010711208,0.0010933666,0.0010755007,0.0010638344,0.0,0.0010341109,0.001015136,0.0010711208,0.0010822355,0.0010755018,0.0010638346,0.0010501753,0.0010711208,0.0,0.0010341109,0.0010151361,0.0063476684,0.0010638344,0.0010501753,0.0010427076,0.0010534619,0.0010592192,0.001070946,0.0,0.0010638344,0.0010501753,0.0010427076,0.0010534619,0.0010592192,0.0010709458,0.0,0.0010638348,0.0010501754,0.0010427076,0.0010534619,0.0010592192,0.0010709475,0.0010755055,0.0010638344,0.0010501753,0.0010427076,0.0010534619,0.0010592192,0.0010709459,0.0,0.0,0.0010501753,0.0010341109,0.0010245346,0.0010348143,0.0011101444,0.0,0.0010638344,0.0010501753,0.0010427076,0.0010534619,0.0010592192,0.0010709454,0.0010755413,0.0010638349,0.0010501753,0.0010427077,0.0010534619,0.0010592192,0.001070948
k__Bacteria|p__Actinobacteria|c__Coriobacteriia|o__Coriobacteriales|f__Atopobiaceae|g__Lancefieldella|s__Lancefieldella_parvula,0.0,0.0010772143,0.0010638782,0.0010565957,0.0010672214,0.0010729324,0.001084432,0.002057419,0.0010772144,0.0010638782,0.0010565957,0.0010672214,0.0010729324,0.0010844319,0.0,0.0,0.0010638895,0.0010481396,0.0010387491,0.0010489521,0.0011221479,0.0010885978,0.0,0.0010638782,0.0010481325,0.0010387484,0.0010489521,0.0011221471,0.0023850482,0.0,0.0010638782,0.0010481325,0.0010387484,0.0010489521,0.0011221471,0.0010885608,0.0010772144,0.0010638782,0.0010565957,0.0010672214,0.0010729324,0.0010844319,0.0,0.0010772147,0.0010638783,0.0010565957,0.0010672214,0.0010729324,0.0010844332,0.0010885609,0.0010772144,0.0010638782,0.0010565957,0.0010672214,0.0010729324,0.001084432,0.0,0.0010772146,0.001063879,0.0010565957,0.0010672214,0.0010729324,0.0010844326,0.0,0.0010772144,0.0010638782,0.0010565957,0.0010672214,0.0010729324,0.001084432,0.0,0.0010772144,0.0,0.0010481325,0.001029463,0.0010843355,0.0010952197,0.0013743204,0.0010772144,0.0010638782,0.0010565957,0.0010672214,0.0010729324,0.0010844325,0.0,0.0,0.0,0.0010481325,0.001029463,0.0010843355,0.0011059699,0.0010885714,0.0010772144,0.0,0.0010481325,0.001029463,0.0010843355,0.0010952246,0.0010886397,0.0,0.0,0.0010481325,0.001029463,0.0010843355,0.0011059702,0.0010885877,0.0,0.0010638782,0.0014328369,0.0010772144,0.0010638782,0.0010843358,0.0010885639,0.0,0.0,0.0010481325,0.001029463,0.0010843355,0.0011059694,0.0,0.0010772154,0.0,0.0010481325,0.001029463,0.0010843355,0.0010952186,0.0,0.0,0.001063879,0.0010772153,0.0,0.0010481325,0.0010772147,0.0010885823,0.0010772146,0.0,0.0010481324,0.001029463,0.0010843355,0.0010952182,0.0,0.0,0.0010638783,0.0010481325,0.0010387484,0.0010489521,0.0011221475,0.0,0.0,0.0010638782,0.0015975413,0.0010772144,0.0010638782,0.0010843358,0.0,0.0010772161,0.0,0.0010772145,0.0,0.0010772144,0.0010638782,0.0,0.0,0.001063887,0.0010481344,0.0010387485,0.0010489521,0.0011221474,0.0,0.0010772418,0.0010772175,0.0010716246,0.0010824545,0.0,0.0010072616,0.0,0.0010772161,0.0010638789,0.0,0.0010772146,0.0010638783,0.0010565985,0.0010885663,0.0010772144,0.0010638782,0.0013165604,0.0010772144,0.0010638782,0.0010565969,0.0015799084,0.0010772145,0.0010638782,0.0010565957,0.0010672214,0.0010729324,0.001084432,0.0010885608,0.0010772144,0.0010638782,0.0010565957,0.0010672214,0.0010729324,0.001084432,0.0010885914,0.002082923,0.0,0.0010481325,0.001029463,0.0010843355,0.0011059691,0.0010885661,0.0,0.0010638782,0.0010481325,0.0010387484,0.0010489521,0.0011221473,0.0,0.0010772145,0.0,0.0010481325,0.001029463,0.0010843355,0.0010952182,0.0010885798,0.0,0.0010638782,0.0010481325,0.0010387484,0.0010489521,0.0011221532,0.004973348,0.0010772144,0.0010638782,0.0010565957,0.0010672214,0.0010729324,0.0010844335,0.0010885617,0.0010772144,0.0010638782,0.0010565957,0.0010672214,0.0010729324,0.0010844319,0.0,0.0010772148,0.0010638783,0.0010565957,0.0010672214,0.0010729324,0.001084432,0.0,0.0,0.0010638782,0.0010481325,0.0010387484,0.0010489521,0.0011221474,0.0010885632,0.0010772144,0.0020143944,0.0,0.0010772145,0.0010772144,0.0010716246,0.0010886008,0.0,0.0010638783,0.0016848512,0.0010772145,0.0010638782,0.0010843395,0.001088687,0.0,0.0010772145,0.0010638783,0.0010565957,0.0,0.001077215,0.0019189481,0.0010772143,0.0009411652,0.0010481325,0.001029463,0.0010843356,0.0010952271,0.0010885668,0.0,0.0010638782,0.0010481325,0.0010387485,0.0010489527,0.0011221872,0.0010885746,0.0013537547,0.0,0.0010481325,0.001029463,0.0010843355,0.0011059691,0.0,0.0010772145,0.0010638782,0.0010565957,0.0010672214,0.0010729324,0.0010844319,0.0010885819,0.0010772145,0.0010638783,0.0,0.0010772144,0.0010638782,0.0010565968,0.0010885631,0.0023587004,0.0010638783,0.0010481325,0.0010387484,0.0010489521,0.0011221486,0.0010885643,0.0012669691,0.0010638782,0.0010481325,0.0010387485,0.0010489522,0.0011221493,0.0,0.0010772145,0.0010772146,0.0010716243,0.0010824542,0.0,0.0010072934,0.0010885992,0.0,0.0010638783,0.0010481325,0.0010387484,0.0010489521,0.0011221471,0.0010885654,0.0,0.0,0.0010481325,0.001029463,0.0010843355,0.00110597,0.0010886336,0.001077215,0.0,0.0010481334,0.0010294635,0.0010843356,0.0010952244,0.0,0.0010772144,0.0010638783,0.0010565957,0.0010672214,0.0010729324,0.0010844319,0.0,0.001077215,0.0,0.0010481325,0.001029463,0.0010843355,0.0010952182,0.0,0.0010772145,0.0010638783,0.0010565957,0.0010672214,0.0010729324,0.001084432,0.0010885762,0.0010772144,0.0010638784,0.001056596,0.0010672214,0.0010729324,0.0010844325,0.0029682887,0.0014389078,0.003128021,0.0010481325,0.001029463,0.0010843355,0.0011059695,0.0010885603,0.0010772144,0.0,0.0010481325,0.001029463,0.0010843355,0.0010952192,0.0010885727,0.0010772144,0.0010638782,0.0010843355,0.0,0.0010481325,0.0010294636,0.0006467037,0.0010772144,0.0010638782,0.0010565957,0.0010672214,0.0010729324,0.0010844329,0.0,0.0010772144,0.0010638782,0.0010565957,0.0010672214,0.0010729324,0.0010844321,0.005248299,0.001077215,0.0010638783,0.0010565957,0.0010672214,0.0010729324,0.0010844339,0.0010885694,0.0010772144,0.0010638782,0.0010565957,0.0010672214,0.0010729324,0.0010844326,0.0,0.0,0.0010638782,0.0010481325,0.0010387484,0.0010489521,0.0011221474,0.0,0.0010772144,0.0010638782,0.0010565957,0.0010672214,0.0010729324,0.001084432,0.0010887606,0.0010772155,0.0010638783,0.0010565957,0.0010672214,0.0010729324,0.0010844341
k__Bacteria|p__Actinobacteria|c__Coriobacteriia|o__Coriobacteriales|f__Coriobacteriaceae|g__Collinsella|s__Collinsella_aerofaciens,0.0,0.0010623051,0.0010489054,0.001041851,0.0010533801,0.0010598893,0.001072163,0.0,0.0010623051,0.0010489054,0.001041851,0.0010533801,0.0010598893,0.001072163,0.0,0.0,0.001048917,0.0010331245,0.0010239687,0.0010350352,0.0011096965,0.0010737601,0.0,0.0010489054,0.0010331162,0.001023968,0.0010350352,0.0011096959,0.0,0.0,0.0010489054,0.0010331162,0.001023968,0.0010350352,0.001109696,0.0010737288,0.001062305,0.0010489054,0.001041851,0.0010533801,0.0010598893,0.0010721629,0.0,0.0010623053,0.0010489055,0.001041851,0.0010533801,0.0010598893,0.0010721636,0.0010737288,0.001062305,0.0010489054,0.001041851,0.0010533801,0.0010598893,0.001072163,0.0,0.0010623052,0.001048906,0.0010418511,0.0010533801,0.0010598893,0.0010721633,0.13364246,0.0010623051,0.0010489054,0.001041851,0.0010533801,0.0010598893,0.001072163,0.0016421096,0.0010623051,0.0,0.0010331162,0.0010144319,0.0010697312,0.0010815932,0.1778788,0.001062305,0.0010489054,0.001041851,0.0010533801,0.0010598893,0.0010721635,0.0,0.0,0.0,0.0010331162,0.0010144319,0.0010697312,0.0010924689,0.0010737374,0.0010623051,0.0,0.0010331162,0.0010144319,0.0010697312,0.0010815973,0.0010737886,0.0,0.0,0.0010331164,0.0010144319,0.0010697312,0.0010924686,0.0010737509,0.0,0.0010489054,0.0,0.001062305,0.0010489054,0.0010697313,0.0010737315,0.0,0.0,0.0010331162,0.0010144319,0.0010697312,0.0010924676,0.0,0.0010623061,0.0,0.0010331162,0.0010144319,0.0010697312,0.0010815922,0.0,0.0,0.0010489061,0.0010623056,0.0,0.0010331162,0.0010623052,0.0010737482,0.0010623052,0.0,0.0010331162,0.0010144319,0.0010697312,0.0010815917,0.0,0.0,0.0010489055,0.0010331162,0.001023968,0.0010350352,0.0011096965,0.0,0.0,0.0010489054,0.0,0.001062305,0.0010489054,0.0010697311,0.0,0.0010623084,0.0,0.0010623052,0.0,0.001062305,0.0010489055,0.0,0.0,0.0010489172,0.0010331182,0.001023968,0.0010350352,0.0011096963,0.0,0.0010623327,0.0010623083,0.0010569413,0.0010687126,0.0,0.0009922541,0.0,0.0010623068,0.001048906,0.0,0.0010623053,0.0010489054,0.0010418535,0.0010737347,0.001062305,0.0010489054,0.0,0.001062305,0.0010489054,0.001041852,0.0,0.0010623053,0.0010489055,0.001041851,0.0010533801,0.0010598893,0.001072163,0.0010737288,0.001062305,0.0010489054,0.001041851,0.0010533801,0.0010598893,0.001072163,0.0010737502,0.0,0.0,0.0010331162,0.0010144319,0.0010697312,0.0010924675,0.0010737319,0.0,0.0010489054,0.0010331162,0.001023968,0.0010350352,0.0011096963,0.0,0.0010623052,0.0,0.0010331162,0.0010144319,0.0010697312,0.0010815918,0.0010737445,0.0,0.0010489054,0.0010331162,0.001023968,0.0010350352,0.0011097019,0.0,0.001062305,0.0010489054,0.001041851,0.0010533801,0.0010598893,0.001072164,0.0010737294,0.001062305,0.0010489054,0.001041851,0.0010533801,0.0010598893,0.0010721629,0.0,0.0010623053,0.0010489054,0.001041851,0.0010533801,0.0010598893,0.001072163,0.0,0.0,0.0010489054,0.0010331162,0.001023968,0.0010350352,0.0011096961,0.0010737312,0.001062305,0.0,0.0,0.0010623052,0.0010623051,0.0010569413,0.0010737636,0.0,0.0010489058,0.0,0.0010623052,0.0010489054,0.001069735,0.0010738296,0.0,0.0010623053,0.0010489054,0.001041851,0.0,0.0010623059,0.0,0.001062305,0.0,0.0010331162,0.0010144319,0.0010697311,0.0010815975,0.0010737338,0.0,0.0010489054,0.0010331162,0.001023968,0.0010350358,0.0011097381,0.001073743,0.0,0.0,0.0010331162,0.0010144319,0.0010697312,0.0010924675,0.0,0.0010623052,0.0010489055,0.001041851,0.0010533801,0.0010598893,0.001072163,0.0010737526,0.0010623053,0.0010489054,0.0,0.0010623052,0.0010489054,0.0010418519,0.0010737306,0.0,0.0010489054,0.0010331164,0.001023968,0.0010350352,0.0011096975,0.001073732,0.0,0.0010489055,0.0010331162,0.001023968,0.0010350354,0.0011096972,0.0,0.0010623053,0.0010623053,0.0010569409,0.0010687124,0.0,0.000992287,0.0010737565,0.0,0.0010489054,0.0010331162,0.001023968,0.0010350352,0.001109696,0.0010737339,0.0,0.0,0.0010331162,0.0010144319,0.0010697312,0.0010924687,0.001073781,0.0010623054,0.0,0.0010331168,0.0010144325,0.0010697312,0.0010815976,0.0,0.0010623052,0.0010489054,0.001041851,0.0010533801,0.0010598893,0.0010721629,0.0,0.0010623062,0.0,0.0010331162,0.0010144319,0.0010697312,0.0010815918,0.06712537,0.0010623052,0.0010489055,0.001041851,0.0010533801,0.0010598893,0.001072163,0.0010737405,0.0010623052,0.0010489054,0.0010418512,0.0010533801,0.0010598893,0.0010721631,0.0,0.0,0.0,0.0010331162,0.0010144319,0.0010697312,0.0010924682,0.0010737285,0.001062305,0.0,0.0010331162,0.0010144319,0.0010697312,0.0010815928,0.0010737398,0.0010623052,0.0010489054,0.0010697312,0.0,0.0010331162,0.001014432,0.0,0.001062305,0.0010489054,0.001041851,0.0010533801,0.0010598893,0.0010721637,0.0,0.001062305,0.0010489054,0.001041851,0.0010533801,0.0010598893,0.0010721631,0.0,0.0010623054,0.0010489054,0.001041851,0.0010533801,0.0010598893,0.0010721646,0.0010737351,0.001062305,0.0010489054,0.001041851,0.0010533801,0.0010598893,0.0010721633,0.0,0.0,0.0010489054,0.0010331162,0.001023968,0.0010350352,0.0011096962,0.0,0.001062305,0.0010489054,0.001041851,0.0010533801,0.0010598893,0.001072163,0.001073939,0.0010623065,0.0010489054,0.0010418511,0.0010533801,0.0010598893,0.0010721649
k__Bacteria|p__Actinobacteria|c__Actinomycetia|o__Bifidobacteriales|f__Bifidobacteriaceae|g__Bifidobacterium|s__Bifidobacterium_dentium,0.0035609612,0.0010718929,0.001058492,0.0010512298,0.0010620723,0.0010679645,0.001079668,0.0,0.0010718928,0.001058492,0.0010512298,0.0010620723,0.0010679645,0.0010796682,0.0,0.0,0.0010585127,0.0010427005,0.0010333243,0.001043727,0.0011175781,0.0010833676,0.0015547582,0.001058492,0.0010426864,0.0010333235,0.001043727,0.0011175768,0.0,0.0,0.001058492,0.0010426864,0.0010333235,0.001043727,0.001117577,0.0010833069,0.0010718927,0.001058492,0.0010512298,0.0010620723,0.0010679645,0.0010796678,0.0,0.0010718937,0.001058492,0.0010512298,0.0010620723,0.0010679645,0.0010796691,0.001083307,0.0010718927,0.001058492,0.0010512298,0.0010620723,0.0010679645,0.001079668,0.0043232655,0.001071893,0.001058493,0.0010512301,0.0010620723,0.0010679645,0.0010796693,0.002779702,0.0010718928,0.001058492,0.0010512298,0.0010620723,0.0010679645,0.0010796679,0.0,0.0010718928,0.0,0.0010426864,0.0010239654,0.0010791064,0.0010902411,0.0015804494,0.0010718927,0.001058492,0.0010512298,0.0010620723,0.0010679645,0.0010796689,0.26836058,0.20177495,0.8239555,0.0010426864,0.0010239654,0.0010791067,0.0011010794,0.0010833231,0.0010718928,0.0,0.0010426864,0.0010239654,0.0010791067,0.0010902504,0.0010834238,0.0,0.0,0.0010426866,0.0010239654,0.0010791067,0.0011010787,0.0010833485,0.0,0.001058492,0.0,0.0010718927,0.001058492,0.0010791069,0.001083312,0.0,0.0,0.0010426864,0.0010239654,0.0010791064,0.0011010765,0.0,0.0010718948,0.0016576499,0.0010426864,0.0010239654,0.0010791064,0.0010902392,0.0,0.0,0.0010584937,0.0010718943,0.0,0.0010426864,0.001071893,0.001083345,0.001071893,0.0014835574,0.0010426863,0.0010239654,0.0010791064,0.0010902387,0.0,0.0,0.001058492,0.0010426864,0.0010333235,0.001043727,0.0011175775,0.0,0.06660774,0.001058492,0.0,0.0010718927,0.001058492,0.0010791066,0.0,0.001071898,0.008256176,0.0010718929,0.016501706,0.0010718927,0.0010584921,0.0,0.0,0.0010585143,0.0010426899,0.0010333235,0.001043727,0.0011175781,0.0,0.0010719403,0.0010718988,0.0010663253,0.0010773884,0.006309261,0.0010017316,0.0,0.0010718959,0.0010584934,0.0,0.0010718931,0.001058492,0.0010512338,0.0010833177,0.0010718927,0.001058492,0.0,0.0010718927,0.001058492,0.0010512316,0.007591112,0.0010718931,0.0010584921,0.0010512298,0.0010620723,0.0010679645,0.0010796682,0.0010833069,0.0010718927,0.001058492,0.0010512298,0.0010620723,0.0010679645,0.0010796683,0.0010833549,0.058350254,0.0039794813,0.0010426864,0.0010239654,0.0010791064,0.0011010765,0.0010833154,0.0,0.001058492,0.0010426864,0.0010333235,0.001043727,0.0011175775,0.0,0.0010718929,0.0,0.0010426864,0.0010239654,0.0010791064,0.0010902385,0.0010833339,0.0,0.001058492,0.0010426864,0.0010333235,0.001043727,0.0011175888,0.0,0.0010718927,0.001058492,0.0010512298,0.0010620723,0.0010679645,0.0010796705,0.0010833081,0.0010718927,0.001058492,0.0010512298,0.0010620723,0.0010679645,0.0010796678,0.0,0.0010718936,0.001058492,0.00105123,0.0010620723,0.0010679645,0.001079668,0.0,0.0,0.001058492,0.0010426864,0.0010333235,0.001043727,0.0011175773,0.0010833112,0.0010718927,0.0,0.0,0.0010718929,0.0010718928,0.0010663257,0.001083373,0.0,0.0010584923,0.0,0.0010718929,0.001058492,0.0010791116,0.0010834893,0.0,0.0010718931,0.001058492,0.00105123,0.0,0.0010718942,0.0,0.0010718927,0.0,0.0010426864,0.0010239654,0.0010791065,0.0010902468,0.0010833169,0.0,0.001058492,0.0010426864,0.0010333235,0.0010437279,0.0011176585,0.0010833346,0.0,0.0,0.0010426864,0.0010239654,0.0010791064,0.0011010763,0.0,0.0010718929,0.0010584921,0.0010512298,0.0010620723,0.0010679645,0.0010796682,0.0010833483,0.001071893,0.001058492,0.0,0.001071893,0.001058492,0.0010512314,0.0010833109,0.0,0.001058492,0.0010426866,0.0010333235,0.001043727,0.0011175802,0.0010833135,0.0,0.0010584921,0.0010426864,0.0010333235,0.0010437272,0.0011175799,0.0,0.001071893,0.0010718933,0.001066325,0.0010773883,0.0,0.0010017839,0.0010833663,0.0,0.001058492,0.0010426864,0.0010333235,0.001043727,0.001117577,0.0010833158,0.0,0.0,0.0010426864,0.0010239654,0.0010791067,0.0011010788,0.001083418,0.0010718937,0.0,0.0010426877,0.0010239657,0.0010791066,0.00109025,0.0,0.0010718928,0.001058492,0.0010512298,0.0010620723,0.0010679645,0.0010796678,0.0,0.0010718945,0.0,0.0010426864,0.0010239654,0.0010791064,0.0010902386,0.0,0.0010718931,0.001058492,0.0010512298,0.0010620723,0.0010679645,0.0010796682,0.001083331,0.001071893,0.0010584922,0.0010512301,0.0010620727,0.0010679645,0.0010796685,0.0,0.0,0.0,0.0010426864,0.0010239654,0.0010791064,0.0011010771,0.0010833064,0.0010718927,0.0,0.0010426864,0.0010239654,0.0010791064,0.00109024,0.0010833284,0.0010718928,0.001058492,0.0010791064,0.012372076,0.0010426864,0.0010239655,0.010582628,0.0010718927,0.001058492,0.0010512298,0.0010620723,0.0010679645,0.0010796693,0.0,0.0010718927,0.001058492,0.00105123,0.0010620723,0.0010679645,0.0010796685,0.0022978026,0.0010718936,0.001058492,0.00105123,0.0010620727,0.0010679645,0.001079671,0.0010833207,0.0010718927,0.001058492,0.0010512298,0.0010620723,0.0010679645,0.0010796686,0.006266042,0.0030532568,0.001058492,0.0010426864,0.0010333235,0.001043727,0.0011175775,0.0,0.0010718927,0.001058492,0.0010512298,0.0010620723,0.0010679645,0.0010796683,0.0010836242,0.001071895,0.0010584922,0.00105123,0.0010620727,0.0010679645,0.0010796724
k__Bacteria|p__Actinobacteria|c__Actinomycetia|o__Bifidobacteriales|f__Bifidobacteriaceae|g__Bifidobacterium|s__Bifidobacterium_bifidum,0.0,0.0010741877,0.0010609245,0.001053815,0.0010648464,0.0010709375,0.0010827467,0.0,0.0010741878,0.0010609245,0.001053815,0.0010648464,0.0010709375,0.0010827464,0.0063762325,0.0,0.001060941,0.0010452712,0.0010360563,0.0010466623,0.001119892,0.0010855033,0.0,0.0010609245,0.0010452605,0.0010360555,0.0010466623,0.0011198913,0.0,0.0,0.0010609245,0.0010452605,0.0010360555,0.0010466623,0.0011198913,0.001085469,0.0010741878,0.0010609245,0.001053815,0.0010648464,0.0010709375,0.0010827464,0.0,0.0010741884,0.0010609248,0.001053815,0.0010648464,0.0010709375,0.0010827468,0.001085469,0.0010741878,0.0010609245,0.001053815,0.0010648464,0.0010709375,0.0010827465,0.0,0.0010741879,0.0010609254,0.0010538152,0.0010648464,0.0010709377,0.0010827471,0.14219543,0.0010741878,0.0010609245,0.001053815,0.0010648464,0.0010709375,0.0010827465,0.0016626783,0.0010741878,0.05666479,0.0010452605,0.0010266824,0.0010814066,0.0010927002,0.013452385,0.0010741878,0.0010609245,0.001053815,0.0010648464,0.0010709377,0.0010827471,0.0,0.0,0.0,0.0010452605,0.0010266824,0.0010814066,0.0011033893,0.0010854778,0.0010741878,0.0,0.0010452605,0.0010266824,0.0010814066,0.0010927077,0.0010855498,0.0,0.0,0.0010452606,0.0010266824,0.0010814066,0.0011033888,0.0010854921,0.0,0.0010609245,0.0,0.0010741878,0.0010609245,0.0010814066,0.001085472,0.037759956,0.04663976,0.0010452605,0.0010266824,0.0010814066,0.001103388,0.0,0.0010741897,0.0,0.0010452605,0.0010266824,0.0010814066,0.0010926989,0.0,0.0,0.0010609254,0.0010741892,0.0,0.0010452605,0.0010741879,0.0010854953,0.0010741883,0.26880795,0.0010452603,0.0010266824,0.0010814066,0.0010926985,0.0,0.0,0.0010609248,0.0010452605,0.0010360555,0.0010466623,0.0011198913,0.0,0.0,0.0010609245,0.0,0.0010741878,0.0010609245,0.0010814068,0.0,0.0010741927,0.0,0.0010741879,0.0,0.0010741878,0.0010609246,0.0,0.0,0.0010609464,0.0010452638,0.0010360556,0.0010466623,0.0011198918,0.0,0.0010742333,0.0010741929,0.0010687658,0.0010800031,0.0,0.0010045865,0.0,0.0010741907,0.0010609257,0.0022659793,0.0010741883,0.0010609248,0.0010538176,0.001085475,0.0010741878,0.0010609245,0.0,0.0010741878,0.0010609245,0.0010538162,0.0,0.0010741879,0.0010609246,0.001053815,0.0010648464,0.0010709375,0.0010827465,0.0010854688,0.0010741878,0.0010609245,0.001053815,0.0010648464,0.0010709375,0.0010827465,0.0010854958,0.0,0.0,0.0010452605,0.0010266824,0.0010814066,0.0011033878,0.001085475,0.0012924183,0.0010609245,0.0010452605,0.0010360555,0.0010466623,0.0011198914,0.0,0.0010741879,0.05150997,0.0010452605,0.0010266824,0.0010814066,0.0010926985,0.0010854871,0.35056558,0.0010609245,0.0010452605,0.0010360555,0.0010466623,0.0011198983,0.0,0.0010741878,0.0010609245,0.001053815,0.0010648464,0.0010709375,0.0010827481,0.0010854696,0.0010741878,0.0010609245,0.001053815,0.0010648464,0.0010709375,0.0010827464,0.0,0.0010741884,0.0010609248,0.001053815,0.0010648464,0.0010709375,0.0010827467,0.0,0.0,0.0010609245,0.0010452605,0.0010360555,0.0010466623,0.0011198914,0.0010854705,0.0010741878,0.0,0.0,0.0010741879,0.0010741878,0.0010687656,0.0010855022,0.0,0.0010609248,0.0,0.0010741879,0.0010609245,0.0010814088,0.0010855917,0.0,0.001074188,0.0010609248,0.001053815,0.0,0.0010741883,0.0,0.0010741877,0.0,0.0010452605,0.0010266824,0.0010814066,0.0010927053,0.0010854745,0.0,0.0010609245,0.0010452605,0.0010360556,0.0010466628,0.0011199514,0.0010854863,0.0017986991,0.0,0.0010452605,0.0010266824,0.0010814066,0.0011033876,0.3277386,0.0010741879,0.0010609246,0.001053815,0.0010648464,0.0010709375,0.0010827464,0.0010854726,0.0010741879,0.0010609245,0.0,0.0010741878,0.0010609245,0.001053816,0.0010854715,0.0,0.0010609245,0.0010452605,0.0010360555,0.0010466623,0.0011198928,0.0010854726,0.0,0.0010609246,0.0010452603,0.0010360556,0.0010466623,0.0011198933,0.0,0.0010741879,0.0010741879,0.0010687654,0.0010800031,0.0,0.0010046278,0.0010855024,0.11954041,0.0010609248,0.0010452605,0.0010360555,0.0010466623,0.0011198913,0.0010854733,0.2719247,0.09171434,0.0010452605,0.0010266824,0.0010814066,0.0011033892,0.0010855413,0.001074189,0.0,0.0010452616,0.001026683,0.0010814068,0.0010927055,0.0015836732,0.0010741879,0.0010609245,0.001053815,0.0010648464,0.0010709375,0.0010827464,0.0,0.0010741892,0.0,0.0010452605,0.0010266824,0.0010814066,0.0010926985,0.22786637,0.0010741878,0.0010609248,0.001053815,0.0010648464,0.0010709375,0.0010827465,0.0010854836,0.0010741882,0.0010609248,0.0010538154,0.0010648464,0.0010709375,0.0010827469,0.0,0.0,0.0,0.0010452605,0.0010266824,0.0010814066,0.001103388,0.0010854687,0.0010741878,0.0,0.0010452605,0.0010266824,0.0010814066,0.0010926994,0.0010854808,0.0010741879,0.0010609245,0.0010814066,0.0,0.0010452605,0.0010266827,0.0,0.0010741878,0.0010609245,0.001053815,0.0010648464,0.0010709375,0.0010827475,0.0,0.0010741878,0.0010609245,0.001053815,0.0010648464,0.0010709375,0.0010827469,0.0027880627,0.0010741885,0.0010609248,0.001053815,0.0010648464,0.0010709375,0.0010827489,0.0010854782,0.0010741878,0.0010609245,0.001053815,0.0010648464,0.0010709375,0.001082747,0.31345847,0.031772774,0.0010609245,0.0010452605,0.0010360555,0.0010466623,0.0011198919,0.0,0.0010741878,0.0010609245,0.001053815,0.0010648464,0.0010709375,0.0010827465,0.0010856834,0.0010741897,0.0010609248,0.001053815,0.0010648464,0.0010709377,0.0010827495
k__Bacteria|p__Actinobacteria|c__Actinomycetia|o__Actinomycetales|f__Actinomycetaceae|g__Actinomyces|s__Actinomyces_sp_ph3,0.0,0.0010922753,0.0010791504,0.0010718458,0.0010819124,0.0010871668,0.0010981257,0.012150718,0.0010922755,0.0010791504,0.0010718458,0.0010819124,0.0010871668,0.0010981256,0.0,0.0,0.0010791579,0.001063608,0.001054198,0.0010638912,0.0011351365,0.0011034313,0.0,0.0010791504,0.0010636033,0.0010541977,0.0010638912,0.0011351359,0.0019908391,0.00219462,0.0010791504,0.0010636033,0.0010541977,0.0010638912,0.0011351358,0.0011034055,0.0010922754,0.0010791504,0.0010718458,0.0010819124,0.0010871668,0.0010981256,0.0,0.0010922758,0.0010791505,0.0010718458,0.0010819124,0.0010871668,0.001098126,0.0011034054,0.0010922754,0.0010791504,0.0010718458,0.0010819124,0.0010871668,0.0010981257,0.0,0.0010922755,0.0010791507,0.0010718459,0.0010819124,0.0010871668,0.0010981263,0.0,0.0010922755,0.0010791504,0.0010718458,0.0010819124,0.0010871668,0.0010981257,0.0020009077,0.0010922755,0.0014516641,0.0010636033,0.0010451113,0.0010991417,0.0011093715,0.002574753,0.0010922754,0.0010791504,0.0010718458,0.0010819124,0.0010871668,0.0010981259,0.0,0.0017339976,0.0,0.0010636033,0.0010451113,0.0010991417,0.0011198485,0.0011034135,0.0010922755,0.0,0.0010636033,0.0010451113,0.0010991417,0.0011093752,0.0011034654,0.0,0.0,0.0010636034,0.0010451113,0.0010991417,0.0011198481,0.0011034246,0.0,0.0010791504,0.0016354887,0.0010922754,0.0010791504,0.0010991418,0.0011034076,0.0016945121,0.0037162714,0.0010636033,0.0010451113,0.0010991417,0.0011198475,0.0,0.0010922761,0.0,0.0010636033,0.0010451113,0.0010991417,0.0011093704,0.0,0.0,0.0010791508,0.0010922765,0.0,0.0010636033,0.0010922755,0.0011034205,0.0010922755,0.0,0.0010636033,0.0010451113,0.0010991417,0.0011093704,0.0,0.0,0.0010791506,0.0010636033,0.0010541977,0.0010638912,0.001135136,0.0,0.0,0.0010791504,0.0,0.0010922754,0.0010791504,0.0010991417,0.0,0.0010922762,0.0,0.0010922755,0.0,0.0010922754,0.0010791505,0.0,0.0,0.0010791612,0.0010636043,0.0010541979,0.0010638912,0.0011351359,0.0,0.0010922941,0.0010922772,0.0010866574,0.0010968797,0.0,0.0010230498,0.0,0.0010922764,0.0010791506,0.0,0.0010922755,0.0010791504,0.0010718475,0.0011034099,0.0010922754,0.0010791504,0.0,0.0010922754,0.0010791504,0.0010718465,0.0,0.0010922755,0.0010791505,0.0010718458,0.0010819124,0.0010871668,0.0010981257,0.0011034053,0.0010922754,0.0010791504,0.0010718458,0.0010819124,0.0010871668,0.0010981257,0.0011034289,0.0,0.0,0.0010636033,0.0010451113,0.0010991417,0.0011198475,0.0011034097,0.0,0.0010791504,0.0010636033,0.0010541977,0.0010638912,0.0011351359,0.0,0.0010922755,0.0,0.0010636033,0.0010451113,0.0010991417,0.0011093703,0.0011034169,0.0,0.0010791504,0.0010636033,0.0010541977,0.0010638912,0.0011351403,0.0073021734,0.0010922754,0.0010791504,0.0010718458,0.0010819124,0.0010871668,0.0010981265,0.0011034061,0.0010922754,0.0010791504,0.0010718458,0.0010819124,0.0010871668,0.0010981256,0.0,0.0010922757,0.0010791504,0.0010718458,0.0010819124,0.0010871668,0.0010981257,0.0,0.0,0.0010791504,0.0010636033,0.0010541977,0.0010638912,0.0011351359,0.0011034069,0.0010922754,0.0023382562,0.0,0.0010922755,0.0010922755,0.0010866574,0.0011034318,0.0,0.0010791502,0.0,0.0010922755,0.0010791504,0.0010991438,0.0011034951,0.002548117,0.0010922755,0.0010791504,0.0010718458,0.0011986136,0.0010922758,0.00179972,0.0010922753,0.0012460751,0.0010636033,0.0010451113,0.0010991417,0.0011093735,0.0011034101,0.0,0.0010791504,0.0010636033,0.0010541979,0.0010638918,0.0011351696,0.0011034159,0.0022760432,0.0,0.0010636033,0.0010451113,0.0010991417,0.0011198474,0.0,0.0010922755,0.0010791505,0.0010718458,0.0010819124,0.0010871668,0.0010981256,0.0011034263,0.0010922754,0.0010791504,0.0,0.0010922754,0.0010791504,0.0010718467,0.0011034075,0.0,0.0010791504,0.0010636033,0.0010541977,0.0010638912,0.0011351368,0.0011034078,0.0054632034,0.0010791505,0.0010636033,0.0010541978,0.0010638915,0.0011351368,0.0016207964,0.0010922754,0.0010922756,0.001086657,0.0010968795,0.0025156369,0.0010230807,0.0011034323,0.0,0.0010791504,0.0010636033,0.0010541977,0.0010638912,0.0011351358,0.0011034089,0.0015174459,0.0,0.0010636033,0.0010451113,0.0010991417,0.0011198485,0.0011034647,0.0010922757,0.0,0.001063604,0.0010451115,0.0010991418,0.0011093752,0.0,0.0010922754,0.0010791504,0.0010718458,0.0010819124,0.0010871668,0.0010981256,0.0,0.0010922757,0.0,0.0010636033,0.0010451113,0.0010991417,0.0011093703,0.0,0.0010922755,0.0010791506,0.0010718458,0.0010819124,0.0010871668,0.0010981257,0.0011034159,0.0010922754,0.0010791505,0.0010718459,0.0010819124,0.0010871668,0.0010981258,0.002015107,0.0017637582,0.0036921299,0.0010636033,0.0010451113,0.0010991417,0.0011198478,0.001103405,0.0010922754,0.001266895,0.0010636033,0.0010451113,0.0010991417,0.001109371,0.0011034127,0.0010922754,0.0010791504,0.0010991417,0.0,0.0010636033,0.0010451116,0.0015552402,0.0010922754,0.0010791504,0.0010718458,0.0010819124,0.0010871668,0.0010981262,0.0,0.0010922754,0.0010791504,0.0010718458,0.0010819124,0.0010871668,0.0010981258,0.0,0.0010922757,0.0010791504,0.0010718458,0.0010819124,0.0010871668,0.0010981268,0.0011034125,0.0010922754,0.0010791504,0.0010718458,0.0010819124,0.0010871668,0.0010981259,0.0044454727,0.0015634416,0.0010791504,0.0010636033,0.0010541977,0.0010638912,0.001135136,0.0,0.0010922754,0.0010791504,0.0010718458,0.0010819124,0.0010871668,0.0010981257,0.0011035298,0.001092276,0.0010791505,0.0010718458,0.0010819124,0.0010871668,0.0010981273
k__Bacteria|p__Actinobacteria|c__Actinomycetia|o__Bifidobacteriales|f__Bifidobacteriaceae|g__Bifidobacterium|s__Bifidobacterium_breve,0.7504702,0.0012323508,0.0012229012,0.0012175882,0.001225702,0.0012300103,0.0012380326,0.3017927,0.001232351,0.0012229012,0.0012175882,0.001225702,0.0012300103,0.0012380325,0.6279939,0.0071712844,0.001222912,0.0012110431,0.0012037412,0.0012120543,0.0012589551,0.0012399086,0.8687043,0.0012229015,0.0012110368,0.0012037406,0.0012120543,0.0012589548,0.0,0.013709059,0.0012229015,0.0012110368,0.0012037406,0.0012120543,0.0012589548,0.001239877,0.0012323508,0.0012229012,0.0012175882,0.001225702,0.0012300103,0.0012380324,0.35339275,0.0012323515,0.0012229012,0.0012175882,0.001225702,0.0012300103,0.0012380333,0.0012398768,0.0012323508,0.0012229012,0.0012175882,0.001225702,0.0012300103,0.0012380326,0.733407,0.0012323511,0.0012229023,0.0012175883,0.001225702,0.0012300103,0.0012380327,0.025740793,0.001232351,0.0012229012,0.0012175882,0.001225702,0.0012300103,0.0012380324,0.001669983,0.001232351,0.0,0.0012110368,0.0011961424,0.0012372182,0.0012443963,0.0652573,0.0012323508,0.0012229012,0.0012175882,0.001225702,0.0012300103,0.0012380324,0.0,0.0,0.0,0.0012110368,0.0011961424,0.0012372182,0.0012506433,0.0012398859,0.001232351,0.05048085,0.0012110368,0.0011961424,0.0012372182,0.0012443991,0.001239946,0.6267586,0.74713004,0.0012110369,0.0011961424,0.0012372182,0.0012506436,0.0012399008,0.0,0.0012229015,0.0012017157,0.0012323508,0.0012229012,0.0012372183,0.0012398796,0.18952519,0.0035530445,0.0012110368,0.0011961424,0.0012372182,0.0012506434,0.0,0.0012323519,0.0,0.0012110368,0.0011961424,0.0012372182,0.0012443957,0.60956097,0.39378503,0.0012229021,0.0012323522,0.043149397,0.0012110368,0.0012323514,0.0012398963,0.0012323511,0.40700096,0.0012110368,0.0011961424,0.0012372182,0.0012443953,0.406274,0.43047416,0.0012229012,0.0012110368,0.0012037406,0.0012120543,0.0012589549,0.0,0.0,0.0012229012,0.49558836,0.0012323508,0.0012229012,0.0012372183,0.0,0.001232352,0.0,0.001232351,0.0,0.0012323508,0.0012229016,0.1603653,0.546091,0.0012229114,0.0012110387,0.0012037407,0.0012120543,0.0012589546,0.0,0.0012323762,0.0012323536,0.001228549,0.0012362578,0.0,0.0011774669,0.0,0.0012323522,0.001222902,0.002447086,0.0012323511,0.0012229014,0.0012175906,0.0012398817,0.0012323508,0.0012229012,0.06525859,0.0012323508,0.0012229012,0.001217589,0.0,0.0012323511,0.0012229016,0.0012175882,0.001225702,0.0012300103,0.0012380325,0.0012398768,0.0012323508,0.0012229012,0.0012175882,0.001225702,0.0012300103,0.0012380324,0.0012399055,0.0,0.0,0.0012110368,0.0011961424,0.0012372182,0.0012506436,0.0012398828,0.0,0.0012229012,0.0012110368,0.0012037406,0.0012120543,0.0012589548,0.0,0.001232351,0.0,0.0012110368,0.0011961424,0.0012372182,0.0012443952,0.0012398916,0.0,0.0012229015,0.0012110368,0.0012037406,0.0012120543,0.0012589575,0.0,0.0012323508,0.0012229015,0.0012175882,0.001225702,0.0012300103,0.0012380333,0.0012398774,0.0012323508,0.0012229012,0.0012175882,0.001225702,0.0012300103,0.0012380324,0.241963,0.0012323513,0.0012229014,0.0012175882,0.001225702,0.0012300103,0.0012380326,0.0,0.0052369614,0.0012229015,0.0012110368,0.0012037406,0.0012120543,0.0012589549,0.0012398785,0.0012323508,0.0,0.0,0.001232351,0.001232351,0.0012285489,0.001239908,0.4103533,0.0012229013,0.17668565,0.001232351,0.0012229012,0.0012372211,0.0012399831,0.0,0.001232351,0.0012229014,0.0012175882,0.02226933,0.0012323513,0.0013003069,0.0012323507,0.0,0.0012110368,0.0011961424,0.0012372183,0.0012444024,0.0012398825,0.007774661,0.0012229015,0.0012110368,0.0012037407,0.0012120549,0.00125897,0.0012398876,0.0,0.0,0.0012110368,0.0011961424,0.0012372182,0.0012506437,0.0,0.001232351,0.0012229016,0.0012175882,0.001225702,0.0012300103,0.0012380325,0.0012398885,0.0012323511,0.0012229013,0.0,0.001232351,0.0012229015,0.0012175892,0.001239879,0.0,0.0012229014,0.0012110369,0.0012037406,0.0012120543,0.0012589552,0.0012398794,0.0,0.0012229016,0.0012110368,0.0012037407,0.0012120546,0.0012589562,0.5119534,0.0012323511,0.0012323511,0.0012285487,0.0012362577,0.0,0.0011774924,0.0012399098,0.26427057,0.0012229014,0.0012110368,0.0012037406,0.0012120543,0.0012589548,0.00123988,0.23693901,0.032256965,0.0012110368,0.0011961424,0.0012372182,0.0012506437,0.0012399467,0.0012323519,0.0,0.0012110377,0.0011961431,0.0012372184,0.0012443986,0.0017289047,0.001232351,0.0012229014,0.0012175882,0.001225702,0.0012300103,0.0012380324,0.002120053,0.0012323512,0.0,0.0012110368,0.0011961424,0.0012372182,0.0012443952,0.1915786,0.001232351,0.0012229016,0.0012175882,0.001225702,0.0012300103,0.0012380327,0.0012398901,0.0012323508,0.0012229015,0.0012175882,0.001225702,0.0012300103,0.0012380328,0.0,0.012172043,0.09640928,0.0012110368,0.0011961424,0.0012372182,0.0012506439,0.0012398767,0.0012323508,0.0,0.0012110368,0.0011961424,0.0012372182,0.0012443961,0.0012398851,0.001232351,0.0012229012,0.0012372182,0.071993016,0.0012110368,0.001196143,0.00086177443,0.0012323508,0.0012229012,0.0012175882,0.001225702,0.0012300103,0.001238033,0.20376453,0.0012323508,0.0012229012,0.0012175882,0.001225702,0.0012300103,0.0012380325,0.0027864296,0.0012323514,0.0012229014,0.0012175882,0.001225702,0.0012300103,0.0012380336,0.0012398857,0.0012323508,0.0012229012,0.0012175882,0.001225702,0.0012300103,0.0012380327,0.0,0.0,0.0012229015,0.0012110368,0.0012037406,0.0012120543,0.0012589552,0.24622597,0.0012323508,0.0012229012,0.0012175882,0.001225702,0.0012300103,0.0012380324,0.0012400057,0.0012323516,0.0012229012,0.0012175882,0.001225702,0.0012300103,0.0012380335
k__Bacteria|p__Actinobacteria|c__Actinomycetia|o__Bifidobacteriales|f__Bifidobacteriaceae|g__Bifidobacterium|s__Bifidobacterium_longum,0.016694611,0.001210743,0.001200932,0.0011956514,0.001204723,0.0012098073,0.0012187388,0.0,0.001210743,0.001200932,0.0011956514,0.001204723,0.0012098073,0.001218739,0.18439409,0.266261,0.0012009438,0.0011887257,0.0011814442,0.0011906427,0.0012407437,0.0012186349,0.0,0.001200932,0.0011887152,0.0011814437,0.0011906425,0.0012407433,0.0,0.0,0.001200932,0.0011887152,0.0011814437,0.0011906425,0.0012407433,0.0012186298,0.0012107429,0.001200932,0.0011956514,0.001204723,0.0012098073,0.0012187391,0.0,0.0012107429,0.001200932,0.0011956514,0.001204723,0.0012098073,0.0012187388,0.0012186298,0.0012107429,0.001200932,0.0011956514,0.001204723,0.0012098073,0.0012187388,0.0032650447,0.0012107431,0.0012009322,0.0011956516,0.001204723,0.0012098073,0.0012187398,0.24365248,0.001210743,0.001200932,0.0011956514,0.001204723,0.0012098073,0.0012187392,0.0019647684,0.001210743,0.2511496,0.0011887152,0.0011734897,0.0012160394,0.0012243104,0.019846043,0.0012107429,0.001200932,0.0011956514,0.001204723,0.0012098073,0.0012187397,0.0,0.0,0.0,0.0011887152,0.0011734897,0.0012160394,0.0012309984,0.001218629,0.001210743,0.0015480085,0.0011887152,0.0011734897,0.0012160394,0.001224311,0.0012186113,0.0,0.0,0.001188715,0.0011734897,0.0012160394,0.0012309977,0.0012186285,0.0,0.001200932,0.23289979,0.0012107429,0.001200932,0.0012160392,0.0012186293,0.0042947233,0.13818416,0.0011887152,0.0011734897,0.0012160394,0.0012309971,0.63504326,0.0012107433,0.30333206,0.0011887149,0.0011734897,0.0012160394,0.0012243096,0.0,0.0,0.0012009331,0.001210743,0.0,0.0011887152,0.0012107427,0.0012186433,0.0012107431,0.048995085,0.0011887149,0.0011734897,0.0012160394,0.0012243097,0.0,0.0,0.0012009321,0.0011887152,0.0011814437,0.0011906425,0.0012407429,0.0,0.022026103,0.001200932,0.0,0.0012107429,0.001200932,0.0012160392,0.19859654,0.0012107468,0.7933846,0.0012107431,0.43332547,0.0012107429,0.0012009321,0.0,0.0,0.001200947,0.0011887174,0.0011814438,0.0011906425,0.0012407438,0.7111897,0.0012107576,0.0012107454,0.0012069889,0.0012157249,0.6866001,0.0011545214,0.1655357,0.0012107436,0.0012009325,0.69646335,0.0012107432,0.0012009321,0.0011956524,0.0012186337,0.0012107429,0.001200932,0.0,0.0012107429,0.001200932,0.0011956517,0.0,0.0012107432,0.0012009321,0.0011956514,0.001204723,0.0012098073,0.0012187391,0.00121863,0.0012107429,0.001200932,0.0011956514,0.001204723,0.0012098073,0.0012187391,0.001218626,0.0,0.0,0.0011887152,0.0011734897,0.0012160394,0.0012309971,0.001218627,0.0,0.001200932,0.0011887152,0.0011814437,0.0011906425,0.0012407431,0.0,0.0012107431,0.0,0.0011887152,0.0011734897,0.0012160394,0.0012243097,0.0012186308,0.1232265,0.001200932,0.0011887149,0.0011814437,0.0011906425,0.0012407412,0.38302842,0.0012107429,0.001200932,0.0011956514,0.001204723,0.0012098073,0.0012187395,0.00121863,0.0012107429,0.001200932,0.0011956514,0.001204723,0.0012098073,0.0012187391,0.16570832,0.0012107436,0.0012009321,0.0011956514,0.001204723,0.0012098073,0.0012187388,0.0,0.005385899,0.001200932,0.0011887152,0.0011814437,0.0011906425,0.0012407433,0.0012186301,0.0012107429,0.0,0.0,0.0012107431,0.001210743,0.001206989,0.001218637,0.42991477,0.0012009323,0.0016838901,0.0012107431,0.001200932,0.0012160396,0.0012186121,0.8835858,0.0012107431,0.0012009321,0.0011956514,0.47634766,0.0012107433,0.58531606,0.0012107429,0.18263158,0.0011887152,0.0011734897,0.0012160392,0.0012243096,0.0012186312,0.0,0.001200932,0.0011887149,0.0011814438,0.0011906425,0.001240746,0.0012186382,0.03194533,0.0,0.0011887152,0.0011734897,0.0012160394,0.001230997,0.0,0.0012107431,0.0012009321,0.0011956514,0.001204723,0.0012098073,0.001218739,0.0012186441,0.001210743,0.0012009321,0.0,0.001210743,0.001200932,0.0011956516,0.0012186287,0.0,0.0012009321,0.0011887149,0.0011814437,0.0011906425,0.0012407445,0.0012186307,0.0,0.0012009321,0.0011887149,0.0011814438,0.0011906426,0.0012407426,0.045601662,0.001210743,0.0012107431,0.0012069885,0.0012157247,0.0,0.0011545619,0.0012186238,0.022627594,0.0012009321,0.0011887152,0.0011814437,0.0011906425,0.0012407433,0.0012186322,0.2134223,0.71347517,0.0011887152,0.0011734897,0.0012160394,0.0012309985,0.00121862,0.0012107424,0.0,0.0011887151,0.0011734897,0.0012160393,0.0012243117,0.0,0.0012107431,0.0012009321,0.0011956514,0.001204723,0.0012098073,0.001218739,0.0,0.001210744,0.0,0.0011887152,0.0011734897,0.0012160394,0.0012243097,0.07332559,0.001210743,0.0012009321,0.0011956514,0.001204723,0.0012098073,0.0012187393,0.0012186271,0.001210743,0.001200932,0.0011956516,0.001204723,0.0012098073,0.0012187391,0.39748672,0.7246334,0.6625021,0.0011887152,0.0011734897,0.0012160394,0.0012309973,0.0012186293,0.0012107429,0.0,0.0011887152,0.0011734897,0.0012160394,0.0012243096,0.0012186335,0.0012107431,0.001200932,0.0012160394,0.12838514,0.0011887152,0.00117349,0.14590017,0.0012107429,0.001200932,0.0011956514,0.001204723,0.0012098073,0.0012187394,0.0068441667,0.0012107429,0.001200932,0.0011956514,0.001204723,0.0012098073,0.0012187393,0.0,0.001210743,0.0012009321,0.0011956514,0.001204723,0.0012098073,0.0012187404,0.0012186269,0.0012107429,0.001200932,0.0011956514,0.001204723,0.0012098073,0.0012187392,0.0,0.0,0.001200932,0.0011887149,0.0011814437,0.0011906425,0.0012407431,0.0019214267,0.0012107429,0.001200932,0.0011956514,0.001204723,0.0012098073,0.0012187392,0.0012187252,0.0012107439,0.001200932,0.0011956515,0.001204723,0.0012098073,0.0012187411
k__Bacteria|p__Actinobacteria|c__Coriobacteriia|o__Eggerthellales|f__Eggerthellaceae|g__Eggerthella|s__Eggerthella_lenta,0.013824778,0.0010898885,0.0010768261,0.0010696666,0.0010800697,0.0010856393,0.0010968533,0.049742483,0.0010898887,0.0010768261,0.0010696666,0.0010800697,0.0010856393,0.0010968532,0.005087957,0.00891841,0.0010768258,0.0010613485,0.0010520932,0.0010621218,0.0011333791,0.0011009726,0.007065898,0.0010768261,0.001061349,0.0010520933,0.0010621218,0.0011333794,0.0,0.0,0.0010768261,0.001061349,0.0010520933,0.0010621218,0.0011333794,0.001100962,0.0010898886,0.0010768261,0.0010696666,0.0010800697,0.0010856393,0.0010968532,0.0,0.0010898884,0.001076826,0.0010696666,0.0010800697,0.0010856393,0.0010968536,0.0011009622,0.0010898886,0.0010768261,0.0010696666,0.0010800697,0.0010856393,0.0010968533,0.002375105,0.0010898884,0.001076826,0.0010696667,0.0010800697,0.0010856393,0.0010968535,0.007127441,0.0010898887,0.0010768261,0.0010696666,0.0010800697,0.0010856393,0.0010968533,0.0,0.0010898887,0.0015429904,0.001061349,0.0010429344,0.0010968351,0.0011074019,0.0,0.0010898886,0.0010768261,0.0010696666,0.0010800697,0.0010856393,0.0010968526,0.0,0.0,0.0,0.001061349,0.0010429344,0.0010968351,0.0011178234,0.0011009655,0.0010898887,0.0,0.001061349,0.0010429344,0.0010968351,0.001107399,0.0011009747,0.0,0.0033292216,0.0010613488,0.0010429344,0.0010968351,0.0011178242,0.0011009709,0.0,0.0010768261,0.0,0.0010898886,0.0010768261,0.0010968349,0.0011009616,0.0,0.0,0.001061349,0.0010429344,0.0010968351,0.0011178253,0.0,0.001089888,0.0,0.001061349,0.0010429344,0.0010968351,0.0011074016,0.0,0.0,0.0010768258,0.0010898885,0.0039170524,0.001061349,0.0010898887,0.001100959,0.0010898884,0.0031901475,0.0010613488,0.0010429344,0.0010968351,0.0011074021,0.0,0.0,0.001076826,0.001061349,0.0010520933,0.0010621218,0.0011333792,0.0,0.0,0.0010768261,0.002074812,0.0010898886,0.0010768261,0.0010968349,0.006100044,0.0010898863,0.02013114,0.0010898889,0.0,0.0010898886,0.001076826,0.0,0.009000694,0.0010768215,0.0010613479,0.0010520932,0.0010621218,0.0011333784,0.0,0.0010898805,0.0010898878,0.0010844102,0.0010949707,0.0,0.0010209519,0.0,0.0010898872,0.0010768255,0.0038678865,0.0010898885,0.0010768262,0.001069667,0.001100964,0.0010898886,0.0010768261,0.0,0.0010898886,0.0010768261,0.0010696666,0.0,0.0010898887,0.0010768262,0.0010696666,0.0010800697,0.0010856393,0.0010968532,0.0011009625,0.0010898886,0.0010768261,0.0010696666,0.0010800697,0.0010856393,0.0010968533,0.0011009655,0.0,0.0,0.001061349,0.0010429344,0.0010968351,0.0011178255,0.0011009616,0.0,0.0010768261,0.001061349,0.0010520933,0.0010621218,0.0011333791,0.0,0.0010898889,0.0027478223,0.001061349,0.0010429344,0.0010968351,0.001107402,0.0011009665,0.0041006384,0.0010768261,0.001061349,0.0010520933,0.0010621218,0.0011333765,0.0,0.0010898886,0.0010768261,0.0010696666,0.0010800697,0.0010856393,0.0010968528,0.001100963,0.0010898886,0.0010768261,0.0010696666,0.0010800697,0.0010856393,0.0010968532,0.0,0.0010898884,0.001076826,0.0010696666,0.0010800697,0.0010856393,0.0010968533,0.0,0.0,0.0010768261,0.001061349,0.0010520933,0.0010621218,0.0011333795,0.0011009631,0.0010898886,0.0,0.0,0.0010898889,0.0010898887,0.0010844101,0.001100972,0.0,0.001076826,0.0,0.0010898889,0.0010768261,0.0010968358,0.0011009936,0.0,0.0010898885,0.0010768262,0.0010696666,0.0,0.0010898883,0.0,0.0010898886,0.0015148077,0.001061349,0.0010429344,0.0010968352,0.0011074041,0.0011009631,0.0,0.0010768261,0.001061349,0.0010520932,0.0010621218,0.0011333532,0.0011009615,0.009033952,0.0,0.001061349,0.0010429344,0.0010968351,0.0011178257,0.0,0.0010898889,0.0010768262,0.0010696666,0.0010800697,0.0010856393,0.0010968532,0.0011010024,0.0010898887,0.0010768262,0.0,0.0010898885,0.0010768261,0.001069667,0.0011009618,0.0,0.0010768262,0.001061349,0.0010520933,0.0010621218,0.0011333778,0.0011009616,0.0,0.0010768262,0.001061349,0.0010520932,0.0010621219,0.0011333782,0.010600289,0.0010898887,0.0010898886,0.0010844107,0.0010949706,0.0,0.0010209624,0.0011009688,0.006963022,0.0010768262,0.001061349,0.0010520933,0.0010621218,0.0011333794,0.0011009622,0.0058473498,0.006978068,0.001061349,0.0010429344,0.0010968351,0.0011178241,0.0011009811,0.0010898883,0.0,0.0010613487,0.0010429344,0.0010968349,0.0011073992,0.0,0.0010898886,0.0010768262,0.0010696666,0.0010800697,0.0010856393,0.0010968532,0.0,0.0010898882,0.0,0.001061349,0.0010429344,0.0010968351,0.001107402,0.0041615022,0.0010898886,0.0010768264,0.0010696666,0.0010800697,0.0010856393,0.0010968533,0.0011009603,0.0010898884,0.0010768259,0.0010696666,0.0010800697,0.0010856393,0.0010968532,0.0,0.012445747,0.011518599,0.001061349,0.0010429344,0.0010968351,0.0011178255,0.0011009622,0.0010898886,0.0,0.001061349,0.0010429344,0.0010968351,0.0011074017,0.0011009602,0.0010898886,0.0010768261,0.0010968351,0.022214497,0.001061349,0.0010429345,0.00827242,0.0010898886,0.0010768261,0.0010696666,0.0010800697,0.0010856393,0.0010968533,0.015223215,0.0010898886,0.0010768261,0.0010696666,0.0010800697,0.0010856393,0.001096853,0.0,0.0010898883,0.0010768262,0.0010696666,0.0010800697,0.0010856393,0.0010968528,0.0011009611,0.0010898886,0.0010768261,0.0010696666,0.0010800697,0.0010856393,0.0010968532,0.0,0.0,0.0010768261,0.001061349,0.0010520933,0.0010621218,0.0011333794,0.0,0.0010898886,0.0010768261,0.0010696666,0.0010800697,0.0010856393,0.0010968533,0.00110102,0.0010898879,0.0010768259,0.0010696666,0.0010800697,0.0010856393,0.0010968525
k__Bacteria|p__Actinobacteria|c__Actinomycetia|o__Micrococcales|f__Micrococcaceae|g__Rothia|s__Rothia_mucilaginosa,0.0,0.009425277,0.010038366,0.010362702,0.009882698,0.009617008,0.009070806,0.006856311,0.009425278,0.010038366,0.010362702,0.009882698,0.009617008,0.0090708155,0.0,0.0046310886,0.010037725,0.010732869,0.01113319,0.010694878,0.007142425,0.008882466,0.0016564479,0.010038366,0.010733294,0.011133217,0.010694881,0.007142453,0.0037573788,0.001978982,0.010038366,0.010733294,0.011133217,0.010694881,0.0071424553,0.008884138,0.009425278,0.010038366,0.010362702,0.009882698,0.009617008,0.009070818,0.0049074856,0.009425249,0.01003836,0.010362702,0.009882698,0.009617008,0.0090707885,0.008884141,0.009425278,0.010038366,0.010362702,0.009882698,0.009617008,0.009070813,0.0031350136,0.009425269,0.010038341,0.010362699,0.009882698,0.009617008,0.009070788,0.0012238132,0.009425278,0.010038366,0.010362702,0.009882698,0.009617008,0.009070816,0.002468508,0.009425278,0.0013658174,0.010733294,0.011520568,0.0090866275,0.008551184,0.008897741,0.009425278,0.010038366,0.010362703,0.009882698,0.009617008,0.009070798,0.0067955805,0.002596407,0.0019326216,0.010733294,0.011520568,0.009086625,0.008007365,0.008883681,0.009425278,0.0037508758,0.010733294,0.011520568,0.009086625,0.008550948,0.008880642,0.002415155,0.0,0.010733291,0.0115205655,0.0090866275,0.008007383,0.008882921,0.005886312,0.010038366,0.0019965495,0.009425278,0.010038366,0.009086619,0.008883996,0.0026819885,0.009656657,0.010733294,0.011520568,0.0090866275,0.008007426,0.0027847728,0.009425219,0.0015998824,0.010733294,0.011520568,0.0090866275,0.008551235,0.002061224,0.0031685024,0.010038323,0.009425226,0.0,0.010733294,0.009425267,0.008883008,0.009425267,0.003527448,0.010733296,0.011520568,0.0090866275,0.00855125,0.0,0.0021919848,0.010038362,0.010733294,0.011133217,0.010694881,0.007142439,0.0,0.0,0.010038366,0.0022403134,0.009425278,0.010038366,0.00908662,0.0,0.00942512,0.0,0.009425279,0.0013342532,0.009425278,0.010038362,0.0,0.0,0.010037649,0.0107331835,0.011133214,0.010694881,0.0071424255,0.00354889,0.009423551,0.009425089,0.009684112,0.0091724405,0.0,0.012410154,0.010243169,0.009425177,0.0100383265,0.012914195,0.009425267,0.010038363,0.010362589,0.008883843,0.009425278,0.010038366,0.0015893833,0.009425278,0.010038366,0.010362666,0.0015349224,0.009425277,0.010038367,0.010362703,0.009882698,0.009617008,0.009070811,0.008884144,0.009425278,0.010038366,0.010362702,0.009882698,0.009617008,0.009070816,0.008882796,0.0,0.0,0.010733294,0.011520568,0.0090866275,0.008007431,0.008883873,0.0014490931,0.010038366,0.010733294,0.011133217,0.010694881,0.00714244,0.0028992414,0.009425279,0.001666329,0.010733294,0.011520568,0.0090866275,0.008551255,0.008883339,0.0018983938,0.010038366,0.010733294,0.011133217,0.010694878,0.007142137,0.011065374,0.009425278,0.010038366,0.010362702,0.009882698,0.009617008,0.009070757,0.008884103,0.009425278,0.010038366,0.010362702,0.009882698,0.009617008,0.009070818,0.004786531,0.00942526,0.010038363,0.0103627,0.009882698,0.009617008,0.009070806,0.002304154,0.0,0.010038366,0.010733294,0.011133217,0.010694881,0.007142449,0.008884022,0.009425278,0.0017314714,0.0,0.009425279,0.009425278,0.009684119,0.008882363,0.0,0.010038352,0.002043612,0.009425279,0.010038366,0.00908648,0.008878636,0.0018813022,0.00942527,0.010038364,0.0103627,0.0016521299,0.009425245,0.0026423954,0.009425279,0.0022977206,0.010733294,0.011520568,0.009086626,0.008550996,0.008883867,0.0019841786,0.010038366,0.010733294,0.011133214,0.010694859,0.007140053,0.008883395,0.0013011651,0.0,0.010733294,0.011520568,0.0090866275,0.008007433,0.0,0.009425279,0.010038367,0.010362702,0.009882698,0.009617008,0.0090708155,0.008883192,0.009425276,0.010038367,0.0,0.009425275,0.010038366,0.010362655,0.008884027,0.00537912,0.010038364,0.010733285,0.011133217,0.010694881,0.007142375,0.0088839615,0.004682743,0.010038367,0.010733293,0.011133213,0.010694879,0.0071423696,0.0018480973,0.009425274,0.009425272,0.009684131,0.009172431,0.0019070358,0.012408845,0.00888244,0.0019137122,0.010038367,0.010733294,0.011133217,0.010694881,0.0071424553,0.008883903,0.0011545607,0.0,0.010733294,0.0115205655,0.009086625,0.008007383,0.0088809375,0.009425243,0.0,0.010733254,0.011520554,0.00908662,0.008550964,0.017768843,0.009425276,0.010038364,0.010362703,0.009882698,0.009617008,0.0090708155,0.0,0.009425229,0.0,0.010733294,0.011520568,0.0090866275,0.008551252,0.0016403325,0.009425276,0.010038362,0.010362703,0.009882698,0.009617008,0.009070809,0.008883486,0.00942527,0.010038361,0.010362693,0.009882698,0.009617008,0.009070801,0.011775437,0.008700596,0.048013356,0.010733294,0.011520568,0.0090866275,0.008007418,0.008884155,0.009425278,0.0020064232,0.010733294,0.011520568,0.0090866275,0.008551217,0.0088835815,0.009425276,0.010038366,0.0090866275,0.0,0.010733294,0.011520562,0.0016064798,0.009425278,0.010038366,0.010362703,0.009882698,0.009617008,0.009070784,0.0021286837,0.009425278,0.010038366,0.0103627,0.009882698,0.009617008,0.009070804,0.009056056,0.009425252,0.010038364,0.010362703,0.009882698,0.009617008,0.009070746,0.008883708,0.009425278,0.010038366,0.010362703,0.009882698,0.009617008,0.009070798,0.0013255938,0.0,0.010038366,0.010733294,0.011133217,0.010694883,0.007142441,0.0047155633,0.009425278,0.010038366,0.010362702,0.009882698,0.009617008,0.009070816,0.008874702,0.009425211,0.010038358,0.0103627015,0.009882698,0.009617008,0.009070719
k__Bacteria|p__Bacteroidetes|c__Bacteroidia|o__Bacteroidales|f__Bacteroidaceae|g__Bacteroides|s__Bacteroides_acidifaciens,0.0,0.0010611354,0.0010473499,0.0010397534,0.0010503733,0.0010559827,0.0010676441,0.0,0.0010611354,0.0010473499,0.0010397534,0.0010503733,0.0010559827,0.0010676442,0.0,0.0,0.0010473616,0.0010311647,0.0010214477,0.0010315776,0.0011075258,0.0010729434,0.0,0.0010473499,0.0010311559,0.001021447,0.0010315776,0.0011075252,0.0,0.0,0.0010473499,0.0010311559,0.001021447,0.0010315776,0.0011075252,0.0010729248,0.0010611353,0.0010473499,0.0010397534,0.0010503733,0.0010559827,0.001067644,0.0,0.0010611357,0.0010473499,0.0010397534,0.0010503733,0.0010559827,0.0010676445,0.0010729248,0.0010611353,0.0010473499,0.0010397534,0.0010503733,0.0010559827,0.0010676441,0.0,0.0010611356,0.0010473501,0.0010397536,0.0010503733,0.0010559827,0.0010676445,0.0,0.0010611354,0.0010473499,0.0010397534,0.0010503733,0.0010559827,0.0010676441,0.0,0.0010611354,0.0,0.0010311559,0.0010120524,0.0010684292,0.0010794387,0.0,0.0010611353,0.0010473499,0.0010397534,0.0010503733,0.0010559827,0.0010676445,0.0,0.0,0.0,0.0010311559,0.0010120518,0.0010684292,0.0010907099,0.0010729304,0.0010611354,0.0,0.0010311562,0.0010120524,0.0010684292,0.0010794429,0.0010729617,0.0,0.0,0.0010311564,0.0010120524,0.0010684292,0.0010907097,0.0010729379,0.0,0.0010473499,0.0,0.0010611353,0.0010473499,0.0010684292,0.0010729267,0.0,0.0,0.0010311562,0.0010120524,0.0010684292,0.0010907087,0.0,0.0010611366,0.0,0.0010311559,0.0010120524,0.0010684292,0.0010794378,0.0,0.0,0.0010473505,0.001061136,0.0,0.0010311559,0.0010611354,0.0010729412,0.0010611356,0.0,0.0010311559,0.0010120518,0.0010684292,0.0010794374,0.0,0.0,0.0010473499,0.0010311562,0.001021447,0.0010315776,0.0011075253,0.0,0.0,0.0010473499,0.0,0.0010611353,0.0010473499,0.0010684292,0.0,0.0010611392,0.0,0.0010611354,0.0,0.0010611353,0.00104735,0.0,0.0,0.0010473648,0.0010311584,0.001021447,0.0010315776,0.0011075255,0.0,0.0010611679,0.0010611387,0.001055251,0.0010661414,0.0,0.0009894439,0.0,0.0010611375,0.0010473506,0.0,0.0010611356,0.0010473499,0.0010397556,0.001072929,0.0010611353,0.0010473499,0.0,0.0010611353,0.0010473499,0.0010397545,0.0,0.0010611357,0.00104735,0.0010397534,0.0010503733,0.0010559827,0.0010676442,0.0010729247,0.0010611353,0.0010473499,0.0010397534,0.0010503733,0.0010559827,0.0010676441,0.0010729395,0.0,0.0,0.0010311559,0.0010120524,0.0010684292,0.0010907085,0.0010729268,0.0,0.0010473499,0.0010311559,0.001021447,0.0010315776,0.0011075252,0.0,0.0010611354,0.0,0.0010311559,0.0010120524,0.0010684292,0.0010794374,0.0010729365,0.0,0.0010473499,0.0010311559,0.001021447,0.0010315776,0.0011075309,0.0,0.0010611353,0.0010473499,0.0010397534,0.0010503733,0.0010559827,0.0010676453,0.001072925,0.0010611353,0.0010473499,0.0010397534,0.0010503733,0.0010559827,0.001067644,0.0,0.001061136,0.0010473499,0.0010397534,0.0010503733,0.0010559827,0.0010676441,0.0,0.0,0.0010473499,0.0010311559,0.001021447,0.0010315776,0.0011075253,0.0010729262,0.0010611353,0.0,0.0,0.0010611354,0.0010611354,0.0010552511,0.0010729458,0.0,0.0010473499,0.0,0.0010611354,0.0010473499,0.0010684318,0.0010729835,0.0,0.0010611356,0.0010473499,0.0010397534,0.0,0.0010611359,0.0,0.0010611352,0.0,0.0010311559,0.0010120524,0.0010684292,0.0010794427,0.0010729281,0.0,0.0010473499,0.0010311559,0.001021447,0.0010315779,0.0011075689,0.0010729347,0.0,0.0,0.0010311559,0.0010120524,0.0010684292,0.0010907084,0.0,0.0010611354,0.00104735,0.0010397534,0.0010503733,0.0010559827,0.0010676442,0.0010729291,0.0010611354,0.0010473499,0.0,0.0010611354,0.0010473499,0.0010397544,0.001072926,0.0,0.0010473499,0.0010311563,0.001021447,0.0010315776,0.0011075268,0.0010729273,0.0,0.00104735,0.0010311562,0.001021447,0.0010315777,0.0011075264,0.0,0.0010611354,0.0010611356,0.0010552509,0.0010661413,0.0,0.0009894811,0.0010729441,0.0,0.0010473499,0.0010311559,0.001021447,0.0010315776,0.0011075252,0.0010729287,0.0,0.0,0.0010311562,0.0010120524,0.0010684292,0.0010907097,0.0010729542,0.0010611357,0.0,0.0010311569,0.0010120525,0.0010684292,0.0010794435,0.0,0.0010611356,0.0010473499,0.0010397534,0.0010503733,0.0010559827,0.001067644,0.0,0.0010611365,0.0,0.0010311562,0.0010120524,0.0010684292,0.0010794374,0.0,0.0010611356,0.0010473499,0.0010397534,0.0010503733,0.0010559827,0.0010676441,0.0010729328,0.0010611354,0.0010473499,0.0010397539,0.0010503733,0.0010559827,0.0010676443,0.0,0.0,0.0,0.0010311559,0.0010120524,0.0010684292,0.001090709,0.0010729246,0.0010611353,0.0,0.0010311559,0.0010120524,0.0010684292,0.0010794381,0.0010729333,0.0010611356,0.0010473499,0.0010684292,0.0,0.0010311559,0.0010120525,0.0,0.0010611353,0.0010473499,0.0010397534,0.0010503733,0.0010559827,0.0010676446,0.0,0.0010611353,0.0010473499,0.0010397534,0.0010503733,0.0010559827,0.0010676442,0.0,0.0010611357,0.0010473499,0.0010397534,0.0010503733,0.0010559827,0.0010676456,0.0010729292,0.0010611353,0.0010473499,0.0010397534,0.0010503733,0.0010559827,0.0010676443,0.0,0.0,0.0010473499,0.0010311559,0.001021447,0.0010315776,0.0011075254,0.0,0.0010611353,0.0010473499,0.0010397534,0.0010503733,0.0010559827,0.0010676441,0.0010730535,0.001061137,0.0010473499,0.0010397536,0.0010503733,0.0010559827,0.0010676463
k__Bacteria|p__Bacteroidetes|c__Bacteroidia|o__Bacteroidales|f__Bacteroidaceae|g__Bacteroides|s__Bacteroides_caecimuris,0.0,0.0010604949,0.0010469088,0.0010396186,0.0010507952,0.0010569477,0.001068998,0.0,0.001060495,0.0010469088,0.0010396186,0.0010507952,0.0010569477,0.0010689979,0.0,0.0,0.0010469223,0.0010309349,0.0010215341,0.0010322321,0.0011076214,0.0010721228,0.0,0.0010469088,0.0010309257,0.0010215334,0.0010322321,0.001107621,0.0,0.0,0.0010469088,0.0010309257,0.0010215334,0.0010322321,0.0011076211,0.001072097,0.001060495,0.0010469088,0.0010396186,0.0010507952,0.0010569477,0.0010689979,0.0,0.0010604955,0.0010469088,0.0010396186,0.0010507952,0.0010569477,0.0010689979,0.0010720973,0.001060495,0.0010469088,0.0010396186,0.0010507952,0.0010569477,0.0010689979,0.0,0.0010604952,0.001046909,0.0010396189,0.0010507952,0.0010569477,0.0010689986,0.0,0.001060495,0.0010469088,0.0010396186,0.0010507952,0.0010569477,0.001068998,0.0,0.001060495,0.0,0.0010309257,0.0010120432,0.0010678845,0.001079427,0.0,0.001060495,0.0010469088,0.0010396186,0.0010507952,0.0010569477,0.0010689982,0.0,0.0,0.0,0.0010309257,0.0010120432,0.0010678845,0.0010905007,0.0010721047,0.001060495,0.0,0.0010309257,0.0010120432,0.0010678845,0.0010794322,0.0010721607,0.0,0.0,0.0010309258,0.0010120432,0.0010678845,0.0010904996,0.001072118,0.0,0.0010469088,0.0,0.001060495,0.0010469088,0.0010678845,0.0010721004,0.0,0.0,0.0010309257,0.0010120432,0.0010678845,0.0010904984,0.0,0.0010604962,0.0,0.0010309257,0.0010120432,0.0010678845,0.0010794263,0.0,0.0,0.0010469091,0.0010604961,0.0,0.0010309257,0.001060495,0.0010721195,0.0010604952,0.0,0.0010309257,0.0010120432,0.0010678845,0.0010794261,0.0,0.0,0.0010469088,0.0010309257,0.0010215334,0.0010322321,0.0011076211,0.0,0.0,0.0010469088,0.0,0.001060495,0.0010469088,0.0010678845,0.0,0.0010604984,0.0,0.0010604952,0.0,0.001060495,0.0010469088,0.0,0.0,0.0010469244,0.0010309285,0.0010215335,0.0010322321,0.0011076214,0.0,0.0010605365,0.001060499,0.0010549054,0.001066341,0.0,0.0009896628,0.0,0.0010604971,0.0010469094,0.0,0.0010604954,0.0010469087,0.0010396204,0.0010721018,0.001060495,0.0010469088,0.0,0.001060495,0.0010469088,0.0010396193,0.0,0.0010604952,0.0010469088,0.0010396186,0.0010507952,0.0010569477,0.0010689979,0.001072097,0.001060495,0.0010469088,0.0010396186,0.0010507952,0.0010569477,0.001068998,0.0010721218,0.0,0.0,0.0010309257,0.0010120432,0.0010678845,0.0010904981,0.0010721033,0.0,0.0010469088,0.0010309257,0.0010215334,0.0010322321,0.001107621,0.0,0.0010604952,0.0,0.0010309257,0.0010120432,0.0010678845,0.001079426,0.0010721096,0.0,0.0010469088,0.0010309257,0.0010215334,0.0010322321,0.0011076261,0.0,0.001060495,0.0010469088,0.0010396186,0.0010507952,0.0010569477,0.001068999,0.0010720976,0.001060495,0.0010469088,0.0010396186,0.0010507952,0.0010569477,0.0010689979,0.0,0.0010604956,0.0010469087,0.0010396186,0.0010507952,0.0010569477,0.001068998,0.0,0.0,0.0010469088,0.0010309257,0.0010215334,0.0010322321,0.0011076211,0.0010720993,0.001060495,0.0,0.0,0.0010604952,0.001060495,0.0010549058,0.0010721262,0.0,0.0010469088,0.0,0.0010604952,0.0010469088,0.0010678865,0.0010721921,0.0,0.0010604952,0.0010469087,0.0010396186,0.0,0.0010604956,0.0,0.0010604949,0.0,0.0010309257,0.0010120432,0.0010678844,0.0010794275,0.0010721016,0.0,0.0010469088,0.0010309257,0.0010215335,0.0010322327,0.0011076677,0.0010721089,0.0,0.0,0.0010309257,0.0010120432,0.0010678845,0.0010904981,0.0,0.0010604952,0.0010469088,0.0010396186,0.0010507952,0.0010569477,0.0010689979,0.0010721032,0.001060495,0.0010469087,0.0,0.0010604949,0.0010469088,0.0010396196,0.0010720998,0.0,0.0010469087,0.0010309258,0.0010215334,0.0010322321,0.0011076224,0.0010721006,0.0,0.0010469088,0.0010309257,0.0010215335,0.0010322321,0.001107622,0.0,0.001060495,0.0010604953,0.0010549052,0.0010663408,0.0,0.000989695,0.0010721313,0.0,0.0010469087,0.0010309257,0.0010215334,0.0010322321,0.0011076211,0.0010721025,0.0,0.0,0.0010309257,0.0010120432,0.0010678845,0.0010904997,0.0010721484,0.0010604959,0.0,0.0010309267,0.0010120433,0.0010678845,0.001079432,0.0,0.001060495,0.0010469087,0.0010396186,0.0010507952,0.0010569477,0.0010689979,0.0,0.0010604959,0.0,0.0010309257,0.0010120432,0.0010678845,0.001079426,0.0,0.0010604952,0.0010469088,0.0010396186,0.0010507952,0.0010569477,0.0010689979,0.0010721099,0.001060495,0.0010469088,0.0010396187,0.0010507952,0.0010569477,0.001068998,0.0,0.0,0.0,0.0010309257,0.0010120432,0.0010678845,0.0010904983,0.0010720968,0.001060495,0.0,0.0010309257,0.0010120432,0.0010678845,0.0010794266,0.0010721076,0.001060495,0.0010469088,0.0010678845,0.0,0.0010309257,0.0010120434,0.0,0.001060495,0.0010469088,0.0010396186,0.0010507952,0.0010569477,0.0010689981,0.0,0.001060495,0.0010469088,0.0010396186,0.0010507952,0.0010569477,0.001068998,0.0,0.0010604957,0.0010469087,0.0010396186,0.0010507952,0.0010569477,0.0010689987,0.0010721068,0.001060495,0.0010469088,0.0010396186,0.0010507952,0.0010569477,0.0010689981,0.0,0.0,0.0010469088,0.0010309257,0.0010215334,0.0010322321,0.0011076214,0.0,0.001060495,0.0010469088,0.0010396186,0.0010507952,0.0010569477,0.001068998,0.0010722413,0.0010604966,0.0010469088,0.0010396186,0.0010507952,0.0010569477,0.0010689995
k__Bacteria|p__Bacteroidetes|c__Bacteroidia|o__Bacteroidales|f__Bacteroidaceae|g__Bacteroides|s__Bacteroides_cellulosilyticus,0.0,0.0010588511,0.0010450762,0.0010375441,0.0010483515,0.001054132,0.0010659456,0.0,0.0010588514,0.0010450762,0.0010375441,0.0010483515,0.001054132,0.0010659456,0.0,0.0,0.0010450865,0.0010289061,0.0010192548,0.0010295681,0.0011056758,0.0010706286,0.0,0.0010450762,0.0010288974,0.0010192544,0.0010295681,0.0011056759,0.0,0.0,0.0010450762,0.0010288974,0.0010192544,0.0010295681,0.001105676,0.0010706332,0.0010588513,0.0010450762,0.0010375441,0.0010483515,0.001054132,0.0010659456,0.0,0.0010588516,0.0010450762,0.0010375441,0.0010483515,0.001054132,0.0010659458,0.0010706332,0.0010588513,0.0010450762,0.0010375441,0.0010483515,0.001054132,0.0010659456,0.0,0.0010588514,0.0010450763,0.0010375441,0.0010483515,0.001054132,0.0010659456,0.0,0.0010588514,0.0010450762,0.0010375441,0.0010483515,0.001054132,0.0010659457,0.0,0.0010588514,0.0,0.0010288974,0.0010098137,0.0010661993,0.001077405,0.0,0.0010588513,0.0010450762,0.0010375441,0.0010483515,0.001054132,0.0010659456,0.0,0.0,0.0,0.0010288974,0.0010098137,0.0010661993,0.0010886746,0.0010706293,0.0010588514,0.0,0.0010288974,0.0010098137,0.0010661993,0.0010774037,0.0010706182,0.0,0.0,0.0010288975,0.0010098137,0.0010661993,0.0010886744,0.0010706298,0.0,0.0010450762,0.0,0.0010588513,0.0010450762,0.0010661993,0.0010706326,0.0,0.0,0.0010288974,0.0010098137,0.0010661993,0.0010886741,0.0,0.001058852,0.0,0.0010288974,0.0010098137,0.0010661993,0.0010774041,0.0,0.0,0.0010450772,0.0010588517,0.0,0.0010288974,0.0010588511,0.0010706414,0.0010588514,0.0,0.0010288974,0.0010098137,0.0010661993,0.0010774044,0.0,0.0,0.0010450763,0.0010288974,0.0010192544,0.0010295681,0.0011056765,0.0,0.0,0.0010450762,0.0,0.0010588513,0.0010450762,0.0010661993,0.0,0.0010588545,0.0,0.0010588515,0.0,0.0010588513,0.0010450763,0.0,0.0,0.0010450896,0.0010288993,0.0010192546,0.0010295681,0.0011056759,0.0,0.0010588691,0.0010588535,0.0010530296,0.0010641124,0.0,0.0009872252,0.0,0.0010588524,0.001045077,0.0,0.0010588515,0.0010450762,0.0010375452,0.0010706343,0.0010588513,0.0010450762,0.0,0.0010588513,0.0010450762,0.0010375448,0.0,0.0010588514,0.0010450763,0.0010375441,0.0010483515,0.001054132,0.0010659456,0.0010706332,0.0010588513,0.0010450762,0.0010375441,0.0010483515,0.001054132,0.0010659457,0.0010706285,0.0,0.0,0.0010288974,0.0010098137,0.0010661993,0.0010886741,0.0010706313,0.0,0.0010450762,0.0010288974,0.0010192544,0.0010295681,0.001105676,0.0,0.0010588515,0.0,0.0010288974,0.0010098137,0.0010661993,0.0010774045,0.0010706295,0.0,0.0010450762,0.0010288974,0.0010192544,0.0010295681,0.0011056758,0.0,0.0010588513,0.0010450762,0.0010375441,0.0010483515,0.001054132,0.0010659454,0.001070633,0.0010588513,0.0010450762,0.0010375441,0.0010483515,0.001054132,0.0010659456,0.0,0.0010588518,0.0010450762,0.0010375441,0.0010483515,0.001054132,0.0010659454,0.0,0.0,0.0010450762,0.0010288974,0.0010192544,0.0010295681,0.001105676,0.0010706328,0.0010588513,0.0,0.0,0.0010588515,0.0010588514,0.0010530297,0.0010706316,0.0,0.0010450766,0.0,0.0010588515,0.0010450762,0.0010662011,0.0010706183,0.0,0.0010588515,0.0010450762,0.0010375441,0.0,0.0010588516,0.0,0.0010588513,0.0,0.0010288974,0.0010098137,0.0010661994,0.0010774041,0.0010706338,0.0,0.0010450762,0.0010288974,0.0010192546,0.0010295683,0.0011056758,0.0010706388,0.0,0.0,0.0010288974,0.0010098137,0.0010661993,0.0010886742,0.0,0.0010588515,0.0010450763,0.0010375441,0.0010483515,0.001054132,0.0010659456,0.0010706191,0.0010588514,0.0010450762,0.0,0.0010588513,0.0010450762,0.0010375445,0.0010706321,0.0,0.0010450762,0.0010288975,0.0010192544,0.0010295681,0.0011056762,0.0010706331,0.0,0.0010450763,0.0010288974,0.0010192546,0.0010295684,0.0011056754,0.0,0.0010588514,0.0010588515,0.0010530291,0.0010641122,0.0,0.0009872501,0.0010706255,0.0,0.0010450762,0.0010288974,0.0010192544,0.0010295681,0.001105676,0.0010706332,0.0,0.0,0.0010288974,0.0010098137,0.0010661993,0.0010886745,0.0010706176,0.0010588515,0.0,0.0010288978,0.0010098133,0.0010661993,0.0010774053,0.0,0.0010588514,0.0010450762,0.0010375441,0.0010483515,0.001054132,0.0010659456,0.0,0.0010588523,0.0,0.0010288974,0.0010098137,0.0010661993,0.0010774045,0.0,0.0010588514,0.0010450763,0.0010375441,0.0010483515,0.001054132,0.0010659456,0.0010706304,0.0010588514,0.0010450762,0.0010375442,0.0010483515,0.001054132,0.0010659455,0.0,0.0,0.0,0.0010288974,0.0010098137,0.0010661993,0.0010886745,0.0010706332,0.0010588513,0.0,0.0010288974,0.0010098137,0.0010661993,0.0010774041,0.0010706341,0.0010588514,0.0010450762,0.0010661993,0.0,0.0010288974,0.0010098135,0.0,0.0010588513,0.0010450762,0.0010375441,0.0010483515,0.001054132,0.0010659456,0.0,0.0010588513,0.0010450762,0.0010375441,0.0010483515,0.001054132,0.0010659457,0.0,0.0010588513,0.0010450762,0.0010375441,0.0010483515,0.001054132,0.0010659455,0.0010706307,0.0010588513,0.0010450762,0.0010375441,0.0010483515,0.001054132,0.0010659457,0.0,0.0,0.0010450762,0.0010288974,0.0010192544,0.0010295681,0.0011056759,0.0,0.0010588513,0.0010450762,0.0010375441,0.0010483515,0.001054132,0.0010659457,0.0010706633,0.0010588524,0.0010450762,0.0010375441,0.0010483515,0.001054132,0.0010659455
k__Bacteria|p__Bacteroidetes|c__Bacteroidia|o__Bacteroidales|f__Prevotellaceae|g__Prevotella|s__Prevotella_vespertina,0.0,0.0010586616,0.0010449451,0.0010375029,0.0010484738,0.0010544138,0.0010663416,0.0,0.0010586618,0.0010449451,0.0010375029,0.0010484738,0.0010544138,0.0010663415,0.0,0.0,0.0010449504,0.0010288318,0.0010192784,0.0010297587,0.0011057039,0.0010703866,0.0,0.0010449451,0.001028828,0.0010192782,0.0010297587,0.0011057028,0.0,0.0,0.0010449451,0.001028828,0.0010192782,0.0010297587,0.0011057028,0.0010703886,0.0010586617,0.0010449451,0.0010375029,0.0010484738,0.0010544138,0.0010663415,0.0,0.0010586617,0.001044945,0.0010375029,0.0010484738,0.0010544138,0.0010663426,0.0010703887,0.0010586617,0.0010449451,0.0010375029,0.0010484738,0.0010544138,0.0010663416,0.0,0.0010586617,0.0010449452,0.001037503,0.0010484738,0.0010544138,0.0010663422,0.0,0.0010586618,0.0010449451,0.0010375029,0.0010484738,0.0010544138,0.0010663416,0.0,0.0010586618,0.0,0.001028828,0.0010098089,0.0010660379,0.0010774016,0.0,0.0010586617,0.0010449451,0.0010375028,0.0010484738,0.0010544138,0.0010663429,0.0,0.0,0.0,0.001028828,0.0010098089,0.0010660379,0.0010886141,0.0010703894,0.0010586618,0.0,0.001028828,0.0010098089,0.0010660379,0.0010774089,0.0010703906,0.0,0.0,0.0010288281,0.0010098089,0.0010660379,0.0010886134,0.0010703877,0.0,0.0010449451,0.0,0.0010586617,0.0010449451,0.0010660379,0.001070389,0.0,0.0,0.001028828,0.0010098089,0.0010660379,0.0010886114,0.0,0.0010586622,0.0,0.001028828,0.0010098089,0.0010660379,0.0010774002,0.0,0.0,0.0010449452,0.0010586616,0.0,0.001028828,0.0010586617,0.0010703909,0.0010586616,0.0,0.0010288279,0.0010098089,0.0010660379,0.0010773998,0.0,0.0,0.0010449452,0.001028828,0.0010192782,0.0010297587,0.0011057031,0.0,0.0,0.0010449451,0.0,0.0010586617,0.0010449451,0.0010660379,0.0,0.0010586639,0.0,0.0010586618,0.0,0.0010586617,0.0010449452,0.0,0.0,0.0010449488,0.0010288289,0.0010192782,0.0010297587,0.0011057038,0.0,0.0010586744,0.0010586629,0.0010529261,0.0010641695,0.0,0.0009873001,0.0,0.0010586627,0.0010449454,0.0,0.0010586617,0.0010449452,0.0010375052,0.0010703886,0.0010586617,0.0010449451,0.0,0.0010586617,0.0010449451,0.001037504,0.0,0.0010586618,0.0010449452,0.0010375028,0.0010484738,0.0010544138,0.0010663416,0.0010703887,0.0010586617,0.0010449451,0.0010375029,0.0010484738,0.0010544138,0.0010663416,0.001070387,0.0,0.0,0.001028828,0.0010098089,0.0010660379,0.0010886111,0.0010703871,0.0,0.0010449451,0.001028828,0.0010192782,0.0010297587,0.0011057032,0.0,0.0010586618,0.0,0.001028828,0.0010098089,0.0010660379,0.0010773995,0.0010703934,0.0,0.0010449451,0.001028828,0.0010192782,0.0010297587,0.0011057125,0.0,0.0010586617,0.0010449451,0.0010375029,0.0010484738,0.0010544138,0.001066344,0.0010703881,0.0010586617,0.0010449451,0.0010375029,0.0010484738,0.0010544138,0.0010663415,0.0,0.001058662,0.0010449452,0.0010375028,0.0010484738,0.0010544138,0.0010663416,0.0,0.0,0.0010449451,0.001028828,0.0010192782,0.0010297587,0.001105703,0.0010703886,0.0010586617,0.0,0.0,0.0010586618,0.0010586618,0.0010529268,0.0010703902,0.0,0.001044945,0.0,0.0010586618,0.0010449451,0.0010660414,0.0010703963,0.0,0.0010586618,0.0010449452,0.0010375028,0.0,0.0010586625,0.0,0.0010586616,0.0,0.001028828,0.0010098089,0.0010660379,0.0010774087,0.0010703881,0.0,0.0010449451,0.001028828,0.0010192782,0.0010297591,0.0011057841,0.0010703896,0.0,0.0,0.001028828,0.0010098089,0.0010660379,0.0010886109,0.0,0.0010586618,0.0010449452,0.0010375029,0.0010484738,0.0010544138,0.0010663415,0.0010703776,0.0010586618,0.0010449452,0.0,0.0010586617,0.0010449451,0.0010375035,0.0010703887,0.0,0.0010449452,0.0010288281,0.0010192782,0.0010297587,0.0011057066,0.0010703891,0.0,0.0010449452,0.001028828,0.0010192782,0.0010297587,0.0011057056,0.0,0.0010586618,0.0010586618,0.001052926,0.0010641693,0.0,0.0009873486,0.0010703871,0.0,0.0010449452,0.001028828,0.0010192782,0.0010297587,0.0011057028,0.0010703907,0.0,0.0,0.001028828,0.0010098089,0.0010660379,0.0010886139,0.0010703808,0.0010586618,0.0,0.0010288286,0.001009809,0.0010660379,0.0010774088,0.0,0.0010586617,0.0010449452,0.0010375028,0.0010484738,0.0010544138,0.0010663415,0.0,0.0010586621,0.0,0.001028828,0.0010098089,0.0010660379,0.0010773995,0.0,0.0010586617,0.0010449452,0.0010375028,0.0010484738,0.0010544138,0.0010663418,0.0010703924,0.0010586617,0.0010449451,0.0010375029,0.0010484738,0.0010544138,0.001066342,0.0,0.0,0.0,0.001028828,0.0010098089,0.0010660379,0.0010886119,0.0010703884,0.0010586617,0.0,0.001028828,0.0010098089,0.0010660379,0.0010774008,0.0010703909,0.0010586617,0.0010449451,0.0010660379,0.0,0.001028828,0.0010098096,0.0,0.0010586617,0.0010449451,0.0010375028,0.0010484738,0.0010544138,0.001066343,0.0,0.0010586617,0.0010449451,0.0010375028,0.0010484738,0.0010544138,0.001066342,0.0,0.0010586617,0.0010449452,0.0010375028,0.0010484738,0.0010544138,0.0010663458,0.0010703875,0.0010586617,0.0010449451,0.0010375028,0.0010484738,0.0010544138,0.0010663423,0.0,0.0,0.0010449451,0.001028828,0.0010192782,0.0010297587,0.0011057036,0.0,0.0010586617,0.0010449451,0.0010375029,0.0010484738,0.0010544138,0.0010663416,0.0010704487,0.0010586625,0.0010449451,0.0010375028,0.0010484738,0.0010544138,0.0010663467
k__Bacteria|p__Bacteroidetes|c__Bacteroidia|o__Bacteroidales|f__Bacteroidaceae|g__Bacteroides|s__Bacteroides_eggerthii,0.0,0.0010618587,0.0010482625,0.0010409291,0.0010519844,0.0010580254,0.0010699781,0.0,0.0010618587,0.0010482625,0.0010409291,0.0010519844,0.0010580254,0.0010699783,0.0,0.0,0.001048284,0.0010322826,0.0010228307,0.0010334098,0.0011087137,0.0010735139,0.0,0.0010482625,0.0010322671,0.00102283,0.0010334098,0.0011087137,0.0,0.0,0.0010482627,0.0010322671,0.00102283,0.0010334098,0.0011087137,0.0010734686,0.0010618587,0.0010482625,0.0010409291,0.0010519844,0.0010580254,0.0010699782,0.0,0.0010618594,0.0010482627,0.0010409291,0.0010519844,0.0010580254,0.001069978,0.0010734686,0.0010618587,0.0010482625,0.0010409291,0.0010519844,0.0010580254,0.0010699783,0.0,0.0010618591,0.0010482632,0.0010409293,0.0010519844,0.0010580254,0.0010699787,0.0,0.0010618587,0.0010482625,0.0010409291,0.0010519844,0.0010580254,0.0010699783,0.0,0.0010618587,0.0,0.0010322671,0.0010133686,0.0010692141,0.0010806302,0.0,0.0010618587,0.0010482625,0.0010409291,0.0010519844,0.0010580254,0.0010699778,0.0,0.0,0.0,0.0010322671,0.0010133686,0.0010692141,0.0010917061,0.0010734783,0.0010618587,0.0,0.0010322671,0.0010133686,0.0010692141,0.0010806326,0.0010735478,0.0,0.0,0.0010322671,0.0010133686,0.0010692141,0.0010917054,0.0010734962,0.0,0.0010482627,0.0,0.0010618587,0.0010482625,0.0010692141,0.0010734715,0.0,0.0,0.0010322671,0.0010133686,0.0010692141,0.001091706,0.0,0.0010618607,0.0,0.0010322671,0.0010133686,0.0010692141,0.0010806294,0.0,0.0,0.0010482644,0.0010618606,0.0,0.0010322671,0.0010618586,0.0010735034,0.0010618591,0.0,0.001032267,0.0010133686,0.0010692141,0.0010806296,0.0,0.0,0.0010482628,0.0010322671,0.00102283,0.0010334098,0.0011087137,0.0,0.0,0.0010482627,0.0,0.0010618587,0.0010482625,0.001069214,0.0,0.0010618642,0.0,0.0010618588,0.0,0.0010618587,0.0010482625,0.0,0.0,0.0010482926,0.0010322714,0.00102283,0.0010334098,0.0011087138,0.0,0.0010619072,0.0010618647,0.0010562274,0.0010675385,0.0,0.000990968,0.0,0.0010618616,0.0010482639,0.0,0.0010618592,0.0010482627,0.0010409307,0.0010734779,0.0010618587,0.0010482625,0.0,0.0010618587,0.0010482625,0.0010409293,0.0,0.001061859,0.0010482625,0.0010409291,0.0010519844,0.0010580254,0.0010699783,0.0010734685,0.0010618587,0.0010482625,0.0010409291,0.0010519844,0.0010580254,0.0010699783,0.0010735025,0.0,0.0,0.0010322671,0.0010133686,0.0010692141,0.0010917059,0.0010734753,0.0,0.0010482625,0.0010322671,0.00102283,0.0010334098,0.0011087134,0.0,0.0010618588,0.0,0.0010322671,0.0010133686,0.0010692141,0.0010806296,0.0010734852,0.0,0.0010482625,0.0010322671,0.00102283,0.0010334098,0.0011087132,0.0,0.0010618587,0.0010482625,0.0010409291,0.0010519844,0.0010580254,0.0010699783,0.0010734698,0.0010618587,0.0010482625,0.0010409291,0.0010519844,0.0010580254,0.0010699782,0.0,0.0010618595,0.0010482627,0.0010409291,0.0010519844,0.0010580254,0.0010699781,0.0,0.0,0.0010482627,0.0010322671,0.00102283,0.0010334098,0.0011087137,0.001073471,0.0010618587,0.0,0.0,0.0010618588,0.0010618587,0.0010562268,0.001073513,0.0,0.0010482628,0.0,0.0010618588,0.0010482625,0.0010692145,0.0010735894,0.0,0.0010618592,0.0010482627,0.0010409291,0.0,0.0010618588,0.0,0.0010618586,0.0,0.0010322671,0.0010133686,0.0010692143,0.0010806295,0.0010734767,0.0,0.0010482625,0.0010322671,0.00102283,0.0010334101,0.0011087105,0.001073493,0.0,0.0,0.0010322671,0.0010133686,0.0010692141,0.0010917061,0.0,0.0010618588,0.0010482628,0.0010409291,0.0010519844,0.0010580254,0.0010699783,0.001073496,0.0010618591,0.0010482627,0.0,0.0010618587,0.0010482627,0.00104093,0.0010734707,0.0,0.0010482627,0.0010322672,0.00102283,0.0010334098,0.001108713,0.0010734728,0.0,0.0010482628,0.0010322671,0.00102283,0.00103341,0.0011087134,0.0,0.0010618587,0.0010618588,0.0010562264,0.0010675384,0.0,0.0009909983,0.0010735078,0.0,0.0010482627,0.0010322671,0.00102283,0.0010334098,0.0011087137,0.0010734732,0.0,0.0,0.0010322671,0.0010133686,0.0010692143,0.0010917061,0.001073554,0.0010618595,0.0,0.0010322683,0.0010133688,0.0010692143,0.0010806312,0.0,0.0010618588,0.0010482625,0.0010409291,0.0010519844,0.0010580254,0.0010699782,0.0,0.0010618607,0.0,0.0010322671,0.0010133686,0.0010692141,0.0010806296,0.0,0.0010618588,0.0010482628,0.0010409291,0.0010519844,0.0010580254,0.0010699781,0.0010734808,0.0010618587,0.0010482627,0.0010409293,0.0010519844,0.0010580254,0.0010699782,0.0,0.0,0.0,0.0010322671,0.0010133686,0.0010692141,0.001091706,0.0010734682,0.0010618587,0.0,0.0010322671,0.0010133686,0.0010692141,0.0010806298,0.0010734833,0.0010618588,0.0010482625,0.0010692141,0.0,0.0010322671,0.001013369,0.0,0.0010618587,0.0010482627,0.0010409291,0.0010519844,0.0010580254,0.0010699782,0.0,0.0010618587,0.0010482625,0.0010409291,0.0010519844,0.0010580254,0.0010699781,0.0,0.0010618594,0.0010482627,0.0010409291,0.0010519844,0.0010580254,0.0010699779,0.0010734785,0.0010618587,0.0010482627,0.0010409291,0.0010519844,0.0010580254,0.0010699783,0.0,0.0,0.0010482625,0.0010322671,0.00102283,0.0010334098,0.0011087134,0.0,0.0010618587,0.0010482625,0.0010409291,0.0010519844,0.0010580254,0.0010699783,0.0010736984,0.0010618606,0.0010482627,0.0010409292,0.0010519844,0.0010580254,0.0010699783
k__Bacteria|p__Bacteroidetes|c__Bacteroidia|o__Bacteroidales|f__Bacteroidaceae|g__Bacteroides|s__Bacteroides_sp_L10_4,0.0,0.0010621579,0.0010484811,0.0010410227,0.0010518495,0.001057668,0.0010694609,0.0,0.0010621584,0.0010484811,0.0010410227,0.0010518495,0.001057668,0.0010694608,0.0,0.0,0.0010484939,0.0010324094,0.0010228342,0.0010331806,0.0011087077,0.0010738801,0.0,0.0010484811,0.0010324002,0.0010228339,0.0010331806,0.0011087075,0.0,0.0,0.0010484811,0.0010324002,0.0010228339,0.0010331806,0.0011087077,0.0010738437,0.001062158,0.0010484811,0.0010410227,0.0010518495,0.001057668,0.0010694609,0.0,0.0010621583,0.0010484812,0.0010410227,0.0010518495,0.001057668,0.001069461,0.0010738439,0.001062158,0.0010484811,0.0010410227,0.0010518495,0.001057668,0.0010694608,0.0,0.0010621581,0.0010484814,0.0010410228,0.0010518495,0.001057668,0.0010694615,0.0,0.0010621584,0.0010484811,0.0010410227,0.0010518495,0.001057668,0.0010694609,0.0,0.0010621584,0.0,0.0010324002,0.0010134117,0.0010694739,0.0010806712,0.0,0.0010621583,0.0010484811,0.0010410227,0.0010518495,0.001057668,0.0010694606,0.0,0.0,0.0,0.0010324002,0.0010134117,0.0010694739,0.001091827,0.001073853,0.0010621584,0.0,0.0010324002,0.0010134117,0.0010694739,0.0010806733,0.0010739099,0.0,0.0,0.0010324003,0.0010134117,0.0010694739,0.001091827,0.0010738678,0.0,0.0010484811,0.0,0.0010621583,0.0010484811,0.0010694738,0.001073846,0.0,0.0,0.0010324002,0.0010134117,0.0010694739,0.0010918269,0.0,0.0010621592,0.0,0.0010324002,0.0010134117,0.0010694739,0.0010806702,0.0,0.0,0.0010484819,0.0010621592,0.0,0.0010324002,0.0010621581,0.001073866,0.0010621584,0.0,0.0010324002,0.0010134117,0.0010694739,0.0010806704,0.0,0.0,0.0010484812,0.0010324002,0.0010228339,0.0010331806,0.0011087079,0.0,0.0,0.0010484811,0.0,0.001062158,0.0010484811,0.0010694738,0.0,0.0010621607,0.0,0.0010621584,0.0,0.001062158,0.0010484812,0.0,0.0,0.0010484966,0.0010324026,0.0010228339,0.0010331806,0.0011087075,0.0,0.0010621886,0.0010621616,0.0010564061,0.0010674936,0.0,0.000990917,0.0,0.0010621597,0.0010484818,0.0,0.0010621584,0.0010484812,0.0010410243,0.0010738507,0.001062158,0.0010484811,0.0,0.001062158,0.0010484811,0.0010410234,0.0,0.0010621584,0.0010484812,0.0010410227,0.0010518495,0.001057668,0.0010694609,0.0010738438,0.001062158,0.0010484811,0.0010410227,0.0010518495,0.001057668,0.0010694609,0.0010738682,0.0,0.0,0.0010324002,0.0010134117,0.0010694739,0.0010918272,0.0010738486,0.0,0.0010484811,0.0010324002,0.0010228339,0.0010331806,0.0011087076,0.0,0.0010621584,0.0,0.0010324002,0.0010134117,0.0010694739,0.0010806702,0.0010738594,0.0,0.0010484811,0.0010324002,0.0010228339,0.0010331806,0.0011087097,0.0,0.0010621583,0.0010484811,0.0010410227,0.0010518495,0.001057668,0.0010694611,0.0010738448,0.001062158,0.0010484811,0.0010410227,0.0010518495,0.001057668,0.0010694609,0.0,0.0010621585,0.0010484812,0.0010410227,0.0010518495,0.001057668,0.0010694609,0.0,0.0,0.0010484811,0.0010324002,0.0010228339,0.0010331806,0.0011087075,0.0010738465,0.001062158,0.0,0.0,0.0010621581,0.0010621584,0.0010564056,0.0010738816,0.0,0.0010484812,0.0,0.0010621584,0.0010484811,0.0010694751,0.0010739482,0.0,0.0010621584,0.0010484812,0.0010410227,0.0,0.0010621584,0.0,0.0010621579,0.0,0.0010324002,0.0010134117,0.0010694738,0.0010806737,0.0010738494,0.0,0.0010484811,0.0010324002,0.0010228339,0.001033181,0.0011087193,0.0010738587,0.0,0.0,0.0010324002,0.0010134117,0.0010694739,0.0010918272,0.0,0.0010621584,0.0010484812,0.0010410227,0.0010518495,0.001057668,0.0010694608,0.0010738795,0.0010621583,0.0010484812,0.0,0.001062158,0.0010484811,0.0010410236,0.0010738458,0.0,0.0010484812,0.0010324004,0.0010228339,0.0010331806,0.0011087074,0.0010738471,0.0,0.0010484812,0.0010324002,0.0010228339,0.0010331807,0.0011087079,0.0,0.0010621583,0.0010621584,0.0010564056,0.0010674937,0.0,0.000990944,0.001073876,0.0,0.0010484812,0.0010324002,0.0010228339,0.0010331806,0.0011087077,0.0010738479,0.0,0.0,0.0010324002,0.0010134117,0.0010694739,0.0010918272,0.0010739111,0.0010621586,0.0,0.0010324011,0.0010134119,0.0010694739,0.0010806721,0.0,0.001062158,0.0010484812,0.0010410227,0.0010518495,0.001057668,0.0010694609,0.0,0.0010621591,0.0,0.0010324002,0.0010134117,0.0010694739,0.0010806702,0.0,0.0010621583,0.0010484812,0.0010410227,0.0010518495,0.001057668,0.0010694609,0.001073854,0.0010621583,0.0010484811,0.0010410228,0.0010518495,0.001057668,0.001069461,0.0,0.0,0.0,0.0010324002,0.0010134117,0.0010694739,0.0010918272,0.0010738435,0.001062158,0.0,0.0010324002,0.0010134117,0.0010694739,0.0010806707,0.0010738538,0.001062158,0.0010484811,0.0010694739,0.0,0.0010324002,0.0010134119,0.0,0.001062158,0.0010484811,0.0010410227,0.0010518495,0.001057668,0.001069461,0.0,0.0010621583,0.0010484811,0.0010410227,0.0010518495,0.001057668,0.0010694609,0.0,0.0010621585,0.0010484812,0.0010410227,0.0010518495,0.001057668,0.0010694616,0.001073851,0.0010621583,0.0010484811,0.0010410227,0.0010518495,0.001057668,0.0010694611,0.0,0.0,0.0010484811,0.0010324002,0.0010228339,0.0010331806,0.0011087076,0.0,0.001062158,0.0010484811,0.0010410227,0.0010518495,0.001057668,0.0010694609,0.0010740368,0.0010621591,0.0010484811,0.0010410227,0.0010518495,0.001057668,0.0010694617
k__Bacteria|p__Bacteroidetes|c__Bacteroidia|o__Bacteroidales|f__Porphyromonadaceae|g__Porphyromonas|s__Porphyromonas_sp_HMSC065F10,0.0,0.0010621843,0.0010485176,0.0010410739,0.0010519251,0.0010577677,0.0010695772,0.0,0.0010621843,0.0010485176,0.0010410739,0.0010519251,0.0010577677,0.0010695772,0.0,0.0,0.0010485117,0.0010324442,0.0010228959,0.0010332682,0.0011087604,0.0010738578,0.0,0.0010485176,0.0010324477,0.001022896,0.0010332682,0.0011087614,0.0,0.0,0.0010485176,0.0010324477,0.001022896,0.0010332682,0.0011087614,0.0010738599,0.0010621842,0.0010485176,0.0010410739,0.0010519251,0.0010577677,0.0010695771,0.0,0.0010621841,0.0010485176,0.0010410739,0.0010519251,0.0010577677,0.0010695766,0.00107386,0.0010621842,0.0010485176,0.0010410739,0.0010519251,0.0010577677,0.0010695772,0.0,0.0010621842,0.0010485172,0.001041074,0.0010519251,0.0010577677,0.0010695773,0.0,0.0010621843,0.0010485176,0.0010410739,0.0010519251,0.0010577677,0.0010695772,0.0,0.0010621843,0.0,0.0010324477,0.0010134702,0.0010695041,0.0010807217,0.0,0.0010621842,0.0010485176,0.0010410739,0.0010519251,0.0010577677,0.001069577,0.0,0.0,0.0,0.0010324477,0.0010134702,0.0010695037,0.0010918683,0.0010738599,0.0010621843,0.0,0.0010324477,0.0010134702,0.0010695041,0.0010807158,0.0010738475,0.0,0.0,0.0010324476,0.0010134702,0.0010695041,0.0010918686,0.0010738574,0.0,0.0010485176,0.0,0.0010621842,0.0010485176,0.0010695036,0.0010738593,0.0,0.0,0.0010324477,0.0010134702,0.0010695041,0.0010918693,0.0,0.0010621835,0.0,0.0010324474,0.0010134702,0.0010695041,0.0010807224,0.0,0.0,0.0010485173,0.0010621842,0.0,0.0010324477,0.0010621842,0.0010738593,0.0010621842,0.0,0.0010324474,0.0010134702,0.0010695041,0.0010807232,0.0,0.0,0.0010485178,0.0010324477,0.001022896,0.0010332682,0.0011087608,0.0,0.0,0.0010485176,0.0,0.0010621842,0.0010485176,0.0010695037,0.0,0.0010621818,0.0,0.0010621845,0.0,0.0010621842,0.0010485178,0.0,0.0,0.0010485149,0.0010324464,0.0010228961,0.0010332682,0.0011087601,0.0,0.0010621605,0.0010621813,0.0010564454,0.0010675576,0.0,0.0009909741,0.0,0.001062183,0.0010485171,0.0,0.0010621842,0.0010485178,0.001041072,0.0010738604,0.0010621842,0.0010485176,0.0,0.0010621842,0.0010485176,0.0010410734,0.0,0.0010621846,0.0010485178,0.0010410739,0.0010519251,0.0010577677,0.0010695771,0.0010738601,0.0010621842,0.0010485176,0.0010410739,0.0010519251,0.0010577677,0.0010695772,0.0010738575,0.0,0.0,0.0010324477,0.0010134702,0.0010695041,0.0010918697,0.0010738578,0.0,0.0010485176,0.0010324477,0.001022896,0.0010332682,0.0011087606,0.0,0.0010621845,0.0,0.0010324477,0.0010134702,0.0010695041,0.0010807231,0.0010738557,0.0,0.0010485176,0.0010324477,0.001022896,0.0010332682,0.0011087515,0.0,0.0010621842,0.0010485176,0.0010410739,0.0010519251,0.0010577677,0.0010695759,0.0010738603,0.0010621842,0.0010485176,0.0010410739,0.0010519251,0.0010577677,0.0010695771,0.0,0.0010621841,0.0010485178,0.0010410739,0.0010519251,0.0010577677,0.0010695768,0.0,0.0,0.0010485176,0.0010324477,0.001022896,0.0010332682,0.0011087615,0.0010738606,0.0010621842,0.0,0.0,0.0010621845,0.0010621843,0.0010564455,0.0010738596,0.0,0.0010485175,0.0,0.0010621845,0.0010485176,0.0010695007,0.0010738411,0.0,0.0010621845,0.0010485178,0.0010410739,0.0,0.0010621839,0.0,0.0010621842,0.0,0.0010324477,0.0010134702,0.0010695037,0.0010807179,0.0010738601,0.0,0.0010485176,0.0010324477,0.0010228961,0.0010332679,0.0011086983,0.0010738564,0.0,0.0,0.0010324477,0.0010134702,0.0010695041,0.0010918695,0.0,0.0010621845,0.0010485178,0.0010410739,0.0010519251,0.0010577677,0.0010695772,0.0010738898,0.0010621845,0.0010485178,0.0,0.0010621843,0.0010485176,0.0010410736,0.0010738599,0.0,0.0010485178,0.0010324476,0.001022896,0.0010332682,0.0011087592,0.001073859,0.0,0.0010485178,0.0010324473,0.0010228961,0.0010332683,0.0011087586,0.0,0.0010621845,0.0010621845,0.0010564455,0.0010675574,0.0,0.0009909758,0.0010738578,0.0,0.0010485178,0.0010324477,0.001022896,0.0010332682,0.0011087614,0.0010738601,0.0,0.0,0.0010324477,0.0010134702,0.0010695041,0.0010918691,0.0010738577,0.0010621836,0.0,0.0010324473,0.0010134703,0.0010695037,0.0010807175,0.0,0.0010621845,0.0010485178,0.0010410739,0.0010519251,0.0010577677,0.0010695771,0.0,0.0010621836,0.0,0.0010324474,0.0010134702,0.0010695041,0.0010807231,0.0,0.0010621845,0.0010485178,0.0010410739,0.0010519251,0.0010577677,0.0010695772,0.001073854,0.0010621841,0.0010485176,0.0010410738,0.0010519249,0.0010577677,0.0010695767,0.0,0.0,0.0,0.0010324477,0.0010134702,0.0010695041,0.0010918693,0.00107386,0.0010621842,0.0,0.0010324477,0.0010134702,0.0010695041,0.0010807221,0.0010738577,0.0010621845,0.0010485176,0.0010695041,0.0,0.0010324477,0.0010134703,0.0,0.0010621842,0.0010485176,0.0010410739,0.0010519251,0.0010577677,0.0010695762,0.0,0.0010621842,0.0010485176,0.0010410739,0.0010519251,0.0010577677,0.001069577,0.0,0.0010621838,0.0010485178,0.0010410739,0.0010519249,0.0010577677,0.0010695757,0.001073857,0.0010621842,0.0010485176,0.0010410739,0.0010519251,0.0010577677,0.001069577,0.0,0.0,0.0010485176,0.0010324477,0.001022896,0.0010332682,0.0011087608,0.0,0.0010621842,0.0010485176,0.0010410739,0.0010519251,0.0010577677,0.0010695772,0.0010738274,0.0010621835,0.0010485176,0.0010410739,0.0010519249,0.0010577677,0.0010695751
k__Bacteria|p__Bacteroidetes|c__Bacteroidia|o__Bacteroidales|f__Odoribacteraceae|g__Butyricimonas|s__Butyricimonas_faecihominis,0.0,0.0010624592,0.0010486976,0.001041108,0.0010516954,0.0010572805,0.0010689065,0.0,0.0010624594,0.0010486976,0.001041108,0.0010516954,0.0010572805,0.0010689064,0.0,0.0,0.0010487019,0.0010325295,0.001022825,0.0010329275,0.0011086907,0.001074236,0.0,0.0010486976,0.001032527,0.0010228247,0.0010329275,0.0011086904,0.0,0.0,0.0010486976,0.001032527,0.0010228247,0.0010329275,0.0011086904,0.0010742251,0.0010624594,0.0010486976,0.001041108,0.0010516954,0.0010572805,0.0010689064,0.0,0.0010624598,0.0010486976,0.001041108,0.0010516954,0.0010572805,0.0010689073,0.001074225,0.0010624594,0.0010486976,0.001041108,0.0010516954,0.0010572805,0.0010689064,0.0,0.0010624595,0.001048698,0.0010411082,0.0010516954,0.0010572805,0.001068907,0.0,0.0010624594,0.0010486976,0.001041108,0.0010516954,0.0010572805,0.0010689064,0.0,0.0010624594,0.0,0.001032527,0.001013444,0.001069734,0.0010807023,0.0,0.0010624594,0.0010486976,0.001041108,0.0010516954,0.0010572805,0.0010689072,0.0,0.0,0.0,0.001032527,0.001013444,0.001069734,0.0010919449,0.0010742297,0.0010624594,0.0,0.001032527,0.001013444,0.001069734,0.0010807071,0.0010742571,0.0,0.0,0.0010325272,0.001013444,0.001069734,0.0010919444,0.0010742345,0.0,0.0010486976,0.0,0.0010624594,0.0010486976,0.001069734,0.0010742266,0.0,0.0,0.001032527,0.001013444,0.001069734,0.0010919425,0.0,0.0010624599,0.0,0.001032527,0.001013444,0.001069734,0.0010807012,0.0,0.0,0.0010486981,0.00106246,0.0,0.001032527,0.0010624598,0.0010742337,0.0010624595,0.0,0.001032527,0.001013444,0.001069734,0.0010807008,0.0,0.0,0.0010486977,0.001032527,0.0010228247,0.0010329275,0.0011086904,0.0,0.0,0.0010486976,0.0,0.0010624594,0.0010486976,0.001069734,0.0,0.0010624605,0.0,0.0010624595,0.0,0.0010624594,0.0010486977,0.0,0.0,0.0010487009,0.0010325274,0.0010228246,0.0010329275,0.0011086906,0.0,0.0010624697,0.0010624601,0.0010565807,0.0010674343,0.0,0.0009908541,0.0,0.0010624606,0.0010486979,0.0,0.0010624597,0.0010486976,0.0010411103,0.0010742268,0.0010624594,0.0010486976,0.0,0.0010624594,0.0010486976,0.0010411092,0.0,0.0010624594,0.0010486977,0.001041108,0.0010516954,0.0010572805,0.0010689064,0.001074225,0.0010624594,0.0010486976,0.001041108,0.0010516954,0.0010572805,0.0010689064,0.0010742383,0.0,0.0,0.001032527,0.001013444,0.001069734,0.0010919425,0.0010742266,0.0,0.0010486976,0.001032527,0.0010228247,0.0010329275,0.0011086903,0.0,0.0010624595,0.0,0.001032527,0.001013444,0.001069734,0.0010807008,0.0010742325,0.0,0.0010486976,0.001032527,0.0010228247,0.0010329275,0.001108697,0.0,0.0010624594,0.0010486976,0.001041108,0.0010516954,0.0010572805,0.0010689081,0.0010742251,0.0010624594,0.0010486976,0.001041108,0.0010516954,0.0010572805,0.0010689064,0.0,0.0010624598,0.0010486976,0.001041108,0.0010516954,0.0010572805,0.0010689065,0.0,0.0,0.0010486976,0.001032527,0.0010228247,0.0010329275,0.0011086905,0.001074226,0.0010624594,0.0,0.0,0.0010624597,0.0010624594,0.0010565814,0.0010742396,0.0,0.0010486977,0.0,0.0010624595,0.0010486976,0.0010697375,0.001074275,0.0,0.0010624595,0.0010486976,0.001041108,0.0,0.0010624604,0.0,0.0010624594,0.0,0.001032527,0.001013444,0.001069734,0.0010807073,0.001074227,0.0,0.0010486976,0.001032527,0.0010228246,0.0010329278,0.001108748,0.0010742297,0.0,0.0,0.001032527,0.001013444,0.001069734,0.0010919422,0.0,0.0010624595,0.0010486977,0.001041108,0.0010516954,0.0010572805,0.0010689064,0.0010742266,0.0010624594,0.0010486976,0.0,0.0010624593,0.0010486976,0.0010411091,0.0010742262,0.0,0.0010486976,0.0010325271,0.0010228247,0.0010329275,0.0011086928,0.0010742266,0.0,0.0010486977,0.001032527,0.0010228246,0.0010329275,0.0011086921,0.0,0.0010624598,0.0010624597,0.0010565808,0.0010674343,0.0,0.000990891,0.0010742405,0.0,0.0010486976,0.001032527,0.0010228247,0.0010329275,0.0011086904,0.0010742281,0.0,0.0,0.001032527,0.001013444,0.001069734,0.0010919445,0.0010742489,0.0010624598,0.0,0.0010325274,0.0010134443,0.001069734,0.0010807083,0.0,0.0010624594,0.0010486976,0.001041108,0.0010516954,0.0010572805,0.0010689064,0.0,0.0010624598,0.0,0.001032527,0.001013444,0.001069734,0.0010807008,0.0,0.0010624595,0.0010486977,0.001041108,0.0010516954,0.0010572805,0.0010689064,0.001074233,0.0010624594,0.0010486976,0.0010411083,0.0010516954,0.0010572805,0.0010689069,0.0,0.0,0.0,0.001032527,0.001013444,0.001069734,0.0010919432,0.0010742246,0.0010624594,0.0,0.001032527,0.001013444,0.001069734,0.0010807017,0.0010742303,0.0010624594,0.0010486976,0.001069734,0.0,0.001032527,0.0010134443,0.0,0.0010624594,0.0010486976,0.001041108,0.0010516954,0.0010572805,0.0010689074,0.0,0.0010624594,0.0010486976,0.001041108,0.0010516954,0.0010572805,0.0010689064,0.0,0.0010624597,0.0010486976,0.001041108,0.0010516954,0.0010572805,0.0010689087,0.0010742286,0.0010624594,0.0010486976,0.001041108,0.0010516954,0.0010572805,0.001068907,0.0,0.0,0.0010486976,0.001032527,0.0010228247,0.0010329275,0.0011086907,0.0,0.0010624594,0.0010486976,0.001041108,0.0010516954,0.0010572805,0.0010689064,0.0010743057,0.0010624602,0.0010486976,0.0010411082,0.0010516954,0.0010572805,0.0010689092
k__Bacteria|p__Bacteroidetes|c__Bacteroidia|o__Bacteroidales|f__Odoribacteraceae|g__Butyricimonas|s__Butyricimonas_virosa,0.0,0.0010597109,0.0010461067,0.001038807,0.0010499924,0.0010561495,0.0010682137,0.0,0.0010597112,0.0010461067,0.001038807,0.0010499924,0.0010561495,0.0010682136,0.0,0.0,0.0010461096,0.0010301074,0.0010207039,0.0010314084,0.001106919,0.0010713409,0.0,0.0010461067,0.001030106,0.0010207038,0.0010314084,0.0011069189,0.0,0.0,0.0010461067,0.001030106,0.0010207038,0.0010314084,0.0011069188,0.0010713307,0.0010597112,0.0010461067,0.001038807,0.0010499924,0.0010561495,0.0010682136,0.0,0.0010597113,0.0010461069,0.001038807,0.0010499924,0.0010561495,0.0010682144,0.0010713309,0.0010597112,0.0010461067,0.001038807,0.0010499924,0.0010561495,0.0010682137,0.0,0.0010597111,0.0010461068,0.0010388071,0.0010499924,0.0010561495,0.0010682141,0.0,0.0010597112,0.0010461067,0.001038807,0.0010499924,0.0010561495,0.0010682136,0.0,0.0010597112,0.0,0.001030106,0.0010112068,0.0010671103,0.0010786677,0.0,0.0010597112,0.0010461067,0.001038807,0.0010499924,0.0010561495,0.0010682137,0.0,0.0,0.0,0.001030106,0.0010112068,0.0010671103,0.0010897603,0.0010713349,0.0010597112,0.0,0.001030106,0.0010112068,0.0010671103,0.0010786692,0.0010713624,0.0,0.0,0.0010301061,0.0010112068,0.0010671103,0.0010897608,0.0010713398,0.0,0.0010461067,0.0,0.0010597112,0.0010461067,0.0010671102,0.0010713317,0.0,0.0,0.001030106,0.0010112068,0.0010671103,0.0010897605,0.0,0.0010597112,0.0,0.001030106,0.0010112068,0.0010671103,0.001078667,0.0,0.0,0.0010461068,0.0010597117,0.0,0.001030106,0.0010597113,0.0010713342,0.0010597111,0.0,0.0010301061,0.0010112068,0.0010671103,0.0010786669,0.0,0.0,0.0010461069,0.001030106,0.0010207038,0.0010314084,0.0011069191,0.0,0.0,0.0010461067,0.0,0.0010597112,0.0010461067,0.0010671102,0.0,0.0010597103,0.0,0.0010597113,0.0,0.0010597112,0.0010461068,0.0,0.0,0.0010461082,0.0010301061,0.0010207038,0.0010314084,0.0011069187,0.0,0.0010597177,0.0010597114,0.0010541122,0.0010655602,0.0,0.000988809,0.0,0.0010597113,0.0010461067,0.0,0.0010597111,0.0010461069,0.0010388083,0.0010713317,0.0010597112,0.0010461067,0.0,0.0010597112,0.0010461067,0.0010388077,0.0,0.0010597113,0.0010461068,0.001038807,0.0010499924,0.0010561495,0.0010682137,0.001071331,0.0010597112,0.0010461067,0.001038807,0.0010499924,0.0010561495,0.0010682136,0.0010713434,0.0,0.0,0.001030106,0.0010112068,0.0010671103,0.0010897606,0.0010713331,0.0,0.0010461067,0.001030106,0.0010207038,0.0010314084,0.0011069188,0.0,0.0010597113,0.0,0.001030106,0.0010112068,0.0010671103,0.0010786669,0.0010713366,0.0,0.0010461067,0.001030106,0.0010207038,0.0010314084,0.001106921,0.0,0.0010597112,0.0010461067,0.001038807,0.0010499924,0.0010561495,0.0010682145,0.0010713311,0.0010597112,0.0010461067,0.001038807,0.0010499924,0.0010561495,0.0010682136,0.0,0.0010597113,0.0010461069,0.001038807,0.0010499924,0.0010561495,0.0010682137,0.0,0.0,0.0010461067,0.001030106,0.0010207038,0.0010314084,0.0011069189,0.0010713311,0.0010597112,0.0,0.0,0.0010597113,0.0010597112,0.0010541123,0.001071341,0.0,0.0010461067,0.0,0.0010597113,0.0010461067,0.0010671117,0.001071378,0.0,0.0010597111,0.0010461069,0.001038807,0.0,0.0010597114,0.0,0.0010597111,0.0,0.001030106,0.0010112068,0.0010671102,0.0010786714,0.0010713326,0.0,0.0010461067,0.001030106,0.0010207038,0.0010314087,0.0011069358,0.0010713328,0.0,0.0,0.001030106,0.0010112068,0.0010671103,0.0010897603,0.0,0.0010597113,0.0010461068,0.001038807,0.0010499924,0.0010561495,0.0010682136,0.0010713374,0.0010597113,0.0010461069,0.0,0.0010597112,0.0010461067,0.0010388076,0.001071332,0.0,0.0010461069,0.0010301061,0.0010207038,0.0010314084,0.0011069193,0.0010713312,0.0,0.0010461068,0.001030106,0.0010207038,0.0010314084,0.0011069196,0.0,0.0010597111,0.0010597112,0.0010541123,0.0010655598,0.0,0.0009888317,0.001071346,0.0,0.0010461069,0.001030106,0.0010207038,0.0010314084,0.0011069188,0.0010713318,0.0,0.0,0.001030106,0.0010112068,0.0010671103,0.0010897607,0.0010713594,0.0010597113,0.0,0.0010301067,0.0010112069,0.0010671103,0.0010786698,0.0,0.0010597113,0.0010461069,0.001038807,0.0010499924,0.0010561495,0.0010682136,0.0,0.0010597109,0.0,0.001030106,0.0010112068,0.0010671103,0.0010786669,0.0,0.0010597112,0.0010461069,0.001038807,0.0010499924,0.0010561495,0.0010682138,0.0010713356,0.001059711,0.0010461069,0.0010388071,0.0010499924,0.0010561495,0.001068214,0.0,0.0,0.0,0.001030106,0.0010112068,0.0010671103,0.0010897608,0.0010713309,0.0010597112,0.0,0.001030106,0.0010112068,0.0010671103,0.0010786672,0.0010713328,0.0010597113,0.0010461067,0.0010671103,0.0,0.001030106,0.0010112069,0.0,0.0010597112,0.0010461067,0.001038807,0.0010499924,0.0010561495,0.0010682142,0.0,0.0010597112,0.0010461067,0.001038807,0.0010499924,0.0010561495,0.0010682137,0.0,0.0010597112,0.0010461069,0.001038807,0.0010499924,0.0010561494,0.0010682148,0.0010713335,0.0010597112,0.0010461067,0.001038807,0.0010499924,0.0010561495,0.001068214,0.0,0.0,0.0010461067,0.001030106,0.0010207038,0.0010314084,0.001106919,0.0,0.0010597112,0.0010461067,0.001038807,0.0010499924,0.0010561495,0.0010682136,0.0010713702,0.0010597112,0.0010461069,0.001038807,0.0010499924,0.0010561494,0.0010682148
k__Bacteria|p__Bacteroidetes|c__Bacteroidia|o__Bacteroidales|f__Bacteroidales_unclassified|g__Bacteroidales_unclassified|s__Bacteroidales_bacterium,0.0,0.0010606785,0.0010470016,0.0010395746,0.0010505052,0.0010564176,0.0010682973,0.0,0.0010606786,0.0010470016,0.0010395746,0.0010505052,0.0010564176,0.0010682971,0.0,0.0,0.0010470282,0.0010309414,0.0010213898,0.0010318365,0.0011074897,0.001072402,0.0,0.0010470016,0.001030923,0.0010213888,0.0010318365,0.0011074889,0.0,0.0,0.0010470016,0.001030923,0.0010213888,0.0010318365,0.0011074888,0.0010723661,0.0010606783,0.0010470016,0.0010395746,0.0010505052,0.0010564176,0.001068297,0.0,0.0010606793,0.0010470017,0.0010395746,0.0010505052,0.0010564176,0.0010682975,0.001072366,0.0010606783,0.0010470016,0.0010395746,0.0010505052,0.0010564176,0.001068297,0.0,0.0010606787,0.0010470024,0.0010395747,0.0010505052,0.0010564176,0.0010682978,0.0,0.0010606786,0.0010470016,0.0010395746,0.0010505052,0.0010564176,0.0010682971,0.0,0.0010606786,0.0,0.001030923,0.00101194,0.0010680268,0.0010793364,0.0,0.0010606783,0.0010470016,0.0010395746,0.0010505052,0.0010564176,0.0010682978,0.0,0.0,0.0,0.001030923,0.00101194,0.0010680268,0.0010904999,0.001072375,0.0010606786,0.0,0.001030923,0.00101194,0.0010680268,0.0010793445,0.0010724439,0.0,0.0,0.001030923,0.00101194,0.0010680268,0.0010904988,0.0010723919,0.0,0.0010470016,0.0,0.0010606783,0.0010470016,0.0010680268,0.0010723697,0.0,0.0,0.001030923,0.00101194,0.0010680268,0.0010904971,0.0,0.0010606811,0.0,0.001030923,0.00101194,0.0010680268,0.0010793343,0.0,0.0,0.0010470033,0.0010606807,0.0,0.001030923,0.0010606786,0.0010724018,0.001060679,0.0,0.0010309229,0.00101194,0.0010680268,0.001079334,0.0,0.0,0.0010470017,0.001030923,0.0010213888,0.0010318365,0.0011074892,0.0,0.0,0.0010470016,0.0,0.0010606783,0.0010470016,0.0010680268,0.0,0.0010606857,0.0,0.0010606787,0.0,0.0010606783,0.0010470017,0.0,0.0,0.0010470343,0.001030928,0.001021389,0.0010318365,0.0011074898,0.0,0.001060751,0.0010606867,0.0010549576,0.0010661525,0.0,0.0009894646,0.0,0.0010606826,0.0010470032,0.0,0.0010606791,0.0010470016,0.0010395783,0.001072374,0.0010606783,0.0010470016,0.0,0.0010606783,0.0010470016,0.0010395757,0.0,0.0010606787,0.0010470017,0.0010395746,0.0010505052,0.0010564176,0.0010682972,0.001072366,0.0010606783,0.0010470016,0.0010395746,0.0010505052,0.0010564176,0.0010682971,0.0010723976,0.0,0.0,0.001030923,0.00101194,0.0010680268,0.001090497,0.0010723734,0.0,0.0010470016,0.001030923,0.0010213888,0.0010318365,0.001107489,0.0,0.0010606787,0.0,0.001030923,0.00101194,0.0010680268,0.001079334,0.001072385,0.0,0.0010470016,0.001030923,0.0010213888,0.0010318365,0.0011074985,0.0,0.0010606783,0.0010470016,0.0010395746,0.0010505052,0.0010564176,0.0010682988,0.0010723666,0.0010606783,0.0010470016,0.0010395746,0.0010505052,0.0010564176,0.001068297,0.0,0.0010606793,0.0010470016,0.0010395746,0.0010505052,0.0010564176,0.0010682973,0.0,0.0,0.0010470016,0.001030923,0.0010213888,0.0010318365,0.001107489,0.0010723678,0.0010606783,0.0,0.0,0.0010606787,0.0010606786,0.0010549576,0.0010724036,0.0,0.0010470019,0.0,0.0010606787,0.0010470016,0.001068031,0.0010724843,0.0,0.0010606787,0.0010470016,0.0010395746,0.0,0.0010606794,0.0,0.0010606785,0.0,0.001030923,0.00101194,0.0010680268,0.0010793413,0.0010723729,0.0,0.0010470016,0.001030923,0.0010213889,0.0010318368,0.0011075694,0.0010723885,0.0,0.0,0.001030923,0.00101194,0.0010680268,0.001090497,0.0,0.0010606787,0.0010470017,0.0010395746,0.0010505052,0.0010564176,0.0010682971,0.0010723594,0.0010606786,0.0010470016,0.0,0.0010606786,0.0010470016,0.0010395761,0.0010723688,0.0,0.0010470016,0.001030923,0.0010213888,0.0010318365,0.0011074913,0.0010723704,0.0,0.0010470017,0.001030923,0.001021389,0.0010318364,0.0011074912,0.0,0.0010606786,0.0010606787,0.0010549567,0.0010661527,0.0,0.0009895172,0.0010724037,0.0,0.0010470016,0.001030923,0.0010213888,0.0010318365,0.0011074885,0.0010723718,0.0,0.0,0.001030923,0.00101194,0.0010680268,0.001090499,0.0010724361,0.00106068,0.0,0.0010309245,0.0010119404,0.0010680269,0.0010793435,0.0,0.0010606787,0.0010470016,0.0010395746,0.0010505052,0.0010564176,0.001068297,0.0,0.0010606807,0.0,0.001030923,0.00101194,0.0010680268,0.001079334,0.0,0.0010606786,0.0010470017,0.0010395746,0.0010505052,0.0010564176,0.0010682973,0.0010723821,0.0010606786,0.0010470016,0.001039575,0.0010505052,0.0010564176,0.0010682973,0.0,0.0,0.0,0.001030923,0.00101194,0.0010680268,0.0010904974,0.0010723654,0.0010606783,0.0,0.001030923,0.00101194,0.0010680268,0.0010793351,0.0010723809,0.0010606787,0.0010470016,0.0010680268,0.0,0.001030923,0.0010119401,0.0,0.0010606783,0.0010470016,0.0010395746,0.0010505052,0.0010564176,0.0010682979,0.0,0.0010606785,0.0010470016,0.0010395746,0.0010505052,0.0010564176,0.0010682974,0.0,0.0010606797,0.0010470016,0.0010395746,0.0010505052,0.0010564176,0.0010682995,0.001072377,0.0010606785,0.0010470016,0.0010395746,0.0010505052,0.0010564176,0.0010682975,0.0,0.0,0.0010470016,0.001030923,0.0010213888,0.0010318365,0.0011074892,0.0,0.0010606783,0.0010470016,0.0010395746,0.0010505052,0.0010564176,0.0010682971,0.0010725704,0.0010606812,0.0010470018,0.0010395745,0.0010505052,0.0010564176,0.0010683003
k__Bacteria|p__Bacteroidetes|c__Bacteroidia|o__Bacteroidales|f__Barnesiellaceae|g__Coprobacter|s__Coprobacter_fastidiosus,0.0,0.0010599955,0.0010462813,0.0010388149,0.0010496993,0.0010555612,0.0010674162,0.0,0.0010599954,0.0010462813,0.0010388149,0.0010496993,0.0010555612,0.001067416,0.0,0.0,0.0010462978,0.001030177,0.001020591,0.001030987,0.0011068113,0.0010717572,0.0,0.0010462813,0.0010301652,0.0010205901,0.001030987,0.0011068104,0.0,0.0,0.0010462813,0.0010301652,0.0010205901,0.001030987,0.0011068104,0.0010717185,0.0010599954,0.0010462813,0.0010388149,0.0010496993,0.0010555612,0.0010674157,0.0,0.0010599962,0.0010462818,0.0010388149,0.0010496993,0.0010555612,0.001067417,0.0010717186,0.0010599954,0.0010462813,0.0010388149,0.0010496993,0.0010555612,0.0010674162,0.0,0.0010599956,0.0010462822,0.0010388149,0.0010496993,0.0010555612,0.0010674167,0.0,0.0010599954,0.0010462813,0.0010388149,0.0010496993,0.0010555612,0.0010674158,0.0,0.0010599954,0.0,0.0010301652,0.001011144,0.0010673436,0.0010786148,0.0,0.0010599954,0.0010462813,0.0010388149,0.0010496993,0.0010555612,0.0010674169,0.0,0.0,0.0,0.0010301652,0.001011144,0.0010673436,0.0010898181,0.0010717288,0.0010599954,0.0,0.0010301652,0.001011144,0.0010673436,0.0010786224,0.0010717977,0.0,0.0,0.0010301652,0.001011144,0.0010673436,0.0010898174,0.0010717447,0.0,0.0010462813,0.0,0.0010599954,0.0010462813,0.0010673435,0.0010717221,0.0,0.0,0.0010301652,0.001011144,0.0010673434,0.0010898154,0.0,0.001059997,0.0,0.0010301652,0.001011144,0.0010673434,0.0010786126,0.0,0.0,0.0010462829,0.0010599967,0.0,0.0010301652,0.0010599956,0.0010717473,0.0010599956,0.0,0.0010301651,0.001011144,0.0010673434,0.0010786122,0.0,0.0,0.0010462818,0.0010301652,0.0010205901,0.001030987,0.001106811,0.0,0.0,0.0010462813,0.0,0.0010599954,0.0010462813,0.0010673435,0.0,0.0010600005,0.0,0.0010599955,0.0,0.0010599954,0.0010462818,0.0,0.0,0.0010462994,0.0010301684,0.0010205902,0.001030987,0.0011068115,0.0,0.0010600354,0.0010600003,0.0010542363,0.0010653889,0.0,0.0009886308,0.0,0.0010599985,0.0010462826,0.0,0.0010599956,0.0010462817,0.0010388185,0.0010717255,0.0010599954,0.0010462813,0.0,0.0010599954,0.0010462813,0.0010388165,0.0,0.0010599957,0.0010462814,0.0010388149,0.0010496993,0.0010555612,0.001067416,0.0010717186,0.0010599954,0.0010462813,0.0010388149,0.0010496993,0.0010555612,0.0010674158,0.0010717504,0.0,0.0,0.0010301652,0.001011144,0.0010673434,0.0010898154,0.0010717238,0.0,0.0010462813,0.0010301652,0.0010205901,0.001030987,0.0011068109,0.0,0.0010599955,0.0,0.0010301652,0.001011144,0.0010673434,0.001078612,0.0010717383,0.0,0.0010462813,0.0010301652,0.0010205901,0.001030987,0.0011068204,0.0,0.0010599954,0.0010462813,0.0010388149,0.0010496993,0.0010555612,0.0010674184,0.0010717191,0.0010599954,0.0010462813,0.0010388149,0.0010496993,0.0010555612,0.0010674157,0.0,0.0010599962,0.0010462817,0.0010388149,0.0010496993,0.0010555612,0.0010674162,0.0,0.0,0.0010462813,0.0010301652,0.0010205901,0.001030987,0.0011068109,0.0010717212,0.0010599954,0.0,0.0,0.0010599955,0.0010599954,0.0010542365,0.0010717622,0.0,0.0010462818,0.0,0.0010599955,0.0010462817,0.0010673482,0.0010718424,0.0,0.0010599956,0.0010462817,0.0010388149,0.0,0.0010599965,0.0,0.0010599954,0.0,0.0010301652,0.001011144,0.0010673436,0.0010786204,0.0010717253,0.0,0.0010462813,0.0010301652,0.0010205902,0.0010309875,0.001106886,0.0010717385,0.0,0.0,0.0010301652,0.001011144,0.0010673434,0.001089815,0.0,0.0010599955,0.0010462814,0.0010388149,0.0010496993,0.0010555612,0.0010674159,0.0010717312,0.0010599954,0.0010462814,0.0,0.0010599955,0.0010462813,0.0010388161,0.0010717211,0.0,0.0010462814,0.0010301652,0.0010205901,0.001030987,0.0011068137,0.0010717232,0.0,0.0010462814,0.0010301652,0.0010205902,0.0010309871,0.0011068133,0.0,0.0010599955,0.0010599957,0.0010542359,0.0010653891,0.0,0.0009886798,0.001071758,0.0,0.0010462817,0.0010301652,0.0010205901,0.001030987,0.0011068104,0.001071725,0.0,0.0,0.0010301652,0.001011144,0.0010673436,0.0010898175,0.0010717865,0.0010599963,0.0,0.0010301663,0.0010111446,0.0010673436,0.0010786225,0.0,0.0010599956,0.0010462814,0.0010388149,0.0010496993,0.0010555612,0.0010674157,0.0,0.0010599969,0.0,0.0010301652,0.001011144,0.0010673434,0.001078612,0.0,0.0010599956,0.0010462818,0.0010388149,0.0010496993,0.0010555612,0.0010674162,0.0010717358,0.0010599955,0.0010462818,0.001038815,0.0010496993,0.0010555612,0.0010674165,0.0,0.0,0.0,0.0010301652,0.001011144,0.0010673434,0.0010898161,0.0010717182,0.0010599954,0.0,0.0010301652,0.001011144,0.0010673434,0.0010786133,0.0010717347,0.0010599956,0.0010462813,0.0010673434,0.0,0.0010301652,0.0010111443,0.0,0.0010599954,0.0010462813,0.0010388149,0.0010496993,0.0010555612,0.0010674173,0.0,0.0010599954,0.0010462813,0.0010388149,0.0010496993,0.0010555612,0.0010674163,0.0,0.0010599958,0.0010462814,0.0010388149,0.0010496993,0.0010555616,0.001067419,0.0010717277,0.0010599954,0.0010462813,0.0010388149,0.0010496993,0.0010555612,0.0010674166,0.0,0.0,0.0010462813,0.0010301652,0.0010205901,0.001030987,0.0011068111,0.0,0.0010599954,0.0010462813,0.0010388149,0.0010496993,0.0010555612,0.0010674158,0.001071967,0.0010599974,0.0010462818,0.0010388149,0.0010496993,0.0010555616,0.00106742
k__Bacteria|p__Bacteroidetes|c__Bacteroidia|o__Bacteroidales|f__Odoribacteraceae|g__Odoribacter|s__Odoribacter_splanchnicus,0.0,0.0010602983,0.0010466229,0.0010392065,0.0010501685,0.0010561091,0.0010680141,0.0,0.0010602983,0.0010466229,0.0010392065,0.0010501685,0.0010561091,0.0010680138,0.0,0.0,0.0010466324,0.0010305535,0.0010210242,0.0010315016,0.0011071812,0.0010719922,0.0,0.0010466229,0.0010305467,0.0010210236,0.0010315016,0.0011071808,0.0,0.0,0.0010466229,0.0010305467,0.0010210236,0.0010315016,0.0011071806,0.0010719843,0.0010602982,0.0010466229,0.0010392065,0.0010501685,0.0010561091,0.001068014,0.0,0.0010602986,0.0010466231,0.0010392065,0.0010501685,0.0010561091,0.0010680142,0.0010719844,0.0010602982,0.0010466229,0.0010392065,0.0010501685,0.0010561091,0.0010680141,0.0,0.0010602984,0.0010466232,0.0010392066,0.0010501685,0.0010561091,0.0010680147,0.0,0.0010602983,0.0010466229,0.0010392065,0.0010501685,0.0010561091,0.001068014,0.0,0.0010602983,0.0,0.0010305467,0.001011567,0.0010676556,0.0010789967,0.0,0.0010602982,0.0010466229,0.0010392065,0.0010501685,0.0010561091,0.0010680145,0.0,0.0,0.0,0.0010305467,0.001011567,0.0010676556,0.0010901605,0.0010719866,0.0010602983,0.0,0.0010305467,0.001011567,0.0010676556,0.001079002,0.0010720117,0.0,0.0,0.0010305467,0.001011567,0.0010676556,0.0010901598,0.0010719917,0.0,0.0010466229,0.0,0.0010602982,0.0010466229,0.0010676555,0.0010719856,0.0,0.0,0.0010305467,0.001011567,0.0010676556,0.0010901584,0.0,0.001060299,0.0,0.0010305467,0.001011567,0.0010676556,0.0010789958,0.0,0.0,0.0010466235,0.0010602989,0.0,0.0010305467,0.0010602984,0.0010719936,0.0010602984,0.0,0.0010305467,0.001011567,0.0010676556,0.0010789954,0.0,0.0,0.001046623,0.0010305467,0.0010210236,0.0010315016,0.001107181,0.0,0.0,0.0010466229,0.0,0.0010602982,0.0010466229,0.0010676556,0.0,0.0010603003,0.0,0.0010602984,0.0,0.0010602982,0.001046623,0.0,0.0,0.0010466331,0.0010305484,0.0010210236,0.0010315016,0.0011071813,0.0,0.0010603245,0.0010603009,0.0010545871,0.0010658145,0.0,0.0009890896,0.0,0.0010602997,0.0010466233,0.0,0.0010602985,0.001046623,0.0010392086,0.0010719856,0.0010602982,0.0010466229,0.0,0.0010602982,0.0010466229,0.0010392074,0.0,0.0010602985,0.001046623,0.0010392065,0.0010501685,0.0010561091,0.0010680141,0.0010719843,0.0010602982,0.0010466229,0.0010392065,0.0010501685,0.0010561091,0.001068014,0.0010719945,0.0,0.0,0.0010305467,0.001011567,0.0010676556,0.0010901582,0.0010719869,0.0,0.0010466229,0.0010305467,0.0010210236,0.0010315016,0.0011071808,0.0,0.0010602984,0.0,0.0010305467,0.001011567,0.0010676556,0.0010789953,0.0010719894,0.0,0.0010466229,0.0010305467,0.0010210236,0.0010315016,0.0011071868,0.0,0.0010602982,0.0010466229,0.0010392065,0.0010501685,0.0010561091,0.0010680157,0.0010719844,0.0010602982,0.0010466229,0.0010392065,0.0010501685,0.0010561091,0.001068014,0.0,0.0010602986,0.001046623,0.0010392065,0.0010501685,0.0010561091,0.0010680141,0.0,0.0,0.0010466229,0.0010305467,0.0010210236,0.0010315016,0.0011071808,0.0010719848,0.0010602982,0.0,0.0,0.0010602984,0.0010602983,0.0010545874,0.0010719938,0.0,0.0010466231,0.0,0.0010602984,0.0010466229,0.0010676576,0.0010720263,0.0,0.0010602985,0.001046623,0.0010392065,0.0,0.001060299,0.0,0.0010602982,0.0,0.0010305467,0.001011567,0.0010676556,0.0010789987,0.0010719856,0.0,0.0010466229,0.0010305467,0.0010210236,0.001031502,0.0011072325,0.0010719894,0.0,0.0,0.0010305467,0.001011567,0.0010676556,0.0010901582,0.0,0.0010602984,0.001046623,0.0010392065,0.0010501685,0.0010561091,0.001068014,0.0010719764,0.0010602984,0.001046623,0.0,0.0010602984,0.0010466229,0.0010392073,0.0010719853,0.0,0.001046623,0.0010305468,0.0010210236,0.0010315016,0.0011071824,0.0010719856,0.0,0.001046623,0.0010305467,0.0010210236,0.0010315017,0.0011071821,0.0,0.0010602984,0.0010602985,0.0010545867,0.0010658145,0.0,0.0009891264,0.001071998,0.0,0.001046623,0.0010305467,0.0010210236,0.0010315016,0.0011071806,0.0010719865,0.0,0.0,0.0010305467,0.001011567,0.0010676556,0.0010901599,0.0010720036,0.0010602986,0.0,0.0010305477,0.0010115671,0.0010676556,0.0010790016,0.0,0.0010602984,0.001046623,0.0010392065,0.0010501685,0.0010561091,0.0010680138,0.0,0.0010602989,0.0,0.0010305467,0.001011567,0.0010676556,0.0010789953,0.0,0.0010602984,0.001046623,0.0010392065,0.0010501685,0.0010561091,0.0010680141,0.0010719907,0.0010602984,0.001046623,0.0010392066,0.0010501685,0.0010561091,0.0010680143,0.0,0.0,0.0,0.0010305467,0.001011567,0.0010676556,0.0010901586,0.001071984,0.0010602982,0.0,0.0010305467,0.001011567,0.0010676556,0.001078996,0.0010719885,0.0010602984,0.0010466229,0.0010676556,0.0,0.0010305467,0.0010115672,0.0,0.0010602982,0.0010466229,0.0010392065,0.0010501685,0.0010561091,0.0010680148,0.0,0.0010602982,0.0010466229,0.0010392065,0.0010501685,0.0010561091,0.0010680141,0.0,0.0010602985,0.001046623,0.0010392065,0.0010501685,0.0010561091,0.0010680158,0.0010719878,0.0010602982,0.0010466229,0.0010392065,0.0010501685,0.0010561091,0.0010680143,0.0,0.0,0.0010466229,0.0010305467,0.0010210236,0.0010315016,0.0011071812,0.0,0.0010602982,0.0010466229,0.0010392065,0.0010501685,0.0010561091,0.001068014,0.0010720494,0.0010602991,0.001046623,0.0010392065,0.0010501685,0.0010561091,0.0010680167
k__Bacteria|p__Bacteroidetes|c__Bacteroidia|o__Bacteroidales|f__Rikenellaceae|g__Alistipes|s__Alistipes_shahii,0.0,0.0010581593,0.0010445039,0.0010371625,0.0010483264,0.0010544528,0.0010665181,0.0,0.0010581594,0.0010445039,0.0010371625,0.0010483264,0.0010544528,0.001066518,0.0,0.0,0.0010445068,0.0010284539,0.0010190067,0.0010296826,0.0011054812,0.001069847,0.0,0.0010445039,0.0010284522,0.0010190066,0.0010296826,0.0011054807,0.0,0.0,0.0010445039,0.0010284522,0.0010190066,0.0010296826,0.0011054807,0.0010698289,0.0010581593,0.0010445039,0.0010371625,0.0010483264,0.0010544528,0.001066518,0.0,0.0010581593,0.0010445041,0.0010371625,0.0010483264,0.0010544528,0.0010665193,0.0010698292,0.0010581593,0.0010445039,0.0010371625,0.0010483264,0.0010544528,0.0010665181,0.0,0.0010581595,0.0010445045,0.0010371626,0.0010483264,0.0010544528,0.0010665187,0.0,0.0010581594,0.0010445039,0.0010371625,0.0010483264,0.0010544528,0.0010665181,0.0,0.0010581594,0.0,0.0010284522,0.0010095027,0.0010655717,0.0010771215,0.0,0.0010581593,0.0010445039,0.0010371625,0.0010483264,0.0010544528,0.0010665186,0.0,0.0,0.0,0.0010284522,0.0010095027,0.0010655717,0.0010882724,0.0010698342,0.0010581594,0.0,0.0010284522,0.0010095027,0.0010655717,0.0010771245,0.0010698594,0.0,0.0,0.0010284524,0.0010095027,0.0010655717,0.0010882725,0.0010698414,0.0,0.0010445039,0.0,0.0010581593,0.0010445039,0.0010655716,0.0010698296,0.0,0.0,0.0010284522,0.0010095027,0.0010655717,0.0010882716,0.0,0.0010581593,0.0,0.0010284522,0.0010095027,0.0010655717,0.0010771208,0.0,0.0,0.0010445041,0.0010581592,0.0,0.0010284522,0.0010581596,0.0010698333,0.0010581595,0.0,0.0010284522,0.0010095027,0.0010655717,0.0010771204,0.0,0.0,0.0010445041,0.0010284522,0.0010190066,0.0010296826,0.0011054807,0.0,0.0,0.0010445039,0.0,0.0010581593,0.0010445039,0.0010655717,0.0,0.0010581594,0.0,0.0010581594,0.0,0.0010581593,0.001044504,0.0,0.0,0.0010445024,0.0010284523,0.0010190066,0.0010296826,0.0011054807,0.0,0.0010581599,0.0010581595,0.0010525205,0.0010639541,0.0,0.0009870604,0.0,0.0010581594,0.001044504,0.0,0.0010581593,0.0010445041,0.0010371644,0.0010698315,0.0010581593,0.0010445039,0.0,0.0010581593,0.0010445039,0.0010371634,0.0,0.0010581595,0.001044504,0.0010371625,0.0010483264,0.0010544528,0.001066518,0.0010698291,0.0010581593,0.0010445039,0.0010371625,0.0010483264,0.0010544528,0.0010665181,0.0010698391,0.0,0.0,0.0010284522,0.0010095027,0.0010655717,0.0010882716,0.0010698292,0.0,0.0010445039,0.0010284522,0.0010190066,0.0010296826,0.0011054806,0.0,0.0010581594,0.0,0.0010284522,0.0010095027,0.0010655717,0.0010771203,0.001069838,0.0,0.0010445039,0.0010284522,0.0010190066,0.0010296826,0.0011054849,0.0,0.0010581593,0.0010445039,0.0010371625,0.0010483264,0.0010544528,0.0010665194,0.0010698294,0.0010581593,0.0010445039,0.0010371625,0.0010483264,0.0010544528,0.001066518,0.0,0.0010581593,0.0010445041,0.0010371625,0.0010483264,0.0010544528,0.0010665181,0.0,0.0,0.0010445039,0.0010284522,0.0010190066,0.0010296826,0.0011054808,0.0010698303,0.0010581593,0.0,0.0,0.0010581594,0.0010581594,0.0010525209,0.001069848,0.0,0.0010445041,0.0,0.0010581594,0.0010445039,0.0010655749,0.001069888,0.0,0.0010581594,0.0010445041,0.0010371625,0.0,0.0010581599,0.0,0.0010581592,0.0,0.0010284522,0.0010095027,0.0010655716,0.0010771267,0.001069831,0.0,0.0010445039,0.0010284522,0.0010190066,0.0010296829,0.0011055128,0.0010698339,0.0,0.0,0.0010284522,0.0010095027,0.0010655717,0.0010882716,0.0,0.0010581594,0.001044504,0.0010371625,0.0010483264,0.0010544528,0.001066518,0.0010698554,0.0010581593,0.0010445041,0.0,0.0010581593,0.0010445039,0.0010371628,0.0010698296,0.0,0.0010445041,0.0010284524,0.0010190066,0.0010296826,0.0011054822,0.0010698305,0.0,0.001044504,0.0010284522,0.0010190066,0.0010296827,0.0011054818,0.0,0.0010581593,0.0010581594,0.0010525206,0.001063954,0.0,0.0009870896,0.0010698419,0.0,0.0010445041,0.0010284522,0.0010190066,0.0010296826,0.0011054807,0.0010698317,0.0,0.0,0.0010284522,0.0010095027,0.0010655717,0.0010882724,0.0010698582,0.0010581592,0.0,0.0010284525,0.0010095029,0.0010655717,0.0010771246,0.0,0.0010581594,0.0010445041,0.0010371625,0.0010483264,0.0010544528,0.001066518,0.0,0.0010581594,0.0,0.0010284522,0.0010095027,0.0010655717,0.0010771203,0.0,0.0010581594,0.0010445041,0.0010371625,0.0010483264,0.0010544528,0.0010665181,0.0010698353,0.0010581593,0.0010445041,0.0010371626,0.0010483264,0.0010544528,0.0010665185,0.0,0.0,0.0,0.0010284522,0.0010095027,0.0010655717,0.0010882723,0.0010698289,0.0010581593,0.0,0.0010284522,0.0010095027,0.0010655717,0.001077121,0.0010698333,0.0010581594,0.0010445039,0.0010655717,0.0,0.0010284522,0.0010095028,0.0,0.0010581593,0.0010445039,0.0010371625,0.0010483264,0.0010544528,0.0010665191,0.0,0.0010581593,0.0010445039,0.0010371625,0.0010483264,0.0010544528,0.0010665182,0.0,0.0010581593,0.0010445041,0.0010371625,0.0010483264,0.0010544528,0.0010665202,0.0010698307,0.0010581593,0.0010445039,0.0010371625,0.0010483264,0.0010544528,0.0010665187,0.0,0.0,0.0010445039,0.0010284522,0.0010190066,0.0010296826,0.0011054811,0.0,0.0010581593,0.0010445039,0.0010371625,0.0010483264,0.0010544528,0.0010665181,0.0010699631,0.0010581596,0.0010445041,0.0010371624,0.0010483264,0.0010544528,0.0010665207
k__Bacteria|p__Bacteroidetes|c__CFGB618|o__OFGB618|f__FGB618|g__GGB1455|s__GGB1455_SGB2018,0.0,0.0010618711,0.0010481833,0.0010407158,0.001051536,0.0010573462,0.0010691376,0.0,0.001061871,0.0010481833,0.0010407158,0.001051536,0.0010573462,0.0010691375,0.0,0.0,0.0010482034,0.0010321067,0.0010225171,0.0010328548,0.0011084392,0.0010736029,0.0,0.0010481833,0.001032092,0.001022516,0.0010328548,0.0011084384,0.0,0.0,0.0010481833,0.001032092,0.001022516,0.0010328548,0.0011084385,0.001073567,0.0010618708,0.0010481833,0.0010407158,0.001051536,0.0010573462,0.0010691375,0.0,0.0010618716,0.0010481837,0.0010407158,0.001051536,0.0010573462,0.0010691378,0.0010735671,0.0010618708,0.0010481833,0.0010407158,0.001051536,0.0010573462,0.0010691376,0.0,0.0010618713,0.0010481841,0.0010407161,0.001051536,0.0010573462,0.0010691382,0.0,0.001061871,0.0010481833,0.0010407158,0.001051536,0.0010573462,0.0010691376,0.0,0.001061871,0.0,0.001032092,0.0010130934,0.0010691888,0.001080383,0.0,0.0010618708,0.0010481833,0.0010407161,0.001051536,0.0010573462,0.0010691382,0.0,0.0,0.0,0.001032092,0.0010130934,0.0010691888,0.0010915521,0.0010735752,0.001061871,0.0,0.001032092,0.0010130934,0.0010691888,0.0010803891,0.0010736419,0.0,0.0,0.0010320921,0.0010130934,0.0010691888,0.001091551,0.0010735895,0.0,0.0010481833,0.0,0.0010618708,0.0010481833,0.0010691889,0.0010735703,0.0,0.0,0.001032092,0.0010130934,0.0010691888,0.00109155,0.0,0.0010618732,0.0,0.001032092,0.0010130934,0.0010691888,0.0010803813,0.0,0.0,0.0010481849,0.0010618728,0.0,0.001032092,0.001061871,0.0010736004,0.0010618713,0.0,0.001032092,0.0010130934,0.0010691888,0.0010803813,0.0,0.0,0.0010481838,0.001032092,0.001022516,0.0010328548,0.0011084388,0.0,0.0,0.0010481833,0.0,0.0010618708,0.0010481833,0.0010691888,0.0,0.0010618772,0.0,0.001061871,0.0,0.0010618708,0.0010481834,0.0,0.0,0.0010482111,0.0010320965,0.0010225162,0.0010328548,0.0011084392,0.0,0.0010619216,0.0010618769,0.0010561106,0.0010671924,0.0,0.0009905943,0.0,0.001061874,0.0010481849,0.0,0.0010618715,0.0010481838,0.0010407184,0.0010735746,0.0010618708,0.0010481833,0.0,0.0010618708,0.0010481833,0.0010407169,0.0,0.0010618711,0.0010481834,0.0010407158,0.001051536,0.0010573462,0.0010691375,0.0010735667,0.0010618708,0.0010481833,0.0010407158,0.001051536,0.0010573462,0.0010691376,0.0010735946,0.0,0.0,0.001032092,0.0010130934,0.0010691888,0.00109155,0.0010735733,0.0,0.0010481833,0.001032092,0.001022516,0.0010328548,0.0011084386,0.0,0.001061871,0.0,0.001032092,0.0010130934,0.0010691888,0.0010803813,0.0010735837,0.0,0.0010481833,0.001032092,0.001022516,0.0010328548,0.0011084443,0.0,0.0010618708,0.0010481833,0.0010407158,0.001051536,0.0010573462,0.0010691386,0.0010735678,0.0010618708,0.0010481833,0.0010407158,0.001051536,0.0010573462,0.0010691375,0.0,0.0010618716,0.0010481838,0.0010407161,0.001051536,0.0010573462,0.0010691376,0.0,0.0,0.0010481833,0.001032092,0.001022516,0.0010328548,0.0011084386,0.0010735693,0.0010618708,0.0,0.0,0.001061871,0.001061871,0.0010561101,0.0010736062,0.0,0.0010481838,0.0,0.001061871,0.0010481833,0.0010691908,0.0010736787,0.0,0.0010618713,0.0010481838,0.0010407158,0.0,0.0010618714,0.0,0.0010618707,0.0,0.001032092,0.0010130934,0.0010691889,0.0010803851,0.001073574,0.0,0.0010481833,0.001032092,0.0010225159,0.0010328554,0.001108493,0.0010735893,0.0,0.0,0.001032092,0.0010130934,0.0010691888,0.0010915496,0.0,0.001061871,0.0010481834,0.0010407158,0.001051536,0.0010573462,0.0010691375,0.0010735776,0.0010618712,0.0010481834,0.0,0.0010618708,0.0010481833,0.0010407171,0.0010735695,0.0,0.0010481834,0.0010320923,0.001022516,0.0010328548,0.0011084402,0.0010735712,0.0,0.0010481834,0.001032092,0.0010225162,0.001032855,0.0011084399,0.0,0.0010618712,0.0010618712,0.0010561096,0.0010671925,0.0,0.0009906379,0.0010735996,0.0,0.0010481838,0.001032092,0.001022516,0.0010328548,0.0011084385,0.0010735726,0.0,0.0,0.001032092,0.0010130934,0.0010691888,0.0010915517,0.0010736365,0.001061872,0.0,0.0010320933,0.0010130934,0.0010691889,0.0010803879,0.0,0.001061871,0.0010481834,0.0010407158,0.001051536,0.0010573462,0.0010691375,0.0,0.0010618728,0.0,0.001032092,0.0010130934,0.0010691888,0.0010803813,0.0,0.001061871,0.0010481838,0.0010407158,0.001051536,0.0010573462,0.0010691377,0.0010735808,0.0010618712,0.0010481837,0.0010407161,0.001051536,0.0010573462,0.0010691377,0.0,0.0,0.0,0.001032092,0.0010130934,0.0010691888,0.0010915502,0.0010735666,0.0010618708,0.0,0.001032092,0.0010130934,0.0010691888,0.0010803819,0.0010735808,0.001061871,0.0010481833,0.0010691888,0.0,0.001032092,0.0010130936,0.0,0.0010618708,0.0010481833,0.0010407161,0.001051536,0.0010573462,0.0010691382,0.0,0.0010618708,0.0010481833,0.0010407158,0.001051536,0.0010573462,0.0010691378,0.0,0.0010618715,0.0010481838,0.0010407161,0.001051536,0.0010573462,0.0010691396,0.0010735767,0.0010618708,0.0010481833,0.0010407158,0.001051536,0.0010573462,0.0010691382,0.0,0.0,0.0010481833,0.001032092,0.001022516,0.0010328548,0.0011084386,0.0,0.0010618708,0.0010481833,0.0010407158,0.001051536,0.0010573462,0.0010691376,0.0010738012,0.0010618733,0.0010481837,0.001040716,0.001051536,0.0010573462,0.0010691402
k__Bacteria|p__Bacteroidetes|c__CFGB618|o__OFGB618|f__FGB618|g__GGB1456|s__GGB1456_SGB2019,0.0,0.0010612517,0.0010476023,0.0010402036,0.0010511646,0.0010571097,0.0010690037,0.0,0.0010612519,0.0010476023,0.0010402036,0.0010511646,0.0010571097,0.0010690038,0.0,0.0,0.0010476076,0.0010315554,0.0010220469,0.0010325277,0.0011080467,0.001072899,0.0,0.0010476023,0.0010315517,0.0010220467,0.0010325277,0.0011080467,0.0,0.0,0.0010476023,0.0010315517,0.0010220467,0.0010325277,0.0011080467,0.0010729121,0.0010612517,0.0010476023,0.0010402036,0.0010511646,0.0010571097,0.0010690037,0.0,0.001061252,0.0010476023,0.0010402036,0.0010511646,0.0010571097,0.0010690046,0.0010729122,0.0010612517,0.0010476023,0.0010402036,0.0010511646,0.0010571097,0.0010690037,0.0,0.001061252,0.0010476027,0.0010402034,0.0010511646,0.0010571097,0.0010690038,0.0,0.0010612519,0.0010476023,0.0010402036,0.0010511646,0.0010571097,0.0010690038,0.0,0.0010612519,0.0,0.0010315517,0.0010125969,0.0010685987,0.0010799309,0.0,0.0010612517,0.0010476023,0.0010402036,0.0010511646,0.0010571097,0.0010690041,0.0,0.0,0.0,0.0010315517,0.0010125969,0.0010685987,0.0010910628,0.001072909,0.0010612519,0.0,0.0010315517,0.0010125969,0.0010685989,0.0010799315,0.0010728937,0.0,0.0,0.0010315516,0.0010125969,0.0010685989,0.001091063,0.0010729062,0.0,0.0010476023,0.0,0.0010612517,0.0010476023,0.0010685989,0.001072911,0.0,0.0,0.0010315517,0.0010125969,0.0010685989,0.0010910627,0.0,0.0010612521,0.0,0.0010315517,0.0010125969,0.0010685989,0.00107993,0.0,0.0,0.0010476029,0.0010612519,0.0,0.0010315517,0.001061252,0.0010729065,0.001061252,0.0,0.0010315516,0.0010125969,0.0010685989,0.0010799299,0.0,0.0,0.0010476024,0.0010315517,0.0010220467,0.0010325277,0.001108047,0.0,0.0,0.0010476023,0.0,0.0010612517,0.0010476023,0.0010685985,0.0,0.0010612521,0.0,0.001061252,0.0,0.0010612517,0.0010476024,0.0,0.0,0.0010476046,0.0010315519,0.0010220468,0.0010325277,0.0011080466,0.0,0.0010612594,0.0010612524,0.0010555567,0.0010667796,0.0,0.0009901391,0.0,0.001061252,0.0010476026,0.0,0.001061252,0.0010476024,0.0010402054,0.0010729101,0.0010612517,0.0010476023,0.0,0.0010612517,0.0010476023,0.001040204,0.0,0.001061252,0.0010476024,0.0010402036,0.0010511646,0.0010571097,0.001069004,0.0010729122,0.0010612517,0.0010476023,0.0010402036,0.0010511646,0.0010571097,0.0010690038,0.0010729065,0.0,0.0,0.0010315517,0.0010125969,0.0010685989,0.0010910626,0.0010729096,0.0,0.0010476023,0.0010315517,0.0010220467,0.0010325277,0.0011080469,0.0,0.001061252,0.0,0.0010315517,0.0010125969,0.0010685989,0.0010799298,0.001072909,0.0,0.0010476023,0.0010315517,0.0010220467,0.0010325277,0.0011080507,0.0,0.0010612517,0.0010476023,0.0010402036,0.0010511646,0.0010571097,0.0010690045,0.0010729114,0.0010612517,0.0010476023,0.0010402036,0.0010511646,0.0010571097,0.0010690037,0.0,0.0010612519,0.0010476024,0.0010402036,0.0010511646,0.0010571097,0.0010690037,0.0,0.0,0.0010476023,0.0010315517,0.0010220467,0.0010325277,0.0011080469,0.0010729107,0.0010612517,0.0,0.0,0.001061252,0.0010612519,0.0010555569,0.0010728996,0.0,0.0010476024,0.0,0.001061252,0.0010476023,0.0010686024,0.0010728913,0.0,0.0010612519,0.0010476024,0.0010402036,0.0,0.0010612522,0.0,0.0010612517,0.0,0.0010315517,0.0010125969,0.0010685989,0.0010799355,0.0010729107,0.0,0.0010476023,0.0010315517,0.0010220468,0.0010325277,0.001108072,0.0010729095,0.0,0.0,0.0010315517,0.0010125969,0.0010685989,0.0010910627,0.0,0.001061252,0.0010476024,0.0010402036,0.0010511646,0.0010571097,0.0010690038,0.0010728885,0.0010612519,0.0010476024,0.0,0.0010612517,0.0010476023,0.0010402038,0.0010729108,0.0,0.0010476024,0.001031552,0.0010220467,0.0010325277,0.0011080476,0.0010729106,0.0,0.0010476024,0.0010315517,0.0010220468,0.0010325278,0.0011080477,0.0,0.0010612519,0.001061252,0.0010555569,0.0010667795,0.0,0.000990167,0.0010729015,0.0,0.0010476024,0.0010315517,0.0010220467,0.0010325277,0.0011080467,0.0010729099,0.0,0.0,0.0010315517,0.0010125969,0.0010685987,0.0010910628,0.0010728908,0.0010612515,0.0,0.001031552,0.001012597,0.0010685987,0.0010799333,0.0,0.0010612519,0.0010476024,0.0010402036,0.0010511646,0.0010571097,0.0010690037,0.0,0.0010612521,0.0,0.0010315517,0.0010125969,0.0010685989,0.0010799298,0.0,0.0010612519,0.0010476024,0.0010402036,0.0010511646,0.0010571097,0.0010690037,0.0010729089,0.0010612517,0.0010476023,0.0010402035,0.0010511646,0.0010571097,0.0010690042,0.0,0.0,0.0,0.0010315517,0.0010125969,0.0010685989,0.0010910633,0.0010729121,0.0010612517,0.0,0.0010315517,0.0010125969,0.0010685989,0.0010799301,0.0010729084,0.0010612519,0.0010476023,0.0010685989,0.0,0.0010315517,0.001012597,0.0,0.0010612517,0.0010476023,0.0010402036,0.0010511646,0.0010571097,0.0010690042,0.0,0.0010612517,0.0010476023,0.0010402036,0.0010511646,0.0010571097,0.0010690038,0.0,0.0010612517,0.0010476024,0.0010402036,0.0010511646,0.0010571097,0.0010690049,0.0010729084,0.0010612517,0.0010476023,0.0010402036,0.0010511646,0.0010571097,0.0010690041,0.0,0.0,0.0010476023,0.0010315517,0.0010220467,0.0010325277,0.0011080471,0.0,0.0010612517,0.0010476023,0.0010402036,0.0010511646,0.0010571097,0.0010690038,0.0010728801,0.0010612521,0.0010476023,0.0010402035,0.0010511646,0.0010571097,0.0010690049
k__Bacteria|p__Bacteroidetes|c__Bacteroidia|o__Bacteroidales|f__Prevotellaceae|g__Prevotella|s__Prevotella_nanceiensis,0.0,0.0010614832,0.0010478279,0.0010404156,0.0010513455,0.0010572611,0.001069132,0.0,0.0010614834,0.0010478279,0.0010404156,0.0010513455,0.0010572611,0.0010691317,0.0,0.0,0.0010478448,0.0010317826,0.0010222528,0.0010327017,0.0011082203,0.0010732028,0.0,0.0010478279,0.0010317708,0.0010222519,0.0010327017,0.0011082195,0.0,0.0,0.0010478279,0.0010317708,0.0010222519,0.0010327017,0.0011082194,0.0010731496,0.0010614834,0.0010478279,0.0010404156,0.0010513455,0.0010572611,0.0010691317,0.0,0.0010614843,0.0010478282,0.0010404156,0.0010513455,0.0010572611,0.0010691329,0.0010731496,0.0010614834,0.0010478279,0.0010404156,0.0010513455,0.0010572611,0.0010691318,0.0,0.0010614836,0.0010478286,0.0010404157,0.0010513455,0.0010572611,0.0010691326,0.0,0.0010614834,0.0010478279,0.0010404156,0.0010513455,0.0010572611,0.0010691317,0.0,0.0010614834,0.0,0.0010317708,0.0010128089,0.0010688228,0.0010801253,0.0,0.0010614834,0.0010478279,0.0010404156,0.0010513455,0.0010572611,0.0010691325,0.0,0.0,0.0,0.0010317708,0.0010128089,0.0010688228,0.0010912633,0.0010731649,0.0010614834,0.0,0.0010317708,0.0010128089,0.0010688228,0.0010801329,0.0010732511,0.0,0.0,0.0010317711,0.0010128089,0.0010688228,0.0010912623,0.0010731871,0.0,0.0010478279,0.0,0.0010614834,0.0010478279,0.001068823,0.0010731543,0.0,0.0,0.0010317708,0.0010128089,0.0010688228,0.0010912605,0.0,0.0010614848,0.0,0.0010317708,0.0010128089,0.0010688228,0.0010801231,0.0,0.0,0.0010478293,0.0010614845,0.0,0.0010317708,0.0010614836,0.0010731808,0.0010614836,0.0,0.0010317707,0.0010128089,0.0010688228,0.0010801225,0.0,0.0,0.001047828,0.0010317708,0.0010222519,0.0010327017,0.0011082201,0.0,0.0,0.0010478279,0.0,0.0010614834,0.0010478279,0.0010688228,0.0,0.0010614878,0.0,0.0010614835,0.0,0.0010614834,0.0010478282,0.0,0.0,0.0010478453,0.0010317736,0.001022252,0.0010327017,0.0011082204,0.0,0.0010615259,0.0010614881,0.0010557759,0.0010669668,0.0,0.0009903515,0.0,0.0010614862,0.001047829,0.0,0.0010614838,0.001047828,0.0010404194,0.0010731594,0.0010614834,0.0010478279,0.0,0.0010614834,0.0010478279,0.0010404171,0.0,0.0010614834,0.0010478279,0.0010404156,0.0010513455,0.0010572611,0.0010691318,0.0010731496,0.0010614834,0.0010478279,0.0010404156,0.0010513455,0.0010572611,0.0010691317,0.0010731915,0.0,0.0,0.0010317708,0.0010128089,0.0010688228,0.00109126,0.001073156,0.0,0.0010478279,0.0010317708,0.0010222519,0.0010327017,0.00110822,0.0,0.0010614835,0.0,0.0010317708,0.0010128089,0.0010688228,0.0010801224,0.0010731743,0.0,0.0010478279,0.0010317708,0.0010222519,0.0010327017,0.001108231,0.0,0.0010614834,0.0010478279,0.0010404156,0.0010513455,0.0010572611,0.0010691343,0.0010731507,0.0010614834,0.0010478279,0.0010404156,0.0010513455,0.0010572611,0.0010691317,0.0,0.0010614839,0.001047828,0.0010404156,0.0010513455,0.0010572611,0.0010691317,0.0,0.0,0.0010478279,0.0010317708,0.0010222519,0.0010327017,0.0011082196,0.0010731536,0.0010614834,0.0,0.0,0.0010614835,0.0010614834,0.0010557764,0.0010732077,0.0,0.0010478281,0.0,0.0010614835,0.0010478279,0.0010688287,0.0010733105,0.0,0.0010614834,0.001047828,0.0010404156,0.0,0.0010614845,0.0,0.0010614833,0.0,0.0010317708,0.0010128089,0.0010688228,0.00108013,0.0010731582,0.0,0.0010478279,0.0010317708,0.001022252,0.0010327026,0.0011083005,0.0010731727,0.0,0.0,0.0010317708,0.0010128089,0.0010688228,0.00109126,0.0,0.0010614835,0.0010478279,0.0010404156,0.0010513455,0.0010572611,0.0010691317,0.0010731879,0.0010614834,0.001047828,0.0,0.0010614833,0.0010478279,0.001040417,0.0010731531,0.0,0.0010478281,0.001031771,0.0010222519,0.0010327017,0.0011082228,0.0010731554,0.0,0.0010478279,0.0010317711,0.0010222521,0.0010327018,0.0011082222,0.0,0.0010614834,0.0010614834,0.0010557756,0.0010669669,0.0,0.0009904008,0.0010732026,0.0,0.001047828,0.0010317708,0.0010222519,0.0010327017,0.0011082194,0.0010731581,0.0,0.0,0.0010317708,0.0010128089,0.0010688228,0.0010912624,0.001073241,0.0010614842,0.0,0.0010317721,0.0010128089,0.0010688229,0.0010801336,0.0,0.0010614834,0.001047828,0.0010404156,0.0010513455,0.0010572611,0.0010691317,0.0,0.001061485,0.0,0.0010317708,0.0010128089,0.0010688228,0.0010801224,0.0,0.0010614833,0.001047828,0.0010404156,0.0010513455,0.0010572611,0.0010691318,0.0010731708,0.0010614833,0.0010478281,0.001040416,0.0010513455,0.0010572611,0.0010691321,0.0,0.0,0.0,0.0010317708,0.0010128089,0.0010688228,0.0010912608,0.0010731489,0.0010614834,0.0,0.0010317708,0.0010128089,0.0010688228,0.0010801236,0.0010731688,0.0010614834,0.0010478279,0.0010688228,0.0,0.0010317708,0.001012809,0.0,0.0010614834,0.0010478279,0.0010404156,0.0010513455,0.0010572611,0.0010691329,0.0,0.0010614834,0.0010478279,0.0010404156,0.0010513455,0.0010572611,0.001069132,0.0,0.0010614839,0.001047828,0.0010404156,0.0010513455,0.0010572611,0.0010691345,0.0010731618,0.0010614834,0.0010478279,0.0010404156,0.0010513455,0.0010572611,0.0010691325,0.0,0.0,0.0010478279,0.0010317708,0.0010222519,0.0010327017,0.00110822,0.0,0.0010614834,0.0010478279,0.0010404156,0.0010513455,0.0010572611,0.0010691317,0.0010734461,0.0010614854,0.0010478281,0.0010404156,0.0010513455,0.0010572611,0.0010691354
k__Bacteria|p__Bacteroidetes|c__Bacteroidia|o__Bacteroidales|f__Prevotellaceae|g__Prevotella|s__Prevotella_oralis,0.0,0.0010612486,0.001047661,0.0010403525,0.0010514723,0.0010575732,0.0010695767,0.0,0.0010612488,0.001047661,0.0010403525,0.0010514723,0.0010575732,0.0010695766,0.0,0.0,0.0010476732,0.0010316838,0.0010222648,0.0010329075,0.0011082381,0.0010728854,0.0,0.001047661,0.0010316751,0.0010222641,0.0010329075,0.0011082374,0.0,0.0,0.001047661,0.0010316754,0.0010222641,0.0010329075,0.0011082373,0.0010728516,0.0010612487,0.001047661,0.0010403525,0.0010514723,0.0010575732,0.0010695766,0.0,0.0010612493,0.001047661,0.0010403525,0.0010514723,0.0010575732,0.0010695771,0.0010728516,0.0010612487,0.001047661,0.0010403525,0.0010514723,0.0010575732,0.0010695765,0.0,0.0010612491,0.0010476614,0.0010403529,0.0010514723,0.0010575732,0.0010695773,0.0,0.0010612488,0.001047661,0.0010403525,0.0010514723,0.0010575732,0.0010695767,0.0,0.0010612488,0.0,0.0010316751,0.001012788,0.0010686211,0.0010801041,0.0,0.0010612487,0.001047661,0.0010403525,0.0010514723,0.0010575732,0.0010695771,0.0,0.0,0.0,0.0010316751,0.001012788,0.0010686211,0.0010911755,0.0010728611,0.0010612488,0.0,0.0010316754,0.001012788,0.0010686211,0.0010801108,0.0010729247,0.0,0.0,0.0010316754,0.001012788,0.0010686211,0.0010911748,0.0010728764,0.0,0.001047661,0.0,0.0010612487,0.001047661,0.0010686213,0.0010728546,0.0,0.0,0.0010316751,0.001012788,0.0010686211,0.0010911733,0.0,0.00106125,0.0,0.0010316754,0.001012788,0.0010686211,0.001080103,0.0,0.0,0.0010476619,0.0010612496,0.0,0.0010316751,0.0010612491,0.0010728741,0.0010612491,0.0,0.0010316753,0.001012788,0.0010686211,0.0010801026,0.0,0.0,0.0010476611,0.0010316754,0.0010222641,0.0010329075,0.0011082378,0.0,0.0,0.001047661,0.0,0.0010612487,0.001047661,0.0010686213,0.0,0.0010612521,0.0,0.001061249,0.0,0.0010612487,0.0010476611,0.0,0.0,0.0010476745,0.0010316775,0.0010222641,0.0010329075,0.0011082379,0.0,0.0010612835,0.0010612522,0.0010556413,0.0010670185,0.0,0.0009904049,0.0,0.0010612509,0.0010476618,0.0,0.0010612492,0.0010476611,0.0010403552,0.0010728572,0.0010612487,0.001047661,0.0,0.0010612487,0.001047661,0.0010403539,0.0,0.0010612488,0.0010476611,0.0010403525,0.0010514723,0.0010575732,0.0010695766,0.0010728512,0.0010612487,0.001047661,0.0010403525,0.0010514723,0.0010575732,0.0010695767,0.0010728784,0.0,0.0,0.0010316751,0.001012788,0.0010686211,0.0010911733,0.0010728565,0.0,0.001047661,0.0010316751,0.0010222641,0.0010329075,0.0011082375,0.0,0.001061249,0.0,0.0010316751,0.001012788,0.0010686211,0.0010801025,0.0010728681,0.0,0.001047661,0.0010316751,0.0010222641,0.0010329075,0.0011082457,0.0,0.0010612487,0.001047661,0.0010403525,0.0010514723,0.0010575732,0.0010695786,0.0010728522,0.0010612487,0.001047661,0.0010403525,0.0010514723,0.0010575732,0.0010695766,0.0,0.0010612493,0.0010476611,0.0010403525,0.0010514723,0.0010575732,0.0010695767,0.0,0.0,0.001047661,0.0010316751,0.0010222641,0.0010329075,0.0011082374,0.001072854,0.0010612487,0.0,0.0,0.001061249,0.0010612488,0.0010556416,0.0010728894,0.0,0.0010476612,0.0,0.001061249,0.001047661,0.0010686244,0.0010729664,0.0,0.001061249,0.0010476611,0.0010403525,0.0,0.0010612496,0.0,0.0010612487,0.0,0.0010316751,0.001012788,0.0010686211,0.0010801074,0.0010728567,0.0,0.001047661,0.0010316751,0.0010222641,0.0010329079,0.0011082984,0.0010728659,0.0,0.0,0.0010316751,0.001012788,0.0010686211,0.0010911729,0.0,0.001061249,0.0010476611,0.0010403525,0.0010514723,0.0010575732,0.0010695766,0.0010728725,0.0010612488,0.0010476611,0.0,0.0010612487,0.001047661,0.0010403538,0.001072854,0.0,0.0010476611,0.0010316754,0.0010222641,0.0010329075,0.0011082398,0.0010728554,0.0,0.0010476611,0.0010316754,0.0010222641,0.0010329076,0.0011082393,0.0,0.0010612488,0.001061249,0.0010556411,0.0010670184,0.0,0.0009904442,0.0010728877,0.0,0.0010476611,0.0010316751,0.0010222641,0.0010329075,0.0011082373,0.0010728575,0.0,0.0,0.0010316751,0.001012788,0.0010686211,0.0010911749,0.0010729138,0.0010612496,0.0,0.0010316762,0.0010127883,0.0010686211,0.0010801106,0.0,0.0010612488,0.0010476611,0.0010403525,0.0010514723,0.0010575732,0.0010695766,0.0,0.0010612499,0.0,0.0010316751,0.001012788,0.0010686211,0.0010801025,0.0,0.001061249,0.0010476611,0.0010403525,0.0010514723,0.0010575732,0.0010695766,0.0010728663,0.0010612488,0.001047661,0.001040353,0.0010514723,0.0010575732,0.0010695771,0.0,0.0,0.0,0.0010316751,0.001012788,0.0010686211,0.0010911735,0.0010728511,0.0010612487,0.0,0.0010316751,0.001012788,0.0010686211,0.0010801035,0.0010728639,0.0010612488,0.001047661,0.0010686211,0.0,0.0010316751,0.0010127882,0.0,0.0010612487,0.001047661,0.0010403525,0.0010514723,0.0010575732,0.0010695776,0.0,0.0010612487,0.001047661,0.0010403525,0.0010514723,0.0010575732,0.001069577,0.0,0.0010612493,0.0010476611,0.0010403525,0.0010514723,0.0010575732,0.0010695788,0.0010728606,0.0010612487,0.001047661,0.0010403525,0.0010514723,0.0010575732,0.0010695771,0.0,0.0,0.001047661,0.0010316751,0.0010222641,0.0010329075,0.0011082378,0.0,0.0010612487,0.001047661,0.0010403525,0.0010514723,0.0010575732,0.0010695767,0.0010730614,0.0010612503,0.001047661,0.0010403525,0.0010514723,0.0010575732,0.0010695796
k__Bacteria|p__Bacteroidetes|c__Bacteroidia|o__Bacteroidales|f__Prevotellaceae|g__Prevotella|s__Prevotella_sp_HJM029,0.0,0.001059106,0.0010453316,0.0010377946,0.0010485857,0.0010543518,0.0010661513,0.0,0.0010591061,0.0010453316,0.0010377946,0.0010485857,0.0010543518,0.0010661512,0.0,0.0,0.0010453402,0.0010291588,0.0010195053,0.0010298031,0.0011058878,0.0010709076,0.0,0.0010453315,0.0010291528,0.0010195052,0.0010298031,0.0011058877,0.0,0.0,0.0010453316,0.0010291528,0.0010195052,0.0010298031,0.0011058878,0.0010708871,0.0010591061,0.0010453316,0.0010377946,0.0010485857,0.0010543518,0.0010661512,0.0,0.0010591063,0.0010453317,0.0010377946,0.0010485857,0.0010543518,0.0010661519,0.0010708872,0.0010591061,0.0010453316,0.0010377946,0.0010485857,0.0010543518,0.0010661512,0.0,0.0010591062,0.0010453316,0.0010377947,0.0010485857,0.0010543515,0.0010661519,0.0,0.0010591061,0.0010453316,0.0010377946,0.0010485857,0.0010543518,0.0010661513,0.0,0.0010591061,0.0,0.0010291528,0.0010100685,0.0010664487,0.0010776372,0.0,0.0010591061,0.0010453316,0.0010377946,0.0010485857,0.0010543515,0.0010661512,0.0,0.0,0.0,0.0010291528,0.0010100685,0.0010664487,0.0010889042,0.0010708926,0.0010591061,0.0,0.0010291528,0.0010100685,0.0010664487,0.0010776395,0.0010709346,0.0,0.0,0.0010291529,0.0010100685,0.0010664487,0.0010889042,0.001070902,0.0,0.0010453316,0.0,0.0010591061,0.0010453316,0.0010664487,0.0010708884,0.0,0.0,0.0010291528,0.0010100685,0.0010664487,0.0010889042,0.0,0.0010591066,0.0,0.0010291528,0.0010100685,0.0010664487,0.0010776363,0.0,0.0,0.001045332,0.0010591066,0.0,0.0010291528,0.0010591062,0.0010708991,0.0010591062,0.0,0.0010291528,0.0010100685,0.0010664487,0.0010776361,0.0,0.0,0.0010453316,0.0010291528,0.0010195052,0.0010298031,0.0011058882,0.0,0.0,0.0010453316,0.0,0.0010591061,0.0010453316,0.0010664486,0.0,0.0010591068,0.0,0.0010591062,0.0,0.0010591061,0.0010453317,0.0,0.0,0.0010453395,0.0010291539,0.0010195053,0.0010298031,0.0011058875,0.0,0.0010591233,0.001059108,0.0010532795,0.0010643456,0.0,0.0009874835,0.0,0.001059107,0.0010453318,0.0,0.0010591063,0.0010453314,0.0010377966,0.0010708905,0.0010591061,0.0010453316,0.0,0.0010591061,0.0010453316,0.0010377954,0.0,0.0010591062,0.0010453317,0.0010377946,0.0010485857,0.0010543518,0.0010661513,0.0010708874,0.0010591061,0.0010453316,0.0010377946,0.0010485857,0.0010543518,0.0010661513,0.0010709055,0.0,0.0,0.0010291528,0.0010100685,0.0010664487,0.0010889041,0.0010708906,0.0,0.0010453316,0.0010291528,0.0010195052,0.0010298031,0.0011058877,0.0,0.0010591062,0.0,0.0010291528,0.0010100685,0.0010664487,0.001077636,0.0010708962,0.0,0.0010453316,0.0010291528,0.0010195052,0.0010298031,0.0011058908,0.0,0.0010591061,0.0010453316,0.0010377946,0.0010485857,0.0010543518,0.001066152,0.0010708878,0.0010591061,0.0010453316,0.0010377946,0.0010485857,0.0010543518,0.0010661512,0.0,0.0010591064,0.0010453314,0.0010377946,0.0010485857,0.0010543518,0.0010661513,0.0,0.0,0.0010453316,0.0010291528,0.0010195052,0.0010298031,0.0011058878,0.0010708884,0.0010591061,0.0,0.0,0.0010591062,0.0010591061,0.0010532795,0.0010709091,0.0,0.0010453315,0.0,0.0010591062,0.0010453315,0.0010664505,0.0010709604,0.0,0.0010591061,0.0010453314,0.0010377946,0.0,0.0010591062,0.0,0.001059106,0.0,0.0010291528,0.0010100685,0.0010664486,0.0010776399,0.0010708907,0.0,0.0010453315,0.0010291528,0.0010195053,0.0010298035,0.001105907,0.0010708962,0.0,0.0,0.0010291528,0.0010100685,0.0010664487,0.0010889044,0.0,0.0010591062,0.0010453317,0.0010377946,0.0010485857,0.0010543518,0.0010661512,0.0010709037,0.0010591062,0.0010453317,0.0,0.0010591061,0.0010453316,0.0010377956,0.0010708885,0.0,0.0010453317,0.0010291529,0.0010195052,0.0010298031,0.0011058878,0.0010708887,0.0,0.0010453317,0.0010291527,0.0010195053,0.0010298033,0.0011058883,0.0,0.0010591062,0.0010591062,0.0010532795,0.0010643454,0.0,0.000987511,0.0010709094,0.0,0.0010453314,0.0010291528,0.0010195052,0.0010298031,0.0011058878,0.001070889,0.0,0.0,0.0010291528,0.0010100685,0.0010664487,0.0010889043,0.0010709324,0.0010591064,0.0,0.0010291535,0.0010100686,0.0010664487,0.0010776393,0.0,0.0010591061,0.0010453314,0.0010377946,0.0010485857,0.0010543518,0.0010661512,0.0,0.0010591063,0.0,0.0010291528,0.0010100685,0.0010664487,0.001077636,0.0,0.0010591061,0.0010453317,0.0010377946,0.0010485857,0.0010543518,0.0010661513,0.0010708938,0.001059106,0.0010453315,0.0010377949,0.0010485857,0.0010543518,0.0010661514,0.0,0.0,0.0,0.0010291528,0.0010100685,0.0010664487,0.0010889044,0.001070887,0.0010591061,0.0,0.0010291528,0.0010100685,0.0010664487,0.0010776365,0.0010708926,0.0010591061,0.0010453315,0.0010664487,0.0,0.0010291528,0.0010100687,0.0,0.0010591061,0.0010453316,0.0010377946,0.0010485857,0.0010543518,0.0010661517,0.0,0.0010591061,0.0010453316,0.0010377946,0.0010485857,0.0010543518,0.0010661513,0.0,0.0010591062,0.0010453317,0.0010377946,0.0010485857,0.0010543515,0.0010661521,0.0010708917,0.0010591061,0.0010453316,0.0010377946,0.0010485857,0.0010543518,0.0010661515,0.0,0.0,0.0010453316,0.0010291528,0.0010195052,0.0010298031,0.0011058879,0.0,0.0010591061,0.0010453316,0.0010377946,0.0010485857,0.0010543518,0.0010661513,0.0010710101,0.0010591066,0.0010453315,0.0010377947,0.0010485857,0.0010543515,0.0010661524
k__Bacteria|p__Bacteroidetes|c__Bacteroidia|o__Bacteroidales|f__Prevotellaceae|g__Prevotella|s__Prevotella_copri_clade_C,0.0,0.001058837,0.0010451954,0.0010378594,0.00104901,0.001055128,0.0010671774,0.0,0.0010588373,0.0010451954,0.0010378594,0.00104901,0.001055128,0.0010671774,0.0,0.0,0.0010452125,0.0010291686,0.0010197177,0.0010303822,0.0011060828,0.0010705249,0.0,0.0010451954,0.0010291567,0.0010197168,0.0010303822,0.0011060818,0.0,0.0,0.0010451955,0.0010291567,0.0010197168,0.0010303822,0.0011060818,0.0010704937,0.0010588372,0.0010451954,0.0010378594,0.00104901,0.001055128,0.0010671773,0.0,0.0010588382,0.0010451955,0.0010378594,0.00104901,0.001055128,0.0010671787,0.0010704936,0.0010588372,0.0010451954,0.0010378594,0.00104901,0.001055128,0.0010671774,0.0,0.0010588375,0.0010451963,0.0010378595,0.0010490103,0.001055128,0.0010671776,0.0,0.0010588373,0.0010451954,0.0010378594,0.00104901,0.001055128,0.0010671774,0.0,0.0010588373,0.0,0.0010291567,0.0010102192,0.0010662402,0.001077774,0.0,0.0010588372,0.0010451954,0.0010378592,0.00104901,0.001055128,0.0010671781,0.0,0.0,0.0,0.0010291567,0.0010102192,0.0010662402,0.0010889083,0.0010705013,0.0010588373,0.0,0.0010291567,0.0010102192,0.0010662402,0.0010777806,0.0010705609,0.0,0.0,0.0010291571,0.0010102192,0.0010662402,0.0010889078,0.0010705143,0.0,0.0010451954,0.0,0.0010588372,0.0010451954,0.0010662405,0.0010704966,0.0,0.0,0.0010291567,0.0010102192,0.0010662402,0.0010889063,0.0,0.0010588391,0.0,0.0010291567,0.0010102192,0.0010662402,0.0010777719,0.0,0.0,0.0010451974,0.0010588388,0.0,0.0010291567,0.0010588375,0.0010705199,0.0010588375,0.0,0.0010291566,0.0010102192,0.0010662402,0.0010777713,0.0,0.0,0.0010451956,0.0010291567,0.0010197168,0.0010303822,0.0011060821,0.0,0.0,0.0010451954,0.0,0.0010588372,0.0010451954,0.0010662402,0.0,0.0010588424,0.0,0.0010588374,0.0,0.0010588372,0.0010451956,0.0,0.0,0.0010452174,0.00102916,0.001019717,0.0010303822,0.0011060826,0.0,0.0010588721,0.001058842,0.0010532043,0.0010646214,0.0,0.0009877953,0.0,0.0010588404,0.0010451967,0.0,0.0010588375,0.0010451956,0.0010378629,0.0010704995,0.0010588372,0.0010451954,0.0,0.0010588372,0.0010451954,0.0010378608,0.0,0.0010588373,0.0010451955,0.0010378592,0.00104901,0.001055128,0.0010671774,0.0010704936,0.0010588372,0.0010451954,0.0010378594,0.00104901,0.001055128,0.0010671774,0.0010705232,0.0,0.0,0.0010291567,0.0010102192,0.0010662402,0.001088906,0.0010704979,0.0,0.0010451954,0.0010291567,0.0010197168,0.0010303822,0.0011060822,0.0,0.0010588374,0.0,0.0010291567,0.0010102192,0.0010662402,0.0010777711,0.0010705086,0.0,0.0010451954,0.0010291567,0.0010197168,0.0010303822,0.0011060911,0.0,0.0010588372,0.0010451954,0.0010378594,0.00104901,0.001055128,0.0010671795,0.0010704938,0.0010588372,0.0010451954,0.0010378594,0.00104901,0.001055128,0.0010671773,0.0,0.001058838,0.0010451956,0.0010378592,0.00104901,0.001055128,0.0010671777,0.0,0.0,0.0010451954,0.0010291567,0.0010197168,0.0010303822,0.0011060819,0.001070495,0.0010588372,0.0,0.0,0.0010588374,0.0010588373,0.0010532044,0.0010705272,0.0,0.0010451959,0.0,0.0010588374,0.0010451954,0.001066245,0.0010705945,0.0,0.0010588376,0.0010451954,0.0010378592,0.0,0.0010588383,0.0,0.0010588372,0.0,0.0010291567,0.0010102192,0.0010662402,0.0010777804,0.0010705001,0.0,0.0010451954,0.0010291567,0.0010197167,0.001030383,0.0011061478,0.0010705135,0.0,0.0,0.0010291567,0.0010102192,0.0010662402,0.001088906,0.0,0.0010588374,0.0010451955,0.0010378594,0.00104901,0.001055128,0.0010671774,0.0010704864,0.0010588373,0.0010451954,0.0,0.001058837,0.0010451954,0.0010378608,0.0010704956,0.0,0.0010451956,0.0010291571,0.0010197168,0.0010303822,0.0011060846,0.0010704973,0.0,0.0010451956,0.0010291567,0.001019717,0.0010303826,0.0011060848,0.0,0.0010588374,0.0010588376,0.0010532036,0.0010646215,0.0,0.000987843,0.0010705234,0.0,0.0010451954,0.0010291567,0.0010197168,0.0010303822,0.0011060818,0.0010704976,0.0,0.0,0.0010291567,0.0010102192,0.0010662402,0.001088908,0.0010705568,0.0010588383,0.0,0.001029158,0.0010102198,0.0010662402,0.001077781,0.0,0.0010588372,0.0010451956,0.0010378592,0.00104901,0.001055128,0.0010671773,0.0,0.001058839,0.0,0.0010291567,0.0010102192,0.0010662402,0.0010777711,0.0,0.0010588372,0.0010451956,0.0010378592,0.00104901,0.001055128,0.0010671775,0.0010705084,0.0010588375,0.0010451955,0.0010378594,0.0010490103,0.001055128,0.0010671781,0.0,0.0,0.0,0.0010291567,0.0010102192,0.0010662402,0.0010889069,0.0010704931,0.0010588372,0.0,0.0010291567,0.0010102192,0.0010662402,0.0010777725,0.0010705071,0.0010588372,0.0010451954,0.0010662402,0.0,0.0010291567,0.0010102199,0.0,0.0010588372,0.0010451954,0.0010378592,0.00104901,0.001055128,0.0010671787,0.0,0.0010588372,0.0010451954,0.0010378592,0.00104901,0.001055128,0.0010671777,0.0,0.001058838,0.0010451954,0.0010378592,0.0010490103,0.001055128,0.00106718,0.0010705008,0.0010588372,0.0010451954,0.0010378592,0.00104901,0.001055128,0.0010671782,0.0,0.0,0.0010451954,0.0010291567,0.0010197168,0.0010303822,0.0011060822,0.0,0.0010588372,0.0010451954,0.0010378594,0.00104901,0.001055128,0.0010671774,0.0010706631,0.0010588393,0.0010451955,0.0010378594,0.0010490103,0.001055128,0.0010671808
k__Bacteria|p__Bacteroidetes|c__Flavobacteriia|o__Flavobacteriales|f__Flavobacteriaceae|g__Formosa|s__Formosa_SGB1638,0.0,0.001058636,0.0010449078,0.0010374489,0.0010483915,0.0010543036,0.0010662123,0.0,0.001058636,0.0010449078,0.0010374489,0.0010483915,0.0010543036,0.0010662123,0.0,0.0,0.0010449126,0.0010287834,0.0010192115,0.0010296628,0.0011056454,0.0010703654,0.0,0.0010449078,0.0010287784,0.0010192115,0.0010296628,0.0011056451,0.0,0.0,0.0010449078,0.0010287784,0.0010192115,0.0010296628,0.0011056451,0.0010703738,0.001058636,0.0010449078,0.0010374489,0.0010483915,0.0010543036,0.0010662122,0.0,0.0010586358,0.0010449076,0.0010374489,0.0010483915,0.0010543036,0.0010662127,0.0010703742,0.001058636,0.0010449078,0.0010374489,0.0010483915,0.0010543036,0.0010662123,0.0,0.0010586361,0.0010449076,0.0010374486,0.0010483915,0.0010543036,0.0010662128,0.0,0.001058636,0.0010449078,0.0010374489,0.0010483915,0.0010543036,0.0010662123,0.0,0.001058636,0.0,0.0010287784,0.0010097467,0.0010660079,0.0010773438,0.0,0.001058636,0.0010449078,0.0010374489,0.0010483915,0.0010543036,0.001066213,0.0,0.0,0.0,0.0010287784,0.0010097467,0.0010660079,0.0010885684,0.0010703709,0.001058636,0.0,0.0010287784,0.0010097467,0.0010660079,0.0010773459,0.0010703576,0.0,0.0,0.0010287781,0.0010097467,0.0010660079,0.0010885678,0.0010703682,0.0,0.0010449078,0.0,0.001058636,0.0010449078,0.001066008,0.0010703736,0.0,0.0,0.0010287784,0.0010097467,0.0010660079,0.0010885664,0.0,0.0010586362,0.0,0.0010287784,0.0010097467,0.0010660079,0.0010773431,0.0,0.0,0.0010449078,0.0010586358,0.0,0.0010287784,0.0010586361,0.0010703774,0.0010586361,0.0,0.0010287784,0.0010097467,0.0010660079,0.0010773434,0.0,0.0,0.001044908,0.0010287784,0.0010192115,0.0010296628,0.0011056453,0.0,0.0,0.0010449078,0.0,0.001058636,0.0010449078,0.001066008,0.0,0.001058638,0.0,0.0010586361,0.0,0.001058636,0.0010449078,0.0,0.0,0.0010449114,0.0010287795,0.0010192114,0.0010296628,0.0011056452,0.0,0.001058646,0.0010586369,0.0010528845,0.0010641002,0.0,0.0009872161,0.0,0.0010586365,0.0010449077,0.0,0.0010586362,0.0010449077,0.0010374497,0.0010703733,0.001058636,0.0010449078,0.0,0.001058636,0.0010449078,0.0010374498,0.0,0.0010586362,0.0010449078,0.0010374489,0.0010483915,0.0010543036,0.0010662123,0.001070374,0.001058636,0.0010449078,0.0010374489,0.0010483915,0.0010543036,0.0010662123,0.0010703646,0.0,0.0,0.0010287784,0.0010097467,0.0010660079,0.0010885664,0.0010703715,0.0,0.0010449078,0.0010287784,0.0010192115,0.0010296628,0.0011056452,0.0,0.0010586361,0.0,0.0010287784,0.0010097467,0.0010660079,0.0010773429,0.0010703718,0.0,0.0010449078,0.0010287784,0.0010192115,0.0010296628,0.0011056479,0.0,0.001058636,0.0010449078,0.0010374489,0.0010483915,0.0010543036,0.0010662134,0.0010703737,0.001058636,0.0010449078,0.0010374489,0.0010483915,0.0010543036,0.0010662122,0.0,0.0010586363,0.0010449077,0.0010374489,0.0010483915,0.0010543036,0.0010662123,0.0,0.0,0.0010449078,0.0010287784,0.0010192115,0.0010296628,0.0011056452,0.0010703737,0.001058636,0.0,0.0,0.0010586361,0.001058636,0.001052885,0.0010703714,0.0,0.0010449078,0.0,0.0010586361,0.0010449078,0.0010660092,0.0010703577,0.0,0.0010586361,0.0010449077,0.0010374489,0.0,0.0010586363,0.0,0.0010586359,0.0,0.0010287784,0.0010097467,0.0010660079,0.0010773451,0.0010703729,0.0,0.0010449078,0.0010287784,0.0010192114,0.0010296628,0.0011056759,0.0010703744,0.0,0.0,0.0010287784,0.0010097467,0.0010660079,0.0010885664,0.0,0.0010586361,0.0010449078,0.0010374489,0.0010483915,0.0010543036,0.0010662123,0.0010703674,0.001058636,0.0010449077,0.0,0.001058636,0.0010449078,0.001037449,0.0010703731,0.0,0.0010449076,0.0010287783,0.0010192115,0.0010296628,0.0011056464,0.0010703738,0.0,0.0010449078,0.0010287784,0.0010192114,0.0010296628,0.0011056453,0.0,0.001058636,0.0010586362,0.0010528842,0.0010641001,0.0,0.0009872483,0.0010703654,0.0,0.0010449077,0.0010287784,0.0010192115,0.0010296628,0.0011056451,0.0010703747,0.0,0.0,0.0010287784,0.0010097467,0.0010660079,0.0010885679,0.0010703496,0.0010586355,0.0,0.0010287785,0.0010097465,0.0010660079,0.0010773464,0.0,0.0010586361,0.0010449077,0.0010374489,0.0010483915,0.0010543036,0.0010662122,0.0,0.0010586366,0.0,0.0010287784,0.0010097467,0.0010660079,0.0010773429,0.0,0.0010586361,0.0010449076,0.0010374489,0.0010483915,0.0010543036,0.0010662123,0.0010703721,0.001058636,0.0010449076,0.0010374488,0.0010483915,0.0010543036,0.0010662124,0.0,0.0,0.0,0.0010287784,0.0010097467,0.0010660079,0.001088567,0.0010703739,0.001058636,0.0,0.0010287784,0.0010097467,0.0010660079,0.0010773434,0.0010703742,0.0010586361,0.0010449078,0.0010660079,0.0,0.0010287784,0.0010097469,0.0,0.001058636,0.0010449078,0.0010374489,0.0010483915,0.0010543036,0.001066213,0.0,0.001058636,0.0010449078,0.0010374489,0.0010483915,0.0010543036,0.0010662127,0.0,0.0010586359,0.0010449077,0.0010374489,0.0010483915,0.0010543036,0.0010662139,0.001070371,0.001058636,0.0010449078,0.0010374489,0.0010483915,0.0010543036,0.0010662124,0.0,0.0,0.0010449078,0.0010287784,0.0010192115,0.0010296628,0.0011056453,0.0,0.001058636,0.0010449078,0.0010374489,0.0010483915,0.0010543036,0.0010662123,0.0010704292,0.0010586366,0.0010449076,0.001037449,0.0010483915,0.0010543036,0.0010662144
k__Bacteria|p__Bacteroidetes|c__Flavobacteriia|o__Flavobacteriales|f__Weeksellaceae|g__Chryseobacterium|s__Chryseobacterium_indologenes,0.0,0.0010622073,0.0010483774,0.001040693,0.0010511229,0.0010565524,0.0010680729,0.0,0.0010622075,0.0010483774,0.001040693,0.0010511229,0.0010565524,0.0010680729,0.0,0.0,0.0010483772,0.001032136,0.0010223349,0.0010322755,0.0011082696,0.0010740545,0.0,0.0010483774,0.0010321352,0.0010223349,0.0010322755,0.0011082693,0.0,0.0,0.0010483774,0.0010321352,0.0010223349,0.0010322755,0.0011082694,0.0010740375,0.0010622074,0.0010483774,0.001040693,0.0010511229,0.0010565524,0.0010680727,0.0,0.0010622074,0.0010483775,0.001040693,0.0010511229,0.0010565524,0.0010680733,0.0010740376,0.0010622074,0.0010483774,0.001040693,0.0010511229,0.0010565524,0.0010680729,0.0,0.0010622075,0.0010483776,0.001040693,0.0010511229,0.0010565524,0.0010680732,0.0,0.0010622075,0.0010483774,0.001040693,0.0010511229,0.0010565524,0.0010680729,0.0,0.0010622075,0.0,0.0010321352,0.0010129784,0.0010694597,0.0010802799,0.0,0.0010622074,0.0010483774,0.0010406929,0.0010511229,0.0010565524,0.0010680734,0.0,0.0,0.0,0.0010321352,0.0010129784,0.0010694597,0.0010915921,0.0010740419,0.0010622075,0.0,0.0010321352,0.0010129784,0.0010694597,0.001080282,0.0010740634,0.0,0.0,0.0010321353,0.0010129784,0.0010694597,0.0010915917,0.0010740481,0.0,0.0010483774,0.0,0.0010622074,0.0010483774,0.0010694596,0.0010740383,0.0,0.0,0.0010321352,0.0010129784,0.0010694597,0.0010915908,0.0,0.0010622074,0.0,0.0010321352,0.0010129784,0.0010694597,0.0010802791,0.0,0.0,0.0010483776,0.0010622069,0.0,0.0010321352,0.0010622076,0.0010740435,0.0010622075,0.0,0.0010321351,0.0010129784,0.0010694597,0.0010802791,0.0,0.0,0.0010483775,0.0010321352,0.0010223349,0.0010322755,0.0011082691,0.0,0.0,0.0010483774,0.0,0.0010622074,0.0010483774,0.0010694595,0.0,0.0010622082,0.0,0.0010622076,0.0,0.0010622074,0.0010483775,0.0,0.0,0.0010483748,0.0010321351,0.0010223349,0.0010322754,0.0011082694,0.0,0.0010621963,0.0010622066,0.0010562374,0.0010669389,0.0,0.0009903089,0.0,0.0010622075,0.0010483774,0.0,0.0010622076,0.0010483774,0.0010406943,0.0010740403,0.0010622074,0.0010483774,0.0,0.0010622074,0.0010483774,0.0010406938,0.0,0.0010622075,0.0010483775,0.0010406929,0.0010511229,0.0010565524,0.0010680729,0.0010740379,0.0010622074,0.0010483774,0.001040693,0.0010511229,0.0010565524,0.0010680729,0.0010740455,0.0,0.0,0.0010321352,0.0010129784,0.0010694597,0.001091591,0.0010740362,0.0,0.0010483774,0.0010321352,0.0010223349,0.0010322755,0.0011082692,0.0,0.0010622076,0.0,0.0010321352,0.0010129784,0.0010694597,0.001080279,0.0010740442,0.0,0.0010483774,0.0010321352,0.0010223349,0.0010322755,0.0011082715,0.0,0.0010622074,0.0010483774,0.001040693,0.0010511229,0.0010565524,0.0010680739,0.0010740382,0.0010622074,0.0010483774,0.001040693,0.0010511229,0.0010565524,0.0010680727,0.0,0.0010622077,0.0010483774,0.0010406929,0.0010511229,0.0010565524,0.0010680729,0.0,0.0,0.0010483774,0.0010321352,0.0010223349,0.0010322755,0.0011082694,0.0010740396,0.0010622074,0.0,0.0,0.0010622076,0.0010622075,0.0010562381,0.001074058,0.0,0.0010483775,0.0,0.0010622076,0.0010483774,0.0010694618,0.0010740898,0.0,0.0010622075,0.0010483774,0.0010406929,0.0,0.0010622081,0.0,0.0010622074,0.0,0.0010321352,0.0010129784,0.0010694596,0.0010802813,0.0010740397,0.0,0.0010483774,0.0010321352,0.0010223349,0.0010322756,0.0011082902,0.001074044,0.0,0.0,0.0010321352,0.0010129784,0.0010694597,0.0010915907,0.0,0.0010622076,0.0010483775,0.001040693,0.0010511229,0.0010565524,0.0010680729,0.0010740705,0.0010622075,0.0010483774,0.0,0.0010622073,0.0010483774,0.0010406931,0.0010740381,0.0,0.0010483774,0.0010321352,0.0010223349,0.0010322754,0.0011082705,0.0010740393,0.0,0.0010483775,0.0010321352,0.0010223349,0.0010322757,0.0011082694,0.0,0.0010622075,0.0010622074,0.0010562375,0.0010669387,0.0,0.0009903361,0.001074049,0.0,0.0010483774,0.0010321352,0.0010223349,0.0010322755,0.0011082694,0.0010740409,0.0,0.0,0.0010321352,0.0010129784,0.0010694597,0.0010915918,0.001074059,0.0010622069,0.0,0.0010321353,0.0010129784,0.0010694594,0.0010802827,0.0,0.0010622074,0.0010483774,0.0010406929,0.0010511229,0.0010565524,0.0010680727,0.0,0.0010622077,0.0,0.0010321352,0.0010129784,0.0010694597,0.001080279,0.0,0.0010622074,0.0010483775,0.0010406929,0.0010511229,0.0010565524,0.001068073,0.0010740422,0.0010622074,0.0010483771,0.001040693,0.0010511229,0.0010565524,0.001068073,0.0,0.0,0.0,0.0010321352,0.0010129784,0.0010694597,0.0010915912,0.0010740373,0.0010622074,0.0,0.0010321352,0.0010129784,0.0010694597,0.0010802796,0.0010740436,0.0010622074,0.0010483774,0.0010694597,0.0,0.0010321352,0.0010129786,0.0,0.0010622074,0.0010483774,0.0010406929,0.0010511229,0.0010565524,0.0010680736,0.0,0.0010622074,0.0010483774,0.0010406929,0.0010511229,0.0010565524,0.001068073,0.0,0.001062207,0.0010483774,0.0010406929,0.0010511229,0.0010565524,0.0010680743,0.001074038,0.0010622074,0.0010483774,0.0010406929,0.0010511229,0.0010565524,0.0010680731,0.0,0.0,0.0010483774,0.0010321352,0.0010223349,0.0010322755,0.0011082694,0.0,0.0010622074,0.0010483774,0.001040693,0.0010511229,0.0010565524,0.0010680729,0.0010741982,0.0010622077,0.0010483771,0.0010406929,0.0010511229,0.0010565524,0.001068075
k__Bacteria|p__Bacteroidetes|c__Flavobacteriia|o__Flavobacteriales|f__Weeksellaceae|g__Chryseobacterium|s__Chryseobacterium_oranimense,0.0,0.0010611186,0.0010474033,0.0010399105,0.0010507115,0.0010564986,0.0010682845,0.0,0.0010611188,0.0010474033,0.0010399105,0.0010507115,0.0010564986,0.0010682844,0.0,0.0,0.0010474034,0.0010312829,0.0010216815,0.0010319976,0.0011077313,0.001072859,0.0,0.0010474033,0.0010312836,0.0010216814,0.0010319976,0.001107731,0.0,0.0,0.0010474033,0.0010312836,0.0010216814,0.0010319976,0.0011077308,0.0010728418,0.0010611187,0.0010474033,0.0010399105,0.0010507115,0.0010564986,0.0010682845,0.0,0.0010611191,0.0010474033,0.0010399105,0.0010507115,0.0010564986,0.0010682854,0.0010728419,0.0010611187,0.0010474033,0.0010399105,0.0010507115,0.0010564986,0.0010682845,0.0,0.0010611189,0.0010474036,0.0010399105,0.0010507115,0.0010564986,0.001068285,0.0,0.0010611188,0.0010474033,0.0010399105,0.0010507115,0.0010564986,0.0010682845,0.0,0.0010611188,0.0,0.0010312836,0.0010122566,0.0010684418,0.0010796234,0.0,0.0010611187,0.0010474033,0.0010399105,0.0010507115,0.0010564986,0.0010682847,0.0,0.0,0.0,0.0010312836,0.0010122566,0.0010684418,0.0010908231,0.0010728475,0.0010611188,0.0,0.0010312836,0.0010122566,0.0010684418,0.0010796243,0.0010728794,0.0,0.0,0.0010312834,0.0010122566,0.0010684418,0.0010908231,0.0010728553,0.0,0.0010474033,0.0,0.0010611187,0.0010474033,0.0010684417,0.0010728431,0.0,0.0,0.0010312836,0.0010122566,0.0010684418,0.0010908224,0.0,0.0010611186,0.0,0.0010312836,0.0010122566,0.0010684418,0.0010796222,0.0,0.0,0.0010474038,0.001061119,0.0,0.0010312836,0.001061119,0.0010728479,0.0010611189,0.0,0.0010312833,0.0010122566,0.0010684418,0.001079622,0.0,0.0,0.0010474034,0.0010312836,0.0010216814,0.0010319976,0.001107731,0.004562268,0.0,0.0010474033,0.0,0.0010611187,0.0010474033,0.0010684417,0.0,0.0010611177,0.0,0.0010611189,0.0,0.0010611187,0.0010474034,0.0,0.0,0.001047402,0.001031283,0.0010216814,0.0010319976,0.0011077309,0.0,0.0010611091,0.0010611176,0.0010553333,0.0010664009,0.0,0.0009897237,0.0,0.0010611188,0.0010474032,0.0,0.0010611186,0.0010474032,0.0010399118,0.0010728446,0.0010611187,0.0010474033,0.0,0.0010611187,0.0010474033,0.0010399111,0.0,0.0010611188,0.0010474034,0.0010399105,0.0010507115,0.0010564986,0.0010682845,0.001072842,0.0010611187,0.0010474033,0.0010399105,0.0010507115,0.0010564986,0.0010682845,0.0010728592,0.0,0.0,0.0010312836,0.0010122566,0.0010684418,0.0010908223,0.0010728432,0.0,0.0010474033,0.0010312836,0.0010216814,0.0010319976,0.001107731,0.0,0.0010611189,0.0,0.0010312836,0.0010122566,0.0010684418,0.001079622,0.0010728479,0.0,0.0010474033,0.0010312836,0.0010216814,0.0010319976,0.0011077331,0.0,0.0010611187,0.0010474033,0.0010399105,0.0010507115,0.0010564986,0.0010682855,0.0010728425,0.0010611187,0.0010474033,0.0010399105,0.0010507115,0.0010564986,0.0010682845,0.0,0.0010611187,0.0010474032,0.0010399105,0.0010507115,0.0010564986,0.0010682845,0.0,0.0,0.0010474033,0.0010312836,0.0010216814,0.0010319976,0.0011077309,0.0010728433,0.0010611187,0.0,0.0,0.0010611189,0.0010611188,0.0010553339,0.0010728606,0.0,0.0010474033,0.0,0.0010611189,0.0010474033,0.0010684441,0.001072902,0.0,0.0010611188,0.0010474032,0.0010399105,0.0,0.0010611193,0.0,0.0010611187,0.0,0.0010312836,0.0010122566,0.0010684417,0.0010796255,0.001072845,0.0,0.0010474033,0.0010312836,0.0010216814,0.0010319977,0.0011077498,0.0010728473,0.0,0.0,0.0010312836,0.0010122566,0.0010684418,0.0010908223,0.0,0.0010611189,0.0010474034,0.0010399105,0.0010507115,0.0010564986,0.0010682844,0.0010728645,0.0010611188,0.0010474032,0.0,0.0010611187,0.0010474033,0.0010399111,0.0010728432,0.0,0.0010474032,0.0010312836,0.0010216814,0.0010319976,0.001107732,0.0010728434,0.0,0.0010474034,0.0010312836,0.0010216814,0.0010319975,0.0011077315,0.0,0.0010611188,0.0010611189,0.0010553334,0.0010664008,0.0,0.0009897483,0.0010728615,0.0,0.0010474032,0.0010312836,0.0010216814,0.0010319976,0.0011077308,0.0010728445,0.0,0.0,0.0010312836,0.0010122566,0.0010684418,0.0010908231,0.0010728785,0.0010611188,0.0,0.0010312838,0.0010122566,0.0010684417,0.0010796261,0.0,0.0010611187,0.0010474032,0.0010399105,0.0010507115,0.0010564986,0.0010682845,0.0,0.0010611186,0.0,0.0010312836,0.0010122566,0.0010684418,0.001079622,0.0,0.0010611188,0.0010474034,0.0010399105,0.0010507115,0.0010564986,0.0010682846,0.0010728483,0.0010611187,0.0010474032,0.0010399106,0.0010507113,0.0010564986,0.0010682847,0.0,0.0,0.0,0.0010312836,0.0010122566,0.0010684418,0.0010908226,0.0010728417,0.0010611187,0.0,0.0010312836,0.0010122566,0.0010684418,0.0010796223,0.0010728468,0.0010611187,0.0010474033,0.0010684418,0.0,0.0010312836,0.0010122567,0.0,0.0010611187,0.0010474033,0.0010399105,0.0010507115,0.0010564986,0.001068285,0.0,0.0010611187,0.0010474033,0.0010399105,0.0010507115,0.0010564986,0.0010682846,0.0,0.0010611187,0.0010474032,0.0010399105,0.0010507115,0.0010564986,0.0010682855,0.0010728446,0.0010611187,0.0010474033,0.0010399105,0.0010507115,0.0010564986,0.0010682847,0.0,0.0,0.0010474033,0.0010312836,0.0010216814,0.0010319976,0.0011077311,0.0,0.0010611187,0.0010474033,0.0010399105,0.0010507115,0.0010564986,0.0010682845,0.0010729171,0.0010611188,0.0010474032,0.0010399104,0.0010507115,0.0010564986,0.0010682859
k__Bacteria|p__Bacteroidetes|c__Bacteroidia|o__Bacteroidales|f__Porphyromonadaceae|g__Porphyromonas|s__Porphyromonas_bennonis,0.0,0.0010589863,0.0010453695,0.001038067,0.0010492718,0.001055443,0.0010675279,0.0,0.0010589864,0.0010453695,0.001038067,0.0010492718,0.001055443,0.0010675278,0.0,0.0,0.0010453815,0.0010293642,0.0010199524,0.0010306729,0.0011062834,0.0010706488,0.0,0.0010453697,0.0010293572,0.0010199519,0.0010306729,0.0011062828,0.0,0.0,0.0010453695,0.0010293572,0.0010199519,0.0010306729,0.0011062827,0.001070619,0.0010589863,0.0010453695,0.001038067,0.0010492718,0.001055443,0.0010675278,0.0,0.0010589869,0.0010453695,0.001038067,0.0010492718,0.001055443,0.0010675289,0.001070619,0.0010589863,0.0010453695,0.001038067,0.0010492718,0.001055443,0.0010675278,0.0,0.0010589868,0.0010453706,0.001038067,0.0010492718,0.001055443,0.0010675282,0.0,0.0010589864,0.0010453695,0.001038067,0.0010492718,0.001055443,0.0010675279,0.0,0.0010589864,0.0,0.0010293572,0.0010104467,0.0010663964,0.0010779786,0.0,0.0010589863,0.0010453695,0.0010380669,0.0010492718,0.001055443,0.0010675283,0.0,0.0,0.0,0.0010293572,0.0010104467,0.0010663964,0.001089087,0.001070627,0.0010589864,0.0,0.0010293572,0.0010104467,0.0010663964,0.0010779834,0.0010706772,0.0,0.0,0.0010293573,0.0010104467,0.0010663964,0.0010890868,0.0010706409,0.0,0.0010453697,0.0,0.0010589863,0.0010453695,0.0010663964,0.0010706212,0.0,0.0,0.0010293572,0.0010104467,0.0010663964,0.001089086,0.0,0.0010589876,0.0,0.0010293572,0.0010104467,0.0010663964,0.0010779775,0.0,0.0,0.0010453706,0.0010589875,0.0,0.0010293572,0.0010589868,0.0010706349,0.0010589868,0.0,0.0010293571,0.0010104467,0.0010663964,0.0010779771,0.0,0.0,0.0010453699,0.0010293572,0.0010199519,0.0010306729,0.0011062832,0.0,0.0,0.0010453697,0.0,0.0010589863,0.0010453695,0.0010663966,0.0,0.0010589891,0.0,0.0010589864,0.0,0.0010589863,0.0010453698,0.0,0.0,0.001045381,0.0010293588,0.0010199519,0.0010306729,0.001106283,0.0,0.0010590141,0.0010589896,0.0010533853,0.0010648547,0.0,0.0009880449,0.0,0.0010589883,0.0010453704,0.0,0.0010589869,0.0010453699,0.0010380701,0.0010706242,0.0010589863,0.0010453695,0.0,0.0010589863,0.0010453695,0.0010380681,0.0,0.0010589868,0.0010453698,0.0010380669,0.0010492718,0.001055443,0.0010675278,0.0010706189,0.0010589863,0.0010453695,0.001038067,0.0010492718,0.001055443,0.0010675279,0.001070641,0.0,0.0,0.0010293572,0.0010104467,0.0010663964,0.0010890859,0.0010706227,0.0,0.0010453695,0.0010293572,0.0010199519,0.0010306729,0.0011062829,0.0,0.0010589864,0.0,0.0010293572,0.0010104467,0.0010663964,0.0010779771,0.0010706333,0.0,0.0010453697,0.0010293572,0.0010199519,0.0010306729,0.0011062899,0.0,0.0010589863,0.0010453697,0.001038067,0.0010492718,0.001055443,0.0010675291,0.0010706197,0.0010589863,0.0010453695,0.001038067,0.0010492718,0.001055443,0.0010675278,0.0,0.001058987,0.0010453699,0.0010380669,0.0010492718,0.001055443,0.0010675279,0.0,0.0,0.0010453695,0.0010293572,0.0010199519,0.0010306729,0.0011062827,0.0010706205,0.0010589863,0.0,0.0,0.0010589864,0.0010589864,0.0010533851,0.0010706469,0.0,0.0010453699,0.0,0.0010589864,0.0010453695,0.0010664016,0.001070718,0.0,0.0010589865,0.0010453699,0.0010380669,0.0,0.0010589869,0.0,0.0010589862,0.0,0.0010293572,0.0010104467,0.0010663964,0.001077985,0.0010706235,0.0,0.0010453697,0.0010293572,0.0010199519,0.0010306735,0.0011063303,0.0010706306,0.0,0.0,0.0010293572,0.0010104467,0.0010663964,0.0010890859,0.0,0.0010589864,0.0010453698,0.001038067,0.0010492718,0.001055443,0.0010675278,0.0010706283,0.0010589864,0.0010453699,0.0,0.0010589864,0.0010453697,0.0010380681,0.0010706208,0.0,0.0010453699,0.0010293573,0.0010199519,0.0010306729,0.0011062844,0.0010706215,0.0,0.0010453698,0.0010293572,0.0010199519,0.0010306729,0.0011062847,0.0,0.0010589864,0.0010589866,0.001053385,0.0010648547,0.0,0.0009880777,0.0010706427,0.0,0.0010453699,0.0010293572,0.0010199519,0.0010306729,0.0011062827,0.0010706227,0.0,0.0,0.0010293572,0.0010104467,0.0010663964,0.0010890868,0.0010706756,0.0010589871,0.0,0.001029358,0.0010104467,0.0010663966,0.0010779831,0.0,0.0010589865,0.0010453699,0.0010380669,0.0010492718,0.001055443,0.0010675278,0.0,0.0010589875,0.0,0.0010293572,0.0010104467,0.0010663964,0.0010779771,0.0,0.0010589866,0.0010453699,0.0010380669,0.0010492718,0.001055443,0.0010675278,0.0010706316,0.0010589868,0.0010453699,0.0010380673,0.0010492718,0.001055443,0.0010675283,0.0,0.0,0.0,0.0010293572,0.0010104467,0.0010663964,0.0010890865,0.0010706186,0.0010589863,0.0,0.0010293572,0.0010104467,0.0010663964,0.0010779779,0.0010706272,0.0010589865,0.0010453697,0.0010663964,0.0,0.0010293572,0.0010104467,0.0,0.0010589863,0.0010453695,0.0010380669,0.0010492718,0.001055443,0.0010675287,0.0,0.0010589863,0.0010453697,0.0010380669,0.0010492718,0.001055443,0.0010675279,0.0,0.0010589871,0.0010453699,0.0010380669,0.0010492718,0.001055443,0.0010675297,0.0010706263,0.0010589863,0.0010453697,0.0010380669,0.0010492718,0.001055443,0.0010675284,0.0,0.0,0.0010453697,0.0010293572,0.0010199519,0.0010306729,0.0011062833,0.0,0.0010589863,0.0010453695,0.001038067,0.0010492718,0.001055443,0.0010675279,0.0010707895,0.0010589877,0.0010453699,0.0010380668,0.0010492718,0.001055443,0.0010675301
k__Bacteria|p__Bacteroidetes|c__Bacteroidia|o__Bacteroidales|f__Prevotellaceae|g__Prevotella|s__Prevotella_brunnea,0.0,0.0010618417,0.0010483016,0.0010410513,0.0010522525,0.0010584369,0.00107049,0.0,0.0010618417,0.0010483016,0.0010410513,0.0010522525,0.0010584369,0.00107049,0.0,0.0,0.0010483129,0.0010323727,0.001023015,0.0010337437,0.0011088757,0.0010734368,0.0,0.0010483016,0.0010323655,0.0010230143,0.0010337437,0.0011088757,0.0,0.0,0.0010483016,0.0010323655,0.0010230143,0.0010337437,0.0011088756,0.0010733984,0.0010618416,0.0010483016,0.0010410513,0.0010522525,0.0010584369,0.0010704899,0.0,0.001061842,0.0010483017,0.0010410513,0.0010522525,0.0010584369,0.0010704896,0.0010733984,0.0010618416,0.0010483016,0.0010410513,0.0010522525,0.0010584369,0.0010704899,0.0,0.0010618418,0.001048302,0.0010410513,0.0010522525,0.0010584369,0.0010704903,0.0,0.0010618417,0.0010483016,0.0010410513,0.0010522525,0.0010584369,0.00107049,0.0,0.0010618417,0.0,0.0010323655,0.0010135291,0.0010692206,0.0010807746,0.0,0.0010618416,0.0010483016,0.0010410513,0.0010522525,0.0010584369,0.0010704899,0.0,0.0,0.0,0.0010323655,0.0010135291,0.0010692206,0.0010917945,0.0010734083,0.0010618417,0.0,0.0010323655,0.0010135291,0.0010692206,0.0010807791,0.0010734873,0.0,0.0,0.0010323656,0.0010135291,0.0010692206,0.0010917942,0.001073425,0.0,0.0010483016,0.0,0.0010618416,0.0010483016,0.0010692205,0.0010734018,0.0,0.0,0.0010323655,0.0010135291,0.0010692206,0.001091794,0.0,0.0010618431,0.0,0.0010323655,0.0010135291,0.0010692206,0.0010807746,0.0,0.0,0.001048302,0.0010618429,0.0,0.0010323655,0.0010618416,0.0010734233,0.0010618418,0.0,0.0010323654,0.0010135291,0.0010692206,0.0010807745,0.0,0.0,0.0010483018,0.0010323655,0.0010230143,0.0010337437,0.0011088755,0.0,0.0,0.0010483016,0.0,0.0010618416,0.0010483016,0.0010692204,0.0,0.0010618442,0.0,0.0010618418,0.0,0.0010618416,0.0010483017,0.0,0.0,0.0010483172,0.001032368,0.0010230144,0.0010337437,0.0011088757,0.0,0.001061878,0.0010618452,0.0010562895,0.0010677434,0.0,0.000991191,0.0,0.0010618437,0.0010483023,0.0,0.0010618418,0.0010483017,0.0010410524,0.0010734036,0.0010618416,0.0010483016,0.0,0.0010618416,0.0010483016,0.0010410517,0.0,0.001061842,0.0010483017,0.0010410513,0.0010522525,0.0010584369,0.00107049,0.001073398,0.0010618416,0.0010483016,0.0010410513,0.0010522525,0.0010584369,0.00107049,0.0010734298,0.0,0.0,0.0010323655,0.0010135291,0.0010692206,0.0010917939,0.0010734055,0.0,0.0010483016,0.0010323655,0.0010230143,0.0010337437,0.0011088753,0.0,0.0010618418,0.0,0.0010323655,0.0010135291,0.0010692206,0.0010807744,0.0010734156,0.0,0.0010483016,0.0010323655,0.0010230143,0.0010337437,0.001108877,0.0,0.0010618416,0.0010483016,0.0010410513,0.0010522525,0.0010584369,0.0010704907,0.0010733992,0.0010618416,0.0010483016,0.0010410513,0.0010522525,0.0010584369,0.0010704899,0.0,0.001061842,0.0010483017,0.0010410513,0.0010522525,0.0010584369,0.00107049,0.0,0.0,0.0010483016,0.0010323655,0.0010230143,0.0010337437,0.0011088757,0.0010734006,0.0010618416,0.0,0.0,0.0010618418,0.0010618417,0.0010562895,0.0010734359,0.0,0.0010483018,0.0,0.0010618416,0.0010483016,0.0010692201,0.0010735317,0.0,0.0010618418,0.0010483017,0.0010410513,0.0,0.0010618417,0.0,0.0010618416,0.0,0.0010323655,0.0010135291,0.0010692205,0.0010807754,0.001073404,0.0,0.0010483016,0.0010323655,0.0010230144,0.0010337442,0.0011088891,0.0010734125,0.0,0.0,0.0010323655,0.0010135291,0.0010692206,0.0010917939,0.0,0.0010618418,0.0010483017,0.0010410513,0.0010522525,0.0010584369,0.00107049,0.0010734187,0.0010618417,0.0010483017,0.0,0.0010618417,0.0010483016,0.0010410519,0.0010734013,0.0,0.0010483017,0.0010323656,0.0010230143,0.0010337437,0.0011088757,0.001073402,0.0,0.0010483017,0.0010323655,0.0010230144,0.0010337438,0.0011088761,0.0,0.0010618417,0.0010618418,0.0010562892,0.0010677433,0.0,0.0009912135,0.0010734411,0.0,0.0010483019,0.0010323655,0.0010230143,0.0010337437,0.0011088756,0.0010734032,0.0,0.0,0.0010323655,0.0010135291,0.0010692206,0.0010917942,0.0010734794,0.0010618425,0.0,0.0010323667,0.0010135294,0.0010692205,0.0010807771,0.0,0.0010618418,0.0010483017,0.0010410513,0.0010522525,0.0010584369,0.0010704899,0.0,0.001061842,0.0,0.0010323655,0.0010135291,0.0010692206,0.0010807744,0.0,0.0010618415,0.0010483018,0.0010410513,0.0010522525,0.0010584369,0.0010704899,0.0010734128,0.0010618417,0.0010483019,0.0010410515,0.0010522525,0.0010584369,0.0010704901,0.0,0.0,0.0,0.0010323655,0.0010135291,0.0010692206,0.0010917939,0.0010733979,0.0010618416,0.0,0.0010323655,0.0010135291,0.0010692206,0.0010807748,0.0010734103,0.0010618418,0.0010483016,0.0010692206,0.0,0.0010323655,0.0010135293,0.0,0.0010618416,0.0010483016,0.0010410513,0.0010522525,0.0010584369,0.0010704901,0.0,0.0010618416,0.0010483016,0.0010410513,0.0010522525,0.0010584369,0.00107049,0.0,0.0010618423,0.0010483017,0.0010410513,0.0010522525,0.0010584369,0.0010704905,0.0010734092,0.0010618416,0.0010483016,0.0010410513,0.0010522525,0.0010584369,0.0010704903,0.0,0.0,0.0010483016,0.0010323655,0.0010230143,0.0010337437,0.0011088757,0.0,0.0010618416,0.0010483016,0.0010410513,0.0010522525,0.0010584369,0.00107049,0.0010736004,0.0010618428,0.0010483017,0.0010410513,0.0010522525,0.0010584369,0.0010704907
k__Bacteria|p__Bacteroidetes|c__Bacteroidia|o__Bacteroidales|f__Prevotellaceae|g__Prevotella|s__Prevotella_salivae,0.0,0.001059602,0.0010459626,0.001038614,0.0010497177,0.0010557936,0.0010678028,0.0,0.0010596019,0.0010459626,0.001038614,0.0010497177,0.0010557936,0.0010678027,0.0,0.0,0.0010459844,0.0010299401,0.0010204737,0.001031093,0.0011067209,0.0010712922,0.0,0.0010459626,0.0010299255,0.0010204726,0.001031093,0.00110672,0.0,0.0,0.0010459626,0.0010299255,0.0010204726,0.001031093,0.00110672,0.0010712552,0.0010596018,0.0010459626,0.001038614,0.0010497177,0.0010557936,0.0010678028,0.0,0.001059603,0.0010459629,0.001038614,0.0010497177,0.0010557936,0.0010678034,0.0010712553,0.0010596018,0.0010459626,0.001038614,0.0010497177,0.0010557936,0.0010678027,0.0,0.0010596022,0.0010459636,0.0010386141,0.0010497177,0.0010557936,0.0010678034,0.0,0.0010596019,0.0010459626,0.001038614,0.0010497177,0.0010557936,0.0010678028,0.0,0.0010596019,0.0,0.0010299255,0.0010109883,0.0010669891,0.0010784713,0.0,0.0010596018,0.0010459626,0.001038614,0.0010497177,0.0010557936,0.0010678032,0.0,0.0,0.0,0.0010299255,0.0010109883,0.0010669891,0.0010896012,0.0010712646,0.0010596019,0.0,0.0010299255,0.0010109883,0.0010669891,0.001078479,0.0010713381,0.0,0.0,0.0010299258,0.0010109883,0.0010669891,0.0010896001,0.0010712828,0.0,0.0010459626,0.0,0.0010596018,0.0010459626,0.0010669894,0.0010712589,0.0,0.0,0.0010299255,0.0010109883,0.0010669891,0.0010895986,0.0,0.0010596041,0.0,0.0010299255,0.0010109883,0.0010669891,0.0010784694,0.0,0.0,0.0010459641,0.0010596038,0.0,0.0010299255,0.0010596022,0.0010712878,0.0010596022,0.0,0.0010299254,0.0010109883,0.0010669891,0.0010784691,0.0,0.0,0.001045963,0.0010299255,0.0010204726,0.001031093,0.0011067203,0.0,0.0,0.0010459626,0.0,0.0010596018,0.0010459626,0.0010669894,0.0,0.0010596081,0.0,0.0010596019,0.0,0.0010596018,0.0010459627,0.0,0.0,0.0010459896,0.0010299298,0.0010204726,0.001031093,0.0011067208,0.0,0.00105966,0.0010596084,0.0010539568,0.0010653248,0.0,0.0009885606,0.0,0.0010596055,0.0010459642,0.0,0.0010596025,0.0010459628,0.0010386176,0.0010712628,0.0010596018,0.0010459626,0.0,0.0010596018,0.0010459626,0.0010386154,0.0,0.0010596022,0.0010459627,0.001038614,0.0010497177,0.0010557936,0.0010678028,0.0010712548,0.0010596018,0.0010459626,0.001038614,0.0010497177,0.0010557936,0.0010678028,0.0010712865,0.0,0.0,0.0010299255,0.0010109883,0.0010669891,0.0010895983,0.0010712623,0.0,0.0010459626,0.0010299255,0.0010204726,0.001031093,0.0011067201,0.0,0.0010596019,0.0,0.0010299255,0.0010109883,0.0010669891,0.0010784691,0.0010712738,0.0,0.0010459626,0.0010299255,0.0010204726,0.001031093,0.0011067296,0.0,0.0010596018,0.0010459626,0.001038614,0.0010497177,0.0010557936,0.0010678043,0.0010712557,0.0010596018,0.0010459626,0.001038614,0.0010497177,0.0010557936,0.0010678028,0.0,0.0010596026,0.0010459629,0.001038614,0.0010497177,0.0010557936,0.0010678028,0.0,0.0,0.0010459626,0.0010299255,0.0010204726,0.001031093,0.0011067201,0.0010712572,0.0010596018,0.0,0.0,0.0010596019,0.0010596019,0.0010539565,0.0010712927,0.0,0.0010459629,0.0,0.0010596019,0.0010459626,0.0010669937,0.0010713823,0.0,0.0010596024,0.0010459628,0.001038614,0.0,0.0010596027,0.0,0.0010596017,0.0,0.0010299255,0.0010109883,0.0010669893,0.0010784763,0.0010712618,0.0,0.0010459626,0.0010299255,0.0010204726,0.0010310935,0.0011068012,0.0010712756,0.0,0.0,0.0010299255,0.0010109883,0.0010669891,0.0010895983,0.0,0.0010596019,0.0010459627,0.001038614,0.0010497177,0.0010557936,0.0010678027,0.0010712516,0.0010596019,0.0010459628,0.0,0.0010596019,0.0010459626,0.0010386155,0.0010712579,0.0,0.0010459628,0.0010299259,0.0010204726,0.001031093,0.0011067224,0.0010712597,0.0,0.0010459627,0.0010299255,0.0010204726,0.0010310931,0.0011067223,0.0,0.0010596021,0.0010596021,0.0010539561,0.0010653249,0.0,0.000988607,0.0010712924,0.0,0.0010459628,0.0010299255,0.0010204726,0.001031093,0.00110672,0.0010712612,0.0,0.0,0.0010299255,0.0010109883,0.0010669891,0.0010896003,0.0010713275,0.0010596032,0.0,0.0010299272,0.0010109884,0.0010669895,0.0010784782,0.0,0.001059602,0.0010459628,0.001038614,0.0010497177,0.0010557936,0.0010678028,0.0,0.0010596039,0.0,0.0010299255,0.0010109883,0.0010669891,0.0010784691,0.0,0.0010596019,0.001045963,0.001038614,0.0010497177,0.0010557936,0.0010678028,0.0010712723,0.0010596022,0.0010459629,0.0010386144,0.0010497179,0.0010557936,0.0010678032,0.0,0.0,0.0,0.0010299255,0.0010109883,0.0010669891,0.0010895989,0.0010712546,0.0010596018,0.0,0.0010299255,0.0010109883,0.0010669891,0.0010784703,0.0010712693,0.001059602,0.0010459626,0.0010669891,0.0,0.0010299255,0.0010109879,0.0,0.0010596018,0.0010459626,0.001038614,0.0010497177,0.0010557936,0.0010678037,0.0,0.0010596018,0.0010459626,0.001038614,0.0010497177,0.0010557936,0.0010678031,0.0,0.0010596028,0.0010459628,0.001038614,0.0010497177,0.0010557936,0.001067805,0.0010712671,0.0010596018,0.0010459626,0.001038614,0.0010497177,0.0010557936,0.0010678032,0.0,0.0,0.0010459626,0.0010299255,0.0010204726,0.001031093,0.0011067203,0.0,0.0010596018,0.0010459626,0.001038614,0.0010497177,0.0010557936,0.0010678028,0.0010714813,0.0010596043,0.0010459629,0.001038614,0.0010497179,0.0010557936,0.0010678058
k__Bacteria|p__Bacteroidetes|c__Bacteroidia|o__Bacteroidales|f__Bacteroidaceae|g__Bacteroides|s__Bacteroides_intestinalis,0.0,0.0010627592,0.001049144,0.0010417632,0.0010527056,0.0010586414,0.0010705076,0.0,0.0010627591,0.001049144,0.0010417632,0.0010527056,0.0010586414,0.0010705076,0.0,0.0,0.0010491541,0.0010331328,0.0010236413,0.0010341088,0.0011093954,0.0010744024,0.0,0.001049144,0.0010331268,0.0010236409,0.0010341088,0.0011093953,0.0,0.0,0.001049144,0.0010331268,0.0010236409,0.0010341088,0.0011093953,0.0010743858,0.0010627591,0.001049144,0.0010417632,0.0010527056,0.0010586414,0.0010705075,0.0,0.0010627595,0.001049144,0.0010417632,0.0010527056,0.0010586414,0.0010705076,0.001074386,0.0010627591,0.001049144,0.0010417632,0.0010527056,0.0010586414,0.0010705076,0.0,0.0010627595,0.0010491443,0.0010417632,0.0010527056,0.0010586414,0.0010705079,0.0,0.0010627591,0.001049144,0.0010417632,0.0010527056,0.0010586414,0.0010705076,0.0,0.0010627594,0.0,0.0010331268,0.0010142041,0.0010700871,0.0010813887,0.0,0.0010627591,0.001049144,0.0010417632,0.0010527056,0.0010586414,0.0010705078,0.0,0.0,0.0,0.0010331268,0.0010142041,0.0010700871,0.0010924811,0.0010743906,0.0010627591,0.0,0.0010331268,0.0010142041,0.0010700871,0.0010813923,0.0010744374,0.0,0.0,0.0010331272,0.0010142041,0.0010700871,0.001092481,0.0010743994,0.0,0.001049144,0.0,0.0010627593,0.001049144,0.001070087,0.0010743877,0.0,0.0,0.0010331268,0.0010142041,0.0010700871,0.0010924803,0.0,0.0010627604,0.0,0.0010331268,0.0010142041,0.0010700871,0.0010813883,0.0,0.0,0.0010491443,0.0010627607,0.0,0.0010331268,0.0010627592,0.0010744025,0.0010627595,0.0,0.0010331268,0.0010142041,0.0010700871,0.0010813884,0.0,0.0,0.0010491441,0.0010331268,0.0010236409,0.0010341088,0.0011093954,0.0,0.0,0.001049144,0.0,0.0010627591,0.001049144,0.001070087,0.0,0.0010627606,0.0,0.0010627595,0.0,0.0010627591,0.0010491441,0.0,0.0,0.0010491576,0.0010331287,0.001023641,0.0010341088,0.0011093954,0.0,0.0010627855,0.0010627621,0.0010570814,0.0010682794,0.0,0.000991775,0.0,0.0010627605,0.0010491444,0.0,0.0010627595,0.0010491441,0.0010417645,0.0010743883,0.0010627591,0.001049144,0.0,0.0010627591,0.001049144,0.0010417636,0.0,0.0010627594,0.0010491441,0.0010417632,0.0010527056,0.0010586414,0.0010705075,0.0010743858,0.0010627591,0.001049144,0.0010417632,0.0010527056,0.0010586414,0.0010705076,0.0010744054,0.0,0.0,0.0010331268,0.0010142041,0.0010700871,0.0010924805,0.0010743912,0.0,0.001049144,0.0010331268,0.0010236409,0.0010341088,0.0011093952,0.0,0.0010627595,0.0,0.0010331268,0.0010142041,0.0010700871,0.0010813884,0.0010743939,0.0,0.001049144,0.0010331268,0.0010236409,0.0010341088,0.0011093972,0.0,0.0010627591,0.001049144,0.0010417632,0.0010527056,0.0010586414,0.001070508,0.0010743862,0.0010627591,0.001049144,0.0010417632,0.0010527056,0.0010586414,0.0010705075,0.0,0.0010627594,0.0010491441,0.0010417632,0.0010527056,0.0010586414,0.0010705076,0.0,0.0,0.001049144,0.0010331268,0.0010236409,0.0010341088,0.0011093954,0.0010743861,0.0010627591,0.0,0.0,0.0010627595,0.0010627591,0.0010570813,0.0010744015,0.0,0.0010491438,0.0,0.0010627592,0.001049144,0.0010700879,0.0010744596,0.0,0.0010627594,0.0010491441,0.0010417632,0.0,0.0010627595,0.0,0.0010627593,0.0,0.0010331268,0.0010142041,0.001070087,0.0010813914,0.0010743896,0.0,0.001049144,0.0010331268,0.001023641,0.0010341094,0.0011094186,0.0010743936,0.0,0.0,0.0010331268,0.0010142041,0.0010700871,0.0010924805,0.0,0.0010627595,0.0010491441,0.0010417632,0.0010527056,0.0010586414,0.0010705076,0.0010743793,0.0010627594,0.0010491441,0.0,0.0010627593,0.001049144,0.0010417639,0.0010743877,0.0,0.0010491441,0.001033127,0.0010236409,0.0010341088,0.0011093959,0.0010743873,0.0,0.0010491441,0.0010331267,0.001023641,0.0010341088,0.0011093962,0.0,0.0010627592,0.0010627595,0.0010570813,0.0010682794,0.0,0.0009917996,0.0010744074,0.0,0.0010491441,0.0010331268,0.0010236409,0.0010341088,0.0011093953,0.0010743877,0.0,0.0,0.0010331268,0.0010142041,0.0010700871,0.0010924812,0.0010744359,0.00106276,0.0,0.0010331278,0.0010142041,0.0010700871,0.0010813911,0.0,0.0010627594,0.0010491441,0.0010417632,0.0010527056,0.0010586414,0.0010705075,0.0,0.0010627594,0.0,0.0010331268,0.0010142041,0.0010700871,0.0010813884,0.0,0.0010627594,0.0010491441,0.0010417632,0.0010527056,0.0010586414,0.0010705076,0.0010743947,0.0010627593,0.001049144,0.0010417632,0.0010527056,0.0010586414,0.0010705077,0.0,0.001900274,0.0,0.0010331268,0.0010142041,0.0010700871,0.0010924806,0.0010743857,0.0010627591,0.0,0.0010331268,0.0010142041,0.0010700871,0.0010813888,0.0010743904,0.0010627594,0.001049144,0.0010700871,0.0,0.0010331268,0.0010142042,0.0,0.0010627591,0.001049144,0.0010417632,0.0010527056,0.0010586414,0.0010705077,0.0,0.0010627591,0.001049144,0.0010417632,0.0010527056,0.0010586414,0.0010705077,0.0,0.0010627599,0.0010491441,0.0010417632,0.0010527056,0.0010586414,0.0010705083,0.0010743927,0.0010627591,0.001049144,0.0010417632,0.0010527056,0.0010586414,0.0010705079,0.0,0.0,0.001049144,0.0010331268,0.0010236409,0.0010341088,0.0011093954,0.0,0.0010627591,0.001049144,0.0010417632,0.0010527056,0.0010586414,0.0010705076,0.0010744579,0.0010627599,0.0010491438,0.0010417632,0.0010527056,0.0010586414,0.0010705084
k__Bacteria|p__Bacteroidetes|c__Bacteroidia|o__Bacteroidales|f__Bacteroidaceae|g__Bacteroides|s__Bacteroides_faecis,0.0,0.0010582489,0.001044579,0.001037214,0.0010483338,0.0010544177,0.0010664517,0.0,0.0010582489,0.001044579,0.001037214,0.0010483338,0.0010544177,0.0010664518,0.0,0.0,0.0010445935,0.0010285232,0.0010190423,0.001029673,0.0011055089,0.0010699424,0.0,0.001044579,0.0010285116,0.0010190419,0.001029673,0.0011055087,0.0,0.0,0.001044579,0.0010285116,0.0010190419,0.001029673,0.0011055087,0.0010699324,0.0010582488,0.001044579,0.001037214,0.0010483338,0.0010544177,0.0010664517,0.0,0.0010582494,0.0010445791,0.001037214,0.0010483338,0.0010544177,0.0010664519,0.0010699325,0.0010582488,0.001044579,0.001037214,0.0010483338,0.0010544177,0.0010664517,0.0,0.0010582493,0.0010445793,0.0010372141,0.0010483338,0.0010544177,0.0010664524,0.0,0.0010582489,0.001044579,0.001037214,0.0010483338,0.0010544177,0.0010664518,0.0,0.0010582489,0.0,0.0010285116,0.0010095455,0.0010656532,0.0010771605,0.0,0.0010582488,0.001044579,0.0010372138,0.0010483338,0.0010544177,0.0010664518,0.0,0.0,0.0,0.0010285116,0.0010095455,0.0010656532,0.001088326,0.001069934,0.0010582489,0.0,0.0010285116,0.0010095455,0.0010656532,0.001077161,0.001069937,0.0,0.0,0.0010285118,0.0010095455,0.0010656532,0.0010883257,0.0010699371,0.0,0.001044579,0.0,0.0010582488,0.001044579,0.0010656532,0.0010699331,0.0,0.0,0.0010285116,0.0010095455,0.0010656532,0.0010883255,0.0,0.0010582499,0.0,0.0010285116,0.0010095455,0.0010656532,0.0010771594,0.0,0.0,0.0010445806,0.00105825,0.0,0.0010285116,0.0010582489,0.0010699475,0.0010582493,0.0,0.0010285114,0.0010095455,0.0010656532,0.0010771594,0.0,0.0,0.0010445791,0.0010285116,0.0010190419,0.001029673,0.0011055087,0.0,0.0,0.001044579,0.0,0.0010582488,0.001044579,0.0010656532,0.0,0.0010582521,0.0,0.001058249,0.0,0.0010582488,0.0010445791,0.003168822,0.0,0.0010445962,0.001028514,0.001019042,0.001029673,0.0011055087,0.0,0.0010582737,0.0010582523,0.0010525883,0.0010639778,0.0,0.0009870853,0.0,0.0010582503,0.0010445797,0.0,0.0010582493,0.0010445791,0.0010372158,0.0010699364,0.0010582488,0.001044579,0.0,0.0010582488,0.001044579,0.0010372143,0.0,0.0010582489,0.0010445791,0.0010372138,0.0010483338,0.0010544177,0.0010664518,0.0010699325,0.0010582488,0.001044579,0.001037214,0.0010483338,0.0010544177,0.0010664518,0.0010699411,0.0,0.0,0.0010285116,0.0010095455,0.0010656532,0.0010883254,0.0010699327,0.0,0.001044579,0.0010285116,0.0010190419,0.001029673,0.0011055085,0.0,0.001058249,0.0,0.0010285116,0.0010095455,0.0010656532,0.0010771593,0.0010699361,0.0,0.001044579,0.0010285116,0.0010190419,0.001029673,0.001105509,0.0,0.0010582488,0.001044579,0.001037214,0.0010483338,0.0010544177,0.001066452,0.0010699327,0.0010582488,0.001044579,0.001037214,0.0010483338,0.0010544177,0.0010664517,0.0,0.0010582494,0.0010445791,0.0010372138,0.0010483338,0.0010544177,0.0010664515,0.0,0.0,0.001044579,0.0010285116,0.0010190419,0.001029673,0.0011055088,0.001069933,0.0010582488,0.0,0.0,0.001058249,0.0010582489,0.0010525883,0.0010699455,0.0,0.0010445794,0.0,0.0010582493,0.001044579,0.0010656554,0.0010699432,0.0,0.0010582493,0.0010445791,0.0010372138,0.0,0.0010582495,0.0,0.0010582488,0.0,0.0010285116,0.0010095455,0.0010656532,0.0010771616,0.0010699357,0.0,0.001044579,0.0010285116,0.001019042,0.001029673,0.0011055159,0.0010699438,0.0,0.0,0.0010285116,0.0010095455,0.0010656532,0.0010883253,0.0,0.001058249,0.0010445791,0.001037214,0.0010483338,0.0010544177,0.0010664518,0.0010699374,0.0010582493,0.0010445791,0.0,0.001058249,0.001044579,0.0010372148,0.0010699321,0.0,0.0010445791,0.0010285119,0.0010190419,0.001029673,0.0011055095,0.0010699333,0.0,0.0010445791,0.0010285116,0.001019042,0.001029673,0.0011055087,0.0,0.0010582489,0.001058249,0.0010525878,0.0010639778,0.0,0.0009871197,0.0010699368,0.0,0.0010445791,0.0010285116,0.0010190419,0.001029673,0.0011055087,0.0010699339,0.0,0.0,0.0010285116,0.0010095455,0.0010656532,0.001088326,0.0010699456,0.001058249,0.0,0.0010285123,0.0010095456,0.0010656532,0.0010771623,0.0,0.0010582489,0.0010445791,0.0010372138,0.0010483338,0.0010544177,0.0010664517,0.0,0.0010582503,0.0,0.0010285116,0.0010095455,0.0010656532,0.0010771593,0.0,0.0010582493,0.0010445791,0.0010372138,0.0010483338,0.0010544177,0.0010664518,0.0010699338,0.0010582489,0.0010445791,0.0010372141,0.0010483338,0.0010544177,0.0010664517,0.0,0.0,0.0,0.0010285116,0.0010095455,0.0010656532,0.0010883257,0.0010699321,0.0010582488,0.0,0.0010285116,0.0010095455,0.0010656532,0.0010771595,0.0010699374,0.0010582492,0.001044579,0.0010656532,0.0,0.0010285116,0.0010095456,0.0,0.0010582488,0.001044579,0.0010372138,0.0010483338,0.0010544177,0.001066452,0.0,0.0010582488,0.001044579,0.0010372138,0.0010483338,0.0010544177,0.0010664518,0.0,0.001058249,0.0010445791,0.0010372138,0.0010483338,0.0010544177,0.0010664525,0.001069933,0.0010582488,0.001044579,0.0010372138,0.0010483338,0.0010544177,0.0010664518,0.0,0.0,0.001044579,0.0010285116,0.0010190419,0.001029673,0.0011055085,0.0,0.0010582488,0.001044579,0.001037214,0.0010483338,0.0010544177,0.0010664518,0.0010700008,0.0010582502,0.0010445791,0.001037214,0.0010483338,0.0010544177,0.0010664529
k__Bacteria|p__Bacteroidetes|c__Bacteroidia|o__Bacteroidales|f__Dysgonomonadaceae|g__Dysgonomonas|s__Dysgonomonas_capnocytophagoides,0.0,0.0010611953,0.0010476495,0.001040404,0.0010516355,0.0010578458,0.0010699263,0.0,0.0010611954,0.0010476495,0.001040404,0.0010516355,0.0010578458,0.0010699263,0.0,0.0,0.001047645,0.0010317046,0.0010223618,0.0010331196,0.0011083245,0.0010727627,0.0,0.0010476495,0.001031708,0.0010223618,0.0010331196,0.0011083246,0.0,0.0,0.0010476495,0.001031708,0.0010223618,0.0010331196,0.0011083247,0.0010727579,0.0010611953,0.0010476495,0.001040404,0.0010516355,0.0010578458,0.0010699263,0.0,0.0010611948,0.0010476493,0.001040404,0.0010516355,0.0010578458,0.0010699264,0.0010727583,0.0010611953,0.0010476495,0.001040404,0.0010516355,0.0010578458,0.0010699263,0.0,0.0010611953,0.0010476494,0.0010404041,0.0010516355,0.0010578458,0.0010699263,0.0,0.0010611954,0.0010476495,0.001040404,0.0010516355,0.0010578458,0.0010699263,0.0,0.0010611954,0.0,0.001031708,0.0010128673,0.0010685859,0.0010801735,0.0,0.0010611953,0.0010476495,0.001040404,0.0010516355,0.0010578458,0.0010699263,0.0,0.0,0.0,0.001031708,0.0010128673,0.0010685859,0.0010912012,0.0010727601,0.0010611954,0.0,0.001031708,0.0010128673,0.0010685859,0.0010801746,0.0010727876,0.0,0.0,0.0010317081,0.0010128673,0.0010685859,0.0010912016,0.0010727636,0.0,0.0010476495,0.0,0.0010611953,0.0010476495,0.0010685859,0.001072758,0.0,0.0,0.001031708,0.0010128673,0.0010685859,0.0010912018,0.0,0.0010611952,0.0,0.001031708,0.0010128673,0.0010685859,0.0010801734,0.0,0.0,0.0010476485,0.0010611949,0.0,0.001031708,0.0010611955,0.0010727549,0.0010611953,0.0,0.001031708,0.0010128673,0.0010685859,0.0010801738,0.0,0.0,0.0010476493,0.001031708,0.0010223618,0.0010331196,0.0011083247,0.0,0.0,0.0010476495,0.0,0.0010611953,0.0010476495,0.0010685859,0.0,0.0010611934,0.0,0.0010611955,0.0,0.0010611953,0.0010476495,0.0,0.0,0.0010476416,0.0010317072,0.0010223619,0.0010331196,0.001108324,0.0,0.0010611839,0.0010611938,0.0010556476,0.0010671341,0.0,0.0009905226,0.0,0.0010611945,0.001047649,0.0,0.0010611953,0.0010476495,0.001040404,0.0010727567,0.0010611953,0.0010476495,0.0,0.0010611953,0.0010476495,0.0010404045,0.0,0.0010611955,0.0010476495,0.001040404,0.0010516355,0.0010578458,0.0010699262,0.0010727582,0.0010611953,0.0010476495,0.001040404,0.0010516355,0.0010578458,0.0010699263,0.0010727613,0.0,0.0,0.001031708,0.0010128673,0.0010685859,0.0010912018,0.0010727588,0.0,0.0010476495,0.001031708,0.0010223618,0.0010331196,0.0011083245,0.0,0.0010611955,0.0,0.001031708,0.0010128673,0.0010685859,0.0010801736,0.001072762,0.0,0.0010476495,0.001031708,0.0010223618,0.0010331196,0.0011083249,0.0,0.0010611953,0.0010476495,0.001040404,0.0010516355,0.0010578458,0.0010699265,0.0010727583,0.0010611953,0.0010476495,0.001040404,0.0010516355,0.0010578458,0.0010699263,0.0,0.0010611953,0.0010476495,0.001040404,0.0010516355,0.0010578458,0.0010699263,0.0,0.0,0.0010476495,0.001031708,0.0010223618,0.0010331196,0.0011083246,0.0010727587,0.0010611953,0.0,0.0,0.0010611955,0.0010611954,0.001055648,0.0010727651,0.0,0.0010476491,0.0,0.0010611955,0.0010476495,0.0010685853,0.0010728069,0.0,0.0010611952,0.0010476495,0.001040404,0.0,0.0010611952,0.0,0.0010611953,0.0,0.001031708,0.0010128673,0.0010685859,0.0010801754,0.0010727574,0.0,0.0010476495,0.001031708,0.0010223619,0.0010331197,0.001108328,0.001072756,0.01130232,0.0,0.001031708,0.0010128673,0.0010685859,0.0010912021,0.0,0.0010611955,0.0010476495,0.001040404,0.0010516355,0.0010578458,0.0010699263,0.0010727763,0.0010611954,0.0010476495,0.0,0.0010611953,0.0010476495,0.0010404041,0.0010727585,0.0,0.0010476495,0.001031708,0.0010223618,0.0010331196,0.0011083239,0.0010727576,0.0,0.0010476495,0.001031708,0.0010223619,0.0010331197,0.0011083243,0.0,0.0010611954,0.0010611955,0.0010556479,0.0010671339,0.0,0.000990534,0.0010727679,0.0,0.0010476495,0.001031708,0.0010223618,0.0010331196,0.0011083247,0.0010727582,0.0,0.0,0.001031708,0.0010128673,0.0010685859,0.0010912017,0.0010727762,0.0010611953,0.0,0.001031708,0.0010128674,0.001068586,0.0010801734,0.0,0.0010611954,0.0010476495,0.001040404,0.0010516355,0.0010578458,0.0010699263,0.0,0.0010611947,0.0,0.001031708,0.0010128673,0.0010685859,0.0010801736,0.0,0.0010611954,0.0010476497,0.001040404,0.0010516355,0.0010578458,0.0010699263,0.0010727596,0.001061195,0.0010476495,0.0010404038,0.0010516355,0.0010578458,0.0010699262,0.0,0.0,0.0,0.001031708,0.0010128673,0.0010685859,0.0010912021,0.001072758,0.0010611953,0.0,0.001031708,0.0010128673,0.0010685859,0.001080174,0.0010727573,0.0010611954,0.0010476495,0.0010685859,0.0,0.001031708,0.0010128674,0.0,0.0010611953,0.0010476495,0.001040404,0.0010516355,0.0010578458,0.0010699264,0.0,0.0010611953,0.0010476495,0.001040404,0.0010516355,0.0010578458,0.0010699262,0.0,0.0010611952,0.0010476495,0.001040404,0.0010516355,0.0010578458,0.0010699269,0.0010727585,0.0010611953,0.0010476495,0.001040404,0.0010516355,0.0010578458,0.0010699263,0.0,0.0,0.0010476495,0.001031708,0.0010223618,0.0010331196,0.0011083247,0.0,0.0010611953,0.0010476495,0.001040404,0.0010516355,0.0010578458,0.0010699263,0.00107284,0.0010611949,0.0010476492,0.0010404038,0.0010516355,0.0010578458,0.0010699265
k__Bacteria|p__Bacteroidetes|c__Bacteroidia|o__Bacteroidales|f__Rikenellaceae|g__GGB3277|s__GGB3277_SGB4327,0.0,0.0010670547,0.0010532726,0.0010455556,0.0010557655,0.0010610076,0.0010723281,0.0,0.0010670548,0.0010532726,0.0010455556,0.0010557655,0.0010610076,0.0010723281,0.0,0.0,0.0010532798,0.0010370787,0.0010272394,0.0010369745,0.0011124095,0.0010788479,0.0,0.0010532726,0.0010370736,0.0010272393,0.0010369745,0.0011124095,0.0,0.0,0.0010532726,0.0010370736,0.0010272393,0.0010369745,0.0011124095,0.0010788336,0.0010670547,0.0010532726,0.0010455556,0.0010557655,0.0010610076,0.0010723281,0.0,0.001067055,0.0010532726,0.0010455556,0.0010557655,0.0010610076,0.0010723284,0.0010788335,0.0010670547,0.0010532726,0.0010455556,0.0010557655,0.0010610076,0.0010723281,0.0,0.0010670549,0.001053273,0.0010455556,0.0010557655,0.0010610076,0.0010723287,0.0,0.0010670548,0.0010532726,0.0010455556,0.0010557655,0.0010610076,0.0010723281,0.0,0.0010670548,0.0,0.0010370736,0.0010179516,0.0010742196,0.0010847916,0.0,0.0010670547,0.0010532726,0.0010455556,0.0010557655,0.0010610076,0.0010723281,0.0,0.0,0.0,0.0010370736,0.0010179516,0.0010742196,0.0010960338,0.0010788369,0.0010670548,0.0,0.0010370736,0.0010179516,0.0010742196,0.0010847907,0.0010788506,0.0,0.0,0.0010370734,0.0010179516,0.0010742196,0.0010960342,0.0010788415,0.0,0.0010532726,0.0,0.0010670547,0.0010532726,0.0010742197,0.001078834,0.0,0.0,0.0010370736,0.0010179516,0.0010742196,0.0010960344,0.0,0.0010670549,0.0,0.0010370736,0.0010179516,0.0010742196,0.0010847911,0.0,0.0,0.0010532733,0.001067055,0.0,0.0010370736,0.0010670548,0.0010788416,0.0010670547,0.0,0.0010370734,0.0010179516,0.0010742196,0.0010847914,0.0,0.0,0.0010532727,0.0010370736,0.0010272393,0.0010369745,0.0011124092,0.0,0.0,0.0010532726,0.0,0.0010670547,0.0010532726,0.0010742196,0.0,0.0010670553,0.0,0.0010670548,0.0,0.0010670547,0.0010532727,0.0,0.0,0.0010532798,0.0010370741,0.001027239,0.0010369745,0.0011124092,0.0,0.0010670632,0.0010670555,0.0010610509,0.0010715179,0.0,0.000995303,0.0,0.0010670549,0.001053273,0.0,0.0010670547,0.0010532727,0.0010455566,0.0010788367,0.0010670547,0.0010532726,0.0,0.0010670547,0.0010532726,0.0010455555,0.0,0.0010670549,0.0010532727,0.0010455556,0.0010557655,0.0010610076,0.0010723283,0.0010788337,0.0010670547,0.0010532726,0.0010455556,0.0010557655,0.0010610076,0.0010723281,0.0010788437,0.0,0.0,0.0010370736,0.0010179516,0.0010742196,0.0010960343,0.0010788336,0.0,0.0010532726,0.0010370736,0.0010272393,0.0010369745,0.0011124094,0.0,0.0010670548,0.0,0.0010370736,0.0010179516,0.0010742196,0.0010847913,0.0010788386,0.0,0.0010532726,0.0010370736,0.0010272393,0.0010369745,0.0011124075,0.0,0.0010670547,0.0010532726,0.0010455556,0.0010557655,0.0010610076,0.0010723284,0.001078834,0.0010670547,0.0010532726,0.0010455556,0.0010557655,0.0010610076,0.0010723281,0.0,0.0010670547,0.0010532727,0.0010455556,0.0010557655,0.0010610076,0.0010723281,0.0,0.0,0.0010532726,0.0010370736,0.0010272393,0.0010369745,0.0011124096,0.0010788342,0.0010670547,0.0,0.0,0.0010670548,0.0010670548,0.001061051,0.0010788476,0.0,0.0010532727,0.0,0.0010670548,0.0010532726,0.0010742211,0.0010788668,0.0,0.0010670548,0.0010532727,0.0010455556,0.0,0.0010670548,0.0,0.0010670546,0.0,0.0010370736,0.0010179516,0.0010742196,0.0010847938,0.0010788363,0.0,0.0010532726,0.0010370736,0.001027239,0.0010369748,0.0011123959,0.0010788403,0.0,0.0,0.0010370736,0.0010179516,0.0010742196,0.0010960344,0.0,0.0010670548,0.0010532727,0.0010455556,0.0010557655,0.0010610076,0.0010723281,0.0010788534,0.0010670547,0.0010532727,0.0,0.0010670547,0.0010532726,0.0010455562,0.0010788337,0.0,0.0010532727,0.0010370736,0.0010272393,0.0010369745,0.0011124094,0.0010788342,0.0,0.0010532727,0.0010370736,0.001027239,0.0010369745,0.0011124092,0.0,0.0010670546,0.0010670549,0.0010610508,0.0010715178,0.0,0.0009953246,0.0010788414,0.0,0.0010532727,0.0010370736,0.0010272393,0.0010369745,0.0011124095,0.0010788345,0.0,0.0,0.0010370736,0.0010179516,0.0010742196,0.0010960343,0.00107886,0.0010670546,0.0,0.0010370739,0.0010179513,0.0010742197,0.0010847917,0.0,0.0010670548,0.0010532727,0.0010455556,0.0010557655,0.0010610076,0.0010723281,0.0,0.001067055,0.0,0.0010370736,0.0010179516,0.0010742196,0.0010847913,0.0,0.0010670548,0.0010532727,0.0010455556,0.0010557655,0.0010610076,0.0010723282,0.0010788352,0.0010670545,0.0010532726,0.0010455553,0.0010557655,0.0010610076,0.0010723283,0.0,0.0,0.0,0.0010370736,0.0010179516,0.0010742196,0.0010960345,0.0010788335,0.0010670547,0.0,0.0010370736,0.0010179516,0.0010742196,0.0010847911,0.0010788365,0.0010670548,0.0010532726,0.0010742196,0.0,0.0010370736,0.0010179518,0.0,0.0010670547,0.0010532726,0.0010455556,0.0010557655,0.0010610076,0.0010723283,0.0,0.0010670547,0.0010532726,0.0010455556,0.0010557655,0.0010610076,0.0010723282,0.0,0.0010670547,0.0010532727,0.0010455556,0.0010557655,0.0010610076,0.0010723284,0.0010788338,0.0010670547,0.0010532726,0.0010455556,0.0010557655,0.0010610076,0.0010723282,0.0,0.0,0.0010532726,0.0010370736,0.0010272393,0.0010369745,0.0011124095,0.0,0.0010670547,0.0010532726,0.0010455556,0.0010557655,0.0010610076,0.0010723281,0.0010789075,0.0010670548,0.0010532726,0.0010455556,0.0010557655,0.0010610076,0.0010723284
k__Bacteria|p__Bacteroidetes|c__Bacteroidia|o__Bacteroidales|f__Porphyromonadaceae|g__Porphyromonas|s__Porphyromonas_SGB1980,0.0,0.00106048,0.0010470251,0.0010399279,0.0010514429,0.0010579283,0.001070211,0.0,0.0010604803,0.0010470251,0.0010399279,0.0010514429,0.0010579283,0.0010702111,0.0,0.0,0.0010470304,0.001031185,0.0010219879,0.0010330331,0.0011080201,0.0010719704,0.0,0.0010470251,0.00103118,0.0010219878,0.0010330331,0.0011080194,0.0,0.0,0.0010470251,0.00103118,0.0010219878,0.0010330331,0.0011080193,0.0010719582,0.0010604801,0.0010470251,0.0010399279,0.0010514429,0.0010579283,0.0010702111,0.0,0.0010604801,0.0010470251,0.0010399279,0.0010514429,0.0010579283,0.001070212,0.0010719582,0.0010604801,0.0010470251,0.0010399279,0.0010514429,0.0010579283,0.001070211,0.0,0.0010604803,0.0010470249,0.0010399279,0.0010514429,0.0010579283,0.0010702115,0.0,0.0010604803,0.0010470251,0.0010399279,0.0010514429,0.0010579283,0.0010702112,0.0,0.0010604803,0.0,0.00103118,0.0010124418,0.0010679235,0.0010797881,0.0,0.0010604801,0.0010470251,0.0010399277,0.0010514429,0.0010579283,0.0010702118,0.0,0.0,0.0,0.00103118,0.0010124418,0.0010679235,0.0010907277,0.0010719626,0.0010604803,0.0,0.00103118,0.0010124418,0.0010679235,0.0010797917,0.0010719743,0.0,0.0,0.0010311801,0.0010124418,0.0010679235,0.0010907272,0.001071967,0.0,0.0010470251,0.0,0.0010604801,0.0010470251,0.0010679237,0.0010719593,0.0,0.0,0.00103118,0.0010124418,0.0010679235,0.0010907257,0.0,0.0010604804,0.0,0.00103118,0.0010124418,0.0010679235,0.0010797863,0.0,0.0,0.0010470253,0.00106048,0.0,0.00103118,0.0010604801,0.0010719668,0.0010604803,0.0,0.00103118,0.0010124418,0.0010679235,0.0010797862,0.0,0.0,0.0010470251,0.00103118,0.0010219878,0.0010330331,0.0011080197,0.0,0.0,0.0010470251,0.0,0.0010604801,0.0010470251,0.0010679236,0.0,0.0010604821,0.0,0.0010604803,0.0,0.0010604801,0.0010470251,0.0,0.0,0.0010470285,0.0010311807,0.0010219879,0.0010330331,0.00110802,0.0,0.0010604894,0.0010604811,0.0010550757,0.0010668413,0.0,0.0009902137,0.0,0.0010604806,0.0010470251,0.0,0.0010604804,0.0010470249,0.0010399298,0.0010719618,0.0010604801,0.0010470251,0.0,0.0010604801,0.0010470251,0.0010399292,0.0,0.0010604803,0.0010470251,0.0010399277,0.0010514429,0.0010579283,0.0010702111,0.0010719582,0.0010604801,0.0010470251,0.0010399279,0.0010514429,0.0010579283,0.0010702112,0.0010719632,0.0,0.0,0.00103118,0.0010124418,0.0010679235,0.0010907252,0.0010719569,0.0,0.0010470251,0.00103118,0.0010219878,0.0010330331,0.0011080196,0.0,0.0010604803,0.0,0.00103118,0.0010124418,0.0010679235,0.0010797861,0.0010719665,0.0,0.0010470251,0.00103118,0.0010219878,0.0010330331,0.0011080271,0.0,0.0010604801,0.0010470251,0.0010399279,0.0010514429,0.0010579283,0.0010702126,0.0010719586,0.0010604801,0.0010470251,0.0010399279,0.0010514429,0.0010579283,0.0010702111,0.0,0.0010604804,0.001047025,0.0010399277,0.0010514429,0.0010579283,0.001070211,0.0,0.0,0.0010470251,0.00103118,0.0010219878,0.0010330331,0.0011080197,0.0010719603,0.0010604801,0.0,0.0,0.0010604803,0.0010604803,0.0010550763,0.0010719777,0.0,0.0010470251,0.0,0.0010604803,0.0010470251,0.0010679272,0.0010719931,0.0,0.0010604801,0.001047025,0.0010399277,0.0,0.001060481,0.0,0.00106048,0.0,0.00103118,0.0010124418,0.0010679233,0.0010797923,0.00107196,0.0,0.0010470251,0.00103118,0.0010219879,0.0010330335,0.0011080813,0.0010719646,0.0,0.0,0.00103118,0.0010124418,0.0010679235,0.0010907253,0.0,0.0010604803,0.0010470251,0.0010399279,0.0010514429,0.0010579283,0.0010702111,0.0010719857,0.0010604801,0.001047025,0.0,0.00106048,0.0010470251,0.0010399286,0.0010719587,0.0,0.001047025,0.0010311803,0.0010219878,0.0010330331,0.001108022,0.00107196,0.0,0.0010470247,0.00103118,0.0010219879,0.0010330332,0.0011080208,0.0,0.0010604801,0.0010604803,0.0010550757,0.0010668413,0.0,0.0009902576,0.0010719688,0.0,0.001047025,0.00103118,0.0010219878,0.0010330331,0.0011080193,0.0010719625,0.0,0.0,0.00103118,0.0010124418,0.0010679235,0.0010907273,0.0010719663,0.0010604797,0.0,0.0010311804,0.0010124415,0.0010679235,0.0010797932,0.0,0.0010604801,0.001047025,0.0010399277,0.0010514429,0.0010579283,0.0010702111,0.0,0.0010604807,0.0,0.00103118,0.0010124418,0.0010679235,0.001079786,0.0,0.0010604801,0.0010470249,0.0010399277,0.0010514429,0.0010579283,0.0010702111,0.0010719623,0.00106048,0.0010470247,0.0010399279,0.0010514429,0.0010579283,0.0010702112,0.0,0.0,0.0,0.00103118,0.0010124418,0.0010679235,0.0010907262,0.001071958,0.0010604801,0.0,0.00103118,0.0010124418,0.0010679235,0.0010797866,0.0010719642,0.0010604801,0.0010470251,0.0010679235,0.0,0.00103118,0.001012442,0.0,0.0010604801,0.0010470251,0.0010399279,0.0010514429,0.0010579283,0.0010702119,0.0,0.0010604801,0.0010470251,0.0010399277,0.0010514429,0.0010579283,0.0010702114,0.0,0.0010604801,0.001047025,0.0010399277,0.0010514429,0.0010579283,0.0010702136,0.0010719585,0.0010604801,0.0010470251,0.0010399277,0.0010514429,0.0010579283,0.0010702115,0.0,0.0,0.0010470251,0.00103118,0.0010219878,0.0010330331,0.00110802,0.0,0.0010604801,0.0010470251,0.0010399279,0.0010514429,0.0010579283,0.0010702112,0.0010720969,0.001060481,0.0010470251,0.001039928,0.0010514429,0.0010579283,0.0010702143
k__Bacteria|p__Bacteroidetes|c__Bacteroidia|o__Bacteroidales|f__Bacteroidaceae|g__Phocaeicola|s__Phocaeicola_massiliensis,0.0,0.0010594216,0.0010458112,0.0010385085,0.0010496988,0.0010558586,0.0010679293,0.0,0.0010594218,0.0010458112,0.0010385085,0.0010496988,0.0010558586,0.0010679293,0.0,0.0,0.0010458312,0.0010298173,0.0010204003,0.0010311074,0.0011066627,0.0010711076,0.0,0.0010458112,0.0010298045,0.0010203994,0.0010311074,0.0011066614,0.0,0.0,0.0010458112,0.0010298045,0.0010203992,0.0010311074,0.0011066614,0.001071048,0.0010594218,0.0010458112,0.0010385085,0.0010496988,0.0010558586,0.001067929,0.0,0.0010594225,0.0010458112,0.0010385085,0.0010496988,0.0010558586,0.0010679304,0.001071048,0.0010594218,0.0010458112,0.0010385085,0.0010496988,0.0010558586,0.0010679292,0.0,0.0010594219,0.0010458123,0.0010385087,0.0010496988,0.0010558588,0.0010679299,0.0,0.0010594218,0.0010458112,0.0010385085,0.0010496988,0.0010558586,0.0010679293,0.0,0.0010594218,0.0,0.0010298045,0.0010108995,0.0010668247,0.0010783907,0.0,0.0010594218,0.0010458112,0.0010385085,0.0010496988,0.0010558588,0.0010679298,0.0,0.0,0.0,0.0010298045,0.0010108992,0.0010668249,0.0010894908,0.0010710647,0.0010594218,0.0,0.0010298045,0.0010108992,0.0010668247,0.0010784005,0.0010711789,0.0,0.0,0.0010298048,0.0010108995,0.0010668247,0.0010894906,0.0010710905,0.0,0.0010458112,0.0,0.0010594218,0.0010458112,0.0010668249,0.0010710532,0.0,0.0,0.0010298045,0.0010108992,0.0010668247,0.0010894891,0.0,0.0010594239,0.0,0.0010298045,0.0010108992,0.0010668247,0.0010783888,0.0,0.0,0.0010458123,0.0010594233,0.0,0.0010298045,0.001059422,0.0010710845,0.001059422,0.0,0.0010298046,0.0010108995,0.0010668247,0.0010783882,0.0,0.0,0.0010458113,0.0010298045,0.0010203992,0.0010311074,0.001106662,0.0,0.0,0.0010458112,0.0,0.0010594218,0.0010458112,0.0010668248,0.0,0.0010594266,0.0,0.0010594219,0.0,0.0010594218,0.0010458113,0.0,0.0,0.0010458326,0.0010298083,0.0010203995,0.0010311074,0.0011066621,0.0,0.0010594781,0.0010594283,0.0010538207,0.0010652739,0.0,0.0009885083,0.0,0.001059425,0.0010458125,0.0,0.0010594222,0.0010458113,0.0010385127,0.0010710574,0.0010594218,0.0010458112,0.0,0.0010594218,0.0010458112,0.0010385102,0.0,0.0010594218,0.0010458113,0.0010385085,0.0010496988,0.0010558586,0.0010679292,0.0010710479,0.0010594218,0.0010458112,0.0010385085,0.0010496988,0.0010558586,0.0010679293,0.0010710963,0.0,0.0,0.0010298045,0.0010108992,0.0010668247,0.001089489,0.001071058,0.0,0.0010458112,0.0010298045,0.0010203992,0.0010311074,0.0011066617,0.0,0.0010594219,0.0,0.0010298045,0.0010108992,0.0010668247,0.0010783882,0.001071078,0.0,0.0010458112,0.0010298045,0.0010203994,0.0010311074,0.0011066735,0.0,0.0010594218,0.0010458112,0.0010385085,0.0010496988,0.0010558586,0.0010679313,0.0010710491,0.0010594218,0.0010458112,0.0010385085,0.0010496988,0.0010558586,0.001067929,0.0,0.0010594223,0.0010458113,0.0010385085,0.0010496988,0.0010558586,0.0010679293,0.0,0.0,0.0010458112,0.0010298045,0.0010203992,0.0010311074,0.0011066614,0.0010710518,0.0010594218,0.0,0.0,0.0010594219,0.0010594218,0.0010538204,0.0010711105,0.0,0.0010458113,0.0,0.0010594219,0.0010458112,0.0010668293,0.0010712487,0.0,0.0010594219,0.0010458113,0.0010385085,0.0,0.0010594226,0.0,0.0010594217,0.0,0.0010298045,0.0010108995,0.0010668245,0.0010783996,0.0010710575,0.0,0.0010458112,0.0010298045,0.0010203995,0.0010311082,0.0011067442,0.0010710731,0.0,0.0,0.0010298045,0.0010108992,0.0010668247,0.001089489,0.0,0.0010594219,0.0010458113,0.0010385085,0.0010496988,0.0010558586,0.0010679293,0.0010710764,0.0010594218,0.0010458113,0.0,0.0010594217,0.0010458112,0.0010385102,0.0010710524,0.0,0.0010458113,0.0010298047,0.0010203992,0.0010311074,0.001106664,0.0010710538,0.0,0.0010458113,0.0010298047,0.0010203995,0.0010311075,0.0011066648,0.0,0.0010594218,0.0010594219,0.0010538202,0.0010652738,0.0,0.0009885541,0.0010711093,0.0,0.0010458113,0.0010298045,0.0010203992,0.0010311074,0.0011066614,0.0010710557,0.0,0.0,0.0010298045,0.0010108995,0.0010668247,0.0010894905,0.0010711673,0.0010594231,0.0,0.0010298061,0.0010108998,0.0010668249,0.0010783983,0.0,0.0010594217,0.0010458113,0.0010385085,0.0010496988,0.0010558586,0.0010679292,0.0,0.0010594231,0.0,0.0010298045,0.0010108992,0.0010668247,0.0010783882,0.0,0.0010594218,0.0010458113,0.0010385085,0.0010496988,0.0010558586,0.0010679293,0.0010710731,0.0010594219,0.0010458112,0.001038509,0.0010496988,0.0010558586,0.0010679298,0.0,0.0,0.0,0.0010298045,0.0010108992,0.0010668247,0.0010894896,0.0010710475,0.0010594218,0.0,0.0010298045,0.0010108992,0.0010668247,0.0010783899,0.0010710675,0.0010594217,0.0010458112,0.0010668247,0.0,0.0010298045,0.0010108998,0.0,0.0010594218,0.0010458112,0.0010385085,0.0010496988,0.0010558586,0.0010679305,0.0,0.0010594218,0.0010458112,0.0010385085,0.0010496988,0.0010558586,0.0010679293,0.0,0.0010594227,0.0010458113,0.0010385085,0.0010496988,0.0010558586,0.0010679323,0.0010710633,0.0010594218,0.0010458112,0.0010385085,0.0010496988,0.0010558586,0.0010679298,0.0,0.0,0.0010458112,0.0010298045,0.0010203994,0.0010311074,0.001106662,0.0,0.0010594218,0.0010458112,0.0010385085,0.0010496988,0.0010558586,0.0010679293,0.0010713607,0.0010594238,0.0010458112,0.0010385086,0.0010496988,0.0010558588,0.0010679328
k__Bacteria|p__Bacteroidetes|c__CFGB76132|o__OFGB76132|f__FGB76132|g__GGB47741|s__GGB47741_SGB65713,0.0,0.0010592684,0.0010456361,0.0010383052,0.0010494511,0.001055566,0.0010676075,0.0,0.0010592684,0.0010456361,0.0010383052,0.0010494511,0.001055566,0.0010676074,0.0,0.0,0.0010456431,0.0010296118,0.0010201731,0.0010308346,0.0011064677,0.0010709454,0.0,0.0010456361,0.0010296074,0.0010201726,0.0010308346,0.0011064674,0.0,0.0,0.0010456361,0.0010296074,0.0010201726,0.0010308346,0.0011064673,0.001070915,0.0010592684,0.0010456361,0.0010383052,0.0010494511,0.001055566,0.0010676074,0.0,0.0010592687,0.0010456363,0.0010383052,0.0010494511,0.001055566,0.0010676082,0.0010709151,0.0010592684,0.0010456361,0.0010383052,0.0010494511,0.001055566,0.0010676074,0.0,0.0010592686,0.0010456368,0.0010383053,0.0010494511,0.001055566,0.0010676078,0.0,0.0010592684,0.0010456361,0.0010383052,0.0010494511,0.001055566,0.0010676074,0.0,0.0010592684,0.0,0.0010296074,0.0010106789,0.001066666,0.001078189,0.0,0.0010592684,0.0010456361,0.0010383052,0.0010494511,0.001055566,0.0010676075,0.0,0.0,0.0,0.0010296074,0.0010106789,0.001066666,0.0010893113,0.0010709228,0.0010592684,0.0,0.0010296074,0.0010106789,0.001066666,0.0010781903,0.0010709757,0.0,0.0,0.0010296074,0.0010106789,0.001066666,0.0010893117,0.0010709364,0.0,0.0010456361,0.0,0.0010592684,0.0010456361,0.0010666659,0.0010709168,0.0,0.0,0.0010296074,0.0010106789,0.001066666,0.0010893116,0.0,0.001059269,0.0,0.0010296074,0.0010106789,0.001066666,0.0010781884,0.0,0.0,0.001045637,0.0010592691,0.0,0.0010296074,0.0010592685,0.0010709305,0.0010592686,0.0,0.0010296073,0.0010106789,0.001066666,0.0010781881,0.0,0.0,0.0010456363,0.0010296074,0.0010201726,0.0010308346,0.0011064678,0.0,0.0,0.0010456361,0.0,0.0010592684,0.0010456361,0.0010666659,0.0,0.0010592693,0.0,0.0010592685,0.0,0.0010592684,0.0010456363,0.0,0.0,0.0010456429,0.0010296083,0.0010201727,0.0010308346,0.0011064671,0.0,0.0010592778,0.0010592695,0.0010536397,0.0010650505,0.0,0.0009882528,0.0,0.0010592691,0.0010456367,0.0,0.0010592686,0.0010456364,0.0010383069,0.0010709197,0.0010592684,0.0010456361,0.0,0.0010592684,0.0010456361,0.0010383059,0.0,0.0010592686,0.0010456363,0.0010383052,0.0010494511,0.001055566,0.0010676074,0.0010709149,0.0010592684,0.0010456361,0.0010383052,0.0010494511,0.001055566,0.0010676074,0.0010709389,0.0,0.0,0.0010296074,0.0010106789,0.001066666,0.0010893116,0.001070918,0.0,0.0010456361,0.0010296074,0.0010201726,0.0010308346,0.0011064674,0.0,0.0010592685,0.0,0.0010296074,0.0010106789,0.001066666,0.0010781883,0.0010709271,0.0,0.0010456361,0.0010296074,0.0010201726,0.0010308346,0.0011064687,0.0,0.0010592684,0.0010456361,0.0010383052,0.0010494511,0.001055566,0.0010676082,0.0010709158,0.0010592684,0.0010456361,0.0010383052,0.0010494511,0.001055566,0.0010676074,0.0,0.0010592685,0.0010456364,0.0010383052,0.0010494511,0.001055566,0.0010676075,0.0,0.0,0.0010456361,0.0010296074,0.0010201726,0.0010308346,0.0011064674,0.001070917,0.0010592684,0.0,0.0,0.0010592685,0.0010592684,0.0010536398,0.0010709465,0.0,0.0010456364,0.0,0.0010592685,0.0010456361,0.0010666678,0.0010710136,0.0,0.0010592686,0.0010456365,0.0010383052,0.0,0.0010592685,0.0,0.0010592683,0.0,0.0010296074,0.0010106789,0.0010666659,0.0010781913,0.0010709198,0.0,0.0010456361,0.0010296074,0.0010201727,0.001030835,0.0011064748,0.0010709263,0.0,0.0,0.0010296074,0.0010106789,0.001066666,0.0010893117,0.0,0.0010592685,0.0010456363,0.0010383052,0.0010494511,0.001055566,0.0010676074,0.0010709452,0.0010592685,0.0010456365,0.0,0.0010592684,0.0010456361,0.0010383059,0.0010709165,0.0,0.0010456365,0.0010296074,0.0010201726,0.0010308346,0.0011064677,0.0010709174,0.0,0.0010456363,0.0010296074,0.0010201727,0.0010308347,0.0011064678,0.0,0.0010592685,0.0010592685,0.0010536396,0.0010650503,0.0,0.0009882755,0.0010709446,0.0,0.0010456364,0.0010296074,0.0010201726,0.0010308346,0.0011064673,0.001070918,0.0,0.0,0.0010296074,0.0010106789,0.001066666,0.0010893114,0.0010709745,0.0010592685,0.0,0.0010296076,0.0010106789,0.001066666,0.0010781905,0.0,0.0010592685,0.0010456364,0.0010383052,0.0010494511,0.001055566,0.0010676074,0.0,0.0010592687,0.0,0.0010296074,0.0010106789,0.001066666,0.0010781883,0.0,0.0010592685,0.0010456363,0.0010383052,0.0010494511,0.001055566,0.0010676075,0.001070924,0.0010592685,0.0010456363,0.0010383055,0.0010494511,0.001055566,0.0010676075,0.0,0.0,0.0,0.0010296074,0.0010106789,0.001066666,0.0010893119,0.0010709144,0.0010592684,0.0,0.0010296074,0.0010106789,0.001066666,0.0010781885,0.0010709233,0.0010592685,0.0010456361,0.001066666,0.0,0.0010296074,0.001010679,0.0,0.0010592684,0.0010456361,0.0010383052,0.0010494511,0.001055566,0.0010676079,0.0,0.0010592684,0.0010456361,0.0010383052,0.0010494511,0.001055566,0.0010676075,0.0,0.0010592685,0.0010456364,0.0010383052,0.0010494511,0.001055566,0.0010676081,0.0010709205,0.0010592684,0.0010456361,0.0010383052,0.0010494511,0.001055566,0.0010676078,0.0,0.0,0.0010456361,0.0010296074,0.0010201726,0.0010308346,0.0011064676,0.0,0.0010592684,0.0010456361,0.0010383052,0.0010494511,0.001055566,0.0010676074,0.0010710874,0.0010592688,0.0010456363,0.0010383052,0.0010494511,0.0010555662,0.001067608
k__Bacteria|p__Bacteroidetes|c__CFGB24868|o__OFGB24868|f__FGB24868|g__GGB44117|s__GGB44117_SGB1808,0.0,0.0010585097,0.0010448898,0.0010375929,0.0010488231,0.0010550169,0.0010671241,0.0,0.0010585098,0.0010448898,0.0010375929,0.0010488231,0.0010550169,0.0010671238,0.0,0.0,0.0010448933,0.0010288771,0.0010194755,0.0010302207,0.0011058804,0.0010701689,0.0,0.0010448898,0.0010288749,0.0010194754,0.0010302209,0.0011058804,0.0,0.0,0.0010448898,0.0010288749,0.0010194754,0.0010302209,0.0011058804,0.0010701456,0.0010585097,0.0010448898,0.0010375929,0.0010488231,0.0010550169,0.001067124,0.0,0.0010585103,0.0010448899,0.0010375929,0.0010488231,0.0010550169,0.0010671249,0.0010701458,0.0010585097,0.0010448898,0.0010375929,0.0010488231,0.0010550169,0.0010671242,0.0,0.0010585099,0.00104489,0.001037593,0.0010488231,0.0010550169,0.0010671243,0.0,0.0010585098,0.0010448898,0.0010375929,0.0010488231,0.0010550169,0.001067124,0.0,0.0010585098,0.0,0.0010288749,0.0010099624,0.0010659288,0.0010775385,0.0,0.0010585097,0.0010448898,0.0010375928,0.0010488231,0.0010550169,0.001067124,0.0,0.0,0.0,0.0010288749,0.0010099624,0.0010659288,0.0010886518,0.0010701534,0.0010585098,0.0,0.0010288749,0.0010099624,0.0010659288,0.0010775395,0.001070199,0.0,0.0,0.0010288749,0.0010099624,0.0010659288,0.001088652,0.0010701645,0.0,0.0010448898,0.0,0.0010585097,0.0010448898,0.001065929,0.0010701477,0.0,0.0,0.0010288749,0.0010099624,0.0010659288,0.0010886517,0.0,0.00105851,0.0,0.0010288749,0.0010099624,0.0010659288,0.0010775378,0.0,0.0,0.0010448901,0.0010585102,0.0,0.0010288749,0.0010585098,0.0010701553,0.0010585097,0.0,0.0010288749,0.0010099624,0.0010659288,0.0010775375,0.0,0.0,0.00104489,0.0010288749,0.0010194754,0.0010302209,0.0011058805,0.0,0.0,0.0010448898,0.0,0.0010585097,0.0010448898,0.0010659288,0.0,0.0010585093,0.0,0.0010585099,0.0,0.0010585097,0.0010448899,0.0,0.0,0.0010448907,0.001028875,0.0010194754,0.0010302209,0.0011058799,0.0,0.001058517,0.0010585102,0.0010529137,0.0010644103,0.0,0.0009875547,0.0,0.0010585104,0.00104489,0.0,0.0010585097,0.0010448899,0.0010375942,0.0010701488,0.0010585097,0.0010448898,0.0,0.0010585097,0.0010448898,0.0010375933,0.0,0.0010585099,0.0010448899,0.0010375928,0.0010488231,0.0010550169,0.001067124,0.0010701458,0.0010585097,0.0010448898,0.0010375929,0.0010488231,0.0010550169,0.001067124,0.0010701687,0.0,0.0,0.0010288749,0.0010099624,0.0010659288,0.0010886517,0.0010701488,0.0,0.0010448898,0.0010288749,0.0010194754,0.0010302209,0.0011058802,0.0,0.0010585099,0.0,0.0010288749,0.0010099624,0.0010659288,0.0010775374,0.0010701563,0.0,0.0010448898,0.0010288749,0.0010194754,0.0010302207,0.0011058832,0.0,0.0010585097,0.0010448898,0.0010375929,0.0010488231,0.0010550169,0.001067125,0.0010701463,0.0010585097,0.0010448898,0.0010375929,0.0010488231,0.0010550169,0.001067124,0.0,0.0010585098,0.0010448899,0.0010375928,0.0010488231,0.0010550169,0.0010671241,0.0,0.0,0.0010448898,0.0010288749,0.0010194754,0.0010302209,0.0011058805,0.0010701476,0.0010585097,0.0,0.0,0.0010585099,0.0010585098,0.0010529141,0.0010701728,0.0,0.0010448897,0.0,0.0010585099,0.0010448898,0.0010659308,0.0010702269,0.0,0.0010585099,0.0010448899,0.0010375928,0.0,0.0010585103,0.0,0.0010585097,0.0,0.0010288749,0.0010099624,0.001065929,0.0010775408,0.0010701496,0.0,0.0010448898,0.0010288749,0.0010194754,0.0010302212,0.0011058943,0.0010701525,0.0,0.0,0.0010288749,0.0010099624,0.0010659288,0.0010886516,0.0,0.0010585099,0.0010448899,0.0010375929,0.0010488231,0.0010550169,0.0010671238,0.001070171,0.0010585098,0.0010448899,0.0,0.0010585097,0.0010448898,0.0010375935,0.0010701475,0.0,0.0010448899,0.0010288749,0.0010194754,0.0010302209,0.0011058805,0.0010701477,0.0,0.0010448899,0.0010288749,0.0010194754,0.0010302207,0.0011058808,0.0,0.0010585098,0.00105851,0.001052914,0.0010644101,0.0,0.0009875769,0.0010701766,0.0,0.0010448899,0.0010288749,0.0010194754,0.0010302209,0.0011058804,0.0010701488,0.0,0.0,0.0010288749,0.0010099624,0.0010659288,0.0010886517,0.001070192,0.0010585098,0.0,0.0010288752,0.0010099628,0.001065929,0.0010775413,0.0,0.0010585098,0.0010448899,0.0010375928,0.0010488231,0.0010550169,0.001067124,0.0,0.0010585096,0.0,0.0010288749,0.0010099624,0.0010659288,0.0010775374,0.0,0.0010585099,0.00104489,0.0010375928,0.0010488231,0.0010550169,0.0010671241,0.0010701544,0.0010585096,0.0010448899,0.0010375928,0.0010488231,0.0010550169,0.0010671241,0.0,0.0,0.0,0.0010288749,0.0010099624,0.0010659288,0.0010886518,0.0010701455,0.0010585097,0.0,0.0010288749,0.0010099624,0.0010659288,0.0010775379,0.001070153,0.0010585098,0.0010448898,0.0010659288,0.0,0.0010288749,0.0010099631,0.0,0.0010585097,0.0010448898,0.0010375928,0.0010488231,0.0010550169,0.0010671244,0.0,0.0010585097,0.0010448898,0.0010375928,0.0010488231,0.0010550169,0.0010671241,0.0,0.0010585098,0.0010448899,0.0010375928,0.0010488231,0.0010550169,0.0010671245,0.0010701512,0.0010585097,0.0010448898,0.0010375928,0.0010488231,0.0010550169,0.0010671242,0.0,0.0,0.0010448898,0.0010288749,0.0010194754,0.0010302209,0.0011058802,0.0,0.0010585097,0.0010448898,0.0010375929,0.0010488231,0.0010550169,0.001067124,0.0010702607,0.0010585102,0.0010448899,0.0010375928,0.0010488231,0.0010550169,0.0010671245
k__Bacteria|p__Bacteroidetes|c__Bacteroidia|o__Bacteroidales|f__Bacteroidaceae|g__Phocaeicola|s__Phocaeicola_coprocola,0.0,0.0010611543,0.0010474169,0.0010398913,0.0010506338,0.0010563638,0.0010681094,0.0,0.0010611543,0.0010474169,0.0010398913,0.0010506338,0.0010563638,0.001068109,0.0,0.0,0.0010474353,0.0010312875,0.0010216389,0.0010318947,0.0011076923,0.001072913,0.0,0.0010474169,0.0010312742,0.0010216382,0.0010318947,0.0011076921,0.0,0.0,0.0010474169,0.0010312742,0.0010216382,0.0010318947,0.0011076921,0.0010728982,0.0010611543,0.0010474169,0.0010398913,0.0010506338,0.0010563638,0.0010681093,0.0,0.0010611549,0.0010474172,0.0010398913,0.0010506338,0.0010563638,0.0010681092,0.0010728982,0.0010611543,0.0010474169,0.0010398913,0.0010506338,0.0010563638,0.0010681093,0.0,0.0010611544,0.0010474176,0.0010398917,0.0010506338,0.0010563638,0.0010681096,0.0,0.0010611543,0.0010474169,0.0010398913,0.0010506338,0.0010563638,0.0010681093,0.0,0.0010611543,0.0,0.0010312742,0.0010122232,0.0010684674,0.0010795934,0.0,0.0010611543,0.0010474169,0.0010398912,0.0010506338,0.0010563638,0.0010681093,0.0,0.0,0.0,0.0010312742,0.0010122232,0.0010684674,0.001090815,0.0010729005,0.0010611543,0.0,0.0010312742,0.0010122232,0.0010684674,0.001079597,0.0010729278,0.0,0.0,0.0010312743,0.0010122232,0.0010684674,0.0010908147,0.0010729072,0.0,0.0010474169,0.0,0.0010611543,0.0010474169,0.0010684675,0.0010728992,0.0,0.0,0.0010312742,0.0010122232,0.0010684674,0.0010908144,0.0,0.0010611558,0.0,0.0010312742,0.0010122232,0.0010684674,0.0010795919,0.0,0.0,0.0010474182,0.0010611558,0.0,0.0010312742,0.0010611543,0.0010729161,0.0010611548,0.0,0.0010312742,0.0010122232,0.0010684674,0.0010795922,0.0,0.0,0.0010474173,0.0010312742,0.0010216382,0.0010318947,0.0011076923,0.0,0.0,0.0010474169,0.0,0.0010611543,0.0010474169,0.0010684674,0.0,0.001061159,0.0,0.0010611544,0.0,0.0010611543,0.001047417,0.0,0.0,0.0010474405,0.0010312776,0.0010216383,0.0010318947,0.0011076924,0.0,0.0010611984,0.0010611594,0.001055338,0.0010663478,0.0,0.0009896695,0.0,0.0010611565,0.001047418,0.0,0.0010611548,0.0010474169,0.0010398934,0.0010729021,0.0010611543,0.0010474169,0.0,0.0010611543,0.0010474169,0.0010398921,0.0,0.0010611545,0.001047417,0.0010398912,0.0010506338,0.0010563638,0.0010681093,0.0010728983,0.0010611543,0.0010474169,0.0010398913,0.0010506338,0.0010563638,0.0010681093,0.0010729097,0.0,0.0,0.0010312742,0.0010122232,0.0010684674,0.0010908144,0.0010729013,0.0,0.0010474169,0.0010312742,0.0010216382,0.0010318947,0.0011076921,0.0,0.0010611544,0.0,0.0010312742,0.0010122232,0.0010684674,0.0010795922,0.0010729053,0.0,0.0010474169,0.0010312742,0.0010216382,0.0010318947,0.0011076959,0.0,0.0010611543,0.0010474169,0.0010398913,0.0010506338,0.0010563638,0.0010681099,0.0010728984,0.0010611543,0.0010474169,0.0010398913,0.0010506338,0.0010563638,0.0010681093,0.0,0.001061155,0.0010474169,0.0010398912,0.0010506338,0.0010563638,0.0010681094,0.0,0.0,0.0010474169,0.0010312742,0.0010216382,0.0010318947,0.0011076923,0.0010728983,0.0010611543,0.0,0.0,0.0010611544,0.0010611543,0.001055338,0.0010729134,0.0,0.0010474174,0.0,0.0010611544,0.0010474169,0.0010684689,0.001072944,0.0,0.0010611544,0.0010474169,0.0010398912,0.0,0.0010611548,0.0,0.0010611542,0.0,0.0010312742,0.0010122232,0.0010684675,0.0010795946,0.0010729012,0.0,0.0010474169,0.0010312742,0.0010216383,0.0010318948,0.0011077257,0.0010729107,0.0,0.0,0.0010312742,0.0010122232,0.0010684674,0.0010908141,0.0,0.0010611544,0.001047417,0.0010398913,0.0010506338,0.0010563638,0.0010681093,0.0010728945,0.0010611545,0.0010474169,0.0,0.0010611544,0.0010474169,0.0010398926,0.0010728986,0.0,0.0010474169,0.0010312743,0.0010216382,0.0010318947,0.0011076925,0.0010728997,0.0,0.001047417,0.0010312742,0.0010216383,0.0010318946,0.0011076925,0.0,0.0010611545,0.0010611545,0.0010553376,0.0010663477,0.0,0.0009897077,0.0010729099,0.0,0.0010474169,0.0010312742,0.0010216382,0.0010318947,0.0011076921,0.0010728999,0.0,0.0,0.0010312742,0.0010122232,0.0010684674,0.0010908149,0.0010729282,0.001061155,0.0,0.0010312751,0.0010122233,0.0010684675,0.001079596,0.0,0.0010611545,0.0010474169,0.0010398912,0.0010506338,0.0010563638,0.0010681093,0.0,0.0010611558,0.0,0.0010312742,0.0010122232,0.0010684674,0.0010795922,0.0,0.0010611544,0.0010474173,0.0010398912,0.0010506338,0.0010563638,0.0010681093,0.0010729027,0.0010611543,0.001047417,0.0010398917,0.0010506338,0.0010563638,0.0010681093,0.0,0.0,0.0,0.0010312742,0.0010122232,0.0010684674,0.0010908144,0.0010728979,0.0010611543,0.0,0.0010312742,0.0010122232,0.0010684674,0.0010795925,0.0010729039,0.0010611545,0.0010474169,0.0010684674,0.0,0.0010312742,0.0010122233,0.0,0.0010611543,0.0010474169,0.0010398912,0.0010506338,0.0010563638,0.0010681095,0.0,0.0010611543,0.0010474169,0.0010398912,0.0010506338,0.0010563638,0.0010681093,0.0,0.001061155,0.0010474169,0.0010398912,0.0010506338,0.0010563638,0.0010681101,0.0010729021,0.0010611543,0.0010474169,0.0010398912,0.0010506338,0.0010563638,0.0010681093,0.0,0.0,0.0010474169,0.0010312742,0.0010216382,0.0010318947,0.001107692,0.0,0.0010611543,0.0010474169,0.0010398913,0.0010506338,0.0010563638,0.0010681093,0.0010730178,0.0010611558,0.0010474172,0.0010398914,0.0010506338,0.0010563638,0.0010681106
k__Bacteria|p__Bacteroidetes|c__Bacteroidia|o__Bacteroidales|f__Bacteroidaceae|g__Phocaeicola|s__Phocaeicola_coprophilus,0.0,0.0010592575,0.0010456754,0.0010384177,0.0010496924,0.0010559339,0.0010680639,0.0,0.0010592577,0.0010456754,0.0010384177,0.0010496924,0.0010559339,0.001068064,0.0,0.0,0.0010456829,0.0010297031,0.0010203404,0.0010311339,0.0011066153,0.001070874,0.0,0.0010456754,0.0010296986,0.00102034,0.0010311339,0.0011066145,0.0,0.0,0.0010456754,0.0010296986,0.00102034,0.0010311339,0.0011066146,0.0010708569,0.0010592575,0.0010456754,0.0010384177,0.0010496924,0.0010559339,0.0010680639,0.0,0.0010592578,0.0010456755,0.0010384177,0.0010496924,0.0010559339,0.0010680651,0.0010708572,0.0010592575,0.0010456754,0.0010384177,0.0010496924,0.0010559339,0.0010680639,0.0,0.0010592577,0.001045676,0.0010384178,0.0010496924,0.0010559339,0.0010680644,0.0,0.0010592577,0.0010456754,0.0010384177,0.0010496924,0.0010559339,0.001068064,0.0,0.0010592577,0.0,0.0010296986,0.0010108254,0.0010666759,0.0010783224,0.0,0.0010592575,0.0010456754,0.0010384177,0.0010496924,0.0010559339,0.0010680648,0.0,0.0,0.0,0.0010296986,0.0010108254,0.0010666759,0.0010893949,0.0010708626,0.0010592577,0.0,0.0010296986,0.0010108254,0.0010666759,0.0010783288,0.0010709089,0.0,0.0,0.0010296988,0.0010108254,0.0010666759,0.0010893948,0.0010708726,0.0,0.0010456754,0.0,0.0010592575,0.0010456754,0.0010666758,0.0010708588,0.0,0.0,0.0010296986,0.0010108254,0.0010666759,0.0010893935,0.0,0.0010592582,0.0,0.0010296986,0.0010108254,0.0010666759,0.0010783208,0.0,0.0,0.0010456758,0.0010592581,0.0,0.0010296986,0.001059258,0.0010708664,0.0010592577,0.0,0.0010296985,0.0010108254,0.0010666759,0.0010783204,0.0,0.0,0.0010456756,0.0010296986,0.00102034,0.0010311339,0.0011066151,0.0,0.0,0.0010456754,0.0,0.0010592575,0.0010456754,0.0010666756,0.0,0.001059259,0.0,0.0010592578,0.0,0.0010592575,0.0010456755,0.0,0.0,0.0010456806,0.0010296996,0.00102034,0.0010311339,0.001106615,0.0,0.001059278,0.0010592596,0.0010536994,0.0010652358,0.0,0.0009884629,0.0,0.0010592589,0.0010456758,0.0,0.0010592578,0.0010456755,0.0010384208,0.0010708591,0.0010592575,0.0010456754,0.0,0.0010592575,0.0010456754,0.0010384192,0.0,0.0010592578,0.0010456755,0.0010384177,0.0010496924,0.0010559339,0.001068064,0.0010708567,0.0010592575,0.0010456754,0.0010384177,0.0010496924,0.0010559339,0.001068064,0.0010708738,0.0,0.0,0.0010296986,0.0010108254,0.0010666759,0.0010893932,0.0010708597,0.0,0.0010456754,0.0010296986,0.00102034,0.0010311339,0.0011066148,0.0,0.0010592578,0.0,0.0010296986,0.0010108254,0.0010666759,0.0010783202,0.0010708683,0.0,0.0010456754,0.0010296986,0.00102034,0.0010311339,0.0011066251,0.0,0.0010592575,0.0010456754,0.0010384177,0.0010496924,0.0010559339,0.0010680658,0.001070857,0.0010592575,0.0010456754,0.0010384177,0.0010496924,0.0010559339,0.0010680639,0.0,0.0010592579,0.0010456755,0.0010384177,0.0010496924,0.0010559339,0.0010680639,0.0,0.0,0.0010456754,0.0010296986,0.00102034,0.0010311339,0.0011066147,0.001070858,0.0010592575,0.0,0.0,0.0010592578,0.0010592577,0.0010536996,0.0010708764,0.0,0.0010456755,0.0,0.0010592578,0.0010456754,0.0010666808,0.0010709417,0.0,0.0010592577,0.0010456755,0.0010384177,0.0,0.0010592585,0.0,0.0010592575,0.0,0.0010296986,0.0010108254,0.0010666758,0.0010783294,0.0010708595,0.0,0.0010456754,0.0010296986,0.00102034,0.0010311346,0.001106688,0.0010708645,0.0,0.0,0.0010296986,0.0010108254,0.0010666759,0.001089393,0.0,0.0010592578,0.0010456755,0.0010384177,0.0010496924,0.0010559339,0.001068064,0.0010708553,0.0010592577,0.0010456755,0.0,0.0010592575,0.0010456754,0.0010384188,0.0010708582,0.0,0.0010456755,0.001029699,0.00102034,0.0010311339,0.0011066169,0.0010708588,0.0,0.0010456755,0.0010296986,0.00102034,0.001031134,0.001106617,0.0,0.0010592577,0.0010592577,0.0010536994,0.0010652357,0.0,0.0009885003,0.001070877,0.0,0.0010456755,0.0010296986,0.00102034,0.0010311339,0.0011066146,0.0010708595,0.0,0.0,0.0010296986,0.0010108254,0.0010666759,0.0010893947,0.0010708967,0.0010592582,0.0,0.0010296995,0.0010108255,0.0010666759,0.0010783288,0.0,0.0010592577,0.0010456755,0.0010384177,0.0010496924,0.0010559339,0.0010680639,0.0,0.0010592582,0.0,0.0010296986,0.0010108254,0.0010666759,0.0010783202,0.0,0.0010592577,0.0010456756,0.0010384177,0.0010496924,0.0010559339,0.001068064,0.0010708681,0.0010592575,0.0010456755,0.0010384179,0.0010496924,0.0010559339,0.0010680644,0.0,0.0,0.0,0.0010296986,0.0010108254,0.0010666759,0.0010893939,0.0010708568,0.0010592575,0.0,0.0010296986,0.0010108254,0.0010666759,0.0010783215,0.001070863,0.0010592577,0.0010456754,0.0010666759,0.0,0.0010296986,0.0010108255,0.0,0.0010592575,0.0010456754,0.0010384177,0.0010496924,0.0010559339,0.0010680652,0.0,0.0010592575,0.0010456754,0.0010384177,0.0010496924,0.0010559339,0.0010680642,0.0,0.0010592579,0.0010456755,0.0010384177,0.0010496924,0.0010559339,0.0010680666,0.0010708618,0.0010592575,0.0010456754,0.0010384177,0.0010496924,0.0010559339,0.0010680645,0.0,0.0,0.0010456754,0.0010296986,0.00102034,0.0010311339,0.0011066151,0.0,0.0010592575,0.0010456754,0.0010384177,0.0010496924,0.0010559339,0.001068064,0.0010709878,0.0010592585,0.0010456755,0.0010384177,0.0010496924,0.0010559339,0.001068067
k__Bacteria|p__Bacteroidetes|c__Bacteroidia|o__Bacteroidales|f__Rikenellaceae|g__Alistipes|s__Alistipes_SGB5086,0.0,0.0010599133,0.0010462186,0.0010387817,0.0010497209,0.001055637,0.0010675301,0.0,0.0010599132,0.0010462186,0.0010387817,0.0010497209,0.001055637,0.0010675301,0.0,0.0,0.0010462323,0.0010301329,0.0010205789,0.0010310313,0.0011068039,0.0010716559,0.0,0.0010462186,0.0010301224,0.0010205782,0.0010310313,0.0011068027,0.0,0.0,0.0010462186,0.0010301224,0.0010205782,0.0010310313,0.0011068027,0.0010716184,0.0010599131,0.0010462186,0.0010387817,0.0010497209,0.001055637,0.00106753,0.0,0.0010599137,0.0010462186,0.0010387817,0.0010497209,0.001055637,0.0010675307,0.0010716185,0.0010599131,0.0010462186,0.0010387817,0.0010497209,0.001055637,0.00106753,0.0,0.0010599135,0.001046219,0.0010387818,0.0010497209,0.001055637,0.001067531,0.0,0.0010599132,0.0010462186,0.0010387817,0.0010497209,0.001055637,0.0010675301,0.0,0.0010599132,0.0,0.0010301224,0.0010111228,0.001067271,0.0010785945,0.0,0.0010599131,0.0010462186,0.0010387817,0.0010497209,0.001055637,0.0010675308,0.0,0.0,0.0,0.0010301224,0.0010111228,0.001067271,0.001089779,0.0010716286,0.0010599132,0.0,0.0010301224,0.0010111228,0.001067271,0.0010786008,0.0010716809,0.0,0.0,0.0010301226,0.0010111228,0.001067271,0.0010897781,0.0010716419,0.0,0.0010462186,0.0,0.0010599131,0.0010462186,0.001067271,0.0010716212,0.0,0.0,0.0010301224,0.0010111228,0.001067271,0.0010897765,0.0,0.0010599144,0.0,0.0010301224,0.0010111228,0.001067271,0.0010785927,0.0,0.0,0.0010462195,0.001059914,0.0,0.0010301224,0.0010599134,0.0010716412,0.0010599135,0.0,0.0010301224,0.0010111228,0.001067271,0.0010785926,0.0,0.0,0.0010462186,0.0010301224,0.0010205782,0.0010310313,0.0011068032,0.0,0.0,0.0010462186,0.0,0.0010599131,0.0010462186,0.0010672711,0.0,0.0010599173,0.0,0.0010599132,0.0,0.0010599131,0.0010462186,0.0,0.0,0.0010462335,0.0010301246,0.0010205784,0.0010310313,0.0011068037,0.0,0.001059944,0.0010599169,0.0010541828,0.0010653895,0.0,0.0009886299,0.0,0.0010599153,0.0010462191,0.0,0.0010599135,0.0010462187,0.0010387845,0.0010716257,0.0010599131,0.0010462186,0.0,0.0010599131,0.0010462186,0.0010387828,0.0,0.0010599133,0.0010462186,0.0010387817,0.0010497209,0.001055637,0.0010675301,0.0010716184,0.0010599131,0.0010462186,0.0010387817,0.0010497209,0.001055637,0.0010675301,0.0010716439,0.0,0.0,0.0010301224,0.0010111228,0.001067271,0.0010897765,0.0010716217,0.0,0.0010462186,0.0010301224,0.0010205782,0.0010310313,0.001106803,0.0,0.0010599132,0.0,0.0010301224,0.0010111228,0.001067271,0.0010785924,0.0010716363,0.0,0.0010462186,0.0010301224,0.0010205782,0.0010310313,0.001106811,0.0,0.0010599131,0.0010462186,0.0010387817,0.0010497209,0.001055637,0.001067532,0.0010716192,0.0010599131,0.0010462186,0.0010387817,0.0010497209,0.001055637,0.00106753,0.0,0.0010599138,0.0010462187,0.0010387817,0.0010497209,0.001055637,0.0010675301,0.0,0.0,0.0010462186,0.0010301224,0.0010205782,0.0010310313,0.0011068031,0.0010716214,0.0010599131,0.0,0.0,0.0010599132,0.0010599132,0.0010541831,0.0010716608,0.0,0.0010462189,0.0,0.0010599135,0.0010462186,0.0010672747,0.0010717208,0.0,0.0010599135,0.0010462187,0.0010387817,0.0,0.0010599139,0.0,0.001059913,0.0,0.0010301224,0.0010111228,0.0010672711,0.0010785983,0.0010716245,0.0,0.0010462186,0.0010301224,0.0010205784,0.0010310317,0.0011068637,0.0010716361,0.0,0.0,0.0010301224,0.0010111228,0.001067271,0.0010897765,0.0,0.0010599132,0.0010462186,0.0010387817,0.0010497209,0.001055637,0.0010675301,0.0010716547,0.0010599134,0.0010462187,0.0,0.0010599131,0.0010462186,0.0010387829,0.0010716204,0.0,0.0010462187,0.0010301226,0.0010205782,0.0010310313,0.0011068055,0.0010716227,0.0,0.0010462186,0.0010301224,0.0010205784,0.0010310313,0.0011068047,0.0,0.0010599134,0.0010599132,0.0010541823,0.0010653896,0.0,0.0009886771,0.0010716498,0.0,0.0010462187,0.0010301224,0.0010205782,0.0010310313,0.0011068027,0.0010716247,0.0,0.0,0.0010301224,0.0010111228,0.001067271,0.0010897785,0.0010716781,0.0010599134,0.0,0.0010301233,0.001011123,0.001067271,0.001078601,0.0,0.0010599132,0.0010462187,0.0010387817,0.0010497209,0.001055637,0.00106753,0.0,0.0010599145,0.0,0.0010301224,0.0010111228,0.001067271,0.0010785924,0.0,0.0010599132,0.0010462186,0.0010387817,0.0010497209,0.001055637,0.0010675301,0.0010716319,0.0010599134,0.0010462186,0.0010387821,0.0010497209,0.001055637,0.0010675306,0.0,0.0,0.0,0.0010301224,0.0010111228,0.001067271,0.001089777,0.0010716178,0.0010599131,0.0,0.0010301224,0.0010111228,0.001067271,0.0010785935,0.0010716323,0.0010599132,0.0010462186,0.001067271,0.0,0.0010301224,0.001011123,0.0,0.0010599131,0.0010462186,0.0010387817,0.0010497209,0.001055637,0.0010675313,0.0,0.0010599131,0.0010462186,0.0010387817,0.0010497209,0.001055637,0.0010675305,0.0,0.0010599135,0.0010462187,0.0010387817,0.0010497209,0.001055637,0.0010675327,0.0010716252,0.0010599131,0.0010462186,0.0010387817,0.0010497209,0.001055637,0.0010675306,0.0,0.0,0.0010462186,0.0010301224,0.0010205782,0.0010310313,0.0011068032,0.0,0.0010599131,0.0010462186,0.0010387817,0.0010497209,0.001055637,0.0010675301,0.0010718604,0.0010599147,0.0010462186,0.0010387816,0.0010497209,0.001055637,0.0010675337
k__Bacteria|p__Bacteroidetes|c__Bacteroidia|o__Bacteroidales|f__Bacteroidaceae|g__Bacteroides|s__Bacteroides_fluxus,0.0,0.0010596047,0.0010460606,0.0010388516,0.0010501996,0.0010565153,0.0010686923,0.0,0.0010596049,0.0010460606,0.0010388516,0.0010501996,0.0010565153,0.0010686921,0.0,0.0,0.0010460721,0.0010301308,0.0010208159,0.0010316859,0.001107021,0.0010711972,0.0,0.0010460606,0.0010301237,0.0010208152,0.0010316859,0.00110702,0.0,0.0,0.0010460609,0.0010301237,0.0010208152,0.0010316859,0.0011070201,0.0010711682,0.0010596049,0.0010460606,0.0010388516,0.0010501996,0.0010565153,0.0010686921,0.0,0.0010596057,0.0010460609,0.0010388516,0.0010501996,0.0010565153,0.0010686929,0.0010711683,0.0010596049,0.0010460606,0.0010388516,0.0010501996,0.0010565153,0.0010686923,0.0,0.0010596052,0.0010460614,0.0010388519,0.0010501996,0.0010565153,0.0010686931,0.0,0.0010596049,0.0010460606,0.0010388516,0.0010501996,0.0010565153,0.0010686921,0.0,0.0010596049,0.0,0.0010301237,0.0010112906,0.0010670312,0.0010787444,0.0,0.0010596049,0.0010460606,0.0010388516,0.0010501996,0.0010565153,0.0010686931,0.0,0.0,0.0,0.0010301237,0.0010112906,0.0010670312,0.0010897781,0.0010711778,0.0010596049,0.0,0.0010301237,0.0010112906,0.0010670312,0.0010787526,0.0010712435,0.0,0.0,0.0010301238,0.0010112906,0.0010670312,0.0010897777,0.0010711912,0.0,0.0010460609,0.0,0.0010596049,0.0010460606,0.0010670313,0.0010711713,0.0,0.0,0.0010301237,0.0010112906,0.0010670312,0.0010897756,0.0,0.0010596061,0.0,0.0010301237,0.0010112906,0.0010670312,0.0010787433,0.0,0.0,0.0010460616,0.0010596062,0.0,0.0010301237,0.0010596052,0.001071189,0.001059605,0.0,0.0010301236,0.0010112906,0.0010670312,0.0010787426,0.0,0.0,0.001046061,0.0010301237,0.0010208152,0.0010316859,0.00110702,0.0,0.0,0.0010460606,0.0,0.0010596049,0.0010460606,0.0010670312,0.0,0.001059607,0.0,0.001059605,0.0,0.0010596049,0.0010460609,0.0,0.0,0.0010460728,0.0010301253,0.0010208153,0.0010316859,0.0011070205,0.0,0.0010596365,0.0010596081,0.0010540934,0.0010656996,0.0,0.0009889707,0.0,0.001059607,0.0010460613,0.0,0.001059605,0.0010460608,0.0010388544,0.0010711723,0.0010596049,0.0010460606,0.0,0.0010596049,0.0010460606,0.001038853,0.0,0.0010596049,0.0010460609,0.0010388516,0.0010501996,0.0010565153,0.0010686923,0.0010711681,0.0010596049,0.0010460606,0.0010388516,0.0010501996,0.0010565153,0.0010686921,0.0010711981,0.0,0.0,0.0010301237,0.0010112906,0.0010670312,0.0010897755,0.0010711739,0.0,0.0010460606,0.0010301237,0.0010208152,0.0010316859,0.0011070202,0.0,0.001059605,0.0,0.0010301237,0.0010112906,0.0010670312,0.0010787423,0.001071184,0.0,0.0010460606,0.0010301237,0.0010208152,0.0010316859,0.0011070297,0.0,0.0010596049,0.0010460609,0.0010388516,0.0010501996,0.0010565153,0.0010686944,0.0010711686,0.0010596049,0.0010460606,0.0010388516,0.0010501996,0.0010565153,0.0010686921,0.0,0.0010596054,0.0010460608,0.0010388516,0.0010501996,0.0010565153,0.0010686923,0.0,0.0,0.0010460606,0.0010301237,0.0010208152,0.0010316859,0.0011070201,0.0010711702,0.0010596049,0.0,0.0,0.001059605,0.0010596049,0.0010540939,0.0010712016,0.0,0.0010460608,0.0,0.001059605,0.0010460606,0.0010670347,0.0010712796,0.0,0.001059605,0.0010460608,0.0010388516,0.0,0.001059606,0.0,0.0010596048,0.0,0.0010301237,0.0010112906,0.0010670312,0.0010787495,0.0010711733,0.0,0.0010460609,0.0010301237,0.0010208153,0.0010316864,0.0011070947,0.0010711809,0.0,0.0,0.0010301237,0.0010112906,0.0010670312,0.0010897752,0.0,0.001059605,0.0010460609,0.0010388516,0.0010501996,0.0010565153,0.0010686921,0.0010711778,0.0010596049,0.0010460608,0.0,0.0010596048,0.0010460606,0.001038853,0.0010711711,0.0,0.0010460608,0.0010301237,0.0010208152,0.0010316859,0.0011070227,0.0010711716,0.0,0.0010460609,0.0010301237,0.0010208153,0.001031686,0.0011070227,0.0,0.0010596049,0.0010596052,0.001054093,0.0010656995,0.0,0.0009890138,0.0010712054,0.0,0.0010460608,0.0010301237,0.0010208152,0.0010316859,0.0011070201,0.0010711733,0.0,0.0,0.0010301237,0.0010112906,0.0010670312,0.0010897778,0.0010712337,0.0010596057,0.0,0.0010301245,0.0010112908,0.0010670311,0.0010787522,0.0,0.0010596048,0.0010460608,0.0010388516,0.0010501996,0.0010565153,0.0010686921,0.0,0.0010596055,0.0,0.0010301237,0.0010112906,0.0010670312,0.0010787423,0.0,0.001059605,0.001046061,0.0010388516,0.0010501996,0.0010565153,0.0010686922,0.0010711838,0.0010596049,0.0010460609,0.001038852,0.0010501996,0.0010565153,0.0010686927,0.0,0.0,0.0,0.0010301237,0.0010112906,0.0010670312,0.0010897762,0.0010711678,0.0010596049,0.0,0.0010301237,0.0010112906,0.0010670312,0.0010787436,0.0010711793,0.0010596048,0.0010460606,0.0010670312,0.0,0.0010301237,0.0010112907,0.0,0.0010596049,0.0010460606,0.0010388516,0.0010501996,0.0010565153,0.0010686932,0.0,0.0010596049,0.0010460606,0.0010388516,0.0010501996,0.0010565153,0.0010686924,0.0,0.0010596054,0.0010460608,0.0010388516,0.0010501996,0.0010565153,0.0010686951,0.001071177,0.0010596049,0.0010460606,0.0010388516,0.0010501996,0.0010565153,0.0010686929,0.0,0.0,0.0010460609,0.0010301237,0.0010208152,0.0010316859,0.0011070203,0.0,0.0010596049,0.0010460606,0.0010388516,0.0010501996,0.0010565153,0.0010686921,0.0010713168,0.0010596061,0.0010460609,0.0010388514,0.0010501996,0.0010565153,0.0010686957
k__Bacteria|p__Bacteroidetes|c__Bacteroidia|o__Bacteroidales|f__Prevotellaceae|g__Prevotella|s__Prevotella_bergensis,0.0,0.0010586473,0.0010450498,0.0010377829,0.0010490612,0.0010553028,0.0010674418,0.0,0.0010586473,0.0010450498,0.0010377829,0.0010490612,0.0010553028,0.0010674415,0.0,0.0,0.0010450595,0.0010290628,0.0010196904,0.0010304849,0.0011060652,0.001070313,0.0,0.0010450498,0.0010290581,0.0010196898,0.0010304849,0.001106064,0.0,0.0,0.0010450498,0.0010290581,0.0010196898,0.0010304849,0.0011060638,0.001070262,0.0010586473,0.0010450498,0.0010377829,0.0010490612,0.0010553028,0.0010674415,0.0,0.0010586475,0.0010450499,0.0010377829,0.0010490612,0.0010553028,0.0010674421,0.0010702622,0.0010586473,0.0010450498,0.0010377829,0.0010490612,0.0010553028,0.0010674419,0.0,0.0010586473,0.0010450503,0.0010377829,0.0010490612,0.0010553028,0.0010674426,0.0,0.0010586473,0.0010450498,0.0010377829,0.0010490612,0.0010553028,0.0010674415,0.0,0.0010586472,0.0,0.0010290581,0.0010101701,0.0010660725,0.0010777274,0.0,0.0010586473,0.0010450498,0.0010377829,0.0010490612,0.0010553028,0.0010674425,0.0,0.0,0.0,0.0010290581,0.0010101701,0.0010660725,0.0010888191,0.0010702782,0.0010586473,0.0,0.0010290581,0.0010101701,0.0010660725,0.0010777379,0.001070395,0.0,0.0,0.0010290581,0.0010101701,0.0010660725,0.0010888183,0.0010703014,0.0,0.0010450498,0.0,0.0010586473,0.0010450498,0.0010660727,0.0010702669,0.0,0.0,0.0010290581,0.0010101701,0.0010660725,0.0010888167,0.0,0.0010586488,0.0,0.0010290581,0.0010101701,0.0010660725,0.0010777261,0.0,0.0,0.0010450498,0.001058649,0.0,0.0010290581,0.0010586473,0.0010702909,0.0010586474,0.0,0.0010290581,0.0010101701,0.0010660725,0.0010777258,0.0,0.0,0.00104505,0.0010290581,0.0010196898,0.0010304849,0.0011060642,0.0,0.0,0.0010450498,0.0,0.0010586473,0.0010450498,0.0010660726,0.0,0.001058649,0.0,0.0010586474,0.0,0.0010586473,0.0010450499,0.0,0.0,0.0010450631,0.00102906,0.0010196897,0.0010304849,0.0011060648,0.0,0.0010586794,0.0010586506,0.0010530805,0.0010646229,0.0,0.0009877963,0.0,0.0010586493,0.0010450502,0.0,0.0010586475,0.0010450498,0.0010377852,0.0010702697,0.0010586473,0.0010450498,0.0,0.0010586473,0.0010450498,0.0010377844,0.0,0.0010586475,0.0010450499,0.0010377829,0.0010490612,0.0010553028,0.0010674415,0.001070262,0.0010586473,0.0010450498,0.0010377829,0.0010490612,0.0010553028,0.0010674415,0.0010703059,0.0,0.0,0.0010290581,0.0010101701,0.0010660725,0.0010888166,0.0010702725,0.0,0.0010450498,0.0010290581,0.0010196898,0.0010304849,0.0011060641,0.0,0.0010586473,0.0,0.0010290581,0.0010101701,0.0010660725,0.0010777257,0.0010702879,0.0,0.0010450498,0.0010290581,0.0010196898,0.0010304849,0.0011060749,0.0,0.0010586473,0.0010450498,0.0010377829,0.0010490612,0.0010553028,0.0010674436,0.0010702633,0.0010586473,0.0010450498,0.0010377829,0.0010490612,0.0010553028,0.0010674415,0.0,0.0010586476,0.0010450498,0.0010377829,0.0010490612,0.0010553028,0.0010674418,0.0,0.0,0.0010450498,0.0010290581,0.0010196898,0.0010304849,0.001106064,0.0010702655,0.0010586473,0.0,0.0,0.0010586474,0.0010586473,0.0010530803,0.0010703154,0.0,0.0010450498,0.0,0.0010586473,0.0010450498,0.001066075,0.001070458,0.0,0.0010586474,0.0010450498,0.0010377829,0.0,0.001058648,0.0,0.0010586471,0.0,0.0010290581,0.0010101701,0.0010660724,0.0010777336,0.0010702697,0.0,0.0010450498,0.0010290581,0.0010196897,0.0010304856,0.0011061546,0.0010702806,0.0,0.0,0.0010290581,0.0010101701,0.0010660725,0.0010888164,0.0,0.0010586474,0.0010450499,0.0010377829,0.0010490612,0.0010553028,0.0010674415,0.0010702983,0.0010586473,0.0010450498,0.0,0.0010586473,0.0010450498,0.0010377842,0.0010702668,0.0,0.0010450498,0.0010290582,0.0010196898,0.0010304849,0.0011060662,0.0010702672,0.0,0.0010450499,0.0010290581,0.0010196897,0.001030485,0.0011060665,0.0,0.0010586473,0.0010586475,0.0010530803,0.0010646225,0.0,0.0009878345,0.0010703193,0.0,0.0010450498,0.0010290581,0.0010196898,0.0010304849,0.0011060638,0.0010702694,0.0,0.0,0.0010290581,0.0010101701,0.0010660725,0.0010888187,0.0010703818,0.0010586485,0.0,0.0010290592,0.0010101707,0.0010660725,0.0010777349,0.0,0.0010586474,0.0010450498,0.0010377829,0.0010490612,0.0010553028,0.0010674415,0.0,0.0010586475,0.0,0.0010290581,0.0010101701,0.0010660725,0.0010777257,0.0,0.0010586474,0.00104505,0.0010377826,0.0010490612,0.0010553028,0.0010674419,0.0010702852,0.0010586473,0.0010450499,0.0010377828,0.0010490612,0.0010553028,0.0010674421,0.0,0.0,0.0,0.0010290581,0.0010101701,0.0010660725,0.001088817,0.0010702616,0.0010586473,0.0,0.0010290581,0.0010101701,0.0010660725,0.0010777272,0.0010702764,0.0010586474,0.0010450498,0.0010660725,0.0008260215,0.0010290581,0.0010101702,0.0,0.0010586473,0.0010450498,0.0010377829,0.0010490612,0.0010553028,0.0010674427,0.0,0.0010586473,0.0010450498,0.0010377829,0.0010490612,0.0010553028,0.001067442,0.0,0.0010586479,0.0010450498,0.0010377829,0.0010490612,0.0010553028,0.0010674446,0.0010702776,0.0010586473,0.0010450498,0.0010377829,0.0010490612,0.0010553028,0.0010674424,0.0,0.0,0.0010450498,0.0010290581,0.0010196898,0.0010304849,0.0011060645,0.0,0.0010586473,0.0010450498,0.0010377829,0.0010490612,0.0010553028,0.0010674415,0.0010705232,0.0010586482,0.0010450499,0.0010377825,0.0010490612,0.0010553028,0.0010674454
k__Bacteria|p__Bacteroidetes|c__Bacteroidia|o__Bacteroidales|f__Bacteroidaceae|g__Bacteroides|s__Bacteroides_finegoldii,0.0,0.0010597609,0.0010460139,0.001038504,0.0010493197,0.0010551139,0.0010669241,0.0,0.0010597608,0.0010460139,0.001038504,0.0010493197,0.0010551139,0.001066924,0.0,0.0,0.0010460317,0.0010298762,0.0010202442,0.0010305692,0.0011065145,0.0010715337,0.0,0.0010460139,0.0010298634,0.0010202432,0.0010305692,0.0011065139,0.0,0.0,0.0010460139,0.0010298634,0.0010202432,0.0010305692,0.0011065139,0.0010715154,0.0010597607,0.0010460139,0.001038504,0.0010493197,0.0010551139,0.001066924,0.0,0.0010597615,0.001046014,0.001038504,0.0010493197,0.0010551139,0.0010669242,0.0010715154,0.0010597607,0.0010460139,0.001038504,0.0010493197,0.0010551139,0.0010669241,0.0,0.0010597613,0.0010460146,0.0010385041,0.0010493197,0.0010551139,0.0010669243,0.0,0.0010597608,0.0010460139,0.001038504,0.0010493197,0.0010551139,0.0010669241,0.0,0.0010597608,0.0,0.0010298634,0.0010108071,0.0010671006,0.0010783081,0.0,0.0010597607,0.0010460139,0.001038504,0.0010493197,0.0010551139,0.0010669245,0.0,0.0,0.0,0.0010298634,0.0010108071,0.0010671006,0.0010895465,0.0010715193,0.0010597608,0.0,0.0010298634,0.0010108071,0.0010671006,0.0010783134,0.0010715568,0.0,0.0,0.0010298635,0.0010108071,0.0010671006,0.0010895457,0.0010715275,0.0,0.0010460139,0.0,0.0010597607,0.0010460139,0.0010671008,0.0010715177,0.0,0.0,0.0010298634,0.0010108071,0.0010671006,0.001089544,0.0,0.0010597628,0.0,0.0010298634,0.0010108071,0.0010671006,0.0010783065,0.0,0.0,0.0010460153,0.0010597622,0.0,0.0010298634,0.0010597612,0.0010715398,0.0010597613,0.0,0.0010298633,0.0010108071,0.0010671006,0.0010783065,0.0,0.0,0.0010460141,0.0010298634,0.0010202432,0.0010305692,0.0011065142,0.0,0.0,0.0010460139,0.0,0.0010597607,0.0010460139,0.0010671006,0.0,0.0010597665,0.0,0.0010597609,0.0,0.0010597607,0.001046014,0.0,0.0,0.0010460371,0.001029867,0.0010202432,0.0010305692,0.0011065146,0.0,0.0010598096,0.001059766,0.0010539604,0.0010650471,0.0,0.0009882528,0.0,0.0010597638,0.0010460151,0.0,0.0010597614,0.001046014,0.0010385064,0.0010715197,0.0010597607,0.0010460139,0.0,0.0010597607,0.0010460139,0.001038505,0.0,0.0010597612,0.001046014,0.001038504,0.0010493197,0.0010551139,0.001066924,0.0010715153,0.0010597607,0.0010460139,0.001038504,0.0010493197,0.0010551139,0.0010669241,0.0010715323,0.0,0.0,0.0010298634,0.0010108071,0.0010671006,0.0010895438,0.0010715188,0.0,0.0010460139,0.0010298634,0.0010202432,0.0010305692,0.0011065141,0.0,0.0010597609,0.0,0.0010298634,0.0010108071,0.0010671006,0.0010783063,0.0010715252,0.0,0.0010460139,0.0010298634,0.0010202432,0.0010305692,0.0011065204,0.0,0.0010597607,0.0010460139,0.001038504,0.0010493197,0.0010551139,0.0010669255,0.0010715155,0.0010597607,0.0010460139,0.001038504,0.0010493197,0.0010551139,0.001066924,0.0,0.0010597615,0.001046014,0.001038504,0.0010493197,0.0010551139,0.0010669241,0.0,0.0,0.0010460139,0.0010298634,0.0010202432,0.0010305692,0.0011065141,0.0010715163,0.0010597607,0.0,0.0,0.0010597609,0.0010597608,0.0010539604,0.0010715374,0.0,0.0010460144,0.0,0.0010597609,0.0010460139,0.0010671031,0.0010715777,0.0,0.0010597612,0.001046014,0.001038504,0.0,0.0010597616,0.0,0.001059761,0.0,0.0010298634,0.0010108071,0.0010671006,0.0010783108,0.0010715195,0.0,0.0010460139,0.0010298634,0.0010202432,0.0010305698,0.0011065654,0.0010715298,0.0,0.0,0.0010298634,0.0010108071,0.0010671006,0.0010895438,0.0,0.0010597613,0.001046014,0.001038504,0.0010493197,0.0010551139,0.001066924,0.0010714992,0.0010597612,0.001046014,0.0,0.001059761,0.0010460139,0.001038505,0.0010715169,0.0,0.001046014,0.0010298634,0.0010202432,0.0010305692,0.0011065162,0.0010715183,0.0,0.001046014,0.0010298634,0.0010202432,0.0010305693,0.0011065158,0.0,0.0010597612,0.0010597612,0.0010539597,0.0010650472,0.0,0.0009882948,0.0010715353,0.0,0.001046014,0.0010298634,0.0010202432,0.0010305692,0.0011065139,0.0010715193,0.0,0.0,0.0010298634,0.0010108071,0.0010671006,0.0010895458,0.0010715472,0.001059762,0.0,0.0010298645,0.0010108072,0.0010671007,0.0010783134,0.0,0.001059761,0.001046014,0.001038504,0.0010493197,0.0010551139,0.001066924,0.0,0.0010597626,0.0,0.0010298634,0.0010108071,0.0010671006,0.0010783063,0.0,0.001059761,0.0010460141,0.001038504,0.0010493197,0.0010551139,0.0010669241,0.0010715256,0.001059761,0.001046014,0.0010385042,0.0010493197,0.0010551139,0.0010669242,0.0,0.0,0.0,0.0010298634,0.0010108071,0.0010671006,0.0010895444,0.0010715149,0.0010597607,0.0,0.0010298634,0.0010108071,0.0010671006,0.001078307,0.001071526,0.001059761,0.0010460139,0.0010671006,0.0,0.0010298634,0.0010108072,0.0,0.0010597607,0.0010460139,0.001038504,0.0010493197,0.0010551139,0.0010669247,0.0,0.0010597607,0.0010460139,0.001038504,0.0010493197,0.0010551139,0.0010669242,0.0,0.0010597616,0.001046014,0.001038504,0.0010493197,0.0010551139,0.0010669256,0.0010715214,0.0010597607,0.0010460139,0.001038504,0.0010493197,0.0010551139,0.0010669243,0.0,0.0,0.0010460139,0.0010298634,0.0010202432,0.0010305692,0.0011065142,0.0,0.0010597607,0.0010460139,0.001038504,0.0010493197,0.0010551139,0.0010669241,0.0010716507,0.0010597631,0.0010460143,0.0010385038,0.0010493197,0.0010551139,0.0010669264
k__Bacteria|p__Bacteroidetes|c__Bacteroidia|o__Bacteroidales|f__Prevotellaceae|g__Prevotella|s__Prevotella_buccae,0.0,0.0010605427,0.0010469279,0.0010395951,0.0010506952,0.001056773,0.0010687701,0.0,0.0010605428,0.0010469279,0.0010395951,0.0010506952,0.001056773,0.0010687701,0.0,0.0,0.0010469398,0.0010309232,0.0010214787,0.0010320989,0.0011075716,0.0010721983,0.0,0.0010469279,0.0010309151,0.0010214784,0.0010320989,0.0011075715,0.0,0.0,0.0010469279,0.0010309151,0.0010214784,0.0010320989,0.0011075715,0.0010721716,0.0010605428,0.0010469279,0.0010395951,0.0010506952,0.001056773,0.0010687701,0.0,0.0010605431,0.001046928,0.0010395951,0.0010506952,0.001056773,0.0010687704,0.0010721717,0.0010605428,0.0010469279,0.0010395951,0.0010506952,0.001056773,0.0010687701,0.0,0.0010605429,0.0010469285,0.0010395952,0.0010506952,0.001056773,0.0010687704,0.0,0.0010605428,0.0010469279,0.0010395951,0.0010506952,0.001056773,0.0010687702,0.0,0.0010605428,0.0,0.0010309151,0.0010120007,0.0010679197,0.0010793888,0.0,0.0010605428,0.0010469279,0.0010395951,0.0010506952,0.001056773,0.0010687701,0.0,0.0,0.0,0.0010309151,0.0010120007,0.0010679197,0.0010904887,0.0010721775,0.0010605428,0.0,0.0010309151,0.0010120007,0.0010679197,0.001079391,0.001072213,0.0,0.0,0.0010309152,0.0010120007,0.0010679197,0.0010904887,0.001072188,0.0,0.0010469279,0.0,0.0010605428,0.0010469279,0.0010679193,0.0010721729,0.0,0.0,0.0010309151,0.0010120007,0.0010679197,0.001090489,0.0,0.0010605438,0.0,0.0010309151,0.0010120007,0.0010679197,0.0010793884,0.0,0.0,0.0010469289,0.0010605433,0.0,0.0010309151,0.0010605429,0.0010721864,0.0010605429,0.0,0.0010309151,0.0010120007,0.0010679197,0.0010793882,0.0,0.0,0.001046928,0.0010309151,0.0010214784,0.0010320989,0.0011075713,0.0,0.0,0.0010469279,0.0,0.0010605428,0.0010469279,0.0010679193,0.0,0.0010605456,0.0,0.0010605429,0.0,0.0010605428,0.001046928,0.0,0.0,0.0010469407,0.0010309169,0.0010214784,0.0010320989,0.0011075715,0.0,0.0010605713,0.0010605458,0.0010549119,0.0010662728,0.0,0.0009895868,0.0,0.0010605442,0.0010469286,0.0,0.0010605431,0.0010469279,0.0010395969,0.0010721765,0.0010605428,0.0010469279,0.0,0.0010605428,0.0010469279,0.0010395956,0.0,0.0010605429,0.001046928,0.0010395951,0.0010506952,0.001056773,0.0010687701,0.0010721717,0.0010605428,0.0010469279,0.0010395951,0.0010506952,0.001056773,0.0010687702,0.0010721866,0.0,0.0,0.0010309151,0.0010120007,0.0010679197,0.001090489,0.0010721734,0.0,0.0010469279,0.0010309151,0.0010214784,0.0010320989,0.0011075714,0.0,0.0010605429,0.0,0.0010309151,0.0010120007,0.0010679197,0.0010793882,0.0010721829,0.0,0.0010469279,0.0010309151,0.0010214784,0.0010320989,0.0011075734,0.0,0.0010605428,0.0010469279,0.0010395951,0.0010506952,0.001056773,0.0010687707,0.0010721722,0.0010605428,0.0010469279,0.0010395951,0.0010506952,0.001056773,0.0010687701,0.0,0.0010605431,0.0010469279,0.0010395951,0.0010506952,0.001056773,0.0010687701,0.0,0.0,0.0010469279,0.0010309151,0.0010214784,0.0010320989,0.0011075715,0.0010721731,0.0010605428,0.0,0.0,0.0010605429,0.0010605428,0.0010549116,0.0010721978,0.0,0.0010469282,0.0,0.0010605429,0.0010469279,0.0010679219,0.0010722473,0.0,0.0010605429,0.0010469279,0.0010395951,0.0,0.001060543,0.0,0.0010605427,0.0,0.0010309151,0.0010120007,0.0010679197,0.001079391,0.0010721753,0.0,0.0010469279,0.0010309151,0.0010214784,0.0010320992,0.0011075798,0.001072183,0.0,0.0,0.0010309151,0.0010120007,0.0010679197,0.0010904889,0.0,0.0010605429,0.001046928,0.0010395951,0.0010506952,0.001056773,0.0010687701,0.001072194,0.0010605429,0.0010469279,0.0,0.0010605428,0.0010469279,0.0010395957,0.0010721723,0.0,0.0010469279,0.0010309152,0.0010214784,0.0010320989,0.0011075713,0.0010721739,0.0,0.001046928,0.0010309151,0.0010214784,0.001032099,0.0011075715,0.0,0.0010605429,0.001060543,0.0010549116,0.001066273,0.0,0.0009896134,0.00107219,0.0,0.0010469279,0.0010309151,0.0010214784,0.0010320989,0.0011075715,0.0010721748,0.0,0.0,0.0010309151,0.0010120007,0.0010679197,0.0010904889,0.0010722133,0.0010605431,0.0,0.0010309156,0.0010120008,0.0010679197,0.0010793904,0.0,0.0010605429,0.0010469279,0.0010395951,0.0010506952,0.001056773,0.0010687701,0.0,0.0010605439,0.0,0.0010309151,0.0010120007,0.0010679197,0.0010793882,0.0,0.0010605429,0.001046928,0.0010395951,0.0010506952,0.001056773,0.0010687701,0.001072179,0.0010605428,0.0010469279,0.0010395956,0.0010506952,0.001056773,0.0010687703,0.0,0.0,0.0,0.0010309151,0.0010120007,0.0010679197,0.0010904891,0.0010721714,0.0010605428,0.0,0.0010309151,0.0010120007,0.0010679197,0.0010793885,0.0010721795,0.0010605429,0.0010469279,0.0010679197,0.0,0.0010309151,0.0010120008,0.0,0.0010605428,0.0010469279,0.0010395951,0.0010506952,0.001056773,0.0010687703,0.0,0.0010605428,0.0010469279,0.0010395951,0.0010506952,0.001056773,0.0010687702,0.0,0.001060543,0.0010469279,0.0010395951,0.0010506952,0.001056773,0.0010687707,0.0010721758,0.0010605428,0.0010469279,0.0010395951,0.0010506952,0.001056773,0.0010687701,0.0,0.0,0.0010469279,0.0010309151,0.0010214784,0.0010320989,0.0011075714,0.0,0.0010605428,0.0010469279,0.0010395951,0.0010506952,0.001056773,0.0010687702,0.0010723528,0.0010605438,0.0010469279,0.0010395951,0.0010506952,0.001056773,0.001068771
k__Bacteria|p__Bacteroidetes|c__Bacteroidia|o__Bacteroidales|f__Prevotellaceae|g__Prevotella|s__Prevotella_disiens,0.0,0.0010609016,0.0010474143,0.0010402611,0.0010516638,0.0010580409,0.0010702419,0.0,0.0010609018,0.0010474143,0.0010402611,0.0010516638,0.0010580409,0.0010702418,0.0,0.0,0.0010474129,0.0010315337,0.0010222845,0.0010332164,0.0011082656,0.001072409,0.0,0.0010474143,0.001031535,0.0010222844,0.0010332164,0.001108266,0.0,0.0,0.0010474143,0.001031535,0.0010222844,0.0010332164,0.0011082658,0.0010724092,0.0010609017,0.0010474143,0.0010402611,0.0010516638,0.0010580409,0.0010702418,0.0,0.0010609017,0.0010474143,0.0010402611,0.0010516638,0.0010580409,0.001070242,0.0010724094,0.0010609017,0.0010474143,0.0010402611,0.0010516638,0.0010580409,0.0010702419,0.0,0.0010609016,0.0010474144,0.0010402611,0.0010516638,0.0010580409,0.0010702419,0.0,0.0010609018,0.0010474143,0.0010402611,0.0010516638,0.0010580409,0.0010702419,0.0,0.0010609018,0.0,0.001031535,0.0010127596,0.0010683228,0.0010800746,0.0,0.0010609017,0.0010474143,0.0010402611,0.0010516638,0.0010580409,0.001070242,0.0,0.0,0.0,0.001031535,0.0010127596,0.0010683228,0.0010910446,0.001072409,0.0010609018,0.0,0.001031535,0.0010127596,0.0010683228,0.0010800736,0.0010724192,0.0,0.0,0.0010315349,0.0010127596,0.0010683228,0.001091045,0.0010724105,0.0,0.0010474143,0.0,0.0010609017,0.0010474143,0.0010683228,0.0010724091,0.0,0.0,0.001031535,0.0010127596,0.0010683228,0.0010910452,0.0,0.0010609014,0.0,0.001031535,0.0010127596,0.0010683228,0.0010800752,0.0,0.0,0.001047414,0.0010609018,0.0,0.001031535,0.0010609018,0.0010724075,0.0010609016,0.0,0.0010315349,0.0010127596,0.0010683228,0.0010800753,0.0,0.0,0.0010474143,0.001031535,0.0010222844,0.0010332164,0.0011082657,0.0,0.0,0.0010474143,0.0,0.0010609017,0.0010474143,0.0010683225,0.0,0.0010608999,0.0,0.0010609018,0.0,0.0010609017,0.0010474143,0.0,0.0,0.0010474112,0.0010315343,0.0010222844,0.0010332164,0.0011082651,0.0,0.001060895,0.0010609003,0.0010554427,0.0010670972,0.0,0.0009904815,0.0,0.0010609012,0.0010474139,0.0,0.0010609016,0.0010474143,0.0010402609,0.0010724077,0.0010609017,0.0010474143,0.0,0.0010609017,0.0010474143,0.0010402611,0.0,0.0010609018,0.0010474143,0.0010402611,0.0010516638,0.0010580409,0.0010702418,0.0010724094,0.0010609017,0.0010474143,0.0010402611,0.0010516638,0.0010580409,0.0010702419,0.001072412,0.0,0.0,0.001031535,0.0010127596,0.0010683228,0.0010910452,0.0010724096,0.0,0.0010474143,0.001031535,0.0010222844,0.0010332164,0.0011082656,0.0,0.0010609018,0.0,0.001031535,0.0010127596,0.0010683228,0.001080075,0.0010724075,0.0,0.0010474143,0.001031535,0.0010222844,0.0010332164,0.0011082628,0.0,0.0010609017,0.0010474143,0.0010402611,0.0010516638,0.0010580409,0.0010702421,0.0010724096,0.0010609017,0.0010474143,0.0010402611,0.0010516638,0.0010580409,0.0010702418,0.0,0.0010609017,0.0010474143,0.0010402611,0.0010516638,0.0010580409,0.0010702419,0.0,0.0,0.0010474143,0.001031535,0.0010222844,0.0010332164,0.001108266,0.0010724091,0.0010609017,0.0,0.0,0.0010609018,0.0010609018,0.0010554431,0.0010724092,0.0,0.001047414,0.0,0.0010609018,0.0010474143,0.0010683219,0.0010724273,0.0,0.0010609018,0.0010474143,0.0010402611,0.0,0.0010609018,0.0,0.0010609016,0.0,0.001031535,0.0010127596,0.0010683228,0.0010800739,0.0010724089,0.0,0.0010474143,0.001031535,0.0010222844,0.0010332165,0.0011082437,0.0010724067,0.0,0.0,0.001031535,0.0010127596,0.0010683228,0.0010910452,0.0,0.0010609018,0.0010474143,0.0010402611,0.0010516638,0.0010580409,0.0010702418,0.0010724127,0.0010609017,0.0010474143,0.0,0.0010609017,0.0010474143,0.0010402612,0.0010724094,0.0,0.0010474143,0.001031535,0.0010222844,0.0010332164,0.001108265,0.0010724086,0.0,0.0010474143,0.0010315349,0.0010222844,0.0010332165,0.0011082652,0.0,0.0010609017,0.0010609019,0.0010554431,0.0010670972,0.0,0.0009904904,0.0010724136,0.0,0.0010474143,0.001031535,0.0010222844,0.0010332164,0.0011082658,0.0010724086,0.0,0.0,0.001031535,0.0010127596,0.0010683228,0.0010910449,0.0010724174,0.0010609016,0.0,0.001031535,0.0010127596,0.0010683225,0.0010800739,0.0,0.0010609018,0.0010474143,0.0010402611,0.0010516638,0.0010580409,0.0010702418,0.0,0.0010609011,0.0,0.001031535,0.0010127596,0.0010683228,0.001080075,0.0,0.0010609018,0.0010474143,0.0010402611,0.0010516638,0.0010580409,0.001070242,0.0010724092,0.0010609013,0.0010474143,0.0010402609,0.0010516638,0.0010580409,0.0010702418,0.0,0.0,0.0,0.001031535,0.0010127596,0.0010683228,0.0010910452,0.0010724093,0.0010609017,0.0,0.001031535,0.0010127596,0.0010683228,0.0010800749,0.0010724079,0.0010609018,0.0010474143,0.0010683228,0.0,0.001031535,0.0010127596,0.0,0.0010609017,0.0010474143,0.0010402611,0.0010516638,0.0010580409,0.0010702419,0.0,0.0010609017,0.0010474143,0.0010402611,0.0010516638,0.0010580409,0.0010702418,0.0,0.0010609014,0.0010474143,0.0010402611,0.0010516638,0.0010580409,0.0010702417,0.0010724089,0.0010609017,0.0010474143,0.0010402611,0.0010516638,0.0010580409,0.0010702418,0.0,0.0,0.0010474143,0.001031535,0.0010222844,0.0010332164,0.0011082657,0.0,0.0010609017,0.0010474143,0.0010402611,0.0010516638,0.0010580409,0.0010702419,0.001072418,0.0010609012,0.0010474143,0.0010402611,0.0010516638,0.0010580409,0.0010702414
k__Bacteria|p__Bacteroidetes|c__Bacteroidia|o__Bacteroidales|f__Tannerellaceae|g__Parabacteroides|s__Parabacteroides_goldsteinii,0.0,0.0010616791,0.0010481316,0.0010408736,0.0010520663,0.0010582419,0.001070291,0.0,0.0010616793,0.0010481316,0.0010408736,0.0010520663,0.0010582419,0.0010702908,0.0,0.0,0.001048135,0.0010321887,0.0010228286,0.0010335487,0.0011087187,0.0010732647,0.0,0.0010481316,0.0010321877,0.0010228285,0.0010335487,0.0011087181,0.0,0.0,0.0010481316,0.0010321877,0.0010228285,0.0010335487,0.001108718,0.0010732432,0.0010616792,0.0010481316,0.0010408736,0.0010520663,0.0010582419,0.0010702909,0.0,0.0010616798,0.0010481318,0.0010408736,0.0010520663,0.0010582419,0.0010702922,0.0010732433,0.0010616792,0.0010481316,0.0010408736,0.0010520663,0.0010582419,0.0010702909,0.0,0.0010616793,0.0010481323,0.0010408737,0.0010520663,0.0010582419,0.0010702915,0.0,0.0010616793,0.0010481316,0.0010408736,0.0010520663,0.0010582419,0.0010702909,0.0,0.0010616793,0.0,0.0010321877,0.0010133436,0.0010690585,0.0010806079,0.0,0.0010616792,0.0010481316,0.0010408736,0.0010520663,0.0010582419,0.0010702916,0.0,0.0,0.0,0.0010321877,0.0010133436,0.0010690585,0.0010916361,0.0010732508,0.0010616793,0.0,0.0010321877,0.0010133436,0.0010690585,0.0010806143,0.0010733082,0.0,0.0,0.001032188,0.0010133436,0.0010690585,0.0010916358,0.0010732621,0.0,0.0010481316,0.0,0.0010616792,0.0010481316,0.0010690588,0.0010732457,0.0,0.0,0.0010321877,0.0010133436,0.0010690585,0.001091634,0.0,0.0010616799,0.0,0.0010321877,0.0010133436,0.0010690585,0.0010806067,0.0,0.0,0.0010481322,0.0010616801,0.0,0.0010321877,0.0010616796,0.0010732539,0.0010616793,0.0,0.0010321877,0.0010133436,0.0010690585,0.0010806062,0.0,0.0,0.001048132,0.0010321877,0.0010228285,0.0010335487,0.0011087185,0.0,0.0,0.0010481316,0.0,0.0010616792,0.0010481316,0.0010690589,0.0,0.0010616798,0.0,0.0010616793,0.0,0.0010616792,0.0010481317,0.0,0.0,0.0010481343,0.0010321881,0.0010228286,0.0010335487,0.0011087183,0.0,0.0010616839,0.0010616797,0.0010561195,0.0010675663,0.0,0.0009910035,0.0,0.0010616804,0.0010481318,0.0,0.0010616794,0.0010481317,0.0010408759,0.0010732457,0.0010616792,0.0010481316,0.0,0.0010616792,0.0010481316,0.0010408749,0.0,0.0010616793,0.0010481317,0.0010408736,0.0010520663,0.0010582419,0.0010702909,0.0010732433,0.0010616792,0.0010481316,0.0010408736,0.0010520663,0.0010582419,0.0010702909,0.0010732668,0.0,0.0,0.0010321877,0.0010133436,0.0010690585,0.0010916339,0.0010732467,0.0,0.0010481316,0.0010321877,0.0010228285,0.0010335487,0.0011087183,0.0,0.0010616793,0.0,0.0010321877,0.0010133436,0.0010690585,0.0010806062,0.0010732549,0.0,0.0010481316,0.0010321877,0.0010228285,0.0010335487,0.0011087268,0.0,0.0010616792,0.0010481316,0.0010408736,0.0010520663,0.0010582419,0.0010702932,0.0010732436,0.0010616792,0.0010481316,0.0010408736,0.0010520663,0.0010582419,0.0010702909,0.0,0.0010616796,0.0010481317,0.0010408736,0.0010520663,0.0010582419,0.001070291,0.0,0.0,0.0010481316,0.0010321877,0.0010228285,0.0010335487,0.0011087181,0.0010732445,0.0010616792,0.0,0.0,0.0010616793,0.0010616793,0.0010561199,0.0010732667,0.0,0.0010481318,0.0,0.0010616793,0.0010481316,0.0010690629,0.0010733431,0.0,0.0010616793,0.0010481317,0.0010408736,0.0,0.00106168,0.0,0.0010616791,0.0,0.0010321877,0.0010133432,0.0010690585,0.0010806143,0.0010732469,0.0,0.0010481316,0.0010321877,0.0010228286,0.0010335493,0.0011087842,0.001073251,0.0,0.0,0.0010321877,0.0010133436,0.0010690585,0.0010916338,0.0,0.0010616793,0.0010481317,0.0010408736,0.0010520663,0.0010582419,0.0010702908,0.0010732487,0.0010616792,0.0010481317,0.0,0.0010616792,0.0010481316,0.0010408745,0.0010732452,0.0,0.0010481317,0.001032188,0.0010228285,0.0010335487,0.0011087207,0.0010732453,0.0,0.0010481317,0.0010321877,0.0010228286,0.0010335488,0.0011087205,0.0,0.0010616792,0.0010616794,0.0010561196,0.0010675662,0.0,0.000991038,0.0010732708,0.0,0.0010481317,0.0010321877,0.0010228285,0.0010335487,0.001108718,0.0010732466,0.0,0.0,0.0010321877,0.0010133436,0.0010690585,0.0010916359,0.0010732982,0.0010616798,0.0,0.0010321884,0.0010133437,0.0010690587,0.0010806145,0.0,0.0010616793,0.0010481317,0.0010408736,0.0010520663,0.0010582419,0.0010702909,0.0,0.0010616793,0.0,0.0010321877,0.0010133436,0.0010690585,0.0010806058,0.0,0.0010616793,0.001048132,0.0010408736,0.0010520663,0.0010582419,0.001070291,0.0010732561,0.0010616792,0.0010481317,0.0010408737,0.0010520663,0.0010582419,0.0010702915,0.0,0.0,0.0,0.0010321877,0.0010133436,0.0010690585,0.0010916346,0.0010732431,0.0010616792,0.0,0.0010321877,0.0010133436,0.0010690585,0.0010806071,0.0010732505,0.0010616793,0.0010481316,0.0010690585,0.0,0.0010321877,0.0010133437,0.0,0.0010616792,0.0010481316,0.0010408736,0.0010520663,0.0010582419,0.0010702921,0.0,0.0010616792,0.0010481316,0.0010408736,0.0010520663,0.0010582419,0.0010702913,0.0,0.0010616796,0.0010481317,0.0010408736,0.0010520663,0.0010582419,0.0010702935,0.0010732492,0.0010616792,0.0010481316,0.0010408736,0.0010520663,0.0010582419,0.0010702917,0.0,0.0,0.0010481316,0.0010321877,0.0010228285,0.0010335487,0.0011087186,0.0,0.0010616792,0.0010481316,0.0010408736,0.0010520663,0.0010582419,0.0010702909,0.0010733583,0.0010616798,0.0010481317,0.0010408736,0.0010520663,0.0010582419,0.0010702943
k__Bacteria|p__Bacteroidetes|c__Bacteroidia|o__Bacteroidales|f__Prevotellaceae|g__Prevotella|s__Prevotella_corporis,0.0,0.0010596279,0.0010461309,0.0010389902,0.0010504575,0.0010568907,0.0010691495,0.0,0.0010596282,0.0010461309,0.0010389902,0.0010504575,0.0010568907,0.001069149,0.0,0.0,0.0010461402,0.0010302478,0.0010210063,0.0010319985,0.0011071871,0.001071192,0.0,0.0010461309,0.001030243,0.0010210054,0.0010319985,0.0011071858,0.0,0.0,0.0010461308,0.001030243,0.0010210054,0.0010319985,0.001107186,0.0010711468,0.0010596281,0.0010461309,0.0010389902,0.0010504575,0.0010568907,0.0010691489,0.0,0.0010596286,0.0010461309,0.0010389902,0.0010504575,0.0010568907,0.0010691511,0.0010711469,0.0010596281,0.0010461309,0.0010389902,0.0010504575,0.0010568907,0.0010691494,0.0,0.0010596282,0.0010461318,0.0010389904,0.0010504575,0.0010568907,0.0010691496,0.0,0.0010596279,0.0010461309,0.0010389902,0.0010504575,0.0010568907,0.0010691494,0.0,0.0010596282,0.0,0.001030243,0.0010114618,0.0010670729,0.0010789,0.0,0.0010596281,0.0010461309,0.0010389902,0.0010504575,0.0010568907,0.0010691497,0.0,0.0,0.0,0.001030243,0.0010114618,0.0010670729,0.0010898837,0.001071161,0.0010596282,0.0,0.001030243,0.0010114618,0.0010670729,0.0010789088,0.0010712502,0.0,0.0,0.0010302434,0.0010114618,0.0010670729,0.0010898836,0.0010711807,0.0,0.0010461309,0.0,0.0010596281,0.0010461309,0.0010670731,0.0010711504,0.0,0.0,0.001030243,0.0010114618,0.0010670729,0.0010898823,0.0,0.0010596291,0.0,0.001030243,0.0010114618,0.0010670729,0.0010788981,0.0,0.0,0.0010461318,0.001059629,0.0,0.001030243,0.0010596284,0.0010711644,0.0010596282,0.0,0.0010302432,0.0010114618,0.0010670729,0.0010788972,0.0,0.0,0.001046131,0.001030243,0.0010210054,0.0010319985,0.0011071865,0.0,0.0,0.0010461309,0.0,0.0010596281,0.0010461309,0.0010670731,0.0,0.0010596296,0.0,0.001059628,0.0,0.0010596281,0.001046131,0.0,0.0,0.0010461374,0.0010302442,0.0010210056,0.0010319985,0.0011071864,0.0,0.0010596528,0.0010596308,0.0010541823,0.0010659047,0.0,0.0009891981,0.0,0.0010596301,0.0010461314,0.0,0.0010596283,0.001046131,0.0010389945,0.0010711532,0.0010596281,0.0010461309,0.0,0.0010596281,0.0010461309,0.001038992,0.0,0.0010596282,0.0010461308,0.0010389902,0.0010504575,0.0010568907,0.0010691494,0.0010711469,0.0010596281,0.0010461309,0.0010389902,0.0010504575,0.0010568907,0.001069149,0.0010711838,0.0,0.0,0.001030243,0.0010114618,0.0010670729,0.0010898823,0.001071153,0.0,0.0010461309,0.001030243,0.0010210054,0.0010319985,0.0011071865,0.0,0.001059628,0.0,0.001030243,0.0010114618,0.0010670729,0.001078897,0.0010711711,0.0,0.0010461309,0.001030243,0.0010210054,0.0010319985,0.0011071996,0.0,0.0010596281,0.0010461309,0.0010389902,0.0010504575,0.0010568907,0.0010691517,0.0010711476,0.0010596281,0.0010461309,0.0010389902,0.0010504575,0.0010568907,0.0010691489,0.0,0.0010596282,0.0010461308,0.0010389902,0.0010504575,0.0010568907,0.0010691495,0.0,0.0,0.0010461308,0.001030243,0.0010210054,0.0010319985,0.001107186,0.0010711495,0.0010596281,0.0,0.0,0.001059628,0.0010596282,0.0010541823,0.0010711915,0.0,0.0010461311,0.0,0.001059628,0.0010461309,0.0010670796,0.0010713105,0.0,0.0010596282,0.001046131,0.0010389902,0.0,0.001059629,0.0,0.0010596281,0.0,0.001030243,0.0010114618,0.0010670729,0.0010789114,0.0010711533,0.0,0.0010461309,0.001030243,0.0010210059,0.0010319992,0.0011072776,0.0010711623,0.0,0.0,0.001030243,0.0010114618,0.0010670729,0.0010898823,0.0,0.0010596283,0.001046131,0.0010389902,0.0010504575,0.0010568907,0.001069149,0.0010711707,0.0010596279,0.0010461308,0.0,0.0010596281,0.0010461309,0.0010389918,0.0010711502,0.0,0.001046131,0.0010302434,0.0010210054,0.0010319985,0.0011071888,0.0010711509,0.0,0.001046131,0.0010302434,0.0010210059,0.0010319985,0.0011071897,0.0,0.0010596282,0.0010596282,0.0010541822,0.0010659046,0.0,0.0009892412,0.0010711907,0.0,0.001046131,0.001030243,0.0010210054,0.0010319985,0.001107186,0.0010711519,0.0,0.0,0.001030243,0.0010114618,0.0010670729,0.0010898835,0.00107124,0.001059629,0.0,0.0010302444,0.001011462,0.0010670731,0.0010789079,0.0,0.0010596281,0.001046131,0.0010389902,0.0010504575,0.0010568907,0.0010691489,0.0,0.0010596287,0.0,0.001030243,0.0010114618,0.0010670729,0.001078897,0.0,0.0010596281,0.001046131,0.0010389902,0.0010504575,0.0010568907,0.0010691494,0.0010711673,0.0010596281,0.0010461309,0.0010389904,0.0010504575,0.0010568907,0.00106915,0.0,0.0,0.0,0.001030243,0.0010114618,0.0010670729,0.0010898829,0.0010711467,0.0010596281,0.0,0.001030243,0.0010114618,0.0010670729,0.0010788987,0.0010711595,0.0010596281,0.0010461309,0.0010670729,0.0,0.001030243,0.001011462,0.0,0.0010596281,0.0010461309,0.0010389902,0.0010504575,0.0010568907,0.0010691509,0.0,0.0010596281,0.0010461309,0.0010389902,0.0010504575,0.0010568907,0.0010691494,0.0,0.0010596286,0.0010461308,0.0010389902,0.0010504575,0.0010568907,0.001069153,0.0010711577,0.0010596281,0.0010461309,0.0010389902,0.0010504575,0.0010568907,0.0010691498,0.0,0.0,0.0010461309,0.001030243,0.0010210054,0.0010319985,0.001107187,0.0,0.0010596281,0.0010461309,0.0010389902,0.0010504575,0.0010568907,0.001069149,0.0010713921,0.0010596293,0.0010461308,0.0010389902,0.0010504575,0.0010568907,0.0010691534
k__Bacteria|p__Bacteroidetes|c__Bacteroidia|o__Bacteroidales|f__Porphyromonadaceae|g__Porphyromonas|s__Porphyromonas_SGB1977,0.0,0.0010581174,0.0010444113,0.0010369965,0.0010480334,0.0010540347,0.0010660132,0.0,0.0010581175,0.0010444113,0.0010369965,0.0010480334,0.0010540347,0.0010660132,0.0,0.0,0.0010444171,0.0010283107,0.0010187852,0.0010293305,0.0011052878,0.001069849,0.0,0.0010444113,0.0010283065,0.001018785,0.0010293305,0.0011052878,0.0,0.0,0.0010444113,0.0010283065,0.001018785,0.0010293305,0.0011052878,0.0010698349,0.0010581174,0.0010444113,0.0010369965,0.0010480334,0.0010540347,0.0010660135,0.0,0.0010581177,0.0010444116,0.0010369965,0.0010480334,0.0010540347,0.0010660136,0.0010698348,0.0010581174,0.0010444113,0.0010369965,0.0010480334,0.0010540347,0.0010660134,0.0,0.0010581173,0.0010444117,0.0010369966,0.0010480334,0.0010540352,0.0010660138,0.0,0.0010581175,0.0010444113,0.0010369965,0.0010480334,0.0010540347,0.0010660132,0.0,0.0010581175,0.0,0.0010283065,0.0010093015,0.0010655099,0.0010769392,0.0,0.0010581174,0.0010444113,0.0010369965,0.0010480334,0.0010540347,0.0010660135,0.0,0.0,0.0,0.0010283065,0.0010093015,0.0010655096,0.0010881423,0.0010698393,0.0010581175,0.0,0.0010283065,0.0010093015,0.0010655096,0.0010769388,0.0010698555,0.0,0.0,0.0010283068,0.0010093015,0.0010655096,0.0010881417,0.0010698452,0.0,0.0010444113,0.0,0.0010581174,0.0010444113,0.0010655096,0.0010698361,0.0,0.0,0.0010283065,0.0010093015,0.0010655099,0.0010881411,0.0,0.0010581176,0.0,0.0010283065,0.0010093015,0.0010655099,0.0010769381,0.0,0.0,0.0010444124,0.001058118,0.0,0.0010283065,0.0010581175,0.0010698462,0.0010581173,0.0,0.0010283065,0.0010093015,0.0010655099,0.0010769382,0.0,0.0,0.0010444116,0.0010283065,0.001018785,0.0010293305,0.0011052876,0.0,0.0,0.0010444113,0.0,0.0010581174,0.0010444113,0.0010655095,0.0,0.0010581182,0.0,0.0010581175,0.0,0.0010581174,0.0010444114,0.0,0.0,0.0010444196,0.0010283072,0.001018785,0.0010293305,0.0011052875,0.0,0.0010581216,0.0010581176,0.0010524084,0.0010637179,0.0,0.0009867982,0.0,0.0010581178,0.0010444119,0.0,0.0010581174,0.0010444114,0.0010369975,0.0010698393,0.0010581174,0.0010444113,0.0,0.0010581174,0.0010444113,0.0010369967,0.0,0.0010581176,0.0010444114,0.0010369965,0.0010480334,0.0010540347,0.0010660135,0.001069835,0.0010581174,0.0010444113,0.0010369965,0.0010480334,0.0010540347,0.0010660132,0.0010698474,0.0,0.0,0.0010283065,0.0010093015,0.0010655099,0.0010881411,0.0010698357,0.0,0.0010444113,0.0010283065,0.001018785,0.0010293305,0.0011052875,0.0,0.0010581175,0.0,0.0010283065,0.0010093015,0.0010655099,0.0010769382,0.0010698391,0.0,0.0010444113,0.0010283065,0.001018785,0.0010293305,0.0011052878,0.0,0.0010581174,0.0010444113,0.0010369965,0.0010480334,0.0010540347,0.0010660137,0.0010698356,0.0010581174,0.0010444113,0.0010369965,0.0010480334,0.0010540347,0.0010660135,0.0,0.0010581175,0.0010444114,0.0010369965,0.0010480334,0.0010540347,0.0010660132,0.0,0.0,0.0010444113,0.0010283065,0.001018785,0.0010293305,0.0011052879,0.0010698359,0.0010581174,0.0,0.0,0.0010581175,0.0010581175,0.0010524086,0.0010698503,0.0,0.0010444116,0.0,0.0010581175,0.0010444113,0.0010655122,0.00106987,0.0,0.0010581174,0.0010444114,0.0010369965,0.0,0.0010581175,0.0,0.0010581171,0.0,0.0010283065,0.0010093015,0.0010655099,0.0010769388,0.0010698383,0.0,0.0010444113,0.0010283065,0.001018785,0.001029331,0.0011053003,0.0010698427,0.0,0.0,0.0010283065,0.0010093015,0.0010655099,0.0010881411,0.0,0.0010581175,0.0010444114,0.0010369965,0.0010480334,0.0010540347,0.0010660136,0.001069856,0.0010581174,0.0010444114,0.0,0.0010581175,0.0010444113,0.0010369973,0.0010698357,0.0,0.0010444114,0.0010283068,0.001018785,0.0010293305,0.0011052885,0.0010698361,0.0,0.0010444114,0.0010283065,0.001018785,0.0010293308,0.0011052873,0.0,0.0010581173,0.0010581173,0.0010524082,0.0010637178,0.0,0.0009868252,0.0010698462,0.0,0.0010444114,0.0010283065,0.001018785,0.0010293305,0.0011052878,0.0010698377,0.0,0.0,0.0010283065,0.0010093015,0.0010655096,0.0010881418,0.0010698608,0.0010581173,0.0,0.001028307,0.0010093016,0.0010655096,0.0010769411,0.0,0.0010581175,0.0010444114,0.0010369965,0.0010480334,0.0010540347,0.0010660131,0.0,0.0010581177,0.0,0.0010283065,0.0010093015,0.0010655099,0.0010769382,0.0,0.0010581176,0.0010444116,0.0010369965,0.0010480334,0.0010540347,0.0010660134,0.0010698384,0.0010581173,0.0010444114,0.0010369967,0.0010480334,0.0010540347,0.0010660134,0.0,0.0,0.0,0.0010283065,0.0010093015,0.0010655099,0.0010881412,0.0010698345,0.0010581174,0.0,0.0010283065,0.0010093015,0.0010655099,0.0010769382,0.0010698391,0.0010581175,0.0010444113,0.0010655099,0.0,0.0010283065,0.0010093016,0.0,0.0010581174,0.0010444113,0.0010369965,0.0010480334,0.0010540347,0.0010660134,0.0,0.0010581174,0.0010444113,0.0010369965,0.0010480334,0.0010540347,0.0010660134,0.0,0.0010581175,0.0010444114,0.0010369965,0.0010480334,0.0010540352,0.0010660136,0.0010698376,0.0010581174,0.0010444113,0.0010369965,0.0010480334,0.0010540347,0.0010660135,0.0,0.0,0.0010444113,0.0010283065,0.001018785,0.0010293305,0.0011052877,0.0,0.0010581174,0.0010444113,0.0010369965,0.0010480334,0.0010540347,0.0010660132,0.0010699147,0.0010581178,0.0010444114,0.0010369966,0.0010480334,0.0010540347,0.001066014
k__Bacteria|p__Bacteroidetes|c__Bacteroidia|o__Bacteroidales|f__Bacteroidaceae|g__Bacteroides|s__Bacteroides_xylanisolvens,0.0,0.0010617668,0.0010481494,0.0010407867,0.0010517939,0.0010577878,0.0010697085,0.0,0.0010617669,0.0010481494,0.0010407867,0.0010517939,0.0010577878,0.0010697085,0.0,0.0,0.0010481705,0.0010321463,0.0010226653,0.0010331947,0.0011085719,0.0010734411,0.0,0.0010481494,0.001032132,0.0010226644,0.0010331947,0.0011085718,0.0,0.0,0.0010481494,0.001032132,0.0010226644,0.0010331947,0.0011085717,0.0010733968,0.0010617668,0.0010481494,0.0010407867,0.0010517939,0.0010577878,0.0010697084,0.0,0.0010617676,0.0010481495,0.0010407867,0.0010517939,0.0010577878,0.0010697088,0.0010733969,0.0010617668,0.0010481494,0.0010407867,0.0010517939,0.0010577878,0.0010697086,0.0,0.0010617669,0.00104815,0.0010407871,0.0010517943,0.0010577878,0.0010697087,0.0,0.0010617669,0.0010481494,0.0010407867,0.0010517939,0.0010577878,0.0010697084,0.0,0.0010617669,0.0,0.001032132,0.0010132103,0.0010691157,0.0010804874,0.0,0.0010617668,0.0010481494,0.0010407867,0.0010517939,0.0010577878,0.0010697083,0.0,0.0,0.0,0.001032132,0.0010132103,0.0010691157,0.0010915846,0.0010734079,0.0010617669,0.0,0.001032132,0.0010132103,0.0010691157,0.0010804896,0.0010734822,0.0,0.0,0.0010321321,0.0010132103,0.0010691157,0.0010915843,0.0010734282,0.0,0.0010481494,0.0,0.0010617668,0.0010481494,0.0010691157,0.0010734001,0.0,0.0,0.001032132,0.0010132103,0.0010691157,0.0010915847,0.0,0.0010617686,0.0,0.001032132,0.0010132103,0.0010691157,0.0010804862,0.0,0.0,0.0010481508,0.0010617686,0.0,0.001032132,0.0010617669,0.0010734308,0.0010617672,0.0,0.001032132,0.0010132103,0.0010691157,0.0010804865,0.0,0.0,0.0010481495,0.001032132,0.0010226644,0.0010331947,0.0011085718,0.0,0.0,0.0010481494,0.0,0.0010617668,0.0010481494,0.0010691156,0.0,0.0010617716,0.0,0.001061767,0.0,0.0010617668,0.0010481495,0.0,0.0,0.0010481769,0.0010321359,0.0010226647,0.0010331947,0.0011085717,0.0,0.0010618172,0.0010617728,0.0010561075,0.0010673724,0.0,0.000990787,0.0,0.0010617694,0.0010481506,0.0,0.0010617672,0.0010481495,0.0010407891,0.0010734069,0.0010617668,0.0010481494,0.0,0.0010617668,0.0010481494,0.0010407874,0.0,0.001061767,0.0010481495,0.0010407867,0.0010517939,0.0010577878,0.0010697085,0.0010733968,0.0010617668,0.0010481494,0.0010407867,0.0010517939,0.0010577878,0.0010697084,0.001073431,0.0,0.0,0.001032132,0.0010132103,0.0010691157,0.0010915846,0.0010734037,0.0,0.0010481494,0.001032132,0.0010226644,0.0010331947,0.0011085715,0.0,0.001061767,0.0,0.001032132,0.0010132103,0.0010691157,0.0010804863,0.0010734164,0.0,0.0010481494,0.001032132,0.0010226644,0.0010331947,0.0011085744,0.0,0.0010617668,0.0010481494,0.0010407867,0.0010517939,0.0010577878,0.0010697085,0.0010733982,0.0010617668,0.0010481494,0.0010407867,0.0010517939,0.0010577878,0.0010697084,0.0,0.0010617673,0.0010481495,0.0010407867,0.0010517939,0.0010577878,0.0010697085,0.0,0.0,0.0010481494,0.001032132,0.0010226644,0.0010331947,0.0011085718,0.0010733993,0.0010617668,0.0,0.0,0.001061767,0.0010617669,0.0010561065,0.0010734414,0.0,0.0010481498,0.0,0.001061767,0.0010481494,0.0010691182,0.0010735291,0.0,0.0010617672,0.0010481495,0.0010407867,0.0,0.0010617671,0.0,0.0010617668,0.0,0.001032132,0.0010132103,0.0010691157,0.0010804902,0.0010734049,0.0,0.0010481494,0.0010321317,0.0010226645,0.0010331953,0.0011085942,0.0010734196,0.0,0.0,0.001032132,0.0010132103,0.0010691157,0.0010915846,0.0,0.001061767,0.0010481495,0.0010407867,0.0010517939,0.0010577878,0.0010697085,0.0010734239,0.0010617669,0.0010481495,0.0,0.0010617668,0.0010481494,0.0010407881,0.0010733993,0.0,0.0010481495,0.0010321321,0.0010226644,0.0010331947,0.0011085715,0.001073401,0.0,0.0010481495,0.0010321317,0.0010226645,0.0010331948,0.0011085719,0.0,0.0010617669,0.001061767,0.0010561066,0.0010673723,0.0,0.0009908179,0.0010734375,0.0,0.0010481495,0.001032132,0.0010226644,0.0010331947,0.0011085717,0.001073402,0.0,0.0,0.001032132,0.0010132103,0.0010691157,0.0010915844,0.001073483,0.0010617679,0.0,0.001032133,0.0010132109,0.0010691158,0.0010804894,0.0,0.0010617669,0.0010481495,0.0010407867,0.0010517939,0.0010577878,0.0010697084,0.0,0.0010617686,0.0,0.001032132,0.0010132103,0.0010691157,0.0010804863,0.0,0.0010617669,0.0010481495,0.0010407867,0.0010517939,0.0010577878,0.0010697086,0.0010734099,0.0010617671,0.0010481495,0.0010407872,0.0010517939,0.0010577878,0.0010697085,0.0,0.0,0.0,0.001032132,0.0010132103,0.0010691157,0.0010915847,0.0010733963,0.0010617668,0.0,0.001032132,0.0010132103,0.0010691157,0.0010804868,0.0010734099,0.0010617669,0.0010481494,0.0010691157,0.0,0.001032132,0.0010132104,0.0,0.0010617668,0.0010481494,0.0010407867,0.0010517939,0.0010577878,0.0010697085,0.0,0.0010617668,0.0010481494,0.0010407867,0.0010517939,0.0010577878,0.0010697085,0.0,0.0010617675,0.0010481495,0.0010407867,0.0010517939,0.0010577878,0.0010697086,0.0010734075,0.0010617668,0.0010481494,0.0010407867,0.0010517939,0.0010577878,0.0010697084,0.0,0.0,0.0010481494,0.001032132,0.0010226644,0.0010331947,0.0011085715,0.0,0.0010617668,0.0010481494,0.0010407867,0.0010517939,0.0010577878,0.0010697084,0.0010736194,0.0010617686,0.0010481498,0.0010407867,0.0010517943,0.0010577878,0.0010697088
k__Bacteria|p__Bacteroidetes|c__Bacteroidia|o__Bacteroidales|f__Bacteroidaceae|g__GGB4379|s__GGB4379_SGB6025,0.0,0.0010576597,0.0010441542,0.0010370428,0.0010486267,0.001055163,0.001067522,0.0,0.00105766,0.0010441542,0.0010370428,0.0010486267,0.001055163,0.001067522,0.0,0.0,0.0010441635,0.0010282652,0.0010190541,0.0010301578,0.0011055381,0.001069221,0.0,0.0010441542,0.0010282608,0.0010190535,0.0010301578,0.0011055374,0.0,0.0,0.0010441542,0.0010282608,0.0010190535,0.0010301578,0.0011055374,0.0010691889,0.0010576599,0.0010441542,0.0010370428,0.0010486267,0.001055163,0.0010675216,0.0,0.0010576602,0.0010441543,0.0010370428,0.0010486267,0.001055163,0.0010675231,0.0010691892,0.0010576599,0.0010441542,0.0010370428,0.0010486267,0.001055163,0.001067522,0.0,0.0010576601,0.0010441547,0.0010370432,0.0010486267,0.001055163,0.0010675226,0.0,0.00105766,0.0010441542,0.0010370428,0.0010486267,0.001055163,0.0010675216,0.0,0.00105766,0.0,0.0010282608,0.0010094772,0.0010651443,0.0010770967,0.0,0.0010576599,0.0010441542,0.0010370428,0.0010486267,0.001055163,0.0010675222,0.0,0.0,0.0,0.0010282608,0.0010094772,0.0010651443,0.001088098,0.0010691996,0.00105766,0.0,0.0010282608,0.0010094772,0.0010651443,0.0010771042,0.0010692811,0.0,0.0,0.0010282608,0.0010094772,0.0010651443,0.0010880983,0.0010692177,0.0,0.0010441542,0.0,0.0010576599,0.0010441542,0.0010651444,0.0010691923,0.0,0.0,0.0010282608,0.0010094772,0.0010651443,0.0010880971,0.0,0.0010576609,0.0,0.0010282608,0.0010094772,0.0010651443,0.0010770954,0.0,0.0,0.0010441543,0.0010576608,0.0,0.0010282608,0.0010576602,0.0010692053,0.0010576601,0.0,0.0010282607,0.0010094772,0.0010651443,0.0010770949,0.0,0.0,0.0010441543,0.0010282608,0.0010190535,0.0010301578,0.001105538,0.0,0.0,0.0010441542,0.0,0.0010576599,0.0010441542,0.0010651444,0.0,0.0010576607,0.0,0.00105766,0.0,0.0010576599,0.0010441543,0.0,0.0,0.0010441589,0.0010282618,0.0010190535,0.0010301578,0.0011055374,0.0,0.0010576914,0.001057663,0.0010522429,0.0010640871,0.0,0.0009872115,0.0,0.0010576614,0.0010441545,0.0,0.0010576601,0.0010441543,0.001037046,0.0010691924,0.0010576599,0.0010441542,0.0,0.0010576599,0.0010441542,0.0010370442,0.0,0.00105766,0.0010441543,0.0010370428,0.0010486267,0.001055163,0.0010675219,0.0010691889,0.0010576599,0.0010441542,0.0010370428,0.0010486267,0.001055163,0.001067522,0.0010692187,0.0,0.0,0.0010282608,0.0010094772,0.0010651443,0.0010880968,0.0010691963,0.026814533,0.0010441542,0.0010282608,0.0010190535,0.0010301578,0.0011055376,0.0,0.00105766,0.0,0.0010282608,0.0010094772,0.0010651443,0.0010770952,0.0010692081,0.0,0.0010441542,0.0010282608,0.0010190535,0.0010301578,0.001105548,0.0,0.0010576599,0.0010441542,0.0010370428,0.0010486267,0.001055163,0.0010675235,0.0010691896,0.0010576599,0.0010441542,0.0010370428,0.0010486267,0.001055163,0.0010675216,0.0,0.00105766,0.0010441543,0.0010370428,0.0010486267,0.001055163,0.001067522,0.0,0.0,0.0010441542,0.0010282608,0.0010190535,0.0010301578,0.0011055375,0.001069191,0.0010576599,0.0,0.0,0.00105766,0.00105766,0.0010522433,0.0010692235,0.0,0.0010441543,0.0,0.00105766,0.0010441542,0.001065149,0.0010693335,0.0,0.00105766,0.0010441543,0.0010370428,0.0,0.0010576606,0.0,0.0010576597,0.0,0.0010282608,0.0010094772,0.0010651444,0.0010771045,0.0010691935,0.0,0.0010441542,0.0010282608,0.0010190535,0.0010301584,0.0011056124,0.0010691985,0.0,0.0,0.0010282608,0.0010094772,0.0010651443,0.0010880966,0.0,0.00105766,0.0010441543,0.0010370428,0.0010486267,0.001055163,0.001067522,0.0010692008,0.00105766,0.0010441543,0.0,0.0010576599,0.0010441542,0.0010370442,0.0010691918,0.0,0.0010441543,0.0010282609,0.0010190535,0.0010301578,0.0011055392,0.001069192,0.0,0.0010441543,0.0010282608,0.0010190535,0.0010301579,0.0011055401,0.0,0.00105766,0.0010576601,0.0010522432,0.0010640871,0.0,0.000987243,0.0010692304,0.0,0.0010441543,0.0010282608,0.0010190535,0.0010301578,0.0011055374,0.0010691931,0.0,0.0,0.0010282608,0.0010094772,0.0010651443,0.0010880978,0.0010692638,0.0010576607,0.0,0.0010282617,0.0010094778,0.0010651443,0.001077103,0.0,0.00105766,0.0010441543,0.0010370428,0.0010486267,0.001055163,0.0010675216,0.0,0.00105766,0.0,0.0010282608,0.0010094772,0.0010651443,0.0010770952,0.0,0.00105766,0.0010441543,0.0010370428,0.0010486267,0.001055163,0.0010675217,0.0010692062,0.0010576599,0.0010441542,0.0010370432,0.0010486267,0.001055163,0.0010675223,0.0,0.0,0.0,0.0010282608,0.0010094772,0.0010651443,0.0010880975,0.0010691886,0.0010576599,0.0,0.0010282608,0.0010094772,0.0010651443,0.0010770964,0.0010691977,0.00105766,0.0010441542,0.0010651443,0.0,0.0010282608,0.0010094773,0.0,0.0010576599,0.0010441542,0.0010370428,0.0010486267,0.001055163,0.0010675229,0.0,0.0010576599,0.0010441542,0.0010370428,0.0010486267,0.001055163,0.0010675221,0.0,0.0010576604,0.0010441543,0.0010370428,0.0010486267,0.001055163,0.0010675244,0.0010691995,0.0010576599,0.0010441542,0.0010370428,0.0010486267,0.001055163,0.0010675224,0.0,0.0,0.0010441542,0.0010282608,0.0010190535,0.0010301578,0.001105538,0.0,0.0010576599,0.0010441542,0.0010370428,0.0010486267,0.001055163,0.0010675216,0.0010693804,0.0010576607,0.0010441542,0.0010370428,0.0010486267,0.001055163,0.0010675244
k__Bacteria|p__Bacteroidetes|c__Bacteroidia|o__Bacteroidales|f__Prevotellaceae|g__Prevotella|s__Prevotella_jejuni,0.0,0.0010606212,0.0010470088,0.0010396774,0.0010507775,0.0010568559,0.0010688524,0.0,0.0010606215,0.0010470088,0.0010396774,0.0010507775,0.0010568559,0.0010688524,0.0,0.0,0.001047028,0.0010310112,0.0010215638,0.0010321838,0.0011076448,0.001072288,0.0,0.0010470088,0.001030998,0.001021563,0.0010321838,0.001107643,0.0,0.0,0.0010470088,0.001030998,0.001021563,0.0010321838,0.001107643,0.0010722483,0.0010606215,0.0010470088,0.0010396774,0.0010507775,0.0010568559,0.001068852,0.0,0.0010606222,0.0010470088,0.0010396774,0.0010507775,0.0010568559,0.001068854,0.0010722484,0.0010606215,0.0010470088,0.0010396774,0.0010507775,0.0010568559,0.0010688523,0.0,0.0010606218,0.00104701,0.0010396775,0.0010507775,0.0010568559,0.0010688532,0.0,0.0010606215,0.0010470088,0.0010396774,0.0010507775,0.0010568559,0.0010688521,0.0,0.0010606215,0.0,0.001030998,0.0010120857,0.0010679973,0.0010794697,0.0,0.0010606215,0.0010470088,0.0010396774,0.0010507775,0.0010568559,0.0010688534,0.0,0.0,0.0,0.001030998,0.0010120857,0.0010679973,0.0010905674,0.0010722595,0.0010606215,0.0,0.001030998,0.0010120857,0.0010679973,0.0010794805,0.0010723316,0.0,0.0,0.0010309981,0.0010120857,0.0010679973,0.0010905665,0.0010722771,0.0,0.0010470088,0.0,0.0010606215,0.0010470088,0.0010679975,0.0010722518,0.0,0.0,0.001030998,0.0010120857,0.0010679973,0.0010905638,0.0,0.0010606232,0.0,0.001030998,0.0010120857,0.0010679973,0.0010794667,0.0,0.0,0.0010470103,0.0010606225,0.0,0.001030998,0.0010606218,0.0010722757,0.0010606216,0.0,0.001030998,0.0010120857,0.0010679973,0.0010794657,0.0,0.0,0.0010470089,0.001030998,0.001021563,0.0010321838,0.0011076438,0.0,0.0,0.0010470088,0.0,0.0010606215,0.0010470088,0.0010679975,0.0,0.0010606273,0.0,0.0010606216,0.0,0.0010606215,0.0010470088,0.0,0.0,0.0010470276,0.0010310013,0.001021563,0.0010321838,0.0011076444,0.0,0.0010606686,0.0010606269,0.0010549924,0.0010663525,0.0,0.0009896897,0.0,0.0010606247,0.0010470103,0.0,0.0010606219,0.0010470088,0.0010396825,0.0010722558,0.0010606215,0.0010470088,0.0,0.0010606215,0.0010470088,0.0010396795,0.0,0.0010606215,0.0010470088,0.0010396774,0.0010507775,0.0010568559,0.0010688524,0.0010722482,0.0010606215,0.0010470088,0.0010396774,0.0010507775,0.0010568559,0.0010688525,0.0010722803,0.0,0.0,0.001030998,0.0010120857,0.0010679973,0.0010905636,0.0010722532,0.0,0.0010470088,0.001030998,0.001021563,0.0010321838,0.0011076437,0.0,0.0010606216,0.0,0.001030998,0.0010120857,0.0010679973,0.0010794654,0.0010722702,0.0,0.0010470088,0.001030998,0.001021563,0.0010321838,0.0011076605,0.0,0.0010606215,0.0010470088,0.0010396774,0.0010507775,0.0010568559,0.0010688554,0.0010722486,0.0010606215,0.0010470088,0.0010396774,0.0010507775,0.0010568559,0.001068852,0.0,0.0010606219,0.0010470088,0.0010396774,0.0010507775,0.0010568559,0.0010688524,0.0,0.0,0.0010470088,0.001030998,0.001021563,0.0010321838,0.0011076434,0.0010722508,0.0010606215,0.0,0.0,0.0010606216,0.0010606215,0.0010549928,0.0010722926,0.0,0.0010470091,0.0,0.0010606216,0.0010470088,0.0010680052,0.0010723822,0.0,0.0010606216,0.0010470088,0.0010396774,0.0,0.0010606229,0.0,0.0010606213,0.0014938326,0.001030998,0.0010120857,0.0010679972,0.0010794793,0.0010722551,0.0,0.0010470088,0.001030998,0.001021563,0.0010321846,0.0011077692,0.0010722694,0.0,0.0,0.001030998,0.0010120857,0.0010679973,0.0010905637,0.0,0.0010606216,0.0010470088,0.0010396774,0.0010507775,0.0010568559,0.0010688524,0.0010722555,0.0010606215,0.0010470088,0.0,0.0010606213,0.0010470088,0.0010396789,0.0010722509,0.0,0.0010470088,0.0010309982,0.001021563,0.0010321838,0.0011076479,0.0010722532,0.0,0.0010470088,0.0010309978,0.001021563,0.001032184,0.0011076475,0.0,0.0010606215,0.0010606216,0.0010549917,0.001066353,0.0,0.0009897535,0.0010722859,0.0,0.0010470088,0.001030998,0.001021563,0.0010321838,0.001107643,0.0010722547,0.0,0.0,0.001030998,0.0010120857,0.0010679973,0.0010905666,0.0010723184,0.0010606223,0.0,0.0010309992,0.0010120863,0.0010679973,0.0010794805,0.0,0.0010606215,0.0010470088,0.0010396774,0.0010507775,0.0010568559,0.001068852,0.0,0.0010606232,0.0,0.001030998,0.0010120857,0.0010679973,0.0010794654,0.0,0.0010606216,0.0010470089,0.0010396774,0.0010507775,0.0010568559,0.0010688524,0.0010722678,0.0010606217,0.0010470088,0.0010396778,0.0010507775,0.0010568559,0.0010688531,0.0,0.0,0.0,0.001030998,0.0010120857,0.0010679973,0.0010905646,0.0010722479,0.0010606215,0.0,0.001030998,0.0010120857,0.0010679973,0.0010794674,0.001072264,0.0010606215,0.0010470088,0.0010679973,0.0,0.001030998,0.0010120862,0.0,0.0010606215,0.0010470088,0.0010396774,0.0010507775,0.0010568559,0.0010688544,0.0,0.0010606215,0.0010470088,0.0010396774,0.0010507775,0.0010568559,0.0010688528,0.0,0.0010606222,0.0010470088,0.0010396774,0.0010507775,0.0010568559,0.0010688568,0.0010722578,0.0010606215,0.0010470088,0.0010396774,0.0010507775,0.0010568559,0.0010688532,0.0,0.0,0.0010470088,0.001030998,0.001021563,0.0010321838,0.001107644,0.0,0.0010606215,0.0010470088,0.0010396774,0.0010507775,0.0010568559,0.0010688521,0.0010725163,0.0010606238,0.0010470088,0.0010396774,0.0010507775,0.0010568559,0.0010688581
k__Bacteria|p__Bacteroidetes|c__Bacteroidia|o__Bacteroidales|f__Prevotellaceae|g__Prevotella|s__Prevotella_timonensis,0.0,0.001059236,0.0010455846,0.0010382261,0.0010493243,0.0010553927,0.0010674021,0.0,0.0010592361,0.0010455846,0.0010382261,0.0010493243,0.0010553927,0.0010674017,0.0,0.0,0.0010456021,0.0010295456,0.0010200731,0.0010306851,0.0011063815,0.0010709334,0.0,0.0010455846,0.0010295354,0.001020072,0.0010306851,0.0011063803,0.0,0.0,0.0010455846,0.0010295354,0.001020072,0.0010306851,0.0011063804,0.0010709012,0.0010592361,0.0010455846,0.0010382261,0.0010493243,0.0010553927,0.0010674018,0.0,0.0010592369,0.0010455847,0.0010382261,0.0010493243,0.0010553927,0.0010674024,0.001070901,0.0010592361,0.0010455846,0.0010382261,0.0010493243,0.0010553927,0.0010674021,0.0,0.0010592362,0.0010455855,0.0010382262,0.0010493243,0.0010553927,0.0010674027,0.0,0.0010592361,0.0010455846,0.0010382261,0.0010493243,0.0010553927,0.001067402,0.0,0.0010592361,0.0,0.0010295354,0.0010105859,0.0010666264,0.0010781065,0.0,0.0010592361,0.0010455846,0.0010382261,0.0010493243,0.0010553927,0.0010674025,0.0,0.0,0.0,0.0010295354,0.0010105859,0.0010666264,0.0010892503,0.0010709113,0.0010592361,0.0,0.0010295354,0.0010105859,0.0010666264,0.001078117,0.0010709986,0.0,0.0,0.0010295354,0.0010105859,0.0010666264,0.0010892493,0.0010709292,0.0,0.0010455846,0.0,0.0010592361,0.0010455846,0.0010666264,0.0010709052,0.0,0.0,0.0010295354,0.0010105859,0.0010666264,0.0010892474,0.0,0.0010592381,0.0,0.0010295354,0.0010105859,0.0010666264,0.0010781047,0.0,0.0,0.0010455854,0.001059238,0.0,0.0010295354,0.0010592361,0.0010709289,0.0010592362,0.0,0.0010295353,0.0010105859,0.0010666264,0.0010781041,0.0,0.0,0.0010455847,0.0010295354,0.001020072,0.0010306851,0.0011063811,0.0,0.0,0.0010455846,0.0,0.0010592361,0.0010455846,0.0010666264,0.0,0.0010592393,0.0,0.0010592362,0.0,0.0010592361,0.001045585,0.0,0.0,0.0010456048,0.0010295386,0.0010200721,0.0010306851,0.0011063811,0.0,0.0010592899,0.0010592416,0.0010535812,0.0010649455,0.0,0.0009881483,0.0,0.001059239,0.0010455855,0.0,0.0010592362,0.0010455848,0.0010382294,0.0010709057,0.0010592361,0.0010455846,0.0,0.0010592361,0.0010455846,0.0010382275,0.0,0.0010592362,0.0010455847,0.0010382261,0.0010493243,0.0010553927,0.0010674018,0.0010709006,0.0010592361,0.0010455846,0.0010382261,0.0010493243,0.0010553927,0.001067402,0.0010709369,0.0,0.0,0.0010295354,0.0010105859,0.0010666264,0.0010892472,0.001070911,0.0,0.0010455846,0.0010295354,0.001020072,0.0010306851,0.001106381,0.0,0.0010592362,0.0,0.0010295354,0.0010105859,0.0010666264,0.0010781041,0.0010709197,0.0,0.0010455846,0.0010295354,0.001020072,0.0010306851,0.0011063926,0.0,0.0010592361,0.0010455846,0.0010382261,0.0010493243,0.0010553927,0.0010674042,0.0010709015,0.0010592361,0.0010455846,0.0010382261,0.0010493243,0.0010553927,0.0010674018,0.0,0.0010592367,0.0010455848,0.0010382261,0.0010493243,0.0010553927,0.0010674021,0.0,0.0,0.0010455846,0.0010295354,0.001020072,0.0010306851,0.0011063807,0.0010709027,0.0010592361,0.0,0.0,0.0010592362,0.0010592361,0.0010535811,0.0010709347,0.0,0.0010455848,0.0,0.0010592362,0.0010455846,0.0010666297,0.0010710405,0.0,0.0010592362,0.0010455848,0.0010382261,0.0,0.0010592369,0.0,0.001059236,0.0,0.0010295354,0.0010105859,0.0010666264,0.001078113,0.0010709069,0.0,0.0010455846,0.0010295354,0.0010200721,0.0010306861,0.0011064779,0.0010709151,0.0,0.0,0.0010295354,0.0010105859,0.0010666264,0.0010892472,0.0,0.0010592362,0.0010455847,0.0010382261,0.0010493243,0.0010553927,0.0010674017,0.0010708902,0.0010592361,0.0010455848,0.0,0.001059236,0.0010455846,0.0010382275,0.001070905,0.0,0.0010455848,0.0010295354,0.001020072,0.0010306851,0.0011063835,0.0010709048,0.0,0.0010455847,0.0010295353,0.0010200721,0.0010306854,0.0011063839,0.0,0.0010592361,0.0010592362,0.0010535809,0.0010649455,0.0,0.0009881939,0.0010709468,0.0,0.0010455848,0.0010295354,0.001020072,0.0010306851,0.0011063804,0.0010709063,0.0,0.0,0.0010295354,0.0010105859,0.0010666264,0.0010892494,0.0010709839,0.0010592374,0.0,0.0010295367,0.0010105864,0.0010666265,0.0010781146,0.0,0.0010592361,0.0010455848,0.0010382261,0.0010493243,0.0010553927,0.0010674018,0.0,0.0010592369,0.0,0.0010295354,0.0010105859,0.0010666264,0.0010781044,0.0,0.0010592361,0.001045585,0.0010382261,0.0010493243,0.0010553927,0.0010674018,0.0010709208,0.0010592361,0.0010455849,0.0010382261,0.0010493243,0.0010553927,0.0010674023,0.0,0.0,0.0,0.0010295354,0.0010105859,0.0010666264,0.0010892478,0.0010709005,0.0010592361,0.0,0.0010295354,0.0010105859,0.0010666264,0.0010781058,0.0010709125,0.0010592361,0.0010455846,0.0010666264,0.0016816458,0.0010295354,0.001010586,0.0,0.0010592361,0.0010455846,0.0010382261,0.0010493243,0.0010553927,0.001067403,0.0,0.0010592361,0.0010455846,0.0010382261,0.0010493243,0.0010553927,0.0010674022,0.0,0.0010592372,0.0010455848,0.0010382261,0.0010493243,0.0010553927,0.001067405,0.0010709147,0.0010592361,0.0010455846,0.0010382261,0.0010493243,0.0010553927,0.0010674027,0.0,0.0,0.0010455846,0.0010295354,0.001020072,0.0010306851,0.0011063811,0.0,0.0010592361,0.0010455846,0.0010382261,0.0010493243,0.0010553927,0.001067402,0.0010710498,0.0010592376,0.0010455846,0.0010382261,0.0010493243,0.0010553927,0.0010674058
k__Bacteria|p__Bacteroidetes|c__Bacteroidia|o__Bacteroidales|f__Rikenellaceae|g__Alistipes|s__Alistipes_onderdonkii,0.0,0.0010593068,0.0010455889,0.001038131,0.0010490535,0.0010549491,0.0010668369,0.0,0.0010593068,0.0010455889,0.001038131,0.0010490535,0.0010549491,0.0010668368,0.0,0.0,0.0010455959,0.0010294726,0.0010199039,0.0010303365,0.0011062309,0.001071089,0.0,0.0010455889,0.0010294694,0.0010199035,0.0010303365,0.0011062304,0.0,0.0,0.0010455889,0.0010294694,0.0010199035,0.0010303365,0.0011062305,0.0010710346,0.0010593068,0.0010455889,0.001038131,0.0010490535,0.0010549491,0.0010668368,0.0,0.0010593076,0.001045589,0.001038131,0.0010490535,0.0010549491,0.0010668375,0.0010710346,0.0010593068,0.0010455889,0.001038131,0.0010490535,0.0010549491,0.0010668368,0.0,0.0010593069,0.0010455895,0.0010381311,0.0010490535,0.0010549491,0.0010668376,0.0,0.0010593068,0.0010455889,0.001038131,0.0010490535,0.0010549491,0.0010668369,0.0,0.0010593068,0.0,0.0010294694,0.0010104467,0.0010666684,0.00107798,0.0,0.0010593068,0.0010455889,0.001038131,0.0010490535,0.0010549491,0.001066837,0.0,0.0,0.0,0.0010294694,0.0010104467,0.0010666684,0.00108919,0.0010710511,0.0010593068,0.0,0.0010294694,0.0010104467,0.0010666684,0.0010779849,0.0010711534,0.0,0.0,0.0010294694,0.0010104467,0.0010666684,0.0010891897,0.0010710752,0.0,0.0010455889,0.0,0.0010593068,0.0010455889,0.0010666684,0.001071039,0.0,0.0,0.0010294694,0.0010104467,0.0010666684,0.0010891887,0.0,0.0010593075,0.0,0.0010294694,0.0010104467,0.0010666684,0.001077979,0.0,0.0,0.0010455893,0.0010593083,0.0,0.0010294694,0.0010593069,0.001071061,0.0010593069,0.0,0.0010294693,0.0010104467,0.0010666684,0.0010779788,0.0,0.0,0.001045589,0.0010294694,0.0010199035,0.0010303365,0.0011062307,0.0,0.0,0.0010455889,0.0,0.0010593068,0.0010455889,0.0010666683,0.0,0.001059307,0.0,0.0010593069,0.0,0.0010593068,0.001045589,0.0,0.0,0.0010455978,0.0010294702,0.0010199036,0.0010303365,0.0011062305,0.0,0.0010593205,0.0010593083,0.0010535561,0.001064749,0.0,0.0009879263,0.0,0.0010593081,0.0010455893,0.0,0.001059307,0.001045589,0.0010381329,0.0010710434,0.0010593068,0.0010455889,0.0,0.0010593068,0.0010455889,0.0010381319,0.0,0.001059307,0.001045589,0.001038131,0.0010490535,0.0010549491,0.0010668366,0.0010710347,0.0010593068,0.0010455889,0.001038131,0.0010490535,0.0010549491,0.0010668369,0.0010710807,0.0,0.0,0.0010294694,0.0010104467,0.0010666684,0.0010891886,0.0010710435,0.0,0.0010455889,0.0010294694,0.0010199035,0.0010303365,0.0011062305,0.0,0.0010593069,0.0,0.0010294694,0.0010104467,0.0010666684,0.0010779786,0.0010710566,0.0,0.0010455889,0.0010294694,0.0010199035,0.0010303365,0.0011062359,0.0,0.0010593068,0.0010455889,0.001038131,0.0010490535,0.0010549491,0.001066838,0.0010710363,0.0010593068,0.0010455889,0.001038131,0.0010490535,0.0010549491,0.0010668368,0.0,0.0010593071,0.001045589,0.001038131,0.0010490535,0.0010549491,0.0010668369,0.0,0.0,0.0010455889,0.0010294694,0.0010199035,0.0010303365,0.0011062305,0.0010710384,0.0010593068,0.0,0.0,0.0010593069,0.0010593068,0.0010535562,0.0010710896,0.0,0.0010455888,0.0,0.0010593069,0.0010455889,0.0010666711,0.0010712129,0.0,0.0010593069,0.001045589,0.001038131,0.0,0.0010593074,0.0,0.0010593067,0.0,0.0010294694,0.0010104467,0.0010666683,0.0010779825,0.0010710433,0.0,0.0010455889,0.0010294694,0.0010199036,0.0010303371,0.0011062736,0.0010710533,0.0,0.0,0.0010294694,0.0010104467,0.0010666684,0.0010891886,0.0,0.0010593069,0.001045589,0.001038131,0.0010490535,0.0010549491,0.0010668368,0.0010710896,0.0010593068,0.001045589,0.0,0.0010593068,0.0010455889,0.0010381322,0.0010710391,0.0,0.001045589,0.0010294698,0.0010199035,0.0010303365,0.0011062315,0.0010710396,0.0,0.001045589,0.0010294694,0.0010199036,0.0010303367,0.0011062317,0.0,0.0010593068,0.001059307,0.001053556,0.001064749,0.0,0.0009879536,0.0010710912,0.0,0.001045589,0.0010294694,0.0010199035,0.0010303365,0.0011062305,0.0010710416,0.0010518411,0.0,0.0010294694,0.0010104467,0.0010666684,0.0010891898,0.001071151,0.0010593076,0.0,0.0010294704,0.0010104467,0.0010666684,0.0010779847,0.0,0.0010593069,0.001045589,0.001038131,0.0010490535,0.0010549491,0.0010668368,0.0,0.001059307,0.0,0.0010294694,0.0010104467,0.0010666684,0.0010779786,0.0,0.0010593069,0.001045589,0.001038131,0.0010490535,0.0010549491,0.0010668368,0.0010710547,0.0010593068,0.001045589,0.0010381312,0.0010490535,0.0010549491,0.001066837,0.0,0.0,0.0,0.0010294694,0.0010104467,0.0010666684,0.0010891887,0.0010710342,0.0010593068,0.0,0.0010294694,0.0010104467,0.0010666684,0.0010779796,0.0010710488,0.0010593069,0.0010455889,0.0010666684,0.0,0.0010294694,0.0010104467,0.0,0.0010593068,0.0010455889,0.001038131,0.0010490535,0.0010549491,0.0010668375,0.0,0.0010593068,0.0010455889,0.001038131,0.0010490535,0.0010549491,0.0010668369,0.0,0.0010593073,0.001045589,0.001038131,0.0010490535,0.0010549491,0.001066838,0.0010710489,0.0010593068,0.0010455889,0.001038131,0.0010490535,0.0010549491,0.0010668373,0.0,0.0,0.0010455889,0.0010294694,0.0010199035,0.0010303365,0.0011062308,0.0,0.0010593068,0.0010455889,0.001038131,0.0010490535,0.0010549491,0.0010668369,0.0010712743,0.0010593074,0.001045589,0.0010381311,0.0010490535,0.0010549491,0.0010668386
k__Bacteria|p__Bacteroidetes|c__Bacteroidia|o__Bacteroidales|f__Bacteroidaceae|g__Bacteroides|s__Bacteroides_stercoris,0.0,0.0010627673,0.0010490061,0.0010414107,0.0010519775,0.0010575443,0.0010691528,0.0,0.0010627676,0.0010490061,0.0010414107,0.0010519775,0.0010575443,0.001069153,0.0,0.0,0.0010490083,0.0010328356,0.0010231271,0.0010332103,0.0011089453,0.0010745334,0.0,0.0010490061,0.0010328353,0.001023127,0.0010332103,0.0011089452,0.0,0.0,0.0010490061,0.0010328353,0.001023127,0.0010332103,0.0011089455,0.0010745318,0.0010627675,0.0010490061,0.0010414107,0.0010519775,0.0010575443,0.0010691528,0.0,0.001062768,0.001049006,0.0010414107,0.0010519775,0.0010575443,0.001069154,0.0010745319,0.0010627675,0.0010490061,0.0010414107,0.0010519775,0.0010575443,0.0010691528,0.0,0.0010627677,0.0010490068,0.0010414108,0.0010519775,0.0010575443,0.0010691527,0.0,0.0010627676,0.0010490061,0.0010414107,0.0010519775,0.0010575443,0.001069153,0.0,0.0010627676,0.0,0.0010328353,0.001013752,0.0010700356,0.0010809811,0.0,0.0010627675,0.0010490061,0.0010414107,0.0010519775,0.0010575443,0.0010691532,0.0,0.0,0.0,0.0010328353,0.001013752,0.0010700356,0.0010922202,0.0010745337,0.0010627676,0.0,0.0010328353,0.001013752,0.0010700356,0.0010809838,0.0010745559,0.0,0.0,0.0010328353,0.001013752,0.0010700356,0.0010922207,0.0010745379,0.0,0.0010490061,0.0,0.0010627675,0.0010490061,0.0010700354,0.0010745325,0.0,0.0,0.0010328353,0.001013752,0.0010700356,0.0010922198,0.0,0.0010627677,0.0,0.0010328353,0.001013752,0.0010700356,0.0010809804,0.0,0.0,0.0010490065,0.001062768,0.0,0.0010328353,0.0010627678,0.0010745288,0.0010627677,0.0,0.0010328352,0.001013752,0.0010700356,0.0010809802,0.0,0.0,0.001049006,0.0010328353,0.001023127,0.0010332103,0.0011089456,0.0,0.0,0.0010490061,0.0,0.0010627675,0.0010490061,0.0010700355,0.0,0.0010627666,0.0,0.0010627676,0.0,0.0010627675,0.0010490062,0.0,0.0,0.0010490054,0.0010328352,0.0010231271,0.0010332103,0.0011089449,0.0,0.001062779,0.0010627676,0.0010568828,0.0010677151,0.0,0.0009911566,0.0,0.0010627684,0.0010490064,0.0,0.0010627677,0.0010490062,0.0010414128,0.0010745305,0.0010627675,0.0010490061,0.0,0.0010627675,0.0010490061,0.0010414117,0.0,0.0010627676,0.0010490062,0.0010414107,0.0010519775,0.0010575443,0.0010691528,0.0010745316,0.0010627675,0.0010490061,0.0010414107,0.0010519775,0.0010575443,0.001069153,0.00107454,0.0,0.0,0.0010328353,0.001013752,0.0010700356,0.0010922202,0.0010745329,0.0,0.0010490061,0.0010328353,0.001023127,0.0010332103,0.0011089455,0.0,0.0010627676,0.0,0.0010328353,0.001013752,0.0010700356,0.0010809801,0.0010745352,0.0,0.0010490061,0.0010328353,0.001023127,0.0010332103,0.0011089516,0.0,0.0010627675,0.0010490061,0.0010414107,0.0010519775,0.0010575443,0.001069154,0.0010745313,0.0010627675,0.0010490061,0.0010414107,0.0010519775,0.0010575443,0.0010691528,0.0,0.0010627676,0.0010490059,0.0010414107,0.0010519775,0.0010575443,0.0010691528,0.0,0.0,0.0010490059,0.0010328353,0.001023127,0.0010332103,0.0011089452,0.0010745312,0.0010627675,0.0,0.0,0.0010627676,0.0010627676,0.0010568831,0.0010745322,0.0,0.001049006,0.0,0.0010627676,0.0010490061,0.0010700398,0.0010745719,0.0,0.0010627676,0.0010490059,0.0010414107,0.0,0.0010627678,0.0,0.0010627673,0.0,0.0010328353,0.001013752,0.0010700353,0.0010809862,0.0010745322,0.0,0.0010490061,0.0010328353,0.0010231271,0.0010332108,0.0011089816,0.00107453,0.0,0.0,0.0010328353,0.001013752,0.0010700356,0.00109222,0.0,0.0010627676,0.0010490062,0.0010414107,0.0010519775,0.0010575443,0.001069153,0.0010745113,0.0010627676,0.0010490059,0.0,0.0010627675,0.0010490061,0.0010414114,0.0010745324,0.0,0.0010490062,0.0010328357,0.001023127,0.0010332103,0.0011089463,0.0010745317,0.0,0.0010490062,0.0010328353,0.0010231271,0.0010332104,0.0011089467,0.0,0.0010627676,0.0010627676,0.0010568829,0.001067715,0.0,0.000991178,0.0010745388,0.0,0.0010490059,0.0010328353,0.001023127,0.0010332103,0.0011089455,0.0010745313,0.0,0.0,0.0010328353,0.001013752,0.0010700356,0.00109222,0.0010745464,0.001062768,0.0,0.0010328362,0.0010137521,0.0010700355,0.0010809851,0.0,0.0010627675,0.0010490059,0.0010414107,0.0010519775,0.0010575443,0.0010691528,0.0,0.0010627676,0.0,0.0010328353,0.001013752,0.0010700356,0.0010809801,0.0,0.0010627675,0.0010490064,0.0010414107,0.0010519775,0.0010575443,0.0010691528,0.0010745379,0.0010627675,0.0010490062,0.001041411,0.0010519775,0.0010575443,0.0010691532,0.0,0.0,0.0,0.0010328353,0.001013752,0.0010700356,0.0010922203,0.0010745317,0.0010627675,0.0,0.0010328353,0.001013752,0.0010700356,0.0010809806,0.0010745319,0.0010627675,0.0010490061,0.0010700356,0.0,0.0010328353,0.0010137521,0.0,0.0010627675,0.0010490061,0.0010414107,0.0010519775,0.0010575443,0.0010691533,0.0,0.0010627675,0.0010490061,0.0010414107,0.0010519775,0.0010575443,0.001069153,0.0,0.0010627677,0.0010490059,0.0010414107,0.0010519775,0.0010575443,0.0010691537,0.0010745347,0.0010627675,0.0010490061,0.0010414107,0.0010519775,0.0010575443,0.0010691532,0.0,0.0,0.0010490061,0.0010328353,0.001023127,0.0010332103,0.0011089456,0.0,0.0010627675,0.0010490061,0.0010414107,0.0010519775,0.0010575443,0.001069153,0.0010745504,0.0010627678,0.001049006,0.0010414108,0.0010519775,0.0010575443,0.0010691538
k__Bacteria|p__Bacteroidetes|c__Bacteroidia|o__Bacteroidales|f__Prevotellaceae|g__Prevotella|s__Prevotella_bivia,0.0,0.0010598382,0.0010462983,0.0010390907,0.0010504329,0.0010567446,0.001068915,0.0,0.0010598383,0.0010462983,0.0010390907,0.0010504329,0.0010567446,0.0010689151,0.0,0.0,0.0010462981,0.0010303643,0.0010210583,0.0010319239,0.0011072258,0.0010714201,0.0,0.0010462983,0.0010303654,0.0010210582,0.0010319239,0.0011072252,0.0,0.0,0.0010462983,0.0010303654,0.0010210582,0.0010319239,0.0011072253,0.0010713971,0.0010598383,0.0010462983,0.0010390907,0.0010504329,0.0010567446,0.001068915,0.0,0.0010598382,0.0010462983,0.0010390907,0.0010504329,0.0010567446,0.0010689157,0.0010713973,0.0010598383,0.0010462983,0.0010390907,0.0010504329,0.0010567446,0.001068915,0.0,0.0010598385,0.0010462987,0.0010390908,0.0010504329,0.0010567446,0.0010689156,0.0,0.0010598383,0.0010462983,0.0010390907,0.0010504329,0.0010567446,0.0010689151,0.0,0.0010598383,0.0,0.0010303654,0.0010115361,0.0010672611,0.0010789661,0.0,0.0010598383,0.0010462983,0.0010390906,0.0010504329,0.0010567446,0.0010689156,0.0,0.0,0.0,0.0010303654,0.0010115361,0.0010672611,0.0010899941,0.0010714051,0.0010598383,0.0,0.0010303654,0.0010115361,0.0010672611,0.0010789697,0.0010714532,0.0,0.0,0.0010303655,0.0010115361,0.0010672611,0.0010899939,0.001071415,0.0,0.0010462983,0.0,0.0010598383,0.0010462983,0.0010672612,0.0010713988,0.0,0.0,0.0010303654,0.0010115361,0.0010672611,0.0010899929,0.0,0.0010598383,0.0,0.0010303654,0.0010115361,0.0010672611,0.0010789654,0.0,0.0,0.0010462981,0.0010598385,0.0,0.0010303654,0.0010598383,0.0010714042,0.0010598382,0.0,0.0010303652,0.0010115361,0.0010672611,0.0010789654,0.0,0.0,0.0010462984,0.0010303654,0.0010210582,0.0010319239,0.0011072253,0.0,0.0,0.0010462983,0.0,0.0010598383,0.0010462983,0.0010672611,0.0,0.0010598367,0.0,0.0010598385,0.0,0.0010598383,0.0010462984,0.0,0.0,0.0010462955,0.0010303649,0.0010210582,0.0010319239,0.0011072253,0.0,0.0010598361,0.0010598375,0.0010543272,0.0010659276,0.0,0.0009892128,0.0,0.0010598382,0.0010462981,0.0,0.0010598383,0.0010462984,0.0010390916,0.0010713998,0.0010598383,0.0010462983,0.0,0.0010598383,0.0010462983,0.0010390911,0.0,0.0010598385,0.0010462984,0.0010390906,0.0010504329,0.0010567446,0.0010689151,0.0010713974,0.0010598383,0.0010462983,0.0010390907,0.0010504329,0.0010567446,0.0010689151,0.0010714167,0.0,0.0,0.0010303654,0.0010115361,0.0010672611,0.001089993,0.0010714,0.0,0.0010462983,0.0010303654,0.0010210582,0.0010319239,0.0011072253,0.0,0.0010598385,0.0,0.0010303654,0.0010115361,0.0010672611,0.0010789653,0.0010714077,0.0,0.0010462983,0.0010303654,0.0010210582,0.0010319239,0.0011072297,0.0,0.0010598383,0.0010462983,0.0010390907,0.0010504329,0.0010567446,0.0010689164,0.0010713979,0.0010598383,0.0010462983,0.0010390907,0.0010504329,0.0010567446,0.001068915,0.0,0.0010598385,0.0010462984,0.0010390906,0.0010504329,0.0010567446,0.001068915,0.0,0.0,0.0010462983,0.0010303654,0.0010210582,0.0010319239,0.0011072257,0.0010713992,0.0010598383,0.0,0.0,0.0010598385,0.0010598383,0.0010543279,0.001071423,0.0,0.0010462982,0.0,0.0010598385,0.0010462983,0.0010672628,0.0010714855,0.0,0.0010598385,0.0010462984,0.0010390906,0.0,0.0010598388,0.0,0.0010598382,0.0014161859,0.0010303654,0.0010115361,0.0010672612,0.0010789693,0.0010714001,0.0,0.0010462983,0.0010303654,0.0010210582,0.0010319242,0.0011072579,0.0010714021,0.0,0.0,0.0010303654,0.0010115361,0.0010672611,0.0010899929,0.0,0.0010598385,0.0010462984,0.0010390907,0.0010504329,0.0010567446,0.0010689151,0.0010714314,0.0010598383,0.0010462984,0.0,0.0010598382,0.0010462983,0.0010390911,0.0010713992,0.0,0.0010462984,0.0010303655,0.0010210582,0.0010319239,0.0011072266,0.001071399,0.0,0.0010462984,0.0010303654,0.0010210582,0.0010319239,0.0011072265,0.0,0.0010598383,0.0010598386,0.0010543277,0.0010659276,0.0,0.0009892378,0.001071423,0.0,0.0010462984,0.0010303654,0.0010210582,0.0010319239,0.0011072253,0.0010714007,0.0,0.0,0.0010303654,0.0010115361,0.0010672611,0.001089994,0.0010714489,0.0010598385,0.0,0.0010303656,0.0010115362,0.0010672612,0.0010789698,0.0,0.0010598383,0.0010462984,0.0010390906,0.0010504329,0.0010567446,0.001068915,0.0,0.0010598379,0.0,0.0010303654,0.0010115361,0.0010672611,0.0010789653,0.0,0.0010598385,0.0010462984,0.0010390906,0.0010504329,0.0010567446,0.0010689151,0.0010714065,0.0010598383,0.0010462983,0.0010390904,0.0010504329,0.0010567446,0.0010689152,0.0,0.0,0.0,0.0010303654,0.0010115361,0.0010672611,0.0010899934,0.0010713969,0.0010598383,0.0,0.0010303654,0.0010115361,0.0010672611,0.0010789658,0.0010714028,0.0010598383,0.0010462983,0.0010672611,0.0,0.0010303654,0.0010115363,0.0,0.0010598383,0.0010462983,0.0010390906,0.0010504329,0.0010567446,0.0010689158,0.0,0.0010598383,0.0010462983,0.0010390906,0.0010504329,0.0010567446,0.0010689151,0.0,0.0010598383,0.0010462984,0.0010390906,0.0010504329,0.0010567446,0.0010689168,0.001071402,0.0010598383,0.0010462983,0.0010390906,0.0010504329,0.0010567446,0.0010689156,0.0,0.0,0.0010462983,0.0010303654,0.0010210582,0.0010319239,0.0011072258,0.0,0.0010598383,0.0010462983,0.0010390907,0.0010504329,0.0010567446,0.0010689151,0.0010715221,0.0010598381,0.0010462982,0.0010390903,0.0010504329,0.0010567446,0.0010689172
k__Bacteria|p__Bacteroidetes|c__CFGB4405|o__OFGB4405|f__FGB4405|g__GGB1266|s__GGB1266_SGB1699,0.0,0.0010609486,0.0010473478,0.0010400267,0.001051134,0.0010572207,0.0010692186,0.0,0.0010609488,0.0010473478,0.0010400267,0.001051134,0.0010572207,0.0010692187,0.0,0.0,0.0010473588,0.0010313554,0.001021925,0.0010325537,0.0011079496,0.0010725831,0.0,0.0010473478,0.0010313487,0.0010219245,0.0010325537,0.0011079492,0.0,0.0,0.0010473478,0.0010313487,0.0010219245,0.0010325537,0.0011079492,0.0010725642,0.0010609487,0.0010473478,0.0010400267,0.001051134,0.0010572207,0.0010692185,0.0,0.0010609495,0.0010473479,0.0010400267,0.001051134,0.0010572207,0.0010692196,0.0010725639,0.0010609487,0.0010473478,0.0010400267,0.001051134,0.0010572207,0.0010692186,0.0,0.001060949,0.0010473484,0.0010400268,0.001051134,0.0010572207,0.001069219,0.0,0.0010609488,0.0010473478,0.0010400267,0.001051134,0.0010572207,0.0010692186,0.0,0.0010609488,0.0,0.0010313487,0.0010124482,0.0010683222,0.0010797961,0.0,0.0010609487,0.0010473478,0.0010400267,0.001051134,0.0010572207,0.0010692192,0.0,0.0,0.0,0.0010313487,0.0010124482,0.0010683222,0.0010908814,0.0010725703,0.0010609488,0.0,0.0010313487,0.0010124482,0.0010683222,0.0010798012,0.0010726172,0.0,0.0,0.0010313488,0.0010124486,0.0010683222,0.0010908808,0.0010725806,0.0,0.0010473478,0.0,0.0010609487,0.0010473478,0.0010683222,0.0010725664,0.0,0.0,0.0010313487,0.0010124482,0.0010683222,0.0010908797,0.0,0.00106095,0.0,0.0010313487,0.0010124482,0.0010683222,0.0010797948,0.0,0.0,0.0010473488,0.0010609499,0.0,0.0010313487,0.001060949,0.0010725779,0.0010609488,0.0,0.0010313486,0.0010124482,0.0010683222,0.0010797945,0.0,0.0,0.0010473479,0.0010313487,0.0010219245,0.0010325537,0.0011079494,0.0,0.0,0.0010473478,0.0,0.0010609487,0.0010473478,0.0010683221,0.0,0.0010609509,0.0,0.0010609489,0.0,0.0010609487,0.0010473479,0.0,0.0,0.001047358,0.0010313503,0.0010219245,0.0010325537,0.0011079498,0.0,0.0010609782,0.0010609517,0.001055329,0.0010666951,0.0,0.0009900518,0.0,0.0010609509,0.0010473485,0.0,0.0010609489,0.0010473479,0.0010400296,0.001072567,0.0010609487,0.0010473478,0.0,0.0010609487,0.0010473478,0.0010400275,0.0,0.0010609488,0.0010473479,0.0010400267,0.001051134,0.0010572207,0.0010692186,0.0010725638,0.0010609487,0.0010473478,0.0010400267,0.001051134,0.0010572207,0.0010692186,0.0010725867,0.0,0.0,0.0010313487,0.0010124482,0.0010683222,0.0010908792,0.001072568,0.0,0.0010473478,0.0010313487,0.0010219245,0.0010325537,0.0011079494,0.0,0.0010609489,0.0,0.0010313487,0.0010124482,0.0010683222,0.0010797944,0.001072575,0.0,0.0010473478,0.0010313487,0.0010219245,0.0010325537,0.0011079569,0.0,0.0010609487,0.0010473478,0.0010400267,0.001051134,0.0010572207,0.0010692205,0.0010725638,0.0010609487,0.0010473478,0.0010400267,0.001051134,0.0010572207,0.0010692185,0.0,0.0010609492,0.0010473479,0.0010400267,0.001051134,0.0010572207,0.0010692186,0.0,0.0,0.0010473478,0.0010313487,0.0010219245,0.0010325537,0.0011079494,0.0010725649,0.0010609487,0.0,0.0,0.0010609489,0.0010609488,0.0010553295,0.0010725848,0.0,0.001047348,0.0,0.0010609489,0.0010473478,0.0010683268,0.0010726453,0.0,0.0010609489,0.0010473479,0.0010400267,0.0,0.0010609496,0.0,0.0010609487,0.0,0.0010313487,0.0010124482,0.0010683222,0.0010798008,0.0010725677,0.0,0.0010473478,0.0010313487,0.0010219245,0.0010325543,0.0011080046,0.0010725737,0.0,0.0,0.0010313487,0.0010124482,0.0010683222,0.0010908793,0.0,0.0010609489,0.0010473479,0.0010400267,0.001051134,0.0010572207,0.0010692187,0.0010725565,0.0010609487,0.0010473479,0.0,0.0010609487,0.0010473478,0.001040028,0.0010725658,0.0,0.0010473479,0.0010313492,0.0010219245,0.0010325537,0.0011079512,0.0010725661,0.0,0.0010473479,0.0010313487,0.0010219245,0.001032554,0.0011079513,0.0,0.0010609487,0.0010609489,0.0010553288,0.0010666953,0.0,0.0009900867,0.001072591,0.0,0.0010473479,0.0010313487,0.0010219245,0.0010325537,0.0011079492,0.0010725672,0.0,0.0,0.0010313487,0.0010124482,0.0010683222,0.0010908808,0.0010726065,0.0010609495,0.0,0.0010313499,0.0010124488,0.0010683223,0.0010798023,0.0,0.0010609488,0.0010473479,0.0010400267,0.001051134,0.0010572207,0.0010692185,0.0,0.0010609495,0.0,0.0010313487,0.0010124482,0.0010683222,0.0010797944,0.0,0.0010609489,0.0010473479,0.0010400267,0.001051134,0.0010572207,0.0010692187,0.0010725757,0.0010609488,0.0010473478,0.0010400269,0.001051134,0.0010572207,0.001069219,0.0,0.0,0.0,0.0010313487,0.0010124482,0.0010683222,0.0010908798,0.0010725637,0.0010609487,0.0,0.0010313487,0.0010124482,0.0010683222,0.0010797952,0.0010725722,0.0010609488,0.0010473478,0.0010683222,0.0,0.0010313487,0.0010124487,0.0,0.0010609487,0.0010473478,0.0010400267,0.001051134,0.0010572207,0.0010692193,0.0,0.0010609487,0.0010473478,0.0010400267,0.001051134,0.0010572207,0.0010692189,0.0,0.0010609492,0.0010473479,0.0010400267,0.001051134,0.0010572207,0.0010692205,0.0010725701,0.0010609487,0.0010473478,0.0010400267,0.001051134,0.0010572207,0.0010692191,0.0,0.0,0.0010473478,0.0010313487,0.0010219245,0.0010325537,0.0011079495,0.0,0.0010609487,0.0010473478,0.0010400267,0.001051134,0.0010572207,0.0010692186,0.0010726566,0.00106095,0.0010473478,0.0010400267,0.001051134,0.0010572207,0.0010692207
k__Bacteria|p__Bacteroidetes|c__Bacteroidia|o__Bacteroidales|f__Prevotellaceae|g__Prevotella|s__Prevotella_buccalis,0.0,0.0010616335,0.0010479543,0.001040504,0.0010513614,0.0010572075,0.001069027,0.0,0.0010616338,0.0010479543,0.001040504,0.0010513614,0.0010572075,0.0010690269,0.0,0.0,0.0010479643,0.0010318783,0.001022314,0.0010326899,0.0011082691,0.0010733474,0.0,0.0010479543,0.0010318719,0.0010223134,0.0010326899,0.0011082685,0.0,0.0,0.0010479545,0.0010318719,0.0010223134,0.0010326899,0.0011082685,0.001073322,0.0010616337,0.0010479543,0.001040504,0.0010513614,0.0010572075,0.0010690269,0.0,0.0010616345,0.0010479545,0.001040504,0.0010513614,0.0010572075,0.0010690276,0.0010733223,0.0010616337,0.0010479543,0.001040504,0.0010513614,0.0010572075,0.001069027,0.0,0.0010616339,0.0010479549,0.001040504,0.0010513614,0.0010572075,0.0010690276,0.0,0.0010616338,0.0010479543,0.001040504,0.0010513614,0.0010572075,0.001069027,0.0,0.0010616338,0.0,0.0010318719,0.0010128827,0.0010689602,0.001080192,0.0,0.0010616337,0.0010479543,0.001040504,0.0010513614,0.0010572075,0.0010690271,0.0,0.0,0.0,0.0010318719,0.0010128827,0.0010689602,0.0010913528,0.0010733292,0.0010616338,0.0,0.0010318719,0.0010128827,0.0010689602,0.0010801965,0.0010733819,0.0,0.0,0.001031872,0.0010128827,0.0010689601,0.0010913525,0.0010733405,0.0,0.0010479543,0.0,0.0010616337,0.0010479543,0.0010689601,0.0010733241,0.0,0.0,0.0010318719,0.0010128827,0.0010689602,0.0010913514,0.0,0.0010616346,0.0,0.0010318719,0.0010128827,0.0010689602,0.0010801906,0.0,0.0,0.0010479556,0.0010616349,0.0,0.0010318719,0.0010616338,0.0010733382,0.0010616339,0.0,0.0010318719,0.0010128827,0.0010689602,0.0010801903,0.0,0.0,0.0010479543,0.0010318719,0.0010223134,0.0010326899,0.0011082686,0.0,0.0,0.0010479543,0.0,0.0010616337,0.0010479543,0.0010689602,0.0,0.0010616352,0.0,0.0010616338,0.0,0.0010616337,0.0010479547,0.0,0.0,0.0010479657,0.0010318733,0.0010223135,0.0010326899,0.0011082689,0.0,0.0010616528,0.0010616359,0.001055889,0.0010670093,0.0,0.0009903932,0.0,0.0010616351,0.0010479549,0.0,0.0010616339,0.0010479545,0.0010405062,0.0010733262,0.0010616337,0.0010479543,0.0,0.0010616337,0.0010479543,0.0010405048,0.0,0.0010616337,0.0010479547,0.001040504,0.0010513614,0.0010572075,0.001069027,0.0010733221,0.0010616337,0.0010479543,0.001040504,0.0010513614,0.0010572075,0.001069027,0.0010733476,0.0,0.0,0.0010318719,0.0010128827,0.0010689602,0.0010913514,0.0010733262,0.0,0.0010479543,0.0010318719,0.0010223134,0.0010326899,0.0011082684,0.0,0.0010616338,0.0,0.0010318719,0.0010128827,0.0010689602,0.0010801902,0.001073333,0.0,0.0010479543,0.0010318719,0.0010223134,0.0010326899,0.0011082743,0.0,0.0010616337,0.0010479543,0.001040504,0.0010513614,0.0010572075,0.0010690285,0.0010733227,0.0010616337,0.0010479543,0.001040504,0.0010513614,0.0010572075,0.0010690269,0.0,0.001061634,0.0010479545,0.001040504,0.0010513614,0.0010572075,0.001069027,0.0,0.0,0.0010479543,0.0010318719,0.0010223134,0.0010326899,0.0011082686,0.0010733233,0.0010616337,0.0,0.0,0.0010616338,0.0010616338,0.0010558894,0.0010733487,0.0,0.0010479544,0.0,0.0010616338,0.0010479543,0.001068963,0.0010734117,0.0,0.0010616338,0.0010479545,0.001040504,0.0,0.0010616343,0.0,0.0010616336,0.0,0.0010318719,0.0010128827,0.0010689603,0.0010801952,0.0010733267,0.0,0.0010479543,0.0010318719,0.0010223135,0.0010326904,0.0011083117,0.0010733342,0.0,0.0,0.0010318719,0.0010128827,0.0010689602,0.0010913514,0.0,0.0010616338,0.0010479544,0.001040504,0.0010513614,0.0010572075,0.0010690269,0.0010733337,0.0010616337,0.0010479545,0.0,0.0010616336,0.0010479545,0.0010405048,0.0010733238,0.0,0.0010479545,0.0010318722,0.0010223134,0.0010326899,0.00110827,0.0010733244,0.0,0.0010479547,0.0010318718,0.0010223135,0.0010326899,0.0011082703,0.0,0.0010616337,0.0010616338,0.0010558888,0.0010670092,0.0,0.0009904295,0.0010733502,0.0,0.0010479545,0.0010318719,0.0010223134,0.0010326899,0.0011082685,0.0010733249,0.0,0.0,0.0010318719,0.0010128827,0.0010689602,0.0010913527,0.0010733795,0.0010616343,0.0,0.0010318727,0.0010128834,0.0010689602,0.0010801967,0.0,0.0010616337,0.0010479545,0.001040504,0.0010513614,0.0010572075,0.0010690269,0.0,0.0010616342,0.0,0.0010318719,0.0010128827,0.0010689602,0.0010801902,0.0,0.0010616337,0.0010479547,0.001040504,0.0010513614,0.0010572075,0.001069027,0.0010733325,0.0010616337,0.0010479545,0.001040504,0.0010513614,0.0010572075,0.0010690273,0.0,0.0,0.0,0.0010318719,0.0010128827,0.0010689602,0.001091352,0.0010733219,0.0010616337,0.0,0.0010318719,0.0010128827,0.0010689602,0.0010801908,0.0010733304,0.0010616337,0.0010479543,0.0010689602,0.0,0.0010318719,0.0010128834,0.0,0.0010616337,0.0010479543,0.001040504,0.0010513614,0.0010572075,0.0010690277,0.0,0.0010616337,0.0010479543,0.001040504,0.0010513614,0.0010572075,0.0010690271,0.0,0.0010616342,0.0010479545,0.001040504,0.0010513614,0.0010572075,0.0010690285,0.0010733282,0.0010616337,0.0010479543,0.001040504,0.0010513614,0.0010572075,0.0010690275,0.0,0.0,0.0010479543,0.0010318719,0.0010223134,0.0010326899,0.0011082687,0.0,0.0010616337,0.0010479543,0.001040504,0.0010513614,0.0010572075,0.001069027,0.001073453,0.0010616344,0.0010479543,0.0010405038,0.0010513614,0.0010572075,0.0010690293
k__Bacteria|p__Bacteroidetes|c__Bacteroidia|o__Bacteroidales|f__Bacteroidaceae|g__Phocaeicola|s__Phocaeicola_plebeius,0.0,0.0010626926,0.001049052,0.0010416354,0.0010525172,0.001058393,0.0010702182,0.0015727697,0.0010626927,0.001049052,0.0010416354,0.0010525172,0.001058393,0.0010702184,0.0,0.0,0.0010490685,0.0010330201,0.0010234857,0.0010338905,0.0011092613,0.0010743794,0.0,0.001049052,0.0010330082,0.0010234849,0.0010338905,0.0011092612,0.0,0.0,0.001049052,0.0010330082,0.0010234849,0.0010338905,0.0011092608,0.0010743436,0.0010626927,0.001049052,0.0010416354,0.0010525172,0.001058393,0.0010702182,0.0,0.0010626931,0.0010490521,0.0010416354,0.0010525172,0.001058393,0.001070219,0.0010743437,0.0010626927,0.001049052,0.0010416354,0.0010525172,0.001058393,0.0010702183,0.0,0.0010626928,0.0010490525,0.0010416354,0.0010525172,0.001058393,0.0010702191,0.0,0.0010626927,0.001049052,0.0010416354,0.0010525172,0.001058393,0.0010702182,0.0,0.0010626927,0.0,0.0010330082,0.0010140577,0.0010700114,0.001081257,0.0,0.0010626927,0.001049052,0.0010416353,0.0010525172,0.001058393,0.0010702183,0.0,0.0,0.0,0.0010330082,0.0010140577,0.0010700114,0.0010923749,0.0010743522,0.0010626927,0.0,0.0010330082,0.0010140577,0.0010700114,0.0010812592,0.0010744001,0.0,0.0,0.0010330086,0.0010140577,0.0010700114,0.0010923746,0.0010743695,0.0,0.001049052,0.0,0.0010626927,0.001049052,0.0010700115,0.0010743462,0.0,0.0,0.0010330082,0.0010140577,0.0010700114,0.0010923741,0.0,0.0010626937,0.0,0.0010330083,0.0010140577,0.0010700114,0.0010812558,0.0,0.0,0.001049053,0.0010626933,0.0,0.0010330083,0.0010626928,0.0010743677,0.0010626928,0.0,0.0010330083,0.0010140577,0.0010700114,0.0010812558,0.0,0.0,0.0010490521,0.0010330082,0.0010234849,0.0010338905,0.0011092613,0.0,0.0,0.001049052,0.0,0.0010626927,0.001049052,0.0010700114,0.0,0.0010626968,0.0,0.0010626928,0.0,0.0010626927,0.0010490521,0.0,0.0,0.0010490663,0.0010330111,0.0010234851,0.0010338905,0.0011092613,0.0,0.0010627315,0.0010626973,0.0010569802,0.0010681198,0.0,0.0009916018,0.0,0.0010626944,0.0010490526,0.0,0.0010626928,0.001049052,0.0010416381,0.0010743513,0.0010626927,0.001049052,0.0,0.0010626927,0.001049052,0.0010416361,0.0,0.0010626928,0.0010490521,0.0010416353,0.0010525172,0.001058393,0.0010702184,0.0010743436,0.0010626927,0.001049052,0.0010416354,0.0010525172,0.001058393,0.0010702182,0.0010743656,0.0,0.0,0.0010330082,0.0010140577,0.0010700114,0.0010923741,0.001074347,0.0,0.001049052,0.0010330082,0.0010234849,0.0010338905,0.0011092612,0.0,0.0010626928,0.0,0.0010330082,0.0010140577,0.0010700114,0.0010812558,0.00107436,0.0,0.001049052,0.0010330082,0.0010234849,0.0010338905,0.0011092653,0.0,0.0010626927,0.001049052,0.0010416354,0.0010525172,0.001058393,0.001070219,0.0010743444,0.0010626927,0.001049052,0.0010416354,0.0010525172,0.001058393,0.0010702182,0.0,0.001062693,0.001049052,0.0010416353,0.0010525172,0.001058393,0.0010702185,0.0,0.0,0.001049052,0.0010330082,0.0010234849,0.0010338905,0.0011092613,0.0010743464,0.0010626927,0.0,0.0,0.0010626928,0.0010626927,0.0010569803,0.0010743829,0.0,0.0010490523,0.0,0.0010626928,0.001049052,0.0010700158,0.0010744473,0.0,0.0010626927,0.001049052,0.0010416353,0.0,0.0010626931,0.0,0.0010626926,0.0,0.0010330083,0.0010140577,0.0010700115,0.0010812606,0.001074349,0.0,0.001049052,0.0010330083,0.0010234851,0.0010338909,0.0011092909,0.0010743595,0.0,0.0,0.0010330082,0.0010140577,0.0010700114,0.0010923739,0.0,0.0010626928,0.0010490521,0.0010416354,0.0010525172,0.001058393,0.001070218,0.0010743766,0.0010626927,0.001049052,0.0,0.0010626927,0.001049052,0.0010416362,0.0010743447,0.0,0.001049052,0.0010330086,0.0010234849,0.0010338905,0.0011092619,0.0010743472,0.0,0.0010490521,0.0010330083,0.0010234851,0.0010338908,0.0011092615,0.0,0.0010626927,0.0010626928,0.0010569799,0.0010681197,0.0,0.0009916332,0.0010743741,0.0,0.001049052,0.0010330082,0.0010234849,0.0010338905,0.0011092608,0.0010743489,0.0,0.0,0.0010330082,0.0010140577,0.0010700114,0.0010923747,0.0010743962,0.0010626931,0.0,0.001033009,0.0010140577,0.0010700115,0.00108126,0.0,0.0010626928,0.001049052,0.0010416353,0.0010525172,0.001058393,0.0010702184,0.0,0.0010626941,0.0,0.0010330083,0.0010140577,0.0010700114,0.0010812558,0.0,0.0010626927,0.0010490521,0.0010416353,0.0010525172,0.001058393,0.0010702183,0.0010743544,0.0010626926,0.001049052,0.0010416356,0.0010525172,0.001058393,0.0010702183,0.0,0.0,0.0,0.0010330082,0.0010140577,0.0010700114,0.0010923742,0.0010743432,0.0010626927,0.0,0.0010330082,0.0010140577,0.0010700114,0.0010812562,0.0010743549,0.0010626928,0.001049052,0.0010700114,0.0,0.0010330082,0.0010140577,0.0,0.0010626927,0.001049052,0.0010416353,0.0010525172,0.001058393,0.0010702187,0.0,0.0010626927,0.001049052,0.0010416353,0.0010525172,0.001058393,0.0010702185,0.0,0.001062693,0.001049052,0.0010416353,0.0010525172,0.001058393,0.0010702192,0.00107435,0.0010626927,0.001049052,0.0010416353,0.0010525172,0.001058393,0.0010702184,0.0,0.0,0.001049052,0.0010330082,0.0010234849,0.0010338905,0.0011092613,0.0,0.0010626927,0.001049052,0.0010416354,0.0010525172,0.001058393,0.0010702182,0.0010745701,0.001062694,0.001049052,0.0010416353,0.0010525172,0.001058393,0.0010702196
k__Bacteria|p__Bacteroidetes|c__Bacteroidia|o__Bacteroidales|f__Prevotellaceae|g__Prevotella|s__Prevotella_histicola,0.0,0.0010596283,0.0010461258,0.0010389776,0.0010504314,0.0010568511,0.0010691006,0.0,0.0010596283,0.0010461258,0.0010389776,0.0010504314,0.0010568511,0.0010691005,0.0,0.0,0.001046146,0.0010302473,0.0010209882,0.0010319662,0.0011071706,0.0010712058,0.0,0.0010461258,0.0010302328,0.0010209873,0.0010319662,0.0011071699,0.0,0.0,0.001046126,0.0010302328,0.001020987,0.0010319662,0.0011071699,0.0010711524,0.0010596281,0.0010461258,0.0010389776,0.0010504314,0.0010568511,0.0010691003,0.0,0.0010596294,0.0010461261,0.0010389776,0.0010504314,0.0010568511,0.0010691008,0.0010711522,0.0010596281,0.0010461258,0.0010389776,0.0010504314,0.0010568511,0.0010691006,0.0,0.0010596284,0.0010461266,0.0010389776,0.0010504314,0.0010568511,0.0010691015,0.0,0.0010596283,0.0010461258,0.0010389776,0.0010504314,0.0010568511,0.0010691003,0.0,0.0010596283,0.0,0.0010302328,0.0010114454,0.0010670711,0.0010788847,0.0,0.0010596281,0.0010461258,0.0010389776,0.0010504314,0.0010568511,0.0010691008,0.0,0.0,0.0,0.0010302328,0.0010114454,0.0010670711,0.001089876,0.0010711662,0.0010596283,0.0,0.0010302328,0.0010114454,0.0010670711,0.001078891,0.0010712525,0.0,0.0,0.0010302328,0.0010114454,0.0010670711,0.0010898748,0.001071188,0.0,0.0010461258,0.0,0.0010596281,0.0010461258,0.0010670711,0.0010711574,0.0,0.0019061641,0.0010302328,0.0010114454,0.0010670711,0.0010898734,0.0,0.0010596303,0.0,0.0010302328,0.0010114454,0.0010670711,0.0010788828,0.0,0.0,0.0010461276,0.0010596303,0.0,0.0010302328,0.0010596284,0.0010711929,0.0010596284,0.0,0.0010302326,0.0010114454,0.0010670711,0.0010788825,0.0,0.0,0.0010461261,0.0010302328,0.001020987,0.0010319662,0.0011071704,0.0,0.0,0.0010461258,0.0,0.0010596281,0.0010461258,0.001067071,0.0,0.0010596339,0.0,0.0010596284,0.0,0.0010596281,0.0010461261,0.0,0.0,0.0010461531,0.0010302366,0.0010209873,0.0010319662,0.001107171,0.0,0.0010596755,0.0010596338,0.0010541757,0.0010658844,0.0,0.0009891726,0.0,0.0010596316,0.0010461274,0.0,0.0010596288,0.001046126,0.0010389807,0.0010711631,0.0010596281,0.0010461258,0.0,0.0010596281,0.0010461258,0.0010389787,0.0,0.0010596286,0.0010461258,0.0010389776,0.0010504314,0.0010568511,0.0010691007,0.0010711522,0.0010596281,0.0010461258,0.0010389776,0.0010504314,0.0010568511,0.0010691003,0.0010711963,0.0,0.0,0.0010302328,0.0010114454,0.0010670711,0.0010898729,0.0010711602,0.0014113912,0.0010461258,0.0010302328,0.001020987,0.0010319662,0.0011071701,0.0,0.0010596284,0.0,0.0010302328,0.0010114454,0.0010670711,0.0010788825,0.0010711743,0.0,0.0010461258,0.0010302328,0.0010209873,0.0010319662,0.0011071772,0.0,0.0010596281,0.0010461258,0.0010389776,0.0010504314,0.0010568511,0.0010691022,0.0010711536,0.0010596281,0.0010461258,0.0010389776,0.0010504314,0.0010568511,0.0010691003,0.0,0.0010596291,0.001046126,0.0010389776,0.0010504314,0.0010568511,0.0010691005,0.0,0.0,0.0010461258,0.0010302328,0.001020987,0.0010319662,0.0011071701,0.0010711562,0.0010596281,0.0,0.0,0.0010596284,0.0010596282,0.0010541759,0.0010712105,0.0,0.0010461264,0.0,0.0010596284,0.0010461258,0.0010670746,0.0010713039,0.0,0.0010596284,0.001046126,0.0010389776,0.0,0.0010596293,0.0013998243,0.0010596282,0.0,0.0010302328,0.0010114454,0.0010670711,0.001078886,0.0010711625,0.0,0.0010461258,0.0010302328,0.0010209873,0.0010319669,0.0011072303,0.0010711796,0.0,0.0,0.0010302328,0.0010114454,0.0010670711,0.0010898729,0.0,0.0010596284,0.0010461258,0.0010389776,0.0010504314,0.0010568511,0.0010691005,0.0010711846,0.0010596283,0.0010461258,0.0,0.0010596283,0.0010461258,0.001038979,0.0010711562,0.0,0.001046126,0.0010302329,0.0010209873,0.0010319662,0.0011071723,0.0010711584,0.0,0.0010461258,0.0010302328,0.0010209873,0.0010319663,0.0011071718,0.0,0.0010596283,0.0010596286,0.0010541751,0.0010658845,0.0,0.0009892208,0.0010712045,0.0,0.0010461258,0.0010302328,0.001020987,0.0010319662,0.0011071699,0.0010711609,0.0,0.0,0.0010302328,0.0010114454,0.0010670711,0.0010898752,0.0010712505,0.0010596291,0.0,0.0010302339,0.001011446,0.0010670711,0.0010788916,0.0,0.0010596284,0.0010461258,0.0010389776,0.0010504314,0.0010568511,0.0010691003,0.0,0.00105963,0.0,0.0010302328,0.0010114454,0.0010670711,0.0010788825,0.0,0.0010596284,0.0010461261,0.0010389776,0.0010504314,0.0010568511,0.0010691003,0.0010711726,0.0010596283,0.0010461261,0.0010389781,0.0010504314,0.0010568511,0.0010691008,0.0,0.0,0.0,0.0010302328,0.0010114454,0.0010670711,0.0010898734,0.0010711517,0.0010596281,0.0,0.0010302328,0.0010114454,0.0010670711,0.0010788833,0.0010711724,0.0010596284,0.0010461258,0.0010670711,0.0,0.0010302328,0.0010114457,0.0,0.0010596281,0.0010461258,0.0010389776,0.0010504314,0.0010568511,0.0010691014,0.0,0.0010596281,0.0010461258,0.0010389776,0.0010504314,0.0010568511,0.0010691007,0.0,0.001059629,0.001046126,0.0010389776,0.0010504314,0.0010568511,0.0010691021,0.001071166,0.0010596283,0.0010461258,0.0010389776,0.0010504314,0.0010568511,0.0010691008,0.0,0.0,0.0010461258,0.0010302328,0.0010209873,0.0010319662,0.0011071702,0.0,0.0010596281,0.0010461258,0.0010389776,0.0010504314,0.0010568511,0.0010691003,0.0010714368,0.0010596305,0.0010461261,0.0010389776,0.0010504314,0.0010568511,0.0010691033
k__Bacteria|p__Bacteroidetes|c__Bacteroidia|o__Bacteroidales|f__Bacteroidaceae|g__Bacteroides|s__Bacteroides_thetaiotaomicron,0.0,0.0010615232,0.0010478696,0.0010404587,0.0010513901,0.0010573075,0.0010691787,0.0,0.0010615233,0.0010478696,0.0010404587,0.0010513901,0.0010573075,0.0010691786,0.0,0.0,0.0010478799,0.0010318203,0.0010222975,0.0010327485,0.0011082583,0.0010732043,0.0,0.0010478696,0.0010318141,0.0010222971,0.0010327483,0.0011082574,0.0,0.0,0.0010478696,0.0010318141,0.0010222971,0.0010327483,0.0011082574,0.0010731876,0.0010615233,0.0010478696,0.0010404587,0.0010513901,0.0010573075,0.0010691786,0.0,0.0010615237,0.0010478697,0.0010404587,0.0010513901,0.0010573075,0.0010691793,0.0010731874,0.0010615233,0.0010478696,0.0010404587,0.0010513901,0.0010573075,0.0010691787,0.0,0.0010615234,0.0010478703,0.001040459,0.0010513901,0.0010573075,0.0010691793,0.0,0.0010615233,0.0010478696,0.0010404587,0.0010513901,0.0010573075,0.0010691787,0.0,0.0010615233,0.0,0.0010318141,0.0010128537,0.0010688626,0.0010801648,0.0,0.0010615233,0.0010478696,0.0010404587,0.0010513901,0.0010573075,0.0010691794,0.0,0.0,0.0,0.0010318141,0.0010128537,0.0010688626,0.001091301,0.0010731932,0.0010615233,0.0,0.0010318141,0.0010128537,0.0010688626,0.0010801712,0.0010732334,0.0,0.0,0.0010318145,0.0010128537,0.0010688626,0.0010913007,0.0010732019,0.0,0.0010478696,0.0,0.0010615233,0.0010478696,0.0010688626,0.0010731893,0.0,0.0,0.0010318141,0.0010128537,0.0010688626,0.0010912993,0.0,0.0010615243,0.0,0.0010318141,0.0010128537,0.0010688626,0.0010801635,0.0,0.0044907583,0.0010478699,0.0010615241,0.0,0.0010318141,0.0010615234,0.0010732005,0.0010615234,0.0,0.001031814,0.0010128537,0.0010688626,0.0010801632,0.0,0.0,0.0010478697,0.0010318141,0.0010222971,0.0010327483,0.0011082577,0.0,0.0,0.0010478696,0.0,0.0010615233,0.0010478696,0.0010688626,0.0,0.0010615253,0.0,0.0010615234,0.0,0.0010615233,0.0010478697,0.7110074,0.016470125,0.0010478793,0.0010318158,0.0010222971,0.0010327483,0.001108258,0.0,0.0010615524,0.001061526,0.001055817,0.0010670093,0.0,0.000990395,0.0,0.0010615247,0.0010478701,0.0,0.0010615236,0.0010478697,0.0010404614,0.0010731905,0.0010615233,0.0010478696,0.0,0.0010615233,0.0010478696,0.00104046,0.0,0.0010615234,0.0010478697,0.0010404587,0.0010513901,0.0010573075,0.0010691786,0.0010731874,0.0010615233,0.0010478696,0.0010404587,0.0010513901,0.0010573075,0.0010691787,0.0010732026,0.0,0.0,0.0010318141,0.0010128537,0.0010688626,0.0010912992,0.0010731911,0.0,0.0010478696,0.0010318141,0.0010222971,0.0010327483,0.0011082577,0.0,0.0010615234,0.0,0.0010318141,0.0010128537,0.0010688626,0.001080163,0.0010731989,0.0,0.0010478696,0.0010318141,0.0010222971,0.0010327485,0.0011082657,0.0,0.0010615233,0.0010478696,0.0010404587,0.0010513901,0.0010573075,0.0010691802,0.0010731878,0.0010615233,0.0010478696,0.0010404587,0.0010513901,0.0010573075,0.0010691786,0.032253113,0.0010615237,0.0010478697,0.0010404587,0.0010513901,0.0010573075,0.0010691787,0.0,0.0,0.0010478696,0.0010318141,0.0010222971,0.0010327483,0.0011082577,0.0010731884,0.0010615233,0.0,0.0,0.0010615234,0.0010615233,0.0010558171,0.0010732051,0.0,0.0010478698,0.0,0.0010615234,0.0010478696,0.0010688661,0.0010732606,0.0,0.0010615234,0.0010478697,0.0010404587,0.0,0.0010615239,0.0,0.0010615232,0.0,0.0010318141,0.0010128537,0.0010688626,0.0010801711,0.0010731904,0.0,0.0010478696,0.0010318141,0.0010222971,0.0010327487,0.0011083249,0.0010731947,0.0,0.0,0.0010318141,0.0010128537,0.0010688626,0.0010912991,0.0,0.0010615234,0.0010478697,0.0010404587,0.0010513901,0.0010573075,0.0010691786,0.0010731887,0.0010615234,0.0010478697,0.0,0.0010615232,0.0010478696,0.0010404598,0.0010731891,0.0,0.0010478697,0.0010318141,0.0010222971,0.0010327485,0.0011082597,0.0010731893,0.0,0.0010478697,0.0010318141,0.0010222971,0.0010327485,0.0011082598,0.0,0.0010615234,0.0010615234,0.0010558168,0.0010670094,0.0,0.0009904339,0.0010732056,0.0,0.0010478697,0.0010318141,0.0010222971,0.0010327483,0.0011082574,0.0010731905,0.0,0.0,0.0010318141,0.0010128537,0.0010688626,0.0010913009,0.0010732264,0.0010615239,0.0,0.0010318151,0.0010128538,0.0010688627,0.0010801702,0.0,0.0010615233,0.0010478697,0.0010404587,0.0010513901,0.0010573075,0.0010691786,0.0,0.0010615237,0.0,0.0010318141,0.0010128537,0.0010688626,0.001080163,0.0,0.0010615233,0.0010478697,0.0010404587,0.0010513901,0.0010573075,0.0010691787,0.0010731972,0.0010615233,0.0010478697,0.0010404589,0.0010513901,0.0010573075,0.001069179,0.0,0.0,0.0,0.0010318141,0.0010128537,0.0010688626,0.0010912997,0.0010731872,0.0010615233,0.0,0.0010318141,0.0010128537,0.0010688626,0.001080164,0.0010731927,0.0010615233,0.0010478696,0.0010688626,0.0,0.0010318141,0.0010128539,0.0,0.0010615233,0.0010478696,0.0010404587,0.0010513901,0.0010573075,0.0010691796,0.0,0.0010615233,0.0010478696,0.0010404587,0.0010513901,0.0010573075,0.001069179,0.0,0.0010615236,0.0010478697,0.0010404587,0.0010513901,0.0010573075,0.0010691812,0.001073193,0.0010615233,0.0010478696,0.0010404587,0.0010513901,0.0010573075,0.001069179,0.0,0.0,0.0010478696,0.0010318141,0.0010222971,0.0010327483,0.0011082581,0.0,0.0010615233,0.0010478696,0.0010404587,0.0010513901,0.0010573075,0.0010691787,0.0010733076,0.001061524,0.0010478697,0.0010404587,0.0010513901,0.0010573075,0.0010691817
k__Bacteria|p__Bacteroidetes|c__Bacteroidia|o__Bacteroidales|f__Tannerellaceae|g__Parabacteroides|s__Parabacteroides_merdae,0.0,0.001059133,0.0010454213,0.0010379766,0.0010489279,0.0010548508,0.0010667605,0.0014643007,0.0010591331,0.0010454213,0.0010379766,0.0010489279,0.0010548508,0.0010667602,0.0,0.0,0.0010454244,0.0010293116,0.0010197569,0.0010302187,0.0011061087,0.0010708836,0.0,0.0010454213,0.0010293092,0.0010197565,0.0010302187,0.0011061074,0.0,0.0,0.0010454213,0.0010293092,0.0010197565,0.0010302187,0.0011061073,0.0010708547,0.0010591327,0.0010454213,0.0010379766,0.0010489279,0.0010548508,0.0010667602,0.0,0.0010591333,0.0010454217,0.0010379766,0.0010489279,0.0010548508,0.0010667614,0.001070855,0.0010591327,0.0010454213,0.0010379766,0.0010489279,0.0010548508,0.0010667603,0.0,0.0010591332,0.0010454219,0.0010379767,0.0010489279,0.0010548508,0.0010667609,0.0,0.0010591329,0.0010454213,0.0010379766,0.0010489279,0.0010548508,0.0010667603,0.0,0.0010591331,0.0,0.0010293092,0.0010102938,0.0010665009,0.0010778431,0.0,0.0010591327,0.0010454213,0.0010379766,0.0010489279,0.0010548508,0.0010667614,0.0,0.0,0.0,0.0010293092,0.0010102938,0.0010665009,0.001089048,0.0010708647,0.0010591331,0.0,0.0010293092,0.0010102938,0.0010665009,0.0010778508,0.0010709199,0.0,0.0,0.0010293091,0.0010102938,0.0010665009,0.0010890473,0.0010708757,0.0,0.0010454213,0.0,0.0010591327,0.0010454213,0.0010665011,0.0010708577,0.0,0.0,0.0010293092,0.0010102938,0.0010665009,0.0010890446,0.0,0.0010591336,0.0,0.0010293092,0.0010102938,0.0010665009,0.0010778408,0.0,0.0,0.0010454222,0.0010591332,0.0,0.0010293092,0.0010591336,0.0010708694,0.0010591332,0.0,0.0010293091,0.0010102938,0.0010665009,0.0010778403,0.0,0.0,0.0010454215,0.0010293092,0.0010197565,0.0010302187,0.0011061081,0.0,0.0,0.0010454213,0.0,0.0010591327,0.0010454213,0.001066501,0.0,0.0010591347,0.0,0.0010591332,0.0,0.0010591327,0.0010454217,0.0,0.0,0.0010454231,0.0010293095,0.0010197565,0.0010302187,0.0011061084,0.0,0.0010591394,0.0010591333,0.0010533946,0.0010646165,0.0,0.0009877883,0.0,0.0010591345,0.0010454218,0.0,0.0010591332,0.0010454216,0.0010379796,0.0010708591,0.0010591327,0.0010454213,0.0,0.0010591327,0.0010454213,0.0010379787,0.0,0.0010591332,0.0010454213,0.0010379766,0.0010489279,0.0010548508,0.0010667602,0.0010708547,0.0010591327,0.0010454213,0.0010379766,0.0010489279,0.0010548508,0.0010667603,0.0010708789,0.0,0.0,0.0010293092,0.0010102938,0.0010665009,0.0010890444,0.0010708566,0.0,0.0010454213,0.0010293092,0.0010197565,0.0010302187,0.001106108,0.0,0.0010591329,0.0,0.0010293092,0.0010102938,0.0010665009,0.0010778399,0.0010708706,0.0,0.0010454213,0.0010293092,0.0010197565,0.0010302187,0.0011061201,0.0,0.0010591327,0.0010454213,0.0010379766,0.0010489279,0.0010548508,0.0010667633,0.0010708552,0.0010591327,0.0010454213,0.0010379766,0.0010489279,0.0010548508,0.0010667602,0.0,0.0010591334,0.0010454216,0.0010379766,0.0010489279,0.0010548508,0.0010667603,0.0,0.0,0.0010454213,0.0010293092,0.0010197565,0.0010302187,0.0011061077,0.0010708577,0.0010591327,0.0,0.0,0.0010591329,0.0010591331,0.0010533957,0.0010708909,0.0,0.0010454217,0.0,0.0010591332,0.0010454217,0.0010665059,0.0010709579,0.0,0.0010591332,0.0010454216,0.0010379768,0.0,0.0010591341,0.0,0.001059133,0.0,0.0010293092,0.0010102938,0.0010665008,0.001077849,0.0010708591,0.0,0.0010454213,0.0010293092,0.0010197565,0.0010302193,0.0011062005,0.0010708665,0.0,0.0,0.0010293092,0.0010102938,0.0010665009,0.001089044,0.0,0.0010591332,0.0010454213,0.0010379766,0.0010489279,0.0010548508,0.0010667602,0.0010708813,0.001059133,0.0010454216,0.0,0.0010591327,0.0010454213,0.0010379779,0.0010708573,0.0,0.0010454216,0.0010293091,0.0010197565,0.0010302187,0.0011061114,0.0010708584,0.0,0.0010454213,0.0010293092,0.0010197565,0.0010302188,0.0011061105,0.0,0.0010591331,0.0010591332,0.0010533947,0.0010646167,0.0,0.0009878379,0.0010708872,0.0,0.0010454215,0.0010293092,0.0010197565,0.0010302187,0.0011061073,0.0010708611,0.0,0.0,0.0010293092,0.0010102938,0.0010665009,0.0010890471,0.0010709038,0.0010591331,0.0,0.0010293097,0.001010294,0.0010665009,0.0010778521,0.0,0.0010591332,0.0010454216,0.0010379766,0.0010489279,0.0010548508,0.0010667602,0.0,0.0010591334,0.0,0.0010293092,0.0010102938,0.0010665009,0.0010778399,0.0,0.0010591331,0.0010454215,0.0010379766,0.0010489279,0.0010548508,0.0010667605,0.0010708696,0.0010591331,0.0010454217,0.0010379769,0.0010489279,0.0010548508,0.0010667609,0.0,0.0,0.0,0.0010293092,0.0010102938,0.0010665009,0.0010890452,0.0010708545,0.0010591327,0.0,0.0010293092,0.0010102938,0.0010665009,0.0010778413,0.0010708672,0.0010591332,0.0010454213,0.0010665009,0.0,0.0010293092,0.0010102945,0.0,0.0010591327,0.0010454213,0.0010379766,0.0010489279,0.0010548508,0.0010667619,0.0,0.0010591327,0.0010454213,0.0010379766,0.0010489279,0.0010548508,0.0010667605,0.0,0.0010591331,0.0010454215,0.0010379766,0.0010489279,0.0010548508,0.0010667641,0.0010708605,0.001059133,0.0010454213,0.0010379766,0.0010489279,0.0010548508,0.001066761,0.0,0.0,0.0010454213,0.0010293092,0.0010197565,0.0010302187,0.0011061081,0.0,0.0010591327,0.0010454213,0.0010379766,0.0010489279,0.0010548508,0.0010667603,0.0010710626,0.0010591341,0.0010454213,0.0010379768,0.0010489279,0.0010548508,0.0010667654
k__Bacteria|p__Bacteroidetes|c__Bacteroidia|o__Bacteroidales|f__Dysgonomonadaceae|g__Dysgonomonas|s__Dysgonomonas_mossii,0.0,0.0010603786,0.0010468098,0.0010395481,0.0010507778,0.0010569819,0.0010690698,0.0,0.0010603787,0.0010468098,0.0010395481,0.0010507778,0.0010569819,0.0010690697,0.0,0.0,0.0010468159,0.0010308501,0.001021483,0.0010322352,0.0011075806,0.0010719709,0.0,0.0010468098,0.0010308456,0.0010214824,0.0010322352,0.0011075803,0.0,0.0,0.0010468098,0.0010308456,0.0010214824,0.0010322352,0.0011075801,0.001071964,0.0010603787,0.0010468098,0.0010395481,0.0010507778,0.0010569819,0.0010690697,0.0,0.001060379,0.0010468098,0.0010395481,0.0010507778,0.0010569819,0.0010690702,0.0010719645,0.0010603787,0.0010468098,0.0010395481,0.0010507778,0.0010569819,0.0010690698,0.0,0.0010603789,0.00104681,0.0010395481,0.0010507778,0.0010569819,0.0010690704,0.0,0.0010603787,0.0010468098,0.0010395481,0.0010507778,0.0010569819,0.0010690698,0.0,0.0010603787,0.0,0.0010308456,0.0010119823,0.0010677779,0.0010793724,0.0,0.0010603787,0.0010468098,0.0010395481,0.0010507778,0.0010569819,0.0010690704,0.0,0.0,0.0,0.0010308456,0.0010119823,0.0010677779,0.0010904284,0.0010719667,0.0010603787,0.0,0.0010308456,0.0010119823,0.0010677779,0.0010793778,0.0010719855,0.0,0.0,0.0010308456,0.0010119823,0.0010677779,0.0010904277,0.0010719707,0.0,0.0010468098,0.0,0.0010603787,0.0010468098,0.0010677777,0.0010719654,0.0,0.0,0.0010308456,0.0010119823,0.0010677779,0.0010904258,0.0,0.0010603794,0.0,0.0010308456,0.0010119823,0.0010677779,0.0010793712,0.0,0.0,0.0010468104,0.0010603791,0.0,0.0010308456,0.0010603787,0.0010719725,0.0010603789,0.0,0.0010308455,0.0010119823,0.0010677779,0.0010793711,0.0,0.0,0.00104681,0.0010308456,0.0010214824,0.0010322352,0.0011075804,0.0,0.0,0.0010468098,0.0,0.0010603787,0.0010468098,0.0010677777,0.0,0.001060381,0.0,0.0010603789,0.0,0.0010603787,0.00104681,0.0,0.0,0.0010468169,0.0010308467,0.0010214823,0.0010322352,0.0011075807,0.0,0.0010603929,0.0010603799,0.0010548161,0.001066304,0.0,0.0009896256,0.0,0.0010603801,0.0010468102,0.0,0.0010603789,0.00104681,0.0010395499,0.0010719653,0.0010603787,0.0010468098,0.0,0.0010603787,0.0010468098,0.0010395491,0.59970295,0.0010603789,0.00104681,0.0010395481,0.0010507778,0.0010569819,0.0010690697,0.0010719642,0.0010603787,0.0010468098,0.0010395481,0.0010507778,0.0010569819,0.0010690698,0.0010719721,0.0,0.0,0.0010308456,0.0010119823,0.0010677779,0.0010904258,0.0010719649,0.0,0.0010468098,0.0010308456,0.0010214824,0.0010322352,0.0011075803,0.0,0.0010603789,0.0,0.0010308456,0.0010119823,0.0010677779,0.0010793707,0.001071969,0.0,0.0010468098,0.0010308456,0.0010214824,0.0010322352,0.0011075868,0.0,0.0010603787,0.0010468098,0.0010395481,0.0010507778,0.0010569819,0.0010690716,0.0010719642,0.0010603787,0.0010468098,0.0010395481,0.0010507778,0.0010569819,0.0010690697,0.0,0.0010603791,0.00104681,0.0010395481,0.0010507778,0.0010569819,0.0010690698,0.0,0.0,0.0010468098,0.0010308456,0.0010214824,0.0010322352,0.0011075803,0.0010719647,0.0010603787,0.0,0.0,0.0010603789,0.0010603787,0.0010548165,0.0010719738,0.0,0.00104681,0.0,0.0010603789,0.0010468098,0.0010677803,0.0010719987,0.0,0.0010603789,0.00104681,0.0010395481,0.0,0.0010603796,0.0,0.0010603786,0.0,0.0010308456,0.0010119823,0.0010677779,0.0010793752,0.0010719654,0.0,0.0010468098,0.0010308456,0.0010214823,0.0010322356,0.0011076371,0.0010719687,0.0,0.0,0.0010308456,0.0010119823,0.0010677779,0.0010904259,0.0,0.0010603789,0.00104681,0.0010395481,0.0010507778,0.0010569819,0.0010690697,0.0010719595,0.0010603787,0.00104681,0.0,0.0010603786,0.0010468098,0.0010395487,0.0010719651,0.0,0.00104681,0.0010308456,0.0010214824,0.0010322352,0.0011075826,0.0010719657,0.0,0.00104681,0.0010308456,0.0010214823,0.0010322355,0.0011075817,0.0,0.0010603787,0.0010603789,0.001054816,0.0010663042,0.0,0.0009896653,0.0010719753,0.0,0.00104681,0.0010308456,0.0010214824,0.0010322352,0.0011075801,0.0010719672,0.0,0.0,0.0010308456,0.0010119823,0.0010677779,0.0010904279,0.0010719759,0.001060379,0.0,0.001030846,0.0010119826,0.0010677779,0.001079378,0.0,0.0010603787,0.00104681,0.0010395481,0.0010507778,0.0010569819,0.0010690697,0.0,0.0010603793,0.0,0.0010308456,0.0010119823,0.0010677779,0.0010793707,0.0,0.0010603787,0.00104681,0.0010395481,0.0010507778,0.0010569819,0.0010690698,0.00107197,0.0010603787,0.0010468098,0.0010395482,0.0010507778,0.0010569819,0.0010690703,0.0,0.0,0.0,0.0010308456,0.0010119823,0.0010677779,0.0010904265,0.0010719642,0.0010603787,0.0,0.0010308456,0.0010119823,0.0010677779,0.0010793715,0.0010719694,0.0010603787,0.0010468098,0.0010677779,0.0,0.0010308456,0.0010119824,0.0,0.0010603787,0.0010468098,0.0010395481,0.0010507778,0.0010569819,0.0010690708,0.0,0.0010603787,0.0010468098,0.0010395481,0.0010507778,0.0010569819,0.0010690701,0.0,0.001060379,0.00104681,0.0010395481,0.0010507778,0.0010569821,0.0010690722,0.0010719661,0.0010603787,0.0010468098,0.0010395481,0.0010507778,0.0010569819,0.0010690702,0.0,0.0,0.0010468098,0.0010308456,0.0010214824,0.0010322352,0.0011075803,0.0,0.0010603787,0.0010468098,0.0010395481,0.0010507778,0.0010569819,0.0010690698,0.0010720404,0.0010603798,0.0010468098,0.001039548,0.0010507778,0.0010569821,0.0010690729
k__Bacteria|p__Bacteroidetes|c__Bacteroidia|o__Bacteroidales|f__Prevotellaceae|g__Prevotella|s__Prevotella_melaninogenica,0.0,0.001064873,0.0010514472,0.0010442993,0.001055579,0.0010618585,0.001073934,0.0,0.0010648732,0.0010514472,0.0010442993,0.001055579,0.0010618585,0.0010739341,0.0,0.0,0.001051461,0.0010356348,0.0010263822,0.0010372039,0.0011117284,0.0010763645,0.0,0.0010514472,0.0010356263,0.0010263817,0.0010372039,0.0011117278,0.0,0.0,0.0010514472,0.0010356263,0.0010263817,0.0010372039,0.0011117277,0.0010763187,0.0010648732,0.0010514472,0.0010442993,0.001055579,0.0010618585,0.0010739341,0.0030491636,0.0010648733,0.0010514474,0.0010442993,0.001055579,0.0010618585,0.0010739351,0.0010763188,0.0010648732,0.0010514472,0.0010442993,0.001055579,0.0010618585,0.0010739341,0.0,0.0010648733,0.0010514478,0.0010442997,0.001055579,0.0010618585,0.001073935,0.0,0.0010648732,0.0010514472,0.0010442993,0.001055579,0.0010618585,0.0010739343,0.0,0.0010648732,0.0,0.0010356263,0.0010169038,0.0010722321,0.0010838369,0.0013347098,0.0010648732,0.0010514472,0.0010442993,0.001055579,0.0010618585,0.0010739345,0.0,0.0,0.0,0.0010356263,0.0010169038,0.0010722321,0.0010947284,0.0010763321,0.0010648732,0.0,0.0010356263,0.0010169038,0.0010722321,0.0010838428,0.0010764167,0.0,0.0,0.0010356267,0.0010169038,0.0010722321,0.0010947281,0.0010763523,0.0,0.0010514472,0.0,0.0010648732,0.0010514472,0.0010722321,0.0010763229,0.0,0.0,0.0010356263,0.0010169038,0.0010722321,0.0010947273,0.0,0.0010648746,0.0,0.0010356263,0.0010169038,0.0010722321,0.0010838357,0.0,0.0,0.0010514479,0.0010648745,0.0,0.0010356263,0.0010648734,0.001076348,0.0010648733,0.0,0.0010356263,0.0010169038,0.0010722321,0.0010838354,0.0,0.0,0.0010514475,0.0010356263,0.0010263817,0.0010372039,0.001111728,0.0,0.0,0.0010514472,0.0,0.0010648732,0.0010514472,0.0010722319,0.0,0.0010648762,0.0,0.0010648733,0.0,0.0010648732,0.0010514474,0.0,0.0,0.0010514616,0.001035629,0.0010263816,0.0010372039,0.001111728,0.0,0.0010649083,0.0010648774,0.0010594185,0.0010709362,0.0,0.0009946809,0.0,0.0010648753,0.001051448,0.0,0.0010648733,0.0010514474,0.0010443022,0.0010763265,0.0010648732,0.0010514472,0.001598327,0.0010648732,0.0010514472,0.0010443005,0.0,0.0010648732,0.0010514474,0.0010442993,0.001055579,0.0010618585,0.0010739343,0.0010763188,0.0010648732,0.0010514472,0.0010442993,0.001055579,0.0010618585,0.0010739343,0.0010763551,0.0,0.0,0.0010356263,0.0010169038,0.0010722321,0.001094727,0.0010763261,0.0011218939,0.0010514472,0.0010356263,0.0010263817,0.0010372039,0.0011117278,0.0,0.0010648733,0.0,0.0010356263,0.0010169038,0.0010722321,0.0010838353,0.0010763417,0.0,0.0010514472,0.0010356263,0.0010263817,0.0010372039,0.0011117344,0.0,0.0010648732,0.0010514472,0.0010442993,0.001055579,0.0010618585,0.0010739354,0.0010763198,0.0010648732,0.0010514472,0.0010442993,0.001055579,0.0010618585,0.0010739341,0.0,0.0010648735,0.0010514474,0.0010442993,0.001055579,0.0010618585,0.0010739344,0.0,0.0,0.0010514472,0.0010356263,0.0010263817,0.0010372039,0.001111728,0.001076322,0.0010648732,0.0,0.0,0.0010648733,0.0010648732,0.0010594184,0.001076367,0.0,0.0010514474,0.0,0.0010648733,0.0010514472,0.0010722353,0.0010764705,0.0,0.0010648732,0.0010514474,0.0010442993,0.001120431,0.0010648738,0.0,0.0010648731,0.0016178557,0.0010356263,0.0010169038,0.001072232,0.0010838435,0.0010763262,0.0,0.0010514472,0.0010356263,0.0010263816,0.0010372044,0.0011117801,0.0010763363,0.0,0.0,0.0010356263,0.0010169038,0.0010722321,0.0010947271,0.0,0.0010648733,0.0010514474,0.0010442993,0.001055579,0.0010618585,0.0010739341,0.0010763486,0.0010648733,0.0010514474,0.0,0.0010648731,0.0010514472,0.0010443007,0.001076322,0.0,0.0010514474,0.0010356265,0.0010263817,0.0010372039,0.0011117294,0.0010763233,0.0,0.0010514474,0.0010356263,0.0010263816,0.001037204,0.0011117299,0.0,0.0010648733,0.0010648732,0.0010594181,0.0010709361,0.0,0.0009947148,0.0010763655,0.0,0.0010514474,0.0010356263,0.0010263817,0.0010372039,0.0011117277,0.0010763251,0.0,0.0,0.0010356263,0.0010169038,0.0010722321,0.0010947282,0.0010764102,0.0010648741,0.0,0.0010356274,0.0010169044,0.001072232,0.0010838417,0.0,0.0010648732,0.0010514474,0.0010442993,0.001055579,0.0010618585,0.0010739341,0.0,0.001064874,0.0,0.0010356263,0.0010169038,0.0010722321,0.0010838356,0.0,0.0010648731,0.0010514475,0.0010442993,0.001055579,0.0010618585,0.0010739341,0.001076337,0.0010648731,0.0010514474,0.0010442998,0.001055579,0.0010618585,0.0010739345,0.0,0.0,0.0,0.0010356263,0.0010169038,0.0010722321,0.0010947275,0.0010763183,0.0010648732,0.0,0.0010356263,0.0010169038,0.0010722321,0.0010838364,0.001076333,0.0010648732,0.0010514472,0.0010722321,0.0,0.0010356263,0.001016904,0.0,0.0010648732,0.0010514472,0.0010442993,0.001055579,0.0010618585,0.0010739348,0.0,0.0010648732,0.0010514472,0.0010442993,0.001055579,0.0010618585,0.0010739345,0.0,0.0010648739,0.0010514474,0.0010442993,0.001055579,0.0010618585,0.0010739362,0.0010763308,0.0010648732,0.0010514472,0.0010442993,0.001055579,0.0010618585,0.0010739346,0.0,0.0,0.0010514472,0.0010356263,0.0010263817,0.0010372039,0.0011117283,0.0,0.0010648732,0.0010514472,0.0010442993,0.001055579,0.0010618585,0.0010739343,0.0010765606,0.0010648745,0.0010514474,0.0010442995,0.001055579,0.0010618585,0.0010739365
k__Bacteria|p__Bacteroidetes|c__Bacteroidia|o__Bacteroidales|f__Bacteroidaceae|g__Bacteroides|s__Bacteroides_caccae,0.0,0.0010634759,0.0010499968,0.001042801,0.001054043,0.0010602771,0.0010723415,0.0,0.001063476,0.0010499968,0.001042801,0.001054043,0.0010602771,0.0010723416,0.0,0.0,0.0010500026,0.0010341267,0.0010248276,0.0010356054,0.0011104114,0.0010749702,0.0,0.0010499968,0.0010341222,0.0010248275,0.0010356054,0.0011104116,0.0,0.0,0.0010499968,0.0010341222,0.0010248275,0.0010356054,0.0011104117,0.0010749727,0.0010634759,0.0010499968,0.001042801,0.001054043,0.0010602771,0.0010723417,0.0,0.001063476,0.0010499968,0.001042801,0.001054043,0.0010602771,0.0010723412,0.0010749727,0.0010634759,0.0010499968,0.001042801,0.001054043,0.0010602771,0.0010723413,0.0,0.0010634757,0.0010499969,0.001042801,0.001054043,0.0010602771,0.0010723418,0.0,0.001063476,0.0010499968,0.001042801,0.001054043,0.0010602771,0.0010723417,0.0,0.001063476,0.0,0.0010341222,0.0010153466,0.0010708438,0.0010824228,0.0,0.0010634759,0.0010499968,0.001042801,0.001054043,0.0010602771,0.0010723413,0.0,0.0,0.0,0.0010341222,0.0010153466,0.0010708438,0.001093374,0.0010749714,0.001063476,0.0,0.0010341222,0.0010153466,0.0010708438,0.001082422,0.001074969,0.0,0.0,0.0010341223,0.0010153466,0.0010708438,0.0010933739,0.0010749712,0.0,0.0010499968,0.0,0.0010634759,0.0010499968,0.0010708434,0.0010749721,0.0,0.0,0.0010341222,0.0010153466,0.0010708438,0.0010933741,0.0,0.0010634762,0.0,0.0010341222,0.0010153466,0.0010708438,0.0010824227,0.0,0.0,0.0010499973,0.0010634763,0.0,0.0010341222,0.0010634757,0.0010749754,0.0010634757,0.0,0.0010341221,0.0010153466,0.0010708438,0.001082423,0.0,0.0,0.0010499969,0.0010341222,0.0010248275,0.0010356054,0.0011104112,0.0,0.0,0.0010499968,0.0,0.0010634759,0.0010499968,0.0010708435,0.0,0.0010634764,0.0,0.0010634761,0.0,0.0010634759,0.0010499968,0.0,0.0,0.0010500044,0.0010341229,0.0010248275,0.0010356054,0.0011104112,0.0,0.0010634852,0.0010634765,0.0010579752,0.0010694625,0.0,0.0009930639,0.0,0.0010634761,0.001049997,0.0,0.0010634759,0.0010499969,0.0010428015,0.0010749731,0.0010634759,0.0010499968,0.0,0.0010634759,0.0010499968,0.0010428007,0.0,0.0010634761,0.0010499968,0.001042801,0.001054043,0.0010602771,0.0010723415,0.0010749729,0.0010634759,0.0010499968,0.001042801,0.001054043,0.0010602771,0.0010723413,0.0010749715,0.0,0.0,0.0010341222,0.0010153466,0.0010708438,0.0010933743,0.0010749719,0.0011072747,0.0010499968,0.0010341222,0.0010248275,0.0010356054,0.0011104111,0.0,0.0010634761,0.0,0.0010341222,0.0010153466,0.0010708438,0.001082423,0.001074971,0.0,0.0010499968,0.0010341222,0.0010248275,0.0010356054,0.0011104095,0.0,0.0010634759,0.0010499968,0.001042801,0.001054043,0.0010602771,0.0010723415,0.0010749727,0.0010634759,0.0010499968,0.001042801,0.001054043,0.0010602771,0.0010723417,0.0,0.001063476,0.0010499969,0.001042801,0.001054043,0.0010602771,0.0010723415,0.0,0.0,0.0010499968,0.0010341222,0.0010248275,0.0010356054,0.0011104114,0.0010749721,0.0010634759,0.0,0.0,0.0010634761,0.001063476,0.0010579751,0.0010749701,0.0017571093,0.0010499969,0.0,0.0010634761,0.0010499968,0.0010708439,0.0010749708,0.0,0.0010634759,0.0010499969,0.001042801,0.0,0.0010634757,0.0,0.0010634759,0.010774968,0.0010341222,0.0010153466,0.0010708437,0.0010824222,0.0010749729,0.0,0.0010499968,0.0010341222,0.0010248275,0.0010356054,0.0011104046,0.0010749748,0.0,0.0,0.0010341222,0.0010153466,0.0010708438,0.0010933742,0.0,0.0010634761,0.0010499968,0.001042801,0.001054043,0.0010602771,0.0010723416,0.0010749729,0.001063476,0.0010499969,0.0,0.0010634759,0.0010499968,0.0010428012,0.0010749721,0.0,0.0010499969,0.0010341222,0.0010248275,0.0010356054,0.001110411,0.0010749721,0.0,0.0010499968,0.0010341222,0.0010248275,0.0010356056,0.0011104108,0.0,0.001063476,0.0010634757,0.001057975,0.0010694623,0.0,0.0009930844,0.0010749687,0.0,0.0010499969,0.0010341222,0.0010248275,0.0010356054,0.0011104117,0.0010749721,0.0013462463,0.0,0.0010341222,0.0010153466,0.0010708438,0.0010933741,0.0010749724,0.0010634759,0.0,0.0010341223,0.0010153466,0.0010708438,0.0010824226,0.0,0.001063476,0.0010499969,0.001042801,0.001054043,0.0010602771,0.0010723417,0.0,0.001063476,0.0,0.0010341222,0.0010153466,0.0010708438,0.001082423,0.0,0.0010634759,0.0010499969,0.001042801,0.001054043,0.0010602771,0.0010723415,0.0010749699,0.0010634757,0.0010499967,0.001042801,0.001054043,0.0010602771,0.0010723416,0.0,0.0,0.0,0.0010341222,0.0010153466,0.0010708438,0.001093374,0.0010749726,0.0010634759,0.0,0.0010341222,0.0010153466,0.0010708438,0.0010824227,0.0010749712,0.001063476,0.0010499968,0.0010708438,0.0,0.0010341222,0.0010153466,0.0,0.0010634759,0.0010499968,0.001042801,0.001054043,0.0010602771,0.0010723413,0.0,0.0010634759,0.0010499968,0.001042801,0.001054043,0.0010602771,0.0010723415,0.0,0.001063476,0.0010499969,0.001042801,0.001054043,0.0010602771,0.0010723413,0.001074971,0.0010634759,0.0010499968,0.001042801,0.001054043,0.0010602771,0.0010723415,0.0,0.0,0.0010499968,0.0010341222,0.0010248275,0.0010356054,0.0011104112,0.0,0.0010634759,0.0010499968,0.001042801,0.001054043,0.0010602771,0.0010723417,0.0010749898,0.001063476,0.0010499968,0.0010428008,0.001054043,0.0010602771,0.0010723415
k__Bacteria|p__Bacteroidetes|c__Bacteroidia|o__Bacteroidales|f__Bacteroidaceae|g__Phocaeicola|s__Phocaeicola_dorei,0.0,0.0010599024,0.0010463325,0.0010390795,0.0010503402,0.0010565724,0.0010686866,0.0011748574,0.0010599026,0.0010463325,0.0010390795,0.0010503402,0.0010565724,0.0010686863,0.0,0.0,0.0010463357,0.0010303693,0.0010210143,0.0010317964,0.001107185,0.0010715055,0.0,0.0010463325,0.0010303681,0.001021014,0.0010317964,0.0011071846,0.0,0.0,0.0010463325,0.0010303681,0.001021014,0.0010317964,0.0011071847,0.0010714894,0.0010599025,0.0010463325,0.0010390795,0.0010503402,0.0010565724,0.0010686861,0.0,0.0010599025,0.0010463326,0.0010390795,0.0010503402,0.0010565724,0.0010686866,0.0010714894,0.0010599025,0.0010463325,0.0010390795,0.0010503402,0.0010565724,0.0010686865,0.0,0.0010599024,0.0010463328,0.0010390796,0.0010503402,0.0010565721,0.0010686868,0.0,0.0010599026,0.0010463325,0.0010390795,0.0010503402,0.0010565724,0.0010686861,0.0,0.0010599026,0.0,0.0010303681,0.0010115057,0.0010673115,0.0010789388,0.0,0.0010599025,0.0010463325,0.0010390795,0.0010503406,0.0010565724,0.001068687,0.0,0.0,0.0,0.0010303681,0.0010115057,0.0010673115,0.0010899977,0.0010714948,0.0010599026,0.0,0.0010303681,0.0010115057,0.0010673115,0.0010789441,0.0010715384,0.0,0.0,0.0010303681,0.0010115057,0.0010673115,0.0010899972,0.0010715028,0.0,0.0010463325,0.0,0.0010599025,0.0010463325,0.0010673117,0.0010714914,0.0,0.0,0.0010303681,0.0010115057,0.0010673115,0.0010899958,0.0,0.0010599031,0.0,0.0010303679,0.0010115057,0.0010673115,0.0010789383,0.0,0.0,0.0010463325,0.0010599028,0.0,0.0010303679,0.0010599026,0.0010714998,0.0010599026,0.0,0.001030368,0.0010115057,0.0010673115,0.0010789381,0.0,0.0,0.0010463326,0.0010303681,0.001021014,0.0010317964,0.0011071847,0.0,0.0,0.0010463325,0.0,0.0010599025,0.0010463325,0.0010673116,0.0,0.001059903,0.0,0.0010599026,0.0,0.0010599025,0.0010463325,0.0,0.0,0.0010463358,0.0010303687,0.0010210138,0.0010317964,0.0011071849,0.0,0.001059916,0.0010599032,0.0010543482,0.0010658687,0.0,0.000989148,0.0,0.0010599034,0.0010463326,0.0,0.0010599025,0.0010463325,0.0010390808,0.0010714908,0.0010599025,0.0010463325,0.0,0.0010599025,0.0010463325,0.0010390803,0.0,0.0010599026,0.0010463325,0.0010390795,0.0010503402,0.0010565724,0.0010686863,0.0010714894,0.0010599025,0.0010463325,0.0010390795,0.0010503402,0.0010565724,0.0010686861,0.0010715047,0.0,0.0,0.0010303681,0.0010115057,0.0010673115,0.0010899958,0.001071493,0.0,0.0010463325,0.0010303681,0.001021014,0.0010317964,0.0011071847,0.0,0.0010599026,0.0,0.0010303681,0.0010115057,0.0010673115,0.001078938,0.0010714983,0.0,0.0010463325,0.0010303681,0.001021014,0.0010317964,0.001107189,0.0,0.0010599025,0.0010463325,0.0010390795,0.0010503402,0.0010565724,0.0010686878,0.0010714896,0.0010599025,0.0010463325,0.0010390795,0.0010503402,0.0010565724,0.0010686861,0.35902148,0.0010599026,0.0010463325,0.0010390795,0.0010503402,0.0010565724,0.0010686866,0.0,0.0,0.0010463325,0.0010303681,0.001021014,0.0010317964,0.0011071847,0.0010714906,0.0010599025,0.0,0.0,0.0010599026,0.0010599026,0.0010543484,0.0010715065,0.0,0.0010463326,0.0,0.0010599026,0.0010463325,0.001067313,0.0010715645,0.0,0.0010599026,0.0010463325,0.0010390795,0.0,0.0010599028,0.0,0.0010599024,0.0,0.0010303679,0.0010115057,0.0010673115,0.0010789421,0.0010714913,0.0,0.0010463325,0.0010303681,0.0010210138,0.0010317969,0.0011072253,0.0010714936,0.0,0.0,0.0010303681,0.0010115057,0.0010673115,0.0010899956,0.0,0.0010599026,0.0010463325,0.0010390795,0.0010503402,0.0010565724,0.0010686863,0.001071495,0.0010599026,0.0010463325,0.0,0.0010599025,0.0010463325,0.0010390801,0.0010714914,0.0,0.0010463325,0.0010303679,0.001021014,0.0010317964,0.0011071862,0.0010714912,0.0,0.0010463325,0.0010303681,0.0010210138,0.0010317967,0.001107186,0.0,0.0010599026,0.0010599026,0.0010543483,0.0010658685,0.0,0.0009891755,0.0010715115,0.0,0.0010463325,0.0010303681,0.001021014,0.0010317964,0.0011071847,0.0010714927,0.0,0.0,0.0010303679,0.0010115057,0.0010673115,0.0010899974,0.0010715285,0.0010599028,0.0,0.0010303687,0.001011506,0.0010673115,0.001078943,0.0,0.0010599025,0.0010463325,0.0010390795,0.0010503402,0.0010565724,0.0010686861,0.007483512,0.0010599024,0.0,0.0010303679,0.0010115057,0.0010673115,0.001078938,0.0,0.0010599026,0.0010463326,0.0010390795,0.0010503402,0.0010565724,0.0010686865,0.0010714993,0.0010599025,0.0010463325,0.0010390796,0.0010503402,0.0010565724,0.0010686866,0.0031832564,0.0,0.0,0.0010303681,0.0010115057,0.0010673115,0.0010899962,0.0010714892,0.0010599025,0.0,0.0010303681,0.0010115057,0.0010673115,0.0010789386,0.0010714949,0.0010599025,0.0010463325,0.0010673115,0.0,0.0010303681,0.0010115058,0.0,0.0010599025,0.0010463325,0.0010390795,0.0010503402,0.0010565724,0.0010686872,0.0,0.0010599025,0.0010463325,0.0010390795,0.0010503402,0.0010565724,0.0010686865,0.0,0.0010599028,0.0010463325,0.0010390795,0.0010503402,0.0010565721,0.0010686882,0.001071495,0.0010599025,0.0010463325,0.0010390795,0.0010503402,0.0010565724,0.0010686868,0.0,0.0,0.0010463325,0.0010303681,0.001021014,0.0010317964,0.0011071851,0.0,0.0010599025,0.0010463325,0.0010390795,0.0010503402,0.0010565724,0.0010686861,0.0010715873,0.0010599028,0.0010463325,0.0010390794,0.0010503402,0.0010565721,0.0010686888
k__Bacteria|p__Bacteroidetes|c__Bacteroidia|o__Bacteroidales|f__Prevotellaceae|g__Prevotella|s__Prevotella_copri_clade_A,0.0,0.001060831,0.0010473013,0.0010400874,0.0010513862,0.001057661,0.0010697916,0.0,0.0010608309,0.0010473013,0.0010400874,0.0010513862,0.001057661,0.0010697916,0.0,0.0,0.0010473296,0.0010313975,0.0010220654,0.0010328896,0.0011080764,0.001072417,0.0,0.0010473013,0.0010313776,0.0010220644,0.0010328896,0.0011080755,0.0,0.0,0.0010473013,0.0010313776,0.0010220644,0.0010328896,0.0011080754,0.0010723792,0.0010608309,0.0010473013,0.0010400874,0.0010513862,0.001057661,0.0010697916,0.0,0.0010608321,0.0010473013,0.0010400874,0.0010513862,0.001057661,0.0010697923,0.0010723794,0.0010608309,0.0010473013,0.0010400874,0.0010513862,0.001057661,0.0010697916,0.0,0.0010608315,0.0010473025,0.0010400879,0.0010513862,0.001057661,0.0010697924,0.0,0.0010608311,0.0010473013,0.0010400874,0.0010513862,0.001057661,0.0010697916,0.0,0.0010608311,0.0,0.0010313776,0.0010125564,0.0010682361,0.0010798937,0.0,0.0010608309,0.0010473013,0.0010400874,0.0010513862,0.001057661,0.0010697921,0.0,0.0,0.0,0.0010313776,0.0010125558,0.0010682361,0.0010909067,0.0010723883,0.0010608309,0.0,0.0010313776,0.0010125558,0.0010682361,0.0010799011,0.0010724554,0.0,0.0,0.0010313778,0.0010125564,0.0010682361,0.0010909059,0.0010724053,0.0,0.0010473013,0.0,0.0010608309,0.0010473013,0.0010682364,0.0010723828,0.0,0.0,0.0010313776,0.0010125558,0.0010682361,0.0010909042,0.0,0.0010608337,0.0,0.0010313776,0.0010125558,0.0010682361,0.0010798913,0.0,0.0,0.0010473037,0.0010608332,0.0,0.0010313776,0.0010608311,0.0010724165,0.0010608315,0.0,0.0010313775,0.0010125558,0.0010682361,0.0010798912,0.0,0.0,0.0010473015,0.0010313776,0.0010220644,0.0010328896,0.001108076,0.0,0.0,0.0010473013,0.0,0.0010608309,0.0010473013,0.0010682363,0.0,0.0010608383,0.0,0.0010608312,0.0,0.0010608309,0.0010473015,0.0,0.0,0.001047336,0.0010313826,0.0010220644,0.0010328896,0.0011080764,0.0,0.0010609019,0.0010608393,0.0010553151,0.0010668678,0.0,0.0009902476,0.0,0.001060835,0.001047303,0.0,0.0010608315,0.0010473015,0.0010400915,0.0010723879,0.0010608309,0.0010473013,0.0,0.0010608309,0.0010473013,0.0010400886,0.0,0.0010608312,0.0010473015,0.0010400874,0.0010513862,0.001057661,0.0010697916,0.001072379,0.0010608309,0.0010473013,0.0010400874,0.0010513862,0.001057661,0.0010697916,0.0010724129,0.0,0.0,0.0010313776,0.0010125558,0.0010682361,0.0010909041,0.0010723862,0.0017005036,0.0010473013,0.0010313776,0.0010220644,0.0010328896,0.0011080758,0.0,0.0010608312,0.0,0.0010313776,0.0010125558,0.0010682361,0.001079891,0.0010723979,0.0,0.0010473013,0.0010313776,0.0010220644,0.0010328896,0.0011080857,0.0,0.0010608309,0.0010473013,0.0010400874,0.0010513862,0.001057661,0.0010697932,0.0010723799,0.0010608309,0.0010473013,0.0010400874,0.0010513862,0.001057661,0.0010697916,0.0,0.001060832,0.0010473015,0.0010400874,0.0010513862,0.001057661,0.0010697916,0.0,0.0,0.0010473013,0.0010313776,0.0010220644,0.0010328896,0.0011080755,0.0010723809,0.0010608309,0.0,0.0,0.001060831,0.0010608309,0.001055315,0.0010724206,0.0,0.0010473018,0.0,0.001060831,0.0010473013,0.001068241,0.001072494,0.0,0.0010608311,0.0010473015,0.0010400874,0.0,0.001060832,0.0,0.001060831,0.0,0.0010313776,0.0010125558,0.0010682361,0.0010798989,0.0010723872,0.0,0.0010473013,0.0010313776,0.0010220644,0.0010328902,0.00110815,0.0010724042,0.0,0.0,0.0010313776,0.0010125558,0.0010682361,0.0010909042,0.0,0.0010608312,0.0010473015,0.0010400874,0.0010513862,0.001057661,0.0010697916,0.0010723756,0.0010608311,0.0010473015,0.0,0.001060831,0.0010473013,0.0010400893,0.0010723816,0.0,0.0010473015,0.0010313778,0.0010220644,0.0010328896,0.0011080783,0.0010723836,0.0,0.0010473015,0.0010313776,0.0010220644,0.0010328896,0.0011080782,0.0,0.0010608311,0.0010608312,0.0010553142,0.0010668678,0.0,0.0009903016,0.0010724163,0.0,0.0010473015,0.0010313776,0.0010220644,0.0010328896,0.0011080754,0.0010723845,0.0,0.0,0.0010313776,0.0010125564,0.0010682361,0.0010909063,0.0010724524,0.0010608322,0.0,0.0010313791,0.0010125564,0.0010682364,0.0010799009,0.0,0.0010608311,0.0010473015,0.0010400874,0.0010513862,0.001057661,0.0010697916,0.0,0.0010608335,0.0,0.0010313776,0.0010125558,0.0010682361,0.001079891,0.0,0.0010608311,0.0010473015,0.0010400874,0.0010513862,0.001057661,0.0010697916,0.0010723954,0.001060831,0.0010473013,0.0010400878,0.0010513862,0.001057661,0.001069792,0.0,0.0,0.0,0.0010313776,0.0010125558,0.0010682361,0.0010909048,0.0010723788,0.0010608309,0.0,0.0010313776,0.0010125558,0.0010682361,0.0010798922,0.0010723947,0.0010608311,0.0010473013,0.0010682361,0.0,0.0010313776,0.0010125564,0.0,0.0010608309,0.0010473013,0.0010400874,0.0010513862,0.001057661,0.0010697925,0.0,0.0010608309,0.0010473013,0.0010400874,0.0010513862,0.001057661,0.001069792,0.0,0.0010608322,0.0010473015,0.0010400874,0.0010513862,0.001057661,0.0010697937,0.0010723897,0.0010608309,0.0010473013,0.0010400874,0.0010513862,0.001057661,0.0010697921,0.0,0.0,0.0010473013,0.0010313776,0.0010220644,0.0010328896,0.0011080757,0.05854617,0.0010608309,0.0010473013,0.0010400874,0.0010513862,0.001057661,0.0010697916,0.0010725878,0.0010608337,0.0010473017,0.0010400874,0.0010513862,0.001057661,0.0010697948
k__Bacteria|p__Bacteroidetes|c__Bacteroidia|o__Bacteroidales|f__Bacteroidaceae|g__Bacteroides|s__Bacteroides_ovatus,0.0,0.0010601496,0.0010467404,0.0010397179,0.001051375,0.0010579977,0.0010703816,0.0,0.0010601496,0.0010467404,0.0010397179,0.001051375,0.0010579977,0.0010703815,0.0,0.0,0.001046763,0.001030961,0.0010218308,0.0010330193,0.0011078923,0.0010716235,0.0,0.0010467404,0.0010309448,0.0010218297,0.0010330192,0.0011078912,0.0,0.0,0.0010467404,0.0010309448,0.0010218297,0.0010330192,0.0011078913,0.0010715849,0.0010601496,0.0010467404,0.0010397179,0.001051375,0.0010579977,0.0010703815,0.0,0.0010601504,0.0010467408,0.0010397179,0.001051375,0.0010579977,0.0010703821,0.001071585,0.0010601496,0.0010467404,0.0010397179,0.001051375,0.0010579977,0.0010703814,0.0,0.00106015,0.0010467414,0.0010397184,0.001051375,0.0010579977,0.0010703821,0.0,0.0010601496,0.0010467404,0.0010397179,0.001051375,0.0010579977,0.0010703816,0.013395748,0.0010601496,0.0,0.0010309448,0.0010122585,0.0010676192,0.0010796211,0.0,0.0010601496,0.0010467404,0.0010397179,0.001051375,0.0010579977,0.0010703823,0.0,0.0,0.0,0.0010309448,0.0010122579,0.0010676192,0.0010905155,0.0010715942,0.0010601496,0.0,0.0010309448,0.0010122585,0.0010676192,0.0010796287,0.0010716525,0.0,0.0,0.001030945,0.0010122585,0.0010676192,0.0010905146,0.0010716096,0.0,0.0010467404,0.0,0.0010601496,0.0010467404,0.0010676193,0.0010715885,0.0,0.0,0.0010309448,0.0010122579,0.0010676192,0.001090513,0.0,0.0010601521,0.0,0.0010309448,0.0010122579,0.0010676192,0.0010796193,0.0,0.0,0.0010467423,0.0010601511,0.0,0.0010309448,0.0010601497,0.0010716184,0.00106015,0.0,0.0010309448,0.0010122579,0.0010676192,0.0010796189,0.0,0.0,0.0010467409,0.0010309448,0.0010218297,0.0010330192,0.0011078917,0.0,0.0,0.0010467404,0.0,0.0010601496,0.0010467404,0.0010676192,0.0,0.0010601573,0.0,0.0010601497,0.0,0.0010601496,0.0010467406,0.0,0.0,0.0010467684,0.0010309494,0.0010218298,0.0010330192,0.0011078926,0.0,0.0010602064,0.0010601562,0.0010548182,0.0010667223,0.0,0.0009900904,0.0,0.0010601535,0.0010467422,0.0,0.0010601503,0.0010467406,0.0010397217,0.0010715934,0.0010601496,0.0010467404,0.0,0.0010601496,0.0010467404,0.0010397194,0.0,0.0010601499,0.0010467406,0.0010397179,0.001051375,0.0010579977,0.0010703814,0.0010715846,0.0010601496,0.0010467404,0.0010397179,0.001051375,0.0010579977,0.0010703816,0.0010716126,0.0,0.0,0.0010309448,0.0010122579,0.0010676192,0.0010905125,0.0010715895,0.0,0.0010467404,0.0010309448,0.0010218297,0.0010330192,0.0011078919,0.0,0.0010601497,0.0,0.0010309448,0.0010122579,0.0010676192,0.0010796188,0.0010716044,0.0,0.0010467404,0.0010309448,0.0010218297,0.0010330193,0.0011079006,0.0,0.0010601496,0.0010467404,0.0010397179,0.001051375,0.0010579977,0.0010703836,0.0010715856,0.0010601496,0.0010467404,0.0010397179,0.001051375,0.0010579977,0.0010703815,0.005814708,0.0010601504,0.0010467407,0.0010397183,0.001051375,0.0010579977,0.0010703816,0.0,0.0,0.0010467404,0.0010309448,0.0010218297,0.0010330192,0.0011078917,0.0010715873,0.0010601496,0.0,0.0,0.0010601497,0.0010601496,0.0010548178,0.0010716253,0.0,0.0010467411,0.0,0.0010601497,0.0010467404,0.0010676235,0.0010716935,0.0,0.0010601501,0.0010467406,0.0010397179,0.0,0.0010601506,0.0,0.0010601495,0.0,0.0010309448,0.0010122585,0.0010676192,0.0010796265,0.0010715915,0.0,0.0010467404,0.0010309448,0.0010218298,0.0010330196,0.0011079658,0.001071607,0.0,0.0,0.0010309448,0.0010122579,0.0010676192,0.0010905126,0.0,0.0010601497,0.0010467406,0.0010397179,0.001051375,0.0010579977,0.0010703815,0.001071591,0.0010601497,0.0010467406,0.0,0.0010601497,0.0010467404,0.0010397193,0.0010715872,0.0,0.0010467406,0.0010309449,0.0010218297,0.0010330192,0.0011078945,0.0010715898,0.0,0.0010467406,0.0010309448,0.0010218298,0.0010330195,0.0011078938,0.0,0.0010601497,0.0010601499,0.0010548172,0.0010667226,0.0,0.0009901444,0.0010716188,0.0,0.0010467406,0.0010309448,0.0010218297,0.0010330192,0.0011078913,0.0010715915,0.0,0.0,0.0010309448,0.0010122585,0.0010676192,0.0010905149,0.0010716458,0.0010601508,0.0,0.0010309462,0.0010122585,0.0010676193,0.0010796284,0.0,0.0010601499,0.0010467406,0.0010397179,0.001051375,0.0010579977,0.0010703815,0.006255812,0.0010601518,0.01684103,0.0010309448,0.0010122579,0.0010676192,0.0010796188,0.0,0.0010601497,0.0010467404,0.0010397183,0.001051375,0.0010579977,0.0010703815,0.0010716002,0.00106015,0.0010467408,0.0010397184,0.0010513753,0.0010579977,0.001070382,0.0025150971,0.0,0.0,0.0010309448,0.0010122579,0.0010676192,0.0010905132,0.0010715845,0.0010601496,0.0,0.0010309448,0.0010122579,0.0010676192,0.0010796199,0.0010716011,0.0010601499,0.0010467404,0.0010676192,0.0,0.0010309448,0.0010122586,0.0,0.0010601496,0.0010467404,0.0010397183,0.001051375,0.0010579977,0.0010703827,0.0,0.0010601496,0.0010467404,0.0010397179,0.001051375,0.0010579977,0.0010703817,0.0,0.0010601504,0.0010467406,0.0010397179,0.001051375,0.0010579977,0.001070384,0.0010715941,0.0010601496,0.0010467404,0.0010397179,0.001051375,0.0010579977,0.001070382,0.0,0.0,0.0010467404,0.0010309448,0.0010218297,0.0010330192,0.001107892,0.0,0.0010601496,0.0010467404,0.0010397179,0.001051375,0.0010579977,0.0010703816,0.0010718436,0.0010601523,0.0010467408,0.0010397184,0.001051375,0.0010579979,0.0010703851
k__Bacteria|p__Bacteroidetes|c__Bacteroidia|o__Bacteroidales|f__Bacteroidaceae|g__Bacteroides|s__Bacteroides_uniformis,0.0,0.0010656187,0.0010518958,0.001044296,0.0010547591,0.0010602414,0.0010717495,0.0033058713,0.0010656188,0.0010518958,0.001044296,0.0010547591,0.0010602414,0.0010717497,0.0,0.0,0.0010518982,0.0010357636,0.0010260479,0.001036037,0.0011114115,0.0010773465,0.0,0.0010518958,0.0010357609,0.001026048,0.001036037,0.0011114124,0.0,0.0,0.0010518958,0.0010357609,0.001026048,0.001036037,0.0011114123,0.0010773434,0.0010656188,0.0010518958,0.001044296,0.0010547591,0.0010602414,0.0010717497,0.0,0.0010656188,0.0010518959,0.001044296,0.0010547591,0.0010602414,0.0010717496,0.0010773437,0.0010656188,0.0010518958,0.001044296,0.0010547591,0.0010602414,0.0010717497,0.0,0.0010656187,0.0010518957,0.0010442957,0.0010547589,0.0010602414,0.0010717498,0.0,0.0010656188,0.0010518958,0.001044296,0.0010547591,0.0010602414,0.0010717497,0.0,0.0010656188,0.0,0.0010357609,0.0010167088,0.0010728396,0.0010836624,0.0,0.0010656188,0.0010518958,0.001044296,0.0010547589,0.0010602414,0.0010717491,0.0,0.0,0.0,0.0010357609,0.0010167088,0.0010728396,0.0010948511,0.0010773429,0.0010656188,0.0,0.0010357609,0.0010167088,0.0010728396,0.0010836582,0.0010773389,0.0,0.0,0.001035761,0.0010167088,0.0010728396,0.0010948514,0.0010773448,0.0,0.0010518958,0.0,0.0010656188,0.0010518958,0.0010728396,0.0010773427,0.0,0.0,0.0010357609,0.0010167088,0.0010728396,0.0010948523,0.0,0.0010656186,0.0,0.0010357609,0.0010167088,0.0010728396,0.0010836626,0.0,0.0,0.001051896,0.0010656184,0.0,0.0010357609,0.0010656187,0.0010773441,0.0010656187,0.0,0.0010357607,0.0010167088,0.0010728396,0.0010836631,0.0,0.0,0.0010518956,0.0010357609,0.001026048,0.001036037,0.0011114118,0.0,0.0,0.0010518958,0.0,0.0010656188,0.0010518958,0.0010728393,0.0,0.0010656184,0.0,0.0010656189,0.0,0.0010656188,0.0010518959,0.0,0.0,0.0010518953,0.001035761,0.001026048,0.001036037,0.0011114116,0.0,0.0010656165,0.0010656185,0.0010597283,0.0010704483,0.0,0.00099413,0.0,0.0010656184,0.0010518956,0.0,0.0010656187,0.0010518956,0.0010442955,0.0010773442,0.0010656188,0.0010518958,0.0,0.0010656188,0.0010518958,0.0010442956,0.0,0.0010656189,0.0010518959,0.001044296,0.0010547591,0.0010602414,0.0010717497,0.001077344,0.0010656188,0.0010518958,0.001044296,0.0010547591,0.0010602414,0.0010717497,0.0010773428,0.0,0.0,0.0010357609,0.0010167088,0.0010728396,0.0010948522,0.0010773416,0.001321272,0.0010518958,0.0010357609,0.001026048,0.001036037,0.0011114117,0.0,0.0010656189,0.0,0.0010357609,0.0010167088,0.0010728396,0.0010836631,0.001077342,0.0,0.0010518958,0.0010357609,0.001026048,0.0010360366,0.001111406,0.0,0.0010656188,0.0010518958,0.001044296,0.0010547589,0.0010602414,0.0010717489,0.0010773437,0.0010656188,0.0010518958,0.001044296,0.0010547591,0.0010602414,0.0010717497,0.005798278,0.0010656188,0.0010518956,0.001044296,0.0010547589,0.0010602414,0.0010717495,0.0,0.0,0.0010518958,0.0010357609,0.001026048,0.001036037,0.0011114123,0.0010773437,0.0010656188,0.0,0.0,0.0010656189,0.0010656188,0.0010597286,0.0010773474,0.0,0.0010518958,0.0,0.0010656189,0.0010518958,0.0010728393,0.0010773493,0.0,0.0010656189,0.0010518956,0.0010442956,0.0,0.0010656185,0.0,0.0010656187,0.0,0.0010357609,0.0010167088,0.0010728396,0.0010836592,0.0010773436,0.0,0.0010518958,0.0010357609,0.001026048,0.0010360366,0.0011113669,0.0010773448,0.0,0.0,0.0010357609,0.0010167088,0.0010728396,0.0010948525,0.0,0.0010656189,0.0010518959,0.001044296,0.0010547591,0.0010602414,0.0010717497,0.0010773642,0.0010656189,0.0010518958,0.0,0.0010656188,0.0010518958,0.0010442956,0.0010773423,0.0,0.0010518958,0.001035761,0.001026048,0.0010360366,0.0011114104,0.001077343,0.0,0.0010518959,0.0010357609,0.001026048,0.0010360368,0.0011114103,0.0,0.0010656189,0.0010656187,0.0010597286,0.0010704483,0.0,0.0009941382,0.0010773436,0.0,0.0010518958,0.0010357609,0.001026048,0.001036037,0.0011114123,0.0010773431,0.0,0.0,0.0010357609,0.0010167088,0.0010728396,0.0010948515,0.0010773411,0.0010656181,0.0,0.0010357607,0.001016709,0.0010728395,0.0010836595,0.0,0.0010656188,0.0010518958,0.001044296,0.0010547591,0.0010602414,0.0010717497,0.0023754511,0.0010656188,0.0,0.0010357609,0.0010167088,0.0010728396,0.0010836631,0.0,0.0010656188,0.0010518956,0.001044296,0.0010547591,0.0010602414,0.0010717498,0.0010773394,0.0010656186,0.0010518957,0.0010442958,0.0010547589,0.0010602414,0.0010717496,0.0,0.0,0.0,0.0010357609,0.0010167088,0.0010728396,0.0010948522,0.0010773435,0.0010656188,0.0,0.0010357609,0.0010167088,0.0010728396,0.0010836624,0.0010773431,0.0010656188,0.0010518958,0.0010728396,0.0,0.0010357609,0.001016709,0.0011440727,0.0010656188,0.0010518958,0.001044296,0.0010547589,0.0010602414,0.001071749,0.0,0.0010656188,0.0010518958,0.001044296,0.0010547589,0.0010602414,0.0010717495,0.0024732316,0.0010656185,0.0010518958,0.001044296,0.0010547589,0.0010602414,0.0010717482,0.001077341,0.0010656188,0.0010518958,0.001044296,0.0010547591,0.0010602414,0.0010717495,0.0,0.0,0.0010518958,0.0010357609,0.001026048,0.001036037,0.001111412,0.0,0.0010656188,0.0010518958,0.001044296,0.0010547591,0.0010602414,0.0010717497,0.0010774138,0.0010656187,0.0010518957,0.0010442958,0.0010547589,0.0010602414,0.001071748
k__Bacteria|p__Bacteroidetes|c__Bacteroidia|o__Bacteroidales|f__Tannerellaceae|g__Parabacteroides|s__Parabacteroides_distasonis,0.0,0.0010596298,0.001045898,0.0010384128,0.0010492762,0.0010551164,0.0010669606,0.0,0.00105963,0.001045898,0.0010384128,0.0010492762,0.0010551164,0.0010669606,0.0,0.0,0.001045916,0.001029773,0.0010201696,0.0010305431,0.0011064534,0.0010714363,0.0,0.001045898,0.0010297631,0.0010201691,0.0010305434,0.0011064529,0.0,0.0,0.001045898,0.0010297635,0.0010201691,0.0010305434,0.0011064529,0.0010713708,0.0010596298,0.001045898,0.0010384128,0.0010492762,0.0010551164,0.0010669605,0.0,0.0010596309,0.0010458981,0.0010384128,0.0010492762,0.0010551164,0.0010669614,0.001071371,0.0010596298,0.001045898,0.0010384128,0.0010492762,0.0010551164,0.0010669606,0.0,0.0010596301,0.0010458991,0.0010384131,0.0010492762,0.0010551164,0.0010669616,0.0,0.00105963,0.001045898,0.0010384128,0.0010492762,0.0010551164,0.0010669606,0.0057335403,0.00105963,0.0,0.0010297635,0.0010107242,0.0010669787,0.0010782324,0.0,0.0010596298,0.001045898,0.0010384128,0.0010492766,0.0010551164,0.0010669604,0.0,0.0,0.0,0.0010297635,0.0010107242,0.0010669787,0.0010894542,0.0010713898,0.00105963,0.0,0.0010297635,0.0010107242,0.0010669787,0.0010782388,0.001071528,0.0,0.0,0.0010297635,0.0010107242,0.0010669787,0.0010894537,0.0010714241,0.0,0.001045898,0.0,0.0010596298,0.001045898,0.0010669787,0.0010713764,0.0,0.0,0.0010297631,0.0010107242,0.0010669787,0.0010894536,0.0,0.0010596317,0.0,0.0010297635,0.0010107242,0.0010669787,0.0010782309,0.0,0.0,0.0010458988,0.0010596323,0.0,0.0010297635,0.0010596302,0.0010714106,0.0010596302,0.0,0.0010297634,0.0010107242,0.0010669787,0.0010782309,0.0,0.0,0.0010458982,0.0010297631,0.0010201691,0.0010305434,0.0011064536,0.0,0.0,0.001045898,0.0,0.0010596298,0.001045898,0.0010669788,0.0,0.0010596322,0.0,0.0010596301,0.0,0.0010596298,0.0010458981,0.0,0.0,0.001045918,0.0010297665,0.0010201691,0.0010305434,0.0011064529,0.0,0.0010596788,0.0010596357,0.0010538533,0.0010649872,0.0,0.0009881873,0.0,0.001059632,0.0010458989,0.0,0.0010596302,0.0010458982,0.001038416,0.001071382,0.0010596298,0.001045898,0.0,0.0010596298,0.001045898,0.001038414,0.0,0.0010596303,0.0010458981,0.0010384128,0.0010492762,0.0010551164,0.0010669605,0.0010713708,0.0010596298,0.001045898,0.0010384128,0.0010492762,0.0010551164,0.0010669606,0.0010714273,0.0,0.0,0.0010297631,0.0010107242,0.0010669787,0.0010894536,0.0010713846,0.0018667001,0.001045898,0.0010297631,0.0010201691,0.0010305434,0.0011064531,0.0,0.0010596301,0.0,0.0010297631,0.0010107242,0.0010669787,0.0010782308,0.0010714006,0.0,0.001045898,0.0010297635,0.0010201691,0.0010305434,0.0011064614,0.0,0.0010596298,0.001045898,0.0010384128,0.0010492766,0.0010551164,0.0010669616,0.001071373,0.0010596298,0.001045898,0.0010384128,0.0010492762,0.0010551164,0.0010669605,0.0045129843,0.0010596304,0.0010458982,0.0010384128,0.0010492766,0.0010551164,0.0010669606,0.0,0.0,0.001045898,0.0010297635,0.0010201691,0.0010305434,0.0011064529,0.0010713752,0.0010596298,0.0,0.0,0.0010596301,0.00105963,0.0010538525,0.0010714357,0.0,0.0010458982,0.0,0.0010596301,0.001045898,0.001066983,0.0010716103,0.0,0.0010596303,0.0010458982,0.0010384128,0.0,0.0010596302,0.0,0.0010596298,0.0,0.0010297635,0.0010107242,0.0010669788,0.0010782386,0.0010713813,0.0,0.001045898,0.0010297631,0.0010201691,0.0010305439,0.001106523,0.0010713951,0.0,0.0,0.0010297635,0.0010107242,0.0010669787,0.0010894537,0.0,0.0010596301,0.0010458981,0.0010384128,0.0010492762,0.0010551164,0.0010669606,0.0010714161,0.0010596302,0.0010458982,0.0,0.0010596302,0.001045898,0.0010384145,0.0010713761,0.0,0.0010458983,0.0010297635,0.0010201691,0.0010305434,0.0011064536,0.0010713767,0.0,0.0010458981,0.0010297635,0.0010201691,0.0010305435,0.0011064548,0.0,0.00105963,0.0010596303,0.0010538526,0.0010649872,0.0,0.0009882181,0.0010714441,0.0,0.0010458982,0.0010297635,0.0010201691,0.0010305434,0.0011064529,0.0010713785,0.0,0.0,0.0010297631,0.0010107242,0.0010669787,0.0010894538,0.001071518,0.0010596316,0.0,0.0010297648,0.0010107243,0.0010669787,0.001078237,0.0,0.0010596302,0.0010458982,0.0010384128,0.0010492762,0.0010551164,0.0010669605,0.037188113,0.0010596308,0.13445143,0.0010297631,0.0010107242,0.0010669787,0.0010782308,0.0,0.0010596302,0.0010458982,0.0010384128,0.0010492762,0.0010551164,0.0010669606,0.0010713956,0.0010596302,0.0010458983,0.0010384131,0.0010492762,0.0010551164,0.0010669607,0.0,0.0,0.0,0.0010297631,0.0010107242,0.0010669787,0.0010894537,0.0010713701,0.0010596298,0.0,0.0010297631,0.0010107242,0.0010669787,0.0010782317,0.0010713865,0.00105963,0.001045898,0.0010669787,0.0,0.0010297631,0.0010107242,0.0,0.0010596298,0.001045898,0.0010384128,0.0010492766,0.0010551164,0.0010669611,0.0,0.0010596298,0.001045898,0.0010384128,0.0010492766,0.0010551164,0.0010669607,0.0,0.0010596309,0.0010458982,0.0010384128,0.0010492762,0.0010551164,0.0010669618,0.0010713905,0.0010596298,0.001045898,0.0010384128,0.0010492762,0.0010551164,0.0010669609,0.0,0.0,0.001045898,0.0010297635,0.0010201691,0.0010305434,0.0011064534,0.0,0.0010596298,0.001045898,0.0010384128,0.0010492762,0.0010551164,0.0010669606,0.0010716795,0.0010596316,0.001045898,0.0010384127,0.0010492766,0.0010551164,0.001066962
k__Bacteria|p__Bacteroidetes|c__Bacteroidia|o__Bacteroidales|f__Bacteroidaceae|g__Phocaeicola|s__Phocaeicola_vulgatus,0.0,0.0010671874,0.0010535953,0.0010461535,0.0010568404,0.0010625516,0.0010741971,0.0,0.0010671879,0.0010535953,0.0010461535,0.0010568404,0.0010625516,0.0010741971,0.0026527196,0.0,0.0010535918,0.0010375937,0.0010280459,0.0010382709,0.0011131113,0.0010787871,0.0,0.0010535953,0.0010375954,0.001028046,0.0010382709,0.0011131113,0.0,0.0,0.0010535953,0.0010375953,0.001028046,0.0010382709,0.0011131114,0.001078787,0.0010671878,0.0010535953,0.0010461535,0.0010568404,0.0010625516,0.001074197,0.0,0.0010671878,0.0010535954,0.0010461535,0.0010568404,0.0010625516,0.0010741977,0.0010787875,0.0010671878,0.0010535953,0.0010461535,0.0010568404,0.0010625516,0.0010741971,0.0,0.0010671876,0.0010535952,0.0010461536,0.0010568404,0.0010625516,0.0010741975,0.0,0.0010671879,0.0010535953,0.0010461535,0.0010568404,0.0010625516,0.0010741971,0.070996016,0.0010671879,0.0,0.0010375953,0.001018681,0.0010744274,0.0010854511,0.0,0.0010671878,0.0010535953,0.0010461535,0.0010568404,0.0010625516,0.0010741972,0.0,0.0,0.0,0.0010375953,0.001018681,0.0010744274,0.001096501,0.0010787875,0.0010671879,0.0024148526,0.0010375953,0.0010186816,0.0010744274,0.0010854513,0.0010787832,0.0,0.0,0.0010375953,0.001018681,0.0010744274,0.0010965012,0.0010787854,0.0,0.0010535953,0.0,0.0010671878,0.0010535953,0.0010744274,0.0010787864,0.0,0.0,0.0010375953,0.0010186816,0.0010744274,0.0010965009,0.0,0.0010671873,0.0,0.0010375953,0.001018681,0.0010744274,0.0010854505,0.0,0.0,0.0010535951,0.0010671872,0.0,0.0010375953,0.0010671876,0.0010787791,0.0010671876,0.0,0.0010375952,0.001018681,0.0010744274,0.0010854502,0.0,0.0,0.0010535952,0.0010375953,0.001028046,0.0010382709,0.0011131112,0.0,0.0,0.0010535953,0.0,0.0010671878,0.0010535953,0.0010744274,0.0,0.0010671858,0.0,0.0010671879,0.0,0.0010671878,0.0010535954,0.0,0.0,0.001053589,0.001037594,0.001028046,0.0010382709,0.0011131109,0.0,0.0010671706,0.0010671854,0.0010614485,0.00107238,0.0,0.0009962475,0.0,0.0010671868,0.0010535948,0.0,0.0010671875,0.0010535954,0.0010461541,0.0010787857,0.0010671878,0.0010535953,0.0,0.0010671878,0.0010535953,0.0010461538,0.0,0.0010671876,0.0010535954,0.0010461535,0.0010568404,0.0010625516,0.0010741971,0.0010787873,0.0010671878,0.0010535953,0.0010461535,0.0010568404,0.0010625516,0.0010741971,0.0010787868,0.0,0.0,0.0010375954,0.0010186816,0.0010744274,0.0010965011,0.0010787848,0.003404402,0.0010535953,0.0010375954,0.001028046,0.0010382709,0.0011131112,0.0,0.0010671879,0.0,0.0010375954,0.0010186816,0.0010744274,0.0010854502,0.0010787859,0.008604876,0.0010535953,0.0010375953,0.001028046,0.0010382709,0.0011131121,0.0,0.0010671878,0.0010535953,0.0010461535,0.0010568404,0.0010625516,0.0010741983,0.0010787873,0.0010671878,0.0010535953,0.0010461535,0.0010568404,0.0010625516,0.001074197,0.0,0.0010671876,0.0010535954,0.0010461535,0.0010568404,0.0010625516,0.0010741971,0.0,0.0,0.0010535953,0.0010375953,0.001028046,0.0010382709,0.0011131113,0.001078787,0.0010671878,0.0,0.0,0.0010671879,0.0010671879,0.001061449,0.0010787877,0.0,0.0010535952,0.0,0.0010671879,0.0010535953,0.0010744279,0.0010787856,0.0,0.0010671876,0.0010535954,0.0010461535,0.0,0.0010671879,0.0016361654,0.0010671876,0.0056910845,0.0010375953,0.0010186816,0.0010744274,0.0010854522,0.0010787867,0.0,0.0010535953,0.0010375953,0.001028046,0.0010382709,0.0011131112,0.0010787841,0.0,0.0,0.0010375953,0.0010186816,0.0010744274,0.0010965012,0.0,0.0010671879,0.0010535954,0.0010461535,0.0010568404,0.0010625516,0.0010741971,0.0010788023,0.0010671879,0.0010535954,0.0,0.0010671875,0.0010535953,0.0010461536,0.0010787868,0.0,0.0010535954,0.0010375954,0.001028046,0.0010382709,0.0011131116,0.0010787866,0.0,0.0010535954,0.0010375953,0.001028046,0.0010382709,0.0011131114,0.0,0.0010671875,0.0010671876,0.0010614488,0.0010723799,0.0,0.0009962717,0.0010787854,0.0,0.0010535954,0.0010375953,0.001028046,0.0010382709,0.0011131114,0.0010787867,0.0,0.0,0.0010375953,0.001018681,0.0010744274,0.0010965011,0.0010787857,0.0010671872,0.0,0.0010375951,0.0010186811,0.0010744272,0.001085452,0.0,0.0010671875,0.0010535954,0.0010461535,0.0010568404,0.0010625516,0.001074197,0.0,0.0010671872,0.0,0.0010375953,0.0010186816,0.0010744274,0.0010854502,0.0018830576,0.0010671876,0.0010535954,0.0010461535,0.0010568404,0.0010625516,0.0010741971,0.0010787855,0.0010671875,0.0010535952,0.0010461534,0.0010568404,0.0010625516,0.0010741975,0.0021934623,0.04320098,0.0020832487,0.0010375954,0.0010186816,0.0010744274,0.0010965015,0.0010787871,0.0010671878,0.0,0.0010375954,0.0010186816,0.0010744274,0.0010854504,0.0010787864,0.0010671875,0.0010535953,0.0010744274,0.0,0.0010375954,0.0010186817,0.0,0.0010671878,0.0010535953,0.0010461535,0.0010568404,0.0010625516,0.0010741978,0.0,0.0010671878,0.0010535953,0.0010461535,0.0010568404,0.0010625516,0.0010741972,0.0,0.0010671873,0.0010535954,0.0010461535,0.0010568404,0.0010625516,0.0010741984,0.0010787842,0.0010671878,0.0010535953,0.0010461535,0.0010568404,0.0010625516,0.0010741974,0.0,0.0,0.0010535953,0.0010375953,0.001028046,0.0010382709,0.0011131112,0.0,0.0010671878,0.0010535953,0.0010461535,0.0010568404,0.0010625516,0.0010741971,0.0010788199,0.0010671872,0.0010535952,0.0010461535,0.0010568404,0.0010625516,0.0010741986
k__Bacteria|p__Bacteroidetes|c__Bacteroidia|o__Bacteroidales|f__Bacteroidaceae|g__Bacteroides|s__Bacteroides_fragilis,0.0,0.0010638149,0.0010502394,0.0010428942,0.0010538636,0.001059832,0.0010717058,0.0016691226,0.0010638151,0.0010502394,0.0010428942,0.0010538636,0.001059832,0.0010717057,0.0030037535,0.51460457,0.001050254,0.0010342724,0.0010248135,0.0010353131,0.0011103891,0.0010754281,0.0,0.0010502394,0.0010342622,0.001024813,0.0010353131,0.0011103883,0.0,0.0,0.0010502394,0.0010342622,0.001024813,0.0010353131,0.0011103883,0.001075403,0.001063815,0.0010502394,0.0010428942,0.0010538636,0.001059832,0.0010717056,0.0,0.0010638151,0.0010502394,0.0010428942,0.0010538636,0.001059832,0.0010717069,0.0010754031,0.001063815,0.0010502394,0.0010428942,0.0010538636,0.001059832,0.0010717058,0.0,0.0010638153,0.00105024,0.0010428942,0.0010538636,0.001059832,0.0010717064,0.0,0.0010638151,0.0010502394,0.0010428942,0.0010538636,0.001059832,0.0010717057,0.27645475,0.0010638151,0.0052083493,0.0010342622,0.0010153789,0.001071136,0.001082456,0.0069200974,0.001063815,0.0010502394,0.0010428942,0.0010538636,0.001059832,0.001071706,0.0,0.0,0.0,0.0010342622,0.0010153789,0.001071136,0.0010935018,0.0010754084,0.0010638151,0.0,0.0010342622,0.0010153789,0.001071136,0.0010824599,0.0010754488,0.0,0.0,0.0010342624,0.0010153789,0.001071136,0.0010935022,0.0010754201,0.0,0.0010502394,0.0,0.001063815,0.0010502394,0.0010711359,0.0010754043,0.0,0.0,0.0010342622,0.0010153789,0.001071136,0.0010935018,0.0,0.0010638162,0.0,0.0010342622,0.0010153789,0.001071136,0.0010824543,0.0,0.0,0.0010502404,0.0010638158,0.0,0.0010342622,0.0010638153,0.00107542,0.0010638153,0.0,0.0010342622,0.0010153789,0.001071136,0.001082454,0.0,0.0,0.0010502395,0.0010342622,0.001024813,0.0010353131,0.0011103888,0.0,0.0,0.0010502394,0.0,0.001063815,0.0010502394,0.0010711359,0.6157679,0.0010638185,0.013378817,0.0010638152,0.0,0.001063815,0.0010502395,0.0,0.0,0.0010502536,0.0010342646,0.0010248132,0.0010353131,0.0011103884,0.0,0.0010638444,0.0010638189,0.0010581709,0.001069391,0.0,0.0009929939,0.0,0.0010638166,0.0010502401,0.0,0.0010638153,0.0010502395,0.0010428971,0.0010754078,0.001063815,0.0010502394,0.008290903,0.001063815,0.0010502394,0.001042895,0.0,0.0010638151,0.0010502395,0.0010428942,0.0010538636,0.001059832,0.0010717057,0.001075403,0.001063815,0.0010502394,0.0010428942,0.0010538636,0.001059832,0.0010717057,0.0010754189,0.0,0.0,0.0010342622,0.0010153789,0.001071136,0.0010935018,0.0010754054,0.0021045494,0.0010502394,0.0010342622,0.001024813,0.0010353131,0.0011103887,0.0,0.0010638152,0.0,0.0010342622,0.0010153789,0.001071136,0.0010824539,0.0010754161,0.0,0.0010502394,0.0010342622,0.001024813,0.0010353131,0.0011103948,0.0,0.001063815,0.0010502394,0.0010428942,0.0010538636,0.001059832,0.0010717068,0.0010754036,0.001063815,0.0010502394,0.0010428942,0.0010538636,0.001059832,0.0010717056,0.12671103,0.0010638154,0.0010502395,0.0010428942,0.0010538636,0.001059832,0.001071706,0.0026524563,0.0,0.0010502394,0.0010342622,0.001024813,0.0010353131,0.0011103884,0.001075404,0.001063815,0.058056783,0.010087189,0.0010638152,0.0010638151,0.0010581708,0.0010754276,0.0,0.0010502397,0.0,0.0010638152,0.0010502394,0.0010711402,0.0010754848,0.0,0.001063815,0.0010502395,0.0010428942,0.0,0.0010638156,0.0,0.001063815,0.0,0.0010342622,0.0010153789,0.0010711359,0.0010824632,0.0010754071,0.0,0.0010502394,0.0010342622,0.0010248132,0.0010353135,0.0011104321,0.0010754162,0.0,0.0,0.0010342622,0.0010153789,0.001071136,0.0010935018,0.0,0.0010638152,0.0010502395,0.0010428942,0.0010538636,0.001059832,0.0010717057,0.0010754118,0.0010638151,0.0010502395,0.0,0.0010638149,0.0010502394,0.0010428953,0.0010754038,0.0,0.0010502395,0.0010342626,0.001024813,0.0010353131,0.0011103897,0.001075405,0.0,0.0010502395,0.0010342621,0.0010248132,0.0010353132,0.0011103901,0.0,0.0010638151,0.0010638154,0.0010581706,0.0010693908,0.0,0.0009930319,0.0010754191,0.0,0.0010502395,0.0010342622,0.001024813,0.0010353131,0.0011103883,0.001075405,0.0,0.0,0.0010342622,0.0010153789,0.001071136,0.0010935022,0.0010754495,0.0010638156,0.0,0.0010342632,0.0010153791,0.001071136,0.0010824593,0.0,0.001063815,0.0010502395,0.0010428942,0.0010538636,0.001059832,0.0010717056,0.0032306216,0.0010638164,0.006761669,0.0010342622,0.0010153789,0.001071136,0.0010824539,0.0,0.0010638153,0.0010502395,0.0010428942,0.0010538636,0.001059832,0.0010717058,0.0010754113,0.0010638152,0.0010502394,0.0010428942,0.0010538636,0.001059832,0.0010717062,0.0,0.0,0.0,0.0010342622,0.0010153789,0.001071136,0.0010935023,0.0010754028,0.001063815,0.0,0.0010342622,0.0010153789,0.001071136,0.0010824549,0.0010754098,0.001063815,0.0010502394,0.001071136,0.0,0.0010342622,0.0010153791,0.0,0.001063815,0.0010502394,0.0010428942,0.0010538636,0.001059832,0.0010717068,0.0,0.001063815,0.0010502394,0.0010428942,0.0010538636,0.001059832,0.0010717061,0.0,0.0010638154,0.0010502395,0.0010428942,0.0010538636,0.001059832,0.0010717079,0.0010754069,0.001063815,0.0010502394,0.0010428942,0.0010538636,0.001059832,0.0010717063,0.0,0.0,0.0010502394,0.0010342622,0.001024813,0.0010353131,0.0011103888,0.0,0.001063815,0.0010502394,0.0010428942,0.0010538636,0.001059832,0.0010717057,0.00107559,0.0010638162,0.0010502394,0.0010428942,0.0010538636,0.001059832,0.0010717082
k__Bacteria|p__Fusobacteria|c__Fusobacteriia|o__Fusobacteriales|f__Leptotrichiaceae|g__Leptotrichia|s__Leptotrichia_sp_oral_taxon_215,0.0,0.0010603864,0.0010467828,0.00103947,0.0010506097,0.0010567256,0.0010687516,0.0,0.0010603865,0.0010467828,0.00103947,0.0010506097,0.0010567256,0.0010687518,0.0,0.0,0.0010467852,0.0010307841,0.0010213659,0.0010320266,0.0011074774,0.0010720023,0.0,0.0010467828,0.0010307819,0.0010213659,0.0010320266,0.0011074777,0.0,0.0,0.0010467828,0.0010307819,0.0010213659,0.0010320266,0.0011074777,0.0010720044,0.0010603865,0.0010467828,0.00103947,0.0010506097,0.0010567256,0.0010687516,0.0,0.0010603865,0.0010467829,0.00103947,0.0010506097,0.0010567256,0.0010687519,0.0010720048,0.0010603865,0.0010467828,0.00103947,0.0010506097,0.0010567256,0.0010687518,0.0,0.0010603864,0.0010467827,0.0010394697,0.0010506097,0.0010567256,0.0010687518,0.0,0.0010603865,0.0010467828,0.00103947,0.0010506097,0.0010567256,0.0010687517,0.0,0.0010603865,0.0,0.0010307819,0.0010118806,0.0010677712,0.0010792796,0.0,0.0010603865,0.0010467828,0.00103947,0.0010506097,0.0010567256,0.0010687518,0.0,0.0,0.0,0.0010307819,0.0010118806,0.0010677712,0.0010903685,0.0010720039,0.0010603865,0.0,0.0010307819,0.0010118806,0.0010677712,0.0010792778,0.0010719947,0.0,0.0,0.001030782,0.0010118806,0.0010677712,0.0010903687,0.0010720018,0.0,0.0010467828,0.0,0.0010603865,0.0010467828,0.0010677712,0.0010720039,0.0,0.0,0.0010307819,0.0010118806,0.0010677712,0.001090369,0.0,0.0010603863,0.0,0.0010307819,0.0010118806,0.0010677712,0.0010792786,0.0,0.0,0.0010467832,0.0010603868,0.0,0.0010307819,0.0010603864,0.001072004,0.0010603864,0.0,0.0010307818,0.0010118806,0.0010677712,0.0010792788,0.0,0.0,0.0010467829,0.0010307819,0.0010213659,0.0010320266,0.0011074776,0.0,0.0,0.0010467828,0.0,0.0010603865,0.0010467828,0.0010677711,0.0,0.0010603865,0.0,0.0010603867,0.0,0.0010603865,0.0010467829,0.0,0.0,0.0010467863,0.0010307818,0.001021366,0.0010320266,0.0011074771,0.0,0.0010603846,0.001060386,0.0010547744,0.0010661752,0.0,0.0009894778,0.0,0.0010603862,0.0010467829,0.0,0.0010603865,0.0010467828,0.0010394702,0.0010720055,0.0010603865,0.0010467828,0.0,0.0010603865,0.0010467828,0.0010394698,0.0,0.0010603867,0.0010467829,0.00103947,0.0010506097,0.0010567256,0.0010687518,0.0010720047,0.0010603865,0.0010467828,0.00103947,0.0010506097,0.0010567256,0.0010687517,0.0010720001,0.0,0.0,0.0010307819,0.0010118806,0.0010677712,0.0010903688,0.001072002,0.0,0.0010467828,0.0010307819,0.0010213659,0.0010320266,0.0011074774,0.0,0.0010603867,0.0,0.0010307819,0.0010118806,0.0010677712,0.0010792789,0.0010720039,0.0,0.0010467828,0.0010307819,0.0010213659,0.0010320266,0.0011074767,0.0,0.0010603865,0.0010467828,0.00103947,0.0010506097,0.0010567256,0.0010687516,0.0010720048,0.0010603865,0.0010467828,0.00103947,0.0010506097,0.0010567256,0.0010687516,0.0,0.0010603867,0.0010467828,0.00103947,0.0010506097,0.0010567256,0.0010687516,0.0,0.0,0.0010467828,0.0010307819,0.0010213659,0.0010320266,0.0011074778,0.0010720044,0.0010603865,0.0,0.0,0.0010603867,0.0010603865,0.0010547744,0.0010720027,0.0,0.0010467827,0.0,0.0010603867,0.0010467828,0.0010677722,0.0010719963,0.0,0.0010603867,0.0010467828,0.00103947,0.0,0.0010603867,0.0,0.0010603864,0.0,0.0010307819,0.0010118806,0.0010677712,0.0010792809,0.0010720046,0.0,0.0010467828,0.0010307819,0.001021366,0.0010320264,0.0011074765,0.001072006,0.0,0.0,0.0010307819,0.0010118806,0.0010677712,0.0010903691,0.0,0.0010603867,0.0010467829,0.00103947,0.0010506097,0.0010567256,0.0010687518,0.0010720161,0.0010603867,0.0010467828,0.0,0.0010603864,0.0010467828,0.0010394701,0.0010720037,0.0,0.0010467828,0.0010307819,0.0010213659,0.0010320266,0.0011074775,0.001072004,0.0,0.0010467829,0.0010307819,0.001021366,0.0010320266,0.001107477,0.0,0.0010603867,0.0010603864,0.0010547744,0.0010661748,0.0,0.000989501,0.0010719965,0.0,0.0010467828,0.0010307819,0.0010213659,0.0010320266,0.0011074777,0.001072004,0.0,0.0,0.0010307819,0.0010118806,0.0010677712,0.0010903692,0.001071999,0.0010603861,0.0,0.0010307819,0.0010118807,0.0010677712,0.0010792792,0.0,0.0010603865,0.0010467828,0.00103947,0.0010506097,0.0010567256,0.0010687516,0.0,0.0010603865,0.0,0.0010307819,0.0010118806,0.0010677712,0.0010792789,0.0,0.0010603867,0.0010467829,0.00103947,0.0010506097,0.0010567256,0.0010687518,0.0010720005,0.0010603863,0.0010467827,0.0010394698,0.0010506097,0.0010567256,0.0010687516,0.0,0.0,0.0,0.0010307819,0.0010118806,0.0010677712,0.0010903691,0.0010720046,0.0010603865,0.0,0.0010307819,0.0010118806,0.0010677712,0.0010792786,0.0010720028,0.0010603865,0.0010467828,0.0010677712,0.0,0.0010307819,0.0010118807,0.0,0.0010603865,0.0010467828,0.00103947,0.0010506097,0.0010567256,0.0010687519,0.0,0.0010603865,0.0010467828,0.00103947,0.0010506097,0.0010567256,0.0010687514,0.0,0.0010603863,0.0010467828,0.00103947,0.0010506097,0.0010567256,0.001068752,0.0010720011,0.0010603865,0.0010467828,0.00103947,0.0010506097,0.0010567256,0.0010687518,0.0,0.0,0.0010467828,0.0010307819,0.0010213659,0.0010320266,0.0011074776,0.0,0.0010603865,0.0010467828,0.00103947,0.0010506097,0.0010567256,0.0010687517,0.0010720373,0.0010603867,0.0010467828,0.0010394697,0.0010506097,0.0010567256,0.0010687523
k__Bacteria|p__Fusobacteria|c__Fusobacteriia|o__Fusobacteriales|f__Fusobacteriaceae|g__GGB37269|s__GGB37269_SGB47247,0.0,0.0010588729,0.0010451205,0.001037621,0.001048485,0.0010543208,0.0010661728,0.0,0.0010588731,0.0010451205,0.001037621,0.001048485,0.0010543208,0.0010661728,0.0,0.0,0.0010451389,0.0010289783,0.0010193571,0.0010297279,0.0011057649,0.0010706731,0.0,0.0010451205,0.0010289653,0.0010193562,0.0010297279,0.0011057645,0.0,0.0,0.0010451205,0.0010289653,0.0010193562,0.0010297279,0.0011057646,0.0010706341,0.001058873,0.0010451205,0.001037621,0.001048485,0.0010543208,0.0010661731,0.0,0.0010588738,0.0010451206,0.001037621,0.001048485,0.0010543208,0.0010661728,0.0010706339,0.001058873,0.0010451205,0.001037621,0.001048485,0.0010543208,0.0010661731,0.0,0.0010588731,0.0010451211,0.001037621,0.001048485,0.0010543211,0.0010661735,0.0,0.0010588731,0.0010451205,0.001037621,0.001048485,0.0010543208,0.0010661728,0.0,0.0010588731,0.0,0.0010289653,0.0010099061,0.0010662298,0.0010774892,0.0,0.001058873,0.0010451205,0.001037621,0.001048485,0.0010543211,0.0010661728,0.0,0.0,0.0,0.0010289653,0.0010099061,0.0010662298,0.0010887359,0.0010706439,0.0010588731,0.0,0.0010289653,0.0010099061,0.0010662298,0.0010774923,0.0010707106,0.0,0.0,0.0010289656,0.0010099061,0.0010662298,0.0010887355,0.0010706605,0.0,0.0010451205,0.0,0.001058873,0.0010451205,0.0010662298,0.0010706373,0.0,0.0,0.0010289653,0.0010099061,0.0010662298,0.0010887352,0.0,0.0010588748,0.0,0.0010289653,0.0010099061,0.0010662298,0.0010774883,0.0,0.0,0.0010451219,0.0010588747,0.0,0.0010289653,0.0010588731,0.001070665,0.0010588734,0.0,0.0010289652,0.0010099061,0.0010662298,0.0010774884,0.0,0.0,0.0010451206,0.0010289653,0.0010193562,0.0010297279,0.0011057646,0.0,0.0,0.0010451205,0.0,0.001058873,0.0010451205,0.0010662298,0.0,0.001058877,0.0,0.0010588731,0.0,0.001058873,0.0010451206,0.0,0.0,0.0010451435,0.0010289686,0.0010193562,0.0010297279,0.001105765,0.0,0.0010589175,0.001058878,0.001053083,0.0010642203,0.0,0.000987349,0.0,0.0010588754,0.0010451215,0.0,0.0010588734,0.0010451206,0.0010376228,0.0010706416,0.001058873,0.0010451205,0.0,0.001058873,0.0010451205,0.0010376214,0.0,0.0010588731,0.0010451206,0.001037621,0.001048485,0.0010543208,0.0010661731,0.0010706339,0.001058873,0.0010451205,0.001037621,0.001048485,0.0010543208,0.0010661728,0.001070667,0.0,0.0,0.0010289653,0.0010099061,0.0010662298,0.0010887351,0.0010706409,0.0,0.0010451205,0.0010289653,0.0010193562,0.0010297279,0.0011057645,0.0,0.0010588731,0.0,0.0010289653,0.0010099061,0.0010662298,0.0010774883,0.0010706509,0.0,0.0010451205,0.0010289653,0.0010193562,0.0010297279,0.0011057665,0.0,0.001058873,0.0010451205,0.001037621,0.001048485,0.0010543208,0.0010661737,0.0010706349,0.001058873,0.0010451205,0.001037621,0.001048485,0.0010543208,0.0010661728,0.0,0.0010588736,0.0010451206,0.001037621,0.001048485,0.0010543208,0.0010661728,0.0,0.0,0.0010451205,0.0010289653,0.0010193562,0.0010297279,0.0011057648,0.0010706364,0.001058873,0.0,0.0,0.0010588731,0.0010588731,0.0010530829,0.0010706746,0.0,0.0010451206,0.0,0.0010588731,0.0010451205,0.0010662308,0.0010707487,0.0,0.0010588731,0.0010451206,0.001037621,0.0,0.0010588735,0.0,0.0010588729,0.0,0.0010289653,0.0010099061,0.0010662299,0.0010774906,0.0010706413,0.0,0.0010451205,0.0010289653,0.0010193562,0.0010297283,0.0011057828,0.0010706531,0.0,0.0,0.0010289653,0.0010099061,0.0010662298,0.0010887351,0.0,0.0010588731,0.0010451206,0.001037621,0.001048485,0.0010543208,0.0010661728,0.0010706559,0.0010588735,0.0010451206,0.0,0.001058873,0.0010451205,0.0010376222,0.0010706364,0.0,0.0010451206,0.0010289655,0.0010193562,0.0010297279,0.001105765,0.0010706381,0.0,0.0010451206,0.0010289653,0.0010193562,0.0010297277,0.0011057651,0.0,0.001058873,0.0010588733,0.0010530823,0.0010642203,0.0,0.0009873806,0.0010706737,0.0,0.0010451206,0.0010289653,0.0010193562,0.0010297279,0.0011057646,0.0010706389,0.0,0.0,0.0010289653,0.0010099061,0.0010662298,0.0010887359,0.0010707111,0.0010588738,0.0,0.0010289662,0.0010099063,0.0010662298,0.0010774918,0.0,0.001058873,0.0010451206,0.001037621,0.001048485,0.0010543208,0.0010661728,0.0,0.0010588743,0.0,0.0010289653,0.0010099061,0.0010662298,0.0010774883,0.0,0.0010588731,0.0010451206,0.001037621,0.001048485,0.0010543208,0.001066173,0.0010706467,0.001058873,0.0010451205,0.0010376212,0.001048485,0.0010543208,0.001066173,0.0,0.0,0.0,0.0010289653,0.0010099061,0.0010662298,0.0010887352,0.0010706334,0.001058873,0.0,0.0010289653,0.0010099061,0.0010662298,0.0010774888,0.001070647,0.001058873,0.0010451205,0.0010662298,0.0,0.0010289653,0.0010099063,0.0,0.001058873,0.0010451205,0.001037621,0.001048485,0.0010543208,0.001066173,0.0,0.001058873,0.0010451205,0.001037621,0.001048485,0.0010543208,0.0010661731,0.0,0.0010588738,0.0010451206,0.001037621,0.001048485,0.0010543211,0.0010661734,0.001070644,0.001058873,0.0010451205,0.001037621,0.001048485,0.0010543208,0.0010661732,0.0,0.0,0.0010451205,0.0010289653,0.0010193562,0.0010297279,0.0011057648,0.0,0.001058873,0.0010451205,0.001037621,0.001048485,0.0010543208,0.0010661728,0.0010708326,0.0010588747,0.0010451205,0.0010376212,0.001048485,0.0010543211,0.0010661735
k__Bacteria|p__Fusobacteria|c__Fusobacteriia|o__Fusobacteriales|f__Fusobacteriaceae|g__Fusobacterium|s__Fusobacterium_SGB14781,0.0,0.0010591295,0.001045439,0.0010380256,0.0010490317,0.0010550084,0.0010669556,0.0,0.0010591294,0.001045439,0.0010380256,0.0010490317,0.0010550084,0.0010669554,0.0,0.0,0.0010454621,0.0010293657,0.0010198299,0.0010303471,0.0011061716,0.0010708532,0.0,0.001045439,0.001029349,0.0010198291,0.0010303471,0.001106171,0.0,0.0,0.001045439,0.001029349,0.0010198291,0.0010303471,0.0011061708,0.0010708312,0.0010591294,0.001045439,0.0010380256,0.0010490317,0.0010550084,0.0010669553,0.0,0.0010591303,0.0010454393,0.0010380256,0.0010490317,0.0010550084,0.0010669556,0.001070831,0.0010591294,0.001045439,0.0010380256,0.0010490317,0.0010550084,0.0010669553,0.0,0.0010591297,0.0010454401,0.0010380257,0.0010490317,0.0010550084,0.0010669556,0.0,0.0010591294,0.001045439,0.0010380256,0.0010490317,0.0010550084,0.0010669553,0.0,0.0010591294,0.0,0.001029349,0.0010103574,0.0010665061,0.001077899,0.0,0.0010591294,0.001045439,0.0010380256,0.0010490317,0.0010550084,0.0010669556,0.0,0.0,0.0,0.001029349,0.0010103574,0.0010665061,0.0010890813,0.0010708354,0.0010591294,0.0,0.001029349,0.0010103574,0.0010665061,0.0010779045,0.0010708692,0.0,0.0,0.0010293493,0.0010103574,0.0010665061,0.0010890808,0.001070844,0.0,0.001045439,0.0,0.0010591294,0.001045439,0.0010665063,0.0010708328,0.0,0.0,0.001029349,0.0010103574,0.0010665061,0.00108908,0.0,0.0010591316,0.0,0.001029349,0.0010103574,0.0010665061,0.0010778971,0.0,0.0,0.0010454413,0.0010591309,0.0,0.001029349,0.0010591294,0.0010708558,0.0010591297,0.0,0.0010293492,0.0010103574,0.0010665061,0.0010778973,0.0,0.0,0.0010454395,0.001029349,0.0010198291,0.0010303471,0.001106171,0.0,0.0,0.001045439,0.0,0.0010591294,0.001045439,0.0010665061,0.0,0.0010591361,0.0,0.0010591295,0.0,0.0010591294,0.0010454392,0.0,0.0,0.001045469,0.0010293532,0.0010198291,0.0010303471,0.0011061715,0.0,0.0010591842,0.0010591358,0.0010534222,0.0010646967,0.0,0.0009878743,0.0,0.001059133,0.0010454407,0.0,0.00105913,0.0010454392,0.001038029,0.0010708367,0.0010591294,0.001045439,0.0,0.0010591294,0.001045439,0.0010380264,0.0,0.0010591295,0.0010454392,0.0010380256,0.0010490317,0.0010550084,0.0010669555,0.0010708307,0.0010591294,0.001045439,0.0010380256,0.0010490317,0.0010550084,0.0010669553,0.0010708495,0.0,0.0,0.001029349,0.0010103574,0.0010665061,0.0010890799,0.0010708339,0.0,0.001045439,0.001029349,0.0010198291,0.0010303471,0.0011061712,0.0,0.0010591295,0.0,0.001029349,0.0010103574,0.0010665061,0.0010778973,0.0010708426,0.0,0.001045439,0.001029349,0.0010198291,0.0010303471,0.0011061779,0.0,0.0010591294,0.001045439,0.0010380256,0.0010490317,0.0010550084,0.0010669566,0.0010708311,0.0010591294,0.001045439,0.0010380256,0.0010490317,0.0010550084,0.0010669553,0.0,0.0010591302,0.0010454393,0.0010380256,0.0010490317,0.0010550084,0.0010669556,0.0,0.0,0.001045439,0.001029349,0.0010198291,0.0010303471,0.0011061709,0.0010708314,0.0010591294,0.0,0.0,0.0010591295,0.0010591294,0.0010534219,0.0010708529,0.0,0.0010454396,0.0,0.0010591295,0.001045439,0.0010665098,0.0010708907,0.0,0.0010591297,0.0010454392,0.0010380256,0.0,0.0010591298,0.0,0.0010591293,0.0,0.001029349,0.0010103574,0.0010665061,0.0010779033,0.0010708361,0.0,0.001045439,0.001029349,0.0010198291,0.0010303477,0.001106219,0.0010708487,0.0,0.0,0.001029349,0.0010103574,0.0010665061,0.0010890799,0.0,0.0010591295,0.0010454392,0.0010380256,0.0010490317,0.0010550084,0.0010669554,0.0010708139,0.0010591296,0.0010454392,0.0,0.0010591293,0.001045439,0.0010380268,0.0010708319,0.0,0.0010454392,0.0010293492,0.0010198291,0.0010303471,0.0011061725,0.0010708338,0.0,0.0010454392,0.001029349,0.0010198291,0.0010303472,0.0011061726,0.0,0.0010591296,0.0010591297,0.0010534213,0.0010646967,0.0,0.0009879222,0.0010708477,0.0,0.0010454392,0.001029349,0.0010198291,0.0010303471,0.0011061708,0.0010708338,0.0,0.0,0.001029349,0.0010103574,0.0010665061,0.0010890809,0.001070869,0.0010591304,0.0,0.0010293502,0.0010103575,0.0010665063,0.0010779041,0.0,0.0010591294,0.0010454392,0.0010380256,0.0010490317,0.0010550084,0.0010669553,0.0,0.0010591317,0.0,0.001029349,0.0010103574,0.0010665061,0.0010778973,0.0,0.0010591296,0.0010454395,0.0010380256,0.0010490317,0.0010550084,0.0010669556,0.0010708397,0.0010591296,0.0010454393,0.001038026,0.0010490317,0.0010550084,0.0010669557,0.0,0.0,0.0,0.001029349,0.0010103574,0.0010665061,0.0010890802,0.0010708309,0.0010591294,0.0,0.001029349,0.0010103574,0.0010665061,0.0010778978,0.0010708418,0.0010591296,0.001045439,0.0010665061,0.0,0.001029349,0.0010103576,0.0,0.0010591294,0.001045439,0.0010380256,0.0010490317,0.0010550084,0.001066956,0.0,0.0010591294,0.001045439,0.0010380256,0.0010490317,0.0010550084,0.0010669556,0.0,0.0010591303,0.0010454392,0.0010380256,0.0010490317,0.0010550084,0.0010669571,0.0010708363,0.0010591294,0.001045439,0.0010380256,0.0010490317,0.0010550084,0.0010669559,0.0,0.0,0.001045439,0.001029349,0.0010198291,0.0010303471,0.001106171,0.0,0.0010591294,0.001045439,0.0010380256,0.0010490317,0.0010550084,0.0010669553,0.0010709807,0.0010591316,0.0010454393,0.0010380256,0.0010490317,0.0010550084,0.0010669576
k__Bacteria|p__Fusobacteria|c__Fusobacteriia|o__Fusobacteriales|f__Fusobacteriaceae|g__Fusobacterium|s__Fusobacterium_massiliense,0.0,0.0010583833,0.0010449785,0.0010379999,0.0010497927,0.0010565384,0.0010690336,0.0,0.0010583833,0.0010449785,0.0010379999,0.0010497927,0.0010565384,0.0010690333,0.0,0.0,0.0010449976,0.0010292024,0.0010201213,0.0010314417,0.0011064502,0.0010698609,0.0,0.0010449785,0.0010291901,0.0010201203,0.0010314417,0.0011064494,0.0,0.0,0.0010449785,0.0010291901,0.0010201203,0.0010314417,0.0011064495,0.0010698165,0.0010583831,0.0010449785,0.0010379999,0.0010497927,0.0010565384,0.0010690333,0.0026075484,0.0010583841,0.0010449786,0.0010379999,0.0010497927,0.0010565384,0.0010690342,0.0010698165,0.0010583831,0.0010449785,0.0010379999,0.0010497927,0.0010565384,0.0010690335,0.0,0.0010583834,0.0010449793,0.0010380002,0.0010497927,0.0010565384,0.0010690339,0.0,0.0010583835,0.0010449785,0.0010379999,0.0010497927,0.0010565384,0.0010690333,0.0,0.0010583835,0.0,0.0010291901,0.0010105151,0.0010658931,0.0010780375,0.0,0.0010583831,0.0010449785,0.0010379999,0.0010497927,0.0010565384,0.0010690335,0.0,0.0,0.0,0.0010291901,0.0010105151,0.0010658931,0.0010889336,0.0010698284,0.0010583835,0.0,0.0010291901,0.0010105151,0.0010658933,0.0010780435,0.001069913,0.0,0.0,0.0010291901,0.0010105151,0.0010658931,0.0010889333,0.0010698485,0.0,0.0010449785,0.0,0.0010583831,0.0010449785,0.0010658933,0.0010698204,0.0,0.0,0.0010291901,0.0010105151,0.0010658931,0.0010889325,0.0,0.0010583851,0.0,0.0010291901,0.0010105151,0.0010658931,0.0010780361,0.0,0.0,0.00104498,0.0010583852,0.0,0.0010291901,0.0010583834,0.001069848,0.0010583834,0.0,0.0010291901,0.0010105151,0.0010658931,0.0010780358,0.0,0.0,0.0010449786,0.0010291901,0.0010201203,0.0010314417,0.0011064499,0.0,0.0,0.0010449785,0.0,0.0010583831,0.0010449785,0.0010658932,0.0,0.0010583875,0.0,0.0010583833,0.0,0.0010583831,0.0010449786,0.0,0.0,0.0010450017,0.0010291935,0.0010201203,0.0010314417,0.00110645,0.0,0.0010584331,0.0010583889,0.0010530945,0.0010651383,0.0,0.0009883598,0.0,0.0010583863,0.0010449797,0.0,0.0010583835,0.0010449786,0.0010380031,0.0010698242,0.0010583831,0.0010449785,0.0,0.0010583831,0.0010449785,0.001038001,0.0,0.0010583835,0.0010449786,0.0010379999,0.0010497927,0.0010565384,0.0010690336,0.0010698164,0.0010583831,0.0010449785,0.0010379999,0.0010497927,0.0010565384,0.0010690333,0.0010698563,0.0,0.0,0.0010291901,0.0010105151,0.0010658931,0.0010889325,0.0010698242,0.0,0.0010449785,0.0010291901,0.0010201203,0.0010314417,0.0011064498,0.0,0.0010583835,0.0,0.0010291901,0.0010105151,0.0010658931,0.0010780358,0.0010698368,0.0,0.0010449785,0.0010291901,0.0010201203,0.0010314417,0.0011064573,0.0,0.0010583831,0.0010449785,0.0010379999,0.0010497927,0.0010565384,0.0010690348,0.0010698175,0.0010583831,0.0010449785,0.0010379999,0.0010497927,0.0010565384,0.0010690333,0.0,0.001058384,0.0010449786,0.0010380002,0.0010497927,0.0010565384,0.0010690336,0.0,0.0,0.0010449785,0.0010291901,0.0010201203,0.0010314417,0.0011064498,0.0010698189,0.0010583831,0.0,0.0,0.0010583833,0.0010583833,0.0010530944,0.0010698623,0.0,0.0010449786,0.0,0.0010583835,0.0010449785,0.001065897,0.001069962,0.0,0.0010583835,0.0010449786,0.0010380002,0.0,0.001058384,0.0,0.0010583833,0.0,0.0010291901,0.0010105151,0.001065893,0.0010780428,0.0010698247,0.0,0.0010449785,0.0010291901,0.0010201203,0.0010314424,0.0011065002,0.0010698376,0.0,0.0,0.0010291901,0.0010105151,0.0010658931,0.0010889324,0.0,0.0010583835,0.0010449786,0.0010379999,0.0010497927,0.0010565384,0.0010690333,0.0010698289,0.0010583834,0.0010449786,0.0,0.0010583834,0.0010449785,0.0010380015,0.0010698197,0.0,0.0010449786,0.0010291901,0.0010201203,0.0010314417,0.001106451,0.001069821,0.0,0.0010449786,0.0010291901,0.0010201203,0.001031442,0.0011064515,0.0,0.0010583834,0.0010583835,0.0010530938,0.0010651385,0.0,0.0009883975,0.0010698632,0.0,0.0010449786,0.0010291901,0.0010201203,0.0010314417,0.0011064495,0.0010698217,0.0,0.0,0.0010291901,0.0010105151,0.0010658931,0.0010889334,0.0010699085,0.0010583844,0.0,0.0010291914,0.0010105151,0.0010658933,0.0010780432,0.0,0.0010583834,0.0010449786,0.0010379999,0.0010497927,0.0010565384,0.0010690333,0.0,0.0010583847,0.0,0.0010291901,0.0010105151,0.0010658931,0.0010780358,0.0,0.0010583834,0.0010449786,0.0010380002,0.0010497927,0.0010565384,0.0010690334,0.0010698348,0.0010583834,0.0010449786,0.0010380002,0.0010497927,0.0010565384,0.0010690338,0.0,0.0,0.0,0.0010291901,0.0010105151,0.0010658931,0.0010889327,0.001069816,0.0010583831,0.0,0.0010291901,0.0010105151,0.0010658931,0.0010780366,0.0010698315,0.0010583834,0.0010449785,0.0010658931,0.0,0.0010291901,0.0010105153,0.0,0.0010583831,0.0010449785,0.0010380002,0.0010497927,0.0010565384,0.0010690341,0.0,0.0010583831,0.0010449785,0.0010380002,0.0010497927,0.0010565384,0.0010690336,0.0,0.0010583841,0.0010449786,0.0010380002,0.0010497927,0.0010565384,0.0010690347,0.0010698285,0.0010583834,0.0010449785,0.0010380002,0.0010497927,0.0010565384,0.0010690339,0.0,0.0,0.0010449785,0.0010291901,0.0010201203,0.0010314417,0.0011064499,0.0,0.0010583831,0.0010449785,0.0010379999,0.0010497927,0.0010565384,0.0010690336,0.0010700247,0.0010583852,0.0010449786,0.0010380001,0.0010497927,0.0010565384,0.0010690351
k__Bacteria|p__Fusobacteria|c__Fusobacteriia|o__Fusobacteriales|f__Leptotrichiaceae|g__Leptotrichia|s__Leptotrichia_sp_oral_taxon_221,0.0,0.0010584291,0.001044756,0.0010373825,0.0010484816,0.0010545459,0.0010665637,0.0,0.0010584294,0.001044756,0.0010373825,0.0010484816,0.0010545459,0.0010665635,0.0,0.0,0.0010447612,0.0010286876,0.0010192064,0.0010298169,0.0011056474,0.0010701264,0.0,0.001044756,0.001028685,0.0010192064,0.0010298169,0.0011056473,0.0,0.0,0.001044756,0.001028685,0.0010192064,0.0010298169,0.0011056472,0.0010701155,0.0010584292,0.001044756,0.0010373825,0.0010484816,0.0010545459,0.0010665637,0.0,0.0010584292,0.0010447563,0.0010373825,0.0010484816,0.0010545459,0.0010665645,0.0010701154,0.0010584292,0.001044756,0.0010373825,0.0010484816,0.0010545459,0.0010665638,0.0,0.0010584294,0.0010447566,0.0010373828,0.0010484816,0.0010545459,0.0010665638,0.0,0.0010584294,0.001044756,0.0010373825,0.0010484816,0.0010545459,0.0010665637,0.0,0.0010584294,0.0,0.001028685,0.0010097146,0.0010658283,0.001077314,0.0,0.0010584292,0.001044756,0.0010373825,0.0010484816,0.0010545459,0.0010665635,0.0,0.0,0.0,0.001028685,0.0010097146,0.0010658283,0.001088481,0.0010701197,0.0010584294,0.0,0.001028685,0.0010097146,0.0010658283,0.0010773167,0.0010701433,0.0,0.0,0.0010286851,0.0010097146,0.0010658283,0.0010884817,0.0010701241,0.0,0.001044756,0.0,0.0010584292,0.001044756,0.0010658283,0.0010701162,0.0,0.0,0.001028685,0.0010097146,0.0010658283,0.0010884817,0.0,0.0010584297,0.0,0.001028685,0.0010097146,0.0010658283,0.0010773133,0.0,0.0,0.001044756,0.00105843,0.0,0.001028685,0.0010584294,0.0010701187,0.0010584294,0.0,0.0010286852,0.0010097146,0.0010658283,0.0010773132,0.0,0.0,0.0010447563,0.001028685,0.0010192064,0.0010298169,0.0011056472,0.0,0.0,0.001044756,0.0,0.0010584292,0.001044756,0.0010658281,0.0,0.0010584295,0.0,0.0010584295,0.0,0.0010584292,0.0010447562,0.0,0.0,0.0010447605,0.0010286855,0.0010192062,0.0010298169,0.0011056468,0.0,0.0010584424,0.0010584305,0.00105276,0.0010641285,0.0,0.0009872495,0.0,0.0010584297,0.0010447563,0.0,0.0010584295,0.0010447562,0.0010373842,0.0010701172,0.0010584292,0.001044756,0.0,0.0010584292,0.001044756,0.001037383,0.0,0.0010584294,0.0010447562,0.0010373825,0.0010484816,0.0010545459,0.0010665635,0.0010701156,0.0010584292,0.001044756,0.0010373825,0.0010484816,0.0010545459,0.0010665637,0.0010701232,0.0,0.0,0.001028685,0.0010097146,0.0010658283,0.0010884816,0.0010701169,0.0,0.001044756,0.001028685,0.0010192064,0.0010298169,0.0011056471,0.0,0.0010584295,0.0,0.001028685,0.0010097146,0.0010658283,0.0010773131,0.0010701244,0.0,0.001044756,0.001028685,0.0010192064,0.0010298169,0.001105651,0.0,0.0010584292,0.001044756,0.0010373825,0.0010484816,0.0010545459,0.0010665641,0.0010701157,0.0010584292,0.001044756,0.0010373825,0.0010484816,0.0010545459,0.0010665637,0.0,0.0010584294,0.0010447562,0.0010373825,0.0010484816,0.0010545459,0.0010665637,0.0,0.0,0.001044756,0.001028685,0.0010192064,0.0010298169,0.0011056471,0.0010701157,0.0010584292,0.0,0.0,0.0010584295,0.0010584294,0.0010527597,0.001070125,0.0,0.0010447562,0.0,0.0010584295,0.001044756,0.0010658309,0.0010701634,0.0,0.0010584294,0.0010447562,0.0010373825,0.0,0.0010584294,0.0,0.0010584292,0.0,0.001028685,0.0010097146,0.0010658283,0.0010773214,0.0010701171,0.0,0.001044756,0.001028685,0.0010192062,0.0010298172,0.0011056742,0.001070118,0.0,0.0,0.001028685,0.0010097146,0.0010658283,0.0010884815,0.0,0.0010584295,0.0010447562,0.0010373825,0.0010484816,0.0010545459,0.0010665635,0.0010701211,0.0010584294,0.0010447562,0.0,0.0010584292,0.001044756,0.0010373835,0.0010701162,0.0,0.0010447562,0.0010286851,0.0010192064,0.0010298169,0.0011056475,0.0010701158,0.0,0.0010447562,0.001028685,0.0010192062,0.0010298169,0.0011056482,0.0,0.0010584294,0.0010584295,0.0010527598,0.0010641285,0.0,0.0009872747,0.001070123,0.0,0.0010447562,0.001028685,0.0010192064,0.0010298169,0.0011056472,0.0010701161,0.0,0.0,0.001028685,0.0010097146,0.0010658283,0.0010884815,0.001070144,0.0010584297,0.0,0.0010286857,0.0010097146,0.0010658283,0.0010773162,0.0,0.0010584292,0.0010447562,0.0010373825,0.0010484816,0.0010545459,0.0010665637,0.0,0.0010584292,0.0,0.001028685,0.0010097146,0.0010658283,0.0010773131,0.0,0.0010584294,0.0010447563,0.0010373825,0.0010484816,0.0010545459,0.0010665638,0.0010701201,0.0010584292,0.0010447562,0.0010373829,0.0010484816,0.0010545459,0.0010665638,0.0,0.0,0.0,0.001028685,0.0010097146,0.0010658283,0.0010884817,0.0010701154,0.0010584292,0.0,0.001028685,0.0010097146,0.0010658283,0.0010773136,0.0010701164,0.0010584292,0.001044756,0.0010658283,0.0,0.001028685,0.0010097147,0.0,0.0010584292,0.001044756,0.0010373825,0.0010484816,0.0010545459,0.0010665641,0.0,0.0010584292,0.001044756,0.0010373825,0.0010484816,0.0010545459,0.0010665638,0.0,0.0010584296,0.0010447562,0.0010373825,0.0010484816,0.0010545459,0.0010665653,0.0010701178,0.0010584292,0.001044756,0.0010373825,0.0010484816,0.0010545459,0.0010665639,0.0,0.0,0.001044756,0.001028685,0.0010192064,0.0010298169,0.0011056474,0.0,0.0010584292,0.001044756,0.0010373825,0.0010484816,0.0010545459,0.0010665637,0.0010701836,0.0010584296,0.0010447562,0.0010373824,0.0010484816,0.0010545459,0.0010665649
k__Bacteria|p__Fusobacteria|c__Fusobacteriia|o__Fusobacteriales|f__Fusobacteriaceae|g__Fusobacterium|s__Fusobacterium_naviforme,0.0,0.0010589474,0.0010454276,0.0010382682,0.001049725,0.0010561435,0.001068402,0.0,0.0010589475,0.0010454276,0.0010382682,0.001049725,0.0010561435,0.001068402,0.0,0.0,0.0010454421,0.0010295277,0.0010202605,0.0010312393,0.0011065544,0.0010705343,0.0,0.0010454276,0.0010295169,0.00102026,0.0010312393,0.0011065542,0.0,0.0,0.0010454276,0.0010295169,0.00102026,0.0010312393,0.0011065542,0.0010704886,0.0010589474,0.0010454276,0.0010382682,0.001049725,0.0010561435,0.0010684018,0.0,0.0010589482,0.0010454276,0.0010382682,0.001049725,0.0010561435,0.0010684023,0.0010704887,0.0010589474,0.0010454276,0.0010382682,0.001049725,0.0010561435,0.001068402,0.0,0.0010589476,0.0010454279,0.0010382682,0.001049725,0.0010561435,0.0010684022,0.0,0.0010589475,0.0010454276,0.0010382682,0.001049725,0.0010561435,0.001068402,0.0,0.0010589475,0.0,0.0010295169,0.0010107132,0.0010663979,0.0010782193,0.0,0.0010589474,0.0010454276,0.0010382682,0.001049725,0.0010561435,0.001068402,0.0,0.0,0.0,0.0010295169,0.0010107132,0.0010663979,0.0010892302,0.0010705014,0.0010589475,0.0,0.0010295169,0.0010107132,0.0010663979,0.0010782222,0.001070565,0.0,0.0,0.0010295173,0.0010107132,0.0010663979,0.0010892295,0.0010705186,0.0,0.0010454276,0.0,0.0010589474,0.0010454276,0.0010663978,0.0010704924,0.0,0.0,0.0010295169,0.0010107132,0.0010663979,0.0010892288,0.0,0.0010589488,0.0,0.0010295169,0.0010107132,0.0010663979,0.0010782178,0.0,0.0,0.0010454288,0.0010589485,0.0,0.0010295169,0.0010589476,0.0010705175,0.0010589476,0.0,0.0010295169,0.0010107132,0.0010663979,0.0010782178,0.0,0.0,0.0010454276,0.0010295169,0.00102026,0.0010312393,0.0011065543,0.0,0.0,0.0010454276,0.0,0.0010589474,0.0010454276,0.0010663979,0.0,0.0010589517,0.0,0.0010589475,0.0,0.0010589474,0.0010454276,0.0,0.0,0.0010454456,0.0010295202,0.0010202602,0.0010312393,0.0011065545,0.0,0.00105898,0.0010589514,0.0010534843,0.0010651988,0.0,0.0009884206,0.0,0.00105895,0.0010454288,0.0,0.001058948,0.0010454276,0.0010382703,0.001070498,0.0010589474,0.0010454276,0.0,0.0010589474,0.0010454276,0.0010382688,0.0,0.0010589476,0.0010454276,0.0010382682,0.001049725,0.0010561435,0.0010684018,0.0010704887,0.0010589474,0.0010454276,0.0010382682,0.001049725,0.0010561435,0.001068402,0.0010705224,0.0,0.0,0.0010295169,0.0010107132,0.0010663979,0.0010892288,0.0010704936,0.0,0.0010454276,0.0010295169,0.00102026,0.0010312393,0.0011065542,0.0,0.0010589475,0.0,0.0010295169,0.0010107132,0.0010663979,0.0010782178,0.0010705093,0.0,0.0010454276,0.0010295169,0.00102026,0.0010312393,0.0011065579,0.0,0.0010589474,0.0010454276,0.0010382682,0.001049725,0.0010561435,0.0010684029,0.0010704898,0.0010589474,0.0010454276,0.0010382682,0.001049725,0.0010561435,0.0010684018,0.0,0.0010589481,0.0010454276,0.0010382682,0.001049725,0.0010561435,0.001068402,0.0,0.0,0.0010454276,0.0010295169,0.00102026,0.0010312393,0.0011065542,0.0010704924,0.0010589474,0.0,0.0,0.0010589475,0.0010589475,0.0010534842,0.0010705374,0.0,0.001045428,0.0,0.0010589475,0.0010454276,0.0010664008,0.0010706089,0.0,0.0010589476,0.0010454276,0.0010382682,0.0,0.0010589482,0.0,0.0010589473,0.0,0.0010295169,0.0010107132,0.0010663978,0.0010782221,0.0010704963,0.0,0.0010454276,0.0010295169,0.0010202602,0.0010312399,0.0011065822,0.0010705092,0.0,0.0,0.0010295169,0.0010107132,0.0010663979,0.0010892287,0.0,0.0010589475,0.0010454276,0.0010382682,0.001049725,0.0010561435,0.001068402,0.00107053,0.0010589475,0.0010454276,0.0,0.0010589475,0.0010454276,0.001038269,0.0010704915,0.0,0.0010454276,0.0010295174,0.00102026,0.0010312393,0.0011065552,0.0010704935,0.0,0.0010454276,0.0010295169,0.0010202602,0.0010312393,0.001106555,0.0,0.0010589475,0.0010589476,0.0010534836,0.0010651989,0.0,0.0009884561,0.001070532,0.0,0.0010454276,0.0010295169,0.00102026,0.0010312393,0.0011065542,0.0010704956,0.0,0.0,0.0010295169,0.0010107132,0.0010663979,0.0010892295,0.0010705628,0.0010589481,0.0,0.0010295181,0.0010107136,0.0010663979,0.0010782231,0.0,0.0010589475,0.0010454276,0.0010382682,0.001049725,0.0010561435,0.0010684018,0.0,0.0010589488,0.0,0.0010295169,0.0010107132,0.0010663979,0.0010782178,0.0,0.0010589475,0.0010454276,0.0010382682,0.001049725,0.0010561435,0.001068402,0.0010705029,0.0010589475,0.0010454276,0.0010382683,0.001049725,0.0010561435,0.001068402,0.0,0.0,0.0,0.0010295169,0.0010107132,0.0010663979,0.001089229,0.0010704882,0.0010589474,0.0,0.0010295169,0.0010107132,0.0010663979,0.001078218,0.0010705048,0.0010589475,0.0010454276,0.0010663979,0.0,0.0010295169,0.0010107133,0.0,0.0010589474,0.0010454276,0.0010382682,0.001049725,0.0010561435,0.0010684024,0.0,0.0010589474,0.0010454276,0.0010382682,0.001049725,0.0010561435,0.0010684021,0.0,0.001058948,0.0010454276,0.0010382682,0.001049725,0.0010561435,0.001068403,0.0010704979,0.0010589474,0.0010454276,0.0010382682,0.001049725,0.0010561435,0.0010684022,0.0,0.0,0.0010454276,0.0010295169,0.00102026,0.0010312393,0.0011065541,0.0,0.0010589474,0.0010454276,0.0010382682,0.001049725,0.0010561435,0.001068402,0.0010707236,0.0010589494,0.0010454276,0.0010382681,0.001049725,0.0010561435,0.0010684035
k__Bacteria|p__Fusobacteria|c__Fusobacteriia|o__Fusobacteriales|f__Fusobacteriaceae|g__Cetobacterium|s__Cetobacterium_somerae,0.0,0.0010584481,0.0010448006,0.0010374646,0.0010486286,0.0010547567,0.0010668193,0.0,0.0010584483,0.0010448006,0.0010374646,0.0010486286,0.0010547567,0.0010668192,0.0,0.0,0.0010448107,0.0010287635,0.0010193172,0.0010299941,0.0011057439,0.0010701261,0.0,0.0010448006,0.001028757,0.0010193168,0.0010299941,0.0011057435,0.0,0.0,0.0010448006,0.001028757,0.0010193168,0.0010299941,0.0011057436,0.0010701099,0.0010584482,0.0010448006,0.0010374646,0.0010486286,0.0010547567,0.0010668191,0.0,0.0010584485,0.0010448007,0.0010374646,0.0010486286,0.0010547567,0.0010668196,0.0010701101,0.0010584482,0.0010448006,0.0010374646,0.0010486286,0.0010547567,0.0010668192,0.0,0.0010584483,0.0010448013,0.001037465,0.0010486286,0.0010547567,0.0010668198,0.0,0.0010584483,0.0010448006,0.0010374646,0.0010486286,0.0010547567,0.0010668192,0.0,0.0010584483,0.0,0.001028757,0.0010098147,0.0010658572,0.0010774047,0.0,0.0010584482,0.0010448006,0.0010374646,0.0010486286,0.0010547567,0.0010668194,0.0,0.0,0.0,0.001028757,0.0010098147,0.0010658572,0.001088547,0.0010701151,0.0010584483,0.0,0.001028757,0.0010098147,0.0010658572,0.0010774087,0.0010701467,0.0,0.0,0.001028757,0.0010098147,0.0010658572,0.0010885468,0.0010701224,0.0,0.0010448006,0.0,0.0010584482,0.0010448006,0.0010658575,0.0010701115,0.0,0.0,0.001028757,0.0010098147,0.0010658572,0.001088546,0.0,0.0010584489,0.0,0.001028757,0.0010098147,0.0010658572,0.001077404,0.0,0.0,0.0010448014,0.0010584492,0.0,0.001028757,0.0010584483,0.0010701227,0.0010584483,0.0,0.0010287567,0.0010098147,0.0010658572,0.0010774037,0.0,0.0,0.001044801,0.001028757,0.0010193168,0.0010299941,0.0011057437,0.0,0.0,0.0010448006,0.0,0.0010584482,0.0010448006,0.0010658571,0.0,0.0010584497,0.0,0.0010584483,0.0,0.0010584482,0.001044801,0.0,0.0,0.0010448109,0.0010287582,0.0010193168,0.0010299941,0.0011057435,0.0,0.0010584713,0.0010584507,0.0010528149,0.0010642468,0.0,0.0009873805,0.0,0.0010584494,0.0010448011,0.0,0.0010584483,0.0010448006,0.0010374665,0.0010701133,0.0010584482,0.0010448006,0.0,0.0010584482,0.0010448006,0.0010374654,0.0,0.0010584483,0.0010448006,0.0010374646,0.0010486286,0.0010547567,0.0010668193,0.00107011,0.0010584482,0.0010448006,0.0010374646,0.0010486286,0.0010547567,0.0010668192,0.0010701253,0.0,0.0,0.001028757,0.0010098147,0.0010658572,0.001088546,0.0010701132,0.0,0.0010448006,0.001028757,0.0010193168,0.0010299941,0.0011057435,0.0,0.0010584483,0.0,0.001028757,0.0010098147,0.0010658572,0.0010774035,0.0010701193,0.0,0.0010448006,0.001028757,0.0010193168,0.0010299941,0.0011057475,0.0,0.0010584482,0.0010448006,0.0010374646,0.0010486286,0.0010547567,0.0010668202,0.0010701105,0.0010584482,0.0010448006,0.0010374646,0.0010486286,0.0010547567,0.0010668191,0.0,0.0010584485,0.0010448006,0.0010374646,0.0010486286,0.0010547567,0.0010668193,0.0,0.0,0.0010448006,0.001028757,0.0010193168,0.0010299941,0.0011057436,0.001070111,0.0010584482,0.0,0.0,0.0010584483,0.0010584483,0.001052815,0.001070128,0.0,0.0010448007,0.0,0.0010584483,0.0010448006,0.0010658591,0.0010701653,0.0,0.0010584483,0.0010448006,0.0010374646,0.0,0.0010584486,0.0,0.0010584481,0.0,0.001028757,0.0010098147,0.0010658572,0.0010774087,0.0010701132,0.0,0.0010448006,0.001028757,0.0010193168,0.0010299946,0.0011057784,0.0010701175,0.0,0.0,0.001028757,0.0010098147,0.0010658572,0.001088546,0.0,0.0010584483,0.0010448006,0.0010374646,0.0010486286,0.0010547567,0.0010668192,0.0010701177,0.0010584482,0.0010448006,0.0,0.0010584482,0.0010448006,0.0010374655,0.0010701115,0.0,0.0010448006,0.001028757,0.0010193168,0.0010299941,0.0011057449,0.0010701119,0.0,0.0010448006,0.001028757,0.0010193168,0.0010299942,0.0011057445,0.0,0.0010584482,0.0010584483,0.0010528148,0.0010642468,0.0,0.000987413,0.001070128,0.0,0.0010448006,0.001028757,0.0010193168,0.0010299941,0.0011057436,0.0010701125,0.0,0.0,0.001028757,0.0010098147,0.0010658572,0.0010885469,0.0010701448,0.0010584486,0.0,0.0010287574,0.0010098148,0.0010658572,0.0010774083,0.0,0.0010584483,0.0010448006,0.0010374646,0.0010486286,0.0010547567,0.0010668191,0.0,0.0010584486,0.0,0.001028757,0.0010098147,0.0010658572,0.0010774035,0.0,0.0010584482,0.001044801,0.0010374646,0.0010486286,0.0010547567,0.0010668192,0.0010701171,0.0010584482,0.0010448006,0.0010374648,0.0010486286,0.0010547567,0.0010668194,0.0,0.0,0.0,0.001028757,0.0010098147,0.0010658572,0.0010885462,0.0010701098,0.0010584482,0.0,0.001028757,0.0010098147,0.0010658572,0.0010774041,0.0010701156,0.0010584483,0.0010448006,0.0010658572,0.0,0.001028757,0.0010098148,0.0,0.0010584482,0.0010448006,0.0010374646,0.0010486286,0.0010547567,0.0010668196,0.0,0.0010584482,0.0010448006,0.0010374646,0.0010486286,0.0010547567,0.0010668193,0.0,0.0010584485,0.0010448006,0.0010374646,0.0010486286,0.0010547567,0.0010668207,0.0010701142,0.0010584482,0.0010448006,0.0010374646,0.0010486286,0.0010547567,0.0010668194,0.0,0.0,0.0010448006,0.001028757,0.0010193168,0.0010299941,0.0011057438,0.0,0.0010584482,0.0010448006,0.0010374646,0.0010486286,0.0010547567,0.0010668192,0.0010701984,0.001058449,0.0010448006,0.0010374648,0.0010486286,0.0010547567,0.001066821
k__Bacteria|p__Fusobacteria|c__CFGB76375|o__OFGB76375|f__FGB76375|g__GGB4386|s__GGB4386_SGB6036,0.0,0.0010619592,0.0010482274,0.001040693,0.0010513928,0.0010570859,0.001068794,0.0,0.0010619592,0.0010482274,0.001040693,0.0010513928,0.0010570859,0.001068794,0.0,0.0,0.0010482535,0.0010321067,0.0010224449,0.0010326601,0.0011083732,0.001073757,0.0,0.0010482274,0.0010320891,0.0010224439,0.0010326601,0.0011083724,0.0,0.0,0.0010482274,0.0010320891,0.0010224439,0.0010326601,0.0011083724,0.001073697,0.0010619592,0.0010482274,0.001040693,0.0010513928,0.0010570859,0.0010687939,0.0,0.00106196,0.0010482277,0.001040693,0.0010513928,0.0010570859,0.001068794,0.0010736971,0.0010619592,0.0010482274,0.001040693,0.0010513928,0.0010570859,0.001068794,0.0,0.0010619593,0.0010482285,0.001040693,0.0010513928,0.0010570859,0.0010687944,0.0,0.0010619592,0.0010482274,0.001040693,0.0010513928,0.0010570859,0.001068794,0.0,0.0010619592,0.0,0.0010320891,0.0010130411,0.0010692568,0.0010803363,0.0,0.0010619592,0.0010482274,0.0010406929,0.0010513928,0.0010570859,0.0010687938,0.0,0.0,0.0,0.0010320891,0.0010130411,0.0010692568,0.0010915485,0.0010737127,0.0010619592,0.0,0.0010320891,0.0010130411,0.0010692568,0.0010803421,0.001073813,0.0,0.0,0.0010320896,0.0010130411,0.0010692568,0.001091548,0.0010737376,0.0,0.0010482274,0.0,0.0010619592,0.0010482274,0.001069257,0.0010737019,0.0,0.0,0.0010320891,0.0010130411,0.0010692568,0.0010915479,0.0,0.0010619618,0.0,0.0010320891,0.0010130411,0.0010692568,0.001080335,0.0,0.0,0.0010482292,0.0010619616,0.0,0.0010320891,0.0010619593,0.0010737397,0.0010619597,0.0,0.0010320892,0.0010130411,0.0010692568,0.0010803348,0.0,0.0,0.0010482277,0.0010320891,0.0010224439,0.0010326601,0.0011083725,0.0,0.0,0.0010482274,0.0,0.0010619592,0.0010482274,0.0010692568,0.0,0.0010619656,0.0,0.0010619593,0.0,0.0010619592,0.0010482275,0.0,0.0,0.0010482614,0.0010320942,0.0010224441,0.0010326601,0.0011083729,0.0,0.0010620292,0.0010619671,0.0010561345,0.0010670992,0.0,0.0009904917,0.0,0.0010619629,0.0010482292,0.0,0.0010619598,0.0010482274,0.001040696,0.0010737091,0.0010619592,0.0010482274,0.0,0.0010619592,0.0010482274,0.0010406936,0.0,0.0010619594,0.0010482275,0.0010406929,0.0010513928,0.0010570859,0.0010687939,0.0010736969,0.0010619592,0.0010482274,0.001040693,0.0010513928,0.0010570859,0.001068794,0.0010737423,0.0,0.0,0.0010320891,0.0010130411,0.0010692568,0.0010915479,0.001073707,0.0,0.0010482274,0.0010320891,0.0010224439,0.0010326601,0.0011083724,0.0,0.0010619593,0.0,0.0010320891,0.0010130411,0.0010692568,0.0010803345,0.0010737256,0.0,0.0010482274,0.0010320891,0.0010224439,0.0010326601,0.0011083783,0.0,0.0010619592,0.0010482274,0.001040693,0.0010513928,0.0010570859,0.0010687945,0.0010736985,0.0010619592,0.0010482274,0.001040693,0.0010513928,0.0010570859,0.0010687939,0.0,0.00106196,0.0010482274,0.0010406929,0.0010513928,0.0010570859,0.001068794,0.0,0.0,0.0010482274,0.0010320891,0.0010224439,0.0010326601,0.0011083725,0.0010737003,0.0010619592,0.0,0.0,0.0010619593,0.0010619592,0.0010561337,0.001073755,0.0,0.0010482279,0.0,0.0010619593,0.0010482274,0.00106926,0.0010738731,0.0,0.0010619594,0.0010482274,0.0010406929,0.0,0.0010619597,0.0,0.0010619591,0.0,0.0010320891,0.0010130411,0.0010692569,0.0010803416,0.0010737074,0.0,0.0010482274,0.0010320891,0.0010224441,0.0010326606,0.0011084153,0.0010737247,0.0,0.0,0.0010320891,0.0010130411,0.0010692568,0.0010915478,0.0,0.0010619593,0.0010482275,0.001040693,0.0010513928,0.0010570859,0.001068794,0.0010737244,0.0010619593,0.0010482274,0.0,0.0010619593,0.0010482274,0.0010406947,0.0010737008,0.0,0.0010482274,0.0010320892,0.0010224439,0.0010326601,0.001108373,0.0010737028,0.0,0.0010482275,0.0010320891,0.0010224439,0.0010326602,0.0011083741,0.0,0.0010619593,0.0010619594,0.0010561334,0.0010670992,0.0,0.0009905301,0.0010737503,0.0,0.0010482274,0.0010320891,0.0010224439,0.0010326601,0.0011083724,0.0010737039,0.0,0.0,0.0010320891,0.0010130411,0.0010692568,0.0010915484,0.0010738139,0.0010619605,0.0,0.0010320907,0.0010130417,0.0010692572,0.0010803401,0.0,0.0010619593,0.0010482274,0.0010406929,0.0010513928,0.0010570859,0.0010687939,0.0,0.001061961,0.0,0.0010320891,0.0010130411,0.0010692568,0.0010803349,0.0,0.0010619593,0.0010482275,0.0010406929,0.0010513928,0.0010570859,0.001068794,0.0010737173,0.0010619594,0.0010482277,0.0010406934,0.0010513928,0.0010570859,0.0010687942,0.0,0.0,0.0,0.0010320891,0.0010130411,0.0010692568,0.0010915479,0.0010736965,0.0010619592,0.0,0.0010320891,0.0010130411,0.0010692568,0.0010803356,0.0010737153,0.0010619593,0.0010482274,0.0010692568,0.0,0.0010320891,0.0010130414,0.0,0.0010619592,0.0010482274,0.0010406929,0.0010513928,0.0010570859,0.0010687942,0.0,0.0010619592,0.0010482274,0.0010406929,0.0010513928,0.0010570859,0.0010687942,0.0,0.0010619602,0.0010482274,0.0010406929,0.0010513928,0.0010570859,0.0010687951,0.0010737132,0.0010619592,0.0010482274,0.0010406929,0.0010513928,0.0010570859,0.0010687944,0.0,0.0,0.0010482274,0.0010320891,0.0010224439,0.0010326601,0.0011083728,0.0,0.0010619592,0.0010482274,0.001040693,0.0010513928,0.0010570859,0.001068794,0.001074002,0.0010619615,0.0010482277,0.0010406929,0.0010513928,0.0010570859,0.0010687953
k__Bacteria|p__Fusobacteria|c__CFGB76370|o__OFGB76370|f__FGB76370|g__GGB79751|s__GGB79751_SGB6028,0.0,0.0010605629,0.0010466632,0.0010389118,0.0010492788,0.0010546368,0.0010661312,0.0,0.0010605631,0.0010466632,0.0010389118,0.0010492788,0.0010546368,0.0010661312,0.0,0.0,0.0010466806,0.0010303635,0.0010204812,0.00103035,0.0011066971,0.0010724869,0.0,0.0010466632,0.0010303505,0.0010204808,0.00103035,0.0011066967,0.0,0.0,0.0010466632,0.0010303505,0.0010204808,0.00103035,0.0011066967,0.001072461,0.001060563,0.0010466632,0.0010389118,0.0010492788,0.0010546368,0.001066131,0.0,0.0010605633,0.0010466635,0.0010389118,0.0010492788,0.0010546368,0.0010661316,0.0010724611,0.001060563,0.0010466632,0.0010389118,0.0010492788,0.0010546368,0.0010661312,0.0,0.0010605633,0.0010466636,0.0010389119,0.0010492788,0.0010546368,0.0010661319,0.0,0.0010605631,0.0010466632,0.0010389118,0.0010492788,0.0010546368,0.0010661312,0.0,0.0010605631,0.0,0.0010303505,0.0010111233,0.0010678227,0.001078597,0.0,0.001060563,0.0010466632,0.0010389118,0.0010492788,0.0010546368,0.0010661319,0.0,0.0,0.0,0.0010303505,0.0010111233,0.0010678227,0.0010899871,0.0010724677,0.0010605631,0.0,0.0010303505,0.0010111233,0.0010678227,0.0010786012,0.0010724943,0.0,0.0,0.0010303505,0.0010111233,0.0010678227,0.0010899864,0.0010724759,0.0,0.0010466632,0.0,0.001060563,0.0010466632,0.0010678226,0.0010724635,0.0,0.0,0.0010303505,0.0010111233,0.0010678227,0.001089985,0.0,0.0010605645,0.0,0.0010303505,0.0010111233,0.0010678227,0.001078596,0.0,0.0,0.0010466643,0.0010605638,0.0,0.0010303505,0.0010605631,0.0010724856,0.0010605633,0.0,0.0010303503,0.0010111233,0.0010678227,0.001078596,0.0,0.0,0.0010466634,0.0010303505,0.0010204808,0.00103035,0.0011066966,0.0,0.0,0.0010466632,0.0,0.001060563,0.0010466632,0.0010678226,0.0,0.0010605688,0.0,0.0010605631,0.0,0.001060563,0.0010466632,0.0,0.0,0.0010466838,0.001030354,0.0010204808,0.00103035,0.0011066975,0.0,0.0010606063,0.0010605677,0.0010545297,0.0010651759,0.0,0.0009883904,0.0,0.0010605655,0.0010466643,0.0,0.0010605635,0.0010466632,0.001038914,0.0010724681,0.001060563,0.0010466632,0.0,0.001060563,0.0010466632,0.0010389122,0.0,0.0010605631,0.0010466632,0.0010389118,0.0010492788,0.0010546368,0.0010661312,0.0010724611,0.001060563,0.0010466632,0.0010389118,0.0010492788,0.0010546368,0.0010661312,0.001072475,0.0,0.0,0.0010303505,0.0010111233,0.0010678227,0.0010899848,0.0010724626,0.014362976,0.0010466632,0.0010303505,0.0010204808,0.00103035,0.0011066966,0.0,0.0010605631,0.0,0.0010303505,0.0010111233,0.0010678227,0.0010785958,0.0010724758,0.0,0.0010466632,0.0010303505,0.0010204808,0.00103035,0.0011067011,0.0,0.001060563,0.0010466632,0.0010389118,0.0010492788,0.0010546368,0.0010661322,0.0010724614,0.001060563,0.0010466632,0.0010389118,0.0010492788,0.0010546368,0.001066131,0.0,0.0010605635,0.0010466634,0.0010389118,0.0010492788,0.0010546368,0.0010661312,0.0,0.0,0.0010466632,0.0010303505,0.0010204808,0.00103035,0.001106697,0.001072463,0.001060563,0.0,0.0,0.0010605631,0.0010605631,0.0010545298,0.0010724905,0.0,0.0010466638,0.0,0.0010605631,0.0010466632,0.0010678256,0.0010725214,0.0,0.0010605631,0.0010466632,0.0010389118,0.0,0.0010605636,0.0,0.0010605629,0.0,0.0010303505,0.0010111233,0.0010678227,0.001078601,0.0010724659,0.0,0.0010466632,0.0010303505,0.0010204808,0.0010303505,0.0011067381,0.0010724767,0.0,0.0,0.0010303505,0.0010111233,0.0010678227,0.0010899846,0.0,0.0010605631,0.0010466632,0.0010389118,0.0010492788,0.0010546368,0.0010661312,0.0010724759,0.0010605631,0.0010466632,0.0,0.001060563,0.0010466632,0.0010389127,0.001072462,0.0,0.0010466632,0.0010303505,0.0010204808,0.00103035,0.0011066986,0.0010724644,0.0,0.0010466632,0.0010303505,0.0010204808,0.0010303502,0.001106698,0.0,0.0010605631,0.0010605633,0.001054529,0.0010651761,0.0,0.0009884315,0.0010724779,0.0,0.0010466632,0.0010303505,0.0010204808,0.00103035,0.0011066967,0.0010724666,0.0,0.0,0.0010303505,0.0010111233,0.0010678227,0.0010899866,0.0010724925,0.0010605634,0.0,0.0010303513,0.0010111234,0.0010678226,0.0010786015,0.0,0.0010605631,0.0010466632,0.0010389118,0.0010492788,0.0010546368,0.001066131,0.0,0.0010605649,0.0,0.0010303505,0.0010111233,0.0010678227,0.0010785958,0.0,0.0010605631,0.0010466633,0.0010389118,0.0010492788,0.0010546368,0.0010661312,0.0010724699,0.001060563,0.0010466635,0.0010389119,0.0010492788,0.0010546368,0.0010661315,0.0,0.0,0.0,0.0010303505,0.0010111233,0.0010678227,0.0010899851,0.0010724606,0.001060563,0.0,0.0010303505,0.0010111233,0.0010678227,0.0010785963,0.0010724727,0.0010605631,0.0010466632,0.0010678227,0.0,0.0010303505,0.0010111235,0.0,0.001060563,0.0010466632,0.0010389118,0.0010492788,0.0010546368,0.0010661316,0.0,0.001060563,0.0010466632,0.0010389118,0.0010492788,0.0010546368,0.0010661315,0.0,0.0010605635,0.0010466632,0.0010389118,0.0010492788,0.0010546368,0.0010661329,0.0010724658,0.001060563,0.0010466632,0.0010389118,0.0010492788,0.0010546368,0.0010661315,0.0,0.0,0.0010466632,0.0010303505,0.0010204808,0.00103035,0.0011066969,0.0,0.001060563,0.0010466632,0.0010389118,0.0010492788,0.0010546368,0.0010661312,0.0010726562,0.0010605651,0.0010466635,0.0010389116,0.0010492788,0.0010546368,0.0010661337
k__Bacteria|p__Fusobacteria|c__Fusobacteriia|o__Fusobacteriales|f__Fusobacteriaceae|g__Fusobacterium|s__Fusobacterium_pseudoperiodonticum,0.0,0.0010605473,0.0010468876,0.0010394894,0.0010504753,0.0010564402,0.0010683589,0.0,0.0010605471,0.0010468876,0.0010394894,0.0010504753,0.0010564402,0.0010683587,0.0,0.0,0.0010469054,0.0010308399,0.001021325,0.0010318267,0.0011074368,0.0010722822,0.0,0.001046888,0.0010308281,0.0010213238,0.0010318267,0.001107436,0.0,0.0,0.001046888,0.0010308281,0.0010213238,0.0010318267,0.0011074358,0.0010722184,0.0010605471,0.0010468876,0.0010394894,0.0010504753,0.0010564402,0.0010683585,0.0,0.0010605481,0.001046888,0.0010394894,0.0010504753,0.0010564402,0.0010683596,0.0010722185,0.0010605471,0.0010468876,0.0010394894,0.0010504753,0.0010564402,0.0010683589,0.0,0.0010605475,0.0010468885,0.0010394899,0.0010504753,0.0010564402,0.0010683595,0.0,0.0010605471,0.0010468876,0.0010394894,0.0010504753,0.0010564402,0.0010683585,0.0,0.0010605471,0.0,0.0010308281,0.0010118651,0.0010679057,0.0010792685,0.0,0.0010605471,0.0010468876,0.0010394894,0.0010504753,0.0010564402,0.0010683595,0.0,0.0,0.0,0.0010308281,0.0010118651,0.0010679057,0.0010904145,0.0010722366,0.0010605471,0.0,0.0010308281,0.0010118651,0.0010679057,0.0010792777,0.0010723623,0.0,0.0,0.0010308281,0.0010118651,0.0010679057,0.0010904137,0.0010722637,0.0,0.0010468876,0.0,0.0010605471,0.0010468876,0.0010679058,0.0010722246,0.0,0.0,0.0010308281,0.0010118651,0.0010679057,0.0010904117,0.0,0.0010605494,0.0,0.0010308281,0.0010118651,0.0010679057,0.0010792663,0.0,0.0,0.0010468892,0.001060549,0.0,0.0010308281,0.0010605475,0.0010722638,0.0010605475,0.0,0.001030828,0.0010118651,0.0010679057,0.0010792658,0.0,0.0,0.0010468881,0.0010308281,0.0010213238,0.0010318267,0.0011074364,0.0,0.0,0.0010468876,0.0,0.0010605471,0.0010468876,0.0010679058,0.0,0.001060553,0.0,0.0010605472,0.0,0.0010605471,0.0010468881,0.0,0.0,0.0010469112,0.001030832,0.0010213238,0.0010318267,0.0011074368,0.0018590372,0.0010605928,0.0010605527,0.0010548539,0.0010661028,0.0,0.00098941,0.0,0.0010605507,0.0010468891,0.0,0.0010605478,0.0010468881,0.0010394931,0.0010722297,0.0010605471,0.0010468876,0.0,0.0010605471,0.0010468876,0.0010394914,0.0,0.0010605473,0.0010468877,0.0010394894,0.0010504753,0.0010564402,0.0010683587,0.0010722183,0.0010605471,0.0010468876,0.0010394894,0.0010504753,0.0010564402,0.0010683585,0.0010722731,0.0,0.0,0.0010308281,0.0010118651,0.0010679057,0.0010904114,0.0010722287,0.0,0.0010468876,0.0010308281,0.0010213238,0.0010318267,0.0011074361,0.0,0.0010605472,0.0,0.0010308281,0.0010118651,0.0010679057,0.0010792657,0.0010722493,0.0,0.0010468876,0.0010308281,0.0010213238,0.0010318267,0.0011074468,0.0,0.0010605471,0.0010468876,0.0010394894,0.0010504753,0.0010564402,0.0010683612,0.0010722198,0.0010605471,0.0010468876,0.0010394894,0.0010504753,0.0010564402,0.0010683585,0.0,0.0010605479,0.0010468881,0.0010394896,0.0010504753,0.0010564402,0.0010683589,0.0,0.0,0.0010468876,0.0010308281,0.0010213238,0.0010318267,0.0011074361,0.0010722233,0.0010605471,0.0,0.0,0.0010605472,0.0010605471,0.0010548541,0.0010722892,0.0,0.0010468882,0.0,0.0010605472,0.0010468876,0.0010679094,0.0010724319,0.0,0.0010605474,0.0010468881,0.0010394894,0.0,0.0010605485,0.0,0.001060547,0.0,0.0010308281,0.0010118651,0.0010679056,0.0010792745,0.0010722297,0.0,0.0010468876,0.0010308281,0.0010213238,0.0010318276,0.0011075231,0.0010722483,0.0,0.0,0.0010308281,0.0010118651,0.0010679057,0.0010904113,0.0,0.0010605472,0.0010468877,0.0010394894,0.0010504753,0.0010564402,0.0010683587,0.0010722539,0.0010605474,0.0010468881,0.0,0.0010605471,0.0010468876,0.0010394912,0.0010722235,0.0,0.0010468881,0.0010308281,0.0010213238,0.0010318267,0.001107439,0.0010722255,0.0,0.0010468877,0.0010308281,0.0010213238,0.001031827,0.001107439,0.0,0.0010605474,0.0010605475,0.0010548533,0.001066103,0.0,0.0009894582,0.0010722887,0.0,0.0010468881,0.0010308281,0.0010213238,0.0010318267,0.0011074358,0.0010722283,0.0,0.0,0.0010308281,0.0010118651,0.0010679057,0.001090414,0.0010723457,0.0010605485,0.0,0.0010308295,0.0010118653,0.0010679056,0.001079277,0.0,0.0010605472,0.0010468877,0.0010394894,0.0010504753,0.0010564402,0.0010683585,0.0,0.0010605487,0.0,0.0010308281,0.0010118651,0.0010679057,0.0010792657,0.0,0.0010605472,0.0010468881,0.0010394894,0.0010504753,0.0010564402,0.0010683587,0.0010722452,0.0010605473,0.001046888,0.0010394899,0.0010504753,0.0010564402,0.001068359,0.0,0.0,0.0,0.0010308281,0.0010118651,0.0010679057,0.001090412,0.0010722177,0.0010605471,0.0,0.0010308281,0.0010118651,0.0010679057,0.0010792672,0.001072242,0.0010605472,0.0010468876,0.0010679057,0.0,0.0010308281,0.0010118652,0.0,0.0010605471,0.0010468876,0.0010394894,0.0010504753,0.0010564402,0.0010683598,0.0,0.0010605471,0.001046888,0.0010394894,0.0010504753,0.0010564402,0.001068359,0.0,0.001060548,0.0010468881,0.0010394894,0.0010504753,0.0010564402,0.0010683615,0.0010722353,0.0010605471,0.0010468876,0.0010394894,0.0010504753,0.0010564402,0.0010683595,0.0,0.0018492714,0.0010468876,0.0010308281,0.0010213238,0.0010318267,0.0011074365,0.0,0.0010605471,0.0010468876,0.0010394894,0.0010504753,0.0010564402,0.0010683585,0.0010725626,0.0010605495,0.001046888,0.0010394898,0.0010504753,0.0010564402,0.0010683625
k__Bacteria|p__Fusobacteria|c__Fusobacteriia|o__Fusobacteriales|f__Fusobacteriaceae|g__Fusobacterium|s__Fusobacterium_nucleatum,0.0,0.0010628357,0.0010491662,0.0010417042,0.0010525021,0.0010582964,0.0010700629,0.0,0.0010628357,0.0010491662,0.0010417042,0.0010525021,0.0010582964,0.0010700624,0.0,0.0,0.0010491989,0.0010331139,0.0010235236,0.0010338421,0.0011092909,0.0010746033,0.0,0.0010491662,0.0010330922,0.0010235219,0.0010338421,0.001109289,0.0,0.0,0.0010491662,0.0010330922,0.0010235219,0.0010338421,0.0011092889,0.0010745144,0.0010628356,0.0010491662,0.0010417042,0.0010525021,0.0010582964,0.0010700624,0.0,0.0010628372,0.0010491665,0.0010417042,0.0010525021,0.0010582964,0.0010700639,0.0010745144,0.0010628356,0.0010491662,0.0010417042,0.0010525021,0.0010582964,0.0010700629,0.0,0.0010628363,0.0010491675,0.0010417046,0.0010525021,0.0010582964,0.001070064,0.0,0.0010628357,0.0010491662,0.0010417042,0.0010525021,0.0010582964,0.0010700625,0.0,0.0010628357,0.0,0.0010330922,0.0010141092,0.0010701396,0.0010813074,0.0,0.0010628356,0.0010491662,0.0010417042,0.0010525021,0.0010582964,0.0010700638,0.0,0.013317421,0.0019517436,0.0010330922,0.0010141092,0.0010701398,0.001092455,0.0010745396,0.0010628357,0.0,0.0010330922,0.0010141092,0.0010701398,0.0010813222,0.001074692,0.0,0.0,0.0010330924,0.0010141092,0.0010701398,0.0010924533,0.0010745773,0.0,0.0010491662,0.0,0.0010628356,0.0010491662,0.0010701402,0.0010745226,0.0,0.0,0.0010330922,0.0010141092,0.0010701396,0.0010924502,0.0,0.0010628393,0.0,0.0010330922,0.0010141092,0.0010701396,0.0010813042,0.0,0.0,0.0010491684,0.0010628385,0.0,0.0010330922,0.0010628361,0.0010745751,0.0010628363,0.0,0.001033092,0.0010141092,0.0010701396,0.0010813036,0.0,0.0,0.0010491667,0.0010330922,0.0010235219,0.0010338421,0.0011092898,0.0,0.0,0.0010491662,0.0,0.0010628356,0.0010491662,0.00107014,0.0,0.0010628456,0.0,0.0010628357,0.0,0.0010628356,0.0010491663,0.0,0.0,0.0010492065,0.0010330984,0.0010235221,0.0010338421,0.001109291,0.0,0.0010629264,0.0010628462,0.0010570809,0.0010681369,0.0,0.0009916374,0.0,0.0010628413,0.0010491686,0.0,0.0010628366,0.0010491664,0.00104171,0.0010745316,0.0010628356,0.0010491662,0.025900623,0.0010628356,0.0010491662,0.0010417068,0.0,0.0010628359,0.0010491663,0.0010417042,0.0010525021,0.0010582964,0.0010700627,0.0010745139,0.0010628356,0.0010491662,0.0010417042,0.0010525021,0.0010582964,0.0010700629,0.001074584,0.0,0.0,0.0010330922,0.0010141092,0.0010701396,0.00109245,0.0010745286,0.0,0.0010491662,0.0010330922,0.0010235219,0.0010338421,0.0011092898,0.0,0.0010628357,0.0,0.0010330922,0.0010141092,0.0010701396,0.0010813035,0.0010745575,0.0,0.0010491662,0.0010330922,0.0010235219,0.0010338421,0.0011093093,0.0,0.0010628356,0.0010491662,0.0010417042,0.0010525021,0.0010582964,0.0010700658,0.0010745163,0.0010628356,0.0010491662,0.0010417042,0.0010525021,0.0010582964,0.0010700624,0.0,0.0010628368,0.0010491664,0.0010417042,0.0010525021,0.0010582964,0.001070063,0.0,0.0,0.0010491662,0.0010330922,0.0010235219,0.0010338421,0.0011092894,0.0010745208,0.0010628356,0.0,0.0,0.0010628357,0.0010628357,0.0010570806,0.0010746083,0.0,0.0010491669,0.0,0.0010628357,0.0010491662,0.0010701474,0.0010747849,0.0,0.0010628363,0.0010491664,0.0010417042,0.0,0.0010628373,0.0,0.0010628355,0.0012724384,0.0010330922,0.0010141092,0.0010701398,0.001081317,0.001074529,0.0,0.0010491662,0.0010330922,0.0010235221,0.0010338431,0.0011094373,0.0010745551,0.0,0.0,0.0010330922,0.0010141092,0.0010701396,0.0010924498,0.0,0.001062836,0.0010491663,0.0010417042,0.0010525021,0.0010582964,0.0010700627,0.0010745612,0.001062836,0.0010491664,0.0,0.0010628358,0.0010491662,0.0010417069,0.001074521,0.0,0.0010491664,0.0010330925,0.0010235219,0.0010338421,0.0011092941,0.0010745247,0.0,0.0010491663,0.0010330922,0.0010235221,0.0010338421,0.0011092941,0.0,0.001062836,0.001062836,0.0010570796,0.0010681371,0.0,0.0009917093,0.0010746026,0.0,0.0010491664,0.0010330922,0.0010235219,0.0010338421,0.0011092889,0.0010745286,0.0,0.0,0.0010330922,0.0010141092,0.0010701398,0.0010924536,0.0010746785,0.001062838,0.0,0.0010330942,0.0010141104,0.0010701402,0.0010813209,0.005313457,0.0010628358,0.0010491664,0.0010417042,0.0010525021,0.0010582964,0.0010700624,0.0,0.0010628388,0.0,0.0010330922,0.0010141092,0.0010701396,0.0010813036,0.0014323099,0.0010628359,0.0010491663,0.0010417042,0.0010525021,0.0010582964,0.0010700629,0.0010745511,0.0010628361,0.0010491665,0.0010417049,0.0010525021,0.0010582964,0.0010700634,0.0,0.0,0.0,0.0010330922,0.0010141092,0.0010701396,0.0010924509,0.0010745132,0.0010628356,0.0011136803,0.0010330922,0.0010141092,0.0010701396,0.0010813058,0.0010745458,0.0010628358,0.0010491662,0.0010701396,0.0,0.0010330922,0.0010141094,0.0,0.0010628356,0.0010491662,0.0010417042,0.0010525021,0.0010582964,0.0010700645,0.0,0.0010628356,0.0010491662,0.0010417042,0.0010525021,0.0010582964,0.0010700634,0.0,0.0010628373,0.0010491664,0.0010417042,0.0010525021,0.0010582964,0.0010700672,0.0010745386,0.0010628356,0.0010491662,0.0010417042,0.0010525021,0.0010582964,0.0010700638,0.0,0.0,0.0010491662,0.0010330922,0.0010235219,0.0010338421,0.0011092899,0.0,0.0010628356,0.0010491662,0.0010417042,0.0010525021,0.0010582964,0.0010700625,0.0010749724,0.0010628398,0.0010491665,0.0010417042,0.0010525021,0.0010582964,0.0010700687
k__Bacteria|p__Candidatus_Saccharibacteria|c__Candidatus_Nanosyncoccalia|o__Candidatus_Nanosyncoccales|f__Candidatus_Nanosyncoccacae|g__Candidatus_Nanosyncoccus|s__Candidatus_Nanosyncoccus_SGB19793,0.0,0.0010588602,0.0010452359,0.0010379249,0.0010491187,0.0010552789,0.0010673578,0.0,0.0010588606,0.0010452359,0.0010379249,0.0010491187,0.0010552789,0.0010673578,0.0,0.0,0.0010452549,0.0010292287,0.0010198024,0.0010305112,0.0011061563,0.0010705296,0.0,0.0010452359,0.0010292156,0.0010198014,0.0010305112,0.0011061551,0.0,0.0,0.0010452359,0.0010292156,0.0010198014,0.0010305112,0.0011061551,0.0010705005,0.0010588604,0.0010452359,0.0010379249,0.0010491187,0.0010552789,0.0010673575,0.0,0.0010588611,0.001045236,0.0010379249,0.0010491187,0.0010552789,0.0010673592,0.0010705006,0.0010588604,0.0010452359,0.0010379249,0.0010491187,0.0010552789,0.0010673578,0.0,0.0010588607,0.0010452367,0.001037925,0.0010491187,0.0010552789,0.0010673587,0.0,0.0010588606,0.0010452359,0.0010379249,0.0010491187,0.0010552789,0.0010673578,0.0,0.0010588606,0.0,0.0010292156,0.0010102972,0.00106627,0.0010778445,0.0,0.0010588604,0.0010452359,0.0010379248,0.0010491187,0.0010552789,0.0010673588,0.0,0.0,0.0,0.0010292156,0.0010102972,0.00106627,0.0010889629,0.0010705084,0.0010588606,0.0,0.0010292156,0.0010102972,0.00106627,0.0010778538,0.0010705666,0.0,0.0,0.0010292156,0.0010102972,0.00106627,0.0010889618,0.0010705239,0.0,0.0010452359,0.0,0.0010588604,0.0010452359,0.0010662702,0.0010705036,0.0,0.0,0.0010292156,0.0010102972,0.00106627,0.001088959,0.0,0.0010588622,0.0,0.0010292156,0.0010102972,0.00106627,0.0010778423,0.0,0.0,0.0010452372,0.0010588616,0.0,0.0010292156,0.0010588607,0.0010705271,0.0010588607,0.0,0.0010292156,0.0010102972,0.00106627,0.0010778414,0.0,0.0,0.001045236,0.0010292156,0.0010198014,0.0010305112,0.0011061558,0.0,0.0,0.0010452359,0.0,0.0010588604,0.0010452359,0.0010662703,0.0,0.001058866,0.0,0.0010588606,0.0,0.0010588604,0.0010452359,0.0,0.0,0.0010452534,0.001029219,0.0010198017,0.0010305112,0.0011061564,0.0,0.0010589098,0.0010588659,0.0010532512,0.0010647103,0.0,0.0009878947,0.0,0.0010588632,0.0010452371,0.0,0.0010588608,0.0010452359,0.0010379291,0.0010705063,0.0010588604,0.0010452359,0.0,0.0010588604,0.0010452359,0.0010379269,0.0,0.0010588604,0.0010452359,0.0010379248,0.0010491187,0.0010552789,0.0010673578,0.0010705001,0.0010588604,0.0010452359,0.0010379249,0.0010491187,0.0010552789,0.0010673578,0.001070526,0.0,0.0,0.0010292156,0.0010102972,0.00106627,0.0010889586,0.001070505,0.0,0.0010452359,0.0010292156,0.0010198014,0.0010305112,0.0011061559,0.0,0.0010588606,0.0,0.0010292156,0.0010102972,0.00106627,0.0010778414,0.0010705176,0.0,0.0010452359,0.0010292156,0.0010198014,0.0010305112,0.0011061693,0.0,0.0010588604,0.0010452359,0.0010379249,0.0010491187,0.0010552789,0.0010673604,0.0010705004,0.0010588604,0.0010452359,0.0010379249,0.0010491187,0.0010552789,0.0010673575,0.0,0.0010588609,0.0010452359,0.0010379248,0.0010491187,0.0010552789,0.0010673578,0.0,0.0,0.0010452359,0.0010292156,0.0010198014,0.0010305112,0.0011061555,0.0010705026,0.0010588604,0.0,0.0,0.0010588606,0.0010588606,0.0010532518,0.0010705362,0.0,0.0010452364,0.0,0.0010588606,0.0010452359,0.0010662768,0.0010706093,0.0,0.0010588604,0.0010452359,0.0010379248,0.0,0.0010588618,0.0,0.0010588603,0.0,0.0010292156,0.0010102972,0.0010662699,0.0010778522,0.0010705057,0.0,0.0010452359,0.0010292156,0.0010198017,0.0010305117,0.0011062641,0.0010705176,0.0,0.0,0.0010292156,0.0010102972,0.00106627,0.0010889587,0.0,0.0010588606,0.0010452359,0.0010379249,0.0010491187,0.0010552789,0.0010673578,0.0010704981,0.0010588604,0.0010452359,0.0,0.0010588602,0.0010452359,0.0010379262,0.0010705024,0.0,0.0010452359,0.001029216,0.0010198014,0.0010305112,0.0011061595,0.0010705045,0.0,0.0010452359,0.0010292156,0.0010198017,0.0010305113,0.0011061588,0.0,0.0010588604,0.0010588606,0.0010532507,0.0010647106,0.0,0.0009879499,0.001070533,0.0,0.0010452359,0.0010292156,0.0010198014,0.0010305112,0.0011061551,0.0010705068,0.0,0.0,0.0010292156,0.0010102972,0.00106627,0.0010889617,0.0010705508,0.0010588613,0.0,0.0010292167,0.0010102973,0.0010662699,0.0010778541,0.0,0.0010588603,0.0010452359,0.0010379248,0.0010491187,0.0010552789,0.0010673575,0.0,0.001058862,0.0,0.0010292156,0.0010102972,0.00106627,0.0010778414,0.0,0.0010588604,0.001045236,0.0010379248,0.0010491187,0.0010552789,0.0010673578,0.0010705171,0.0010588603,0.001045236,0.001037925,0.0010491189,0.0010552789,0.0010673582,0.0,0.0,0.0,0.0010292156,0.0010102972,0.00106627,0.0010889599,0.0010704999,0.0010588604,0.0,0.0010292156,0.0010102972,0.00106627,0.0010778431,0.0010705139,0.0010588603,0.0010452359,0.00106627,0.0,0.0010292156,0.0010102974,0.0,0.0010588604,0.0010452359,0.0010379248,0.0010491187,0.0010552789,0.0010673592,0.0,0.0010588604,0.0010452359,0.0010379248,0.0010491187,0.0010552789,0.0010673582,0.0,0.001058861,0.0010452359,0.0010379248,0.0010491189,0.0010552789,0.0010673614,0.0010705086,0.0010588604,0.0010452359,0.0010379248,0.0010491187,0.0010552789,0.0010673585,0.0,0.0,0.0010452359,0.0010292156,0.0010198014,0.0010305112,0.001106156,0.0,0.0010588604,0.0010452359,0.0010379249,0.0010491187,0.0010552789,0.0010673576,0.0010707098,0.0010588628,0.0010452361,0.0010379249,0.0010491189,0.0010552789,0.0010673625
k__Bacteria|p__Candidatus_Saccharibacteria|c__Candidatus_Nanosyncoccalia|o__Candidatus_Nanogingivales|f__Candidatus_Nanogingivalaceae|g__GGB12785|s__GGB12785_SGB19824,0.0,0.0010587908,0.0010450395,0.0010375436,0.0010484166,0.0010542606,0.00106612,0.0,0.001058791,0.0010450395,0.0010375436,0.0010484166,0.0010542606,0.00106612,0.0,0.0,0.0010450564,0.0010288964,0.0010192812,0.0010296607,0.0011057024,0.0010705916,0.0,0.0010450395,0.001028886,0.0010192804,0.0010296607,0.0011057007,0.0,0.0,0.0010450395,0.001028886,0.0010192804,0.0010296607,0.0011057007,0.0010705509,0.0010587908,0.0010450395,0.0010375436,0.0010484166,0.0010542606,0.0010661198,0.0,0.0010587915,0.0010450395,0.0010375436,0.0010484166,0.0010542606,0.0010661209,0.0010705509,0.0010587908,0.0010450395,0.0010375436,0.0010484166,0.0010542606,0.00106612,0.0,0.0010587911,0.0010450404,0.0010375438,0.0010484166,0.0010542606,0.0010661209,0.0,0.001058791,0.0010450395,0.0010375436,0.0010484166,0.0010542606,0.0010661198,0.0,0.001058791,0.0,0.001028886,0.0010098281,0.0010661501,0.0010774208,0.0,0.0010587908,0.0010450395,0.0010375436,0.0010484166,0.0010542606,0.0010661209,0.0,0.0,0.0,0.001028886,0.0010098281,0.0010661501,0.0010886672,0.0010705628,0.001058791,0.0,0.001028886,0.0010098281,0.0010661501,0.0010774323,0.0010706452,0.0,0.0,0.001028886,0.0010098281,0.0010661501,0.001088666,0.0010705806,0.0,0.0010450395,0.0,0.0010587908,0.0010450395,0.0010661503,0.0010705551,0.0,0.0,0.001028886,0.0010098281,0.0010661501,0.0010886638,0.0,0.0010587929,0.0,0.001028886,0.0010098281,0.0010661501,0.0010774184,0.0,0.0,0.0010450406,0.0010587923,0.0,0.001028886,0.001058791,0.0010705794,0.0010587911,0.0,0.0010288858,0.0010098281,0.0010661501,0.0010774177,0.0,0.0,0.0010450396,0.001028886,0.0010192804,0.0010296607,0.0011057014,0.0,0.0,0.0010450395,0.0,0.0010587908,0.0010450395,0.0010661503,0.0,0.0010587957,0.0,0.001058791,0.0,0.0010587908,0.0010450396,0.0,0.0,0.0010450582,0.001028889,0.0010192805,0.0010296607,0.0011057021,0.0,0.001058838,0.0010587962,0.0010530042,0.0010641506,0.0,0.0009872845,0.0,0.0010587939,0.0010450408,0.0,0.0010587913,0.0010450396,0.0010375477,0.0010705575,0.0010587908,0.0010450395,0.0,0.0010587908,0.0010450395,0.0010375455,0.0,0.0010587911,0.0010450396,0.0010375436,0.0010484166,0.0010542606,0.0010661199,0.0010705508,0.0010587908,0.0010450395,0.0010375436,0.0010484166,0.0010542606,0.00106612,0.0010705851,0.0,0.0,0.001028886,0.0010098281,0.0010661501,0.0010886635,0.001070558,0.0,0.0010450395,0.001028886,0.0010192804,0.0010296607,0.0011057013,0.0,0.001058791,0.0,0.001028886,0.0010098281,0.0010661501,0.0010774179,0.0010705738,0.0,0.0010450395,0.001028886,0.0010192804,0.0010296607,0.0011057154,0.0,0.0010587908,0.0010450395,0.0010375436,0.0010484166,0.0010542606,0.0010661228,0.0010705515,0.0010587908,0.0010450395,0.0010375436,0.0010484166,0.0010542606,0.0010661198,0.0,0.0010587915,0.0010450396,0.0010375436,0.0010484166,0.0010542606,0.0010661202,0.0,0.0,0.0010450395,0.001028886,0.0010192804,0.0010296607,0.0011057011,0.0010705532,0.0010587908,0.0,0.0,0.001058791,0.001058791,0.0010530042,0.0010705934,0.0,0.0010450397,0.0,0.0010587908,0.0010450395,0.0010661551,0.0010706934,0.0,0.001058791,0.0010450396,0.0010375436,0.0,0.0010587921,0.0,0.0010587907,0.0,0.001028886,0.0010098281,0.0010661499,0.00107743,0.0010705573,0.0,0.0010450395,0.001028886,0.0010192805,0.0010296615,0.001105811,0.0010705687,0.0,0.0,0.001028886,0.0010098281,0.0010661501,0.0010886635,0.0,0.001058791,0.0010450396,0.0010375436,0.0010484166,0.0010542606,0.00106612,0.0010705555,0.0010587911,0.0010450396,0.0,0.001058791,0.0010450395,0.0010375453,0.0010705543,0.0,0.0010450396,0.001028886,0.0010192804,0.0010296607,0.001105705,0.0010705556,0.0,0.0010450396,0.0010288858,0.0010192805,0.0010296608,0.0011057052,0.0,0.0010587911,0.0010587911,0.0010530037,0.0010641508,0.0,0.0009873391,0.0010705928,0.0,0.0010450396,0.001028886,0.0010192804,0.0010296607,0.0011057007,0.0010705573,0.0,0.0,0.001028886,0.0010098281,0.0010661501,0.0010886661,0.001070633,0.0010587921,0.0,0.0010288873,0.0010098286,0.00106615,0.0010774301,0.0,0.0010587911,0.0010450396,0.0010375436,0.0010484166,0.0010542606,0.0010661198,0.0,0.001058792,0.0,0.001028886,0.0010098281,0.0010661501,0.0010774179,0.0,0.001058791,0.0010450396,0.0010375436,0.0010484166,0.0010542606,0.0010661201,0.0010705716,0.0010587908,0.0010450399,0.0010375439,0.0010484166,0.0010542606,0.0010661207,0.0,0.0,0.0,0.001028886,0.0010098281,0.0010661501,0.0010886643,0.0010705503,0.0010587908,0.0,0.001028886,0.0010098281,0.0010661501,0.0010774194,0.0010705658,0.0010587911,0.0010450395,0.0010661501,0.0,0.001028886,0.0010098283,0.0,0.0010587908,0.0010450395,0.0010375436,0.0010484166,0.0010542606,0.0010661217,0.0,0.0010587908,0.0010450395,0.0010375436,0.0010484166,0.0010542606,0.0010661203,0.0,0.0010587916,0.0010450396,0.0010375436,0.0010484166,0.0010542606,0.0010661243,0.0010705629,0.0010587908,0.0010450395,0.0010375436,0.0010484166,0.0010542606,0.0010661207,0.0,0.0,0.0010450395,0.001028886,0.0010192804,0.0010296607,0.0011057018,0.0,0.0010587908,0.0010450395,0.0010375436,0.0010484166,0.0010542606,0.00106612,0.0010707859,0.0010587928,0.0010450395,0.0010375436,0.0010484166,0.0010542606,0.0010661253
k__Bacteria|p__Candidatus_Saccharibacteria|c__Candidatus_Nanosyncoccalia|o__Candidatus_Nanogingivales|f__Candidatus_Nanogingivalaceae|g__GGB12785|s__GGB12785_SGB19825,0.0,0.0010591922,0.0010454764,0.0010380239,0.0010489597,0.0010548676,0.0010667659,0.0,0.0010591922,0.0010454764,0.0010380239,0.0010489597,0.0010548676,0.0010667657,0.0,0.0,0.0010454918,0.0010293702,0.0010197995,0.0010302452,0.0011061429,0.001070941,0.0,0.0010454764,0.0010293593,0.0010197989,0.0010302452,0.0011061424,0.0,0.0,0.0010454764,0.0010293593,0.0010197989,0.0010302452,0.0011061425,0.0010709179,0.0010591921,0.0010454764,0.0010380239,0.0010489597,0.0010548676,0.0010667656,0.0,0.0010591926,0.0010454765,0.0010380239,0.0010489597,0.0010548676,0.0010667657,0.0010709182,0.0010591921,0.0010454764,0.0010380239,0.0010489597,0.0010548676,0.0010667659,0.0,0.0010591926,0.0010454768,0.0010380241,0.0010489597,0.0010548676,0.0010667664,0.0,0.0010591922,0.0010454764,0.0010380239,0.0010489597,0.0010548676,0.0010667657,0.0,0.0010591922,0.0,0.0010293593,0.0010103391,0.001066557,0.0010778822,0.0,0.0010591921,0.0010454764,0.0010380239,0.0010489597,0.0010548676,0.0010667663,0.0,0.0,0.0,0.0010293593,0.0010103391,0.001066557,0.0010890918,0.0010709239,0.0010591922,0.0,0.0010293593,0.0010103391,0.001066557,0.0010778877,0.0010709751,0.0,0.0,0.0010293592,0.0010103391,0.001066557,0.001089091,0.0010709345,0.0,0.0010454764,0.0,0.0010591921,0.0010454764,0.0010665572,0.0010709208,0.0,0.0,0.0010293593,0.0010103391,0.001066557,0.0010890897,0.0,0.0010591939,0.0,0.0010293593,0.0010103391,0.001066557,0.001077881,0.0,0.0,0.0010454772,0.0010591936,0.0015768106,0.0010293593,0.0010591923,0.0010709437,0.0010591926,0.0,0.0010293592,0.0010103391,0.001066557,0.001077881,0.0,0.0,0.0010454765,0.0010293593,0.0010197989,0.0010302452,0.0011061425,0.0,0.0,0.0010454764,0.0,0.0010591921,0.0010454764,0.001066557,0.0,0.0010591968,0.0,0.0010591922,0.0,0.0010591921,0.0010454765,0.0,0.0,0.0010454971,0.0010293622,0.001019799,0.0010302452,0.001106143,0.0,0.0010592331,0.0010591967,0.0010534471,0.001064653,0.0,0.0009878231,0.0,0.0010591947,0.0010454775,0.0,0.0010591927,0.0010454764,0.001038026,0.0010709228,0.0010591921,0.0010454764,0.0,0.0010591921,0.0010454764,0.001038025,0.0,0.0010591925,0.0010454765,0.0010380239,0.0010489597,0.0010548676,0.0010667657,0.001070918,0.0010591921,0.0010454764,0.0010380239,0.0010489597,0.0010548676,0.0010667657,0.0010709389,0.0,0.0,0.0010293593,0.0010103391,0.001066557,0.0010890896,0.0010709229,0.0,0.0010454764,0.0010293593,0.0010197989,0.0010302452,0.0011061424,0.0,0.0010591922,0.0,0.0010293593,0.0010103391,0.001066557,0.001077881,0.00107093,0.0,0.0010454764,0.0010293593,0.0010197989,0.0010302452,0.0011061484,0.0,0.0010591921,0.0010454764,0.0010380239,0.0010489597,0.0010548676,0.0010667668,0.0010709186,0.0010591921,0.0010454764,0.0010380239,0.0010489597,0.0010548676,0.0010667656,0.0,0.0010591929,0.0010454764,0.0010380239,0.0010489597,0.0010548676,0.0010667659,0.0,0.0,0.0010454764,0.0010293593,0.0010197989,0.0010302452,0.0011061424,0.0010709198,0.0010591921,0.0,0.0,0.0010591922,0.0010591922,0.0010534471,0.0010709465,0.0,0.0010454765,0.0,0.0010591922,0.0010454764,0.0010665585,0.0010710013,0.0,0.0010591925,0.0010454764,0.0010380239,0.0,0.001059193,0.0,0.001059192,0.0,0.0010293593,0.0010103391,0.001066557,0.0010778845,0.0010709229,0.0,0.0010454764,0.0010293593,0.001019799,0.0010302454,0.0011061919,0.0010709335,0.0,0.0,0.0010293593,0.0010103391,0.001066557,0.0010890892,0.0,0.0010591922,0.0010454765,0.0010380239,0.0010489597,0.0010548676,0.0010667657,0.0010709201,0.0010591926,0.0010454764,0.0,0.0010591922,0.0010454764,0.0010380249,0.00107092,0.0,0.0010454764,0.0010293593,0.0010197989,0.0010302452,0.0011061443,0.0010709211,0.0,0.0010454765,0.0010293592,0.001019799,0.0010302452,0.0011061438,0.0,0.0010591926,0.0010591926,0.0010534468,0.0010646529,0.0,0.0009878622,0.0010709444,0.0,0.0010454764,0.0010293593,0.0010197989,0.0010302452,0.0011061425,0.0010709225,0.0,0.0,0.0010293593,0.0010103391,0.001066557,0.0010890912,0.0010709667,0.0010591929,0.0,0.0010293601,0.0010103394,0.001066557,0.0010778871,0.0,0.0010591923,0.0010454764,0.0010380239,0.0010489597,0.0010548676,0.0010667656,0.0,0.0010591934,0.0,0.0010293593,0.0010103391,0.001066557,0.001077881,0.0,0.0010591923,0.0010454765,0.0010380239,0.0010489597,0.0010548676,0.0010667659,0.0010709288,0.0010591923,0.0010454765,0.001038024,0.0010489597,0.0010548676,0.0010667659,0.0,0.0,0.0,0.0010293593,0.0010103391,0.001066557,0.0010890898,0.0010709178,0.0010591921,0.0,0.0010293593,0.0010103391,0.001066557,0.0010778817,0.0010709285,0.0010591923,0.0010454764,0.001066557,0.0,0.0010293593,0.0010103392,0.0,0.0010591921,0.0010454764,0.0010380239,0.0010489597,0.0010548676,0.0010667663,0.0,0.0010591921,0.0010454764,0.0010380239,0.0010489597,0.0010548676,0.0010667659,0.0,0.0010591929,0.0010454764,0.0010380239,0.0010489597,0.0010548676,0.0010667674,0.001070925,0.0010591921,0.0010454764,0.0010380239,0.0010489597,0.0010548676,0.0010667661,0.0,0.0,0.0010454764,0.0010293593,0.0010197989,0.0010302452,0.0011061426,0.0,0.0010591921,0.0010454764,0.0010380239,0.0010489597,0.0010548676,0.0010667657,0.0010710725,0.0010591941,0.0010454765,0.0010380239,0.0010489597,0.0010548676,0.0010667678
k__Bacteria|p__Candidatus_Saccharibacteria|c__Candidatus_Saccharibacteria_unclassified|o__Candidatus_Saccharibacteria_unclassified|f__Candidatus_Saccharibacteria_unclassified|g__Candidatus_Saccharibacteria_unclassified|s__Candidatus_Saccharibacteria_unclassified_SGB19858,0.0,0.0010572486,0.0010438114,0.001036809,0.0010485975,0.0010553325,0.0010678362,0.0,0.0010572487,0.0010438114,0.001036809,0.0010485975,0.0010553325,0.0010678361,0.0,0.0,0.0010438176,0.0010279956,0.0010188965,0.0010302083,0.0011054126,0.001068734,0.0,0.0010438114,0.0010279904,0.0010188961,0.0010302083,0.0011054121,0.0,0.0,0.0010438114,0.0010279904,0.0010188961,0.0010302083,0.001105412,0.0010687137,0.0010572487,0.0010438114,0.001036809,0.0010485975,0.0010553325,0.0010678361,0.0,0.0010572489,0.0010438116,0.001036809,0.0010485975,0.0010553325,0.0010678368,0.001068714,0.0010572487,0.0010438114,0.001036809,0.0010485975,0.0010553325,0.0010678363,0.0,0.0010572488,0.0010438116,0.0010368091,0.0010485975,0.0010553325,0.0010678364,0.0,0.0010572487,0.0010438114,0.001036809,0.0010485975,0.0010553325,0.0010678362,0.0,0.0010572487,0.0,0.0010279904,0.0010092837,0.0010647702,0.0010769193,0.0,0.0010572487,0.0010438114,0.0010368088,0.0010485973,0.0010553325,0.0010678364,0.0,0.0,0.0,0.0010279904,0.0010092837,0.0010647702,0.0010878532,0.0010687188,0.0010572487,0.0,0.0010279904,0.0010092837,0.0010647702,0.0010769215,0.0010687454,0.0,0.0,0.0010279905,0.0010092837,0.0010647702,0.0010878531,0.0010687269,0.0,0.0010438114,0.0,0.0010572487,0.0010438114,0.0010647702,0.0010687151,0.0,0.0,0.0010279904,0.0010092837,0.0010647702,0.0010878524,0.0,0.0010572493,0.0,0.0010279904,0.0010092837,0.0010647702,0.0010769181,0.0,0.0,0.001043812,0.0010572488,0.0,0.0010279904,0.0010572487,0.0010687242,0.0010572488,0.0,0.0010279904,0.0010092837,0.0010647702,0.001076918,0.0,0.0,0.0010438116,0.0010279904,0.0010188961,0.0010302083,0.0011054125,0.0,0.0,0.0010438114,0.0,0.0010572487,0.0010438114,0.00106477,0.0,0.0010572509,0.0,0.0010572488,0.0,0.0010572487,0.0010438114,0.0,0.0,0.0010438181,0.0010279915,0.001018896,0.0010302083,0.0011054125,0.0,0.0010572592,0.0010572498,0.001051937,0.0010639819,0.0,0.0009870938,0.0,0.0010572498,0.0010438119,0.0,0.0010572489,0.0010438112,0.0010368108,0.0010687175,0.0010572487,0.0010438114,0.0,0.0010572487,0.0010438114,0.0010368099,0.0,0.0010572488,0.0010438114,0.0010368088,0.0010485975,0.0010553325,0.0010678361,0.0010687138,0.0010572487,0.0010438114,0.001036809,0.0010485975,0.0010553325,0.0010678362,0.0010687258,0.0,0.0,0.0010279904,0.0010092837,0.0010647702,0.0010878523,0.0010687141,0.0,0.0010438114,0.0010279904,0.0010188961,0.0010302083,0.0011054124,0.0,0.0010572488,0.0,0.0010279904,0.0010092837,0.0010647702,0.001076918,0.0010687223,0.0,0.0010438114,0.0010279904,0.0010188961,0.0010302083,0.0011054164,0.0,0.0010572487,0.0010438114,0.001036809,0.0010485975,0.0010553325,0.0010678374,0.0010687141,0.0010572487,0.0010438114,0.001036809,0.0010485975,0.0010553325,0.0010678361,0.0,0.001057249,0.0010438116,0.0010368088,0.0010485975,0.0010553325,0.0010678362,0.0,0.0,0.0010438114,0.0010279904,0.0010188961,0.0010302083,0.0011054124,0.0010687155,0.0010572487,0.0,0.0,0.0010572488,0.0010572487,0.001051937,0.0010687363,0.0,0.0010438116,0.0,0.0010572488,0.0010438114,0.0010647728,0.0010687719,0.0,0.0010572488,0.0010438116,0.0010368088,0.0,0.0010572493,0.0,0.0010572486,0.0,0.0010279904,0.0010092837,0.0010647702,0.001076921,0.0010687165,0.0,0.0010438114,0.0010279904,0.001018896,0.0010302084,0.0011054394,0.0010687228,0.0,0.0,0.0010279904,0.0010092837,0.0010647702,0.001087852,0.0,0.0010572488,0.0010438114,0.001036809,0.0010485975,0.0010553325,0.0010678361,0.0010687361,0.0010572488,0.0010438116,0.0,0.0010572487,0.0010438114,0.0010368095,0.0010687145,0.0,0.0010438116,0.0010279905,0.0010188961,0.0010302083,0.0011054133,0.0010687157,0.0,0.0010438112,0.0010279904,0.001018896,0.0010302083,0.0011054128,0.0,0.0010572488,0.0010572489,0.0010519369,0.0010639818,0.0,0.0009871259,0.0010687306,0.0,0.0010438112,0.0010279904,0.0010188961,0.0010302083,0.001105412,0.0010687171,0.0,0.0,0.0010279904,0.0010092837,0.0010647702,0.0010878529,0.0010687407,0.0010572489,0.0,0.0010279907,0.0010092838,0.0010647702,0.0010769224,0.0,0.0010572488,0.0010438112,0.0010368088,0.0010485975,0.0010553325,0.0010678361,0.0,0.0010572495,0.0,0.0010279904,0.0010092837,0.0010647702,0.001076918,0.0,0.0010572488,0.0010438116,0.0010368088,0.0010485975,0.0010553325,0.0010678361,0.0010687199,0.0010572487,0.0010438114,0.0010368091,0.0010485975,0.0010553325,0.0010678365,0.0,0.0,0.0,0.0010279904,0.0010092837,0.0010647702,0.0010878526,0.0010687136,0.0010572487,0.0,0.0010279904,0.0010092837,0.0010647702,0.0010769184,0.0010687215,0.0010572488,0.0010438114,0.0010647702,0.0,0.0010279904,0.0010092838,0.0,0.0010572487,0.0010438114,0.0010368088,0.0010485975,0.0010553325,0.0010678368,0.0,0.0010572487,0.0010438114,0.0010368088,0.0010485975,0.0010553325,0.0010678362,0.0,0.0010572487,0.0010438116,0.0010368088,0.0010485975,0.0010553325,0.0010678374,0.001068716,0.0010572487,0.0010438114,0.0010368088,0.0010485975,0.0010553325,0.0010678364,0.0,0.0,0.0010438114,0.0010279904,0.0010188961,0.0010302083,0.0011054123,0.0,0.0010572487,0.0010438114,0.001036809,0.0010485975,0.0010553325,0.0010678362,0.0010688666,0.0010572497,0.0010438114,0.001036809,0.0010485975,0.0010553325,0.0010678378
k__Bacteria|p__Candidatus_Saccharibacteria|c__Candidatus_Nanosyncoccalia|o__Candidatus_Nanogingivales|f__Candidatus_Nanogingivalaceae|g__Candidatus_Nanogingivalis|s__Candidatus_Nanogingivalis_gingivitcus,0.0,0.0010601861,0.0010464987,0.0010390669,0.001050006,0.0010559232,0.0010678135,0.0,0.0010601861,0.0010464987,0.0010390669,0.001050006,0.0010559232,0.0010678134,0.0,0.0,0.001046506,0.0010304133,0.0010208717,0.0010313251,0.0011070507,0.0010719233,0.0,0.0010464987,0.00103041,0.0010208712,0.0010313251,0.0011070506,0.0,0.0,0.0010464987,0.00103041,0.0010208712,0.0010313251,0.0011070506,0.0010718842,0.001060186,0.0010464987,0.0010390669,0.001050006,0.0010559232,0.0010678134,0.0,0.0010601865,0.0010464988,0.0010390669,0.001050006,0.0010559232,0.0010678143,0.001071884,0.001060186,0.0010464987,0.0010390669,0.001050006,0.0010559232,0.0010678135,0.0,0.0010601862,0.0010464996,0.0010390672,0.001050006,0.0010559232,0.0010678137,0.0,0.0010601861,0.0010464987,0.0010390669,0.001050006,0.0010559232,0.0010678134,0.0,0.0010601861,0.0,0.00103041,0.0010114175,0.0010675408,0.0010788612,0.0,0.001060186,0.0010464987,0.0010390669,0.001050006,0.0010559232,0.0010678134,0.0,0.0,0.0,0.00103041,0.0010114175,0.0010675408,0.0010900361,0.0010718965,0.0010601861,0.0,0.00103041,0.0010114175,0.0010675408,0.0010788648,0.001071984,0.0,0.0,0.0010304102,0.0010114175,0.0010675408,0.0010900364,0.0010719174,0.0,0.0010464987,0.0,0.001060186,0.0010464987,0.001067541,0.001071888,0.0,0.0,0.00103041,0.0010114175,0.0010675408,0.0010900354,0.0,0.001060187,0.0,0.00103041,0.0010114175,0.0010675408,0.0010788601,0.0,0.0,0.0010464992,0.0010601875,0.0015301905,0.00103041,0.0010601864,0.001071906,0.0010601862,0.0,0.00103041,0.0010114175,0.0010675408,0.0010788599,0.0,0.0,0.0010464988,0.00103041,0.0010208712,0.0010313251,0.0011070512,0.0,0.0,0.0010464987,0.0,0.001060186,0.0010464987,0.0010675411,0.0,0.0010601864,0.0,0.0010601861,0.0,0.001060186,0.0010464988,0.0,0.0,0.0010465053,0.001030411,0.0010208713,0.0010313251,0.0011070503,0.0,0.0010602033,0.001060188,0.0010544603,0.0010656659,0.0,0.0009889236,0.0,0.0010601872,0.001046499,0.0,0.0010601863,0.0010464989,0.0010390694,0.0010718897,0.001060186,0.0010464987,0.0,0.001060186,0.0010464987,0.0010390682,0.0,0.0010601863,0.0010464988,0.0010390669,0.001050006,0.0010559232,0.0010678134,0.0010718838,0.001060186,0.0010464987,0.0010390669,0.001050006,0.0010559232,0.0010678134,0.0010719225,0.0,0.0,0.00103041,0.0010114175,0.0010675408,0.0010900353,0.0010718921,0.0,0.0010464987,0.00103041,0.0010208712,0.0010313251,0.0011070508,0.0,0.0010601861,0.0,0.00103041,0.0010114175,0.0010675408,0.0010788598,0.0010719014,0.0,0.0010464987,0.00103041,0.0010208712,0.0010313251,0.0011070565,0.0,0.001060186,0.0010464987,0.0010390669,0.001050006,0.0010559232,0.0010678144,0.0010718852,0.001060186,0.0010464987,0.0010390669,0.001050006,0.0010559232,0.0010678134,0.0,0.0010601863,0.0010464987,0.0010390669,0.001050006,0.0010559232,0.0010678135,0.0,0.0,0.0010464987,0.00103041,0.0010208712,0.0010313251,0.0011070507,0.0010718869,0.001060186,0.0,0.0,0.0010601861,0.0010601861,0.0010544604,0.0010719268,0.0,0.0010464987,0.0,0.0010601861,0.0010464987,0.0010675445,0.0010720346,0.0,0.0010601862,0.0010464989,0.0010390669,0.0,0.0010601867,0.0,0.0010601858,0.0010586455,0.00103041,0.0010114175,0.0010675408,0.0010788648,0.001071891,0.0,0.0010464987,0.00103041,0.0010208713,0.0010313255,0.0011070913,0.0010718977,0.0,0.0,0.00103041,0.0010114175,0.0010675408,0.0010900353,0.0,0.0010601861,0.0010464988,0.0010390669,0.001050006,0.0010559232,0.0010678134,0.00107191,0.0010601862,0.0010464987,0.0,0.0010601861,0.0010464987,0.0010390682,0.0010718877,0.0,0.0010464989,0.00103041,0.0010208712,0.0010313251,0.0011070515,0.0010718877,0.0,0.0010464988,0.00103041,0.0010208713,0.0010313251,0.0011070521,0.0,0.0010601862,0.0010601862,0.0010544602,0.0010656655,0.0,0.0009889454,0.0010719324,0.0,0.0010464987,0.00103041,0.0010208712,0.0010313251,0.0011070506,0.0010718892,0.0,0.0,0.00103041,0.0010114175,0.0010675408,0.0010900359,0.0010719746,0.001060187,0.0,0.0010304109,0.0010114176,0.0010675411,0.0010788653,0.0,0.0010601862,0.0010464987,0.0010390669,0.001050006,0.0010559232,0.0010678134,0.0,0.0010601865,0.0,0.00103041,0.0010114175,0.0010675408,0.0010788598,0.0,0.0010601862,0.0010464988,0.0010390669,0.001050006,0.0010559232,0.0010678135,0.0010719018,0.0010601861,0.0010464987,0.0010390672,0.001050006,0.0010559232,0.0010678136,0.0,0.0,0.0,0.00103041,0.0010114175,0.0010675408,0.0010900357,0.0010718837,0.001060186,0.0,0.00103041,0.0010114175,0.0010675408,0.0010788607,0.0010718949,0.0010601862,0.0010464987,0.0010675408,0.0,0.00103041,0.0010114176,0.0,0.001060186,0.0010464987,0.0010390669,0.001050006,0.0010559232,0.0010678138,0.0,0.001060186,0.0010464987,0.0010390669,0.001050006,0.0010559232,0.0010678136,0.0,0.0010601865,0.0010464987,0.0010390669,0.001050006,0.0010559232,0.0010678141,0.0010718964,0.001060186,0.0010464987,0.0010390669,0.001050006,0.0010559232,0.0010678137,0.0,0.0,0.0010464987,0.00103041,0.0010208712,0.0010313251,0.001107051,0.0,0.001060186,0.0010464987,0.0010390669,0.001050006,0.0010559232,0.0010678134,0.0010720544,0.0010601869,0.0010464987,0.001039067,0.001050006,0.0010559232,0.0010678142
k__Bacteria|p__Candidatus_Saccharibacteria|c__Candidatus_Nanosyncoccalia|o__Candidatus_Nanogingivales|f__Candidatus_Nanogingivalaceae|g__GGB12785|s__GGB12785_SGB19823,0.0,0.001062738,0.0010489651,0.0010413531,0.0010518916,0.0010574308,0.0010690204,0.0,0.0010627385,0.0010489651,0.0010413531,0.0010518916,0.0010574308,0.0010690202,0.0,0.0,0.0010489679,0.0010327841,0.0010230567,0.0010331107,0.001108884,0.0010745166,0.0,0.0010489649,0.001032782,0.0010230565,0.0010331107,0.0011088843,0.0,0.0,0.0010489649,0.001032782,0.0010230565,0.0010331107,0.0011088843,0.0010745134,0.0010627384,0.0010489651,0.0010413531,0.0010518916,0.0010574308,0.0010690205,0.0,0.001062738,0.001048965,0.0010413531,0.0010518916,0.0010574308,0.0010690202,0.0010745139,0.0010627384,0.0010489651,0.0010413531,0.0010518916,0.0010574308,0.0010690205,0.0,0.0010627381,0.001048965,0.0010413532,0.0010518916,0.0010574308,0.001069021,0.0,0.0010627385,0.0010489651,0.0010413531,0.0010518916,0.0010574308,0.0010690204,0.0,0.001062738,0.0,0.001032782,0.0010136858,0.0010700019,0.0010809199,0.0,0.0010627384,0.0010489651,0.0010413531,0.0010518916,0.0010574308,0.0010690202,0.0,0.0,0.0,0.001032782,0.0010136858,0.0010700019,0.0010921716,0.001074514,0.001062738,0.0,0.001032782,0.0010136858,0.0010700019,0.0010809193,0.0010745132,0.0,0.0,0.0010327821,0.0010136858,0.0010700019,0.0010921718,0.0010745156,0.0,0.0010489649,0.0,0.0010627384,0.0010489651,0.0010700019,0.0010745135,0.0,0.0,0.001032782,0.0010136858,0.0010700019,0.0010921722,0.0,0.0010627382,0.0,0.001032782,0.0010136858,0.0010700019,0.0010809201,0.0,0.0,0.0010489647,0.0010627381,0.0,0.001032782,0.0010627381,0.0010745142,0.0010627381,0.0,0.001032782,0.0010136858,0.0010700019,0.0010809202,0.0,0.0,0.001048965,0.001032782,0.0010230565,0.0010331107,0.0011088845,0.0,0.0,0.0010489651,0.0,0.0010627384,0.0010489651,0.0010700017,0.0,0.0010627375,0.0,0.0010627381,0.0,0.0010627384,0.001048965,0.0,0.0,0.0010489684,0.0010327825,0.0010230566,0.0010331107,0.0011088839,0.0,0.0010627453,0.0010627385,0.0010568375,0.0010676427,0.0,0.0009910724,0.0,0.0010627379,0.0010489649,0.0,0.0010627381,0.0010489649,0.0010413531,0.0010745139,0.0010627384,0.0010489651,0.0,0.0010627384,0.0010489651,0.0010413533,0.0,0.0010627382,0.001048965,0.0010413531,0.0010518916,0.0010574308,0.0010690202,0.0010745139,0.0010627384,0.0010489651,0.0010413531,0.0010518916,0.0010574308,0.0010690204,0.0010745134,0.0,0.0,0.001032782,0.0010136858,0.0010700019,0.0010921721,0.0010745142,0.0,0.0010489651,0.001032782,0.0010230565,0.0010331107,0.0011088841,0.0,0.0010627381,0.0,0.001032782,0.0010136858,0.0010700019,0.0010809202,0.0010745131,0.0,0.0010489649,0.001032782,0.0010230565,0.0010331107,0.0011088821,0.0,0.0010627384,0.0010489651,0.0010413531,0.0010518916,0.0010574308,0.0010690204,0.001074514,0.0010627384,0.0010489651,0.0010413531,0.0010518916,0.0010574308,0.0010690205,0.0,0.0010627381,0.0010489649,0.0010413531,0.0010518916,0.0010574308,0.0010690204,0.0,0.0,0.0010489651,0.001032782,0.0010230565,0.0010331107,0.0011088845,0.0010745139,0.0010627384,0.0,0.0,0.0010627381,0.0010627385,0.0010568376,0.0010745162,0.0,0.0010489649,0.0022431263,0.0010627381,0.0010489649,0.0010700007,0.0010745173,0.0,0.0010627381,0.0010489649,0.0010413531,0.0,0.001062738,0.0,0.0010627379,0.0,0.001032782,0.0010136858,0.0010700019,0.0010809186,0.0010745134,0.0,0.0010489649,0.001032782,0.0010230566,0.0010331109,0.0011088641,0.0010745116,0.0,0.0,0.001032782,0.0010136858,0.0010700019,0.0010921722,0.0,0.0010627381,0.0010489653,0.0010413531,0.0010518916,0.0010574308,0.0010690202,0.0010745296,0.0010627384,0.0010489649,0.0,0.0010627381,0.0010489649,0.0010413532,0.0010745139,0.0,0.0010489649,0.0010327819,0.0010230565,0.0010331107,0.0011088835,0.0010745134,0.0,0.001048965,0.001032782,0.0010230566,0.0010331109,0.0011088834,0.0,0.0010627381,0.0010627382,0.0010568376,0.0010676426,0.0,0.0009910881,0.0010745164,0.0,0.0010489649,0.001032782,0.0010230565,0.0010331107,0.0011088843,0.0010745139,0.0,0.0,0.001032782,0.0010136858,0.0010700019,0.0010921719,0.0010745191,0.0010627379,0.0,0.0010327821,0.0010136858,0.001070002,0.0010809188,0.0,0.0010627382,0.0010489649,0.0010413531,0.0010518916,0.0010574308,0.0010690205,0.0,0.0010627379,0.0,0.001032782,0.0010136858,0.0010700019,0.0010809202,0.0,0.0010627381,0.001048965,0.0010413531,0.0010518916,0.0010574308,0.0010690205,0.0010745126,0.001062738,0.0010489649,0.0010413531,0.0010518916,0.0010574308,0.0010690205,0.0,0.0,0.0,0.001032782,0.0010136858,0.0010700019,0.0010921723,0.0010745138,0.0010627384,0.0,0.001032782,0.0010136858,0.0010700019,0.0010809201,0.0010745128,0.0010627382,0.0010489649,0.0010700019,0.0,0.001032782,0.001013686,0.0,0.0010627384,0.0010489651,0.0010413531,0.0010518916,0.0010574308,0.0010690205,0.0,0.0010627384,0.0010489649,0.0010413531,0.0010518916,0.0010574308,0.0010690204,0.0,0.001062738,0.0010489649,0.0010413531,0.0010518916,0.0010574308,0.0010690205,0.0010745134,0.0010627384,0.0010489651,0.0010413531,0.0010518916,0.0010574308,0.0010690204,0.0,0.0,0.0010489651,0.001032782,0.0010230565,0.0010331107,0.0011088843,0.0,0.0010627384,0.0010489651,0.0010413531,0.0010518916,0.0010574308,0.0010690204,0.0010745157,0.0010627379,0.0010489649,0.0010413532,0.0010518916,0.0010574308,0.0010690204
k__Bacteria|p__Candidatus_Saccharibacteria|c__Candidatus_Saccharibacteria_unclassified|o__Candidatus_Saccharibacteria_unclassified|f__Candidatus_Saccharibacteria_unclassified|g__Candidatus_Saccharibacteria_unclassified|s__TM7_phylum_sp_oral_taxon_352,0.0,0.0010608156,0.0010472976,0.0010401014,0.0010514314,0.0010577367,0.0010698889,0.001169857,0.0010608156,0.0010472976,0.0010401014,0.0010514314,0.0010577367,0.0010698888,0.0,0.0,0.0010472971,0.0010313862,0.0010220913,0.0010329483,0.0011081002,0.0010723608,0.0,0.0010472976,0.0010313864,0.0010220911,0.0010329485,0.0011080994,0.0,0.0,0.0010472976,0.0010313864,0.0010220911,0.0010329485,0.0011080994,0.0010723524,0.0010608156,0.0010472976,0.0010401014,0.0010514314,0.0010577367,0.0010698887,0.0,0.0010608156,0.0010472977,0.0010401014,0.0010514314,0.0010577367,0.0010698899,0.0010723525,0.0010608156,0.0010472976,0.0010401014,0.0010514314,0.0010577367,0.0010698888,0.0,0.0010608158,0.001047298,0.0010401015,0.0010514314,0.0010577367,0.001069889,0.0,0.0010608156,0.0010472976,0.0010401014,0.0010514314,0.0010577367,0.0010698888,0.0,0.0010608156,0.0,0.0010313864,0.0010125776,0.0010682261,0.0010799125,0.0,0.0010608156,0.0010472976,0.0010401014,0.0010514314,0.0010577367,0.0010698895,0.0,0.0,0.0,0.0010313864,0.0010125776,0.0010682261,0.0010909137,0.0010723552,0.0010608156,0.0,0.0010313864,0.0010125776,0.0010682261,0.0010799168,0.0010723734,0.0,0.0,0.0010313862,0.0010125776,0.0010682261,0.0010909137,0.0010723575,0.0,0.0010472976,0.0,0.0010608156,0.0010472976,0.0010682262,0.0010723529,0.0,0.0,0.0010313864,0.0010125776,0.0010682261,0.001090912,0.0,0.0010608158,0.0,0.0010313864,0.0010125776,0.0010682261,0.0010799109,0.0,0.0,0.0010472981,0.0010608154,0.0,0.0010313864,0.0010608158,0.0010723536,0.0010608156,0.0,0.0010313861,0.0010125776,0.0010682261,0.0010799106,0.0,0.0,0.0010472977,0.0010313864,0.0010220911,0.0010329485,0.0011080998,0.0,0.0,0.0010472976,0.0,0.0010608156,0.0010472976,0.0010682262,0.0,0.0010608162,0.0,0.0010608158,0.0,0.0010608156,0.0010472977,0.0,0.0,0.0010472944,0.0010313857,0.0010220913,0.0010329483,0.0011080998,0.0,0.0010608054,0.0010608146,0.0010553154,0.0010668996,0.0,0.000990276,0.0,0.001060816,0.0010472978,0.0,0.0010608156,0.0010472976,0.0010401037,0.0010723526,0.0010608156,0.0010472976,0.0,0.0010608156,0.0010472976,0.0010401028,0.0,0.0010608159,0.0010472977,0.0010401014,0.0010514314,0.0010577367,0.0010698887,0.0010723524,0.0010608156,0.0010472976,0.0010401014,0.0010514314,0.0010577367,0.0010698888,0.00107236,0.0,0.0,0.0010313864,0.0010125776,0.0010682261,0.0010909118,0.0010723507,0.0,0.0010472976,0.0010313864,0.0010220911,0.0010329485,0.0011080996,0.0,0.0010608158,0.0,0.0010313864,0.0010125776,0.0010682261,0.0010799106,0.0010723576,0.0,0.0010472976,0.0010313864,0.0010220911,0.0010329485,0.0011081065,0.0,0.0010608156,0.0010472976,0.0010401014,0.0010514314,0.0010577367,0.0010698908,0.0010723522,0.0010608156,0.0010472976,0.0010401014,0.0010514314,0.0010577367,0.0010698887,0.0,0.0010608156,0.0010472976,0.0010401014,0.0010514314,0.0010577367,0.0010698889,0.0,0.0,0.0010472976,0.0010313864,0.0010220911,0.0010329485,0.0011080994,0.0010723531,0.0010608156,0.0,0.0,0.0010608158,0.0010608156,0.0010553162,0.0010723646,0.0,0.0010472977,0.0,0.0010608158,0.0010472976,0.0010682303,0.0010723913,0.0,0.0010608155,0.0010472976,0.0010401014,0.0,0.0010608166,0.0,0.0010608155,0.0010121729,0.0010313864,0.0010125776,0.001068226,0.0010799178,0.0010723538,0.0,0.0010472976,0.0010313864,0.0010220913,0.0010329487,0.0011081465,0.0010723566,0.0,0.0,0.0010313864,0.0010125776,0.0010682261,0.0010909117,0.0,0.0010608158,0.0010472977,0.0010401014,0.0010514314,0.0010577367,0.0010698888,0.0010723554,0.0010608155,0.0010472976,0.0,0.0010608154,0.0010472976,0.0010401017,0.0010723526,0.0,0.0010472976,0.0010313864,0.0010220911,0.0010329485,0.001108102,0.0010723535,0.0,0.0010472977,0.0010313864,0.0010220913,0.0010329485,0.0011081016,0.0,0.0010608155,0.0010608159,0.0010553154,0.0010668995,0.0,0.000990311,0.0010723585,0.0,0.0010472976,0.0010313864,0.0010220911,0.0010329485,0.0011080994,0.0010723543,0.0,0.0,0.0010313864,0.0010125776,0.0010682261,0.0010909137,0.0010723668,0.0010608155,0.0,0.0010313865,0.0010125777,0.001068226,0.0010799178,0.0,0.0010608158,0.0010472976,0.0010401014,0.0010514314,0.0010577367,0.0010698887,0.0,0.0010608158,0.0,0.0010313864,0.0010125776,0.0010682261,0.0010799106,0.0,0.0010608158,0.0010472977,0.0010401014,0.0010514314,0.0010577367,0.0010698888,0.0010723589,0.0010608156,0.0010472976,0.0010401015,0.0010514314,0.0010577367,0.0010698894,0.0,0.0,0.0,0.0010313864,0.0010125776,0.0010682261,0.0010909126,0.0010723522,0.0010608156,0.0,0.0010313864,0.0010125776,0.0010682261,0.0010799114,0.0010723572,0.0010608158,0.0010472976,0.0010682261,0.0,0.0010313864,0.0010125777,0.0,0.0010608156,0.0010472976,0.0010401014,0.0010514314,0.0010577367,0.0010698902,0.0,0.0010608156,0.0010472976,0.0010401014,0.0010514314,0.0010577367,0.0010698892,0.0,0.0010608154,0.0010472976,0.0010401014,0.0010514314,0.0010577367,0.0010698914,0.0010723522,0.0010608156,0.0010472976,0.0010401014,0.0010514314,0.0010577367,0.0010698892,0.0,0.0,0.0010472976,0.0010313864,0.0010220911,0.0010329485,0.0011080999,0.0,0.0010608156,0.0010472976,0.0010401014,0.0010514314,0.0010577367,0.0010698888,0.0010724525,0.0010608159,0.0010472976,0.0010401014,0.0010514314,0.0010577367,0.0010698922
k__Bacteria|p__Verrucomicrobia|c__Verrucomicrobiae|o__Verrucomicrobiales|f__Akkermansiaceae|g__Akkermansia|s__Akkermansia_sp_BIOML_A40,0.0,0.0010585069,0.0010448265,0.0010374407,0.0010485153,0.0010545561,0.0010665565,0.0,0.0010585074,0.0010448265,0.0010374407,0.0010485153,0.0010545561,0.0010665565,0.0,0.0,0.0010448314,0.0010287502,0.0010192564,0.0010298422,0.0011056883,0.0010702248,0.0,0.0010448265,0.0010287479,0.0010192561,0.0010298422,0.0011056884,0.0,0.0,0.0010448265,0.0010287479,0.0010192561,0.0010298422,0.0011056884,0.0010702002,0.0010585072,0.0010448265,0.0010374407,0.0010485153,0.0010545561,0.0010665564,0.0,0.0010585071,0.0010448267,0.0010374407,0.0010485153,0.0010545561,0.0010665568,0.0010702003,0.0010585072,0.0010448265,0.0010374407,0.0010485153,0.0010545561,0.0010665565,0.0,0.0010585071,0.0010448269,0.0010374408,0.0010485153,0.0010545561,0.0010665571,0.0,0.0010585074,0.0010448265,0.0010374407,0.0010485153,0.0010545561,0.0010665565,0.0,0.0010585074,0.0,0.0010287479,0.0010097689,0.0010659014,0.0010773629,0.0,0.0010585072,0.0010448265,0.0010374407,0.0010485153,0.0010545561,0.0010665567,0.0,0.0,0.0,0.0010287479,0.0010097689,0.0010659014,0.0010885384,0.0010702076,0.0010585071,0.0,0.0010287479,0.0010097689,0.0010659014,0.0010773651,0.0010702587,0.0,0.0,0.0010287479,0.0010097689,0.0010659014,0.0010885382,0.0010702198,0.0,0.0010448265,0.0,0.0010585072,0.0010448265,0.0010659014,0.0010702021,0.0,0.0,0.0010287479,0.0010097689,0.0010659014,0.0010885382,0.0,0.0010585075,0.0,0.0010287479,0.0010097689,0.0010659014,0.0010773627,0.0,0.0,0.0010448262,0.0010585077,0.0,0.0010287479,0.0010585074,0.001070211,0.0010585071,0.0,0.0010287476,0.0010097689,0.0010659014,0.0010773628,0.0,0.0,0.0010448266,0.0010287479,0.0010192561,0.0010298422,0.0011056885,0.0,0.0,0.0010448265,0.0,0.0010585072,0.0010448265,0.0010659014,0.0,0.0010585068,0.0,0.0010585074,0.0,0.0010585072,0.0010448266,0.0,0.0,0.001044829,0.0010287485,0.0010192561,0.0010298422,0.0011056882,0.0,0.0010585216,0.0010585083,0.0010528257,0.0010641705,0.0,0.0009872915,0.0,0.0010585075,0.0010448265,0.0,0.0010585072,0.0010448266,0.0010374415,0.0010702036,0.0010585072,0.0010448265,0.0,0.0010585072,0.0010448265,0.0010374412,0.0,0.0010585071,0.0010448266,0.0010374407,0.0010485153,0.0010545561,0.0010665565,0.0010702003,0.0010585072,0.0010448265,0.0010374407,0.0010485153,0.0010545561,0.0010665565,0.0010702186,0.0,0.0,0.0010287479,0.0010097689,0.0010659014,0.0010885381,0.0010702047,0.0,0.0010448265,0.0010287479,0.0010192561,0.0010298422,0.0011056882,0.0,0.0010585074,0.0,0.0010287479,0.0010097689,0.0010659014,0.0010773628,0.0010702114,0.0,0.0010448265,0.0010287479,0.0010192561,0.0010298422,0.0011056898,0.0,0.0010585072,0.0010448265,0.0010374407,0.0010485153,0.0010545561,0.001066557,0.001070201,0.0010585072,0.0010448265,0.0010374407,0.0010485153,0.0010545561,0.0010665564,0.0,0.001058507,0.0010448266,0.0010374407,0.0010485153,0.0010545561,0.0010665565,0.0,0.0,0.0010448265,0.0010287479,0.0010192561,0.0010298422,0.0011056885,0.0010702023,0.0010585072,0.0,0.0,0.0010585074,0.0010585074,0.0010528257,0.0010702265,0.0,0.0010448263,0.0,0.0010585071,0.0010448265,0.0010659024,0.0010702946,0.0,0.001058507,0.0010448266,0.0010374407,0.0,0.0010585074,0.0,0.0010585069,0.0,0.0010287479,0.0010097689,0.0010659015,0.0010773645,0.0010702034,0.0,0.0010448265,0.0010287479,0.0010192561,0.0010298425,0.0011057011,0.0010702068,0.0,0.0,0.0010287479,0.0010097689,0.0010659014,0.0010885382,0.0,0.0010585074,0.0010448266,0.0010374407,0.0010485153,0.0010545561,0.0010665565,0.0010702322,0.0010585072,0.0010448266,0.0,0.0010585072,0.0010448265,0.0010374413,0.0010702021,0.0,0.0010448266,0.001028748,0.0010192561,0.0010298422,0.0011056883,0.0010702021,0.0,0.0010448266,0.0010287478,0.0010192561,0.0010298423,0.0011056884,0.0,0.0010585071,0.0010585071,0.0010528258,0.0010641703,0.0,0.000987308,0.0010702269,0.0,0.0010448266,0.0010287479,0.0010192561,0.0010298422,0.0011056884,0.0010702035,0.0,0.0,0.0010287479,0.0010097689,0.0010659014,0.0010885383,0.0010702537,0.0010585075,0.0,0.0010287482,0.001009769,0.0010659015,0.0010773642,0.0,0.0010585071,0.0010448266,0.0010374407,0.0010485153,0.0010545561,0.0010665564,0.0,0.0010585071,0.0,0.0010287479,0.0010097689,0.0010659014,0.0010773628,0.0,0.001058507,0.0010448266,0.0010374407,0.0010485153,0.0010545561,0.0010665565,0.0010702092,0.0010585069,0.0010448267,0.0010374406,0.0010485153,0.0010545561,0.0010665568,0.0,0.0,0.0,0.0010287479,0.0010097689,0.0010659014,0.0010885382,0.0010702001,0.0010585072,0.0,0.0010287479,0.0010097689,0.0010659014,0.0010773629,0.0010702055,0.0010585071,0.0010448265,0.0010659014,0.0,0.0010287479,0.0010097692,0.0,0.0010585072,0.0010448265,0.0010374407,0.0010485153,0.0010545561,0.0010665567,0.0,0.0010585072,0.0010448265,0.0010374407,0.0010485153,0.0010545561,0.0010665565,0.0,0.0010585072,0.0010448266,0.0010374407,0.0010485153,0.0010545561,0.0010665571,0.001070206,0.0010585072,0.0010448265,0.0010374407,0.0010485153,0.0010545561,0.0010665567,0.0,0.0,0.0010448265,0.0010287479,0.0010192561,0.0010298422,0.0011056886,0.0,0.0010585072,0.0010448265,0.0010374407,0.0010485153,0.0010545561,0.0010665565,0.0010703339,0.0010585074,0.0010448267,0.0010374407,0.0010485153,0.0010545561,0.001066557
k__Bacteria|p__Verrucomicrobia|c__Verrucomicrobiae|o__Verrucomicrobiales|f__Akkermansiaceae|g__Akkermansia|s__Akkermansia_sp_KLE1798,0.0,0.0010607028,0.0010470261,0.0010395987,0.0010505284,0.0010564394,0.0010683179,0.0,0.001060703,0.0010470261,0.0010395987,0.0010505284,0.0010564394,0.0010683178,0.0,0.0,0.0010470245,0.0010309458,0.0010214134,0.0010318598,0.0011075092,0.0010724051,0.0,0.0010470261,0.0010309478,0.0010214134,0.0010318598,0.0011075094,0.0,0.0,0.0010470261,0.0010309478,0.0010214134,0.0010318598,0.0011075095,0.0010723898,0.0010607028,0.0010470261,0.0010395987,0.0010505284,0.0010564394,0.0010683178,0.0,0.0010607028,0.001047026,0.0010395987,0.0010505284,0.0010564394,0.0010683183,0.00107239,0.0010607028,0.0010470261,0.0010395987,0.0010505284,0.0010564394,0.0010683179,0.0,0.0010607031,0.0010470265,0.0010395988,0.0010505284,0.0010564394,0.0010683183,0.0,0.001060703,0.0010470261,0.0010395987,0.0010505284,0.0010564394,0.0010683179,0.0,0.001060703,0.0,0.0010309478,0.001011965,0.0010680507,0.0010793566,0.0,0.0010607028,0.0010470261,0.0010395987,0.0010505284,0.0010564394,0.0010683179,0.0,0.0,0.0,0.0010309478,0.001011965,0.0010680507,0.0010905181,0.0010723944,0.001060703,0.0,0.0010309478,0.001011965,0.0010680507,0.0010793566,0.0010724296,0.0,0.0,0.0010309477,0.001011965,0.0010680507,0.0010905188,0.0010724008,0.0,0.0010470261,0.0,0.0010607028,0.0010470261,0.0010680507,0.0010723905,0.0,0.0,0.0010309478,0.001011965,0.0010680507,0.0010905191,0.0,0.0010607028,0.0,0.0010309478,0.001011965,0.0010680507,0.0010793564,0.0,0.0,0.0010470261,0.001060703,0.0,0.0010309478,0.0010607031,0.0010723922,0.0010607031,0.0,0.0010309477,0.001011965,0.0010680507,0.0010793564,0.0,0.0,0.0010470261,0.0010309478,0.0010214134,0.0010318598,0.0011075095,0.0,0.0,0.0010470261,0.0,0.0010607028,0.0010470261,0.0010680507,0.0,0.0010607011,0.0,0.0010607031,0.0,0.0010607028,0.0010470262,0.0,0.0,0.001047023,0.001030947,0.0010214135,0.0010318598,0.0011075087,0.0,0.0010606948,0.0010607017,0.0010549806,0.0010661755,0.0,0.0009894754,0.0,0.0010607025,0.0010470256,0.0,0.0010607028,0.0010470259,0.0010395994,0.0010723907,0.0010607028,0.0010470261,0.0,0.0010607028,0.0010470261,0.0010395992,0.0,0.0010607031,0.0010470262,0.0010395987,0.0010505284,0.0010564394,0.0010683179,0.00107239,0.0010607028,0.0010470261,0.0010395987,0.0010505284,0.0010564394,0.0010683179,0.0010724028,0.0,0.0,0.0010309478,0.001011965,0.0010680507,0.0010905191,0.0010723913,0.0,0.0010470261,0.0010309478,0.0010214134,0.0010318598,0.0011075092,0.0,0.0010607031,0.0,0.0010309478,0.001011965,0.0010680507,0.0010793565,0.0010723956,0.0,0.0010470261,0.0010309478,0.0010214134,0.0010318598,0.0011075084,0.0,0.0010607028,0.0010470261,0.0010395987,0.0010505284,0.0010564394,0.0010683184,0.0010723906,0.0010607028,0.0010470261,0.0010395987,0.0010505284,0.0010564394,0.0010683178,0.0,0.001060703,0.0010470259,0.0010395987,0.0010505284,0.0010564394,0.0010683179,0.0,0.0,0.0010470261,0.0010309478,0.0010214134,0.0010318598,0.0011075095,0.0010723906,0.0010607028,0.0,0.0,0.0010607031,0.001060703,0.0010549809,0.0010724054,0.0,0.0010470259,0.0,0.0010607031,0.0010470261,0.001068051,0.0010724538,0.0,0.001060703,0.0010470259,0.0010395987,0.0,0.001060703,0.0,0.0010607028,0.0,0.0010309478,0.001011965,0.0010680506,0.0010793584,0.0010723918,0.0,0.0010470261,0.0010309478,0.0010214135,0.00103186,0.0011074985,0.0010723923,0.0,0.0,0.0010309478,0.001011965,0.0010680507,0.0010905194,0.0,0.0010607031,0.0010470262,0.0010395987,0.0010505284,0.0010564394,0.0010683178,0.0010724135,0.001060703,0.0010470262,0.0,0.0010607028,0.0010470261,0.0010395992,0.0010723908,0.0,0.0010470259,0.0010309477,0.0010214134,0.0010318598,0.0011075085,0.0010723902,0.0,0.0010470262,0.0010309478,0.0010214135,0.0010318599,0.0011075091,0.0,0.001060703,0.001060703,0.0010549809,0.001066175,0.0,0.0009894874,0.0010724054,0.0,0.0010470259,0.0010309478,0.0010214134,0.0010318598,0.0011075095,0.0010723905,0.0,0.0,0.0010309478,0.001011965,0.0010680507,0.0010905189,0.0010724292,0.001060703,0.0,0.0010309479,0.0010119646,0.0010680507,0.0010793564,0.0,0.001060703,0.0010470259,0.0010395987,0.0010505284,0.0010564394,0.0010683178,0.0,0.0010607025,0.0,0.0010309478,0.001011965,0.0010680507,0.0010793565,0.0,0.001060703,0.0010470261,0.0010395987,0.0010505284,0.0010564394,0.0010683179,0.0010723941,0.0010607028,0.001047026,0.001039599,0.0010505284,0.0010564394,0.0010683181,0.0,0.0,0.0,0.0010309478,0.001011965,0.0010680507,0.0010905195,0.0010723898,0.0010607028,0.0,0.0010309478,0.001011965,0.0010680507,0.0010793568,0.0010723921,0.001060703,0.0010470261,0.0010680507,0.0,0.0010309478,0.0010119652,0.0,0.0010607028,0.0010470261,0.0010395987,0.0010505284,0.0010564394,0.0010683183,0.0,0.0010607028,0.0010470261,0.0010395987,0.0010505284,0.0010564394,0.001068318,0.0,0.001060703,0.0010470259,0.0010395987,0.0010505284,0.0010564394,0.0010683183,0.001072392,0.0010607028,0.0010470261,0.0010395987,0.0010505284,0.0010564394,0.001068318,0.0,0.0,0.0010470261,0.0010309478,0.0010214134,0.0010318598,0.0011075092,0.0,0.0010607028,0.0010470261,0.0010395987,0.0010505284,0.0010564394,0.0010683179,0.001072479,0.0010607025,0.001047026,0.001039599,0.0010505284,0.0010564394,0.0010683179
k__Bacteria|p__Verrucomicrobia|c__Verrucomicrobiae|o__Verrucomicrobiales|f__Akkermansiaceae|g__Akkermansia|s__Akkermansia_muciniphila,0.0,0.0010626321,0.001049063,0.001041753,0.0010528235,0.0010588844,0.0010708398,0.0,0.001062632,0.001049063,0.001041753,0.0010528235,0.0010588844,0.0010708399,0.0,0.0,0.0010490863,0.0010331115,0.0010236832,0.0010342812,0.0011094362,0.0010742494,0.0,0.001049063,0.0010330952,0.0010236822,0.0010342809,0.0011094355,0.0,0.0,0.001049063,0.0010330952,0.0010236822,0.0010342809,0.0011094355,0.0010742152,0.0010626318,0.001049063,0.001041753,0.0010528235,0.0010588844,0.0010708398,0.0,0.0010626329,0.0010490634,0.001041753,0.0010528235,0.0010588844,0.0010708405,0.0010742152,0.0010626318,0.001049063,0.001041753,0.0010528235,0.0010588844,0.0010708399,0.0,0.0010626323,0.001049064,0.0010417533,0.0010528235,0.0010588844,0.0010708403,0.0,0.001062632,0.001049063,0.001041753,0.0010528235,0.0010588844,0.0010708398,0.0,0.001062632,0.0,0.0010330952,0.0010142233,0.0010699816,0.0010814072,0.0,0.0010626318,0.001049063,0.0010417529,0.0010528235,0.0010588844,0.0010708402,0.0,0.0,0.0,0.0010330952,0.0010142233,0.0010699816,0.0010924527,0.0010742235,0.001062632,0.0,0.0010330952,0.0010142233,0.0010699816,0.0010814114,0.0010742806,0.0,0.0,0.0010330952,0.0010142233,0.0010699816,0.0010924522,0.0010742389,0.0,0.001049063,0.0,0.0010626318,0.001049063,0.0010699817,0.0010742187,0.0,0.0,0.0010330952,0.0010142233,0.0010699816,0.001092451,0.0,0.001062634,0.0,0.0010330952,0.0010142233,0.0010699816,0.0010814056,0.0,0.0,0.0010490653,0.001062634,0.0,0.0010330952,0.0010626322,0.0010742502,0.0010626323,0.0,0.0010330951,0.0010142233,0.0010699816,0.0010814053,0.0,0.0,0.0010490634,0.0010330952,0.0010236822,0.0010342809,0.0011094359,0.0,0.0,0.001049063,0.0,0.0010626318,0.001049063,0.0010699817,0.0,0.0010626381,0.0,0.001062632,0.0,0.0010626318,0.001049063,0.0,0.0,0.0010490933,0.0010330994,0.0010236822,0.0010342809,0.001109436,0.0,0.0010626856,0.0010626385,0.001057023,0.0010683456,0.0,0.0009918539,0.0,0.0010626353,0.0010490646,0.0,0.0010626327,0.001049063,0.0010417562,0.0010742238,0.0010626318,0.001049063,0.0,0.0010626318,0.001049063,0.0010417539,0.0,0.001062632,0.001049063,0.0010417529,0.0010528235,0.0010588844,0.0010708399,0.001074215,0.0010626318,0.001049063,0.001041753,0.0010528235,0.0010588844,0.0010708398,0.0010742457,0.0,0.0,0.0010330952,0.0010142233,0.0010699816,0.001092451,0.001074221,0.0,0.001049063,0.0010330952,0.0010236822,0.0010342809,0.0011094357,0.0,0.001062632,0.0,0.0010330952,0.0010142233,0.0010699816,0.0010814054,0.0010742315,0.0,0.001049063,0.0010330952,0.0010236822,0.0010342809,0.0011094416,0.0,0.0010626318,0.001049063,0.001041753,0.0010528235,0.0010588844,0.0010708406,0.0010742159,0.0010626318,0.001049063,0.001041753,0.0010528235,0.0010588844,0.0010708398,0.0,0.0010626328,0.001049063,0.0010417529,0.0010528235,0.0010588844,0.0010708398,0.61421734,0.0,0.001049063,0.0010330952,0.0010236822,0.0010342809,0.0011094358,0.001074217,0.0010626318,0.0,0.0,0.001062632,0.001062632,0.0010570225,0.0010742522,0.0,0.0010490636,0.0,0.001062632,0.001049063,0.0010699863,0.0010743149,0.0,0.0010626322,0.001049063,0.0010417529,0.0,0.0010626328,0.0,0.0010626317,0.0,0.0010330952,0.0010142233,0.0010699817,0.0010814121,0.0010742233,0.0,0.001049063,0.0010330952,0.0010236822,0.0010342813,0.0011094826,0.0010742382,0.0,0.0,0.0010330952,0.0010142233,0.0010699816,0.0010924508,0.0,0.001062632,0.001049063,0.001041753,0.0010528235,0.0010588844,0.0010708399,0.0010742125,0.0010626321,0.001049063,0.90987176,0.0010626318,0.001049063,0.0010417546,0.0010742174,0.0,0.001049063,0.0010330954,0.0010236822,0.0010342809,0.0011094376,0.0010742194,0.0,0.001049063,0.0010330952,0.0010236822,0.0010342812,0.0011094374,0.0,0.0010626321,0.0010626323,0.001057022,0.0010683457,0.0,0.000991896,0.0010742464,0.0,0.001049063,0.0010330952,0.0010236822,0.0010342809,0.0011094355,0.0010742202,0.0,0.0,0.0010330952,0.0010142233,0.0010699816,0.0010924526,0.001074281,0.001062633,0.0,0.0010330965,0.001014224,0.0010699816,0.0010814122,0.0,0.0010626318,0.001049063,0.0010417529,0.0010528235,0.0010588844,0.0010708398,0.0,0.0010626343,0.0,0.0010330952,0.0010142233,0.0010699816,0.0010814054,0.0,0.001062632,0.001049063,0.0010417529,0.0010528235,0.0010588844,0.0010708399,0.0010742291,0.0010626321,0.001049063,0.0010417533,0.0010528235,0.0010588844,0.00107084,0.0,0.0,0.0,0.0010330952,0.0010142233,0.0010699816,0.0010924514,0.0010742148,0.0010626318,0.0,0.0010330952,0.0010142233,0.0010699816,0.0010814061,0.0010742293,0.0010626318,0.001049063,0.0010699816,0.0,0.0010330952,0.0010142236,0.0056109563,0.0010626318,0.001049063,0.0010417529,0.0010528235,0.0010588844,0.0010708403,0.0,0.0010626318,0.001049063,0.0010417529,0.0010528235,0.0010588844,0.00107084,0.0,0.0010626329,0.001049063,0.0010417529,0.0010528235,0.0010588844,0.001070841,0.0010742245,0.0010626318,0.001049063,0.0010417529,0.0010528235,0.0010588844,0.0010708402,0.0,0.0,0.001049063,0.0010330952,0.0010236822,0.0010342809,0.0011094359,0.0,0.0010626318,0.001049063,0.001041753,0.0010528235,0.0010588844,0.0010708398,0.0010743936,0.0010626345,0.0010490633,0.0010417532,0.0010528235,0.0010588844,0.0010708414
k__Bacteria|p__Synergistetes|c__Synergistia|o__Synergistales|f__Synergistaceae|g__GGB9469|s__GGB9469_SGB14862,0.0,0.0010600901,0.0010465693,0.0010393839,0.0010507575,0.0010571011,0.0010692908,0.0,0.0010600904,0.0010465693,0.0010393839,0.0010507575,0.0010571011,0.0010692907,0.0,0.0,0.0010465811,0.0010306635,0.0010213726,0.0010322708,0.001107493,0.0010716618,0.0,0.0010465693,0.0010306557,0.0010213719,0.0010322708,0.0011074925,0.0,0.0,0.0010465693,0.0010306557,0.0010213719,0.0010322708,0.0011074926,0.0010716311,0.0010600903,0.0010465693,0.0010393839,0.0010507575,0.0010571011,0.0010692906,0.0,0.0010600908,0.0010465694,0.0010393839,0.0010507575,0.0010571011,0.0010692917,0.001071631,0.0010600903,0.0010465693,0.0010393839,0.0010507575,0.0010571011,0.0010692909,0.0,0.0010600904,0.0010465699,0.001039384,0.0010507575,0.0010571013,0.001069291,0.0,0.0010600904,0.0010465693,0.0010393839,0.0010507575,0.0010571011,0.0010692907,0.0,0.0010600904,0.0,0.0010306557,0.0010118468,0.0010675155,0.0010792487,0.0,0.0010600903,0.0010465693,0.0010393839,0.0010507575,0.0010571013,0.001069291,0.0,0.0,0.0,0.0010306557,0.0010118468,0.0010675155,0.0010902558,0.0010716404,0.0010600904,0.0,0.0010306557,0.0010118468,0.0010675155,0.001079254,0.0010717036,0.0,0.0,0.0010306562,0.0010118468,0.0010675155,0.0010902557,0.0010716552,0.0,0.0010465693,0.0,0.0010600903,0.0010465693,0.0010675153,0.001071634,0.0,0.0,0.0010306557,0.0010118468,0.0010675155,0.0010902545,0.0,0.0010600915,0.0,0.0010306557,0.0010118468,0.0010675155,0.0010792474,0.0,0.0,0.00104657,0.0010600915,0.0,0.0010306557,0.0010600904,0.0010716526,0.0010600904,0.0,0.0010306558,0.0010118468,0.0010675155,0.001079247,0.0,0.0,0.0010465694,0.0010306557,0.0010213719,0.0010322708,0.001107493,0.0,0.0,0.0010465693,0.0,0.0010600903,0.0010465693,0.0010675153,0.0,0.0010600929,0.0,0.0010600905,0.0,0.0010600903,0.0010465694,0.0,0.0,0.0010465814,0.0010306579,0.001021372,0.0010322708,0.0011074927,0.0,0.0010601184,0.0010600935,0.0010546016,0.0010662306,0.0,0.0009895476,0.0,0.0010600922,0.0010465699,0.0,0.0010600906,0.0010465693,0.001039387,0.0010716364,0.0010600903,0.0010465693,0.0,0.0010600903,0.0010465693,0.0010393854,0.0,0.0010600904,0.0010465694,0.0010393839,0.0010507575,0.0010571011,0.0010692908,0.001071631,0.0010600903,0.0010465693,0.0010393839,0.0010507575,0.0010571011,0.0010692908,0.0010716594,0.0,0.0,0.0010306557,0.0010118468,0.0010675155,0.0010902542,0.0010716363,0.0,0.0010465693,0.0010306557,0.0010213719,0.0010322708,0.0011074927,0.0,0.0010600905,0.0,0.0010306557,0.0010118468,0.0010675155,0.001079247,0.0010716474,0.0,0.0010465693,0.0010306557,0.0010213719,0.0010322708,0.0011075004,0.0,0.0010600903,0.0010465693,0.0010393839,0.0010507575,0.0010571013,0.0010692922,0.0010716317,0.0010600903,0.0010465693,0.0010393839,0.0010507575,0.0010571011,0.0010692906,0.0,0.0010600907,0.0010465693,0.0010393839,0.0010507575,0.0010571011,0.0010692908,0.0,0.0,0.0010465693,0.0010306557,0.0010213719,0.0010322708,0.0011074926,0.0010716331,0.0010600903,0.0,0.0,0.0010600905,0.0010600904,0.0010546017,0.0010716651,0.0,0.0010465694,0.0,0.0010600905,0.0010465693,0.0010675194,0.0010717423,0.0,0.0010600905,0.0010465693,0.0010393839,0.0,0.001060091,0.0,0.0010600903,0.0,0.0010306557,0.0010118468,0.0010675153,0.0010792551,0.0010716366,0.0,0.0010465693,0.0010306557,0.001021372,0.0010322714,0.0011075524,0.001071645,0.0,0.0,0.0010306557,0.0010118468,0.0010675155,0.0010902543,0.0,0.0010600905,0.0010465694,0.0010393839,0.0010507575,0.0010571011,0.0010692907,0.0010716445,0.0010600904,0.0010465693,0.0,0.0010600903,0.0010465693,0.0010393852,0.0010716334,0.0,0.0010465693,0.0010306563,0.0010213719,0.0010322708,0.0011074943,0.0010716342,0.0,0.0010465694,0.0010306557,0.001021372,0.001032271,0.0011074947,0.0,0.0010600904,0.0010600904,0.0010546012,0.0010662305,0.0,0.0009895859,0.0010716672,0.0,0.0010465693,0.0010306557,0.0010213719,0.0010322708,0.0011074926,0.0010716358,0.0,0.0,0.0010306557,0.0010118468,0.0010675155,0.0010902554,0.0010716943,0.001060091,0.0,0.0010306569,0.0010118469,0.0010675153,0.0010792544,0.0,0.0010600904,0.0010465693,0.0010393839,0.0010507575,0.0010571011,0.0010692906,0.0,0.0010600912,0.0,0.0010306557,0.0010118468,0.0010675155,0.001079247,0.0,0.0010600903,0.0010465694,0.0010393839,0.0010507575,0.0010571011,0.0010692906,0.0010716447,0.0010600904,0.0010465694,0.0010393843,0.0010507575,0.0010571011,0.0010692909,0.0,0.0,0.0,0.0010306557,0.0010118468,0.0010675155,0.0010902549,0.0010716306,0.0010600903,0.0,0.0010306557,0.0010118468,0.0010675155,0.0010792479,0.0010716416,0.0010600904,0.0010465693,0.0010675155,0.0,0.0010306557,0.001011847,0.0,0.0010600903,0.0010465693,0.0010393839,0.0010507575,0.0010571011,0.0010692915,0.0,0.0010600903,0.0010465693,0.0010393839,0.0010507575,0.0010571011,0.0010692909,0.0,0.0010600908,0.0010465693,0.0010393839,0.0010507575,0.0010571013,0.0010692928,0.0010716394,0.0010600903,0.0010465693,0.0010393839,0.0010507575,0.0010571011,0.001069291,0.0,0.0,0.0010465693,0.0010306557,0.0010213719,0.0010322708,0.001107493,0.0,0.0010600903,0.0010465693,0.0010393839,0.0010507575,0.0010571011,0.0010692907,0.0010717983,0.0010600915,0.0010465694,0.0010393839,0.0010507575,0.0010571013,0.0010692932
k__Bacteria|p__Synergistetes|c__Synergistia|o__Synergistales|f__Synergistaceae|g__GGB9469|s__GGB9469_SGB14863,0.0,0.0010602009,0.001046655,0.0010394305,0.0010507317,0.0010570049,0.0010691435,0.0,0.0010602011,0.001046655,0.0010394305,0.0010507317,0.0010570049,0.0010691434,0.0,0.0,0.0010466604,0.001030719,0.0010213911,0.0010322159,0.0011075048,0.001071771,0.0,0.001046655,0.001030715,0.0010213908,0.0010322159,0.0011075052,0.0,0.0,0.001046655,0.001030715,0.0010213908,0.0010322159,0.001107505,0.0010717651,0.001060201,0.001046655,0.0010394305,0.0010507317,0.0010570049,0.0010691434,0.0,0.0010602013,0.0010466552,0.0010394305,0.0010507317,0.0010570049,0.0010691434,0.0010717654,0.001060201,0.001046655,0.0010394305,0.0010507317,0.0010570049,0.0010691435,0.0,0.0010602012,0.0010466547,0.0010394306,0.0010507317,0.0010570049,0.0010691441,0.0,0.0010602011,0.001046655,0.0010394305,0.0010507317,0.0010570049,0.0010691435,0.0,0.0010602011,0.0,0.001030715,0.0010118776,0.0010676134,0.0010792754,0.0,0.001060201,0.001046655,0.0010394305,0.0010507317,0.0010570049,0.0010691436,0.0,0.0,0.0,0.001030715,0.0010118776,0.0010676134,0.0010903091,0.001071767,0.0010602011,0.0,0.001030715,0.0010118776,0.0010676134,0.0010792764,0.0010717898,0.0,0.0,0.0010307151,0.0010118776,0.0010676134,0.0010903089,0.0010717713,0.0,0.001046655,0.0,0.001060201,0.001046655,0.0010676134,0.0010717665,0.0,0.0,0.001030715,0.0010118776,0.0010676134,0.0010903081,0.0,0.0010602014,0.0,0.001030715,0.0010118776,0.0010676134,0.0010792753,0.0,0.0,0.0010466551,0.0010602017,0.0,0.001030715,0.0010602011,0.0010717766,0.0010602012,0.0,0.0010307148,0.0010118776,0.0010676134,0.0010792755,0.0,0.0,0.0010466549,0.001030715,0.0010213908,0.0010322159,0.001107505,0.0,0.0,0.001046655,0.0,0.001060201,0.001046655,0.0010676133,0.0,0.0010602018,0.0,0.0010602011,0.0,0.001060201,0.0010466551,0.0,0.0,0.0010466608,0.0010307163,0.0010213907,0.0010322159,0.0011075049,0.0,0.0010602181,0.0010602023,0.0010546743,0.0010662326,0.0,0.0009895397,0.0,0.0010602019,0.0010466552,0.0,0.0010602012,0.0010466551,0.0010394308,0.0010717658,0.001060201,0.001046655,0.0,0.001060201,0.001046655,0.001039431,0.0,0.0010602011,0.0010466551,0.0010394305,0.0010507317,0.0010570049,0.0010691434,0.001071765,0.001060201,0.001046655,0.0010394305,0.0010507317,0.0010570049,0.0010691435,0.0010717752,0.0,0.0,0.001030715,0.0010118776,0.0010676134,0.0010903077,0.0010717679,0.0,0.001046655,0.001030715,0.0010213908,0.0010322159,0.0011075048,0.0,0.0010602011,0.0,0.001030715,0.0010118776,0.0010676134,0.0010792756,0.0010717682,0.0,0.001046655,0.001030715,0.0010213908,0.0010322159,0.0011075039,0.0,0.001060201,0.001046655,0.0010394305,0.0010507317,0.0010570049,0.001069144,0.0010717654,0.001060201,0.001046655,0.0010394305,0.0010507317,0.0010570049,0.0010691434,0.0,0.0010602013,0.0010466551,0.0010394305,0.0010507317,0.0010570049,0.0010691435,0.0,0.0,0.001046655,0.001030715,0.0010213908,0.0010322159,0.0011075053,0.0010717659,0.001060201,0.0,0.0,0.0010602011,0.0010602011,0.0010546746,0.0010717752,0.0,0.001046655,0.0,0.0010602011,0.001046655,0.0010676123,0.0010717994,0.0,0.0010602011,0.0010466551,0.0010394305,0.0,0.0010602013,0.0,0.0010602009,0.0,0.001030715,0.0010118776,0.0010676134,0.0010792742,0.0010717666,0.0,0.001046655,0.001030715,0.0010213907,0.0010322159,0.0011075087,0.0010717679,0.0,0.0,0.001030715,0.0010118776,0.0010676134,0.0010903077,0.0,0.0010602011,0.0010466551,0.0010394305,0.0010507317,0.0010570049,0.0010691434,0.0010717653,0.0010602011,0.0010466551,0.0,0.001060201,0.0010466549,0.001039431,0.0010717663,0.0,0.0010466551,0.0010307152,0.0010213908,0.0010322159,0.0011075054,0.001071766,0.0,0.0010466551,0.001030715,0.0010213908,0.0010322159,0.0011075049,0.0,0.0010602011,0.0010602011,0.0010546743,0.0010662326,0.0,0.00098956,0.0010717829,0.0,0.0010466551,0.001030715,0.0010213908,0.0010322159,0.001107505,0.0010717674,0.0,0.0,0.001030715,0.0010118776,0.0010676134,0.0010903088,0.0010717801,0.0010602011,0.0,0.0010307154,0.0010118779,0.0010676135,0.001079277,0.0,0.001060201,0.0010466549,0.0010394305,0.0010507317,0.0010570049,0.0010691434,0.0,0.0010602011,0.0,0.001030715,0.0010118776,0.0010676134,0.0010792756,0.0,0.001060201,0.0010466549,0.0010394305,0.0010507317,0.0010570049,0.0010691435,0.0010717692,0.001060201,0.0010466549,0.0010394306,0.0010507317,0.0010570049,0.0010691434,0.0,0.0,0.0,0.001030715,0.0010118776,0.0010676134,0.0010903081,0.0010717649,0.001060201,0.0,0.001030715,0.0010118776,0.0010676134,0.0010792754,0.0010717693,0.001060201,0.001046655,0.0010676134,0.0,0.001030715,0.0010118778,0.0,0.001060201,0.001046655,0.0010394305,0.0010507317,0.0010570049,0.0010691434,0.0,0.001060201,0.001046655,0.0010394305,0.0010507317,0.0010570049,0.0010691436,0.0,0.0010602012,0.0010466551,0.0010394305,0.0010507317,0.001057005,0.0010691438,0.0010717682,0.001060201,0.001046655,0.0010394305,0.0010507317,0.0010570049,0.0010691436,0.0,0.0,0.001046655,0.001030715,0.0010213908,0.0010322159,0.0011075052,0.0,0.001060201,0.001046655,0.0010394305,0.0010507317,0.0010570049,0.0010691435,0.0010718065,0.0010602016,0.0010466549,0.0010394305,0.0010507317,0.001057005,0.0010691438
